100 187
14 1 2 3 4 5 6 7 8 9 10 11 12 13 14
11 1 2 4 7 8 9 10 11 12 13 14
6 1 3 4 5 8 12
7 6 7 8 9 10 13 14
6 4 6 9 10 11 12
7 5 6 7 8 10 11 12
5 1 3 6 12 14
6 3 5 6 8 10 13
9 1 5 6 7 8 9 10 11 12
6 3 4 9 11 13 14
4 6 8 10 14
11 15 16 17 18 19 20 21 22 23 24 25
4 15 16 18 20
3 17 21 24
6 16 17 18 21 22 24
8 15 16 17 20 21 22 23 25
6 16 17 18 20 23 24
4 15 16 19 24
5 21 22 23 24 25
4 18 19 22 24
5 15 18 21 22 23
4 16 20 21 24
3 15 16 24
5 15 19 20 24 25
4 19 20 22 23
3 18 21 25
14 26 27 28 29 30 31 32 33 34 35 36 37 38 39
4 26 27 35 39
7 26 28 31 32 33 34 36
10 26 27 28 29 32 34 35 36 37 38
9 27 28 30 31 32 33 34 37 39
5 30 33 34 36 39
8 28 29 31 32 33 35 37 39
4 26 28 30 36
6 28 29 32 34 35 37
10 27 29 30 31 32 33 34 35 37 38
8 26 27 28 29 31 33 36 39
6 26 29 32 33 37 38
8 26 27 28 30 33 34 37 39
7 28 29 31 32 35 36 39
7 26 30 31 33 34 36 38
11 40 41 42 43 44 45 46 47 48 49 50
5 41 44 45 46 50
6 40 42 44 45 49 50
6 40 43 45 46 47 49
6 42 44 46 47 49 50
5 40 43 44 46 48
4 40 44 49 50
5 41 42 47 49 50
3 40 43 50
5 40 43 45 47 50
7 40 41 42 44 46 47 48
11 51 52 53 54 55 56 57 58 59 60 61
4 51 53 55 60
5 51 52 54 56 60
6 52 53 54 55 56 61
6 52 54 55 57 58 59
6 52 54 56 58 59 61
8 51 53 55 57 58 59 60 61
6 51 53 54 56 59 60
4 53 56 58 60
4 51 53 55 57
6 52 53 54 56 60 61
6 51 56 57 58 59 60
7 51 53 56 57 58 59 61
5 52 53 55 58 60
5 53 54 55 57 60
5 53 54 55 56 57
11 62 63 64 65 66 67 68 69 70 71 72
7 62 63 64 66 68 69 71
4 67 68 71 72
7 63 64 67 68 70 71 72
4 64 67 69 72
8 62 65 66 67 68 70 71 72
6 62 63 65 68 70 71
5 63 66 68 69 71
3 63 68 69
8 62 63 65 67 69 70 71 72
3 67 69 72
8 62 63 64 65 67 69 71 72
6 62 64 65 66 67 71
4 62 65 68 72
14 73 74 75 76 77 78 79 80 81 82 83 84 85 86
5 73 79 82 84 85
7 74 76 79 80 83 84 86
7 74 75 78 81 82 84 86
7 73 74 78 81 84 85 86
4 74 79 82 85
8 74 76 77 78 79 80 81 86
7 73 75 76 77 82 84 85
6 75 76 77 78 82 84
4 73 77 83 85
8 73 74 78 80 81 83 84 86
10 75 76 78 79 81 82 83 84 85 86
4 76 77 79 81
5 76 79 81 84 85
8 73 74 75 77 81 84 85 86
6 87 93 95 96 98 100
8 88 89 90 91 93 94 96 98
8 88 89 90 91 92 94 97 99
8 88 89 91 93 94 95 96 97
6 87 92 95 97 99 100
6 87 90 92 98 99 100
3 95 96 100
3 96 98 100
4 92 95 97 100
3 87 95 96
5 87 92 95 99 100
4 87 95 96 98
5 89 91 92 94 97
6 88 89 90 92 94 97
4 95 97 99 100
5 88 89 90 94 96
4 91 93 94 97
4 88 89 92 94
4 87 93 95 98
4 93 95 96 98
3 95 98 100
5 87 93 95 98 100
3 87 95 100
3 87 92 97
4 91 92 97 99
6 88 91 94 95 96 97
4 87 92 99 100
4 87 92 99 100
4 88 91 92 97
4 87 93 95 96
3 87 95 99
5 89 91 94 96 97
4 88 89 90 98
4 88 89 93 97
5 87 93 95 96 100
4 88 93 94 96
5 91 94 95 96 97
5 87 92 95 97 99
3 87 90 100
5 89 91 93 94 98
5 87 92 95 99 100
6 88 89 90 92 97 99
4 89 90 91 99
4 87 93 96 98
5 87 93 95 96 98
5 89 90 91 94 99
4 88 89 93 98
4 87 90 98 99
5 88 94 95 97 98
5 88 95 97 99 100
9 87 88 89 90 92 95 98 99 100
6 89 90 94 96 99 100
5 87 88 92 98 100
5 87 88 91 96 97
5 87 92 96 97 99
5 87 89 97 98 100
7 89 90 92 94 95 97 98
4 87 90 97 99
9 88 90 92 93 94 95 96 98 99
7 87 91 92 93 94 97 99
7 87 91 92 93 95 96 99
4 90 94 95 96
4 91 93 95 99
8 88 89 91 92 95 97 98 100
9 87 88 89 90 94 95 98 99 100
7 89 91 92 96 98 99 100
8 87 91 92 93 94 95 98 100
5 87 92 96 97 98
8 87 91 92 93 96 97 98 99
6 87 88 92 97 98 100
5 88 91 95 98 99
9 87 90 91 92 93 94 95 99 100
6 87 88 91 92 94 100
9 89 90 92 93 94 96 98 99 100
7 87 89 91 92 94 96 98
7 87 88 91 94 95 96 97
6 90 91 92 94 97 99
6 88 89 90 92 93 99
8 87 88 90 92 93 95 96 99
8 88 89 90 93 94 96 97 100
5 87 88 91 94 96
5 89 92 95 96 97
4 87 88 94 98
5 91 92 93 98 99
7 89 91 92 93 94 99 100
8 87 88 92 94 96 97 98 99
7 87 88 89 90 92 93 99
7 89 90 93 95 96 98 100
9 88 91 92 93 94 96 97 98 99
6 88 89 92 94 99 100
