102 129
15 1 2 3 4 5 6 7 8 9 10 11 12 13 14 15
8 1 3 4 7 9 11 14 15
10 2 3 4 5 6 7 9 10 12 14
8 2 3 4 9 10 12 14 15
7 1 3 5 7 8 10 13
10 1 2 4 5 6 8 10 12 14 15
11 1 2 3 4 7 8 9 10 11 12 14
11 2 3 5 6 7 9 10 11 12 13 15
6 4 5 6 7 11 14
10 1 2 3 4 7 9 10 11 12 15
11 1 2 4 5 6 7 8 9 12 13 14
5 3 5 7 11 13
4 7 13 14 15
11 1 2 3 5 6 8 9 11 12 13 14
12 16 17 18 19 20 21 22 23 24 25 26 27
4 16 19 20 26
8 16 18 20 21 22 24 26 27
7 16 18 20 21 24 26 27
9 16 17 19 20 23 24 25 26 27
5 16 19 20 26 27
8 16 17 18 20 21 22 25 27
4 16 17 20 26
4 19 20 24 25
6 19 21 22 23 25 26
5 19 20 21 24 27
8 17 18 19 20 23 24 25 27
9 16 17 18 19 23 24 25 26 27
5 16 17 21 23 24
12 28 29 30 31 32 33 34 35 36 37 38 39
6 28 30 34 35 36 39
3 31 37 39
8 28 29 30 31 34 35 37 38
4 28 31 32 33
3 29 30 33
7 29 31 32 34 35 36 37
4 28 29 35 37
4 32 34 37 38
6 28 30 31 34 35 39
9 28 30 33 34 35 36 37 38 39
4 29 30 32 38
8 28 29 32 33 34 35 36 39
15 40 41 42 43 44 45 46 47 48 49 50 51 52 53 54
4 42 45 49 54
8 42 46 48 49 50 52 53 54
9 41 42 43 46 47 48 51 52 54
5 42 44 47 49 51
8 43 44 45 46 47 49 51 54
8 41 42 44 47 49 52 53 54
7 43 45 46 47 51 52 53
11 40 42 43 45 46 48 49 51 52 53 54
5 44 50 51 53 54
5 41 43 50 51 54
7 40 42 45 46 48 49 50
5 41 42 43 50 53
5 42 46 47 53 54
12 55 56 57 58 59 60 61 62 63 64 65 66
8 55 57 58 61 62 63 64 65
7 56 57 58 60 61 65 66
6 57 58 60 62 65 66
4 55 63 65 66
6 58 59 61 62 65 66
9 55 58 59 60 61 62 64 65 66
9 55 56 57 58 59 61 62 63 66
9 55 56 59 60 61 62 64 65 66
6 55 57 59 61 63 65
8 55 56 59 61 62 63 64 65
5 56 60 61 63 66
5 59 60 61 63 66
14 67 68 69 70 71 72 73 74 75 76 77 78 79 80
9 70 71 72 73 74 75 78 79 80
6 68 70 77 78 79 80
6 70 71 72 74 75 77
4 68 70 73 78
10 67 68 69 71 73 74 76 77 78 80
5 72 73 75 78 80
8 69 70 71 73 74 77 79 80
6 67 73 74 78 79 80
6 67 70 71 74 75 77
7 68 70 71 73 77 78 80
4 69 70 73 77
9 67 68 69 72 73 75 76 78 80
4 69 74 76 80
10 81 82 83 84 85 86 87 88 89 90
5 81 83 84 88 90
5 81 82 84 85 89
7 81 82 84 85 86 87 89
5 81 82 83 84 89
7 81 83 85 87 88 89 90
4 84 85 88 90
5 81 84 85 88 90
6 81 83 85 87 89 90
5 83 85 86 89 90
3 82 85 86
3 81 82 87
4 84 86 87 89
4 83 87 88 89
8 91 92 93 95 97 99 100 101
5 95 97 100 101 102
4 94 96 98 102
7 91 92 93 94 96 98 99
3 95 97 102
3 95 97 101
6 91 92 95 97 99 101
6 91 92 95 99 100 101
4 93 96 98 99
4 92 96 98 99
5 92 94 96 98 99
3 95 101 102
3 97 101 102
5 91 92 93 96 98
5 91 92 96 98 99
5 91 92 93 99 101
5 91 93 94 96 98
3 96 98 102
5 93 96 98 99 100
8 92 93 94 95 97 98 99 101
7 93 95 96 97 98 100 101
4 94 96 99 100
6 94 95 98 99 100 101
4 92 94 95 102
6 91 92 95 98 99 100
6 91 93 95 97 101 102
6 91 94 96 97 99 102
5 91 95 96 101 102
8 91 93 95 96 97 99 101 102
3 94 95 101
4 94 97 101 102
7 92 94 96 99 100 101 102
6 92 93 95 98 100 101
