71 103
11 1 2 3 4 5 6 7 8 9 10 11
3 2 3 8
5 1 2 5 8 11
8 1 2 3 4 8 9 10 11
3 3 7 8
6 2 3 5 6 10 11
8 2 3 4 5 6 7 8 11
6 2 3 4 6 7 10
8 1 2 3 4 5 6 7 8
3 2 8 10
3 2 6 11
4 1 2 5 7
13 12 13 14 15 16 17 18 19 20 21 22 23 24
9 12 14 15 17 18 19 20 22 24
5 12 16 19 20 21
9 12 13 15 16 17 18 20 23 24
5 13 17 18 22 24
9 13 14 15 17 18 20 21 22 24
10 12 13 15 17 18 19 20 21 22 23
8 13 14 16 17 18 20 23 24
7 15 18 19 20 21 22 23
6 14 16 18 19 20 23
4 15 21 23 24
9 12 14 15 17 18 21 22 23 24
9 12 13 14 16 17 20 21 23 24
6 13 14 16 21 22 23
6 12 15 16 18 20 24
9 12 13 15 16 18 19 21 22 24
10 25 26 27 28 29 30 31 32 33 34
3 25 30 31
3 27 28 32
6 25 28 29 32 33 34
5 25 26 28 29 33
6 25 29 30 32 33 34
7 25 26 28 29 32 33 34
6 25 29 31 32 33 34
5 28 30 32 33 34
5 28 29 30 31 33
6 27 28 29 30 32 34
14 35 36 37 38 39 40 41 42 43 44 45 46 47 48
8 35 36 38 40 42 43 44 47
5 36 38 41 43 44
11 35 36 37 38 39 41 42 43 44 46 47
9 37 38 39 41 43 44 46 47 48
10 35 38 39 40 41 43 44 45 46 47
7 35 36 38 39 41 46 47
6 38 42 43 45 46 47
5 35 36 38 40 48
8 35 36 38 39 40 42 43 46
9 35 36 37 38 39 41 42 46 47
11 49 50 51 52 53 54 55 56 57 58 59
6 50 51 54 55 57 58
7 50 53 54 55 56 57 59
8 49 50 51 53 54 55 57 58
5 49 52 54 56 58
7 49 51 52 53 54 56 57
6 49 50 53 55 56 58
4 52 53 55 59
7 49 51 52 54 55 56 57
4 50 53 58 59
3 53 54 58
6 60 62 63 66 67 70
5 60 64 68 69 71
6 61 64 65 68 69 71
7 61 62 63 65 66 67 70
5 61 64 65 68 69
3 62 63 70
4 64 68 69 71
4 64 65 69 71
3 60 63 70
3 60 68 69
4 65 66 67 70
4 62 63 66 70
4 60 64 68 69
3 64 65 69
3 61 65 71
4 61 68 69 71
5 62 63 66 67 70
4 62 63 67 70
3 62 63 70
5 61 64 65 69 71
4 64 65 69 71
4 61 64 65 68
3 62 63 67
5 61 64 65 70 71
5 60 61 65 66 67
3 65 66 67
4 64 66 69 71
6 60 63 64 65 68 71
5 65 66 68 70 71
5 61 63 64 67 69
4 60 61 66 69
8 61 63 65 66 67 68 69 71
4 61 63 64 71
5 61 63 65 67 70
4 62 67 68 71
6 61 62 66 67 68 69
8 60 62 64 65 67 69 70 71
8 62 64 65 67 68 69 70 71
7 60 62 65 66 69 70 71
4 61 62 68 69
7 60 62 63 65 66 68 71
4 62 66 67 68
