58 58
2 2 4
4 1 7 16 54
2 50 57
3 1 53 54
2 6 52
2 5 11
2 2 8
2 7 54
1 52
1 52
4 6 12 37 52
2 11 44
1 53
1 53
3 25 28 51
1 2
2 24 51
3 26 32 51
2 20 39
3 19 21 52
2 20 47
2 23 24
2 22 52
3 17 22 25
2 15 24
2 18 28
1 51
3 15 26 45
2 37 52
1 52
2 32 49
2 18 31
2 34 51
3 33 38 51
2 36 53
2 35 51
3 11 29 52
2 34 53
2 19 40
2 39 45
2 42 44
2 41 54
2 44 54
4 12 41 43 52
4 28 40 46 51
2 45 47
3 21 46 52
2 52 54
5 31 50 53 57 58
2 3 49
12 15 17 18 27 33 34 36 45 52 53 54 56
15 5 9 10 11 20 23 29 30 37 44 47 48 51 53 54
12 4 13 14 35 38 49 51 52 54 55 56 57
10 2 4 8 42 43 48 51 52 53 55
2 53 54
3 51 53 57
5 3 49 53 56 58
2 49 57
