68 68
3 4 12 63
4 7 8 34 35
3 4 7 59
6 1 3 9 28 30 65
2 6 8
2 5 7
9 2 3 6 11 19 36 51 52 59
2 2 5
3 4 27 30
1 30
2 7 12
5 1 11 51 52 56
1 62
1 62
1 63
1 63
2 18 26
2 17 40
3 7 52 53
1 52
1 52
1 52
1 53
1 53
1 53
2 17 63
1 9
1 4
1 53
3 4 9 10
1 68
1 68
1 52
2 2 53
1 2
1 7
1 51
1 51
2 40 42
2 18 39
2 42 62
2 39 41
1 62
1 62
1 62
1 62
1 52
1 52
1 51
1 51
6 7 12 37 38 49 50
12 7 12 19 20 21 22 33 47 48 53 54 55
8 19 23 24 25 29 34 52 58
1 52
1 52
1 12
2 61 66
1 53
3 3 7 61
1 61
7 57 59 60 62 63 64 67
9 13 14 41 43 44 45 46 61 63
7 1 15 16 26 61 62 68
1 61
1 4
1 57
1 61
3 31 32 63
