59 59
1 34
1 5
1 34
1 36
4 2 8 11 54
1 54
2 44 54
1 5
1 23
1 57
7 5 12 22 43 44 45 54
1 11
1 21
1 29
8 27 29 33 34 45 48 54 56
3 34 36 52
1 33
2 33 55
5 22 40 42 48 54
1 22
2 13 22
6 11 19 20 21 23 24
2 9 22
1 22
1 36
1 36
1 15
1 54
4 14 15 30 58
1 29
2 32 33
1 31
6 15 17 18 31 34 35
8 1 3 15 16 33 36 51 55
2 33 36
13 4 16 25 26 34 35 37 38 39 50 54 55 57
2 36 55
2 36 58
3 36 53 58
1 19
1 48
1 19
2 11 54
2 7 11
3 11 15 59
1 48
1 48
6 15 19 41 46 47 49
1 48
1 36
1 34
1 16
1 39
10 5 6 7 11 15 19 28 36 43 58
4 18 34 36 37
1 15
2 10 36
4 29 38 39 54
1 45
