53 53
2 2 7
5 1 11 45 50 53
2 4 7
1 3
6 6 7 8 9 38 39
7 5 8 9 10 28 29 35
4 1 3 5 8
3 5 6 7
6 5 6 19 26 31 35
2 6 39
3 2 12 13
3 11 47 49
3 11 49 50
1 23
2 16 35
5 15 17 33 34 35
2 16 18
3 17 19 35
3 9 18 35
2 21 43
3 20 22 23
2 21 43
3 14 21 42
2 37 38
3 32 36 47
2 9 29
1 33
3 6 29 31
4 6 26 28 31
1 50
3 9 28 29
3 25 47 48
3 16 27 35
3 16 35 40
11 6 9 15 16 18 19 33 34 38 40 42
5 25 37 38 42 43
2 24 36
7 5 24 35 36 39 40 43
3 5 10 38
4 34 35 38 41
2 40 42
5 23 35 36 41 43
5 20 22 36 38 42
2 52 53
3 2 46 50
2 45 47
5 12 25 32 46 48
3 32 47 51
2 12 13
6 2 13 30 45 51 53
3 48 50 52
3 44 51 53
4 2 44 50 52
