251 314
6 52 53 54 59 60 65
2 123 129
4 236 241 244 250
1 77
2 104 108
1 134
1 100
4 237 245 247 249
2 86 90
1 172
1 142
1 121
7 89 91 92 93 95 96 99
2 182 185
1 128
2 119 128
2 105 109
1 228
2 155 158
3 183 186 198
1 37
1 245
2 89 93
6 48 54 55 58 60 61
4 134 137 140 144
1 112
3 60 61 62
4 101 102 103 114
2 190 192
2 3 8
5 4 6 9 10 11
1 161
1 215
4 1 3 10 11
2 132 134
3 188 190 191
9 234 235 238 241 243 246 248 249 250
1 91
3 32 33 39
6 55 59 60 61 62 63
1 80
4 199 202 204 211
3 115 119 124
2 236 246
3 104 107 108
6 131 132 137 138 141 144
6 72 73 78 79 80 84
1 118
1 86
5 192 193 195 196 197
1 251
2 115 122
1 249
2 131 135
4 150 151 153 158
4 240 241 247 250
4 217 225 227 229
1 186
9 235 236 237 238 241 242 245 248 250
6 182 184 185 188 189 193
2 100 109
3 181 189 194
2 120 127
3 103 105 106
1 74
1 144
6 132 133 134 140 144 145
3 41 42 46
3 17 18 31
5 52 54 59 60 65
5 4 8 9 11 15
1 201
4 216 220 222 229
1 111
5 86 88 91 97 98
1 226
1 154
6 3 4 6 9 11 15
1 2
5 19 20 22 24 30
1 126
2 111 112
3 100 107 113
4 116 119 122 129
4 20 27 30 31
3 147 157 161
3 35 40 44
3 88 97 99
1 18
2 200 209
3 201 203 205
2 106 110
3 102 110 113
2 150 160
3 132 136 137
3 200 205 213
2 151 157
4 162 164 166 179
1 210
5 17 21 25 28 29
2 234 243
4 234 239 244 248
3 217 218 224
4 48 49 58 66
5 185 191 193 194 198
2 219 221
4 218 220 221 224
2 36 38
4 192 193 196 197
3 51 62 63
1 204
1 228
2 182 194
3 89 91 98
2 91 98
3 20 30 31
3 2 6 14
3 54 55 59
2 49 53
3 183 186 187
6 131 132 133 134 136 143
1 96
3 183 187 198
2 202 215
2 55 56
3 206 212 213
1 145
1 117
2 2 12
1 90
1 138
2 21 26
1 14
3 8 14 15
4 220 223 225 227
4 207 210 212 213
1 166
2 94 95
1 48
2 184 198
2 139 143
2 50 61
1 176
4 165 168 177 180
4 181 188 189 196
2 223 231
3 234 239 248
2 172 177
1 38
1 39
2 148 160
1 32
3 151 154 156
2 141 146
2 168 170
3 187 191 193
1 23
1 178
1 212
4 20 23 25 27
4 199 206 211 214
1 238
1 246
1 27
1 242
1 87
4 164 170 175 180
3 19 22 30
1 28
2 189 191
5 32 39 40 43 47
4 121 125 129 130
2 189 190
1 95
2 109 112
3 131 133 135
1 243
3 34 37 41
2 33 39
1 116
3 184 185 197
6 32 37 40 41 42 47
5 131 134 136 139 140
5 131 134 136 139 140
6 115 116 118 122 126 127
2 48 58
1 209
4 54 56 59 66
2 34 46
3 237 241 246
2 153 156
4 87 89 94 95
2 228 231
2 221 230
1 242
5 53 58 60 64 66
6 48 51 52 55 57 62
1 227
1 123
2 10 11
2 105 106
4 85 92 97 99
2 34 45
4 147 152 154 158
1 114
3 3 7 8
2 5 13
5 56 57 61 64 66
5 115 122 124 125 130
1 101
1 163
3 221 227 231
3 119 123 124
3 237 240 243
2 143 146
4 152 155 156 159
4 16 17 18 31
5 234 236 242 243 248
4 201 206 207 214
2 117 126
3 163 164 174
9 67 68 72 75 77 80 81 83 84
2 131 133
2 19 21
4 34 43 45 47
2 203 208
6 234 236 240 244 248 249
4 16 22 23 24
2 5 14
1 122
2 122 127
7 2 4 6 10 12 13 14
1 39
4 174 175 176 178
5 69 77 79 81 83
4 148 149 152 159
1 56
3 48 59 64
1 67
1 2
1 194
1 195
2 132 138
3 68 73 84
7 52 53 54 59 60 64 65
4 21 22 25 27
1 25
2 70 75
3 51 57 62
4 131 135 136 142
1 179
4 139 143 145 146
2 25 29
2 1 13
2 237 242
5 217 218 219 221 228
1 127
2 78 83
2 218 224
6 16 19 23 25 26 30
2 167 169
4 68 73 76 84
1 69
5 104 106 109 110 112
3 8 10 11
1 29
2 190 191
2 165 168
2 196 197
1 15
1 1
3 50 55 64
3 116 117 120
2 228 232
1 128
4 186 188 191 195
2 116 120
1 160
4 1 8 12 14
2 115 118
2 71 79
1 237
1 92
2 149 154
2 80 82
1 173
3 71 79 81
4 225 226 230 233
1 171
1 235
10 32 34 35 36 37 38 40 41 44 46
2 72 74
2 85 92
1 136
2 51 62
1 3
4 100 106 109 111
3 133 141 146
2 51 57
1 147
1 170
2 88 98
5 85 89 91 96 99
6 116 124 126 127 129 130
2 93 96
5 165 167 169 173 180
1 208
1 61
2 19 26
4 134 140 141 142
1 105
4 51 57 62 63
6 17 18 23 26 29 31
2 162 175
