250 311
3 5 10 11
1 203
1 188
1 89
6 195 198 199 202 204 211
2 79 80
2 159 166
1 137
3 200 208 211
1 9
2 114 120
1 156
1 41
1 241
6 111 115 119 122 124 125
1 20
4 145 147 151 157
3 101 103 106
2 241 250
3 144 150 153
5 219 221 222 224 231
6 17 18 24 27 28 29
3 234 237 240
3 10 11 12
1 228
3 203 209 212
4 223 225 227 229
2 94 102
1 1
5 232 235 236 239 247
3 170 173 174
6 213 216 217 220 230 231
1 27
3 196 199 205
1 96
1 221
1 212
2 57 60
4 32 38 43 45
5 160 167 168 171 174
1 248
1 44
3 232 247 248
5 128 129 134 138 139
1 57
7 197 199 201 206 207 211 212
5 94 97 99 105 108
2 18 19
3 183 192 194
1 60
1 107
1 56
2 247 250
1 54
3 51 53 55
3 97 104 110
1 141
1 83
1 239
2 58 59
4 237 238 245 248
4 181 186 189 193
2 101 104
2 242 246
1 26
1 75
1 175
6 144 147 151 155 156 158
3 176 182 187
3 127 130 133
2 51 55
2 55 61
3 232 238 242
3 214 217 225
5 2 3 6 8 11
3 143 150 151
1 244
2 233 249
2 226 228
2 236 246
3 31 35 39
1 29
5 50 56 57 59 61
2 49 54
2 238 245
1 12
1 227
4 48 52 58 61
1 145
5 208 209 210 211 212
4 49 51 54 59
3 196 201 202
1 160
1 24
1 102
10 159 161 163 166 167 169 170 172 173 175
4 20 24 27 28
5 126 130 136 137 139
1 125
3 32 37 46
6 62 68 70 72 75 76
1 185
4 144 150 152 153
6 80 81 86 87 88 90
1 129
3 83 87 93
3 113 116 125
2 214 222
3 177 186 187
4 16 24 25 30
2 193 194
1 36
1 76
2 162 169
1 154
2 78 84
2 62 74
2 160 163
4 31 37 41 46
4 164 167 169 174
2 9 15
3 186 190 192
1 178
4 236 242 244 250
3 159 164 166
1 195
1 219
4 65 67 71 77
7 64 66 67 70 72 73 74
2 70 71
2 161 170
3 4 5 15
4 16 19 25 27
4 112 119 120 124
4 95 105 109 110
3 112 113 118
3 196 198 208
1 30
3 146 149 158
1 226
2 216 219
1 116
3 131 136 138
1 3
5 198 199 200 205 207
1 135
4 116 118 121 123
1 201
2 65 69
4 232 236 240 249
4 163 166 167 169
5 142 143 147 152 155
3 3 7 13
2 48 61
6 95 96 100 104 106 108
2 9 13
1 61
1 199
6 159 160 161 163 165 171
1 60
1 84
1 147
5 111 112 117 119 120
4 129 131 132 140
2 8 14
1 23
4 142 148 149 158
1 93
1 246
1 28
2 133 137
1 118
2 22 28
2 6 15
4 213 218 220 221
3 126 132 134
4 234 235 236 243
4 178 181 188 192
1 184
4 47 49 50 52
3 79 92 93
10 80 81 83 84 86 87 88 89 91 93
3 80 85 88
1 102
1 177
1 164
2 127 133
1 187
2 112 120
3 98 105 108
3 32 39 43
3 129 140 141
7 232 234 235 238 239 245 250
1 191
1 153
5 97 98 100 103 108
1 165
2 178 182
2 224 226
2 2 9
1 123
2 176 190
2 232 241
1 212
2 94 106
3 114 123 124
1 71
1 232
6 16 18 19 22 26 28
5 144 145 152 154 157
1 230
1 215
4 52 53 56 58
3 122 123 125
3 148 155 157
8 47 48 49 50 53 55 59 60
1 183
5 65 66 68 69 75
9 127 129 134 135 136 137 138 139 141
5 111 115 116 119 124
2 214 220
2 16 21
1 189
2 213 228
4 224 229 230 231
2 103 106
2 34 42
5 63 64 72 73 77
6 65 66 67 68 69 75
5 179 180 184 189 191
4 128 130 133 135
2 160 175
1 82
1 198
2 128 140
1 130
1 206
1 179
1 242
2 47 55
2 197 207
4 233 239 243 249
4 66 67 69 75
2 113 121
3 161 167 171
1 118
4 198 201 207 208
2 189 193
1 36
7 63 65 67 69 72 73 77
10 127 131 132 133 134 135 136 137 138 141
4 1 6 8 14
2 131 138
1 94
3 146 155 156
2 36 46
1 151
3 180 182 194
3 79 89 92
2 85 91
1 53
4 128 131 132 139
2 38 42
3 47 51 61
5 215 217 218 222 231
2 4 7
1 139
1 106
2 202 210
1 81
1 2
3 234 246 249
6 130 134 138 139 140 141
6 94 96 98 100 105 108
2 122 123
1 158
4 218 223 225 229
4 170 172 173 174
2 117 121
3 17 25 26
1 197
4 239 240 242 244
10 111 112 113 115 116 118 119 121 122 124
2 62 65
1 224
2 50 56
4 16 22 25 29
4 83 84 85 86
2 22 26
5 130 133 135 138 140
3 33 35 45
3 33 37 40
1 99
6 176 178 179 183 187 194
2 115 118
2 17 25
2 37 39
4 86 88 90 92
2 82 91
1 244
2 63 74
3 34 40 44
1 204
3 163 165 168
1 108
2 142 143
1 181
4 234 235 237 240
8 197 201 202 205 206 209 210 212
3 78 84 85
2 122 125
