75 928
1 1
1 2
3 1 2 3
1 4
3 2 4 5
5 1 2 3 4 5
1 6
3 4 6 7
5 2 4 5 6 7
7 1 2 3 4 5 6 7
1 8
3 6 8 9
5 4 6 7 8 9
7 2 4 5 6 7 8 9
9 1 2 3 4 5 6 7 8 9
1 10
1 11
3 10 11 12
3 8 11 13
5 6 8 9 11 13
7 4 6 7 8 9 11 13
9 2 4 5 6 7 8 9 11 13
11 1 2 3 4 5 6 7 8 9 11 13
5 8 10 11 12 13
7 6 8 9 10 11 12 13
9 4 6 7 8 9 10 11 12 13
11 2 4 5 6 7 8 9 10 11 12 13
13 1 2 3 4 5 6 7 8 9 10 11 12 13
1 14
3 11 14 15
5 10 11 12 14 15
5 8 11 13 14 15
7 6 8 9 11 13 14 15
9 4 6 7 8 9 11 13 14 15
11 2 4 5 6 7 8 9 11 13 14 15
13 1 2 3 4 5 6 7 8 9 11 13 14 15
7 8 10 11 12 13 14 15
9 6 8 9 10 11 12 13 14 15
11 4 6 7 8 9 10 11 12 13 14 15
13 2 4 5 6 7 8 9 10 11 12 13 14 15
15 1 2 3 4 5 6 7 8 9 10 11 12 13 14 15
1 16
3 11 16 17
5 10 11 12 16 17
5 8 11 13 16 17
7 6 8 9 11 13 16 17
9 4 6 7 8 9 11 13 16 17
11 2 4 5 6 7 8 9 11 13 16 17
13 1 2 3 4 5 6 7 8 9 11 13 16 17
7 8 10 11 12 13 16 17
9 6 8 9 10 11 12 13 16 17
11 4 6 7 8 9 10 11 12 13 16 17
13 2 4 5 6 7 8 9 10 11 12 13 16 17
15 1 2 3 4 5 6 7 8 9 10 11 12 13 16 17
5 11 14 15 16 17
7 10 11 12 14 15 16 17
7 8 11 13 14 15 16 17
9 6 8 9 11 13 14 15 16 17
11 4 6 7 8 9 11 13 14 15 16 17
13 2 4 5 6 7 8 9 11 13 14 15 16 17
15 1 2 3 4 5 6 7 8 9 11 13 14 15 16 17
9 8 10 11 12 13 14 15 16 17
11 6 8 9 10 11 12 13 14 15 16 17
13 4 6 7 8 9 10 11 12 13 14 15 16 17
15 2 4 5 6 7 8 9 10 11 12 13 14 15 16 17
17 1 2 3 4 5 6 7 8 9 10 11 12 13 14 15 16 17
1 18
3 11 18 19
5 10 11 12 18 19
5 8 11 13 18 19
7 6 8 9 11 13 18 19
9 4 6 7 8 9 11 13 18 19
11 2 4 5 6 7 8 9 11 13 18 19
13 1 2 3 4 5 6 7 8 9 11 13 18 19
7 8 10 11 12 13 18 19
9 6 8 9 10 11 12 13 18 19
11 4 6 7 8 9 10 11 12 13 18 19
13 2 4 5 6 7 8 9 10 11 12 13 18 19
15 1 2 3 4 5 6 7 8 9 10 11 12 13 18 19
5 11 14 15 18 19
7 10 11 12 14 15 18 19
7 8 11 13 14 15 18 19
9 6 8 9 11 13 14 15 18 19
11 4 6 7 8 9 11 13 14 15 18 19
13 2 4 5 6 7 8 9 11 13 14 15 18 19
15 1 2 3 4 5 6 7 8 9 11 13 14 15 18 19
9 8 10 11 12 13 14 15 18 19
11 6 8 9 10 11 12 13 14 15 18 19
13 4 6 7 8 9 10 11 12 13 14 15 18 19
15 2 4 5 6 7 8 9 10 11 12 13 14 15 18 19
17 1 2 3 4 5 6 7 8 9 10 11 12 13 14 15 18 19
5 11 16 17 18 19
7 10 11 12 16 17 18 19
7 8 11 13 16 17 18 19
9 6 8 9 11 13 16 17 18 19
11 4 6 7 8 9 11 13 16 17 18 19
13 2 4 5 6 7 8 9 11 13 16 17 18 19
15 1 2 3 4 5 6 7 8 9 11 13 16 17 18 19
9 8 10 11 12 13 16 17 18 19
11 6 8 9 10 11 12 13 16 17 18 19
13 4 6 7 8 9 10 11 12 13 16 17 18 19
15 2 4 5 6 7 8 9 10 11 12 13 16 17 18 19
17 1 2 3 4 5 6 7 8 9 10 11 12 13 16 17 18 19
7 11 14 15 16 17 18 19
9 10 11 12 14 15 16 17 18 19
9 8 11 13 14 15 16 17 18 19
11 6 8 9 11 13 14 15 16 17 18 19
13 4 6 7 8 9 11 13 14 15 16 17 18 19
15 2 4 5 6 7 8 9 11 13 14 15 16 17 18 19
17 1 2 3 4 5 6 7 8 9 11 13 14 15 16 17 18 19
11 8 10 11 12 13 14 15 16 17 18 19
13 6 8 9 10 11 12 13 14 15 16 17 18 19
15 4 6 7 8 9 10 11 12 13 14 15 16 17 18 19
17 2 4 5 6 7 8 9 10 11 12 13 14 15 16 17 18 19
19 1 2 3 4 5 6 7 8 9 10 11 12 13 14 15 16 17 18 19
1 20
3 4 20 21
5 2 4 5 20 21
7 1 2 3 4 5 20 21
5 4 6 7 20 21
7 2 4 5 6 7 20 21
9 1 2 3 4 5 6 7 20 21
7 4 6 7 8 9 20 21
9 2 4 5 6 7 8 9 20 21
11 1 2 3 4 5 6 7 8 9 20 21
9 4 6 7 8 9 11 13 20 21
11 2 4 5 6 7 8 9 11 13 20 21
13 1 2 3 4 5 6 7 8 9 11 13 20 21
11 4 6 7 8 9 10 11 12 13 20 21
13 2 4 5 6 7 8 9 10 11 12 13 20 21
15 1 2 3 4 5 6 7 8 9 10 11 12 13 20 21
11 4 6 7 8 9 11 13 14 15 20 21
13 2 4 5 6 7 8 9 11 13 14 15 20 21
15 1 2 3 4 5 6 7 8 9 11 13 14 15 20 21
13 4 6 7 8 9 10 11 12 13 14 15 20 21
15 2 4 5 6 7 8 9 10 11 12 13 14 15 20 21
17 1 2 3 4 5 6 7 8 9 10 11 12 13 14 15 20 21
11 4 6 7 8 9 11 13 16 17 20 21
13 2 4 5 6 7 8 9 11 13 16 17 20 21
15 1 2 3 4 5 6 7 8 9 11 13 16 17 20 21
13 4 6 7 8 9 10 11 12 13 16 17 20 21
15 2 4 5 6 7 8 9 10 11 12 13 16 17 20 21
17 1 2 3 4 5 6 7 8 9 10 11 12 13 16 17 20 21
13 4 6 7 8 9 11 13 14 15 16 17 20 21
15 2 4 5 6 7 8 9 11 13 14 15 16 17 20 21
17 1 2 3 4 5 6 7 8 9 11 13 14 15 16 17 20 21
15 4 6 7 8 9 10 11 12 13 14 15 16 17 20 21
17 2 4 5 6 7 8 9 10 11 12 13 14 15 16 17 20 21
19 1 2 3 4 5 6 7 8 9 10 11 12 13 14 15 16 17 20 21
3 18 20 22
5 11 18 19 20 22
7 10 11 12 18 19 20 22
7 8 11 13 18 19 20 22
9 6 8 9 11 13 18 19 20 22
9 8 10 11 12 13 18 19 20 22
11 6 8 9 10 11 12 13 18 19 20 22
7 11 14 15 18 19 20 22
9 10 11 12 14 15 18 19 20 22
9 8 11 13 14 15 18 19 20 22
11 6 8 9 11 13 14 15 18 19 20 22
11 8 10 11 12 13 14 15 18 19 20 22
13 6 8 9 10 11 12 13 14 15 18 19 20 22
7 11 16 17 18 19 20 22
9 10 11 12 16 17 18 19 20 22
9 8 11 13 16 17 18 19 20 22
11 6 8 9 11 13 16 17 18 19 20 22
11 8 10 11 12 13 16 17 18 19 20 22
13 6 8 9 10 11 12 13 16 17 18 19 20 22
9 11 14 15 16 17 18 19 20 22
11 10 11 12 14 15 16 17 18 19 20 22
11 8 11 13 14 15 16 17 18 19 20 22
13 6 8 9 11 13 14 15 16 17 18 19 20 22
13 8 10 11 12 13 14 15 16 17 18 19 20 22
15 6 8 9 10 11 12 13 14 15 16 17 18 19 20 22
5 4 18 20 21 22
7 2 4 5 18 20 21 22
9 1 2 3 4 5 18 20 21 22
7 4 6 7 18 20 21 22
9 2 4 5 6 7 18 20 21 22
11 1 2 3 4 5 6 7 18 20 21 22
9 4 6 7 8 9 18 20 21 22
11 2 4 5 6 7 8 9 18 20 21 22
13 1 2 3 4 5 6 7 8 9 18 20 21 22
7 4 11 18 19 20 21 22
9 2 4 5 11 18 19 20 21 22
11 1 2 3 4 5 11 18 19 20 21 22
9 4 6 7 11 18 19 20 21 22
11 2 4 5 6 7 11 18 19 20 21 22
13 1 2 3 4 5 6 7 11 18 19 20 21 22
9 4 10 11 12 18 19 20 21 22
11 2 4 5 10 11 12 18 19 20 21 22
13 1 2 3 4 5 10 11 12 18 19 20 21 22
11 4 6 7 10 11 12 18 19 20 21 22
13 2 4 5 6 7 10 11 12 18 19 20 21 22
15 1 2 3 4 5 6 7 10 11 12 18 19 20 21 22
9 4 8 11 13 18 19 20 21 22
11 2 4 5 8 11 13 18 19 20 21 22
13 1 2 3 4 5 8 11 13 18 19 20 21 22
12 4 6 7 8 9 11 13 18 19 20 21 22
14 2 4 5 6 7 8 9 11 13 18 19 20 21 22
16 1 2 3 4 5 6 7 8 9 11 13 18 19 20 21 22
11 4 8 10 11 12 13 18 19 20 21 22
13 2 4 5 8 10 11 12 13 18 19 20 21 22
15 1 2 3 4 5 8 10 11 12 13 18 19 20 21 22
14 4 6 7 8 9 10 11 12 13 18 19 20 21 22
16 2 4 5 6 7 8 9 10 11 12 13 18 19 20 21 22
18 1 2 3 4 5 6 7 8 9 10 11 12 13 18 19 20 21 22
9 4 11 14 15 18 19 20 21 22
11 2 4 5 11 14 15 18 19 20 21 22
13 1 2 3 4 5 11 14 15 18 19 20 21 22
11 4 6 7 11 14 15 18 19 20 21 22
13 2 4 5 6 7 11 14 15 18 19 20 21 22
15 1 2 3 4 5 6 7 11 14 15 18 19 20 21 22
11 4 10 11 12 14 15 18 19 20 21 22
13 2 4 5 10 11 12 14 15 18 19 20 21 22
15 1 2 3 4 5 10 11 12 14 15 18 19 20 21 22
13 4 6 7 10 11 12 14 15 18 19 20 21 22
15 2 4 5 6 7 10 11 12 14 15 18 19 20 21 22
17 1 2 3 4 5 6 7 10 11 12 14 15 18 19 20 21 22
11 4 8 11 13 14 15 18 19 20 21 22
13 2 4 5 8 11 13 14 15 18 19 20 21 22
15 1 2 3 4 5 8 11 13 14 15 18 19 20 21 22
14 4 6 7 8 9 11 13 14 15 18 19 20 21 22
16 2 4 5 6 7 8 9 11 13 14 15 18 19 20 21 22
18 1 2 3 4 5 6 7 8 9 11 13 14 15 18 19 20 21 22
13 4 8 10 11 12 13 14 15 18 19 20 21 22
15 2 4 5 8 10 11 12 13 14 15 18 19 20 21 22
17 1 2 3 4 5 8 10 11 12 13 14 15 18 19 20 21 22
16 4 6 7 8 9 10 11 12 13 14 15 18 19 20 21 22
18 2 4 5 6 7 8 9 10 11 12 13 14 15 18 19 20 21 22
20 1 2 3 4 5 6 7 8 9 10 11 12 13 14 15 18 19 20 21 22
9 4 11 16 17 18 19 20 21 22
11 2 4 5 11 16 17 18 19 20 21 22
13 1 2 3 4 5 11 16 17 18 19 20 21 22
11 4 6 7 11 16 17 18 19 20 21 22
13 2 4 5 6 7 11 16 17 18 19 20 21 22
15 1 2 3 4 5 6 7 11 16 17 18 19 20 21 22
11 4 10 11 12 16 17 18 19 20 21 22
13 2 4 5 10 11 12 16 17 18 19 20 21 22
15 1 2 3 4 5 10 11 12 16 17 18 19 20 21 22
13 4 6 7 10 11 12 16 17 18 19 20 21 22
15 2 4 5 6 7 10 11 12 16 17 18 19 20 21 22
17 1 2 3 4 5 6 7 10 11 12 16 17 18 19 20 21 22
11 4 8 11 13 16 17 18 19 20 21 22
13 2 4 5 8 11 13 16 17 18 19 20 21 22
15 1 2 3 4 5 8 11 13 16 17 18 19 20 21 22
14 4 6 7 8 9 11 13 16 17 18 19 20 21 22
16 2 4 5 6 7 8 9 11 13 16 17 18 19 20 21 22
18 1 2 3 4 5 6 7 8 9 11 13 16 17 18 19 20 21 22
13 4 8 10 11 12 13 16 17 18 19 20 21 22
15 2 4 5 8 10 11 12 13 16 17 18 19 20 21 22
17 1 2 3 4 5 8 10 11 12 13 16 17 18 19 20 21 22
16 4 6 7 8 9 10 11 12 13 16 17 18 19 20 21 22
18 2 4 5 6 7 8 9 10 11 12 13 16 17 18 19 20 21 22
20 1 2 3 4 5 6 7 8 9 10 11 12 13 16 17 18 19 20 21 22
11 4 11 14 15 16 17 18 19 20 21 22
13 2 4 5 11 14 15 16 17 18 19 20 21 22
15 1 2 3 4 5 11 14 15 16 17 18 19 20 21 22
13 4 6 7 11 14 15 16 17 18 19 20 21 22
15 2 4 5 6 7 11 14 15 16 17 18 19 20 21 22
17 1 2 3 4 5 6 7 11 14 15 16 17 18 19 20 21 22
13 4 10 11 12 14 15 16 17 18 19 20 21 22
15 2 4 5 10 11 12 14 15 16 17 18 19 20 21 22
17 1 2 3 4 5 10 11 12 14 15 16 17 18 19 20 21 22
15 4 6 7 10 11 12 14 15 16 17 18 19 20 21 22
17 2 4 5 6 7 10 11 12 14 15 16 17 18 19 20 21 22
19 1 2 3 4 5 6 7 10 11 12 14 15 16 17 18 19 20 21 22
13 4 8 11 13 14 15 16 17 18 19 20 21 22
15 2 4 5 8 11 13 14 15 16 17 18 19 20 21 22
17 1 2 3 4 5 8 11 13 14 15 16 17 18 19 20 21 22
16 4 6 7 8 9 11 13 14 15 16 17 18 19 20 21 22
18 2 4 5 6 7 8 9 11 13 14 15 16 17 18 19 20 21 22
20 1 2 3 4 5 6 7 8 9 11 13 14 15 16 17 18 19 20 21 22
15 4 8 10 11 12 13 14 15 16 17 18 19 20 21 22
17 2 4 5 8 10 11 12 13 14 15 16 17 18 19 20 21 22
19 1 2 3 4 5 8 10 11 12 13 14 15 16 17 18 19 20 21 22
18 4 6 7 8 9 10 11 12 13 14 15 16 17 18 19 20 21 22
20 2 4 5 6 7 8 9 10 11 12 13 14 15 16 17 18 19 20 21 22
22 1 2 3 4 5 6 7 8 9 10 11 12 13 14 15 16 17 18 19 20 21 22
11 2 3 6 7 10 11 13 14 16 17 19
7 1 5 8 9 12 20 22
2 18 21
2 4 15
1 3
1 15
1 17
1 19
1 22
1 7
13 1 2 3 4 6 8 9 10 12 14 15 17 20
1 5
3 11 16 18
2 13 21
1 13
1 21
5 1 6 9 13 20
11 3 4 5 10 12 14 15 16 17 21 22
5 2 7 8 11 18
3 4 5 8
9 1 6 7 9 13 15 17 18 22
7 3 10 11 12 14 16 19
2 2 20
1 12
2 5 11
5 2 13 19 20 21
6 1 7 10 14 16 18
2 9 17
6 3 6 8 12 15 22
1 9
9 2 3 4 7 8 12 14 15 22
9 1 5 6 10 11 13 17 18 19
4 9 16 20 21
10 2 3 4 6 7 12 14 19 21 22
2 5 9
7 8 10 11 13 16 18 20
3 1 15 17
2 13 14
11 2 4 5 6 7 10 15 17 19 20 21
3 8 12 18
11 2 5 7 9 10 11 16 19 20 21 22
11 1 3 4 6 8 12 13 14 15 17 18
6 3 7 9 10 14 15
5 1 4 13 18 19
6 6 8 11 16 17 20
5 2 5 12 21 22
9 1 3 4 7 14 15 18 19 20
6 10 12 13 17 21 22
2 11 16
5 2 5 6 8 9
1 23
1 24
1 25
1 26
3 25 26 27
1 28
3 25 28 29
5 25 26 27 28 29
1 30
3 28 30 31
5 25 28 29 30 31
7 25 26 27 28 29 30 31
1 32
3 28 32 33
5 25 28 29 32 33
7 25 26 27 28 29 32 33
3 30 32 34
6 28 30 31 32 33 34
8 25 28 29 30 31 32 33 34
10 25 26 27 28 29 30 31 32 33 34
1 35
3 30 35 36
5 28 30 31 35 36
7 25 28 29 30 31 35 36
9 25 26 27 28 29 30 31 35 36
3 32 35 37
5 28 32 33 35 37
7 25 28 29 32 33 35 37
9 25 26 27 28 29 32 33 35 37
6 30 32 34 35 36 37
9 28 30 31 32 33 34 35 36 37
11 25 28 29 30 31 32 33 34 35 36 37
13 25 26 27 28 29 30 31 32 33 34 35 36 37
1 38
3 35 38 39
5 30 35 36 38 39
7 28 30 31 35 36 38 39
9 25 28 29 30 31 35 36 38 39
11 25 26 27 28 29 30 31 35 36 38 39
5 32 35 37 38 39
7 28 32 33 35 37 38 39
9 25 28 29 32 33 35 37 38 39
11 25 26 27 28 29 32 33 35 37 38 39
8 30 32 34 35 36 37 38 39
11 28 30 31 32 33 34 35 36 37 38 39
13 25 28 29 30 31 32 33 34 35 36 37 38 39
15 25 26 27 28 29 30 31 32 33 34 35 36 37 38 39
1 40
3 38 40 41
5 35 38 39 40 41
7 30 35 36 38 39 40 41
9 28 30 31 35 36 38 39 40 41
11 25 28 29 30 31 35 36 38 39 40 41
13 25 26 27 28 29 30 31 35 36 38 39 40 41
7 32 35 37 38 39 40 41
9 28 32 33 35 37 38 39 40 41
11 25 28 29 32 33 35 37 38 39 40 41
13 25 26 27 28 29 32 33 35 37 38 39 40 41
10 30 32 34 35 36 37 38 39 40 41
13 28 30 31 32 33 34 35 36 37 38 39 40 41
15 25 28 29 30 31 32 33 34 35 36 37 38 39 40 41
17 25 26 27 28 29 30 31 32 33 34 35 36 37 38 39 40 41
1 42
3 26 42 43
5 25 26 27 42 43
7 25 26 27 28 29 42 43
9 25 26 27 28 29 30 31 42 43
9 25 26 27 28 29 32 33 42 43
12 25 26 27 28 29 30 31 32 33 34 42 43
11 25 26 27 28 29 30 31 35 36 42 43
11 25 26 27 28 29 32 33 35 37 42 43
15 25 26 27 28 29 30 31 32 33 34 35 36 37 42 43
13 25 26 27 28 29 30 31 35 36 38 39 42 43
13 25 26 27 28 29 32 33 35 37 38 39 42 43
17 25 26 27 28 29 30 31 32 33 34 35 36 37 38 39 42 43
15 25 26 27 28 29 30 31 35 36 38 39 40 41 42 43
15 25 26 27 28 29 32 33 35 37 38 39 40 41 42 43
19 25 26 27 28 29 30 31 32 33 34 35 36 37 38 39 40 41 42 43
1 44
3 26 44 45
5 25 26 27 44 45
7 25 26 27 28 29 44 45
9 25 26 27 28 29 30 31 44 45
11 25 26 27 28 29 30 31 35 36 44 45
13 25 26 27 28 29 30 31 35 36 38 39 44 45
15 25 26 27 28 29 30 31 35 36 38 39 40 41 44 45
5 26 42 43 44 45
7 25 26 27 42 43 44 45
9 25 26 27 28 29 42 43 44 45
11 25 26 27 28 29 30 31 42 43 44 45
13 25 26 27 28 29 30 31 35 36 42 43 44 45
15 25 26 27 28 29 30 31 35 36 38 39 42 43 44 45
17 25 26 27 28 29 30 31 35 36 38 39 40 41 42 43 44 45
3 32 44 46
5 28 32 33 44 46
7 25 28 29 32 33 44 46
5 30 32 34 44 46
8 28 30 31 32 33 34 44 46
10 25 28 29 30 31 32 33 34 44 46
5 32 35 37 44 46
7 28 32 33 35 37 44 46
9 25 28 29 32 33 35 37 44 46
8 30 32 34 35 36 37 44 46
11 28 30 31 32 33 34 35 36 37 44 46
13 25 28 29 30 31 32 33 34 35 36 37 44 46
7 32 35 37 38 39 44 46
9 28 32 33 35 37 38 39 44 46
11 25 28 29 32 33 35 37 38 39 44 46
10 30 32 34 35 36 37 38 39 44 46
13 28 30 31 32 33 34 35 36 37 38 39 44 46
15 25 28 29 30 31 32 33 34 35 36 37 38 39 44 46
9 32 35 37 38 39 40 41 44 46
11 28 32 33 35 37 38 39 40 41 44 46
13 25 28 29 32 33 35 37 38 39 40 41 44 46
12 30 32 34 35 36 37 38 39 40 41 44 46
15 28 30 31 32 33 34 35 36 37 38 39 40 41 44 46
17 25 28 29 30 31 32 33 34 35 36 37 38 39 40 41 44 46
5 26 32 44 45 46
7 25 26 27 32 44 45 46
7 26 28 32 33 44 45 46
10 25 26 27 28 29 32 33 44 45 46
7 26 30 32 34 44 45 46
9 25 26 27 30 32 34 44 45 46
10 26 28 30 31 32 33 34 44 45 46
13 25 26 27 28 29 30 31 32 33 34 44 45 46
7 26 32 35 37 44 45 46
9 25 26 27 32 35 37 44 45 46
9 26 28 32 33 35 37 44 45 46
12 25 26 27 28 29 32 33 35 37 44 45 46
10 26 30 32 34 35 36 37 44 45 46
12 25 26 27 30 32 34 35 36 37 44 45 46
13 26 28 30 31 32 33 34 35 36 37 44 45 46
16 25 26 27 28 29 30 31 32 33 34 35 36 37 44 45 46
14 25 26 27 28 29 32 33 35 37 38 39 44 45 46
18 25 26 27 28 29 30 31 32 33 34 35 36 37 38 39 44 45 46
16 25 26 27 28 29 32 33 35 37 38 39 40 41 44 45 46
20 25 26 27 28 29 30 31 32 33 34 35 36 37 38 39 40 41 44 45 46
7 26 32 42 43 44 45 46
9 25 26 27 32 42 43 44 45 46
9 26 28 32 33 42 43 44 45 46
12 25 26 27 28 29 32 33 42 43 44 45 46
9 26 30 32 34 42 43 44 45 46
11 25 26 27 30 32 34 42 43 44 45 46
12 26 28 30 31 32 33 34 42 43 44 45 46
15 25 26 27 28 29 30 31 32 33 34 42 43 44 45 46
9 26 32 35 37 42 43 44 45 46
11 25 26 27 32 35 37 42 43 44 45 46
11 26 28 32 33 35 37 42 43 44 45 46
14 25 26 27 28 29 32 33 35 37 42 43 44 45 46
12 26 30 32 34 35 36 37 42 43 44 45 46
14 25 26 27 30 32 34 35 36 37 42 43 44 45 46
15 26 28 30 31 32 33 34 35 36 37 42 43 44 45 46
18 25 26 27 28 29 30 31 32 33 34 35 36 37 42 43 44 45 46
16 25 26 27 28 29 32 33 35 37 38 39 42 43 44 45 46
20 25 26 27 28 29 30 31 32 33 34 35 36 37 38 39 42 43 44 45 46
18 25 26 27 28 29 32 33 35 37 38 39 40 41 42 43 44 45 46
22 25 26 27 28 29 30 31 32 33 34 35 36 37 38 39 40 41 42 43 44 45 46
1 47
3 32 47 48
5 28 32 33 47 48
7 25 28 29 32 33 47 48
9 25 26 27 28 29 32 33 47 48
5 30 32 34 47 48
8 28 30 31 32 33 34 47 48
10 25 28 29 30 31 32 33 34 47 48
12 25 26 27 28 29 30 31 32 33 34 47 48
5 32 35 37 47 48
7 28 32 33 35 37 47 48
9 25 28 29 32 33 35 37 47 48
11 25 26 27 28 29 32 33 35 37 47 48
8 30 32 34 35 36 37 47 48
11 28 30 31 32 33 34 35 36 37 47 48
13 25 28 29 30 31 32 33 34 35 36 37 47 48
15 25 26 27 28 29 30 31 32 33 34 35 36 37 47 48
7 32 35 37 38 39 47 48
9 28 32 33 35 37 38 39 47 48
11 25 28 29 32 33 35 37 38 39 47 48
13 25 26 27 28 29 32 33 35 37 38 39 47 48
10 30 32 34 35 36 37 38 39 47 48
13 28 30 31 32 33 34 35 36 37 38 39 47 48
15 25 28 29 30 31 32 33 34 35 36 37 38 39 47 48
17 25 26 27 28 29 30 31 32 33 34 35 36 37 38 39 47 48
9 32 35 37 38 39 40 41 47 48
11 28 32 33 35 37 38 39 40 41 47 48
13 25 28 29 32 33 35 37 38 39 40 41 47 48
15 25 26 27 28 29 32 33 35 37 38 39 40 41 47 48
12 30 32 34 35 36 37 38 39 40 41 47 48
15 28 30 31 32 33 34 35 36 37 38 39 40 41 47 48
17 25 28 29 30 31 32 33 34 35 36 37 38 39 40 41 47 48
19 25 26 27 28 29 30 31 32 33 34 35 36 37 38 39 40 41 47 48
11 25 26 27 28 29 32 33 42 43 47 48
14 25 26 27 28 29 30 31 32 33 34 42 43 47 48
13 25 26 27 28 29 32 33 35 37 42 43 47 48
17 25 26 27 28 29 30 31 32 33 34 35 36 37 42 43 47 48
15 25 26 27 28 29 32 33 35 37 38 39 42 43 47 48
19 25 26 27 28 29 30 31 32 33 34 35 36 37 38 39 42 43 47 48
17 25 26 27 28 29 32 33 35 37 38 39 40 41 42 43 47 48
21 25 26 27 28 29 30 31 32 33 34 35 36 37 38 39 40 41 42 43 47 48
5 32 44 46 47 48
7 28 32 33 44 46 47 48
9 25 28 29 32 33 44 46 47 48
7 30 32 34 44 46 47 48
10 28 30 31 32 33 34 44 46 47 48
12 25 28 29 30 31 32 33 34 44 46 47 48
7 32 35 37 44 46 47 48
9 28 32 33 35 37 44 46 47 48
11 25 28 29 32 33 35 37 44 46 47 48
10 30 32 34 35 36 37 44 46 47 48
13 28 30 31 32 33 34 35 36 37 44 46 47 48
15 25 28 29 30 31 32 33 34 35 36 37 44 46 47 48
9 32 35 37 38 39 44 46 47 48
11 28 32 33 35 37 38 39 44 46 47 48
13 25 28 29 32 33 35 37 38 39 44 46 47 48
12 30 32 34 35 36 37 38 39 44 46 47 48
15 28 30 31 32 33 34 35 36 37 38 39 44 46 47 48
17 25 28 29 30 31 32 33 34 35 36 37 38 39 44 46 47 48
11 32 35 37 38 39 40 41 44 46 47 48
13 28 32 33 35 37 38 39 40 41 44 46 47 48
15 25 28 29 32 33 35 37 38 39 40 41 44 46 47 48
14 30 32 34 35 36 37 38 39 40 41 44 46 47 48
17 28 30 31 32 33 34 35 36 37 38 39 40 41 44 46 47 48
19 25 28 29 30 31 32 33 34 35 36 37 38 39 40 41 44 46 47 48
7 26 32 44 45 46 47 48
9 25 26 27 32 44 45 46 47 48
9 26 28 32 33 44 45 46 47 48
12 25 26 27 28 29 32 33 44 45 46 47 48
9 26 30 32 34 44 45 46 47 48
11 25 26 27 30 32 34 44 45 46 47 48
12 26 28 30 31 32 33 34 44 45 46 47 48
15 25 26 27 28 29 30 31 32 33 34 44 45 46 47 48
9 26 32 35 37 44 45 46 47 48
11 25 26 27 32 35 37 44 45 46 47 48
11 26 28 32 33 35 37 44 45 46 47 48
14 25 26 27 28 29 32 33 35 37 44 45 46 47 48
12 26 30 32 34 35 36 37 44 45 46 47 48
14 25 26 27 30 32 34 35 36 37 44 45 46 47 48
15 26 28 30 31 32 33 34 35 36 37 44 45 46 47 48
18 25 26 27 28 29 30 31 32 33 34 35 36 37 44 45 46 47 48
16 25 26 27 28 29 32 33 35 37 38 39 44 45 46 47 48
20 25 26 27 28 29 30 31 32 33 34 35 36 37 38 39 44 45 46 47 48
18 25 26 27 28 29 32 33 35 37 38 39 40 41 44 45 46 47 48
22 25 26 27 28 29 30 31 32 33 34 35 36 37 38 39 40 41 44 45 46 47 48
9 26 32 42 43 44 45 46 47 48
11 25 26 27 32 42 43 44 45 46 47 48
11 26 28 32 33 42 43 44 45 46 47 48
14 25 26 27 28 29 32 33 42 43 44 45 46 47 48
11 26 30 32 34 42 43 44 45 46 47 48
13 25 26 27 30 32 34 42 43 44 45 46 47 48
14 26 28 30 31 32 33 34 42 43 44 45 46 47 48
17 25 26 27 28 29 30 31 32 33 34 42 43 44 45 46 47 48
11 26 32 35 37 42 43 44 45 46 47 48
13 25 26 27 32 35 37 42 43 44 45 46 47 48
13 26 28 32 33 35 37 42 43 44 45 46 47 48
16 25 26 27 28 29 32 33 35 37 42 43 44 45 46 47 48
14 26 30 32 34 35 36 37 42 43 44 45 46 47 48
16 25 26 27 30 32 34 35 36 37 42 43 44 45 46 47 48
17 26 28 30 31 32 33 34 35 36 37 42 43 44 45 46 47 48
20 25 26 27 28 29 30 31 32 33 34 35 36 37 42 43 44 45 46 47 48
18 25 26 27 28 29 32 33 35 37 38 39 42 43 44 45 46 47 48
22 25 26 27 28 29 30 31 32 33 34 35 36 37 38 39 42 43 44 45 46 47 48
20 25 26 27 28 29 32 33 35 37 38 39 40 41 42 43 44 45 46 47 48
24 25 26 27 28 29 30 31 32 33 34 35 36 37 38 39 40 41 42 43 44 45 46 47 48
1 49
3 26 49 50
5 25 26 27 49 50
7 25 26 27 28 29 49 50
9 25 26 27 28 29 30 31 49 50
9 25 26 27 28 29 32 33 49 50
12 25 26 27 28 29 30 31 32 33 34 49 50
11 25 26 27 28 29 30 31 35 36 49 50
11 25 26 27 28 29 32 33 35 37 49 50
15 25 26 27 28 29 30 31 32 33 34 35 36 37 49 50
13 25 26 27 28 29 30 31 35 36 38 39 49 50
13 25 26 27 28 29 32 33 35 37 38 39 49 50
17 25 26 27 28 29 30 31 32 33 34 35 36 37 38 39 49 50
15 25 26 27 28 29 30 31 35 36 38 39 40 41 49 50
15 25 26 27 28 29 32 33 35 37 38 39 40 41 49 50
19 25 26 27 28 29 30 31 32 33 34 35 36 37 38 39 40 41 49 50
5 26 42 43 49 50
7 25 26 27 42 43 49 50
9 25 26 27 28 29 42 43 49 50
11 25 26 27 28 29 30 31 42 43 49 50
11 25 26 27 28 29 32 33 42 43 49 50
14 25 26 27 28 29 30 31 32 33 34 42 43 49 50
13 25 26 27 28 29 30 31 35 36 42 43 49 50
13 25 26 27 28 29 32 33 35 37 42 43 49 50
17 25 26 27 28 29 30 31 32 33 34 35 36 37 42 43 49 50
15 25 26 27 28 29 30 31 35 36 38 39 42 43 49 50
15 25 26 27 28 29 32 33 35 37 38 39 42 43 49 50
19 25 26 27 28 29 30 31 32 33 34 35 36 37 38 39 42 43 49 50
17 25 26 27 28 29 30 31 35 36 38 39 40 41 42 43 49 50
17 25 26 27 28 29 32 33 35 37 38 39 40 41 42 43 49 50
21 25 26 27 28 29 30 31 32 33 34 35 36 37 38 39 40 41 42 43 49 50
5 26 44 45 49 50
7 25 26 27 44 45 49 50
9 25 26 27 28 29 44 45 49 50
11 25 26 27 28 29 30 31 44 45 49 50
13 25 26 27 28 29 30 31 35 36 44 45 49 50
15 25 26 27 28 29 30 31 35 36 38 39 44 45 49 50
17 25 26 27 28 29 30 31 35 36 38 39 40 41 44 45 49 50
7 26 42 43 44 45 49 50
9 25 26 27 42 43 44 45 49 50
11 25 26 27 28 29 42 43 44 45 49 50
13 25 26 27 28 29 30 31 42 43 44 45 49 50
15 25 26 27 28 29 30 31 35 36 42 43 44 45 49 50
17 25 26 27 28 29 30 31 35 36 38 39 42 43 44 45 49 50
19 25 26 27 28 29 30 31 35 36 38 39 40 41 42 43 44 45 49 50
7 26 32 44 45 46 49 50
9 25 26 27 32 44 45 46 49 50
9 26 28 32 33 44 45 46 49 50
12 25 26 27 28 29 32 33 44 45 46 49 50
9 26 30 32 34 44 45 46 49 50
11 25 26 27 30 32 34 44 45 46 49 50
12 26 28 30 31 32 33 34 44 45 46 49 50
15 25 26 27 28 29 30 31 32 33 34 44 45 46 49 50
9 26 32 35 37 44 45 46 49 50
11 25 26 27 32 35 37 44 45 46 49 50
11 26 28 32 33 35 37 44 45 46 49 50
14 25 26 27 28 29 32 33 35 37 44 45 46 49 50
12 26 30 32 34 35 36 37 44 45 46 49 50
14 25 26 27 30 32 34 35 36 37 44 45 46 49 50
15 26 28 30 31 32 33 34 35 36 37 44 45 46 49 50
18 25 26 27 28 29 30 31 32 33 34 35 36 37 44 45 46 49 50
16 25 26 27 28 29 32 33 35 37 38 39 44 45 46 49 50
20 25 26 27 28 29 30 31 32 33 34 35 36 37 38 39 44 45 46 49 50
18 25 26 27 28 29 32 33 35 37 38 39 40 41 44 45 46 49 50
22 25 26 27 28 29 30 31 32 33 34 35 36 37 38 39 40 41 44 45 46 49 50
9 26 32 42 43 44 45 46 49 50
11 25 26 27 32 42 43 44 45 46 49 50
11 26 28 32 33 42 43 44 45 46 49 50
14 25 26 27 28 29 32 33 42 43 44 45 46 49 50
11 26 30 32 34 42 43 44 45 46 49 50
13 25 26 27 30 32 34 42 43 44 45 46 49 50
14 26 28 30 31 32 33 34 42 43 44 45 46 49 50
17 25 26 27 28 29 30 31 32 33 34 42 43 44 45 46 49 50
11 26 32 35 37 42 43 44 45 46 49 50
13 25 26 27 32 35 37 42 43 44 45 46 49 50
13 26 28 32 33 35 37 42 43 44 45 46 49 50
16 25 26 27 28 29 32 33 35 37 42 43 44 45 46 49 50
14 26 30 32 34 35 36 37 42 43 44 45 46 49 50
16 25 26 27 30 32 34 35 36 37 42 43 44 45 46 49 50
17 26 28 30 31 32 33 34 35 36 37 42 43 44 45 46 49 50
20 25 26 27 28 29 30 31 32 33 34 35 36 37 42 43 44 45 46 49 50
18 25 26 27 28 29 32 33 35 37 38 39 42 43 44 45 46 49 50
22 25 26 27 28 29 30 31 32 33 34 35 36 37 38 39 42 43 44 45 46 49 50
20 25 26 27 28 29 32 33 35 37 38 39 40 41 42 43 44 45 46 49 50
24 25 26 27 28 29 30 31 32 33 34 35 36 37 38 39 40 41 42 43 44 45 46 49 50
11 25 26 27 28 29 32 33 47 48 49 50
14 25 26 27 28 29 30 31 32 33 34 47 48 49 50
13 25 26 27 28 29 32 33 35 37 47 48 49 50
17 25 26 27 28 29 30 31 32 33 34 35 36 37 47 48 49 50
15 25 26 27 28 29 32 33 35 37 38 39 47 48 49 50
19 25 26 27 28 29 30 31 32 33 34 35 36 37 38 39 47 48 49 50
17 25 26 27 28 29 32 33 35 37 38 39 40 41 47 48 49 50
21 25 26 27 28 29 30 31 32 33 34 35 36 37 38 39 40 41 47 48 49 50
13 25 26 27 28 29 32 33 42 43 47 48 49 50
16 25 26 27 28 29 30 31 32 33 34 42 43 47 48 49 50
15 25 26 27 28 29 32 33 35 37 42 43 47 48 49 50
19 25 26 27 28 29 30 31 32 33 34 35 36 37 42 43 47 48 49 50
17 25 26 27 28 29 32 33 35 37 38 39 42 43 47 48 49 50
21 25 26 27 28 29 30 31 32 33 34 35 36 37 38 39 42 43 47 48 49 50
19 25 26 27 28 29 32 33 35 37 38 39 40 41 42 43 47 48 49 50
23 25 26 27 28 29 30 31 32 33 34 35 36 37 38 39 40 41 42 43 47 48 49 50
9 26 32 44 45 46 47 48 49 50
11 25 26 27 32 44 45 46 47 48 49 50
11 26 28 32 33 44 45 46 47 48 49 50
14 25 26 27 28 29 32 33 44 45 46 47 48 49 50
11 26 30 32 34 44 45 46 47 48 49 50
13 25 26 27 30 32 34 44 45 46 47 48 49 50
14 26 28 30 31 32 33 34 44 45 46 47 48 49 50
17 25 26 27 28 29 30 31 32 33 34 44 45 46 47 48 49 50
11 26 32 35 37 44 45 46 47 48 49 50
13 25 26 27 32 35 37 44 45 46 47 48 49 50
13 26 28 32 33 35 37 44 45 46 47 48 49 50
16 25 26 27 28 29 32 33 35 37 44 45 46 47 48 49 50
14 26 30 32 34 35 36 37 44 45 46 47 48 49 50
16 25 26 27 30 32 34 35 36 37 44 45 46 47 48 49 50
17 26 28 30 31 32 33 34 35 36 37 44 45 46 47 48 49 50
20 25 26 27 28 29 30 31 32 33 34 35 36 37 44 45 46 47 48 49 50
18 25 26 27 28 29 32 33 35 37 38 39 44 45 46 47 48 49 50
22 25 26 27 28 29 30 31 32 33 34 35 36 37 38 39 44 45 46 47 48 49 50
20 25 26 27 28 29 32 33 35 37 38 39 40 41 44 45 46 47 48 49 50
24 25 26 27 28 29 30 31 32 33 34 35 36 37 38 39 40 41 44 45 46 47 48 49 50
11 26 32 42 43 44 45 46 47 48 49 50
13 25 26 27 32 42 43 44 45 46 47 48 49 50
13 26 28 32 33 42 43 44 45 46 47 48 49 50
16 25 26 27 28 29 32 33 42 43 44 45 46 47 48 49 50
13 26 30 32 34 42 43 44 45 46 47 48 49 50
15 25 26 27 30 32 34 42 43 44 45 46 47 48 49 50
16 26 28 30 31 32 33 34 42 43 44 45 46 47 48 49 50
19 25 26 27 28 29 30 31 32 33 34 42 43 44 45 46 47 48 49 50
13 26 32 35 37 42 43 44 45 46 47 48 49 50
15 25 26 27 32 35 37 42 43 44 45 46 47 48 49 50
15 26 28 32 33 35 37 42 43 44 45 46 47 48 49 50
18 25 26 27 28 29 32 33 35 37 42 43 44 45 46 47 48 49 50
16 26 30 32 34 35 36 37 42 43 44 45 46 47 48 49 50
18 25 26 27 30 32 34 35 36 37 42 43 44 45 46 47 48 49 50
19 26 28 30 31 32 33 34 35 36 37 42 43 44 45 46 47 48 49 50
22 25 26 27 28 29 30 31 32 33 34 35 36 37 42 43 44 45 46 47 48 49 50
20 25 26 27 28 29 32 33 35 37 38 39 42 43 44 45 46 47 48 49 50
24 25 26 27 28 29 30 31 32 33 34 35 36 37 38 39 42 43 44 45 46 47 48 49 50
22 25 26 27 28 29 32 33 35 37 38 39 40 41 42 43 44 45 46 47 48 49 50
26 25 26 27 28 29 30 31 32 33 34 35 36 37 38 39 40 41 42 43 44 45 46 47 48 49 50
16 25 26 27 29 30 32 34 35 36 37 39 40 42 45 46 47
8 23 24 28 38 41 44 48 49
2 33 43
2 31 50
1 29
1 31
1 33
1 36
1 37
1 39
1 43
28 23 24 25 26 27 28 29 30 31 32 33 34 35 36 37 38 39 40 41 42 43 44 45 46 47 48 49 50
1 34
1 46
1 50
5 30 35 39 42 49
4 24 32 41 43
2 25 28
11 23 26 31 33 36 37 38 44 47 48 50
3 27 29 45
3 34 40 46
1 27
1 41
1 45
1 48
5 28 29 34 38 42
4 30 40 48 50
18 23 24 25 26 27 31 32 33 35 36 37 41 43 44 45 46 47 49
1 51
1 52
1 53
1 54
1 55
3 54 55 56
1 57
1 58
3 57 58 59
1 60
3 58 60 61
5 57 58 59 60 61
1 62
3 58 62 63
5 57 58 59 62 63
5 58 60 61 62 63
7 57 58 59 60 61 62 63
3 55 58 64
5 54 55 56 58 64
5 55 57 58 59 64
7 54 55 56 57 58 59 64
5 55 58 60 61 64
7 54 55 56 58 60 61 64
7 55 57 58 59 60 61 64
9 54 55 56 57 58 59 60 61 64
5 55 58 62 63 64
7 54 55 56 58 62 63 64
7 55 57 58 59 62 63 64
9 54 55 56 57 58 59 62 63 64
7 55 58 60 61 62 63 64
9 54 55 56 58 60 61 62 63 64
9 55 57 58 59 60 61 62 63 64
11 54 55 56 57 58 59 60 61 62 63 64
1 65
3 58 65 66
5 57 58 59 65 66
5 58 60 61 65 66
7 57 58 59 60 61 65 66
5 58 62 63 65 66
7 57 58 59 62 63 65 66
7 58 60 61 62 63 65 66
9 57 58 59 60 61 62 63 65 66
5 55 58 64 65 66
7 54 55 56 58 64 65 66
7 55 57 58 59 64 65 66
9 54 55 56 57 58 59 64 65 66
7 55 58 60 61 64 65 66
9 54 55 56 58 60 61 64 65 66
9 55 57 58 59 60 61 64 65 66
11 54 55 56 57 58 59 60 61 64 65 66
7 55 58 62 63 64 65 66
9 54 55 56 58 62 63 64 65 66
9 55 57 58 59 62 63 64 65 66
11 54 55 56 57 58 59 62 63 64 65 66
9 55 58 60 61 62 63 64 65 66
11 54 55 56 58 60 61 62 63 64 65 66
11 55 57 58 59 60 61 62 63 64 65 66
13 54 55 56 57 58 59 60 61 62 63 64 65 66
1 67
1 68
3 67 68 69
1 70
1 71
3 70 71 72
3 68 71 73
5 67 68 69 71 73
5 68 70 71 72 73
7 67 68 69 70 71 72 73
1 74
3 58 74 75
5 57 58 59 74 75
5 58 60 61 74 75
7 57 58 59 60 61 74 75
5 58 62 63 74 75
7 57 58 59 62 63 74 75
7 58 60 61 62 63 74 75
9 57 58 59 60 61 62 63 74 75
5 55 58 64 74 75
7 54 55 56 58 64 74 75
7 55 57 58 59 64 74 75
9 54 55 56 57 58 59 64 74 75
7 55 58 60 61 64 74 75
9 54 55 56 58 60 61 64 74 75
9 55 57 58 59 60 61 64 74 75
11 54 55 56 57 58 59 60 61 64 74 75
7 55 58 62 63 64 74 75
9 54 55 56 58 62 63 64 74 75
9 55 57 58 59 62 63 64 74 75
11 54 55 56 57 58 59 62 63 64 74 75
9 55 58 60 61 62 63 64 74 75
11 54 55 56 58 60 61 62 63 64 74 75
11 55 57 58 59 60 61 62 63 64 74 75
13 54 55 56 57 58 59 60 61 62 63 64 74 75
5 58 65 66 74 75
7 57 58 59 65 66 74 75
7 58 60 61 65 66 74 75
9 57 58 59 60 61 65 66 74 75
7 58 62 63 65 66 74 75
9 57 58 59 62 63 65 66 74 75
9 58 60 61 62 63 65 66 74 75
11 57 58 59 60 61 62 63 65 66 74 75
7 55 58 64 65 66 74 75
9 54 55 56 58 64 65 66 74 75
9 55 57 58 59 64 65 66 74 75
11 54 55 56 57 58 59 64 65 66 74 75
9 55 58 60 61 64 65 66 74 75
11 54 55 56 58 60 61 64 65 66 74 75
11 55 57 58 59 60 61 64 65 66 74 75
13 54 55 56 57 58 59 60 61 64 65 66 74 75
9 55 58 62 63 64 65 66 74 75
11 54 55 56 58 62 63 64 65 66 74 75
11 55 57 58 59 62 63 64 65 66 74 75
13 54 55 56 57 58 59 62 63 64 65 66 74 75
11 55 58 60 61 62 63 64 65 66 74 75
13 54 55 56 58 60 61 62 63 64 65 66 74 75
13 55 57 58 59 60 61 62 63 64 65 66 74 75
15 54 55 56 57 58 59 60 61 62 63 64 65 66 74 75
5 51 57 61 64 70
20 52 53 54 55 56 58 59 60 62 63 65 66 67 68 69 71 72 73 74 75
1 61
1 64
1 66
1 72
6 52 58 59 62 67 68
1 73
14 51 54 55 60 61 63 64 65 66 69 70 71 72 75
4 53 56 57 74
1 56
1 59
1 69
1 75
2 52 54
2 62 63
4 56 58 68 74
15 51 53 55 57 59 60 61 64 65 66 67 70 71 73 75
2 69 72
1 63
8 52 58 65 66 68 71 73 75
2 60 72
5 54 57 59 69 74
3 55 56 63
4 56 61 69 72
5 52 64 66 67 68
3 55 59 63
3 60 71 75
5 54 57 62 65 74
3 55 56 60
5 52 53 65 66 69
2 59 68
6 51 61 62 70 72 74
4 57 67 71 75
3 54 63 64
2 58 73
17 51 52 53 54 57 58 60 61 62 63 66 67 70 72 73 74 75
8 55 56 59 64 65 68 69 71
6 52 56 59 62 63 69
7 51 55 57 58 66 71 75
4 53 61 72 73
6 54 60 64 67 68 70
2 65 74
2 52 66
2 56 69
7 54 60 61 67 70 72 74
3 62 73 75
7 51 53 55 59 63 65 68
4 53 63 64 72
3 55 59 70
16 51 52 54 57 58 60 61 62 65 66 67 68 71 73 74 75
