62 312
1 1
1 2
3 1 2 3
1 4
3 2 4 5
5 1 2 3 4 5
1 6
3 2 6 7
5 1 2 3 6 7
3 4 6 8
6 2 4 5 6 7 8
8 1 2 3 4 5 6 7 8
1 9
3 4 9 10
5 2 4 5 9 10
7 1 2 3 4 5 9 10
5 4 6 8 9 10
8 2 4 5 6 7 8 9 10
10 1 2 3 4 5 6 7 8 9 10
1 11
3 4 11 12
5 2 4 5 11 12
7 1 2 3 4 5 11 12
5 4 6 8 11 12
8 2 4 5 6 7 8 11 12
10 1 2 3 4 5 6 7 8 11 12
5 4 9 10 11 12
7 2 4 5 9 10 11 12
9 1 2 3 4 5 9 10 11 12
7 4 6 8 9 10 11 12
10 2 4 5 6 7 8 9 10 11 12
12 1 2 3 4 5 6 7 8 9 10 11 12
1 13
3 6 13 14
5 2 6 7 13 14
7 1 2 3 6 7 13 14
5 4 6 8 13 14
8 2 4 5 6 7 8 13 14
10 1 2 3 4 5 6 7 8 13 14
7 4 6 8 9 10 13 14
10 2 4 5 6 7 8 9 10 13 14
12 1 2 3 4 5 6 7 8 9 10 13 14
3 11 13 15
5 4 11 12 13 15
7 2 4 5 11 12 13 15
9 1 2 3 4 5 11 12 13 15
7 4 9 10 11 12 13 15
9 2 4 5 9 10 11 12 13 15
11 1 2 3 4 5 9 10 11 12 13 15
5 6 11 13 14 15
7 2 6 7 11 13 14 15
9 1 2 3 6 7 11 13 14 15
8 4 6 8 11 12 13 14 15
11 2 4 5 6 7 8 11 12 13 14 15
13 1 2 3 4 5 6 7 8 11 12 13 14 15
10 4 6 8 9 10 11 12 13 14 15
13 2 4 5 6 7 8 9 10 11 12 13 14 15
15 1 2 3 4 5 6 7 8 9 10 11 12 13 14 15
9 2 5 7 8 9 10 12 13 14
6 1 3 4 6 11 15
1 7
1 8
1 12
1 14
2 7 9
12 1 3 4 5 6 8 10 11 12 13 14 15
1 3
1 10
2 3 13
5 2 6 7 11 12
4 1 8 10 14
2 4 5
2 9 15
1 5
9 3 5 6 7 8 10 11 12 15
2 4 9
1 15
5 3 9 10 11 15
10 1 2 4 5 6 7 8 12 13 14
5 5 9 10 12 15
4 1 7 8 13
3 2 6 14
3 3 4 11
2 3 14
7 1 2 5 6 10 12 15
3 4 7 8
2 11 13
1 16
1 17
1 18
3 17 18 19
1 20
3 17 20 21
3 18 20 22
6 17 18 19 20 21 22
1 23
3 17 23 24
5 17 18 19 23 24
3 20 23 25
5 18 20 22 23 25
6 17 20 21 23 24 25
9 17 18 19 20 21 22 23 24 25
1 26
3 23 26 27
5 17 23 24 26 27
7 17 18 19 23 24 26 27
5 20 23 25 26 27
7 18 20 22 23 25 26 27
8 17 20 21 23 24 25 26 27
11 17 18 19 20 21 22 23 24 25 26 27
1 28
1 29
3 28 29 30
1 31
3 28 31 32
5 28 29 30 31 32
9 16 18 19 23 24 26 28 29 31
3 21 22 25
2 17 20
3 27 30 32
1 19
1 22
1 27
1 30
3 20 26 32
10 16 17 21 23 24 25 28 29 30 31
3 18 22 27
1 24
1 25
1 32
4 19 21 23 31
8 17 18 22 24 25 28 29 32
2 26 30
1 21
3 20 26 30
10 16 17 18 19 21 23 24 29 31 32
3 22 25 28
17 16 17 18 19 20 21 22 23 24 25 26 27 28 29 30 31 32
2 22 28
4 16 19 30 31
7 17 18 20 21 23 24 25
3 26 27 32
3 21 24 31
4 16 17 20 27
2 19 29
3 18 28 30
2 22 25
7 19 22 23 24 27 28 30
2 20 32
4 17 21 25 26
2 16 31
3 17 18 28
9 16 20 21 24 25 27 29 30 32
2 21 27
4 16 20 26 28
4 18 24 30 32
2 17 29
2 19 23
12 16 17 18 19 20 21 22 23 26 27 28 29
5 24 25 30 31 32
1 33
1 34
1 35
3 34 35 36
1 37
1 38
3 37 38 39
1 40
3 38 40 41
5 37 38 39 40 41
1 42
3 40 42 43
5 38 40 41 42 43
7 37 38 39 40 41 42 43
1 44
3 35 44 45
3 34 44 46
6 34 35 36 44 45 46
3 38 44 47
5 37 38 39 44 47
5 38 40 41 44 47
7 37 38 39 40 41 44 47
7 38 40 41 42 43 44 47
9 37 38 39 40 41 42 43 44 47
5 35 38 44 45 47
7 35 37 38 39 44 45 47
7 35 38 40 41 44 45 47
9 35 37 38 39 40 41 44 45 47
5 34 38 44 46 47
7 34 37 38 39 44 46 47
7 34 38 40 41 44 46 47
9 34 37 38 39 40 41 44 46 47
8 34 35 36 38 44 45 46 47
10 34 35 36 37 38 39 44 45 46 47
10 34 35 36 38 40 41 44 45 46 47
12 34 35 36 37 38 39 40 41 44 45 46 47
1 48
3 35 48 49
5 34 35 36 48 49
5 35 44 45 48 49
8 34 35 36 44 45 46 48 49
7 35 38 44 45 47 48 49
9 35 37 38 39 44 45 47 48 49
9 35 38 40 41 44 45 47 48 49
11 35 37 38 39 40 41 44 45 47 48 49
10 34 35 36 38 44 45 46 47 48 49
12 34 35 36 37 38 39 44 45 46 47 48 49
12 34 35 36 38 40 41 44 45 46 47 48 49
14 34 35 36 37 38 39 40 41 44 45 46 47 48 49
3 42 48 50
5 40 42 43 48 50
7 38 40 41 42 43 48 50
9 37 38 39 40 41 42 43 48 50
9 38 40 41 42 43 44 47 48 50
11 37 38 39 40 41 42 43 44 47 48 50
5 35 42 48 49 50
7 34 35 36 42 48 49 50
7 35 40 42 43 48 49 50
9 34 35 36 40 42 43 48 49 50
9 35 38 40 41 42 43 48 49 50
11 34 35 36 38 40 41 42 43 48 49 50
11 35 37 38 39 40 41 42 43 48 49 50
13 34 35 36 37 38 39 40 41 42 43 48 49 50
7 35 42 44 45 48 49 50
9 35 40 42 43 44 45 48 49 50
2 41 42
7 35 44 46 47 48 49 50
9 33 34 36 37 38 39 40 43 45
1 39
1 41
1 47
1 50
4 34 36 44 49
4 37 42 43 46
2 39 45
3 33 38 50
1 43
2 40 50
2 46 49
13 33 34 35 36 38 39 41 42 43 44 45 47 48
1 36
1 45
1 46
1 49
11 34 37 38 39 40 43 44 45 47 48 50
6 33 35 36 41 42 49
6 36 37 39 44 48 50
2 34 43
6 33 35 41 42 46 49
2 38 45
6 35 37 40 45 46 47
8 33 34 36 39 41 43 44 48
3 38 49 50
10 33 35 37 39 41 42 44 46 47 49
8 34 36 38 40 43 45 48 50
16 33 34 35 36 38 39 41 42 43 44 45 46 47 48 49 50
2 37 40
3 33 37 47
5 35 39 44 46 48
7 36 38 40 41 43 45 49
3 34 42 50
2 42 48
11 33 37 38 39 40 41 43 44 46 47 50
5 34 35 36 45 49
18 33 34 35 36 37 38 39 40 41 42 43 44 45 46 47 48 49 50
1 51
1 52
1 53
1 54
1 55
1 56
3 55 56 57
1 58
3 56 58 59
5 55 56 57 58 59
1 60
1 61
3 60 61 62
3 52 55 59
4 51 56 57 61
1 62
2 54 60
8 51 54 56 57 58 59 60 61
2 52 53
1 57
1 59
9 51 52 53 55 58 59 60 61 62
3 54 56 57
6 51 52 54 55 56 59
2 58 60
3 57 61 62
12 51 52 53 54 55 56 57 58 59 60 61 62
4 53 58 59 60
2 56 61
3 51 54 55
3 52 57 60
2 53 59
4 54 55 56 62
4 51 52 54 60
3 55 58 62
2 55 60
5 51 54 56 59 62
3 51 53 59
8 52 54 55 56 57 58 60 61
5 51 54 57 59 61
3 53 58 62
3 52 55 56
2 58 61
3 52 53 59
2 55 57
3 51 60 62
2 54 56
