170 807
1 1
1 2
1 3
1 4
1 5
1 6
3 5 6 7
1 8
1 9
3 8 9 10
1 11
1 12
3 11 12 13
1 14
3 12 14 15
5 11 12 13 14 15
1 16
1 17
3 16 17 18
3 5 17 19
5 5 6 7 17 19
5 5 16 17 18 19
7 5 6 7 16 17 18 19
1 20
3 6 20 21
5 5 6 7 20 21
7 5 6 7 17 19 20 21
9 5 6 7 16 17 18 19 20 21
1 22
3 14 22 23
5 12 14 15 22 23
7 11 12 13 14 15 22 23
1 24
3 12 24 25
5 11 12 13 24 25
5 12 14 15 24 25
7 11 12 13 14 15 24 25
7 12 14 15 22 23 24 25
9 11 12 13 14 15 22 23 24 25
1 26
3 6 26 27
5 5 6 7 26 27
7 5 6 7 17 19 26 27
9 5 6 7 16 17 18 19 26 27
5 6 20 21 26 27
7 5 6 7 20 21 26 27
9 5 6 7 17 19 20 21 26 27
11 5 6 7 16 17 18 19 20 21 26 27
1 28
3 16 28 29
5 16 17 18 28 29
7 5 16 17 18 19 28 29
9 5 6 7 16 17 18 19 28 29
11 5 6 7 16 17 18 19 20 21 28 29
11 5 6 7 16 17 18 19 26 27 28 29
13 5 6 7 16 17 18 19 20 21 26 27 28 29
1 30
3 28 30 31
5 16 28 29 30 31
7 16 17 18 28 29 30 31
9 5 16 17 18 19 28 29 30 31
11 5 6 7 16 17 18 19 28 29 30 31
13 5 6 7 16 17 18 19 20 21 28 29 30 31
13 5 6 7 16 17 18 19 26 27 28 29 30 31
15 5 6 7 16 17 18 19 20 21 26 27 28 29 30 31
1 32
3 24 32 33
5 12 24 25 32 33
7 11 12 13 24 25 32 33
7 12 14 15 24 25 32 33
9 11 12 13 14 15 24 25 32 33
9 12 14 15 22 23 24 25 32 33
11 11 12 13 14 15 22 23 24 25 32 33
1 34
1 35
3 34 35 36
1 37
1 38
3 37 38 39
3 30 38 40
5 28 30 31 38 40
7 16 28 29 30 31 38 40
9 16 17 18 28 29 30 31 38 40
11 5 16 17 18 19 28 29 30 31 38 40
13 5 6 7 16 17 18 19 28 29 30 31 38 40
15 5 6 7 16 17 18 19 20 21 28 29 30 31 38 40
15 5 6 7 16 17 18 19 26 27 28 29 30 31 38 40
17 5 6 7 16 17 18 19 20 21 26 27 28 29 30 31 38 40
5 30 37 38 39 40
7 28 30 31 37 38 39 40
9 16 28 29 30 31 37 38 39 40
11 16 17 18 28 29 30 31 37 38 39 40
13 5 16 17 18 19 28 29 30 31 37 38 39 40
15 5 6 7 16 17 18 19 28 29 30 31 37 38 39 40
17 5 6 7 16 17 18 19 20 21 28 29 30 31 37 38 39 40
17 5 6 7 16 17 18 19 26 27 28 29 30 31 37 38 39 40
19 5 6 7 16 17 18 19 20 21 26 27 28 29 30 31 37 38 39 40
3 35 38 41
5 34 35 36 38 41
5 35 37 38 39 41
7 34 35 36 37 38 39 41
5 30 35 38 40 41
7 28 30 31 35 38 40 41
9 16 28 29 30 31 35 38 40 41
11 16 17 18 28 29 30 31 35 38 40 41
13 5 16 17 18 19 28 29 30 31 35 38 40 41
15 5 6 7 16 17 18 19 28 29 30 31 35 38 40 41
17 5 6 7 16 17 18 19 20 21 28 29 30 31 35 38 40 41
17 5 6 7 16 17 18 19 26 27 28 29 30 31 35 38 40 41
19 5 6 7 16 17 18 19 20 21 26 27 28 29 30 31 35 38 40 41
7 30 34 35 36 38 40 41
9 28 30 31 34 35 36 38 40 41
11 16 28 29 30 31 34 35 36 38 40 41
13 16 17 18 28 29 30 31 34 35 36 38 40 41
15 5 16 17 18 19 28 29 30 31 34 35 36 38 40 41
17 5 6 7 16 17 18 19 28 29 30 31 34 35 36 38 40 41
19 5 6 7 16 17 18 19 20 21 28 29 30 31 34 35 36 38 40 41
19 5 6 7 16 17 18 19 26 27 28 29 30 31 34 35 36 38 40 41
21 5 6 7 16 17 18 19 20 21 26 27 28 29 30 31 34 35 36 38 40 41
7 30 35 37 38 39 40 41
9 28 30 31 35 37 38 39 40 41
11 16 28 29 30 31 35 37 38 39 40 41
13 16 17 18 28 29 30 31 35 37 38 39 40 41
15 5 16 17 18 19 28 29 30 31 35 37 38 39 40 41
17 5 6 7 16 17 18 19 28 29 30 31 35 37 38 39 40 41
19 5 6 7 16 17 18 19 20 21 28 29 30 31 35 37 38 39 40 41
19 5 6 7 16 17 18 19 26 27 28 29 30 31 35 37 38 39 40 41
21 5 6 7 16 17 18 19 20 21 26 27 28 29 30 31 35 37 38 39 40 41
9 30 34 35 36 37 38 39 40 41
11 28 30 31 34 35 36 37 38 39 40 41
13 16 28 29 30 31 34 35 36 37 38 39 40 41
15 16 17 18 28 29 30 31 34 35 36 37 38 39 40 41
17 5 16 17 18 19 28 29 30 31 34 35 36 37 38 39 40 41
19 5 6 7 16 17 18 19 28 29 30 31 34 35 36 37 38 39 40 41
21 5 6 7 16 17 18 19 20 21 28 29 30 31 34 35 36 37 38 39 40 41
21 5 6 7 16 17 18 19 26 27 28 29 30 31 34 35 36 37 38 39 40 41
23 5 6 7 16 17 18 19 20 21 26 27 28 29 30 31 34 35 36 37 38 39 40 41
1 42
3 38 42 43
5 37 38 39 42 43
5 30 38 40 42 43
7 28 30 31 38 40 42 43
9 16 28 29 30 31 38 40 42 43
11 16 17 18 28 29 30 31 38 40 42 43
13 5 16 17 18 19 28 29 30 31 38 40 42 43
15 5 6 7 16 17 18 19 28 29 30 31 38 40 42 43
17 5 6 7 16 17 18 19 20 21 28 29 30 31 38 40 42 43
17 5 6 7 16 17 18 19 26 27 28 29 30 31 38 40 42 43
19 5 6 7 16 17 18 19 20 21 26 27 28 29 30 31 38 40 42 43
7 30 37 38 39 40 42 43
9 28 30 31 37 38 39 40 42 43
11 16 28 29 30 31 37 38 39 40 42 43
13 16 17 18 28 29 30 31 37 38 39 40 42 43
15 5 16 17 18 19 28 29 30 31 37 38 39 40 42 43
17 5 6 7 16 17 18 19 28 29 30 31 37 38 39 40 42 43
19 5 6 7 16 17 18 19 20 21 28 29 30 31 37 38 39 40 42 43
19 5 6 7 16 17 18 19 26 27 28 29 30 31 37 38 39 40 42 43
21 5 6 7 16 17 18 19 20 21 26 27 28 29 30 31 37 38 39 40 42 43
5 35 38 41 42 43
7 34 35 36 38 41 42 43
7 35 37 38 39 41 42 43
9 34 35 36 37 38 39 41 42 43
7 30 35 38 40 41 42 43
9 28 30 31 35 38 40 41 42 43
11 16 28 29 30 31 35 38 40 41 42 43
13 16 17 18 28 29 30 31 35 38 40 41 42 43
15 5 16 17 18 19 28 29 30 31 35 38 40 41 42 43
17 5 6 7 16 17 18 19 28 29 30 31 35 38 40 41 42 43
19 5 6 7 16 17 18 19 20 21 28 29 30 31 35 38 40 41 42 43
19 5 6 7 16 17 18 19 26 27 28 29 30 31 35 38 40 41 42 43
21 5 6 7 16 17 18 19 20 21 26 27 28 29 30 31 35 38 40 41 42 43
9 30 34 35 36 38 40 41 42 43
11 28 30 31 34 35 36 38 40 41 42 43
13 16 28 29 30 31 34 35 36 38 40 41 42 43
15 16 17 18 28 29 30 31 34 35 36 38 40 41 42 43
17 5 16 17 18 19 28 29 30 31 34 35 36 38 40 41 42 43
19 5 6 7 16 17 18 19 28 29 30 31 34 35 36 38 40 41 42 43
21 5 6 7 16 17 18 19 20 21 28 29 30 31 34 35 36 38 40 41 42 43
21 5 6 7 16 17 18 19 26 27 28 29 30 31 34 35 36 38 40 41 42 43
23 5 6 7 16 17 18 19 20 21 26 27 28 29 30 31 34 35 36 38 40 41 42 43
9 30 35 37 38 39 40 41 42 43
11 28 30 31 35 37 38 39 40 41 42 43
13 16 28 29 30 31 35 37 38 39 40 41 42 43
15 16 17 18 28 29 30 31 35 37 38 39 40 41 42 43
17 5 16 17 18 19 28 29 30 31 35 37 38 39 40 41 42 43
19 5 6 7 16 17 18 19 28 29 30 31 35 37 38 39 40 41 42 43
21 5 6 7 16 17 18 19 20 21 28 29 30 31 35 37 38 39 40 41 42 43
21 5 6 7 16 17 18 19 26 27 28 29 30 31 35 37 38 39 40 41 42 43
23 5 6 7 16 17 18 19 20 21 26 27 28 29 30 31 35 37 38 39 40 41 42 43
11 30 34 35 36 37 38 39 40 41 42 43
13 28 30 31 34 35 36 37 38 39 40 41 42 43
15 16 28 29 30 31 34 35 36 37 38 39 40 41 42 43
17 16 17 18 28 29 30 31 34 35 36 37 38 39 40 41 42 43
19 5 16 17 18 19 28 29 30 31 34 35 36 37 38 39 40 41 42 43
21 5 6 7 16 17 18 19 28 29 30 31 34 35 36 37 38 39 40 41 42 43
23 5 6 7 16 17 18 19 20 21 28 29 30 31 34 35 36 37 38 39 40 41 42 43
23 5 6 7 16 17 18 19 26 27 28 29 30 31 34 35 36 37 38 39 40 41 42 43
25 5 6 7 16 17 18 19 20 21 26 27 28 29 30 31 34 35 36 37 38 39 40 41 42 43
1 44
3 8 44 45
5 8 9 10 44 45
3 32 44 46
5 24 32 33 44 46
7 12 24 25 32 33 44 46
9 11 12 13 24 25 32 33 44 46
9 12 14 15 24 25 32 33 44 46
11 11 12 13 14 15 24 25 32 33 44 46
11 12 14 15 22 23 24 25 32 33 44 46
13 11 12 13 14 15 22 23 24 25 32 33 44 46
5 8 32 44 45 46
7 8 9 10 32 44 45 46
7 8 24 32 33 44 45 46
9 8 9 10 24 32 33 44 45 46
9 8 12 24 25 32 33 44 45 46
11 8 9 10 12 24 25 32 33 44 45 46
11 8 11 12 13 24 25 32 33 44 45 46
13 8 9 10 11 12 13 24 25 32 33 44 45 46
11 8 12 14 15 24 25 32 33 44 45 46
13 8 9 10 12 14 15 24 25 32 33 44 45 46
13 8 11 12 13 14 15 24 25 32 33 44 45 46
15 8 9 10 11 12 13 14 15 24 25 32 33 44 45 46
6 5 12 13 20 29 44
4 19 21 34 38
10 8 14 16 25 26 28 30 32 36 39
5 2 3 9 33 43
21 1 4 6 7 10 11 15 17 18 22 23 24 27 31 35 37 40 41 42 45 46
1 10
1 27
1 29
1 39
1 45
1 40
22 2 3 4 7 11 12 14 15 16 18 21 24 27 28 30 31 34 36 38 42 43 45
2 10 44
5 5 6 13 25 37
2 1 20
8 9 19 22 23 33 35 41 46
3 17 26 29
2 8 39
1 7
1 13
1 21
1 23
1 25
1 43
3 23 33 38
22 1 2 5 7 9 13 15 17 18 19 20 22 27 29 31 32 34 37 39 40 43 44
3 21 35 41
7 3 6 12 24 28 30 45
4 4 14 42 46
2 8 16
4 11 25 26 36
1 15
9 3 5 7 10 11 31 39 41 43
37 1 2 4 6 8 9 12 13 14 15 16 17 18 19 20 21 22 23 24 25 26 27 28 29 30 32 33 34 35 36 37 38 40 42 44 45 46
1 18
1 33
1 36
1 41
1 46
5 12 20 38 39 41
7 3 6 13 18 32 42 46
3 1 4 40
10 2 5 14 19 24 26 31 34 35 36
9 9 10 15 17 21 25 28 43 45
3 16 22 44
7 8 11 23 27 30 33 37
5 8 16 21 26 45
2 34 44
12 4 6 10 15 19 22 23 24 28 31 36 38
5 13 35 40 42 43
8 3 7 9 14 17 18 30 46
2 2 33
9 1 5 11 20 25 27 29 39 41
1 19
1 31
2 13 22
3 7 15 20
7 4 6 23 27 35 37 39
5 2 14 18 34 38
3 5 21 31
6 1 8 9 40 42 45
11 17 24 25 26 29 30 33 36 41 43 46
7 3 10 16 19 28 32 44
1 47
1 48
1 49
1 50
1 51
3 50 51 52
1 53
1 54
3 53 54 55
1 56
1 57
3 56 57 58
1 59
3 57 59 60
5 56 57 58 59 60
1 61
1 62
3 61 62 63
3 57 62 64
5 56 57 58 62 64
5 57 59 60 62 64
7 56 57 58 59 60 62 64
5 57 61 62 63 64
7 56 57 58 61 62 63 64
7 57 59 60 61 62 63 64
9 56 57 58 59 60 61 62 63 64
1 65
3 50 65 66
5 50 51 52 65 66
1 67
3 53 67 68
5 53 54 55 67 68
1 69
3 67 69 70
5 53 67 68 69 70
7 53 54 55 67 68 69 70
1 71
3 67 71 72
5 53 67 68 71 72
7 53 54 55 67 68 71 72
5 67 69 70 71 72
7 53 67 68 69 70 71 72
9 53 54 55 67 68 69 70 71 72
1 73
1 74
3 73 74 75
1 76
1 77
3 76 77 78
3 74 77 79
5 73 74 75 77 79
5 74 76 77 78 79
7 73 74 75 76 77 78 79
1 80
1 81
3 80 81 82
1 83
3 56 83 84
5 56 57 58 83 84
7 56 57 58 59 60 83 84
7 56 57 58 62 64 83 84
9 56 57 58 59 60 62 64 83 84
9 56 57 58 61 62 63 64 83 84
11 56 57 58 59 60 61 62 63 64 83 84
1 85
3 83 85 86
5 56 83 84 85 86
7 56 57 58 83 84 85 86
9 56 57 58 59 60 83 84 85 86
9 56 57 58 62 64 83 84 85 86
11 56 57 58 59 60 62 64 83 84 85 86
11 56 57 58 61 62 63 64 83 84 85 86
13 56 57 58 59 60 61 62 63 64 83 84 85 86
1 87
3 51 87 88
5 50 51 52 87 88
7 50 51 52 65 66 87 88
3 85 87 89
5 83 85 86 87 89
7 56 83 84 85 86 87 89
9 56 57 58 83 84 85 86 87 89
11 56 57 58 59 60 83 84 85 86 87 89
11 56 57 58 62 64 83 84 85 86 87 89
13 56 57 58 59 60 62 64 83 84 85 86 87 89
13 56 57 58 61 62 63 64 83 84 85 86 87 89
15 56 57 58 59 60 61 62 63 64 83 84 85 86 87 89
5 51 85 87 88 89
7 50 51 52 85 87 88 89
9 50 51 52 65 66 85 87 88 89
7 51 83 85 86 87 88 89
9 50 51 52 83 85 86 87 88 89
11 50 51 52 65 66 83 85 86 87 88 89
9 51 56 83 84 85 86 87 88 89
11 50 51 52 56 83 84 85 86 87 88 89
11 51 56 57 58 83 84 85 86 87 88 89
13 50 51 52 56 57 58 83 84 85 86 87 88 89
13 51 56 57 58 59 60 83 84 85 86 87 88 89
15 50 51 52 56 57 58 59 60 83 84 85 86 87 88 89
13 51 56 57 58 62 64 83 84 85 86 87 88 89
15 50 51 52 56 57 58 62 64 83 84 85 86 87 88 89
15 51 56 57 58 59 60 62 64 83 84 85 86 87 88 89
17 50 51 52 56 57 58 59 60 62 64 83 84 85 86 87 88 89
15 51 56 57 58 61 62 63 64 83 84 85 86 87 88 89
17 50 51 52 56 57 58 61 62 63 64 83 84 85 86 87 88 89
17 51 56 57 58 59 60 61 62 63 64 83 84 85 86 87 88 89
19 50 51 52 56 57 58 59 60 61 62 63 64 83 84 85 86 87 88 89
13 50 51 52 56 65 66 83 84 85 86 87 88 89
15 50 51 52 56 57 58 65 66 83 84 85 86 87 88 89
17 50 51 52 56 57 58 59 60 65 66 83 84 85 86 87 88 89
17 50 51 52 56 57 58 62 64 65 66 83 84 85 86 87 88 89
19 50 51 52 56 57 58 59 60 62 64 65 66 83 84 85 86 87 88 89
19 50 51 52 56 57 58 61 62 63 64 65 66 83 84 85 86 87 88 89
21 50 51 52 56 57 58 59 60 61 62 63 64 65 66 83 84 85 86 87 88 89
18 47 50 53 55 57 60 62 64 68 70 73 75 79 82 83 85 87 88
15 48 51 56 59 65 67 71 74 76 78 80 81 84 86 89
9 49 52 58 61 63 66 69 72 77
1 60
1 63
1 66
1 72
1 79
1 82
1 86
1 88
1 89
7 52 60 65 72 80 81 84
5 56 57 75 79 85
19 48 50 53 54 58 61 63 64 66 67 68 70 71 73 82 83 86 87 88
2 49 51
4 76 77 78 89
6 47 55 59 62 69 74
1 55
1 70
1 84
4 63 70 71 88
4 59 64 68 77
10 47 50 51 60 67 72 75 76 79 87
3 54 58 85
7 52 53 55 61 74 78 84
2 65 80
3 57 73 86
5 48 56 62 66 82
3 49 69 83
1 52
1 58
5 50 58 62 73 75
11 49 52 53 57 63 64 66 72 74 86 88
4 56 59 77 89
2 47 70
13 48 55 61 69 71 79 80 81 82 83 84 85 87
7 51 54 60 65 67 68 78
1 64
1 75
43 47 48 49 50 51 52 53 54 55 56 57 58 59 60 61 62 63 64 65 66 67 68 69 70 71 72 73 74 75 76 77 78 79 80 81 82 83 84 85 86 87 88 89
1 68
1 78
1 90
1 91
1 92
3 91 92 93
1 94
1 95
3 94 95 96
1 97
3 95 97 98
5 94 95 96 97 98
1 99
1 100
3 99 100 101
1 102
3 100 102 103
5 99 100 101 102 103
1 104
3 100 104 105
5 99 100 101 104 105
5 100 102 103 104 105
7 99 100 101 102 103 104 105
1 106
3 100 106 107
5 99 100 101 106 107
5 100 102 103 106 107
7 99 100 101 102 103 106 107
5 100 104 105 106 107
7 99 100 101 104 105 106 107
7 100 102 103 104 105 106 107
9 99 100 101 102 103 104 105 106 107
1 108
1 109
3 108 109 110
1 111
3 104 111 112
5 100 104 105 111 112
7 99 100 101 104 105 111 112
7 100 102 103 104 105 111 112
9 99 100 101 102 103 104 105 111 112
7 100 104 105 106 107 111 112
9 99 100 101 104 105 106 107 111 112
9 100 102 103 104 105 106 107 111 112
11 99 100 101 102 103 104 105 106 107 111 112
3 109 111 113
5 108 109 110 111 113
5 104 109 111 112 113
7 100 104 105 109 111 112 113
9 99 100 101 104 105 109 111 112 113
9 100 102 103 104 105 109 111 112 113
11 99 100 101 102 103 104 105 109 111 112 113
9 100 104 105 106 107 109 111 112 113
11 99 100 101 104 105 106 107 109 111 112 113
11 100 102 103 104 105 106 107 109 111 112 113
13 99 100 101 102 103 104 105 106 107 109 111 112 113
7 104 108 109 110 111 112 113
9 100 104 105 108 109 110 111 112 113
11 99 100 101 104 105 108 109 110 111 112 113
11 100 102 103 104 105 108 109 110 111 112 113
13 99 100 101 102 103 104 105 108 109 110 111 112 113
11 100 104 105 106 107 108 109 110 111 112 113
13 99 100 101 104 105 106 107 108 109 110 111 112 113
13 100 102 103 104 105 106 107 108 109 110 111 112 113
15 99 100 101 102 103 104 105 106 107 108 109 110 111 112 113
1 114
1 115
3 114 115 116
3 97 115 117
5 95 97 98 115 117
7 94 95 96 97 98 115 117
5 97 114 115 116 117
7 95 97 98 114 115 116 117
9 94 95 96 97 98 114 115 116 117
1 118
3 115 118 119
5 114 115 116 118 119
5 97 115 117 118 119
7 95 97 98 115 117 118 119
9 94 95 96 97 98 115 117 118 119
7 97 114 115 116 117 118 119
9 95 97 98 114 115 116 117 118 119
11 94 95 96 97 98 114 115 116 117 118 119
1 120
3 115 120 121
5 114 115 116 120 121
5 97 115 117 120 121
7 95 97 98 115 117 120 121
9 94 95 96 97 98 115 117 120 121
7 97 114 115 116 117 120 121
9 95 97 98 114 115 116 117 120 121
11 94 95 96 97 98 114 115 116 117 120 121
5 115 118 119 120 121
7 114 115 116 118 119 120 121
7 97 115 117 118 119 120 121
9 95 97 98 115 117 118 119 120 121
11 94 95 96 97 98 115 117 118 119 120 121
9 97 114 115 116 117 118 119 120 121
11 95 97 98 114 115 116 117 118 119 120 121
13 94 95 96 97 98 114 115 116 117 118 119 120 121
1 122
3 120 122 123
5 115 120 121 122 123
7 114 115 116 120 121 122 123
7 97 115 117 120 121 122 123
9 95 97 98 115 117 120 121 122 123
11 94 95 96 97 98 115 117 120 121 122 123
9 97 114 115 116 117 120 121 122 123
11 95 97 98 114 115 116 117 120 121 122 123
13 94 95 96 97 98 114 115 116 117 120 121 122 123
7 115 118 119 120 121 122 123
9 114 115 116 118 119 120 121 122 123
9 97 115 117 118 119 120 121 122 123
11 95 97 98 115 117 118 119 120 121 122 123
13 94 95 96 97 98 115 117 118 119 120 121 122 123
11 97 114 115 116 117 118 119 120 121 122 123
13 95 97 98 114 115 116 117 118 119 120 121 122 123
15 94 95 96 97 98 114 115 116 117 118 119 120 121 122 123
1 124
3 97 124 125
5 95 97 98 124 125
7 94 95 96 97 98 124 125
5 97 115 117 124 125
7 95 97 98 115 117 124 125
9 94 95 96 97 98 115 117 124 125
7 97 114 115 116 117 124 125
9 95 97 98 114 115 116 117 124 125
11 94 95 96 97 98 114 115 116 117 124 125
7 97 115 117 118 119 124 125
9 95 97 98 115 117 118 119 124 125
11 94 95 96 97 98 115 117 118 119 124 125
9 97 114 115 116 117 118 119 124 125
11 95 97 98 114 115 116 117 118 119 124 125
13 94 95 96 97 98 114 115 116 117 118 119 124 125
3 120 124 126
5 115 120 121 124 126
7 114 115 116 120 121 124 126
7 115 118 119 120 121 124 126
9 114 115 116 118 119 120 121 124 126
5 120 122 123 124 126
7 115 120 121 122 123 124 126
9 114 115 116 120 121 122 123 124 126
9 115 118 119 120 121 122 123 124 126
11 114 115 116 118 119 120 121 122 123 124 126
5 97 120 124 125 126
7 95 97 98 120 124 125 126
9 94 95 96 97 98 120 124 125 126
8 97 115 117 120 121 124 125 126
10 95 97 98 115 117 120 121 124 125 126
12 94 95 96 97 98 115 117 120 121 124 125 126
10 97 114 115 116 117 120 121 124 125 126
12 95 97 98 114 115 116 117 120 121 124 125 126
14 94 95 96 97 98 114 115 116 117 120 121 124 125 126
10 97 115 117 118 119 120 121 124 125 126
12 95 97 98 115 117 118 119 120 121 124 125 126
14 94 95 96 97 98 115 117 118 119 120 121 124 125 126
12 97 114 115 116 117 118 119 120 121 124 125 126
14 95 97 98 114 115 116 117 118 119 120 121 124 125 126
16 94 95 96 97 98 114 115 116 117 118 119 120 121 124 125 126
7 97 120 122 123 124 125 126
9 95 97 98 120 122 123 124 125 126
11 94 95 96 97 98 120 122 123 124 125 126
10 97 115 117 120 121 122 123 124 125 126
12 95 97 98 115 117 120 121 122 123 124 125 126
14 94 95 96 97 98 115 117 120 121 122 123 124 125 126
12 97 114 115 116 117 120 121 122 123 124 125 126
14 95 97 98 114 115 116 117 120 121 122 123 124 125 126
16 94 95 96 97 98 114 115 116 117 120 121 122 123 124 125 126
12 97 115 117 118 119 120 121 122 123 124 125 126
14 95 97 98 115 117 118 119 120 121 122 123 124 125 126
16 94 95 96 97 98 115 117 118 119 120 121 122 123 124 125 126
14 97 114 115 116 117 118 119 120 121 122 123 124 125 126
16 95 97 98 114 115 116 117 118 119 120 121 122 123 124 125 126
18 94 95 96 97 98 114 115 116 117 118 119 120 121 122 123 124 125 126
1 127
1 128
3 127 128 129
1 130
1 131
3 130 131 132
3 128 131 133
5 127 128 129 131 133
5 128 130 131 132 133
7 127 128 129 130 131 132 133
6 95 97 113 114 116 117
12 94 103 105 106 107 121 123 125 128 129 130 132
1 110
6 92 96 99 111 120 131
4 93 98 124 133
14 90 91 100 101 102 104 109 112 115 118 119 122 126 127
1 98
1 119
1 123
1 125
1 126
4 107 111 115 124
5 90 91 96 105 119
4 109 123 125 128
1 117
8 92 93 104 113 114 120 122 132
9 94 97 102 103 110 112 130 131 133
2 121 126
1 129
1 101
6 95 98 100 106 108 116
1 96
1 107
1 113
1 133
2 92 122
3 94 113 120
3 96 109 132
10 90 99 108 114 121 123 124 126 127 129
9 91 98 101 106 110 111 116 119 128
2 104 115
5 95 97 130 131 133
5 93 100 102 105 117
4 103 107 112 125
1 105
1 116
1 132
1 134
1 135
1 136
1 137
1 138
1 139
1 140
3 139 140 141
1 142
1 143
3 142 143 144
1 145
1 146
3 145 146 147
1 148
3 139 148 149
5 139 140 141 148 149
1 150
3 146 150 151
5 145 146 147 150 151
3 148 150 152
5 139 148 149 150 152
7 139 140 141 148 149 150 152
5 146 148 150 151 152
7 145 146 147 148 150 151 152
7 139 146 148 149 150 151 152
9 139 140 141 146 148 149 150 151 152
9 139 145 146 147 148 149 150 151 152
11 139 140 141 145 146 147 148 149 150 151 152
1 153
3 143 153 154
5 142 143 144 153 154
1 155
3 153 155 156
5 143 153 154 155 156
7 142 143 144 153 154 155 156
1 157
1 158
3 157 158 159
1 160
3 150 160 161
5 146 150 151 160 161
7 145 146 147 150 151 160 161
5 148 150 152 160 161
7 139 148 149 150 152 160 161
9 139 140 141 148 149 150 152 160 161
7 146 148 150 151 152 160 161
9 145 146 147 148 150 151 152 160 161
9 139 146 148 149 150 151 152 160 161
11 139 140 141 146 148 149 150 151 152 160 161
11 139 145 146 147 148 149 150 151 152 160 161
13 139 140 141 145 146 147 148 149 150 151 152 160 161
1 162
3 158 162 163
5 157 158 159 162 163
1 164
1 165
3 164 165 166
1 167
3 140 167 168
5 139 140 141 167 168
7 139 140 141 148 149 167 168
9 139 140 141 148 149 150 152 167 168
11 139 140 141 146 148 149 150 151 152 167 168
13 139 140 141 145 146 147 148 149 150 151 152 167 168
11 139 140 141 148 149 150 152 160 161 167 168
13 139 140 141 146 148 149 150 151 152 160 161 167 168
15 139 140 141 145 146 147 148 149 150 151 152 160 161 167 168
1 169
3 165 169 170
5 164 165 166 169 170
37 134 135 136 137 138 139 140 141 142 143 144 145 146 147 148 149 150 151 152 153 154 155 156 157 158 159 160 161 162 163 164 165 166 167 168 169 170
1 144
1 147
1 151
1 156
1 159
1 163
1 166
1 168
1 170
3 141 164 168
2 154 161
4 137 153 162 170
3 142 145 163
2 134 148
8 136 139 140 150 155 159 165 169
2 144 166
9 135 138 143 146 147 149 151 156 158
3 152 157 167
1 152
1 154
5 135 139 141 160 168
3 144 149 164
6 136 138 140 154 158 161
2 143 146
2 162 163
5 134 145 147 150 169
13 137 142 148 151 152 153 155 156 157 159 165 166 170
1 141
1 161
8 134 137 149 151 157 158 169 170
21 135 136 138 139 140 142 143 145 146 147 150 152 153 155 156 161 162 163 165 166 167
7 141 144 148 154 159 164 168
24 135 136 137 138 139 141 144 145 147 149 150 152 153 154 156 157 158 159 162 163 164 166 167 168
3 148 151 165
9 134 140 142 143 146 155 160 161 170
2 157 164
2 151 168
11 139 146 149 153 154 156 158 159 166 167 169
10 138 141 142 143 144 147 150 152 160 163
4 134 136 145 165
2 137 161
1 149
16 134 136 140 141 143 144 145 147 151 153 155 157 160 165 166 167
4 148 154 168 169
9 138 139 146 149 150 152 158 163 164
2 137 170
6 135 142 156 159 161 162
2 154 158
2 152 162
9 136 137 141 142 144 156 157 159 167
5 134 140 149 163 166
2 139 145
2 135 160
4 147 153 155 161
3 150 165 168
2 148 151
2 164 169
4 141 142 152 154
3 143 146 163
17 135 137 144 147 148 151 153 155 156 157 159 160 161 165 166 167 169
4 136 139 162 168
7 134 138 140 145 150 158 170
14 135 137 143 145 146 147 150 155 157 158 160 164 168 169
3 142 151 152
20 134 136 138 139 140 141 144 148 149 153 154 156 159 161 162 163 165 166 167 170
16 134 135 138 141 143 144 146 148 154 159 160 163 164 166 168 170
4 140 145 153 157
6 137 147 149 152 161 169
11 136 139 142 150 151 155 156 158 162 165 167
3 143 157 165
2 158 170
7 135 138 147 148 149 166 167
4 136 140 145 156
2 150 169
6 141 144 146 151 155 162
10 134 137 139 152 154 159 160 161 163 164
