157 655
1 1
1 2
1 3
1 4
1 5
1 6
1 7
1 8
1 9
3 8 9 10
1 11
3 9 11 12
5 8 9 10 11 12
1 13
3 11 13 14
5 9 11 12 13 14
7 8 9 10 11 12 13 14
1 15
1 16
3 15 16 17
1 18
1 19
3 18 19 20
1 21
3 19 21 22
5 18 19 20 21 22
1 23
1 24
3 23 24 25
1 26
3 15 26 27
5 15 16 17 26 27
1 28
3 19 28 29
5 18 19 20 28 29
5 19 21 22 28 29
7 18 19 20 21 22 28 29
1 30
3 11 30 31
5 9 11 12 30 31
7 8 9 10 11 12 30 31
5 11 13 14 30 31
7 9 11 12 13 14 30 31
9 8 9 10 11 12 13 14 30 31
3 21 30 32
5 19 21 22 30 32
7 18 19 20 21 22 30 32
7 19 21 22 28 29 30 32
9 18 19 20 21 22 28 29 30 32
5 11 21 30 31 32
7 9 11 12 21 30 31 32
9 8 9 10 11 12 21 30 31 32
7 11 13 14 21 30 31 32
9 9 11 12 13 14 21 30 31 32
11 8 9 10 11 12 13 14 21 30 31 32
7 11 19 21 22 30 31 32
9 9 11 12 19 21 22 30 31 32
11 8 9 10 11 12 19 21 22 30 31 32
9 11 13 14 19 21 22 30 31 32
11 9 11 12 13 14 19 21 22 30 31 32
13 8 9 10 11 12 13 14 19 21 22 30 31 32
9 11 18 19 20 21 22 30 31 32
11 9 11 12 18 19 20 21 22 30 31 32
13 8 9 10 11 12 18 19 20 21 22 30 31 32
11 11 13 14 18 19 20 21 22 30 31 32
13 9 11 12 13 14 18 19 20 21 22 30 31 32
15 8 9 10 11 12 13 14 18 19 20 21 22 30 31 32
11 2 5 14 15 17 19 21 22 24 28 30
1 32
3 7 10 11
4 9 18 23 25
6 12 13 16 27 29 31
6 1 4 6 8 20 26
1 14
1 17
1 20
1 27
1 29
1 31
32 1 2 3 4 5 6 7 8 9 10 11 12 13 14 15 16 17 18 19 20 21 22 23 24 25 26 27 28 29 30 31 32
1 25
28 1 4 6 7 8 9 10 11 12 13 14 15 16 17 18 20 21 22 23 24 25 26 27 28 29 30 31 32
4 2 3 5 19
2 24 28
4 2 19 20 32
3 3 7 10
9 1 8 9 11 14 17 26 30 31
14 4 5 6 12 13 15 16 18 21 22 23 25 27 29
7 7 10 13 14 25 27 30
2 17 22
6 3 6 18 19 24 28
5 1 9 15 16 31
2 4 23
4 2 5 21 32
6 8 11 12 20 26 29
5 4 20 22 25 28
4 1 5 16 19
6 6 9 11 12 14 15
2 8 24
5 3 10 21 27 31
8 2 7 13 17 18 26 29 30
2 23 32
5 1 3 5 17 23
2 12 29
2 18 26
6 6 9 16 19 20 25
6 2 7 13 15 21 32
4 10 11 22 31
2 8 30
3 24 27 28
1 33
1 34
1 35
1 36
3 35 36 37
1 38
3 35 38 39
5 35 36 37 38 39
1 40
1 41
3 40 41 42
1 43
3 41 43 44
5 40 41 42 43 44
1 45
1 46
3 45 46 47
1 48
1 49
3 48 49 50
1 51
3 45 51 52
5 45 46 47 51 52
1 53
1 54
3 53 54 55
1 56
3 54 56 57
5 53 54 55 56 57
1 58
1 59
3 58 59 60
1 61
3 53 61 62
5 53 54 55 61 62
7 53 54 55 56 57 61 62
3 59 61 63
5 58 59 60 61 63
5 53 59 61 62 63
7 53 54 55 59 61 62 63
9 53 54 55 56 57 59 61 62 63
7 53 58 59 60 61 62 63
9 53 54 55 58 59 60 61 62 63
11 53 54 55 56 57 58 59 60 61 62 63
1 64
3 35 64 65
5 35 36 37 64 65
5 35 38 39 64 65
7 35 36 37 38 39 64 65
1 66
3 45 66 67
5 45 46 47 66 67
5 45 51 52 66 67
7 45 46 47 51 52 66 67
1 68
3 66 68 69
5 45 66 67 68 69
7 45 46 47 66 67 68 69
7 45 51 52 66 67 68 69
9 45 46 47 51 52 66 67 68 69
1 70
1 71
3 70 71 72
3 66 71 73
5 45 66 67 71 73
7 45 46 47 66 67 71 73
7 45 51 52 66 67 71 73
9 45 46 47 51 52 66 67 71 73
5 66 68 69 71 73
7 45 66 67 68 69 71 73
9 45 46 47 66 67 68 69 71 73
9 45 51 52 66 67 68 69 71 73
11 45 46 47 51 52 66 67 68 69 71 73
5 66 70 71 72 73
7 45 66 67 70 71 72 73
9 45 46 47 66 67 70 71 72 73
9 45 51 52 66 67 70 71 72 73
11 45 46 47 51 52 66 67 70 71 72 73
7 66 68 69 70 71 72 73
9 45 66 67 68 69 70 71 72 73
11 45 46 47 66 67 68 69 70 71 72 73
11 45 51 52 66 67 68 69 70 71 72 73
13 45 46 47 51 52 66 67 68 69 70 71 72 73
1 74
3 40 74 75
5 40 41 42 74 75
7 40 41 42 43 44 74 75
3 71 74 76
5 70 71 72 74 76
5 66 71 73 74 76
7 45 66 67 71 73 74 76
9 45 46 47 66 67 71 73 74 76
9 45 51 52 66 67 71 73 74 76
11 45 46 47 51 52 66 67 71 73 74 76
7 66 68 69 71 73 74 76
9 45 66 67 68 69 71 73 74 76
11 45 46 47 66 67 68 69 71 73 74 76
11 45 51 52 66 67 68 69 71 73 74 76
13 45 46 47 51 52 66 67 68 69 71 73 74 76
7 66 70 71 72 73 74 76
9 45 66 67 70 71 72 73 74 76
11 45 46 47 66 67 70 71 72 73 74 76
11 45 51 52 66 67 70 71 72 73 74 76
13 45 46 47 51 52 66 67 70 71 72 73 74 76
9 66 68 69 70 71 72 73 74 76
11 45 66 67 68 69 70 71 72 73 74 76
13 45 46 47 66 67 68 69 70 71 72 73 74 76
13 45 51 52 66 67 68 69 70 71 72 73 74 76
15 45 46 47 51 52 66 67 68 69 70 71 72 73 74 76
5 40 71 74 75 76
7 40 41 42 71 74 75 76
9 40 41 42 43 44 71 74 75 76
7 40 70 71 72 74 75 76
9 40 41 42 70 71 72 74 75 76
11 40 41 42 43 44 70 71 72 74 75 76
7 40 66 71 73 74 75 76
9 40 41 42 66 71 73 74 75 76
11 40 41 42 43 44 66 71 73 74 75 76
9 40 45 66 67 71 73 74 75 76
11 40 41 42 45 66 67 71 73 74 75 76
13 40 41 42 43 44 45 66 67 71 73 74 75 76
11 40 45 46 47 66 67 71 73 74 75 76
13 40 41 42 45 46 47 66 67 71 73 74 75 76
15 40 41 42 43 44 45 46 47 66 67 71 73 74 75 76
11 40 45 51 52 66 67 71 73 74 75 76
13 40 41 42 45 51 52 66 67 71 73 74 75 76
15 40 41 42 43 44 45 51 52 66 67 71 73 74 75 76
13 40 45 46 47 51 52 66 67 71 73 74 75 76
15 40 41 42 45 46 47 51 52 66 67 71 73 74 75 76
17 40 41 42 43 44 45 46 47 51 52 66 67 71 73 74 75 76
9 40 66 68 69 71 73 74 75 76
11 40 41 42 66 68 69 71 73 74 75 76
13 40 41 42 43 44 66 68 69 71 73 74 75 76
11 40 45 66 67 68 69 71 73 74 75 76
13 40 41 42 45 66 67 68 69 71 73 74 75 76
15 40 41 42 43 44 45 66 67 68 69 71 73 74 75 76
13 40 45 46 47 66 67 68 69 71 73 74 75 76
15 40 41 42 45 46 47 66 67 68 69 71 73 74 75 76
17 40 41 42 43 44 45 46 47 66 67 68 69 71 73 74 75 76
13 40 45 51 52 66 67 68 69 71 73 74 75 76
15 40 41 42 45 51 52 66 67 68 69 71 73 74 75 76
17 40 41 42 43 44 45 51 52 66 67 68 69 71 73 74 75 76
15 40 45 46 47 51 52 66 67 68 69 71 73 74 75 76
17 40 41 42 45 46 47 51 52 66 67 68 69 71 73 74 75 76
19 40 41 42 43 44 45 46 47 51 52 66 67 68 69 71 73 74 75 76
9 40 66 70 71 72 73 74 75 76
11 40 41 42 66 70 71 72 73 74 75 76
13 40 41 42 43 44 66 70 71 72 73 74 75 76
11 40 45 66 67 70 71 72 73 74 75 76
13 40 41 42 45 66 67 70 71 72 73 74 75 76
15 40 41 42 43 44 45 66 67 70 71 72 73 74 75 76
13 40 45 46 47 66 67 70 71 72 73 74 75 76
15 40 41 42 45 46 47 66 67 70 71 72 73 74 75 76
17 40 41 42 43 44 45 46 47 66 67 70 71 72 73 74 75 76
13 40 45 51 52 66 67 70 71 72 73 74 75 76
15 40 41 42 45 51 52 66 67 70 71 72 73 74 75 76
17 40 41 42 43 44 45 51 52 66 67 70 71 72 73 74 75 76
15 40 45 46 47 51 52 66 67 70 71 72 73 74 75 76
17 40 41 42 45 46 47 51 52 66 67 70 71 72 73 74 75 76
19 40 41 42 43 44 45 46 47 51 52 66 67 70 71 72 73 74 75 76
11 40 66 68 69 70 71 72 73 74 75 76
13 40 41 42 66 68 69 70 71 72 73 74 75 76
15 40 41 42 43 44 66 68 69 70 71 72 73 74 75 76
13 40 45 66 67 68 69 70 71 72 73 74 75 76
15 40 41 42 45 66 67 68 69 70 71 72 73 74 75 76
17 40 41 42 43 44 45 66 67 68 69 70 71 72 73 74 75 76
15 40 45 46 47 66 67 68 69 70 71 72 73 74 75 76
17 40 41 42 45 46 47 66 67 68 69 70 71 72 73 74 75 76
19 40 41 42 43 44 45 46 47 66 67 68 69 70 71 72 73 74 75 76
15 40 45 51 52 66 67 68 69 70 71 72 73 74 75 76
17 40 41 42 45 51 52 66 67 68 69 70 71 72 73 74 75 76
19 40 41 42 43 44 45 51 52 66 67 68 69 70 71 72 73 74 75 76
17 40 45 46 47 51 52 66 67 68 69 70 71 72 73 74 75 76
19 40 41 42 45 46 47 51 52 66 67 68 69 70 71 72 73 74 75 76
21 40 41 42 43 44 45 46 47 51 52 66 67 68 69 70 71 72 73 74 75 76
6 33 34 48 50 53 64
3 65 66 68
2 49 71
33 35 36 37 38 39 40 41 42 43 44 45 46 47 51 52 54 55 56 57 58 59 60 61 62 63 67 69 70 72 73 74 75 76
1 37
1 39
1 50
1 52
1 57
1 60
1 62
1 63
1 65
1 69
1 73
1 75
1 76
35 35 36 37 38 40 41 42 44 45 46 47 48 49 51 52 53 54 55 56 57 58 61 62 63 64 65 66 67 68 69 70 71 72 73 76
6 33 34 50 60 74 75
3 39 43 59
1 47
1 55
1 72
6 43 48 51 54 67 70
6 33 34 38 49 60 61
5 36 39 40 71 75
5 45 46 47 52 74
4 35 41 65 69
10 37 42 44 50 53 58 63 72 73 76
4 56 62 64 66
2 57 68
1 42
1 44
2 51 65
2 66 74
2 46 75
31 33 34 35 37 38 39 40 41 43 44 45 47 48 49 50 52 53 55 57 58 59 61 63 64 67 69 70 71 72 73 76
7 36 42 54 56 60 62 68
3 37 47 54
15 33 38 39 40 50 51 57 62 63 64 65 67 70 71 76
10 35 41 43 44 45 53 59 61 66 74
16 34 36 42 46 48 49 52 55 56 58 60 68 69 72 73 75
19 36 37 39 41 45 48 50 52 55 56 57 59 60 64 65 66 67 69 70
5 47 53 58 71 73
6 33 38 43 46 54 75
3 44 51 68
3 34 40 62
8 35 42 49 61 63 72 74 76
9 35 43 47 48 56 59 65 75 76
8 37 57 61 62 63 67 68 74
5 46 50 54 70 71
5 34 36 39 60 64
16 33 38 40 41 42 44 45 49 51 52 53 55 58 66 72 73
2 41 61
9 40 42 45 48 56 59 62 63 69
6 33 36 37 46 51 65
12 34 35 47 49 50 52 58 60 64 66 72 73
2 44 54
3 38 53 76
10 39 43 55 57 67 68 70 71 74 75
1 77
1 78
1 79
1 80
1 81
1 82
3 81 82 83
1 84
3 82 84 85
5 81 82 83 84 85
1 86
3 82 86 87
5 81 82 83 86 87
5 82 84 85 86 87
7 81 82 83 84 85 86 87
1 88
1 89
3 88 89 90
1 91
3 84 91 92
5 82 84 85 91 92
7 81 82 83 84 85 91 92
7 82 84 85 86 87 91 92
9 81 82 83 84 85 86 87 91 92
1 93
1 94
3 93 94 95
1 96
3 93 96 97
5 93 94 95 96 97
1 98
3 96 98 99
5 93 96 97 98 99
7 93 94 95 96 97 98 99
1 100
1 101
3 100 101 102
3 91 101 103
5 84 91 92 101 103
7 82 84 85 91 92 101 103
9 81 82 83 84 85 91 92 101 103
9 82 84 85 86 87 91 92 101 103
11 81 82 83 84 85 86 87 91 92 101 103
5 91 100 101 102 103
7 84 91 92 100 101 102 103
9 82 84 85 91 92 100 101 102 103
11 81 82 83 84 85 91 92 100 101 102 103
11 82 84 85 86 87 91 92 100 101 102 103
13 81 82 83 84 85 86 87 91 92 100 101 102 103
1 104
1 105
3 104 105 106
3 94 105 107
5 93 94 95 105 107
7 93 94 95 96 97 105 107
9 93 94 95 96 97 98 99 105 107
5 94 104 105 106 107
7 93 94 95 104 105 106 107
9 93 94 95 96 97 104 105 106 107
11 93 94 95 96 97 98 99 104 105 106 107
4 78 79 81 93
1 87
3 83 95 106
4 88 91 92 103
11 77 80 82 84 86 98 99 101 102 104 105
3 85 97 107
2 90 94
3 89 96 100
1 85
1 90
1 95
1 97
1 99
1 102
3 80 81 100
2 91 101
10 83 84 85 86 87 90 98 103 106 107
5 79 89 93 99 104
1 92
5 77 78 82 95 102
1 83
1 106
1 107
8 79 84 94 98 100 101 104 106
6 78 80 88 91 96 103
16 77 81 82 83 85 86 87 89 90 93 95 97 99 102 105 107
2 91 97
9 79 86 87 88 89 93 96 102 105
7 84 85 94 99 100 104 106
2 77 81
4 80 82 98 103
4 92 95 101 107
1 103
1 108
1 109
1 110
1 111
1 112
1 113
1 114
1 115
1 116
3 115 116 117
1 118
1 119
3 118 119 120
1 121
1 122
3 121 122 123
1 124
1 125
3 124 125 126
1 127
3 124 127 128
5 124 125 126 127 128
1 129
3 127 129 130
5 124 127 128 129 130
7 124 125 126 127 128 129 130
1 131
1 132
3 131 132 133
1 134
3 132 134 135
5 131 132 133 134 135
1 136
3 125 136 137
5 124 125 126 136 137
7 124 125 126 127 128 136 137
9 124 125 126 127 128 129 130 136 137
1 138
3 116 138 139
5 115 116 117 138 139
1 140
3 138 140 141
5 116 138 139 140 141
7 115 116 117 138 139 140 141
3 127 138 142
5 124 127 128 138 142
7 124 125 126 127 128 138 142
5 127 129 130 138 142
7 124 127 128 129 130 138 142
9 124 125 126 127 128 129 130 138 142
9 124 125 126 127 128 136 137 138 142
11 124 125 126 127 128 129 130 136 137 138 142
5 116 127 138 139 142
7 115 116 117 127 138 139 142
7 116 124 127 128 138 139 142
9 115 116 117 124 127 128 138 139 142
9 116 124 125 126 127 128 138 139 142
11 115 116 117 124 125 126 127 128 138 139 142
7 116 127 129 130 138 139 142
9 115 116 117 127 129 130 138 139 142
9 116 124 127 128 129 130 138 139 142
11 115 116 117 124 127 128 129 130 138 139 142
11 116 124 125 126 127 128 129 130 138 139 142
13 115 116 117 124 125 126 127 128 129 130 138 139 142
11 116 124 125 126 127 128 136 137 138 139 142
13 115 116 117 124 125 126 127 128 136 137 138 139 142
13 116 124 125 126 127 128 129 130 136 137 138 139 142
15 115 116 117 124 125 126 127 128 129 130 136 137 138 139 142
5 127 138 140 141 142
7 124 127 128 138 140 141 142
9 124 125 126 127 128 138 140 141 142
7 127 129 130 138 140 141 142
9 124 127 128 129 130 138 140 141 142
11 124 125 126 127 128 129 130 138 140 141 142
11 124 125 126 127 128 136 137 138 140 141 142
13 124 125 126 127 128 129 130 136 137 138 140 141 142
7 116 127 138 139 140 141 142
9 115 116 117 127 138 139 140 141 142
9 116 124 127 128 138 139 140 141 142
11 115 116 117 124 127 128 138 139 140 141 142
11 116 124 125 126 127 128 138 139 140 141 142
13 115 116 117 124 125 126 127 128 138 139 140 141 142
9 116 127 129 130 138 139 140 141 142
11 115 116 117 127 129 130 138 139 140 141 142
11 116 124 127 128 129 130 138 139 140 141 142
13 115 116 117 124 127 128 129 130 138 139 140 141 142
13 116 124 125 126 127 128 129 130 138 139 140 141 142
15 115 116 117 124 125 126 127 128 129 130 138 139 140 141 142
13 116 124 125 126 127 128 136 137 138 139 140 141 142
15 115 116 117 124 125 126 127 128 136 137 138 139 140 141 142
15 116 124 125 126 127 128 129 130 136 137 138 139 140 141 142
17 115 116 117 124 125 126 127 128 129 130 136 137 138 139 140 141 142
1 143
3 136 143 144
5 125 136 137 143 144
7 124 125 126 136 137 143 144
9 124 125 126 127 128 136 137 143 144
11 124 125 126 127 128 129 130 136 137 143 144
11 124 125 126 127 128 136 137 138 142 143 144
13 124 125 126 127 128 129 130 136 137 138 142 143 144
13 116 124 125 126 127 128 136 137 138 139 142 143 144
15 115 116 117 124 125 126 127 128 136 137 138 139 142 143 144
15 116 124 125 126 127 128 129 130 136 137 138 139 142 143 144
17 115 116 117 124 125 126 127 128 129 130 136 137 138 139 142 143 144
13 124 125 126 127 128 136 137 138 140 141 142 143 144
15 124 125 126 127 128 129 130 136 137 138 140 141 142 143 144
15 116 124 125 126 127 128 136 137 138 139 140 141 142 143 144
17 115 116 117 124 125 126 127 128 136 137 138 139 140 141 142 143 144
17 116 124 125 126 127 128 129 130 136 137 138 139 140 141 142 143 144
19 115 116 117 124 125 126 127 128 129 130 136 137 138 139 140 141 142 143 144
1 145
1 146
3 145 146 147
3 119 146 148
5 118 119 120 146 148
5 119 145 146 147 148
7 118 119 120 145 146 147 148
1 149
3 143 149 150
5 136 143 144 149 150
7 125 136 137 143 144 149 150
9 124 125 126 136 137 143 144 149 150
11 124 125 126 127 128 136 137 143 144 149 150
13 124 125 126 127 128 129 130 136 137 143 144 149 150
13 124 125 126 127 128 136 137 138 142 143 144 149 150
15 124 125 126 127 128 129 130 136 137 138 142 143 144 149 150
15 116 124 125 126 127 128 136 137 138 139 142 143 144 149 150
17 115 116 117 124 125 126 127 128 136 137 138 139 142 143 144 149 150
17 116 124 125 126 127 128 129 130 136 137 138 139 142 143 144 149 150
19 115 116 117 124 125 126 127 128 129 130 136 137 138 139 142 143 144 149 150
15 124 125 126 127 128 136 137 138 140 141 142 143 144 149 150
17 124 125 126 127 128 129 130 136 137 138 140 141 142 143 144 149 150
17 116 124 125 126 127 128 136 137 138 139 140 141 142 143 144 149 150
19 115 116 117 124 125 126 127 128 136 137 138 139 140 141 142 143 144 149 150
19 116 124 125 126 127 128 129 130 136 137 138 139 140 141 142 143 144 149 150
21 115 116 117 124 125 126 127 128 129 130 136 137 138 139 140 141 142 143 144 149 150
1 151
1 152
3 151 152 153
1 154
3 146 154 155
5 145 146 147 154 155
5 119 146 148 154 155
7 118 119 120 146 148 154 155
7 119 145 146 147 148 154 155
9 118 119 120 145 146 147 148 154 155
1 156
3 122 156 157
5 121 122 123 156 157
5 109 114 138 139 141
4 116 120 124 154
2 111 112
2 113 115
3 134 149 156
11 119 122 127 135 140 144 145 152 153 155 157
10 121 123 129 130 131 132 147 148 150 151
4 117 128 136 146
1 137
3 118 126 143
4 108 125 133 142
1 117
1 120
1 123
1 126
1 128
1 133
1 141
1 142
1 147
1 153
1 157
2 120 155
6 112 118 129 133 138 144
1 150
11 108 113 116 123 125 128 131 135 139 141 148
3 132 140 146
3 109 115 134
4 126 143 149 152
2 121 147
14 110 114 117 122 124 127 130 136 142 145 151 153 154 157
2 119 156
1 130
1 155
4 109 110 116 136
17 111 118 119 122 125 128 131 135 137 139 140 142 143 144 151 153 154
6 108 113 121 133 134 141
18 114 115 117 120 123 124 126 127 130 132 138 145 148 149 152 155 156 157
3 112 129 146
1 148
50 108 109 110 111 112 113 114 115 116 117 118 119 120 121 122 123 124 125 126 127 128 129 130 131 132 133 134 135 136 137 138 139 140 141 142 143 144 145 146 147 148 149 150 151 152 153 154 155 156 157
1 144
2 110 138
11 108 118 124 126 128 131 133 139 140 141 156
3 127 129 134
2 125 152
3 111 132 157
7 113 115 117 136 148 150 153
7 121 130 135 142 144 146 151
4 112 143 145 154
3 114 119 155
3 123 147 149
1 135
3 144 150 155
4 115 117 146 151
4 122 132 133 136
11 114 118 119 125 128 134 135 140 145 147 154
4 126 129 143 149
2 130 152
5 111 112 120 124 141
3 109 131 142
2 123 139
2 121 137
3 127 148 157
3 108 138 156
2 113 153
4 138 147 150 155
46 108 109 110 111 112 113 114 115 116 117 118 119 120 121 122 123 124 125 126 127 128 129 130 131 132 133 134 135 136 137 139 140 141 142 143 144 145 146 148 149 151 152 153 154 156 157
