176 1728
1 1
1 2
1 3
1 4
3 3 4 5
1 6
1 7
3 6 7 8
1 9
3 3 9 10
3 4 9 11
6 3 4 5 9 10 11
1 12
3 3 12 13
5 3 4 5 12 13
5 3 9 10 12 13
8 3 4 5 9 10 11 12 13
1 14
1 15
3 14 15 16
3 7 15 17
5 6 7 8 15 17
5 7 14 15 16 17
7 6 7 8 14 15 16 17
1 18
3 7 18 19
5 6 7 8 18 19
5 7 15 17 18 19
7 6 7 8 15 17 18 19
7 7 14 15 16 17 18 19
9 6 7 8 14 15 16 17 18 19
1 20
3 9 20 21
5 3 9 10 20 21
5 4 9 11 20 21
8 3 4 5 9 10 11 20 21
7 3 9 10 12 13 20 21
10 3 4 5 9 10 11 12 13 20 21
1 22
3 20 22 23
5 9 20 21 22 23
7 3 9 10 20 21 22 23
7 4 9 11 20 21 22 23
10 3 4 5 9 10 11 20 21 22 23
9 3 9 10 12 13 20 21 22 23
12 3 4 5 9 10 11 12 13 20 21 22 23
1 24
3 7 24 25
5 6 7 8 24 25
5 7 15 17 24 25
7 6 7 8 15 17 24 25
7 7 14 15 16 17 24 25
9 6 7 8 14 15 16 17 24 25
5 7 18 19 24 25
7 6 7 8 18 19 24 25
7 7 15 17 18 19 24 25
9 6 7 8 15 17 18 19 24 25
9 7 14 15 16 17 18 19 24 25
11 6 7 8 14 15 16 17 18 19 24 25
3 20 24 26
5 9 20 21 24 26
7 3 9 10 20 21 24 26
7 4 9 11 20 21 24 26
10 3 4 5 9 10 11 20 21 24 26
9 3 9 10 12 13 20 21 24 26
12 3 4 5 9 10 11 12 13 20 21 24 26
5 20 22 23 24 26
7 9 20 21 22 23 24 26
9 3 9 10 20 21 22 23 24 26
9 4 9 11 20 21 22 23 24 26
12 3 4 5 9 10 11 20 21 22 23 24 26
11 3 9 10 12 13 20 21 22 23 24 26
14 3 4 5 9 10 11 12 13 20 21 22 23 24 26
5 7 20 24 25 26
7 6 7 8 20 24 25 26
7 7 15 17 20 24 25 26
9 6 7 8 15 17 20 24 25 26
9 7 14 15 16 17 20 24 25 26
11 6 7 8 14 15 16 17 20 24 25 26
7 7 18 19 20 24 25 26
9 6 7 8 18 19 20 24 25 26
9 7 15 17 18 19 20 24 25 26
11 6 7 8 15 17 18 19 20 24 25 26
11 7 14 15 16 17 18 19 20 24 25 26
13 6 7 8 14 15 16 17 18 19 20 24 25 26
7 7 9 20 21 24 25 26
9 6 7 8 9 20 21 24 25 26
9 3 7 9 10 20 21 24 25 26
11 3 6 7 8 9 10 20 21 24 25 26
9 4 7 9 11 20 21 24 25 26
11 4 6 7 8 9 11 20 21 24 25 26
12 3 4 5 7 9 10 11 20 21 24 25 26
14 3 4 5 6 7 8 9 10 11 20 21 24 25 26
11 3 7 9 10 12 13 20 21 24 25 26
13 3 6 7 8 9 10 12 13 20 21 24 25 26
14 3 4 5 7 9 10 11 12 13 20 21 24 25 26
16 3 4 5 6 7 8 9 10 11 12 13 20 21 24 25 26
9 7 9 15 17 20 21 24 25 26
11 6 7 8 9 15 17 20 21 24 25 26
11 3 7 9 10 15 17 20 21 24 25 26
13 3 6 7 8 9 10 15 17 20 21 24 25 26
11 4 7 9 11 15 17 20 21 24 25 26
13 4 6 7 8 9 11 15 17 20 21 24 25 26
14 3 4 5 7 9 10 11 15 17 20 21 24 25 26
16 3 4 5 6 7 8 9 10 11 15 17 20 21 24 25 26
13 3 7 9 10 12 13 15 17 20 21 24 25 26
15 3 6 7 8 9 10 12 13 15 17 20 21 24 25 26
16 3 4 5 7 9 10 11 12 13 15 17 20 21 24 25 26
18 3 4 5 6 7 8 9 10 11 12 13 15 17 20 21 24 25 26
11 7 9 14 15 16 17 20 21 24 25 26
13 6 7 8 9 14 15 16 17 20 21 24 25 26
13 3 7 9 10 14 15 16 17 20 21 24 25 26
15 3 6 7 8 9 10 14 15 16 17 20 21 24 25 26
13 4 7 9 11 14 15 16 17 20 21 24 25 26
15 4 6 7 8 9 11 14 15 16 17 20 21 24 25 26
16 3 4 5 7 9 10 11 14 15 16 17 20 21 24 25 26
18 3 4 5 6 7 8 9 10 11 14 15 16 17 20 21 24 25 26
15 3 7 9 10 12 13 14 15 16 17 20 21 24 25 26
17 3 6 7 8 9 10 12 13 14 15 16 17 20 21 24 25 26
18 3 4 5 7 9 10 11 12 13 14 15 16 17 20 21 24 25 26
20 3 4 5 6 7 8 9 10 11 12 13 14 15 16 17 20 21 24 25 26
9 7 9 18 19 20 21 24 25 26
11 6 7 8 9 18 19 20 21 24 25 26
11 3 7 9 10 18 19 20 21 24 25 26
13 3 6 7 8 9 10 18 19 20 21 24 25 26
11 4 7 9 11 18 19 20 21 24 25 26
13 4 6 7 8 9 11 18 19 20 21 24 25 26
14 3 4 5 7 9 10 11 18 19 20 21 24 25 26
16 3 4 5 6 7 8 9 10 11 18 19 20 21 24 25 26
13 3 7 9 10 12 13 18 19 20 21 24 25 26
15 3 6 7 8 9 10 12 13 18 19 20 21 24 25 26
16 3 4 5 7 9 10 11 12 13 18 19 20 21 24 25 26
18 3 4 5 6 7 8 9 10 11 12 13 18 19 20 21 24 25 26
11 7 9 15 17 18 19 20 21 24 25 26
13 6 7 8 9 15 17 18 19 20 21 24 25 26
13 3 7 9 10 15 17 18 19 20 21 24 25 26
15 3 6 7 8 9 10 15 17 18 19 20 21 24 25 26
13 4 7 9 11 15 17 18 19 20 21 24 25 26
15 4 6 7 8 9 11 15 17 18 19 20 21 24 25 26
16 3 4 5 7 9 10 11 15 17 18 19 20 21 24 25 26
18 3 4 5 6 7 8 9 10 11 15 17 18 19 20 21 24 25 26
15 3 7 9 10 12 13 15 17 18 19 20 21 24 25 26
17 3 6 7 8 9 10 12 13 15 17 18 19 20 21 24 25 26
18 3 4 5 7 9 10 11 12 13 15 17 18 19 20 21 24 25 26
20 3 4 5 6 7 8 9 10 11 12 13 15 17 18 19 20 21 24 25 26
13 7 9 14 15 16 17 18 19 20 21 24 25 26
15 6 7 8 9 14 15 16 17 18 19 20 21 24 25 26
15 3 7 9 10 14 15 16 17 18 19 20 21 24 25 26
17 3 6 7 8 9 10 14 15 16 17 18 19 20 21 24 25 26
15 4 7 9 11 14 15 16 17 18 19 20 21 24 25 26
17 4 6 7 8 9 11 14 15 16 17 18 19 20 21 24 25 26
18 3 4 5 7 9 10 11 14 15 16 17 18 19 20 21 24 25 26
20 3 4 5 6 7 8 9 10 11 14 15 16 17 18 19 20 21 24 25 26
17 3 7 9 10 12 13 14 15 16 17 18 19 20 21 24 25 26
19 3 6 7 8 9 10 12 13 14 15 16 17 18 19 20 21 24 25 26
20 3 4 5 7 9 10 11 12 13 14 15 16 17 18 19 20 21 24 25 26
22 3 4 5 6 7 8 9 10 11 12 13 14 15 16 17 18 19 20 21 24 25 26
7 7 20 22 23 24 25 26
9 6 7 8 20 22 23 24 25 26
9 7 15 17 20 22 23 24 25 26
11 6 7 8 15 17 20 22 23 24 25 26
11 7 14 15 16 17 20 22 23 24 25 26
13 6 7 8 14 15 16 17 20 22 23 24 25 26
9 7 18 19 20 22 23 24 25 26
11 6 7 8 18 19 20 22 23 24 25 26
11 7 15 17 18 19 20 22 23 24 25 26
13 6 7 8 15 17 18 19 20 22 23 24 25 26
13 7 14 15 16 17 18 19 20 22 23 24 25 26
15 6 7 8 14 15 16 17 18 19 20 22 23 24 25 26
9 7 9 20 21 22 23 24 25 26
11 6 7 8 9 20 21 22 23 24 25 26
11 3 7 9 10 20 21 22 23 24 25 26
13 3 6 7 8 9 10 20 21 22 23 24 25 26
11 4 7 9 11 20 21 22 23 24 25 26
13 4 6 7 8 9 11 20 21 22 23 24 25 26
14 3 4 5 7 9 10 11 20 21 22 23 24 25 26
16 3 4 5 6 7 8 9 10 11 20 21 22 23 24 25 26
13 3 7 9 10 12 13 20 21 22 23 24 25 26
15 3 6 7 8 9 10 12 13 20 21 22 23 24 25 26
16 3 4 5 7 9 10 11 12 13 20 21 22 23 24 25 26
18 3 4 5 6 7 8 9 10 11 12 13 20 21 22 23 24 25 26
11 7 9 15 17 20 21 22 23 24 25 26
13 6 7 8 9 15 17 20 21 22 23 24 25 26
13 3 7 9 10 15 17 20 21 22 23 24 25 26
15 3 6 7 8 9 10 15 17 20 21 22 23 24 25 26
13 4 7 9 11 15 17 20 21 22 23 24 25 26
15 4 6 7 8 9 11 15 17 20 21 22 23 24 25 26
16 3 4 5 7 9 10 11 15 17 20 21 22 23 24 25 26
18 3 4 5 6 7 8 9 10 11 15 17 20 21 22 23 24 25 26
15 3 7 9 10 12 13 15 17 20 21 22 23 24 25 26
17 3 6 7 8 9 10 12 13 15 17 20 21 22 23 24 25 26
18 3 4 5 7 9 10 11 12 13 15 17 20 21 22 23 24 25 26
20 3 4 5 6 7 8 9 10 11 12 13 15 17 20 21 22 23 24 25 26
13 7 9 14 15 16 17 20 21 22 23 24 25 26
15 6 7 8 9 14 15 16 17 20 21 22 23 24 25 26
15 3 7 9 10 14 15 16 17 20 21 22 23 24 25 26
17 3 6 7 8 9 10 14 15 16 17 20 21 22 23 24 25 26
15 4 7 9 11 14 15 16 17 20 21 22 23 24 25 26
17 4 6 7 8 9 11 14 15 16 17 20 21 22 23 24 25 26
18 3 4 5 7 9 10 11 14 15 16 17 20 21 22 23 24 25 26
20 3 4 5 6 7 8 9 10 11 14 15 16 17 20 21 22 23 24 25 26
17 3 7 9 10 12 13 14 15 16 17 20 21 22 23 24 25 26
19 3 6 7 8 9 10 12 13 14 15 16 17 20 21 22 23 24 25 26
20 3 4 5 7 9 10 11 12 13 14 15 16 17 20 21 22 23 24 25 26
22 3 4 5 6 7 8 9 10 11 12 13 14 15 16 17 20 21 22 23 24 25 26
11 7 9 18 19 20 21 22 23 24 25 26
13 6 7 8 9 18 19 20 21 22 23 24 25 26
13 3 7 9 10 18 19 20 21 22 23 24 25 26
15 3 6 7 8 9 10 18 19 20 21 22 23 24 25 26
13 4 7 9 11 18 19 20 21 22 23 24 25 26
15 4 6 7 8 9 11 18 19 20 21 22 23 24 25 26
16 3 4 5 7 9 10 11 18 19 20 21 22 23 24 25 26
18 3 4 5 6 7 8 9 10 11 18 19 20 21 22 23 24 25 26
15 3 7 9 10 12 13 18 19 20 21 22 23 24 25 26
17 3 6 7 8 9 10 12 13 18 19 20 21 22 23 24 25 26
18 3 4 5 7 9 10 11 12 13 18 19 20 21 22 23 24 25 26
20 3 4 5 6 7 8 9 10 11 12 13 18 19 20 21 22 23 24 25 26
13 7 9 15 17 18 19 20 21 22 23 24 25 26
15 6 7 8 9 15 17 18 19 20 21 22 23 24 25 26
15 3 7 9 10 15 17 18 19 20 21 22 23 24 25 26
17 3 6 7 8 9 10 15 17 18 19 20 21 22 23 24 25 26
15 4 7 9 11 15 17 18 19 20 21 22 23 24 25 26
17 4 6 7 8 9 11 15 17 18 19 20 21 22 23 24 25 26
18 3 4 5 7 9 10 11 15 17 18 19 20 21 22 23 24 25 26
20 3 4 5 6 7 8 9 10 11 15 17 18 19 20 21 22 23 24 25 26
17 3 7 9 10 12 13 15 17 18 19 20 21 22 23 24 25 26
19 3 6 7 8 9 10 12 13 15 17 18 19 20 21 22 23 24 25 26
20 3 4 5 7 9 10 11 12 13 15 17 18 19 20 21 22 23 24 25 26
22 3 4 5 6 7 8 9 10 11 12 13 15 17 18 19 20 21 22 23 24 25 26
15 7 9 14 15 16 17 18 19 20 21 22 23 24 25 26
17 6 7 8 9 14 15 16 17 18 19 20 21 22 23 24 25 26
17 3 7 9 10 14 15 16 17 18 19 20 21 22 23 24 25 26
19 3 6 7 8 9 10 14 15 16 17 18 19 20 21 22 23 24 25 26
17 4 7 9 11 14 15 16 17 18 19 20 21 22 23 24 25 26
19 4 6 7 8 9 11 14 15 16 17 18 19 20 21 22 23 24 25 26
20 3 4 5 7 9 10 11 14 15 16 17 18 19 20 21 22 23 24 25 26
22 3 4 5 6 7 8 9 10 11 14 15 16 17 18 19 20 21 22 23 24 25 26
19 3 7 9 10 12 13 14 15 16 17 18 19 20 21 22 23 24 25 26
21 3 6 7 8 9 10 12 13 14 15 16 17 18 19 20 21 22 23 24 25 26
22 3 4 5 7 9 10 11 12 13 14 15 16 17 18 19 20 21 22 23 24 25 26
24 3 4 5 6 7 8 9 10 11 12 13 14 15 16 17 18 19 20 21 22 23 24 25 26
26 1 2 3 4 5 6 7 8 9 10 11 12 13 14 15 16 17 18 19 20 21 22 23 24 25 26
1 8
1 16
1 19
1 21
1 23
1 10
1 5
3 17 19 21
7 1 7 11 15 18 22 26
3 9 14 24
2 4 12
1 25
5 2 3 6 13 20
1 11
1 13
11 6 7 8 11 14 16 18 21 22 24 25
14 1 2 3 4 5 9 10 12 15 17 19 20 23 26
4 4 15 20 22
2 8 11
2 17 26
8 3 6 7 12 13 16 19 23
2 14 25
5 1 5 9 10 18
1 17
2 8 21
4 2 3 18 22
5 6 7 11 17 20
5 4 10 13 15 16
4 12 23 24 25
2 1 19
2 9 26
1 26
9 2 10 13 14 16 18 20 23 26
9 1 7 9 11 12 17 22 24 25
8 3 4 5 6 8 15 19 21
4 3 8 10 22
11 1 6 7 11 12 14 15 16 19 20 25
3 9 23 26
3 4 13 21
3 2 5 24
2 17 18
2 9 25
4 3 19 23 26
8 4 6 7 8 13 15 16 22
3 12 18 24
4 1 2 5 20
4 11 14 17 21
3 4 14 16
10 2 11 12 13 15 17 18 19 24 26
5 3 5 7 20 21
3 6 9 22
2 1 25
1 27
1 28
1 29
1 30
3 29 30 31
1 32
3 30 32 33
5 29 30 31 32 33
1 34
1 35
3 34 35 36
3 32 35 37
5 30 32 33 35 37
7 29 30 31 32 33 35 37
5 32 34 35 36 37
7 30 32 33 34 35 36 37
9 29 30 31 32 33 34 35 36 37
1 38
1 39
3 38 39 40
1 41
3 29 41 42
5 29 30 31 41 42
7 29 30 31 32 33 41 42
9 29 30 31 32 33 35 37 41 42
11 29 30 31 32 33 34 35 36 37 41 42
1 43
1 44
3 43 44 45
3 38 44 46
5 38 39 40 44 46
5 38 43 44 45 46
7 38 39 40 43 44 45 46
3 32 44 47
5 30 32 33 44 47
7 29 30 31 32 33 44 47
5 32 35 37 44 47
7 30 32 33 35 37 44 47
9 29 30 31 32 33 35 37 44 47
7 32 34 35 36 37 44 47
9 30 32 33 34 35 36 37 44 47
11 29 30 31 32 33 34 35 36 37 44 47
9 29 30 31 32 33 41 42 44 47
11 29 30 31 32 33 35 37 41 42 44 47
13 29 30 31 32 33 34 35 36 37 41 42 44 47
5 32 43 44 45 47
7 30 32 33 43 44 45 47
9 29 30 31 32 33 43 44 45 47
7 32 35 37 43 44 45 47
9 30 32 33 35 37 43 44 45 47
11 29 30 31 32 33 35 37 43 44 45 47
9 32 34 35 36 37 43 44 45 47
11 30 32 33 34 35 36 37 43 44 45 47
13 29 30 31 32 33 34 35 36 37 43 44 45 47
11 29 30 31 32 33 41 42 43 44 45 47
13 29 30 31 32 33 35 37 41 42 43 44 45 47
15 29 30 31 32 33 34 35 36 37 41 42 43 44 45 47
5 32 38 44 46 47
7 30 32 33 38 44 46 47
9 29 30 31 32 33 38 44 46 47
7 32 35 37 38 44 46 47
9 30 32 33 35 37 38 44 46 47
11 29 30 31 32 33 35 37 38 44 46 47
9 32 34 35 36 37 38 44 46 47
11 30 32 33 34 35 36 37 38 44 46 47
13 29 30 31 32 33 34 35 36 37 38 44 46 47
7 32 38 39 40 44 46 47
9 30 32 33 38 39 40 44 46 47
11 29 30 31 32 33 38 39 40 44 46 47
9 32 35 37 38 39 40 44 46 47
11 30 32 33 35 37 38 39 40 44 46 47
13 29 30 31 32 33 35 37 38 39 40 44 46 47
11 32 34 35 36 37 38 39 40 44 46 47
13 30 32 33 34 35 36 37 38 39 40 44 46 47
15 29 30 31 32 33 34 35 36 37 38 39 40 44 46 47
11 29 30 31 32 33 38 41 42 44 46 47
13 29 30 31 32 33 35 37 38 41 42 44 46 47
15 29 30 31 32 33 34 35 36 37 38 41 42 44 46 47
13 29 30 31 32 33 38 39 40 41 42 44 46 47
15 29 30 31 32 33 35 37 38 39 40 41 42 44 46 47
17 29 30 31 32 33 34 35 36 37 38 39 40 41 42 44 46 47
7 32 38 43 44 45 46 47
9 30 32 33 38 43 44 45 46 47
11 29 30 31 32 33 38 43 44 45 46 47
9 32 35 37 38 43 44 45 46 47
11 30 32 33 35 37 38 43 44 45 46 47
13 29 30 31 32 33 35 37 38 43 44 45 46 47
11 32 34 35 36 37 38 43 44 45 46 47
13 30 32 33 34 35 36 37 38 43 44 45 46 47
15 29 30 31 32 33 34 35 36 37 38 43 44 45 46 47
9 32 38 39 40 43 44 45 46 47
11 30 32 33 38 39 40 43 44 45 46 47
13 29 30 31 32 33 38 39 40 43 44 45 46 47
11 32 35 37 38 39 40 43 44 45 46 47
13 30 32 33 35 37 38 39 40 43 44 45 46 47
15 29 30 31 32 33 35 37 38 39 40 43 44 45 46 47
13 32 34 35 36 37 38 39 40 43 44 45 46 47
15 30 32 33 34 35 36 37 38 39 40 43 44 45 46 47
17 29 30 31 32 33 34 35 36 37 38 39 40 43 44 45 46 47
13 29 30 31 32 33 38 41 42 43 44 45 46 47
15 29 30 31 32 33 35 37 38 41 42 43 44 45 46 47
17 29 30 31 32 33 34 35 36 37 38 41 42 43 44 45 46 47
15 29 30 31 32 33 38 39 40 41 42 43 44 45 46 47
17 29 30 31 32 33 35 37 38 39 40 41 42 43 44 45 46 47
19 29 30 31 32 33 34 35 36 37 38 39 40 41 42 43 44 45 46 47
8 30 33 35 37 40 43 44 47
3 27 29 45
2 32 34
5 31 36 38 39 46
2 41 42
1 31
1 33
1 37
1 40
1 46
4 32 37 40 43
5 31 34 45 46 47
12 27 28 29 30 33 35 36 38 39 41 42 44
1 36
1 42
1 45
8 32 33 35 37 38 40 43 45
13 27 28 29 30 31 34 36 39 41 42 44 46 47
21 27 28 29 30 31 32 33 34 35 36 37 38 39 40 41 42 43 44 45 46 47
1 47
2 35 46
5 29 30 31 32 44
7 27 33 34 37 38 39 43
7 28 36 40 41 42 45 47
2 36 45
2 39 40
8 28 30 32 33 37 38 42 47
4 31 34 35 43
4 27 41 44 46
1 48
1 49
1 50
3 49 50 51
1 52
1 53
3 52 53 54
3 50 53 55
5 49 50 51 53 55
5 50 52 53 54 55
7 49 50 51 52 53 54 55
1 56
1 57
3 56 57 58
3 50 57 59
5 49 50 51 57 59
5 50 53 55 57 59
7 49 50 51 53 55 57 59
7 50 52 53 54 55 57 59
9 49 50 51 52 53 54 55 57 59
5 50 56 57 58 59
7 49 50 51 56 57 58 59
7 50 53 55 56 57 58 59
9 49 50 51 53 55 56 57 58 59
9 50 52 53 54 55 56 57 58 59
11 49 50 51 52 53 54 55 56 57 58 59
1 60
3 57 60 61
5 56 57 58 60 61
5 50 57 59 60 61
7 49 50 51 57 59 60 61
7 50 53 55 57 59 60 61
9 49 50 51 53 55 57 59 60 61
9 50 52 53 54 55 57 59 60 61
11 49 50 51 52 53 54 55 57 59 60 61
7 50 56 57 58 59 60 61
9 49 50 51 56 57 58 59 60 61
9 50 53 55 56 57 58 59 60 61
11 49 50 51 53 55 56 57 58 59 60 61
11 50 52 53 54 55 56 57 58 59 60 61
13 49 50 51 52 53 54 55 56 57 58 59 60 61
1 62
3 57 62 63
5 56 57 58 62 63
5 50 57 59 62 63
7 49 50 51 57 59 62 63
7 50 53 55 57 59 62 63
9 49 50 51 53 55 57 59 62 63
9 50 52 53 54 55 57 59 62 63
11 49 50 51 52 53 54 55 57 59 62 63
7 50 56 57 58 59 62 63
9 49 50 51 56 57 58 59 62 63
9 50 53 55 56 57 58 59 62 63
11 49 50 51 53 55 56 57 58 59 62 63
11 50 52 53 54 55 56 57 58 59 62 63
13 49 50 51 52 53 54 55 56 57 58 59 62 63
5 57 60 61 62 63
7 56 57 58 60 61 62 63
7 50 57 59 60 61 62 63
9 49 50 51 57 59 60 61 62 63
9 50 53 55 57 59 60 61 62 63
11 49 50 51 53 55 57 59 60 61 62 63
11 50 52 53 54 55 57 59 60 61 62 63
13 49 50 51 52 53 54 55 57 59 60 61 62 63
9 50 56 57 58 59 60 61 62 63
11 49 50 51 56 57 58 59 60 61 62 63
11 50 53 55 56 57 58 59 60 61 62 63
13 49 50 51 53 55 56 57 58 59 60 61 62 63
13 50 52 53 54 55 56 57 58 59 60 61 62 63
15 49 50 51 52 53 54 55 56 57 58 59 60 61 62 63
1 64
1 65
3 64 65 66
3 57 65 67
5 56 57 58 65 67
5 50 57 59 65 67
7 49 50 51 57 59 65 67
7 50 53 55 57 59 65 67
9 49 50 51 53 55 57 59 65 67
9 50 52 53 54 55 57 59 65 67
11 49 50 51 52 53 54 55 57 59 65 67
7 50 56 57 58 59 65 67
9 49 50 51 56 57 58 59 65 67
9 50 53 55 56 57 58 59 65 67
11 49 50 51 53 55 56 57 58 59 65 67
11 50 52 53 54 55 56 57 58 59 65 67
13 49 50 51 52 53 54 55 56 57 58 59 65 67
5 57 60 61 65 67
7 56 57 58 60 61 65 67
7 50 57 59 60 61 65 67
9 49 50 51 57 59 60 61 65 67
9 50 53 55 57 59 60 61 65 67
11 49 50 51 53 55 57 59 60 61 65 67
11 50 52 53 54 55 57 59 60 61 65 67
13 49 50 51 52 53 54 55 57 59 60 61 65 67
9 50 56 57 58 59 60 61 65 67
11 49 50 51 56 57 58 59 60 61 65 67
11 50 53 55 56 57 58 59 60 61 65 67
13 49 50 51 53 55 56 57 58 59 60 61 65 67
13 50 52 53 54 55 56 57 58 59 60 61 65 67
15 49 50 51 52 53 54 55 56 57 58 59 60 61 65 67
5 57 62 63 65 67
7 56 57 58 62 63 65 67
7 50 57 59 62 63 65 67
9 49 50 51 57 59 62 63 65 67
9 50 53 55 57 59 62 63 65 67
11 49 50 51 53 55 57 59 62 63 65 67
11 50 52 53 54 55 57 59 62 63 65 67
13 49 50 51 52 53 54 55 57 59 62 63 65 67
9 50 56 57 58 59 62 63 65 67
11 49 50 51 56 57 58 59 62 63 65 67
11 50 53 55 56 57 58 59 62 63 65 67
13 49 50 51 53 55 56 57 58 59 62 63 65 67
13 50 52 53 54 55 56 57 58 59 62 63 65 67
15 49 50 51 52 53 54 55 56 57 58 59 62 63 65 67
7 57 60 61 62 63 65 67
9 56 57 58 60 61 62 63 65 67
9 50 57 59 60 61 62 63 65 67
11 49 50 51 57 59 60 61 62 63 65 67
11 50 53 55 57 59 60 61 62 63 65 67
13 49 50 51 53 55 57 59 60 61 62 63 65 67
13 50 52 53 54 55 57 59 60 61 62 63 65 67
15 49 50 51 52 53 54 55 57 59 60 61 62 63 65 67
11 50 56 57 58 59 60 61 62 63 65 67
13 49 50 51 56 57 58 59 60 61 62 63 65 67
13 50 53 55 56 57 58 59 60 61 62 63 65 67
15 49 50 51 53 55 56 57 58 59 60 61 62 63 65 67
15 50 52 53 54 55 56 57 58 59 60 61 62 63 65 67
17 49 50 51 52 53 54 55 56 57 58 59 60 61 62 63 65 67
5 57 64 65 66 67
7 56 57 58 64 65 66 67
7 50 57 59 64 65 66 67
9 49 50 51 57 59 64 65 66 67
9 50 53 55 57 59 64 65 66 67
11 49 50 51 53 55 57 59 64 65 66 67
11 50 52 53 54 55 57 59 64 65 66 67
13 49 50 51 52 53 54 55 57 59 64 65 66 67
9 50 56 57 58 59 64 65 66 67
11 49 50 51 56 57 58 59 64 65 66 67
11 50 53 55 56 57 58 59 64 65 66 67
13 49 50 51 53 55 56 57 58 59 64 65 66 67
13 50 52 53 54 55 56 57 58 59 64 65 66 67
15 49 50 51 52 53 54 55 56 57 58 59 64 65 66 67
7 57 60 61 64 65 66 67
9 56 57 58 60 61 64 65 66 67
9 50 57 59 60 61 64 65 66 67
11 49 50 51 57 59 60 61 64 65 66 67
11 50 53 55 57 59 60 61 64 65 66 67
13 49 50 51 53 55 57 59 60 61 64 65 66 67
13 50 52 53 54 55 57 59 60 61 64 65 66 67
15 49 50 51 52 53 54 55 57 59 60 61 64 65 66 67
11 50 56 57 58 59 60 61 64 65 66 67
13 49 50 51 56 57 58 59 60 61 64 65 66 67
13 50 53 55 56 57 58 59 60 61 64 65 66 67
15 49 50 51 53 55 56 57 58 59 60 61 64 65 66 67
15 50 52 53 54 55 56 57 58 59 60 61 64 65 66 67
17 49 50 51 52 53 54 55 56 57 58 59 60 61 64 65 66 67
7 57 62 63 64 65 66 67
9 56 57 58 62 63 64 65 66 67
9 50 57 59 62 63 64 65 66 67
11 49 50 51 57 59 62 63 64 65 66 67
11 50 53 55 57 59 62 63 64 65 66 67
13 49 50 51 53 55 57 59 62 63 64 65 66 67
13 50 52 53 54 55 57 59 62 63 64 65 66 67
15 49 50 51 52 53 54 55 57 59 62 63 64 65 66 67
11 50 56 57 58 59 62 63 64 65 66 67
13 49 50 51 56 57 58 59 62 63 64 65 66 67
13 50 53 55 56 57 58 59 62 63 64 65 66 67
15 49 50 51 53 55 56 57 58 59 62 63 64 65 66 67
15 50 52 53 54 55 56 57 58 59 62 63 64 65 66 67
17 49 50 51 52 53 54 55 56 57 58 59 62 63 64 65 66 67
9 57 60 61 62 63 64 65 66 67
11 56 57 58 60 61 62 63 64 65 66 67
11 50 57 59 60 61 62 63 64 65 66 67
13 49 50 51 57 59 60 61 62 63 64 65 66 67
13 50 53 55 57 59 60 61 62 63 64 65 66 67
15 49 50 51 53 55 57 59 60 61 62 63 64 65 66 67
15 50 52 53 54 55 57 59 60 61 62 63 64 65 66 67
17 49 50 51 52 53 54 55 57 59 60 61 62 63 64 65 66 67
13 50 56 57 58 59 60 61 62 63 64 65 66 67
15 49 50 51 56 57 58 59 60 61 62 63 64 65 66 67
15 50 53 55 56 57 58 59 60 61 62 63 64 65 66 67
17 49 50 51 53 55 56 57 58 59 60 61 62 63 64 65 66 67
17 50 52 53 54 55 56 57 58 59 60 61 62 63 64 65 66 67
19 49 50 51 52 53 54 55 56 57 58 59 60 61 62 63 64 65 66 67
1 68
1 69
3 68 69 70
1 71
3 68 71 72
5 68 69 70 71 72
1 73
3 53 73 74
5 52 53 54 73 74
5 50 53 55 73 74
7 49 50 51 53 55 73 74
7 50 52 53 54 55 73 74
9 49 50 51 52 53 54 55 73 74
7 50 53 55 57 59 73 74
9 49 50 51 53 55 57 59 73 74
9 50 52 53 54 55 57 59 73 74
11 49 50 51 52 53 54 55 57 59 73 74
9 50 53 55 56 57 58 59 73 74
11 49 50 51 53 55 56 57 58 59 73 74
11 50 52 53 54 55 56 57 58 59 73 74
13 49 50 51 52 53 54 55 56 57 58 59 73 74
9 50 53 55 57 59 60 61 73 74
11 49 50 51 53 55 57 59 60 61 73 74
11 50 52 53 54 55 57 59 60 61 73 74
13 49 50 51 52 53 54 55 57 59 60 61 73 74
11 50 53 55 56 57 58 59 60 61 73 74
13 49 50 51 53 55 56 57 58 59 60 61 73 74
13 50 52 53 54 55 56 57 58 59 60 61 73 74
15 49 50 51 52 53 54 55 56 57 58 59 60 61 73 74
9 50 53 55 57 59 62 63 73 74
11 49 50 51 53 55 57 59 62 63 73 74
11 50 52 53 54 55 57 59 62 63 73 74
13 49 50 51 52 53 54 55 57 59 62 63 73 74
11 50 53 55 56 57 58 59 62 63 73 74
13 49 50 51 53 55 56 57 58 59 62 63 73 74
13 50 52 53 54 55 56 57 58 59 62 63 73 74
15 49 50 51 52 53 54 55 56 57 58 59 62 63 73 74
11 50 53 55 57 59 60 61 62 63 73 74
13 49 50 51 53 55 57 59 60 61 62 63 73 74
13 50 52 53 54 55 57 59 60 61 62 63 73 74
15 49 50 51 52 53 54 55 57 59 60 61 62 63 73 74
13 50 53 55 56 57 58 59 60 61 62 63 73 74
15 49 50 51 53 55 56 57 58 59 60 61 62 63 73 74
15 50 52 53 54 55 56 57 58 59 60 61 62 63 73 74
17 49 50 51 52 53 54 55 56 57 58 59 60 61 62 63 73 74
9 50 53 55 57 59 65 67 73 74
11 49 50 51 53 55 57 59 65 67 73 74
11 50 52 53 54 55 57 59 65 67 73 74
13 49 50 51 52 53 54 55 57 59 65 67 73 74
11 50 53 55 56 57 58 59 65 67 73 74
13 49 50 51 53 55 56 57 58 59 65 67 73 74
13 50 52 53 54 55 56 57 58 59 65 67 73 74
15 49 50 51 52 53 54 55 56 57 58 59 65 67 73 74
11 50 53 55 57 59 60 61 65 67 73 74
13 49 50 51 53 55 57 59 60 61 65 67 73 74
13 50 52 53 54 55 57 59 60 61 65 67 73 74
15 49 50 51 52 53 54 55 57 59 60 61 65 67 73 74
13 50 53 55 56 57 58 59 60 61 65 67 73 74
15 49 50 51 53 55 56 57 58 59 60 61 65 67 73 74
15 50 52 53 54 55 56 57 58 59 60 61 65 67 73 74
17 49 50 51 52 53 54 55 56 57 58 59 60 61 65 67 73 74
11 50 53 55 57 59 62 63 65 67 73 74
13 49 50 51 53 55 57 59 62 63 65 67 73 74
13 50 52 53 54 55 57 59 62 63 65 67 73 74
15 49 50 51 52 53 54 55 57 59 62 63 65 67 73 74
13 50 53 55 56 57 58 59 62 63 65 67 73 74
15 49 50 51 53 55 56 57 58 59 62 63 65 67 73 74
15 50 52 53 54 55 56 57 58 59 62 63 65 67 73 74
17 49 50 51 52 53 54 55 56 57 58 59 62 63 65 67 73 74
13 50 53 55 57 59 60 61 62 63 65 67 73 74
15 49 50 51 53 55 57 59 60 61 62 63 65 67 73 74
15 50 52 53 54 55 57 59 60 61 62 63 65 67 73 74
17 49 50 51 52 53 54 55 57 59 60 61 62 63 65 67 73 74
15 50 53 55 56 57 58 59 60 61 62 63 65 67 73 74
17 49 50 51 53 55 56 57 58 59 60 61 62 63 65 67 73 74
17 50 52 53 54 55 56 57 58 59 60 61 62 63 65 67 73 74
19 49 50 51 52 53 54 55 56 57 58 59 60 61 62 63 65 67 73 74
11 50 53 55 57 59 64 65 66 67 73 74
13 49 50 51 53 55 57 59 64 65 66 67 73 74
13 50 52 53 54 55 57 59 64 65 66 67 73 74
15 49 50 51 52 53 54 55 57 59 64 65 66 67 73 74
13 50 53 55 56 57 58 59 64 65 66 67 73 74
15 49 50 51 53 55 56 57 58 59 64 65 66 67 73 74
15 50 52 53 54 55 56 57 58 59 64 65 66 67 73 74
17 49 50 51 52 53 54 55 56 57 58 59 64 65 66 67 73 74
13 50 53 55 57 59 60 61 64 65 66 67 73 74
15 49 50 51 53 55 57 59 60 61 64 65 66 67 73 74
15 50 52 53 54 55 57 59 60 61 64 65 66 67 73 74
17 49 50 51 52 53 54 55 57 59 60 61 64 65 66 67 73 74
15 50 53 55 56 57 58 59 60 61 64 65 66 67 73 74
17 49 50 51 53 55 56 57 58 59 60 61 64 65 66 67 73 74
17 50 52 53 54 55 56 57 58 59 60 61 64 65 66 67 73 74
19 49 50 51 52 53 54 55 56 57 58 59 60 61 64 65 66 67 73 74
13 50 53 55 57 59 62 63 64 65 66 67 73 74
15 49 50 51 53 55 57 59 62 63 64 65 66 67 73 74
15 50 52 53 54 55 57 59 62 63 64 65 66 67 73 74
17 49 50 51 52 53 54 55 57 59 62 63 64 65 66 67 73 74
15 50 53 55 56 57 58 59 62 63 64 65 66 67 73 74
17 49 50 51 53 55 56 57 58 59 62 63 64 65 66 67 73 74
17 50 52 53 54 55 56 57 58 59 62 63 64 65 66 67 73 74
19 49 50 51 52 53 54 55 56 57 58 59 62 63 64 65 66 67 73 74
15 50 53 55 57 59 60 61 62 63 64 65 66 67 73 74
17 49 50 51 53 55 57 59 60 61 62 63 64 65 66 67 73 74
17 50 52 53 54 55 57 59 60 61 62 63 64 65 66 67 73 74
19 49 50 51 52 53 54 55 57 59 60 61 62 63 64 65 66 67 73 74
17 50 53 55 56 57 58 59 60 61 62 63 64 65 66 67 73 74
19 49 50 51 53 55 56 57 58 59 60 61 62 63 64 65 66 67 73 74
19 50 52 53 54 55 56 57 58 59 60 61 62 63 64 65 66 67 73 74
21 49 50 51 52 53 54 55 56 57 58 59 60 61 62 63 64 65 66 67 73 74
2 55 69
3 56 61 73
3 53 60 66
2 50 51
2 57 70
6 58 62 63 65 68 74
6 48 52 59 67 71 72
2 49 54
1 51
1 54
1 58
1 61
1 63
1 72
1 74
4 49 67 68 70
2 54 60
6 52 55 56 57 65 74
2 58 71
5 51 53 59 61 72
5 50 63 64 66 69
1 55
1 70
7 50 54 59 63 65 72 74
2 49 69
2 52 60
2 57 66
2 61 62
2 51 67
5 53 55 56 58 71
3 64 68 70
1 66
1 67
1 75
1 76
1 77
1 78
3 77 78 79
1 80
3 78 80 81
5 77 78 79 80 81
1 82
3 80 82 83
5 78 80 81 82 83
7 77 78 79 80 81 82 83
1 84
1 85
3 84 85 86
1 87
1 88
3 87 88 89
1 90
3 88 90 91
5 87 88 89 90 91
1 92
1 93
3 92 93 94
3 90 93 95
5 88 90 91 93 95
7 87 88 89 90 91 93 95
5 90 92 93 94 95
7 88 90 91 92 93 94 95
9 87 88 89 90 91 92 93 94 95
1 96
3 85 96 97
5 84 85 86 96 97
3 77 96 98
5 77 78 79 96 98
7 77 78 79 80 81 96 98
9 77 78 79 80 81 82 83 96 98
5 77 85 96 97 98
7 77 78 79 85 96 97 98
9 77 78 79 80 81 85 96 97 98
11 77 78 79 80 81 82 83 85 96 97 98
7 77 84 85 86 96 97 98
9 77 78 79 84 85 86 96 97 98
11 77 78 79 80 81 84 85 86 96 97 98
13 77 78 79 80 81 82 83 84 85 86 96 97 98
3 90 96 99
5 88 90 91 96 99
7 87 88 89 90 91 96 99
5 90 93 95 96 99
7 88 90 91 93 95 96 99
9 87 88 89 90 91 93 95 96 99
7 90 92 93 94 95 96 99
9 88 90 91 92 93 94 95 96 99
11 87 88 89 90 91 92 93 94 95 96 99
5 85 90 96 97 99
7 84 85 86 90 96 97 99
7 85 88 90 91 96 97 99
9 84 85 86 88 90 91 96 97 99
9 85 87 88 89 90 91 96 97 99
11 84 85 86 87 88 89 90 91 96 97 99
7 85 90 93 95 96 97 99
9 84 85 86 90 93 95 96 97 99
9 85 88 90 91 93 95 96 97 99
11 84 85 86 88 90 91 93 95 96 97 99
11 85 87 88 89 90 91 93 95 96 97 99
13 84 85 86 87 88 89 90 91 93 95 96 97 99
9 85 90 92 93 94 95 96 97 99
11 84 85 86 90 92 93 94 95 96 97 99
11 85 88 90 91 92 93 94 95 96 97 99
13 84 85 86 88 90 91 92 93 94 95 96 97 99
13 85 87 88 89 90 91 92 93 94 95 96 97 99
15 84 85 86 87 88 89 90 91 92 93 94 95 96 97 99
5 77 90 96 98 99
7 77 78 79 90 96 98 99
9 77 78 79 80 81 90 96 98 99
11 77 78 79 80 81 82 83 90 96 98 99
7 77 88 90 91 96 98 99
9 77 78 79 88 90 91 96 98 99
11 77 78 79 80 81 88 90 91 96 98 99
13 77 78 79 80 81 82 83 88 90 91 96 98 99
9 77 87 88 89 90 91 96 98 99
11 77 78 79 87 88 89 90 91 96 98 99
13 77 78 79 80 81 87 88 89 90 91 96 98 99
15 77 78 79 80 81 82 83 87 88 89 90 91 96 98 99
7 77 90 93 95 96 98 99
9 77 78 79 90 93 95 96 98 99
11 77 78 79 80 81 90 93 95 96 98 99
13 77 78 79 80 81 82 83 90 93 95 96 98 99
9 77 88 90 91 93 95 96 98 99
11 77 78 79 88 90 91 93 95 96 98 99
13 77 78 79 80 81 88 90 91 93 95 96 98 99
15 77 78 79 80 81 82 83 88 90 91 93 95 96 98 99
11 77 87 88 89 90 91 93 95 96 98 99
13 77 78 79 87 88 89 90 91 93 95 96 98 99
15 77 78 79 80 81 87 88 89 90 91 93 95 96 98 99
17 77 78 79 80 81 82 83 87 88 89 90 91 93 95 96 98 99
9 77 90 92 93 94 95 96 98 99
11 77 78 79 90 92 93 94 95 96 98 99
13 77 78 79 80 81 90 92 93 94 95 96 98 99
15 77 78 79 80 81 82 83 90 92 93 94 95 96 98 99
11 77 88 90 91 92 93 94 95 96 98 99
13 77 78 79 88 90 91 92 93 94 95 96 98 99
15 77 78 79 80 81 88 90 91 92 93 94 95 96 98 99
17 77 78 79 80 81 82 83 88 90 91 92 93 94 95 96 98 99
13 77 87 88 89 90 91 92 93 94 95 96 98 99
15 77 78 79 87 88 89 90 91 92 93 94 95 96 98 99
17 77 78 79 80 81 87 88 89 90 91 92 93 94 95 96 98 99
19 77 78 79 80 81 82 83 87 88 89 90 91 92 93 94 95 96 98 99
7 77 85 90 96 97 98 99
9 77 78 79 85 90 96 97 98 99
11 77 78 79 80 81 85 90 96 97 98 99
13 77 78 79 80 81 82 83 85 90 96 97 98 99
9 77 84 85 86 90 96 97 98 99
11 77 78 79 84 85 86 90 96 97 98 99
13 77 78 79 80 81 84 85 86 90 96 97 98 99
15 77 78 79 80 81 82 83 84 85 86 90 96 97 98 99
9 77 85 88 90 91 96 97 98 99
11 77 78 79 85 88 90 91 96 97 98 99
13 77 78 79 80 81 85 88 90 91 96 97 98 99
15 77 78 79 80 81 82 83 85 88 90 91 96 97 98 99
11 77 84 85 86 88 90 91 96 97 98 99
13 77 78 79 84 85 86 88 90 91 96 97 98 99
15 77 78 79 80 81 84 85 86 88 90 91 96 97 98 99
17 77 78 79 80 81 82 83 84 85 86 88 90 91 96 97 98 99
11 77 85 87 88 89 90 91 96 97 98 99
13 77 78 79 85 87 88 89 90 91 96 97 98 99
15 77 78 79 80 81 85 87 88 89 90 91 96 97 98 99
17 77 78 79 80 81 82 83 85 87 88 89 90 91 96 97 98 99
13 77 84 85 86 87 88 89 90 91 96 97 98 99
15 77 78 79 84 85 86 87 88 89 90 91 96 97 98 99
17 77 78 79 80 81 84 85 86 87 88 89 90 91 96 97 98 99
19 77 78 79 80 81 82 83 84 85 86 87 88 89 90 91 96 97 98 99
9 77 85 90 93 95 96 97 98 99
11 77 78 79 85 90 93 95 96 97 98 99
13 77 78 79 80 81 85 90 93 95 96 97 98 99
15 77 78 79 80 81 82 83 85 90 93 95 96 97 98 99
11 77 84 85 86 90 93 95 96 97 98 99
13 77 78 79 84 85 86 90 93 95 96 97 98 99
15 77 78 79 80 81 84 85 86 90 93 95 96 97 98 99
17 77 78 79 80 81 82 83 84 85 86 90 93 95 96 97 98 99
11 77 85 88 90 91 93 95 96 97 98 99
13 77 78 79 85 88 90 91 93 95 96 97 98 99
15 77 78 79 80 81 85 88 90 91 93 95 96 97 98 99
17 77 78 79 80 81 82 83 85 88 90 91 93 95 96 97 98 99
13 77 84 85 86 88 90 91 93 95 96 97 98 99
15 77 78 79 84 85 86 88 90 91 93 95 96 97 98 99
17 77 78 79 80 81 84 85 86 88 90 91 93 95 96 97 98 99
19 77 78 79 80 81 82 83 84 85 86 88 90 91 93 95 96 97 98 99
13 77 85 87 88 89 90 91 93 95 96 97 98 99
15 77 78 79 85 87 88 89 90 91 93 95 96 97 98 99
17 77 78 79 80 81 85 87 88 89 90 91 93 95 96 97 98 99
19 77 78 79 80 81 82 83 85 87 88 89 90 91 93 95 96 97 98 99
15 77 84 85 86 87 88 89 90 91 93 95 96 97 98 99
17 77 78 79 84 85 86 87 88 89 90 91 93 95 96 97 98 99
19 77 78 79 80 81 84 85 86 87 88 89 90 91 93 95 96 97 98 99
21 77 78 79 80 81 82 83 84 85 86 87 88 89 90 91 93 95 96 97 98 99
11 77 85 90 92 93 94 95 96 97 98 99
13 77 78 79 85 90 92 93 94 95 96 97 98 99
15 77 78 79 80 81 85 90 92 93 94 95 96 97 98 99
17 77 78 79 80 81 82 83 85 90 92 93 94 95 96 97 98 99
13 77 84 85 86 90 92 93 94 95 96 97 98 99
15 77 78 79 84 85 86 90 92 93 94 95 96 97 98 99
17 77 78 79 80 81 84 85 86 90 92 93 94 95 96 97 98 99
19 77 78 79 80 81 82 83 84 85 86 90 92 93 94 95 96 97 98 99
13 77 85 88 90 91 92 93 94 95 96 97 98 99
15 77 78 79 85 88 90 91 92 93 94 95 96 97 98 99
17 77 78 79 80 81 85 88 90 91 92 93 94 95 96 97 98 99
19 77 78 79 80 81 82 83 85 88 90 91 92 93 94 95 96 97 98 99
15 77 84 85 86 88 90 91 92 93 94 95 96 97 98 99
17 77 78 79 84 85 86 88 90 91 92 93 94 95 96 97 98 99
19 77 78 79 80 81 84 85 86 88 90 91 92 93 94 95 96 97 98 99
21 77 78 79 80 81 82 83 84 85 86 88 90 91 92 93 94 95 96 97 98 99
15 77 85 87 88 89 90 91 92 93 94 95 96 97 98 99
17 77 78 79 85 87 88 89 90 91 92 93 94 95 96 97 98 99
19 77 78 79 80 81 85 87 88 89 90 91 92 93 94 95 96 97 98 99
21 77 78 79 80 81 82 83 85 87 88 89 90 91 92 93 94 95 96 97 98 99
17 77 84 85 86 87 88 89 90 91 92 93 94 95 96 97 98 99
19 77 78 79 84 85 86 87 88 89 90 91 92 93 94 95 96 97 98 99
21 77 78 79 80 81 84 85 86 87 88 89 90 91 92 93 94 95 96 97 98 99
23 77 78 79 80 81 82 83 84 85 86 87 88 89 90 91 92 93 94 95 96 97 98 99
1 100
3 80 100 101
5 78 80 81 100 101
7 77 78 79 80 81 100 101
5 80 82 83 100 101
7 78 80 81 82 83 100 101
9 77 78 79 80 81 82 83 100 101
9 77 78 79 80 81 96 98 100 101
11 77 78 79 80 81 82 83 96 98 100 101
11 77 78 79 80 81 85 96 97 98 100 101
13 77 78 79 80 81 82 83 85 96 97 98 100 101
13 77 78 79 80 81 84 85 86 96 97 98 100 101
15 77 78 79 80 81 82 83 84 85 86 96 97 98 100 101
11 77 78 79 80 81 90 96 98 99 100 101
13 77 78 79 80 81 82 83 90 96 98 99 100 101
13 77 78 79 80 81 88 90 91 96 98 99 100 101
15 77 78 79 80 81 82 83 88 90 91 96 98 99 100 101
15 77 78 79 80 81 87 88 89 90 91 96 98 99 100 101
17 77 78 79 80 81 82 83 87 88 89 90 91 96 98 99 100 101
13 77 78 79 80 81 90 93 95 96 98 99 100 101
15 77 78 79 80 81 82 83 90 93 95 96 98 99 100 101
15 77 78 79 80 81 88 90 91 93 95 96 98 99 100 101
17 77 78 79 80 81 82 83 88 90 91 93 95 96 98 99 100 101
17 77 78 79 80 81 87 88 89 90 91 93 95 96 98 99 100 101
19 77 78 79 80 81 82 83 87 88 89 90 91 93 95 96 98 99 100 101
15 77 78 79 80 81 90 92 93 94 95 96 98 99 100 101
17 77 78 79 80 81 82 83 90 92 93 94 95 96 98 99 100 101
17 77 78 79 80 81 88 90 91 92 93 94 95 96 98 99 100 101
19 77 78 79 80 81 82 83 88 90 91 92 93 94 95 96 98 99 100 101
19 77 78 79 80 81 87 88 89 90 91 92 93 94 95 96 98 99 100 101
21 77 78 79 80 81 82 83 87 88 89 90 91 92 93 94 95 96 98 99 100 101
13 77 78 79 80 81 85 90 96 97 98 99 100 101
15 77 78 79 80 81 82 83 85 90 96 97 98 99 100 101
15 77 78 79 80 81 84 85 86 90 96 97 98 99 100 101
17 77 78 79 80 81 82 83 84 85 86 90 96 97 98 99 100 101
15 77 78 79 80 81 85 88 90 91 96 97 98 99 100 101
17 77 78 79 80 81 82 83 85 88 90 91 96 97 98 99 100 101
17 77 78 79 80 81 84 85 86 88 90 91 96 97 98 99 100 101
19 77 78 79 80 81 82 83 84 85 86 88 90 91 96 97 98 99 100 101
17 77 78 79 80 81 85 87 88 89 90 91 96 97 98 99 100 101
19 77 78 79 80 81 82 83 85 87 88 89 90 91 96 97 98 99 100 101
19 77 78 79 80 81 84 85 86 87 88 89 90 91 96 97 98 99 100 101
21 77 78 79 80 81 82 83 84 85 86 87 88 89 90 91 96 97 98 99 100 101
15 77 78 79 80 81 85 90 93 95 96 97 98 99 100 101
17 77 78 79 80 81 82 83 85 90 93 95 96 97 98 99 100 101
17 77 78 79 80 81 84 85 86 90 93 95 96 97 98 99 100 101
19 77 78 79 80 81 82 83 84 85 86 90 93 95 96 97 98 99 100 101
17 77 78 79 80 81 85 88 90 91 93 95 96 97 98 99 100 101
19 77 78 79 80 81 82 83 85 88 90 91 93 95 96 97 98 99 100 101
19 77 78 79 80 81 84 85 86 88 90 91 93 95 96 97 98 99 100 101
21 77 78 79 80 81 82 83 84 85 86 88 90 91 93 95 96 97 98 99 100 101
19 77 78 79 80 81 85 87 88 89 90 91 93 95 96 97 98 99 100 101
21 77 78 79 80 81 82 83 85 87 88 89 90 91 93 95 96 97 98 99 100 101
21 77 78 79 80 81 84 85 86 87 88 89 90 91 93 95 96 97 98 99 100 101
23 77 78 79 80 81 82 83 84 85 86 87 88 89 90 91 93 95 96 97 98 99 100 101
17 77 78 79 80 81 85 90 92 93 94 95 96 97 98 99 100 101
19 77 78 79 80 81 82 83 85 90 92 93 94 95 96 97 98 99 100 101
19 77 78 79 80 81 84 85 86 90 92 93 94 95 96 97 98 99 100 101
21 77 78 79 80 81 82 83 84 85 86 90 92 93 94 95 96 97 98 99 100 101
19 77 78 79 80 81 85 88 90 91 92 93 94 95 96 97 98 99 100 101
21 77 78 79 80 81 82 83 85 88 90 91 92 93 94 95 96 97 98 99 100 101
21 77 78 79 80 81 84 85 86 88 90 91 92 93 94 95 96 97 98 99 100 101
23 77 78 79 80 81 82 83 84 85 86 88 90 91 92 93 94 95 96 97 98 99 100 101
21 77 78 79 80 81 85 87 88 89 90 91 92 93 94 95 96 97 98 99 100 101
23 77 78 79 80 81 82 83 85 87 88 89 90 91 92 93 94 95 96 97 98 99 100 101
23 77 78 79 80 81 84 85 86 87 88 89 90 91 92 93 94 95 96 97 98 99 100 101
25 77 78 79 80 81 82 83 84 85 86 87 88 89 90 91 92 93 94 95 96 97 98 99 100 101
1 102
1 103
3 102 103 104
3 92 103 105
5 92 93 94 103 105
7 90 92 93 94 95 103 105
9 88 90 91 92 93 94 95 103 105
11 87 88 89 90 91 92 93 94 95 103 105
9 90 92 93 94 95 96 99 103 105
11 88 90 91 92 93 94 95 96 99 103 105
13 87 88 89 90 91 92 93 94 95 96 99 103 105
11 85 90 92 93 94 95 96 97 99 103 105
13 84 85 86 90 92 93 94 95 96 97 99 103 105
13 85 88 90 91 92 93 94 95 96 97 99 103 105
15 84 85 86 88 90 91 92 93 94 95 96 97 99 103 105
15 85 87 88 89 90 91 92 93 94 95 96 97 99 103 105
17 84 85 86 87 88 89 90 91 92 93 94 95 96 97 99 103 105
11 77 90 92 93 94 95 96 98 99 103 105
13 77 78 79 90 92 93 94 95 96 98 99 103 105
15 77 78 79 80 81 90 92 93 94 95 96 98 99 103 105
17 77 78 79 80 81 82 83 90 92 93 94 95 96 98 99 103 105
13 77 88 90 91 92 93 94 95 96 98 99 103 105
15 77 78 79 88 90 91 92 93 94 95 96 98 99 103 105
17 77 78 79 80 81 88 90 91 92 93 94 95 96 98 99 103 105
19 77 78 79 80 81 82 83 88 90 91 92 93 94 95 96 98 99 103 105
15 77 87 88 89 90 91 92 93 94 95 96 98 99 103 105
17 77 78 79 87 88 89 90 91 92 93 94 95 96 98 99 103 105
19 77 78 79 80 81 87 88 89 90 91 92 93 94 95 96 98 99 103 105
21 77 78 79 80 81 82 83 87 88 89 90 91 92 93 94 95 96 98 99 103 105
13 77 85 90 92 93 94 95 96 97 98 99 103 105
15 77 78 79 85 90 92 93 94 95 96 97 98 99 103 105
17 77 78 79 80 81 85 90 92 93 94 95 96 97 98 99 103 105
19 77 78 79 80 81 82 83 85 90 92 93 94 95 96 97 98 99 103 105
15 77 84 85 86 90 92 93 94 95 96 97 98 99 103 105
17 77 78 79 84 85 86 90 92 93 94 95 96 97 98 99 103 105
19 77 78 79 80 81 84 85 86 90 92 93 94 95 96 97 98 99 103 105
21 77 78 79 80 81 82 83 84 85 86 90 92 93 94 95 96 97 98 99 103 105
15 77 85 88 90 91 92 93 94 95 96 97 98 99 103 105
17 77 78 79 85 88 90 91 92 93 94 95 96 97 98 99 103 105
19 77 78 79 80 81 85 88 90 91 92 93 94 95 96 97 98 99 103 105
21 77 78 79 80 81 82 83 85 88 90 91 92 93 94 95 96 97 98 99 103 105
17 77 84 85 86 88 90 91 92 93 94 95 96 97 98 99 103 105
19 77 78 79 84 85 86 88 90 91 92 93 94 95 96 97 98 99 103 105
21 77 78 79 80 81 84 85 86 88 90 91 92 93 94 95 96 97 98 99 103 105
23 77 78 79 80 81 82 83 84 85 86 88 90 91 92 93 94 95 96 97 98 99 103 105
17 77 85 87 88 89 90 91 92 93 94 95 96 97 98 99 103 105
19 77 78 79 85 87 88 89 90 91 92 93 94 95 96 97 98 99 103 105
21 77 78 79 80 81 85 87 88 89 90 91 92 93 94 95 96 97 98 99 103 105
23 77 78 79 80 81 82 83 85 87 88 89 90 91 92 93 94 95 96 97 98 99 103 105
19 77 84 85 86 87 88 89 90 91 92 93 94 95 96 97 98 99 103 105
21 77 78 79 84 85 86 87 88 89 90 91 92 93 94 95 96 97 98 99 103 105
23 77 78 79 80 81 84 85 86 87 88 89 90 91 92 93 94 95 96 97 98 99 103 105
25 77 78 79 80 81 82 83 84 85 86 87 88 89 90 91 92 93 94 95 96 97 98 99 103 105
17 77 78 79 80 81 90 92 93 94 95 96 98 99 100 101 103 105
19 77 78 79 80 81 82 83 90 92 93 94 95 96 98 99 100 101 103 105
19 77 78 79 80 81 88 90 91 92 93 94 95 96 98 99 100 101 103 105
21 77 78 79 80 81 82 83 88 90 91 92 93 94 95 96 98 99 100 101 103 105
21 77 78 79 80 81 87 88 89 90 91 92 93 94 95 96 98 99 100 101 103 105
23 77 78 79 80 81 82 83 87 88 89 90 91 92 93 94 95 96 98 99 100 101 103 105
19 77 78 79 80 81 85 90 92 93 94 95 96 97 98 99 100 101 103 105
21 77 78 79 80 81 82 83 85 90 92 93 94 95 96 97 98 99 100 101 103 105
21 77 78 79 80 81 84 85 86 90 92 93 94 95 96 97 98 99 100 101 103 105
23 77 78 79 80 81 82 83 84 85 86 90 92 93 94 95 96 97 98 99 100 101 103 105
21 77 78 79 80 81 85 88 90 91 92 93 94 95 96 97 98 99 100 101 103 105
23 77 78 79 80 81 82 83 85 88 90 91 92 93 94 95 96 97 98 99 100 101 103 105
23 77 78 79 80 81 84 85 86 88 90 91 92 93 94 95 96 97 98 99 100 101 103 105
25 77 78 79 80 81 82 83 84 85 86 88 90 91 92 93 94 95 96 97 98 99 100 101 103 105
23 77 78 79 80 81 85 87 88 89 90 91 92 93 94 95 96 97 98 99 100 101 103 105
25 77 78 79 80 81 82 83 85 87 88 89 90 91 92 93 94 95 96 97 98 99 100 101 103 105
25 77 78 79 80 81 84 85 86 87 88 89 90 91 92 93 94 95 96 97 98 99 100 101 103 105
27 77 78 79 80 81 82 83 84 85 86 87 88 89 90 91 92 93 94 95 96 97 98 99 100 101 103 105
5 92 102 103 104 105
7 92 93 94 102 103 104 105
9 90 92 93 94 95 102 103 104 105
11 88 90 91 92 93 94 95 102 103 104 105
13 87 88 89 90 91 92 93 94 95 102 103 104 105
11 90 92 93 94 95 96 99 102 103 104 105
13 88 90 91 92 93 94 95 96 99 102 103 104 105
15 87 88 89 90 91 92 93 94 95 96 99 102 103 104 105
13 85 90 92 93 94 95 96 97 99 102 103 104 105
15 84 85 86 90 92 93 94 95 96 97 99 102 103 104 105
15 85 88 90 91 92 93 94 95 96 97 99 102 103 104 105
17 84 85 86 88 90 91 92 93 94 95 96 97 99 102 103 104 105
17 85 87 88 89 90 91 92 93 94 95 96 97 99 102 103 104 105
19 84 85 86 87 88 89 90 91 92 93 94 95 96 97 99 102 103 104 105
13 77 90 92 93 94 95 96 98 99 102 103 104 105
15 77 78 79 90 92 93 94 95 96 98 99 102 103 104 105
17 77 78 79 80 81 90 92 93 94 95 96 98 99 102 103 104 105
19 77 78 79 80 81 82 83 90 92 93 94 95 96 98 99 102 103 104 105
15 77 88 90 91 92 93 94 95 96 98 99 102 103 104 105
17 77 78 79 88 90 91 92 93 94 95 96 98 99 102 103 104 105
19 77 78 79 80 81 88 90 91 92 93 94 95 96 98 99 102 103 104 105
21 77 78 79 80 81 82 83 88 90 91 92 93 94 95 96 98 99 102 103 104 105
17 77 87 88 89 90 91 92 93 94 95 96 98 99 102 103 104 105
19 77 78 79 87 88 89 90 91 92 93 94 95 96 98 99 102 103 104 105
21 77 78 79 80 81 87 88 89 90 91 92 93 94 95 96 98 99 102 103 104 105
23 77 78 79 80 81 82 83 87 88 89 90 91 92 93 94 95 96 98 99 102 103 104 105
15 77 85 90 92 93 94 95 96 97 98 99 102 103 104 105
17 77 78 79 85 90 92 93 94 95 96 97 98 99 102 103 104 105
19 77 78 79 80 81 85 90 92 93 94 95 96 97 98 99 102 103 104 105
21 77 78 79 80 81 82 83 85 90 92 93 94 95 96 97 98 99 102 103 104 105
17 77 84 85 86 90 92 93 94 95 96 97 98 99 102 103 104 105
19 77 78 79 84 85 86 90 92 93 94 95 96 97 98 99 102 103 104 105
21 77 78 79 80 81 84 85 86 90 92 93 94 95 96 97 98 99 102 103 104 105
23 77 78 79 80 81 82 83 84 85 86 90 92 93 94 95 96 97 98 99 102 103 104 105
17 77 85 88 90 91 92 93 94 95 96 97 98 99 102 103 104 105
19 77 78 79 85 88 90 91 92 93 94 95 96 97 98 99 102 103 104 105
21 77 78 79 80 81 85 88 90 91 92 93 94 95 96 97 98 99 102 103 104 105
23 77 78 79 80 81 82 83 85 88 90 91 92 93 94 95 96 97 98 99 102 103 104 105
19 77 84 85 86 88 90 91 92 93 94 95 96 97 98 99 102 103 104 105
21 77 78 79 84 85 86 88 90 91 92 93 94 95 96 97 98 99 102 103 104 105
23 77 78 79 80 81 84 85 86 88 90 91 92 93 94 95 96 97 98 99 102 103 104 105
25 77 78 79 80 81 82 83 84 85 86 88 90 91 92 93 94 95 96 97 98 99 102 103 104 105
19 77 85 87 88 89 90 91 92 93 94 95 96 97 98 99 102 103 104 105
21 77 78 79 85 87 88 89 90 91 92 93 94 95 96 97 98 99 102 103 104 105
23 77 78 79 80 81 85 87 88 89 90 91 92 93 94 95 96 97 98 99 102 103 104 105
25 77 78 79 80 81 82 83 85 87 88 89 90 91 92 93 94 95 96 97 98 99 102 103 104 105
21 77 84 85 86 87 88 89 90 91 92 93 94 95 96 97 98 99 102 103 104 105
23 77 78 79 84 85 86 87 88 89 90 91 92 93 94 95 96 97 98 99 102 103 104 105
25 77 78 79 80 81 84 85 86 87 88 89 90 91 92 93 94 95 96 97 98 99 102 103 104 105
27 77 78 79 80 81 82 83 84 85 86 87 88 89 90 91 92 93 94 95 96 97 98 99 102 103 104 105
19 77 78 79 80 81 90 92 93 94 95 96 98 99 100 101 102 103 104 105
21 77 78 79 80 81 82 83 90 92 93 94 95 96 98 99 100 101 102 103 104 105
21 77 78 79 80 81 88 90 91 92 93 94 95 96 98 99 100 101 102 103 104 105
23 77 78 79 80 81 82 83 88 90 91 92 93 94 95 96 98 99 100 101 102 103 104 105
23 77 78 79 80 81 87 88 89 90 91 92 93 94 95 96 98 99 100 101 102 103 104 105
25 77 78 79 80 81 82 83 87 88 89 90 91 92 93 94 95 96 98 99 100 101 102 103 104 105
21 77 78 79 80 81 85 90 92 93 94 95 96 97 98 99 100 101 102 103 104 105
23 77 78 79 80 81 82 83 85 90 92 93 94 95 96 97 98 99 100 101 102 103 104 105
23 77 78 79 80 81 84 85 86 90 92 93 94 95 96 97 98 99 100 101 102 103 104 105
25 77 78 79 80 81 82 83 84 85 86 90 92 93 94 95 96 97 98 99 100 101 102 103 104 105
23 77 78 79 80 81 85 88 90 91 92 93 94 95 96 97 98 99 100 101 102 103 104 105
25 77 78 79 80 81 82 83 85 88 90 91 92 93 94 95 96 97 98 99 100 101 102 103 104 105
25 77 78 79 80 81 84 85 86 88 90 91 92 93 94 95 96 97 98 99 100 101 102 103 104 105
27 77 78 79 80 81 82 83 84 85 86 88 90 91 92 93 94 95 96 97 98 99 100 101 102 103 104 105
25 77 78 79 80 81 85 87 88 89 90 91 92 93 94 95 96 97 98 99 100 101 102 103 104 105
27 77 78 79 80 81 82 83 85 87 88 89 90 91 92 93 94 95 96 97 98 99 100 101 102 103 104 105
27 77 78 79 80 81 84 85 86 87 88 89 90 91 92 93 94 95 96 97 98 99 100 101 102 103 104 105
29 77 78 79 80 81 82 83 84 85 86 87 88 89 90 91 92 93 94 95 96 97 98 99 100 101 102 103 104 105
2 75 82
9 78 81 85 90 91 95 97 98 102
2 89 104
7 76 79 80 87 93 103 105
2 86 88
2 77 94
2 83 92
1 99
2 84 96
1 101
1 83
1 89
1 91
1 104
1 105
8 75 76 79 84 87 96 97 105
23 77 78 80 81 82 83 85 86 88 89 90 91 92 93 94 95 98 99 100 101 102 103 104
1 95
5 75 78 85 86 87
6 81 84 90 96 102 105
5 76 95 99 100 101
15 77 79 80 82 83 88 89 91 92 93 94 97 98 103 104
1 94
13 77 78 79 85 89 91 92 95 97 99 100 102 103
10 80 83 88 90 93 94 98 101 104 105
7 75 76 81 82 86 87 96
1 81
1 86
1 97
2 79 92
3 78 85 86
9 75 82 83 84 93 95 96 102 104
6 80 81 94 101 103 105
3 76 88 98
3 87 97 99
2 89 91
1 79
2 97 101
4 76 82 85 95
3 84 86 96
3 83 100 103
4 78 80 88 90
8 77 79 87 93 94 98 102 104
3 75 81 89
2 81 85
6 77 79 92 94 102 105
2 82 91
21 75 76 78 80 83 84 86 87 88 89 90 93 95 96 97 98 99 100 101 103 104
4 76 80 92 96
6 78 89 90 94 99 101
3 83 84 86
2 75 81
12 77 79 82 87 91 93 95 97 100 103 104 105
4 85 88 98 102
8 76 85 86 89 92 93 103 105
2 87 91
6 75 77 82 95 100 101
3 83 90 96
12 78 79 80 81 84 88 94 97 98 99 102 104
1 106
1 107
1 108
3 107 108 109
1 110
3 108 110 111
5 107 108 109 110 111
1 112
1 113
3 112 113 114
3 110 113 115
5 108 110 111 113 115
7 107 108 109 110 111 113 115
5 110 112 113 114 115
7 108 110 111 112 113 114 115
9 107 108 109 110 111 112 113 114 115
1 116
3 108 116 117
5 107 108 109 116 117
5 108 110 111 116 117
7 107 108 109 110 111 116 117
7 108 110 111 113 115 116 117
9 107 108 109 110 111 113 115 116 117
9 108 110 111 112 113 114 115 116 117
11 107 108 109 110 111 112 113 114 115 116 117
1 118
1 119
3 118 119 120
3 116 119 121
5 108 116 117 119 121
7 107 108 109 116 117 119 121
7 108 110 111 116 117 119 121
9 107 108 109 110 111 116 117 119 121
9 108 110 111 113 115 116 117 119 121
11 107 108 109 110 111 113 115 116 117 119 121
11 108 110 111 112 113 114 115 116 117 119 121
13 107 108 109 110 111 112 113 114 115 116 117 119 121
5 116 118 119 120 121
7 108 116 117 118 119 120 121
9 107 108 109 116 117 118 119 120 121
9 108 110 111 116 117 118 119 120 121
11 107 108 109 110 111 116 117 118 119 120 121
11 108 110 111 113 115 116 117 118 119 120 121
13 107 108 109 110 111 113 115 116 117 118 119 120 121
13 108 110 111 112 113 114 115 116 117 118 119 120 121
15 107 108 109 110 111 112 113 114 115 116 117 118 119 120 121
1 122
3 112 122 123
5 112 113 114 122 123
7 110 112 113 114 115 122 123
9 108 110 111 112 113 114 115 122 123
11 107 108 109 110 111 112 113 114 115 122 123
11 108 110 111 112 113 114 115 116 117 122 123
13 107 108 109 110 111 112 113 114 115 116 117 122 123
13 108 110 111 112 113 114 115 116 117 119 121 122 123
15 107 108 109 110 111 112 113 114 115 116 117 119 121 122 123
15 108 110 111 112 113 114 115 116 117 118 119 120 121 122 123
17 107 108 109 110 111 112 113 114 115 116 117 118 119 120 121 122 123
1 124
3 122 124 125
5 112 122 123 124 125
7 112 113 114 122 123 124 125
9 110 112 113 114 115 122 123 124 125
11 108 110 111 112 113 114 115 122 123 124 125
13 107 108 109 110 111 112 113 114 115 122 123 124 125
13 108 110 111 112 113 114 115 116 117 122 123 124 125
15 107 108 109 110 111 112 113 114 115 116 117 122 123 124 125
15 108 110 111 112 113 114 115 116 117 119 121 122 123 124 125
17 107 108 109 110 111 112 113 114 115 116 117 119 121 122 123 124 125
17 108 110 111 112 113 114 115 116 117 118 119 120 121 122 123 124 125
19 107 108 109 110 111 112 113 114 115 116 117 118 119 120 121 122 123 124 125
1 126
3 118 126 127
5 118 119 120 126 127
7 116 118 119 120 121 126 127
9 108 116 117 118 119 120 121 126 127
11 107 108 109 116 117 118 119 120 121 126 127
11 108 110 111 116 117 118 119 120 121 126 127
13 107 108 109 110 111 116 117 118 119 120 121 126 127
13 108 110 111 113 115 116 117 118 119 120 121 126 127
15 107 108 109 110 111 113 115 116 117 118 119 120 121 126 127
15 108 110 111 112 113 114 115 116 117 118 119 120 121 126 127
17 107 108 109 110 111 112 113 114 115 116 117 118 119 120 121 126 127
17 108 110 111 112 113 114 115 116 117 118 119 120 121 122 123 126 127
19 107 108 109 110 111 112 113 114 115 116 117 118 119 120 121 122 123 126 127
19 108 110 111 112 113 114 115 116 117 118 119 120 121 122 123 124 125 126 127
21 107 108 109 110 111 112 113 114 115 116 117 118 119 120 121 122 123 124 125 126 127
22 106 107 108 109 110 111 112 113 114 115 116 117 118 119 120 121 122 123 124 125 126 127
1 114
1 123
1 125
1 127
7 108 111 114 115 116 125 127
3 109 117 123
12 106 107 110 112 113 118 119 120 121 122 124 126
1 109
2 107 127
5 113 114 120 124 126
7 109 111 115 117 119 122 123
6 106 108 112 118 121 125
1 111
1 115
1 117
1 120
1 121
8 109 111 115 117 122 124 126 127
13 106 108 110 112 113 114 116 118 119 120 121 123 125
4 110 111 115 118
3 106 112 120
9 107 109 113 114 119 122 123 125 127
4 108 117 121 126
4 106 114 118 119
2 113 115
5 107 116 117 121 127
4 112 120 122 125
6 108 109 110 123 124 126
5 114 121 122 125 126
3 108 109 112
2 107 117
4 110 113 116 124
2 115 123
3 111 118 120
11 108 110 112 113 115 119 120 121 123 125 126
7 106 109 114 116 117 124 127
5 107 109 115 120 126
2 116 121
9 108 112 113 114 117 118 119 123 127
3 107 113 116
5 111 117 120 122 127
3 112 121 126
2 115 125
2 109 119
4 106 110 114 124
15 106 107 108 109 111 113 116 117 118 120 121 123 124 125 126
5 114 115 119 122 127
6 109 110 119 121 126 127
8 106 112 115 117 118 120 122 124
3 111 116 123
3 107 113 125
3 115 116 122
3 114 117 124
3 107 123 125
3 108 112 121
2 106 111
2 110 113
4 109 119 120 127
7 106 109 110 111 115 123 125
4 107 108 122 127
7 113 114 116 117 118 119 120
14 108 109 110 111 112 116 117 118 120 121 122 124 125 126
3 106 107 113
4 114 115 119 127
2 116 125
3 106 111 115
2 113 127
2 110 117
2 108 121
3 118 119 123
6 107 109 112 120 122 124
2 114 116
3 107 125 126
8 109 110 115 119 120 123 124 127
2 108 111
5 112 113 117 118 121
2 106 122
1 128
1 129
1 130
1 131
1 132
1 133
3 132 133 134
1 135
1 136
3 135 136 137
1 138
3 136 138 139
5 135 136 137 138 139
1 140
3 132 140 141
5 132 133 134 140 141
3 135 140 142
5 135 136 137 140 142
7 135 136 137 138 139 140 142
5 132 135 140 141 142
7 132 133 134 135 140 141 142
7 132 135 136 137 140 141 142
9 132 133 134 135 136 137 140 141 142
1 143
1 144
3 143 144 145
1 146
1 147
3 146 147 148
1 149
3 144 149 150
5 143 144 145 149 150
1 151
1 152
3 151 152 153
1 154
1 155
3 154 155 156
1 157
3 147 157 158
5 146 147 148 157 158
1 159
3 157 159 160
5 147 157 158 159 160
7 146 147 148 157 158 159 160
1 161
3 157 161 162
5 147 157 158 161 162
7 146 147 148 157 158 161 162
5 157 159 160 161 162
7 147 157 158 159 160 161 162
9 146 147 148 157 158 159 160 161 162
1 163
3 154 163 164
3 155 163 165
6 154 155 156 163 164 165
1 166
3 161 166 167
5 157 161 162 166 167
7 147 157 158 161 162 166 167
9 146 147 148 157 158 161 162 166 167
7 157 159 160 161 162 166 167
9 147 157 158 159 160 161 162 166 167
11 146 147 148 157 158 159 160 161 162 166 167
1 168
3 166 168 169
5 161 166 167 168 169
7 157 161 162 166 167 168 169
9 147 157 158 161 162 166 167 168 169
11 146 147 148 157 158 161 162 166 167 168 169
9 157 159 160 161 162 166 167 168 169
11 147 157 158 159 160 161 162 166 167 168 169
13 146 147 148 157 158 159 160 161 162 166 167 168 169
1 170
1 171
3 170 171 172
3 166 171 173
5 161 166 167 171 173
7 157 161 162 166 167 171 173
9 147 157 158 161 162 166 167 171 173
11 146 147 148 157 158 161 162 166 167 171 173
9 157 159 160 161 162 166 167 171 173
11 147 157 158 159 160 161 162 166 167 171 173
13 146 147 148 157 158 159 160 161 162 166 167 171 173
5 166 168 169 171 173
7 161 166 167 168 169 171 173
9 157 161 162 166 167 168 169 171 173
11 147 157 158 161 162 166 167 168 169 171 173
13 146 147 148 157 158 161 162 166 167 168 169 171 173
11 157 159 160 161 162 166 167 168 169 171 173
13 147 157 158 159 160 161 162 166 167 168 169 171 173
15 146 147 148 157 158 159 160 161 162 166 167 168 169 171 173
5 166 170 171 172 173
7 161 166 167 170 171 172 173
9 157 161 162 166 167 170 171 172 173
11 147 157 158 161 162 166 167 170 171 172 173
13 146 147 148 157 158 161 162 166 167 170 171 172 173
11 157 159 160 161 162 166 167 170 171 172 173
13 147 157 158 159 160 161 162 166 167 170 171 172 173
15 146 147 148 157 158 159 160 161 162 166 167 170 171 172 173
7 166 168 169 170 171 172 173
9 161 166 167 168 169 170 171 172 173
11 157 161 162 166 167 168 169 170 171 172 173
13 147 157 158 161 162 166 167 168 169 170 171 172 173
15 146 147 148 157 158 161 162 166 167 168 169 170 171 172 173
13 157 159 160 161 162 166 167 168 169 170 171 172 173
15 147 157 158 159 160 161 162 166 167 168 169 170 171 172 173
17 146 147 148 157 158 159 160 161 162 166 167 168 169 170 171 172 173
1 174
3 143 174 175
5 143 144 145 174 175
7 143 144 145 149 150 174 175
3 171 174 176
5 170 171 172 174 176
5 166 171 173 174 176
7 161 166 167 171 173 174 176
9 157 161 162 166 167 171 173 174 176
11 147 157 158 161 162 166 167 171 173 174 176
13 146 147 148 157 158 161 162 166 167 171 173 174 176
11 157 159 160 161 162 166 167 171 173 174 176
13 147 157 158 159 160 161 162 166 167 171 173 174 176
15 146 147 148 157 158 159 160 161 162 166 167 171 173 174 176
7 166 168 169 171 173 174 176
9 161 166 167 168 169 171 173 174 176
11 157 161 162 166 167 168 169 171 173 174 176
13 147 157 158 161 162 166 167 168 169 171 173 174 176
15 146 147 148 157 158 161 162 166 167 168 169 171 173 174 176
13 157 159 160 161 162 166 167 168 169 171 173 174 176
15 147 157 158 159 160 161 162 166 167 168 169 171 173 174 176
17 146 147 148 157 158 159 160 161 162 166 167 168 169 171 173 174 176
7 166 170 171 172 173 174 176
9 161 166 167 170 171 172 173 174 176
11 157 161 162 166 167 170 171 172 173 174 176
13 147 157 158 161 162 166 167 170 171 172 173 174 176
15 146 147 148 157 158 161 162 166 167 170 171 172 173 174 176
13 157 159 160 161 162 166 167 170 171 172 173 174 176
15 147 157 158 159 160 161 162 166 167 170 171 172 173 174 176
17 146 147 148 157 158 159 160 161 162 166 167 170 171 172 173 174 176
9 166 168 169 170 171 172 173 174 176
11 161 166 167 168 169 170 171 172 173 174 176
13 157 161 162 166 167 168 169 170 171 172 173 174 176
15 147 157 158 161 162 166 167 168 169 170 171 172 173 174 176
17 146 147 148 157 158 161 162 166 167 168 169 170 171 172 173 174 176
15 157 159 160 161 162 166 167 168 169 170 171 172 173 174 176
17 147 157 158 159 160 161 162 166 167 168 169 170 171 172 173 174 176
19 146 147 148 157 158 159 160 161 162 166 167 168 169 170 171 172 173 174 176
5 143 171 174 175 176
7 143 144 145 171 174 175 176
9 143 144 145 149 150 171 174 175 176
7 143 170 171 172 174 175 176
9 143 144 145 170 171 172 174 175 176
11 143 144 145 149 150 170 171 172 174 175 176
7 143 166 171 173 174 175 176
9 143 144 145 166 171 173 174 175 176
11 143 144 145 149 150 166 171 173 174 175 176
9 143 161 166 167 171 173 174 175 176
11 143 144 145 161 166 167 171 173 174 175 176
13 143 144 145 149 150 161 166 167 171 173 174 175 176
11 143 157 161 162 166 167 171 173 174 175 176
13 143 144 145 157 161 162 166 167 171 173 174 175 176
15 143 144 145 149 150 157 161 162 166 167 171 173 174 175 176
13 143 147 157 158 161 162 166 167 171 173 174 175 176
15 143 144 145 147 157 158 161 162 166 167 171 173 174 175 176
15 143 146 147 148 157 158 161 162 166 167 171 173 174 175 176
17 143 144 145 146 147 148 157 158 161 162 166 167 171 173 174 175 176
17 143 144 145 147 149 150 157 158 161 162 166 167 171 173 174 175 176
19 143 144 145 146 147 148 149 150 157 158 161 162 166 167 171 173 174 175 176
13 143 157 159 160 161 162 166 167 171 173 174 175 176
15 143 144 145 157 159 160 161 162 166 167 171 173 174 175 176
17 143 144 145 149 150 157 159 160 161 162 166 167 171 173 174 175 176
15 143 147 157 158 159 160 161 162 166 167 171 173 174 175 176
17 143 144 145 147 157 158 159 160 161 162 166 167 171 173 174 175 176
17 143 146 147 148 157 158 159 160 161 162 166 167 171 173 174 175 176
19 143 144 145 146 147 148 157 158 159 160 161 162 166 167 171 173 174 175 176
19 143 144 145 147 149 150 157 158 159 160 161 162 166 167 171 173 174 175 176
21 143 144 145 146 147 148 149 150 157 158 159 160 161 162 166 167 171 173 174 175 176
9 143 166 168 169 171 173 174 175 176
11 143 144 145 166 168 169 171 173 174 175 176
13 143 144 145 149 150 166 168 169 171 173 174 175 176
11 143 161 166 167 168 169 171 173 174 175 176
13 143 144 145 161 166 167 168 169 171 173 174 175 176
15 143 144 145 149 150 161 166 167 168 169 171 173 174 175 176
13 143 157 161 162 166 167 168 169 171 173 174 175 176
15 143 144 145 157 161 162 166 167 168 169 171 173 174 175 176
17 143 144 145 149 150 157 161 162 166 167 168 169 171 173 174 175 176
15 143 147 157 158 161 162 166 167 168 169 171 173 174 175 176
17 143 144 145 147 157 158 161 162 166 167 168 169 171 173 174 175 176
17 143 146 147 148 157 158 161 162 166 167 168 169 171 173 174 175 176
19 143 144 145 146 147 148 157 158 161 162 166 167 168 169 171 173 174 175 176
19 143 144 145 147 149 150 157 158 161 162 166 167 168 169 171 173 174 175 176
21 143 144 145 146 147 148 149 150 157 158 161 162 166 167 168 169 171 173 174 175 176
15 143 157 159 160 161 162 166 167 168 169 171 173 174 175 176
17 143 144 145 157 159 160 161 162 166 167 168 169 171 173 174 175 176
19 143 144 145 149 150 157 159 160 161 162 166 167 168 169 171 173 174 175 176
17 143 147 157 158 159 160 161 162 166 167 168 169 171 173 174 175 176
19 143 144 145 147 157 158 159 160 161 162 166 167 168 169 171 173 174 175 176
19 143 146 147 148 157 158 159 160 161 162 166 167 168 169 171 173 174 175 176
21 143 144 145 146 147 148 157 158 159 160 161 162 166 167 168 169 171 173 174 175 176
21 143 144 145 147 149 150 157 158 159 160 161 162 166 167 168 169 171 173 174 175 176
23 143 144 145 146 147 148 149 150 157 158 159 160 161 162 166 167 168 169 171 173 174 175 176
9 143 166 170 171 172 173 174 175 176
11 143 144 145 166 170 171 172 173 174 175 176
13 143 144 145 149 150 166 170 171 172 173 174 175 176
11 143 161 166 167 170 171 172 173 174 175 176
13 143 144 145 161 166 167 170 171 172 173 174 175 176
15 143 144 145 149 150 161 166 167 170 171 172 173 174 175 176
13 143 157 161 162 166 167 170 171 172 173 174 175 176
15 143 144 145 157 161 162 166 167 170 171 172 173 174 175 176
17 143 144 145 149 150 157 161 162 166 167 170 171 172 173 174 175 176
15 143 147 157 158 161 162 166 167 170 171 172 173 174 175 176
17 143 144 145 147 157 158 161 162 166 167 170 171 172 173 174 175 176
17 143 146 147 148 157 158 161 162 166 167 170 171 172 173 174 175 176
19 143 144 145 146 147 148 157 158 161 162 166 167 170 171 172 173 174 175 176
19 143 144 145 147 149 150 157 158 161 162 166 167 170 171 172 173 174 175 176
21 143 144 145 146 147 148 149 150 157 158 161 162 166 167 170 171 172 173 174 175 176
15 143 157 159 160 161 162 166 167 170 171 172 173 174 175 176
17 143 144 145 157 159 160 161 162 166 167 170 171 172 173 174 175 176
19 143 144 145 149 150 157 159 160 161 162 166 167 170 171 172 173 174 175 176
17 143 147 157 158 159 160 161 162 166 167 170 171 172 173 174 175 176
19 143 144 145 147 157 158 159 160 161 162 166 167 170 171 172 173 174 175 176
19 143 146 147 148 157 158 159 160 161 162 166 167 170 171 172 173 174 175 176
21 143 144 145 146 147 148 157 158 159 160 161 162 166 167 170 171 172 173 174 175 176
21 143 144 145 147 149 150 157 158 159 160 161 162 166 167 170 171 172 173 174 175 176
23 143 144 145 146 147 148 149 150 157 158 159 160 161 162 166 167 170 171 172 173 174 175 176
11 143 166 168 169 170 171 172 173 174 175 176
13 143 144 145 166 168 169 170 171 172 173 174 175 176
15 143 144 145 149 150 166 168 169 170 171 172 173 174 175 176
13 143 161 166 167 168 169 170 171 172 173 174 175 176
15 143 144 145 161 166 167 168 169 170 171 172 173 174 175 176
17 143 144 145 149 150 161 166 167 168 169 170 171 172 173 174 175 176
15 143 157 161 162 166 167 168 169 170 171 172 173 174 175 176
17 143 144 145 157 161 162 166 167 168 169 170 171 172 173 174 175 176
19 143 144 145 149 150 157 161 162 166 167 168 169 170 171 172 173 174 175 176
17 143 147 157 158 161 162 166 167 168 169 170 171 172 173 174 175 176
19 143 144 145 147 157 158 161 162 166 167 168 169 170 171 172 173 174 175 176
19 143 146 147 148 157 158 161 162 166 167 168 169 170 171 172 173 174 175 176
21 143 144 145 146 147 148 157 158 161 162 166 167 168 169 170 171 172 173 174 175 176
21 143 144 145 147 149 150 157 158 161 162 166 167 168 169 170 171 172 173 174 175 176
23 143 144 145 146 147 148 149 150 157 158 161 162 166 167 168 169 170 171 172 173 174 175 176
17 143 157 159 160 161 162 166 167 168 169 170 171 172 173 174 175 176
19 143 144 145 157 159 160 161 162 166 167 168 169 170 171 172 173 174 175 176
21 143 144 145 149 150 157 159 160 161 162 166 167 168 169 170 171 172 173 174 175 176
19 143 147 157 158 159 160 161 162 166 167 168 169 170 171 172 173 174 175 176
21 143 144 145 147 157 158 159 160 161 162 166 167 168 169 170 171 172 173 174 175 176
21 143 146 147 148 157 158 159 160 161 162 166 167 168 169 170 171 172 173 174 175 176
23 143 144 145 146 147 148 157 158 159 160 161 162 166 167 168 169 170 171 172 173 174 175 176
23 143 144 145 147 149 150 157 158 159 160 161 162 166 167 168 169 170 171 172 173 174 175 176
25 143 144 145 146 147 148 149 150 157 158 159 160 161 162 166 167 168 169 170 171 172 173 174 175 176
4 128 146 147 165
3 132 134 158
5 129 145 162 167 176
6 130 140 148 152 156 173
1 175
3 136 150 159
3 131 163 171
16 133 135 139 141 143 144 149 151 153 154 155 157 160 164 166 168
1 137
6 138 161 169 170 172 174
1 142
1 139
1 148
1 150
1 153
1 158
1 160
1 162
1 164
1 165
1 167
1 172
22 128 129 131 133 135 138 141 142 143 147 148 149 154 159 160 161 162 164 165 167 171 175
7 137 153 157 163 170 172 176
9 134 139 151 155 158 166 168 173 174
9 130 132 140 144 145 150 152 156 169
2 136 146
1 134
1 145
1 169
4 135 137 142 171
6 136 138 143 148 159 165
7 139 147 150 151 163 168 173
8 130 131 132 133 161 162 167 169
4 141 146 166 172
12 128 129 140 152 153 154 155 156 157 164 170 175
3 145 174 176
2 134 160
1 156
2 133 145
10 137 149 150 151 152 158 166 167 172 176
6 134 138 140 155 160 169
6 132 143 161 162 168 175
5 131 148 154 170 171
10 129 135 142 144 147 153 157 159 165 173
6 130 141 146 156 164 174
3 128 139 163
1 141
49 128 129 130 131 132 133 134 135 136 137 138 139 140 141 142 143 144 145 146 147 148 149 150 151 152 153 154 155 156 157 158 159 160 161 162 163 164 165 166 167 168 169 170 171 172 173 174 175 176
11 134 141 142 144 147 167 169 170 171 173 175
5 133 136 137 138 163
10 128 131 139 140 153 155 162 164 165 174
16 129 143 145 146 148 149 150 151 152 154 156 159 160 161 168 172
7 130 132 135 157 158 166 176
1 173
1 176
17 133 135 136 137 139 142 145 150 152 158 159 165 166 169 170 173 174
4 141 154 156 164
2 149 155
9 128 129 140 151 153 157 160 167 176
6 131 144 146 161 172 175
3 130 148 168
2 138 143
3 132 147 162
2 134 171
19 129 131 133 137 139 145 148 150 151 153 159 160 161 166 169 171 174 175 176
13 135 140 143 147 152 155 156 157 158 163 164 172 173
2 132 170
9 130 134 136 142 146 154 162 165 167
5 128 138 141 144 149
2 131 154
2 148 162
5 129 133 163 164 173
2 145 176
10 130 137 151 158 159 165 170 171 172 175
4 136 140 143 149
12 139 141 142 144 147 150 153 155 157 167 168 174
8 132 134 135 138 156 160 166 169
2 128 152
4 130 136 139 168
2 143 162
2 129 131
2 138 167
5 128 134 137 149 153
11 132 141 146 147 150 151 152 157 160 164 165
3 155 159 170
9 135 148 154 156 163 166 171 172 176
8 133 142 145 158 169 173 174 175
2 145 171
10 132 133 134 146 147 148 154 162 163 174
6 144 151 152 160 169 176
14 131 136 138 140 141 142 150 155 158 165 166 167 172 173
3 128 135 139
6 130 137 157 161 164 175
5 129 143 153 159 168
3 132 147 158
2 139 172
3 134 144 164
3 130 145 167
3 129 133 142
6 131 152 157 160 163 166
8 128 135 137 148 150 154 171 175
4 149 153 170 173
15 136 138 140 141 143 146 151 155 159 161 162 165 168 169 174
8 128 136 141 150 153 162 175 176
9 144 149 154 158 163 164 166 167 168
13 133 135 137 138 139 142 145 148 151 152 165 171 172
6 129 131 132 155 157 169
9 130 134 143 159 160 161 170 173 174
2 146 147
4 132 161 167 170
14 131 134 137 138 142 149 150 151 158 160 162 165 173 174
10 136 140 141 145 154 155 157 163 169 171
14 128 133 135 139 144 147 152 153 159 164 166 168 172 175
7 129 130 143 146 148 156 176
