146 506
1 1
1 2
1 3
1 4
1 5
3 4 5 6
1 7
1 8
3 7 8 9
1 10
3 7 10 11
5 7 8 9 10 11
1 12
1 13
3 12 13 14
1 15
3 13 15 16
5 12 13 14 15 16
12 1 3 4 7 9 10 11 12 13 14 15 16
4 2 5 6 8
1 6
1 11
1 14
1 16
9 1 2 4 5 6 7 11 12 16
2 3 8
3 9 13 15
16 1 2 3 4 5 6 7 8 9 10 11 12 13 14 15 16
6 1 5 8 10 15 16
4 4 7 9 12
1 9
2 5 15
4 2 3 6 7
6 1 4 10 11 13 14
2 8 9
3 3 9 13
3 5 7 12
2 4 10
2 6 15
3 11 14 16
2 4 8
3 1 11 14
2 2 6
2 3 13
2 9 10
3 5 7 15
2 1 7
4 10 12 13 14
2 5 11
2 8 16
2 4 15
3 3 7 12
6 1 2 9 10 14 16
3 4 11 15
2 1 9
3 3 8 15
2 2 5
2 10 16
3 4 13 14
7 1 2 3 7 8 14 15
9 4 5 6 9 10 11 12 13 16
2 10 11
4 1 5 9 15
7 2 4 6 7 8 12 14
4 2 6 7 11
3 8 15 16
8 1 3 4 5 9 10 13 14
1 17
1 18
1 19
1 20
1 21
1 22
3 21 22 23
1 24
3 22 24 25
5 21 22 23 24 25
1 26
3 24 26 27
5 22 24 25 26 27
7 21 22 23 24 25 26 27
1 28
1 29
3 28 29 30
4 18 22 29 30
10 17 19 20 21 23 24 25 26 27 28
1 25
1 27
1 30
3 17 22 30
6 19 20 23 25 28 29
2 18 21
2 18 19
4 20 23 26 30
3 17 21 29
2 24 25
14 17 18 19 20 21 22 23 24 25 26 27 28 29 30
1 23
2 22 30
12 17 18 19 20 21 23 24 25 26 27 28 29
3 22 23 25
7 17 18 20 26 28 29 30
5 17 22 23 24 30
4 18 25 27 28
2 19 20
7 17 18 20 24 25 27 29
5 19 21 23 26 28
3 25 26 30
8 17 18 21 22 23 24 27 29
2 19 28
10 17 19 20 21 22 23 24 25 26 30
4 18 27 28 29
11 17 18 19 20 21 22 23 24 27 29 30
2 25 28
4 18 26 28 29
2 22 23
2 25 30
3 17 24 27
2 17 22
2 25 29
2 23 27
3 20 24 28
2 19 21
2 18 30
6 20 21 23 24 26 29
2 18 22
2 27 30
4 17 19 25 28
4 20 22 24 25
6 18 19 26 27 29 30
3 17 21 28
3 22 27 30
2 23 29
3 24 25 28
3 17 18 19
4 17 19 23 30
5 18 21 22 25 26
4 20 24 27 29
1 31
1 32
1 33
1 34
3 33 34 35
1 36
1 37
3 36 37 38
1 39
1 40
3 39 40 41
3 37 40 42
5 36 37 38 40 42
5 37 39 40 41 42
7 36 37 38 39 40 41 42
1 43
3 39 43 44
5 39 40 41 43 44
7 37 39 40 41 42 43 44
9 36 37 38 39 40 41 42 43 44
1 45
3 43 45 46
5 39 43 44 45 46
7 39 40 41 43 44 45 46
9 37 39 40 41 42 43 44 45 46
11 36 37 38 39 40 41 42 43 44 45 46
1 47
3 34 47 48
5 33 34 35 47 48
1 49
3 37 49 50
5 36 37 38 49 50
5 37 40 42 49 50
7 36 37 38 40 42 49 50
7 37 39 40 41 42 49 50
9 36 37 38 39 40 41 42 49 50
9 37 39 40 41 42 43 44 49 50
11 36 37 38 39 40 41 42 43 44 49 50
11 37 39 40 41 42 43 44 45 46 49 50
13 36 37 38 39 40 41 42 43 44 45 46 49 50
1 51
3 49 51 52
5 37 49 50 51 52
7 36 37 38 49 50 51 52
7 37 40 42 49 50 51 52
9 36 37 38 40 42 49 50 51 52
9 37 39 40 41 42 49 50 51 52
11 36 37 38 39 40 41 42 49 50 51 52
11 37 39 40 41 42 43 44 49 50 51 52
13 36 37 38 39 40 41 42 43 44 49 50 51 52
13 37 39 40 41 42 43 44 45 46 49 50 51 52
15 36 37 38 39 40 41 42 43 44 45 46 49 50 51 52
2 49 52
6 33 34 36 38 45 46
1 35
3 39 41 44
10 31 32 37 40 42 43 47 48 50 51
1 52
7 38 41 43 44 48 50 51
9 31 33 34 36 37 39 46 47 49
2 35 42
4 32 40 45 52
1 38
1 41
1 42
1 44
1 46
1 48
1 50
17 31 32 33 34 35 36 38 39 41 42 44 45 46 49 50 51 52
4 37 40 43 47
2 40 50
14 31 32 34 35 36 37 38 41 43 45 46 47 49 52
2 33 39
4 42 44 48 51
1 53
1 54
1 55
3 54 55 56
1 57
3 55 57 58
5 54 55 56 57 58
1 59
1 60
3 59 60 61
1 62
3 54 62 63
5 54 55 56 62 63
7 54 55 56 57 58 62 63
1 64
1 65
3 64 65 66
3 60 65 67
5 60 64 65 66 67
3 59 65 68
5 59 64 65 66 68
6 59 60 61 65 67 68
8 59 60 61 64 65 66 67 68
1 68
5 55 58 60 65 66
2 57 61
1 56
4 54 62 63 67
1 61
1 66
1 67
7 55 57 61 62 64 65 67
2 53 56
1 63
2 58 68
2 54 60
13 54 55 56 57 58 59 60 62 63 65 66 67 68
3 53 61 64
3 63 65 66
7 53 54 55 58 59 60 67
6 56 57 61 62 64 68
1 58
2 53 68
4 54 56 61 64
5 57 58 59 63 66
2 53 60
2 56 68
2 58 64
9 54 55 57 59 62 63 65 66 67
2 57 65
3 54 60 61
3 55 66 68
2 59 67
15 53 54 55 56 57 58 59 60 61 62 63 64 65 66 68
5 53 58 64 67 68
9 54 57 59 60 61 62 63 65 66
5 54 56 60 63 65
2 59 68
5 53 55 58 61 64
2 62 66
2 64 66
2 62 63
2 54 67
2 56 59
6 53 57 58 61 65 68
2 55 60
6 55 56 60 65 66 67
2 54 68
3 57 59 64
3 58 61 63
1 69
1 70
1 71
1 72
1 73
3 72 73 74
1 75
3 73 75 76
5 72 73 74 75 76
1 77
3 75 77 78
5 73 75 76 77 78
7 72 73 74 75 76 77 78
1 79
1 80
3 79 80 81
3 75 80 82
5 73 75 76 80 82
7 72 73 74 75 76 80 82
5 75 77 78 80 82
7 73 75 76 77 78 80 82
9 72 73 74 75 76 77 78 80 82
5 75 79 80 81 82
7 73 75 76 79 80 81 82
9 72 73 74 75 76 79 80 81 82
7 75 77 78 79 80 81 82
9 73 75 76 77 78 79 80 81 82
11 72 73 74 75 76 77 78 79 80 81 82
1 83
1 84
3 83 84 85
3 70 74 77
1 78
6 72 79 80 81 83 84
1 85
1 82
2 69 71
2 73 76
2 72 79
2 70 75
2 84 85
5 69 71 76 77 83
5 73 74 78 80 81
1 74
2 75 85
15 69 70 71 72 73 74 76 77 78 79 80 81 82 83 84
1 81
5 73 80 81 82 85
12 69 70 71 72 74 75 76 77 78 79 83 84
1 76
3 69 77 82
4 70 76 83 85
9 71 72 73 74 78 79 80 81 84
3 70 74 79
5 71 78 80 84 85
2 82 83
3 69 76 81
6 72 73 78 79 83 85
9 69 70 71 74 75 76 77 81 84
2 80 82
9 69 71 73 74 75 80 81 82 85
3 70 72 83
5 76 77 78 79 84
1 86
1 87
1 88
1 89
1 90
3 89 90 91
1 92
1 93
3 92 93 94
1 95
3 93 95 96
5 92 93 94 95 96
1 97
3 93 97 98
5 92 93 94 97 98
5 93 95 96 97 98
7 92 93 94 95 96 97 98
1 99
3 93 99 100
5 92 93 94 99 100
5 93 95 96 99 100
7 92 93 94 95 96 99 100
5 93 97 98 99 100
7 92 93 94 97 98 99 100
7 93 95 96 97 98 99 100
9 92 93 94 95 96 97 98 99 100
9 86 89 92 93 95 96 97 98 99
4 88 91 94 100
1 91
1 98
1 100
2 92 97
6 86 87 88 94 95 96
2 89 98
3 90 91 100
1 94
1 96
15 86 87 88 89 90 91 92 93 94 95 96 97 98 99 100
3 88 91 93
4 90 94 96 98
5 87 92 95 97 99
3 90 94 100
2 86 89
7 88 91 92 93 95 96 98
2 87 99
5 86 91 92 96 100
2 93 97
5 87 89 94 95 98
2 90 99
2 91 98
3 87 93 94
2 88 95
6 86 89 90 96 99 100
1 101
1 102
1 103
1 104
3 103 104 105
1 106
1 107
3 106 107 108
1 109
3 107 109 110
5 106 107 108 109 110
1 111
3 104 111 112
5 103 104 105 111 112
1 113
1 114
3 113 114 115
1 116
3 114 116 117
5 113 114 115 116 117
13 101 102 103 105 106 107 109 110 112 113 114 116 117
4 104 108 111 115
1 112
1 115
1 117
2 104 114
2 102 115
2 103 116
4 105 109 110 111
1 105
1 108
1 110
3 106 109 114
4 101 104 116 117
3 103 107 112
3 108 110 115
4 103 108 116 117
4 102 109 111 115
2 106 114
7 101 104 105 107 110 112 113
9 103 104 105 109 110 111 112 113 117
8 101 102 106 107 108 114 115 116
1 118
1 119
1 120
1 121
1 122
1 123
1 124
1 125
1 126
1 127
1 128
3 127 128 129
1 130
1 131
3 130 131 132
1 133
3 131 133 134
5 130 131 132 133 134
1 135
3 133 135 136
5 131 133 134 135 136
7 130 131 132 133 134 135 136
1 137
1 138
3 137 138 139
1 140
3 137 140 141
5 137 138 139 140 141
1 142
1 143
3 142 143 144
1 145
3 128 145 146
5 127 128 129 145 146
13 118 121 123 125 128 133 134 141 142 143 144 145 146
4 124 136 139 140
2 126 132
8 119 120 122 129 130 131 135 138
1 134
1 141
1 144
4 120 123 135 142
7 121 124 130 132 137 139 145
4 128 138 141 144
2 125 143
5 126 127 133 136 140
3 118 122 131
3 129 134 146
1 132
1 136
4 123 132 136 146
4 129 131 140 145
2 122 143
8 119 126 130 134 135 137 141 142
2 121 124
2 120 139
2 138 144
2 125 127
2 118 128
1 129
1 139
1 146
8 122 123 124 127 131 138 141 144
14 118 120 126 128 130 132 133 135 136 137 139 142 143 145
6 119 121 125 129 134 140
