169 1166
1 1
1 2
1 3
1 4
1 5
3 4 5 6
1 7
3 4 7 8
5 4 5 6 7 8
1 9
1 10
3 9 10 11
1 12
1 13
3 12 13 14
1 15
3 13 15 16
5 12 13 14 15 16
3 4 15 17
5 4 5 6 15 17
5 4 7 8 15 17
7 4 5 6 7 8 15 17
5 4 13 15 16 17
7 4 5 6 13 15 16 17
7 4 7 8 13 15 16 17
9 4 5 6 7 8 13 15 16 17
7 4 12 13 14 15 16 17
9 4 5 6 12 13 14 15 16 17
9 4 7 8 12 13 14 15 16 17
11 4 5 6 7 8 12 13 14 15 16 17
1 18
3 15 18 19
5 13 15 16 18 19
7 12 13 14 15 16 18 19
5 4 15 17 18 19
7 4 5 6 15 17 18 19
7 4 7 8 15 17 18 19
9 4 5 6 7 8 15 17 18 19
7 4 13 15 16 17 18 19
9 4 5 6 13 15 16 17 18 19
9 4 7 8 13 15 16 17 18 19
11 4 5 6 7 8 13 15 16 17 18 19
9 4 12 13 14 15 16 17 18 19
11 4 5 6 12 13 14 15 16 17 18 19
11 4 7 8 12 13 14 15 16 17 18 19
13 4 5 6 7 8 12 13 14 15 16 17 18 19
3 10 18 20
5 9 10 11 18 20
5 10 15 18 19 20
7 9 10 11 15 18 19 20
7 10 13 15 16 18 19 20
9 9 10 11 13 15 16 18 19 20
9 10 12 13 14 15 16 18 19 20
11 9 10 11 12 13 14 15 16 18 19 20
7 4 10 15 17 18 19 20
9 4 5 6 10 15 17 18 19 20
9 4 7 8 10 15 17 18 19 20
11 4 5 6 7 8 10 15 17 18 19 20
9 4 9 10 11 15 17 18 19 20
11 4 5 6 9 10 11 15 17 18 19 20
11 4 7 8 9 10 11 15 17 18 19 20
13 4 5 6 7 8 9 10 11 15 17 18 19 20
9 4 10 13 15 16 17 18 19 20
11 4 5 6 10 13 15 16 17 18 19 20
11 4 7 8 10 13 15 16 17 18 19 20
13 4 5 6 7 8 10 13 15 16 17 18 19 20
11 4 9 10 11 13 15 16 17 18 19 20
13 4 5 6 9 10 11 13 15 16 17 18 19 20
13 4 7 8 9 10 11 13 15 16 17 18 19 20
15 4 5 6 7 8 9 10 11 13 15 16 17 18 19 20
11 4 10 12 13 14 15 16 17 18 19 20
13 4 5 6 10 12 13 14 15 16 17 18 19 20
13 4 7 8 10 12 13 14 15 16 17 18 19 20
15 4 5 6 7 8 10 12 13 14 15 16 17 18 19 20
13 4 9 10 11 12 13 14 15 16 17 18 19 20
15 4 5 6 9 10 11 12 13 14 15 16 17 18 19 20
15 4 7 8 9 10 11 12 13 14 15 16 17 18 19 20
17 4 5 6 7 8 9 10 11 12 13 14 15 16 17 18 19 20
1 20
4 2 10 11 16
2 5 13
4 6 7 8 17
5 3 4 12 18 19
4 1 9 14 15
1 16
1 8
8 1 3 4 9 11 15 16 19
2 6 14
4 2 7 12 18
2 10 17
1 6
1 11
11 4 5 6 7 8 11 12 13 15 16 18
9 1 2 3 9 10 14 17 19 20
2 11 18
10 1 3 5 8 10 14 16 17 19 20
7 2 4 6 7 9 12 13
1 14
1 17
9 1 2 8 9 11 14 17 19 20
11 3 4 5 6 7 10 12 13 15 16 18
20 1 2 3 4 5 6 7 8 9 10 11 12 13 14 15 16 17 18 19 20
2 5 11
2 12 18
2 4 6
2 9 14
2 3 15
8 1 2 7 10 13 16 17 20
2 8 19
5 1 4 7 10 12
2 3 20
3 2 6 9
4 5 8 13 18
1 19
2 14 16
2 9 16
3 10 19 20
2 7 11
3 6 15 17
6 2 3 4 8 13 14
3 1 12 18
5 2 4 6 11 14
4 5 9 10 15
5 1 7 8 17 18
7 3 4 9 11 13 15 18
6 1 2 7 10 12 20
2 5 16
5 6 8 14 17 19
14 4 5 6 7 8 9 10 11 12 13 15 17 19 20
4 2 14 16 18
2 1 3
3 12 13 15
2 2 9
5 3 6 11 17 18
9 1 4 5 7 8 10 14 19 20
6 2 3 9 14 15 18
2 11 16
2 7 12
7 4 6 8 13 17 19 20
4 11 16 17 18
8 1 2 6 7 8 10 14 20
6 4 5 9 13 15 19
8 8 11 13 14 17 18 19 20
8 4 5 6 7 9 12 15 16
2 2 10
1 21
1 22
1 23
3 22 23 24
1 25
3 22 25 26
3 23 25 27
6 22 23 24 25 26 27
1 28
3 25 28 29
5 22 25 26 28 29
5 23 25 27 28 29
8 22 23 24 25 26 27 28 29
1 30
1 31
3 30 31 32
3 28 31 33
5 25 28 29 31 33
7 22 25 26 28 29 31 33
7 23 25 27 28 29 31 33
10 22 23 24 25 26 27 28 29 31 33
5 28 30 31 32 33
7 25 28 29 30 31 32 33
9 22 25 26 28 29 30 31 32 33
9 23 25 27 28 29 30 31 32 33
12 22 23 24 25 26 27 28 29 30 31 32 33
1 34
3 23 34 35
5 22 23 24 34 35
5 23 25 27 34 35
8 22 23 24 25 26 27 34 35
7 23 25 27 28 29 34 35
10 22 23 24 25 26 27 28 29 34 35
9 23 25 27 28 29 31 33 34 35
12 22 23 24 25 26 27 28 29 31 33 34 35
11 23 25 27 28 29 30 31 32 33 34 35
14 22 23 24 25 26 27 28 29 30 31 32 33 34 35
1 36
3 34 36 37
5 23 34 35 36 37
7 22 23 24 34 35 36 37
7 23 25 27 34 35 36 37
10 22 23 24 25 26 27 34 35 36 37
9 23 25 27 28 29 34 35 36 37
12 22 23 24 25 26 27 28 29 34 35 36 37
11 23 25 27 28 29 31 33 34 35 36 37
14 22 23 24 25 26 27 28 29 31 33 34 35 36 37
13 23 25 27 28 29 30 31 32 33 34 35 36 37
16 22 23 24 25 26 27 28 29 30 31 32 33 34 35 36 37
1 38
1 39
3 38 39 40
3 36 39 41
5 34 36 37 39 41
7 23 34 35 36 37 39 41
9 22 23 24 34 35 36 37 39 41
9 23 25 27 34 35 36 37 39 41
12 22 23 24 25 26 27 34 35 36 37 39 41
11 23 25 27 28 29 34 35 36 37 39 41
14 22 23 24 25 26 27 28 29 34 35 36 37 39 41
13 23 25 27 28 29 31 33 34 35 36 37 39 41
16 22 23 24 25 26 27 28 29 31 33 34 35 36 37 39 41
15 23 25 27 28 29 30 31 32 33 34 35 36 37 39 41
18 22 23 24 25 26 27 28 29 30 31 32 33 34 35 36 37 39 41
5 36 38 39 40 41
7 34 36 37 38 39 40 41
9 23 34 35 36 37 38 39 40 41
11 22 23 24 34 35 36 37 38 39 40 41
11 23 25 27 34 35 36 37 38 39 40 41
14 22 23 24 25 26 27 34 35 36 37 38 39 40 41
13 23 25 27 28 29 34 35 36 37 38 39 40 41
16 22 23 24 25 26 27 28 29 34 35 36 37 38 39 40 41
15 23 25 27 28 29 31 33 34 35 36 37 38 39 40 41
18 22 23 24 25 26 27 28 29 31 33 34 35 36 37 38 39 40 41
17 23 25 27 28 29 30 31 32 33 34 35 36 37 38 39 40 41
20 22 23 24 25 26 27 28 29 30 31 32 33 34 35 36 37 38 39 40 41
1 42
3 39 42 43
5 38 39 40 42 43
3 36 42 44
5 34 36 37 42 44
7 23 34 35 36 37 42 44
9 22 23 24 34 35 36 37 42 44
9 23 25 27 34 35 36 37 42 44
12 22 23 24 25 26 27 34 35 36 37 42 44
11 23 25 27 28 29 34 35 36 37 42 44
14 22 23 24 25 26 27 28 29 34 35 36 37 42 44
13 23 25 27 28 29 31 33 34 35 36 37 42 44
16 22 23 24 25 26 27 28 29 31 33 34 35 36 37 42 44
15 23 25 27 28 29 30 31 32 33 34 35 36 37 42 44
18 22 23 24 25 26 27 28 29 30 31 32 33 34 35 36 37 42 44
6 36 39 41 42 43 44
8 34 36 37 39 41 42 43 44
10 23 34 35 36 37 39 41 42 43 44
12 22 23 24 34 35 36 37 39 41 42 43 44
12 23 25 27 34 35 36 37 39 41 42 43 44
15 22 23 24 25 26 27 34 35 36 37 39 41 42 43 44
14 23 25 27 28 29 34 35 36 37 39 41 42 43 44
17 22 23 24 25 26 27 28 29 34 35 36 37 39 41 42 43 44
16 23 25 27 28 29 31 33 34 35 36 37 39 41 42 43 44
19 22 23 24 25 26 27 28 29 31 33 34 35 36 37 39 41 42 43 44
18 23 25 27 28 29 30 31 32 33 34 35 36 37 39 41 42 43 44
21 22 23 24 25 26 27 28 29 30 31 32 33 34 35 36 37 39 41 42 43 44
8 36 38 39 40 41 42 43 44
10 34 36 37 38 39 40 41 42 43 44
12 23 34 35 36 37 38 39 40 41 42 43 44
14 22 23 24 34 35 36 37 38 39 40 41 42 43 44
14 23 25 27 34 35 36 37 38 39 40 41 42 43 44
17 22 23 24 25 26 27 34 35 36 37 38 39 40 41 42 43 44
16 23 25 27 28 29 34 35 36 37 38 39 40 41 42 43 44
19 22 23 24 25 26 27 28 29 34 35 36 37 38 39 40 41 42 43 44
18 23 25 27 28 29 31 33 34 35 36 37 38 39 40 41 42 43 44
21 22 23 24 25 26 27 28 29 31 33 34 35 36 37 38 39 40 41 42 43 44
20 23 25 27 28 29 30 31 32 33 34 35 36 37 38 39 40 41 42 43 44
23 22 23 24 25 26 27 28 29 30 31 32 33 34 35 36 37 38 39 40 41 42 43 44
3 23 33 39
3 21 38 42
4 24 26 40 43
3 31 35 44
7 27 28 29 30 32 37 41
2 34 36
1 26
1 27
1 29
1 32
1 40
1 41
1 43
1 44
24 21 22 23 24 25 26 27 28 29 30 31 32 33 34 35 36 37 38 39 40 41 42 43 44
1 24
1 33
1 35
1 37
10 23 24 25 28 37 39 41 42 43 44
5 26 29 34 36 38
4 30 31 32 33
4 30 36 43 44
4 23 27 34 38
5 21 22 28 32 40
2 24 42
2 29 37
6 25 31 33 35 39 41
5 21 23 34 42 43
12 24 25 26 27 29 30 31 32 36 37 39 44
2 22 24
8 25 26 27 29 32 33 35 37
14 21 23 28 30 31 34 36 38 39 40 41 42 43 44
5 26 33 38 39 43
2 21 37
2 35 36
10 22 23 24 27 28 29 40 41 42 44
2 25 32
2 23 40
2 21 43
4 22 29 37 42
4 30 31 34 38
5 24 28 35 36 44
3 25 33 41
2 27 32
3 31 32 33
7 21 22 25 27 36 40 42
4 30 34 41 44
3 24 29 43
4 23 26 28 37
3 35 38 39
8 21 26 29 32 36 39 40 42
12 22 23 24 25 28 30 34 35 37 38 43 44
4 27 31 33 41
2 34 40
3 28 31 41
6 24 25 33 35 36 37
9 21 22 23 27 29 30 39 42 43
2 32 44
2 26 38
4 23 26 29 38
8 21 24 25 28 36 39 40 41
6 27 31 33 34 42 44
6 22 30 32 35 37 43
1 45
1 46
1 47
1 48
1 49
3 48 49 50
1 51
1 52
3 51 52 53
1 54
3 52 54 55
5 51 52 53 54 55
1 56
1 57
3 56 57 58
1 59
3 56 59 60
5 56 57 58 59 60
1 61
3 56 61 62
5 56 57 58 61 62
5 56 59 60 61 62
7 56 57 58 59 60 61 62
1 63
1 64
3 63 64 65
3 57 64 66
5 56 57 58 64 66
7 56 57 58 59 60 64 66
7 56 57 58 61 62 64 66
9 56 57 58 59 60 61 62 64 66
5 57 63 64 65 66
7 56 57 58 63 64 65 66
9 56 57 58 59 60 63 64 65 66
9 56 57 58 61 62 63 64 65 66
11 56 57 58 59 60 61 62 63 64 65 66
1 67
3 52 67 68
5 51 52 53 67 68
5 52 54 55 67 68
7 51 52 53 54 55 67 68
1 69
3 49 69 70
5 48 49 50 69 70
1 71
1 72
3 71 72 73
3 56 72 74
5 56 57 58 72 74
5 56 59 60 72 74
7 56 57 58 59 60 72 74
5 56 61 62 72 74
7 56 57 58 61 62 72 74
7 56 59 60 61 62 72 74
9 56 57 58 59 60 61 62 72 74
7 56 57 58 64 66 72 74
9 56 57 58 59 60 64 66 72 74
9 56 57 58 61 62 64 66 72 74
11 56 57 58 59 60 61 62 64 66 72 74
9 56 57 58 63 64 65 66 72 74
11 56 57 58 59 60 63 64 65 66 72 74
11 56 57 58 61 62 63 64 65 66 72 74
13 56 57 58 59 60 61 62 63 64 65 66 72 74
5 56 71 72 73 74
7 56 57 58 71 72 73 74
7 56 59 60 71 72 73 74
9 56 57 58 59 60 71 72 73 74
7 56 61 62 71 72 73 74
9 56 57 58 61 62 71 72 73 74
9 56 59 60 61 62 71 72 73 74
11 56 57 58 59 60 61 62 71 72 73 74
9 56 57 58 64 66 71 72 73 74
11 56 57 58 59 60 64 66 71 72 73 74
11 56 57 58 61 62 64 66 71 72 73 74
13 56 57 58 59 60 61 62 64 66 71 72 73 74
11 56 57 58 63 64 65 66 71 72 73 74
13 56 57 58 59 60 63 64 65 66 71 72 73 74
13 56 57 58 61 62 63 64 65 66 71 72 73 74
15 56 57 58 59 60 61 62 63 64 65 66 71 72 73 74
5 51 63 66 67 70
7 46 50 55 56 58 61 71
4 49 53 57 69
14 45 47 48 52 54 59 60 62 64 65 68 72 73 74
1 50
1 53
1 55
1 60
1 62
1 65
1 68
1 70
1 73
1 74
1 66
3 48 49 70
5 47 54 56 58 68
3 61 62 63
2 52 60
5 57 64 65 67 72
2 46 50
4 45 53 55 71
3 51 69 74
1 58
2 45 54
6 64 65 68 69 71 73
3 51 56 62
2 53 63
15 46 47 49 52 55 57 58 59 60 61 66 67 70 72 74
26 45 46 47 49 50 51 52 53 54 55 57 58 59 60 61 62 63 65 66 67 68 70 71 72 73 74
4 48 56 64 69
5 46 60 66 68 73
7 48 55 56 59 63 69 72
2 53 64
2 57 58
9 47 49 51 52 61 65 67 70 71
4 45 50 54 62
2 61 68
5 47 50 52 53 54
18 45 46 48 51 55 57 58 59 62 63 64 66 67 69 70 72 73 74
3 49 56 71
9 48 54 55 58 64 68 69 70 72
3 51 66 73
5 49 56 60 65 67
3 47 50 71
2 52 63
4 46 53 61 62
2 45 74
5 46 53 54 64 67
2 49 55
5 51 52 57 68 73
3 69 70 71
8 47 50 56 58 59 63 65 72
4 48 61 66 74
28 45 46 47 48 49 51 52 53 54 55 56 57 58 60 61 62 63 64 65 66 67 68 69 70 71 72 73 74
2 50 59
1 75
1 76
1 77
1 78
3 77 78 79
1 80
1 81
3 80 81 82
1 83
1 84
3 83 84 85
3 81 84 86
5 80 81 82 84 86
5 81 83 84 85 86
7 80 81 82 83 84 85 86
1 87
1 88
3 87 88 89
3 78 88 90
5 77 78 79 88 90
5 78 87 88 89 90
7 77 78 79 87 88 89 90
1 91
3 87 91 92
5 87 88 89 91 92
7 78 87 88 89 90 91 92
9 77 78 79 87 88 89 90 91 92
1 93
3 77 93 94
5 77 78 79 93 94
7 77 78 79 88 90 93 94
9 77 78 79 87 88 89 90 93 94
11 77 78 79 87 88 89 90 91 92 93 94
8 80 82 83 86 87 88 92 94
6 77 79 84 85 90 93
6 75 76 78 81 89 91
1 82
1 85
1 89
1 92
6 76 84 90 91 92 93
14 75 77 78 79 80 81 82 83 85 86 87 88 89 94
1 86
3 78 81 83
4 76 77 80 82
4 79 84 87 92
2 93 94
3 75 88 90
7 75 77 79 80 84 86 88
2 76 87
2 78 90
8 81 82 83 85 91 92 93 94
1 94
6 75 78 80 85 87 93
5 77 81 86 91 94
3 76 84 88
2 83 89
2 79 90
1 90
4 75 79 86 90
5 84 88 91 92 93
5 77 78 80 81 82
5 83 85 87 89 94
8 76 79 81 86 87 90 91 92
2 83 84
9 75 77 80 82 85 88 89 93 94
2 78 79
2 89 90
2 81 83
6 76 77 80 84 86 87
4 88 91 93 94
1 79
17 75 77 78 80 81 82 83 85 86 87 88 89 90 91 92 93 94
3 76 79 84
3 87 88 91
7 75 76 79 80 81 85 90
4 77 82 84 94
6 78 83 86 89 92 93
2 81 84
2 83 90
8 75 76 77 82 87 89 91 92
4 79 85 86 88
2 78 80
1 95
1 96
1 97
1 98
3 97 98 99
1 100
1 101
3 100 101 102
1 103
3 101 103 104
5 100 101 102 103 104
1 105
3 103 105 106
5 101 103 104 105 106
7 100 101 102 103 104 105 106
1 107
1 108
3 107 108 109
3 103 108 110
5 101 103 104 108 110
7 100 101 102 103 104 108 110
5 103 105 106 108 110
7 101 103 104 105 106 108 110
9 100 101 102 103 104 105 106 108 110
5 103 107 108 109 110
7 101 103 104 107 108 109 110
9 100 101 102 103 104 107 108 109 110
7 103 105 106 107 108 109 110
9 101 103 104 105 106 107 108 109 110
11 100 101 102 103 104 105 106 107 108 109 110
1 111
1 112
3 111 112 113
1 114
3 103 114 115
5 101 103 104 114 115
7 100 101 102 103 104 114 115
5 103 105 106 114 115
7 101 103 104 105 106 114 115
9 100 101 102 103 104 105 106 114 115
5 103 108 110 114 115
7 101 103 104 108 110 114 115
9 100 101 102 103 104 108 110 114 115
7 103 105 106 108 110 114 115
9 101 103 104 105 106 108 110 114 115
11 100 101 102 103 104 105 106 108 110 114 115
7 103 107 108 109 110 114 115
9 101 103 104 107 108 109 110 114 115
11 100 101 102 103 104 107 108 109 110 114 115
9 103 105 106 107 108 109 110 114 115
11 101 103 104 105 106 107 108 109 110 114 115
13 100 101 102 103 104 105 106 107 108 109 110 114 115
3 112 114 116
5 111 112 113 114 116
5 103 112 114 115 116
7 101 103 104 112 114 115 116
9 100 101 102 103 104 112 114 115 116
7 103 105 106 112 114 115 116
9 101 103 104 105 106 112 114 115 116
11 100 101 102 103 104 105 106 112 114 115 116
7 103 108 110 112 114 115 116
9 101 103 104 108 110 112 114 115 116
11 100 101 102 103 104 108 110 112 114 115 116
9 103 105 106 108 110 112 114 115 116
11 101 103 104 105 106 108 110 112 114 115 116
13 100 101 102 103 104 105 106 108 110 112 114 115 116
9 103 107 108 109 110 112 114 115 116
11 101 103 104 107 108 109 110 112 114 115 116
13 100 101 102 103 104 107 108 109 110 112 114 115 116
11 103 105 106 107 108 109 110 112 114 115 116
13 101 103 104 105 106 107 108 109 110 112 114 115 116
15 100 101 102 103 104 105 106 107 108 109 110 112 114 115 116
7 103 111 112 113 114 115 116
9 101 103 104 111 112 113 114 115 116
11 100 101 102 103 104 111 112 113 114 115 116
9 103 105 106 111 112 113 114 115 116
11 101 103 104 105 106 111 112 113 114 115 116
13 100 101 102 103 104 105 106 111 112 113 114 115 116
9 103 108 110 111 112 113 114 115 116
11 101 103 104 108 110 111 112 113 114 115 116
13 100 101 102 103 104 108 110 111 112 113 114 115 116
11 103 105 106 108 110 111 112 113 114 115 116
13 101 103 104 105 106 108 110 111 112 113 114 115 116
15 100 101 102 103 104 105 106 108 110 111 112 113 114 115 116
11 103 107 108 109 110 111 112 113 114 115 116
13 101 103 104 107 108 109 110 111 112 113 114 115 116
15 100 101 102 103 104 107 108 109 110 111 112 113 114 115 116
13 103 105 106 107 108 109 110 111 112 113 114 115 116
15 101 103 104 105 106 107 108 109 110 111 112 113 114 115 116
17 100 101 102 103 104 105 106 107 108 109 110 111 112 113 114 115 116
1 117
3 100 117 118
5 100 101 102 117 118
7 100 101 102 103 104 117 118
9 100 101 102 103 104 105 106 117 118
9 100 101 102 103 104 108 110 117 118
11 100 101 102 103 104 105 106 108 110 117 118
9 100 101 102 103 104 114 115 117 118
11 100 101 102 103 104 105 106 114 115 117 118
11 100 101 102 103 104 108 110 114 115 117 118
13 100 101 102 103 104 105 106 108 110 114 115 117 118
11 100 101 102 103 104 112 114 115 116 117 118
13 100 101 102 103 104 105 106 112 114 115 116 117 118
13 100 101 102 103 104 108 110 112 114 115 116 117 118
15 100 101 102 103 104 105 106 108 110 112 114 115 116 117 118
13 100 101 102 103 104 111 112 113 114 115 116 117 118
15 100 101 102 103 104 105 106 111 112 113 114 115 116 117 118
15 100 101 102 103 104 108 110 111 112 113 114 115 116 117 118
17 100 101 102 103 104 105 106 108 110 111 112 113 114 115 116 117 118
3 107 117 119
5 107 108 109 117 119
5 100 107 117 118 119
7 100 101 102 107 117 118 119
9 100 101 102 103 104 107 117 118 119
11 100 101 102 103 104 105 106 107 117 118 119
7 100 107 108 109 117 118 119
9 100 101 102 107 108 109 117 118 119
12 100 101 102 103 104 107 108 109 110 117 118 119
14 100 101 102 103 104 105 106 107 108 109 110 117 118 119
11 100 101 102 103 104 107 114 115 117 118 119
13 100 101 102 103 104 105 106 107 114 115 117 118 119
14 100 101 102 103 104 107 108 109 110 114 115 117 118 119
16 100 101 102 103 104 105 106 107 108 109 110 114 115 117 118 119
13 100 101 102 103 104 107 112 114 115 116 117 118 119
15 100 101 102 103 104 105 106 107 112 114 115 116 117 118 119
16 100 101 102 103 104 107 108 109 110 112 114 115 116 117 118 119
18 100 101 102 103 104 105 106 107 108 109 110 112 114 115 116 117 118 119
15 100 101 102 103 104 107 111 112 113 114 115 116 117 118 119
17 100 101 102 103 104 105 106 107 111 112 113 114 115 116 117 118 119
18 100 101 102 103 104 107 108 109 110 111 112 113 114 115 116 117 118 119
20 100 101 102 103 104 105 106 107 108 109 110 111 112 113 114 115 116 117 118 119
1 120
1 121
3 120 121 122
3 100 121 123
5 100 101 102 121 123
7 100 101 102 103 104 121 123
9 100 101 102 103 104 105 106 121 123
9 100 101 102 103 104 108 110 121 123
11 100 101 102 103 104 105 106 108 110 121 123
11 100 101 102 103 104 107 108 109 110 121 123
13 100 101 102 103 104 105 106 107 108 109 110 121 123
9 100 101 102 103 104 114 115 121 123
11 100 101 102 103 104 105 106 114 115 121 123
11 100 101 102 103 104 108 110 114 115 121 123
13 100 101 102 103 104 105 106 108 110 114 115 121 123
13 100 101 102 103 104 107 108 109 110 114 115 121 123
15 100 101 102 103 104 105 106 107 108 109 110 114 115 121 123
11 100 101 102 103 104 112 114 115 116 121 123
13 100 101 102 103 104 105 106 112 114 115 116 121 123
13 100 101 102 103 104 108 110 112 114 115 116 121 123
15 100 101 102 103 104 105 106 108 110 112 114 115 116 121 123
15 100 101 102 103 104 107 108 109 110 112 114 115 116 121 123
17 100 101 102 103 104 105 106 107 108 109 110 112 114 115 116 121 123
13 100 101 102 103 104 111 112 113 114 115 116 121 123
15 100 101 102 103 104 105 106 111 112 113 114 115 116 121 123
15 100 101 102 103 104 108 110 111 112 113 114 115 116 121 123
17 100 101 102 103 104 105 106 108 110 111 112 113 114 115 116 121 123
17 100 101 102 103 104 107 108 109 110 111 112 113 114 115 116 121 123
19 100 101 102 103 104 105 106 107 108 109 110 111 112 113 114 115 116 121 123
5 100 120 121 122 123
7 100 101 102 120 121 122 123
9 100 101 102 103 104 120 121 122 123
11 100 101 102 103 104 105 106 120 121 122 123
11 100 101 102 103 104 108 110 120 121 122 123
13 100 101 102 103 104 105 106 108 110 120 121 122 123
13 100 101 102 103 104 107 108 109 110 120 121 122 123
15 100 101 102 103 104 105 106 107 108 109 110 120 121 122 123
11 100 101 102 103 104 114 115 120 121 122 123
13 100 101 102 103 104 105 106 114 115 120 121 122 123
13 100 101 102 103 104 108 110 114 115 120 121 122 123
15 100 101 102 103 104 105 106 108 110 114 115 120 121 122 123
15 100 101 102 103 104 107 108 109 110 114 115 120 121 122 123
17 100 101 102 103 104 105 106 107 108 109 110 114 115 120 121 122 123
13 100 101 102 103 104 112 114 115 116 120 121 122 123
15 100 101 102 103 104 105 106 112 114 115 116 120 121 122 123
15 100 101 102 103 104 108 110 112 114 115 116 120 121 122 123
17 100 101 102 103 104 105 106 108 110 112 114 115 116 120 121 122 123
17 100 101 102 103 104 107 108 109 110 112 114 115 116 120 121 122 123
19 100 101 102 103 104 105 106 107 108 109 110 112 114 115 116 120 121 122 123
15 100 101 102 103 104 111 112 113 114 115 116 120 121 122 123
17 100 101 102 103 104 105 106 111 112 113 114 115 116 120 121 122 123
17 100 101 102 103 104 108 110 111 112 113 114 115 116 120 121 122 123
19 100 101 102 103 104 105 106 108 110 111 112 113 114 115 116 120 121 122 123
19 100 101 102 103 104 107 108 109 110 111 112 113 114 115 116 120 121 122 123
21 100 101 102 103 104 105 106 107 108 109 110 111 112 113 114 115 116 120 121 122 123
1 124
3 121 124 125
5 120 121 122 124 125
5 100 121 123 124 125
7 100 101 102 121 123 124 125
9 100 101 102 103 104 121 123 124 125
11 100 101 102 103 104 105 106 121 123 124 125
11 100 101 102 103 104 108 110 121 123 124 125
13 100 101 102 103 104 105 106 108 110 121 123 124 125
13 100 101 102 103 104 107 108 109 110 121 123 124 125
15 100 101 102 103 104 105 106 107 108 109 110 121 123 124 125
11 100 101 102 103 104 114 115 121 123 124 125
13 100 101 102 103 104 105 106 114 115 121 123 124 125
13 100 101 102 103 104 108 110 114 115 121 123 124 125
15 100 101 102 103 104 105 106 108 110 114 115 121 123 124 125
15 100 101 102 103 104 107 108 109 110 114 115 121 123 124 125
17 100 101 102 103 104 105 106 107 108 109 110 114 115 121 123 124 125
13 100 101 102 103 104 112 114 115 116 121 123 124 125
15 100 101 102 103 104 105 106 112 114 115 116 121 123 124 125
15 100 101 102 103 104 108 110 112 114 115 116 121 123 124 125
17 100 101 102 103 104 105 106 108 110 112 114 115 116 121 123 124 125
17 100 101 102 103 104 107 108 109 110 112 114 115 116 121 123 124 125
19 100 101 102 103 104 105 106 107 108 109 110 112 114 115 116 121 123 124 125
15 100 101 102 103 104 111 112 113 114 115 116 121 123 124 125
17 100 101 102 103 104 105 106 111 112 113 114 115 116 121 123 124 125
17 100 101 102 103 104 108 110 111 112 113 114 115 116 121 123 124 125
19 100 101 102 103 104 105 106 108 110 111 112 113 114 115 116 121 123 124 125
19 100 101 102 103 104 107 108 109 110 111 112 113 114 115 116 121 123 124 125
21 100 101 102 103 104 105 106 107 108 109 110 111 112 113 114 115 116 121 123 124 125
7 100 120 121 122 123 124 125
9 100 101 102 120 121 122 123 124 125
11 100 101 102 103 104 120 121 122 123 124 125
13 100 101 102 103 104 105 106 120 121 122 123 124 125
13 100 101 102 103 104 108 110 120 121 122 123 124 125
15 100 101 102 103 104 105 106 108 110 120 121 122 123 124 125
15 100 101 102 103 104 107 108 109 110 120 121 122 123 124 125
17 100 101 102 103 104 105 106 107 108 109 110 120 121 122 123 124 125
13 100 101 102 103 104 114 115 120 121 122 123 124 125
15 100 101 102 103 104 105 106 114 115 120 121 122 123 124 125
15 100 101 102 103 104 108 110 114 115 120 121 122 123 124 125
17 100 101 102 103 104 105 106 108 110 114 115 120 121 122 123 124 125
17 100 101 102 103 104 107 108 109 110 114 115 120 121 122 123 124 125
19 100 101 102 103 104 105 106 107 108 109 110 114 115 120 121 122 123 124 125
15 100 101 102 103 104 112 114 115 116 120 121 122 123 124 125
17 100 101 102 103 104 105 106 112 114 115 116 120 121 122 123 124 125
17 100 101 102 103 104 108 110 112 114 115 116 120 121 122 123 124 125
19 100 101 102 103 104 105 106 108 110 112 114 115 116 120 121 122 123 124 125
19 100 101 102 103 104 107 108 109 110 112 114 115 116 120 121 122 123 124 125
21 100 101 102 103 104 105 106 107 108 109 110 112 114 115 116 120 121 122 123 124 125
17 100 101 102 103 104 111 112 113 114 115 116 120 121 122 123 124 125
19 100 101 102 103 104 105 106 111 112 113 114 115 116 120 121 122 123 124 125
19 100 101 102 103 104 108 110 111 112 113 114 115 116 120 121 122 123 124 125
21 100 101 102 103 104 105 106 108 110 111 112 113 114 115 116 120 121 122 123 124 125
21 100 101 102 103 104 107 108 109 110 111 112 113 114 115 116 120 121 122 123 124 125
23 100 101 102 103 104 105 106 107 108 109 110 111 112 113 114 115 116 120 121 122 123 124 125
3 117 121 126
5 107 117 119 121 126
7 107 108 109 117 119 121 126
5 117 120 121 122 126
7 107 117 119 120 121 122 126
9 107 108 109 117 119 120 121 122 126
6 100 117 118 121 123 126
8 100 101 102 117 118 121 123 126
10 100 101 102 103 104 117 118 121 123 126
12 100 101 102 103 104 105 106 117 118 121 123 126
12 100 101 102 103 104 108 110 117 118 121 123 126
14 100 101 102 103 104 105 106 108 110 117 118 121 123 126
12 100 101 102 103 104 114 115 117 118 121 123 126
14 100 101 102 103 104 105 106 114 115 117 118 121 123 126
14 100 101 102 103 104 108 110 114 115 117 118 121 123 126
16 100 101 102 103 104 105 106 108 110 114 115 117 118 121 123 126
14 100 101 102 103 104 112 114 115 116 117 118 121 123 126
16 100 101 102 103 104 105 106 112 114 115 116 117 118 121 123 126
16 100 101 102 103 104 108 110 112 114 115 116 117 118 121 123 126
18 100 101 102 103 104 105 106 108 110 112 114 115 116 117 118 121 123 126
16 100 101 102 103 104 111 112 113 114 115 116 117 118 121 123 126
18 100 101 102 103 104 105 106 111 112 113 114 115 116 117 118 121 123 126
18 100 101 102 103 104 108 110 111 112 113 114 115 116 117 118 121 123 126
20 100 101 102 103 104 105 106 108 110 111 112 113 114 115 116 117 118 121 123 126
8 100 107 117 118 119 121 123 126
10 100 101 102 107 117 118 119 121 123 126
12 100 101 102 103 104 107 117 118 119 121 123 126
14 100 101 102 103 104 105 106 107 117 118 119 121 123 126
10 100 107 108 109 117 118 119 121 123 126
12 100 101 102 107 108 109 117 118 119 121 123 126
15 100 101 102 103 104 107 108 109 110 117 118 119 121 123 126
17 100 101 102 103 104 105 106 107 108 109 110 117 118 119 121 123 126
14 100 101 102 103 104 107 114 115 117 118 119 121 123 126
16 100 101 102 103 104 105 106 107 114 115 117 118 119 121 123 126
17 100 101 102 103 104 107 108 109 110 114 115 117 118 119 121 123 126
19 100 101 102 103 104 105 106 107 108 109 110 114 115 117 118 119 121 123 126
16 100 101 102 103 104 107 112 114 115 116 117 118 119 121 123 126
18 100 101 102 103 104 105 106 107 112 114 115 116 117 118 119 121 123 126
19 100 101 102 103 104 107 108 109 110 112 114 115 116 117 118 119 121 123 126
21 100 101 102 103 104 105 106 107 108 109 110 112 114 115 116 117 118 119 121 123 126
18 100 101 102 103 104 107 111 112 113 114 115 116 117 118 119 121 123 126
20 100 101 102 103 104 105 106 107 111 112 113 114 115 116 117 118 119 121 123 126
21 100 101 102 103 104 107 108 109 110 111 112 113 114 115 116 117 118 119 121 123 126
23 100 101 102 103 104 105 106 107 108 109 110 111 112 113 114 115 116 117 118 119 121 123 126
8 100 117 118 120 121 122 123 126
10 100 101 102 117 118 120 121 122 123 126
12 100 101 102 103 104 117 118 120 121 122 123 126
14 100 101 102 103 104 105 106 117 118 120 121 122 123 126
14 100 101 102 103 104 108 110 117 118 120 121 122 123 126
16 100 101 102 103 104 105 106 108 110 117 118 120 121 122 123 126
14 100 101 102 103 104 114 115 117 118 120 121 122 123 126
16 100 101 102 103 104 105 106 114 115 117 118 120 121 122 123 126
16 100 101 102 103 104 108 110 114 115 117 118 120 121 122 123 126
18 100 101 102 103 104 105 106 108 110 114 115 117 118 120 121 122 123 126
16 100 101 102 103 104 112 114 115 116 117 118 120 121 122 123 126
18 100 101 102 103 104 105 106 112 114 115 116 117 118 120 121 122 123 126
18 100 101 102 103 104 108 110 112 114 115 116 117 118 120 121 122 123 126
20 100 101 102 103 104 105 106 108 110 112 114 115 116 117 118 120 121 122 123 126
18 100 101 102 103 104 111 112 113 114 115 116 117 118 120 121 122 123 126
20 100 101 102 103 104 105 106 111 112 113 114 115 116 117 118 120 121 122 123 126
20 100 101 102 103 104 108 110 111 112 113 114 115 116 117 118 120 121 122 123 126
22 100 101 102 103 104 105 106 108 110 111 112 113 114 115 116 117 118 120 121 122 123 126
10 100 107 117 118 119 120 121 122 123 126
12 100 101 102 107 117 118 119 120 121 122 123 126
14 100 101 102 103 104 107 117 118 119 120 121 122 123 126
16 100 101 102 103 104 105 106 107 117 118 119 120 121 122 123 126
12 100 107 108 109 117 118 119 120 121 122 123 126
14 100 101 102 107 108 109 117 118 119 120 121 122 123 126
17 100 101 102 103 104 107 108 109 110 117 118 119 120 121 122 123 126
19 100 101 102 103 104 105 106 107 108 109 110 117 118 119 120 121 122 123 126
16 100 101 102 103 104 107 114 115 117 118 119 120 121 122 123 126
18 100 101 102 103 104 105 106 107 114 115 117 118 119 120 121 122 123 126
19 100 101 102 103 104 107 108 109 110 114 115 117 118 119 120 121 122 123 126
21 100 101 102 103 104 105 106 107 108 109 110 114 115 117 118 119 120 121 122 123 126
18 100 101 102 103 104 107 112 114 115 116 117 118 119 120 121 122 123 126
20 100 101 102 103 104 105 106 107 112 114 115 116 117 118 119 120 121 122 123 126
21 100 101 102 103 104 107 108 109 110 112 114 115 116 117 118 119 120 121 122 123 126
23 100 101 102 103 104 105 106 107 108 109 110 112 114 115 116 117 118 119 120 121 122 123 126
20 100 101 102 103 104 107 111 112 113 114 115 116 117 118 119 120 121 122 123 126
22 100 101 102 103 104 105 106 107 111 112 113 114 115 116 117 118 119 120 121 122 123 126
23 100 101 102 103 104 107 108 109 110 111 112 113 114 115 116 117 118 119 120 121 122 123 126
25 100 101 102 103 104 105 106 107 108 109 110 111 112 113 114 115 116 117 118 119 120 121 122 123 126
5 117 121 124 125 126
7 107 117 119 121 124 125 126
9 107 108 109 117 119 121 124 125 126
7 117 120 121 122 124 125 126
9 107 117 119 120 121 122 124 125 126
11 107 108 109 117 119 120 121 122 124 125 126
8 100 117 118 121 123 124 125 126
10 100 101 102 117 118 121 123 124 125 126
12 100 101 102 103 104 117 118 121 123 124 125 126
14 100 101 102 103 104 105 106 117 118 121 123 124 125 126
14 100 101 102 103 104 108 110 117 118 121 123 124 125 126
16 100 101 102 103 104 105 106 108 110 117 118 121 123 124 125 126
14 100 101 102 103 104 114 115 117 118 121 123 124 125 126
16 100 101 102 103 104 105 106 114 115 117 118 121 123 124 125 126
16 100 101 102 103 104 108 110 114 115 117 118 121 123 124 125 126
18 100 101 102 103 104 105 106 108 110 114 115 117 118 121 123 124 125 126
16 100 101 102 103 104 112 114 115 116 117 118 121 123 124 125 126
18 100 101 102 103 104 105 106 112 114 115 116 117 118 121 123 124 125 126
18 100 101 102 103 104 108 110 112 114 115 116 117 118 121 123 124 125 126
20 100 101 102 103 104 105 106 108 110 112 114 115 116 117 118 121 123 124 125 126
18 100 101 102 103 104 111 112 113 114 115 116 117 118 121 123 124 125 126
20 100 101 102 103 104 105 106 111 112 113 114 115 116 117 118 121 123 124 125 126
20 100 101 102 103 104 108 110 111 112 113 114 115 116 117 118 121 123 124 125 126
22 100 101 102 103 104 105 106 108 110 111 112 113 114 115 116 117 118 121 123 124 125 126
10 100 107 117 118 119 121 123 124 125 126
12 100 101 102 107 117 118 119 121 123 124 125 126
14 100 101 102 103 104 107 117 118 119 121 123 124 125 126
16 100 101 102 103 104 105 106 107 117 118 119 121 123 124 125 126
12 100 107 108 109 117 118 119 121 123 124 125 126
14 100 101 102 107 108 109 117 118 119 121 123 124 125 126
17 100 101 102 103 104 107 108 109 110 117 118 119 121 123 124 125 126
19 100 101 102 103 104 105 106 107 108 109 110 117 118 119 121 123 124 125 126
16 100 101 102 103 104 107 114 115 117 118 119 121 123 124 125 126
18 100 101 102 103 104 105 106 107 114 115 117 118 119 121 123 124 125 126
19 100 101 102 103 104 107 108 109 110 114 115 117 118 119 121 123 124 125 126
21 100 101 102 103 104 105 106 107 108 109 110 114 115 117 118 119 121 123 124 125 126
18 100 101 102 103 104 107 112 114 115 116 117 118 119 121 123 124 125 126
20 100 101 102 103 104 105 106 107 112 114 115 116 117 118 119 121 123 124 125 126
21 100 101 102 103 104 107 108 109 110 112 114 115 116 117 118 119 121 123 124 125 126
23 100 101 102 103 104 105 106 107 108 109 110 112 114 115 116 117 118 119 121 123 124 125 126
20 100 101 102 103 104 107 111 112 113 114 115 116 117 118 119 121 123 124 125 126
22 100 101 102 103 104 105 106 107 111 112 113 114 115 116 117 118 119 121 123 124 125 126
23 100 101 102 103 104 107 108 109 110 111 112 113 114 115 116 117 118 119 121 123 124 125 126
25 100 101 102 103 104 105 106 107 108 109 110 111 112 113 114 115 116 117 118 119 121 123 124 125 126
10 100 117 118 120 121 122 123 124 125 126
12 100 101 102 117 118 120 121 122 123 124 125 126
14 100 101 102 103 104 117 118 120 121 122 123 124 125 126
16 100 101 102 103 104 105 106 117 118 120 121 122 123 124 125 126
16 100 101 102 103 104 108 110 117 118 120 121 122 123 124 125 126
18 100 101 102 103 104 105 106 108 110 117 118 120 121 122 123 124 125 126
16 100 101 102 103 104 114 115 117 118 120 121 122 123 124 125 126
18 100 101 102 103 104 105 106 114 115 117 118 120 121 122 123 124 125 126
18 100 101 102 103 104 108 110 114 115 117 118 120 121 122 123 124 125 126
20 100 101 102 103 104 105 106 108 110 114 115 117 118 120 121 122 123 124 125 126
18 100 101 102 103 104 112 114 115 116 117 118 120 121 122 123 124 125 126
20 100 101 102 103 104 105 106 112 114 115 116 117 118 120 121 122 123 124 125 126
20 100 101 102 103 104 108 110 112 114 115 116 117 118 120 121 122 123 124 125 126
22 100 101 102 103 104 105 106 108 110 112 114 115 116 117 118 120 121 122 123 124 125 126
20 100 101 102 103 104 111 112 113 114 115 116 117 118 120 121 122 123 124 125 126
22 100 101 102 103 104 105 106 111 112 113 114 115 116 117 118 120 121 122 123 124 125 126
22 100 101 102 103 104 108 110 111 112 113 114 115 116 117 118 120 121 122 123 124 125 126
24 100 101 102 103 104 105 106 108 110 111 112 113 114 115 116 117 118 120 121 122 123 124 125 126
12 100 107 117 118 119 120 121 122 123 124 125 126
14 100 101 102 107 117 118 119 120 121 122 123 124 125 126
16 100 101 102 103 104 107 117 118 119 120 121 122 123 124 125 126
18 100 101 102 103 104 105 106 107 117 118 119 120 121 122 123 124 125 126
14 100 107 108 109 117 118 119 120 121 122 123 124 125 126
16 100 101 102 107 108 109 117 118 119 120 121 122 123 124 125 126
19 100 101 102 103 104 107 108 109 110 117 118 119 120 121 122 123 124 125 126
21 100 101 102 103 104 105 106 107 108 109 110 117 118 119 120 121 122 123 124 125 126
18 100 101 102 103 104 107 114 115 117 118 119 120 121 122 123 124 125 126
20 100 101 102 103 104 105 106 107 114 115 117 118 119 120 121 122 123 124 125 126
21 100 101 102 103 104 107 108 109 110 114 115 117 118 119 120 121 122 123 124 125 126
23 100 101 102 103 104 105 106 107 108 109 110 114 115 117 118 119 120 121 122 123 124 125 126
20 100 101 102 103 104 107 112 114 115 116 117 118 119 120 121 122 123 124 125 126
22 100 101 102 103 104 105 106 107 112 114 115 116 117 118 119 120 121 122 123 124 125 126
23 100 101 102 103 104 107 108 109 110 112 114 115 116 117 118 119 120 121 122 123 124 125 126
25 100 101 102 103 104 105 106 107 108 109 110 112 114 115 116 117 118 119 120 121 122 123 124 125 126
22 100 101 102 103 104 107 111 112 113 114 115 116 117 118 119 120 121 122 123 124 125 126
24 100 101 102 103 104 105 106 107 111 112 113 114 115 116 117 118 119 120 121 122 123 124 125 126
25 100 101 102 103 104 107 108 109 110 111 112 113 114 115 116 117 118 119 120 121 122 123 124 125 126
27 100 101 102 103 104 105 106 107 108 109 110 111 112 113 114 115 116 117 118 119 120 121 122 123 124 125 126
4 105 108 113 120
8 95 101 109 110 122 123 124 126
7 98 102 106 114 115 116 118
2 104 117
6 97 99 111 119 121 125
3 96 100 112
1 109
1 110
1 113
1 118
1 119
1 122
1 125
1 126
2 100 104
7 95 99 103 106 109 116 121
5 97 110 111 114 115
7 101 107 113 117 118 119 126
2 98 125
4 96 102 112 124
1 123
3 105 120 122
1 99
1 104
17 97 98 99 100 103 105 106 109 111 112 114 115 117 122 123 124 126
11 95 96 101 102 108 110 113 118 119 121 125
2 107 116
1 127
1 128
1 129
1 130
1 131
1 132
1 133
1 134
3 133 134 135
1 136
1 137
3 136 137 138
1 139
1 140
3 139 140 141
1 142
3 136 142 143
5 136 137 138 142 143
1 144
1 145
3 144 145 146
1 147
1 148
3 147 148 149
1 150
1 151
3 150 151 152
1 153
3 150 153 154
5 150 151 152 153 154
1 155
3 147 155 156
5 147 148 149 155 156
1 157
3 148 157 158
5 147 148 149 157 158
7 147 148 149 155 156 157 158
1 159
1 160
3 159 160 161
1 162
1 163
3 162 163 164
3 148 163 165
5 147 148 149 163 165
7 147 148 149 155 156 163 165
5 148 157 158 163 165
7 147 148 149 157 158 163 165
9 147 148 149 155 156 157 158 163 165
5 148 162 163 164 165
7 147 148 149 162 163 164 165
9 147 148 149 155 156 162 163 164 165
7 148 157 158 162 163 164 165
9 147 148 149 157 158 162 163 164 165
11 147 148 149 155 156 157 158 162 163 164 165
1 166
1 167
3 166 167 168
3 163 167 169
5 162 163 164 167 169
5 148 163 165 167 169
7 147 148 149 163 165 167 169
9 147 148 149 155 156 163 165 167 169
7 148 157 158 163 165 167 169
9 147 148 149 157 158 163 165 167 169
11 147 148 149 155 156 157 158 163 165 167 169
7 148 162 163 164 165 167 169
9 147 148 149 162 163 164 165 167 169
11 147 148 149 155 156 162 163 164 165 167 169
9 148 157 158 162 163 164 165 167 169
11 147 148 149 157 158 162 163 164 165 167 169
13 147 148 149 155 156 157 158 162 163 164 165 167 169
5 163 166 167 168 169
7 162 163 164 166 167 168 169
7 148 163 165 166 167 168 169
9 147 148 149 163 165 166 167 168 169
11 147 148 149 155 156 163 165 166 167 168 169
9 148 157 158 163 165 166 167 168 169
11 147 148 149 157 158 163 165 166 167 168 169
13 147 148 149 155 156 157 158 163 165 166 167 168 169
9 148 162 163 164 165 166 167 168 169
11 147 148 149 162 163 164 165 166 167 168 169
13 147 148 149 155 156 162 163 164 165 166 167 168 169
11 148 157 158 162 163 164 165 166 167 168 169
13 147 148 149 157 158 162 163 164 165 166 167 168 169
15 147 148 149 155 156 157 158 162 163 164 165 166 167 168 169
2 145 152
9 127 129 136 138 149 158 159 162 165
3 128 143 156
21 130 131 133 134 137 139 140 141 142 144 146 148 150 151 153 155 157 160 161 164 167
3 135 147 163
3 154 168 169
2 132 166
1 135
1 138
1 141
1 143
1 146
1 149
1 152
1 154
1 158
1 164
1 168
3 137 142 169
7 131 136 143 160 161 162 167
3 139 149 165
15 127 128 130 134 135 140 146 150 152 155 156 158 159 164 168
5 141 147 148 151 154
5 132 153 157 163 166
3 129 133 138
1 156
1 161
20 127 129 135 136 138 140 141 142 146 149 151 154 158 159 162 163 164 166 167 169
5 132 139 147 148 153
18 128 130 131 133 134 137 143 144 145 150 152 155 156 157 160 161 165 168
1 169
43 127 128 129 130 131 132 133 134 135 136 137 138 139 140 141 142 143 144 145 146 147 148 149 150 151 152 153 154 155 156 157 158 159 160 161 162 163 164 165 166 167 168 169
3 127 156 167
6 131 133 134 138 153 155
11 128 132 136 146 147 151 154 165 166 168 169
4 140 149 152 163
4 129 135 148 150
2 142 143
4 137 145 158 160
5 130 139 144 157 162
6 131 143 144 148 152 159
37 127 128 129 130 132 133 134 135 136 137 138 139 140 141 142 145 146 147 149 150 151 153 154 155 156 157 158 160 161 162 163 164 165 166 167 168 169
1 165
8 129 130 133 140 145 146 147 153
2 155 158
3 135 148 157
18 127 128 132 136 137 141 142 143 149 150 151 156 159 162 163 166 167 169
2 138 152
3 134 160 168
3 139 161 164
7 137 140 142 146 154 162 164
3 131 141 155
7 129 130 144 147 148 150 166
10 127 139 145 149 151 157 161 163 165 168
11 128 132 133 134 143 152 156 158 159 167 169
5 135 136 138 153 160
5 142 147 155 159 169
7 135 136 145 151 160 162 166
2 158 164
4 129 130 153 165
2 127 137
2 141 154
6 131 132 133 138 140 149
6 128 139 146 148 150 163
3 134 143 157
2 144 161
2 156 167
12 127 131 135 141 143 144 146 158 159 160 163 166
10 128 130 134 137 150 153 154 155 156 164
10 129 132 133 136 142 148 149 161 167 168
10 138 139 140 145 147 151 152 157 165 169
2 151 153
3 135 138 162
3 128 140 154
7 129 133 141 144 145 158 168
5 136 139 152 155 167
3 159 160 165
7 127 130 132 142 146 148 149
3 131 143 156
6 137 147 150 161 164 169
7 129 131 132 142 157 161 164
20 127 130 133 134 135 136 138 139 140 146 147 149 150 152 154 162 163 165 167 168
6 145 148 151 155 160 166
3 144 153 169
5 128 137 156 158 159
42 127 128 129 130 131 132 133 134 135 136 137 138 139 140 141 142 143 144 145 146 147 148 149 150 151 152 154 155 156 157 158 159 160 161 162 163 164 165 166 167 168 169
13 127 128 136 137 139 141 146 151 155 156 159 162 165
3 129 131 163
8 133 138 140 142 145 147 152 161
12 132 134 143 148 154 157 158 164 166 167 168 169
6 130 135 144 149 153 160
4 129 145 149 150
19 127 130 133 140 141 142 144 146 152 154 156 157 158 160 161 163 164 165 166
3 128 155 167
2 131 138
3 143 147 151
2 135 153
5 132 134 136 139 168
2 137 169
3 148 159 162
3 131 149 150
5 138 147 155 161 167
4 159 160 168 169
5 137 140 145 151 164
10 128 130 135 136 139 142 144 146 156 165
13 127 129 133 134 141 143 148 153 154 157 158 163 166
