166 870
1 1
1 2
1 3
1 4
1 5
3 4 5 6
1 7
1 8
3 7 8 9
1 10
1 11
3 10 11 12
1 13
3 11 13 14
5 10 11 12 13 14
1 15
1 16
3 15 16 17
3 13 16 18
5 11 13 14 16 18
7 10 11 12 13 14 16 18
5 13 15 16 17 18
7 11 13 14 15 16 17 18
9 10 11 12 13 14 15 16 17 18
18 1 2 3 4 5 6 7 8 9 10 11 12 13 14 15 16 17 18
1 9
1 12
1 14
1 17
1 18
2 5 13
5 8 9 10 12 16
4 11 14 17 18
2 2 4
3 1 6 15
1 6
10 1 2 3 5 7 8 9 12 15 16
4 4 6 10 18
2 2 10
3 4 9 14
2 7 13
2 17 18
2 1 12
5 3 5 8 11 16
5 1 2 4 12 15
2 9 17
3 13 14 18
3 3 7 11
6 1 2 9 10 15 18
4 4 6 12 13
5 3 8 11 16 17
1 19
1 20
3 19 20 21
1 22
1 23
3 22 23 24
1 25
3 23 25 26
5 22 23 24 25 26
1 27
3 23 27 28
5 22 23 24 27 28
5 23 25 26 27 28
7 22 23 24 25 26 27 28
3 20 23 29
5 19 20 21 23 29
5 20 22 23 24 29
7 19 20 21 22 23 24 29
5 20 23 25 26 29
7 19 20 21 23 25 26 29
7 20 22 23 24 25 26 29
9 19 20 21 22 23 24 25 26 29
5 20 23 27 28 29
7 19 20 21 23 27 28 29
7 20 22 23 24 27 28 29
9 19 20 21 22 23 24 27 28 29
7 20 23 25 26 27 28 29
9 19 20 21 23 25 26 27 28 29
9 20 22 23 24 25 26 27 28 29
11 19 20 21 22 23 24 25 26 27 28 29
1 30
3 19 30 31
5 19 20 21 30 31
7 19 20 21 23 29 30 31
9 19 20 21 22 23 24 29 30 31
9 19 20 21 23 25 26 29 30 31
11 19 20 21 22 23 24 25 26 29 30 31
9 19 20 21 23 27 28 29 30 31
11 19 20 21 22 23 24 27 28 29 30 31
11 19 20 21 23 25 26 27 28 29 30 31
13 19 20 21 22 23 24 25 26 27 28 29 30 31
1 32
1 33
3 32 33 34
1 35
3 27 35 36
5 23 27 28 35 36
7 22 23 24 27 28 35 36
7 23 25 26 27 28 35 36
9 22 23 24 25 26 27 28 35 36
7 20 23 27 28 29 35 36
9 19 20 21 23 27 28 29 35 36
9 20 22 23 24 27 28 29 35 36
11 19 20 21 22 23 24 27 28 29 35 36
9 20 23 25 26 27 28 29 35 36
11 19 20 21 23 25 26 27 28 29 35 36
11 20 22 23 24 25 26 27 28 29 35 36
13 19 20 21 22 23 24 25 26 27 28 29 35 36
11 19 20 21 23 27 28 29 30 31 35 36
13 19 20 21 22 23 24 27 28 29 30 31 35 36
13 19 20 21 23 25 26 27 28 29 30 31 35 36
15 19 20 21 22 23 24 25 26 27 28 29 30 31 35 36
1 37
3 35 37 38
5 27 35 36 37 38
7 23 27 28 35 36 37 38
9 22 23 24 27 28 35 36 37 38
9 23 25 26 27 28 35 36 37 38
11 22 23 24 25 26 27 28 35 36 37 38
9 20 23 27 28 29 35 36 37 38
11 19 20 21 23 27 28 29 35 36 37 38
11 20 22 23 24 27 28 29 35 36 37 38
13 19 20 21 22 23 24 27 28 29 35 36 37 38
11 20 23 25 26 27 28 29 35 36 37 38
13 19 20 21 23 25 26 27 28 29 35 36 37 38
13 20 22 23 24 25 26 27 28 29 35 36 37 38
15 19 20 21 22 23 24 25 26 27 28 29 35 36 37 38
13 19 20 21 23 27 28 29 30 31 35 36 37 38
15 19 20 21 22 23 24 27 28 29 30 31 35 36 37 38
15 19 20 21 23 25 26 27 28 29 30 31 35 36 37 38
17 19 20 21 22 23 24 25 26 27 28 29 30 31 35 36 37 38
3 32 35 39
5 32 33 34 35 39
5 27 32 35 36 39
7 23 27 28 32 35 36 39
9 22 23 24 27 28 32 35 36 39
9 23 25 26 27 28 32 35 36 39
11 22 23 24 25 26 27 28 32 35 36 39
9 20 23 27 28 29 32 35 36 39
11 19 20 21 23 27 28 29 32 35 36 39
11 20 22 23 24 27 28 29 32 35 36 39
13 19 20 21 22 23 24 27 28 29 32 35 36 39
11 20 23 25 26 27 28 29 32 35 36 39
13 19 20 21 23 25 26 27 28 29 32 35 36 39
13 20 22 23 24 25 26 27 28 29 32 35 36 39
15 19 20 21 22 23 24 25 26 27 28 29 32 35 36 39
13 19 20 21 23 27 28 29 30 31 32 35 36 39
15 19 20 21 22 23 24 27 28 29 30 31 32 35 36 39
15 19 20 21 23 25 26 27 28 29 30 31 32 35 36 39
17 19 20 21 22 23 24 25 26 27 28 29 30 31 32 35 36 39
7 27 32 33 34 35 36 39
9 23 27 28 32 33 34 35 36 39
11 22 23 24 27 28 32 33 34 35 36 39
11 23 25 26 27 28 32 33 34 35 36 39
13 22 23 24 25 26 27 28 32 33 34 35 36 39
11 20 23 27 28 29 32 33 34 35 36 39
13 19 20 21 23 27 28 29 32 33 34 35 36 39
13 20 22 23 24 27 28 29 32 33 34 35 36 39
15 19 20 21 22 23 24 27 28 29 32 33 34 35 36 39
13 20 23 25 26 27 28 29 32 33 34 35 36 39
15 19 20 21 23 25 26 27 28 29 32 33 34 35 36 39
15 20 22 23 24 25 26 27 28 29 32 33 34 35 36 39
17 19 20 21 22 23 24 25 26 27 28 29 32 33 34 35 36 39
15 19 20 21 23 27 28 29 30 31 32 33 34 35 36 39
17 19 20 21 22 23 24 27 28 29 30 31 32 33 34 35 36 39
17 19 20 21 23 25 26 27 28 29 30 31 32 33 34 35 36 39
19 19 20 21 22 23 24 25 26 27 28 29 30 31 32 33 34 35 36 39
5 32 35 37 38 39
7 32 33 34 35 37 38 39
7 27 32 35 36 37 38 39
9 23 27 28 32 35 36 37 38 39
11 22 23 24 27 28 32 35 36 37 38 39
11 23 25 26 27 28 32 35 36 37 38 39
13 22 23 24 25 26 27 28 32 35 36 37 38 39
11 20 23 27 28 29 32 35 36 37 38 39
13 19 20 21 23 27 28 29 32 35 36 37 38 39
13 20 22 23 24 27 28 29 32 35 36 37 38 39
15 19 20 21 22 23 24 27 28 29 32 35 36 37 38 39
13 20 23 25 26 27 28 29 32 35 36 37 38 39
15 19 20 21 23 25 26 27 28 29 32 35 36 37 38 39
15 20 22 23 24 25 26 27 28 29 32 35 36 37 38 39
17 19 20 21 22 23 24 25 26 27 28 29 32 35 36 37 38 39
15 19 20 21 23 27 28 29 30 31 32 35 36 37 38 39
17 19 20 21 22 23 24 27 28 29 30 31 32 35 36 37 38 39
17 19 20 21 23 25 26 27 28 29 30 31 32 35 36 37 38 39
19 19 20 21 22 23 24 25 26 27 28 29 30 31 32 35 36 37 38 39
9 27 32 33 34 35 36 37 38 39
11 23 27 28 32 33 34 35 36 37 38 39
13 22 23 24 27 28 32 33 34 35 36 37 38 39
13 23 25 26 27 28 32 33 34 35 36 37 38 39
15 22 23 24 25 26 27 28 32 33 34 35 36 37 38 39
13 20 23 27 28 29 32 33 34 35 36 37 38 39
15 19 20 21 23 27 28 29 32 33 34 35 36 37 38 39
15 20 22 23 24 27 28 29 32 33 34 35 36 37 38 39
17 19 20 21 22 23 24 27 28 29 32 33 34 35 36 37 38 39
15 20 23 25 26 27 28 29 32 33 34 35 36 37 38 39
17 19 20 21 23 25 26 27 28 29 32 33 34 35 36 37 38 39
17 20 22 23 24 25 26 27 28 29 32 33 34 35 36 37 38 39
19 19 20 21 22 23 24 25 26 27 28 29 32 33 34 35 36 37 38 39
17 19 20 21 23 27 28 29 30 31 32 33 34 35 36 37 38 39
19 19 20 21 22 23 24 27 28 29 30 31 32 33 34 35 36 37 38 39
19 19 20 21 23 25 26 27 28 29 30 31 32 33 34 35 36 37 38 39
21 19 20 21 22 23 24 25 26 27 28 29 30 31 32 33 34 35 36 37 38 39
1 40
3 19 40 41
5 19 20 21 40 41
7 19 20 21 23 29 40 41
9 19 20 21 22 23 24 29 40 41
9 19 20 21 23 25 26 29 40 41
11 19 20 21 22 23 24 25 26 29 40 41
9 19 20 21 23 27 28 29 40 41
11 19 20 21 22 23 24 27 28 29 40 41
11 19 20 21 23 25 26 27 28 29 40 41
13 19 20 21 22 23 24 25 26 27 28 29 40 41
5 19 30 31 40 41
7 19 20 21 30 31 40 41
9 19 20 21 23 29 30 31 40 41
11 19 20 21 22 23 24 29 30 31 40 41
11 19 20 21 23 25 26 29 30 31 40 41
13 19 20 21 22 23 24 25 26 29 30 31 40 41
11 19 20 21 23 27 28 29 30 31 40 41
13 19 20 21 22 23 24 27 28 29 30 31 40 41
13 19 20 21 23 25 26 27 28 29 30 31 40 41
15 19 20 21 22 23 24 25 26 27 28 29 30 31 40 41
11 19 20 21 23 27 28 29 35 36 40 41
13 19 20 21 22 23 24 27 28 29 35 36 40 41
13 19 20 21 23 25 26 27 28 29 35 36 40 41
15 19 20 21 22 23 24 25 26 27 28 29 35 36 40 41
13 19 20 21 23 27 28 29 30 31 35 36 40 41
15 19 20 21 22 23 24 27 28 29 30 31 35 36 40 41
15 19 20 21 23 25 26 27 28 29 30 31 35 36 40 41
17 19 20 21 22 23 24 25 26 27 28 29 30 31 35 36 40 41
13 19 20 21 23 27 28 29 35 36 37 38 40 41
15 19 20 21 22 23 24 27 28 29 35 36 37 38 40 41
15 19 20 21 23 25 26 27 28 29 35 36 37 38 40 41
17 19 20 21 22 23 24 25 26 27 28 29 35 36 37 38 40 41
15 19 20 21 23 27 28 29 30 31 35 36 37 38 40 41
17 19 20 21 22 23 24 27 28 29 30 31 35 36 37 38 40 41
17 19 20 21 23 25 26 27 28 29 30 31 35 36 37 38 40 41
19 19 20 21 22 23 24 25 26 27 28 29 30 31 35 36 37 38 40 41
13 19 20 21 23 27 28 29 32 35 36 39 40 41
15 19 20 21 22 23 24 27 28 29 32 35 36 39 40 41
15 19 20 21 23 25 26 27 28 29 32 35 36 39 40 41
17 19 20 21 22 23 24 25 26 27 28 29 32 35 36 39 40 41
15 19 20 21 23 27 28 29 30 31 32 35 36 39 40 41
17 19 20 21 22 23 24 27 28 29 30 31 32 35 36 39 40 41
17 19 20 21 23 25 26 27 28 29 30 31 32 35 36 39 40 41
19 19 20 21 22 23 24 25 26 27 28 29 30 31 32 35 36 39 40 41
15 19 20 21 23 27 28 29 32 33 34 35 36 39 40 41
17 19 20 21 22 23 24 27 28 29 32 33 34 35 36 39 40 41
17 19 20 21 23 25 26 27 28 29 32 33 34 35 36 39 40 41
19 19 20 21 22 23 24 25 26 27 28 29 32 33 34 35 36 39 40 41
17 19 20 21 23 27 28 29 30 31 32 33 34 35 36 39 40 41
19 19 20 21 22 23 24 27 28 29 30 31 32 33 34 35 36 39 40 41
19 19 20 21 23 25 26 27 28 29 30 31 32 33 34 35 36 39 40 41
21 19 20 21 22 23 24 25 26 27 28 29 30 31 32 33 34 35 36 39 40 41
15 19 20 21 23 27 28 29 32 35 36 37 38 39 40 41
17 19 20 21 22 23 24 27 28 29 32 35 36 37 38 39 40 41
17 19 20 21 23 25 26 27 28 29 32 35 36 37 38 39 40 41
19 19 20 21 22 23 24 25 26 27 28 29 32 35 36 37 38 39 40 41
17 19 20 21 23 27 28 29 30 31 32 35 36 37 38 39 40 41
19 19 20 21 22 23 24 27 28 29 30 31 32 35 36 37 38 39 40 41
19 19 20 21 23 25 26 27 28 29 30 31 32 35 36 37 38 39 40 41
21 19 20 21 22 23 24 25 26 27 28 29 30 31 32 35 36 37 38 39 40 41
17 19 20 21 23 27 28 29 32 33 34 35 36 37 38 39 40 41
19 19 20 21 22 23 24 27 28 29 32 33 34 35 36 37 38 39 40 41
19 19 20 21 23 25 26 27 28 29 32 33 34 35 36 37 38 39 40 41
21 19 20 21 22 23 24 25 26 27 28 29 32 33 34 35 36 37 38 39 40 41
19 19 20 21 23 27 28 29 30 31 32 33 34 35 36 37 38 39 40 41
21 19 20 21 22 23 24 27 28 29 30 31 32 33 34 35 36 37 38 39 40 41
21 19 20 21 23 25 26 27 28 29 30 31 32 33 34 35 36 37 38 39 40 41
23 19 20 21 22 23 24 25 26 27 28 29 30 31 32 33 34 35 36 37 38 39 40 41
17 20 21 22 24 25 27 28 30 31 32 33 34 36 37 38 39 41
6 19 23 26 29 35 40
1 31
1 34
1 38
1 39
1 41
9 20 21 22 24 28 34 36 38 41
1 29
2 31 40
6 26 27 30 33 35 37
1 21
1 24
1 26
1 36
22 19 20 21 22 23 24 25 26 27 28 29 30 31 32 33 34 35 37 38 39 40 41
1 42
1 43
3 42 43 44
1 45
3 42 45 46
3 43 45 47
6 42 43 44 45 46 47
1 48
1 49
3 48 49 50
1 51
1 52
3 51 52 53
1 54
1 55
3 54 55 56
1 57
3 54 57 58
5 54 55 56 57 58
1 59
3 55 59 60
5 54 55 56 59 60
7 54 55 56 57 58 59 60
2 47 54
3 43 50 56
4 42 46 58 60
2 51 53
7 44 45 48 49 52 55 57
1 50
1 53
7 44 47 48 49 50 51 54
3 43 56 59
1 60
1 46
3 53 55 57
2 45 58
1 44
1 56
1 58
2 45 53
7 42 46 47 52 57 58 59
4 43 49 51 54
4 44 48 56 60
2 50 55
1 47
10 44 46 47 49 50 51 53 54 55 59
9 42 43 45 48 52 56 57 58 60
9 42 43 47 51 53 54 55 57 60
7 44 46 49 50 56 58 59
2 45 52
8 45 47 49 52 54 55 58 60
6 43 46 48 50 56 57
2 53 59
3 42 44 51
4 45 47 52 55
15 42 43 44 46 48 49 50 51 53 54 56 57 58 59 60
5 42 43 55 58 59
5 45 46 52 57 60
2 53 56
3 48 50 51
2 49 54
3 44 45 52
2 56 57
6 48 49 51 54 58 59
4 43 47 53 60
2 42 59
2 45 46
3 48 53 54
4 50 55 56 58
5 43 44 47 51 57
4 44 47 49 55
4 42 52 58 59
3 51 53 56
2 43 48
2 54 57
2 44 56
7 43 45 48 49 54 55 59
2 52 53
3 47 50 57
5 42 46 51 58 60
3 42 44 55
2 46 47
7 43 45 50 51 54 56 58
2 59 60
2 49 52
5 43 48 50 51 55
3 58 59 60
3 44 47 52
2 53 57
2 46 54
11 42 44 47 48 49 52 53 54 55 57 58
7 43 45 46 51 56 59 60
15 42 43 45 46 47 48 49 50 53 55 56 57 58 59 60
4 44 51 52 54
1 61
1 62
1 63
1 64
1 65
1 66
3 65 66 67
1 68
1 69
3 68 69 70
3 66 69 71
5 65 66 67 69 71
5 66 68 69 70 71
7 65 66 67 68 69 70 71
1 72
3 69 72 73
5 68 69 70 72 73
5 66 69 71 72 73
7 65 66 67 69 71 72 73
7 66 68 69 70 71 72 73
9 65 66 67 68 69 70 71 72 73
4 65 66 67 72
5 61 64 70 71 73
3 62 68 69
1 67
1 70
2 62 73
2 63 66
3 65 70 72
2 64 69
2 68 71
2 65 72
4 61 67 68 73
2 63 64
2 62 69
1 71
2 65 66
10 61 62 63 64 68 69 70 71 72 73
1 73
1 74
1 75
3 74 75 76
1 77
3 75 77 78
5 74 75 76 77 78
1 79
1 80
3 79 80 81
1 82
1 83
3 82 83 84
1 85
3 80 85 86
5 79 80 81 85 86
1 87
3 82 87 88
5 82 83 84 87 88
1 89
3 87 89 90
5 82 87 88 89 90
7 82 83 84 87 88 89 90
1 91
3 87 91 92
5 82 87 88 91 92
7 82 83 84 87 88 91 92
3 89 91 93
6 87 89 90 91 92 93
8 82 87 88 89 90 91 92 93
10 82 83 84 87 88 89 90 91 92 93
1 94
3 91 94 95
5 87 91 92 94 95
7 82 87 88 91 92 94 95
9 82 83 84 87 88 91 92 94 95
5 89 91 93 94 95
8 87 89 90 91 92 93 94 95
10 82 87 88 89 90 91 92 93 94 95
12 82 83 84 87 88 89 90 91 92 93 94 95
1 96
1 97
3 96 97 98
2 92 98
3 82 84 89
10 75 78 79 81 83 85 91 95 96 97
3 76 77 87
2 90 94
4 74 86 88 93
1 76
1 78
1 81
1 86
1 90
1 93
3 84 85 93
4 78 79 81 89
2 86 88
2 82 87
2 74 77
3 75 96 97
4 76 83 90 95
3 91 92 98
2 80 94
1 98
6 77 80 84 85 94 98
6 78 79 83 87 95 97
8 75 76 82 88 89 90 93 96
5 74 81 86 91 92
1 84
1 92
1 95
5 77 85 86 87 90
2 83 91
1 88
3 78 81 94
3 80 92 96
3 74 75 98
4 76 89 93 95
15 74 75 76 78 81 82 85 87 90 91 92 93 94 97 98
3 83 89 96
13 74 75 79 80 84 85 86 88 89 90 91 95 96
3 82 87 94
9 76 77 78 81 83 92 93 97 98
3 83 84 96
3 82 88 98
4 75 76 92 93
14 74 77 78 80 81 85 86 87 89 90 91 94 95 97
7 80 85 86 88 91 93 98
8 74 76 77 81 84 90 95 96
3 79 89 94
7 75 78 82 83 87 92 97
7 79 80 85 86 92 95 97
12 74 75 76 77 78 81 82 88 89 93 96 98
6 83 84 87 90 91 94
3 77 83 85
5 74 78 81 94 96
3 75 87 92
3 79 88 90
4 82 89 93 97
5 76 80 86 91 95
3 74 75 87
2 77 94
4 79 81 88 96
2 76 95
7 78 80 82 84 86 93 97
4 85 90 92 98
2 83 90
2 84 97
2 93 94
6 74 79 80 82 86 92
3 76 91 95
5 78 81 85 96 98
25 74 75 76 77 78 79 80 81 82 83 84 85 86 87 88 89 90 91 92 93 94 95 96 97 98
8 74 75 79 81 86 88 92 98
2 89 93
13 77 78 80 82 83 84 85 87 91 94 95 96 97
6 81 84 90 93 96 97
4 78 92 94 98
3 76 79 85
2 74 83
7 77 80 82 88 89 91 95
1 99
1 100
1 101
1 102
3 101 102 103
1 104
1 105
3 104 105 106
1 107
3 102 107 108
5 101 102 103 107 108
1 109
3 107 109 110
5 102 107 108 109 110
7 101 102 103 107 108 109 110
1 111
1 112
3 111 112 113
3 101 112 114
5 101 102 103 112 114
7 101 102 103 107 108 112 114
9 101 102 103 107 108 109 110 112 114
5 101 111 112 113 114
7 101 102 103 111 112 113 114
9 101 102 103 107 108 111 112 113 114
11 101 102 103 107 108 109 110 111 112 113 114
1 114
2 105 112
1 103
2 107 110
5 99 101 108 109 113
2 100 106
4 105 107 111 112
2 99 110
3 100 103 104
2 101 106
2 108 109
3 102 113 114
1 106
15 99 100 101 103 104 105 106 107 108 109 110 111 112 113 114
1 110
1 113
4 102 104 111 114
7 101 103 105 108 110 112 113
5 99 100 106 107 109
10 99 101 102 104 107 108 110 112 113 114
4 100 105 106 109
2 103 111
1 108
6 101 102 104 107 110 111
2 108 112
6 99 100 103 105 113 114
6 99 101 104 105 107 113
6 100 102 109 110 112 114
3 106 108 111
10 99 104 105 106 107 108 110 111 113 114
4 100 101 102 109
2 101 107
2 111 112
3 100 109 110
2 99 102
2 113 114
2 105 108
12 99 101 102 103 106 107 108 109 111 112 113 114
4 100 104 105 110
14 99 100 101 102 103 104 105 106 107 109 110 112 113 114
2 108 111
2 107 111
2 103 106
2 109 110
3 99 112 114
2 100 102
4 104 105 108 113
4 99 100 103 112
4 101 108 110 114
3 102 106 113
2 104 109
1 115
1 116
1 117
3 116 117 118
1 119
1 120
3 119 120 121
1 122
3 116 122 123
5 116 117 118 122 123
1 124
3 116 124 125
5 116 117 118 124 125
5 116 122 123 124 125
7 116 117 118 122 123 124 125
1 126
3 117 126 127
5 116 117 118 126 127
7 116 117 118 122 123 126 127
7 116 117 118 124 125 126 127
9 116 117 118 122 123 124 125 126 127
1 128
1 129
3 128 129 130
1 131
3 129 131 132
5 128 129 130 131 132
6 118 119 121 129 130 132
12 115 116 117 120 122 123 124 125 126 127 128 131
1 118
1 121
1 125
1 127
4 118 122 123 130
4 115 117 120 125
4 116 124 126 128
3 119 121 127
1 132
1 123
12 117 118 119 120 121 122 124 126 127 129 130 131
6 115 116 123 125 128 132
1 130
2 123 124
5 117 118 125 127 128
5 119 126 129 130 132
3 121 122 131
2 115 120
3 118 123 128
2 119 129
10 115 116 117 120 121 124 125 126 127 132
3 122 130 131
16 115 116 117 119 120 121 122 123 124 125 126 127 128 129 131 132
2 118 130
3 122 125 131
2 118 119
4 117 120 127 132
4 115 116 129 130
18 115 116 117 118 119 120 121 122 123 124 125 126 127 128 129 130 131 132
1 133
1 134
1 135
1 136
1 137
1 138
3 137 138 139
1 140
3 137 140 141
5 137 138 139 140 141
1 142
3 137 142 143
5 137 138 139 142 143
5 137 140 141 142 143
7 137 138 139 140 141 142 143
1 144
1 145
3 144 145 146
3 140 145 147
5 137 140 141 145 147
7 137 138 139 140 141 145 147
7 137 140 141 142 143 145 147
9 137 138 139 140 141 142 143 145 147
5 140 144 145 146 147
7 137 140 141 144 145 146 147
9 137 138 139 140 141 144 145 146 147
9 137 140 141 142 143 144 145 146 147
11 137 138 139 140 141 142 143 144 145 146 147
1 148
3 145 148 149
5 144 145 146 148 149
5 140 145 147 148 149
7 137 140 141 145 147 148 149
9 137 138 139 140 141 145 147 148 149
9 137 140 141 142 143 145 147 148 149
11 137 138 139 140 141 142 143 145 147 148 149
7 140 144 145 146 147 148 149
9 137 140 141 144 145 146 147 148 149
11 137 138 139 140 141 144 145 146 147 148 149
11 137 140 141 142 143 144 145 146 147 148 149
13 137 138 139 140 141 142 143 144 145 146 147 148 149
1 150
1 151
3 150 151 152
1 153
1 154
3 153 154 155
1 156
3 142 156 157
5 137 142 143 156 157
7 137 138 139 142 143 156 157
7 137 140 141 142 143 156 157
9 137 138 139 140 141 142 143 156 157
9 137 140 141 142 143 145 147 156 157
11 137 138 139 140 141 142 143 145 147 156 157
11 137 140 141 142 143 144 145 146 147 156 157
13 137 138 139 140 141 142 143 144 145 146 147 156 157
11 137 140 141 142 143 145 147 148 149 156 157
13 137 138 139 140 141 142 143 145 147 148 149 156 157
13 137 140 141 142 143 144 145 146 147 148 149 156 157
15 137 138 139 140 141 142 143 144 145 146 147 148 149 156 157
1 158
3 148 158 159
5 145 148 149 158 159
7 144 145 146 148 149 158 159
7 140 145 147 148 149 158 159
9 137 140 141 145 147 148 149 158 159
11 137 138 139 140 141 145 147 148 149 158 159
11 137 140 141 142 143 145 147 148 149 158 159
13 137 138 139 140 141 142 143 145 147 148 149 158 159
9 140 144 145 146 147 148 149 158 159
11 137 140 141 144 145 146 147 148 149 158 159
13 137 138 139 140 141 144 145 146 147 148 149 158 159
13 137 140 141 142 143 144 145 146 147 148 149 158 159
15 137 138 139 140 141 142 143 144 145 146 147 148 149 158 159
13 137 140 141 142 143 145 147 148 149 156 157 158 159
15 137 138 139 140 141 142 143 145 147 148 149 156 157 158 159
15 137 140 141 142 143 144 145 146 147 148 149 156 157 158 159
17 137 138 139 140 141 142 143 144 145 146 147 148 149 156 157 158 159
3 153 158 160
5 153 154 155 158 160
5 148 153 158 159 160
7 145 148 149 153 158 159 160
9 144 145 146 148 149 153 158 159 160
9 140 145 147 148 149 153 158 159 160
11 137 140 141 145 147 148 149 153 158 159 160
13 137 138 139 140 141 145 147 148 149 153 158 159 160
13 137 140 141 142 143 145 147 148 149 153 158 159 160
15 137 138 139 140 141 142 143 145 147 148 149 153 158 159 160
11 140 144 145 146 147 148 149 153 158 159 160
13 137 140 141 144 145 146 147 148 149 153 158 159 160
15 137 138 139 140 141 144 145 146 147 148 149 153 158 159 160
15 137 140 141 142 143 144 145 146 147 148 149 153 158 159 160
17 137 138 139 140 141 142 143 144 145 146 147 148 149 153 158 159 160
7 148 153 154 155 158 159 160
9 145 148 149 153 154 155 158 159 160
11 144 145 146 148 149 153 154 155 158 159 160
11 140 145 147 148 149 153 154 155 158 159 160
13 137 140 141 145 147 148 149 153 154 155 158 159 160
15 137 138 139 140 141 145 147 148 149 153 154 155 158 159 160
15 137 140 141 142 143 145 147 148 149 153 154 155 158 159 160
17 137 138 139 140 141 142 143 145 147 148 149 153 154 155 158 159 160
13 140 144 145 146 147 148 149 153 154 155 158 159 160
15 137 140 141 144 145 146 147 148 149 153 154 155 158 159 160
17 137 138 139 140 141 144 145 146 147 148 149 153 154 155 158 159 160
17 137 140 141 142 143 144 145 146 147 148 149 153 154 155 158 159 160
19 137 138 139 140 141 142 143 144 145 146 147 148 149 153 154 155 158 159 160
15 137 140 141 142 143 145 147 148 149 153 156 157 158 159 160
17 137 138 139 140 141 142 143 145 147 148 149 153 156 157 158 159 160
17 137 140 141 142 143 144 145 146 147 148 149 153 156 157 158 159 160
19 137 138 139 140 141 142 143 144 145 146 147 148 149 153 156 157 158 159 160
17 137 140 141 142 143 145 147 148 149 153 154 155 156 157 158 159 160
19 137 138 139 140 141 142 143 145 147 148 149 153 154 155 156 157 158 159 160
19 137 140 141 142 143 144 145 146 147 148 149 153 154 155 156 157 158 159 160
21 137 138 139 140 141 142 143 144 145 146 147 148 149 153 154 155 156 157 158 159 160
1 161
3 138 161 162
5 137 138 139 161 162
7 137 138 139 140 141 161 162
7 137 138 139 142 143 161 162
9 137 138 139 140 141 142 143 161 162
9 137 138 139 140 141 145 147 161 162
11 137 138 139 140 141 142 143 145 147 161 162
11 137 138 139 140 141 144 145 146 147 161 162
13 137 138 139 140 141 142 143 144 145 146 147 161 162
11 137 138 139 140 141 145 147 148 149 161 162
13 137 138 139 140 141 142 143 145 147 148 149 161 162
13 137 138 139 140 141 144 145 146 147 148 149 161 162
15 137 138 139 140 141 142 143 144 145 146 147 148 149 161 162
9 137 138 139 142 143 156 157 161 162
11 137 138 139 140 141 142 143 156 157 161 162
13 137 138 139 140 141 142 143 145 147 156 157 161 162
15 137 138 139 140 141 142 143 144 145 146 147 156 157 161 162
15 137 138 139 140 141 142 143 145 147 148 149 156 157 161 162
17 137 138 139 140 141 142 143 144 145 146 147 148 149 156 157 161 162
13 137 138 139 140 141 145 147 148 149 158 159 161 162
15 137 138 139 140 141 142 143 145 147 148 149 158 159 161 162
15 137 138 139 140 141 144 145 146 147 148 149 158 159 161 162
17 137 138 139 140 141 142 143 144 145 146 147 148 149 158 159 161 162
17 137 138 139 140 141 142 143 145 147 148 149 156 157 158 159 161 162
19 137 138 139 140 141 142 143 144 145 146 147 148 149 156 157 158 159 161 162
15 137 138 139 140 141 145 147 148 149 153 158 159 160 161 162
17 137 138 139 140 141 142 143 145 147 148 149 153 158 159 160 161 162
17 137 138 139 140 141 144 145 146 147 148 149 153 158 159 160 161 162
19 137 138 139 140 141 142 143 144 145 146 147 148 149 153 158 159 160 161 162
17 137 138 139 140 141 145 147 148 149 153 154 155 158 159 160 161 162
19 137 138 139 140 141 142 143 145 147 148 149 153 154 155 158 159 160 161 162
19 137 138 139 140 141 144 145 146 147 148 149 153 154 155 158 159 160 161 162
21 137 138 139 140 141 142 143 144 145 146 147 148 149 153 154 155 158 159 160 161 162
19 137 138 139 140 141 142 143 145 147 148 149 153 156 157 158 159 160 161 162
21 137 138 139 140 141 142 143 144 145 146 147 148 149 153 156 157 158 159 160 161 162
21 137 138 139 140 141 142 143 145 147 148 149 153 154 155 156 157 158 159 160 161 162
23 137 138 139 140 141 142 143 144 145 146 147 148 149 153 154 155 156 157 158 159 160 161 162
1 163
1 164
3 163 164 165
3 151 164 166
5 150 151 152 164 166
5 151 163 164 165 166
7 150 151 152 163 164 165 166
4 137 148 155 161
11 133 134 138 141 143 145 151 152 157 160 162
7 139 142 146 150 159 164 166
2 153 163
7 135 136 144 147 149 154 165
1 146
1 162
6 134 143 147 148 149 162
7 140 151 156 157 158 165 166
9 133 136 138 141 146 152 160 163 164
5 139 145 153 154 159
7 135 137 142 144 150 155 161
1 152
1 155
1 157
1 159
1 160
1 165
1 166
6 137 141 142 159 160 161
4 138 148 153 156
3 155 158 164
1 139
11 134 143 144 147 149 150 154 157 163 165 166
5 133 135 140 145 146
1 143
2 155 159
11 133 140 141 142 144 145 150 156 157 158 160
7 134 138 147 148 151 161 164
5 137 143 154 162 165
9 135 136 139 146 149 152 153 163 166
34 133 134 135 136 137 138 139 140 141 142 143 144 145 146 147 148 149 150 151 152 153 154 155 156 157 158 159 160 161 162 163 164 165 166
