162 599
1 1
1 2
1 3
1 4
1 5
1 6
3 5 6 7
1 8
3 5 8 9
5 5 6 7 8 9
1 10
3 6 10 11
5 5 6 7 10 11
7 5 6 7 8 9 10 11
1 12
3 10 12 13
5 6 10 11 12 13
7 5 6 7 10 11 12 13
9 5 6 7 8 9 10 11 12 13
1 14
3 5 14 15
5 5 6 7 14 15
5 5 8 9 14 15
7 5 6 7 8 9 14 15
7 5 6 7 10 11 14 15
9 5 6 7 8 9 10 11 14 15
9 5 6 7 10 11 12 13 14 15
11 5 6 7 8 9 10 11 12 13 14 15
1 16
3 6 16 17
5 5 6 7 16 17
7 5 6 7 8 9 16 17
5 6 10 11 16 17
7 5 6 7 10 11 16 17
9 5 6 7 8 9 10 11 16 17
7 6 10 11 12 13 16 17
9 5 6 7 10 11 12 13 16 17
11 5 6 7 8 9 10 11 12 13 16 17
7 5 6 7 14 15 16 17
9 5 6 7 8 9 14 15 16 17
9 5 6 7 10 11 14 15 16 17
11 5 6 7 8 9 10 11 14 15 16 17
11 5 6 7 10 11 12 13 14 15 16 17
13 5 6 7 8 9 10 11 12 13 14 15 16 17
1 18
3 16 18 19
5 6 16 17 18 19
7 5 6 7 16 17 18 19
9 5 6 7 8 9 16 17 18 19
7 6 10 11 16 17 18 19
9 5 6 7 10 11 16 17 18 19
11 5 6 7 8 9 10 11 16 17 18 19
9 6 10 11 12 13 16 17 18 19
11 5 6 7 10 11 12 13 16 17 18 19
13 5 6 7 8 9 10 11 12 13 16 17 18 19
9 5 6 7 14 15 16 17 18 19
11 5 6 7 8 9 14 15 16 17 18 19
11 5 6 7 10 11 14 15 16 17 18 19
13 5 6 7 8 9 10 11 14 15 16 17 18 19
13 5 6 7 10 11 12 13 14 15 16 17 18 19
15 5 6 7 8 9 10 11 12 13 14 15 16 17 18 19
17 1 4 5 6 7 8 9 10 11 12 13 14 15 16 17 18 19
2 2 3
1 7
1 13
1 17
1 19
19 1 2 3 4 5 6 7 8 9 10 11 12 13 14 15 16 17 18 19
1 11
12 1 2 4 6 7 8 9 10 11 14 16 19
7 3 5 12 13 15 17 18
3 6 16 18
5 7 9 12 15 19
4 3 8 10 17
2 4 14
1 9
1 20
1 21
1 22
1 23
1 24
1 25
3 24 25 26
1 27
3 25 27 28
5 24 25 26 27 28
1 29
3 27 29 30
5 25 27 28 29 30
7 24 25 26 27 28 29 30
1 31
3 27 31 32
5 25 27 28 31 32
7 24 25 26 27 28 31 32
5 27 29 30 31 32
7 25 27 28 29 30 31 32
9 24 25 26 27 28 29 30 31 32
1 33
3 31 33 34
5 27 31 32 33 34
7 25 27 28 31 32 33 34
9 24 25 26 27 28 31 32 33 34
7 27 29 30 31 32 33 34
9 25 27 28 29 30 31 32 33 34
11 24 25 26 27 28 29 30 31 32 33 34
1 35
3 24 35 36
5 24 25 26 35 36
7 24 25 26 27 28 35 36
9 24 25 26 27 28 29 30 35 36
9 24 25 26 27 28 31 32 35 36
11 24 25 26 27 28 29 30 31 32 35 36
11 24 25 26 27 28 31 32 33 34 35 36
13 24 25 26 27 28 29 30 31 32 33 34 35 36
1 37
3 35 37 38
5 24 35 36 37 38
7 24 25 26 35 36 37 38
9 24 25 26 27 28 35 36 37 38
11 24 25 26 27 28 29 30 35 36 37 38
11 24 25 26 27 28 31 32 35 36 37 38
13 24 25 26 27 28 29 30 31 32 35 36 37 38
13 24 25 26 27 28 31 32 33 34 35 36 37 38
15 24 25 26 27 28 29 30 31 32 33 34 35 36 37 38
1 39
3 35 39 40
5 24 35 36 39 40
7 24 25 26 35 36 39 40
9 24 25 26 27 28 35 36 39 40
11 24 25 26 27 28 29 30 35 36 39 40
11 24 25 26 27 28 31 32 35 36 39 40
13 24 25 26 27 28 29 30 31 32 35 36 39 40
13 24 25 26 27 28 31 32 33 34 35 36 39 40
15 24 25 26 27 28 29 30 31 32 33 34 35 36 39 40
5 35 37 38 39 40
7 24 35 36 37 38 39 40
9 24 25 26 35 36 37 38 39 40
11 24 25 26 27 28 35 36 37 38 39 40
13 24 25 26 27 28 29 30 35 36 37 38 39 40
13 24 25 26 27 28 31 32 35 36 37 38 39 40
15 24 25 26 27 28 29 30 31 32 35 36 37 38 39 40
15 24 25 26 27 28 31 32 33 34 35 36 37 38 39 40
17 24 25 26 27 28 29 30 31 32 33 34 35 36 37 38 39 40
1 41
3 33 41 42
5 31 33 34 41 42
7 27 31 32 33 34 41 42
9 25 27 28 31 32 33 34 41 42
11 24 25 26 27 28 31 32 33 34 41 42
9 27 29 30 31 32 33 34 41 42
11 25 27 28 29 30 31 32 33 34 41 42
13 24 25 26 27 28 29 30 31 32 33 34 41 42
13 24 25 26 27 28 31 32 33 34 35 36 41 42
15 24 25 26 27 28 29 30 31 32 33 34 35 36 41 42
15 24 25 26 27 28 31 32 33 34 35 36 37 38 41 42
17 24 25 26 27 28 29 30 31 32 33 34 35 36 37 38 41 42
15 24 25 26 27 28 31 32 33 34 35 36 39 40 41 42
17 24 25 26 27 28 29 30 31 32 33 34 35 36 39 40 41 42
17 24 25 26 27 28 31 32 33 34 35 36 37 38 39 40 41 42
19 24 25 26 27 28 29 30 31 32 33 34 35 36 37 38 39 40 41 42
1 43
1 44
3 43 44 45
1 46
1 47
3 46 47 48
3 37 47 49
5 35 37 38 47 49
7 24 35 36 37 38 47 49
9 24 25 26 35 36 37 38 47 49
11 24 25 26 27 28 35 36 37 38 47 49
13 24 25 26 27 28 29 30 35 36 37 38 47 49
13 24 25 26 27 28 31 32 35 36 37 38 47 49
15 24 25 26 27 28 29 30 31 32 35 36 37 38 47 49
15 24 25 26 27 28 31 32 33 34 35 36 37 38 47 49
17 24 25 26 27 28 29 30 31 32 33 34 35 36 37 38 47 49
7 35 37 38 39 40 47 49
9 24 35 36 37 38 39 40 47 49
11 24 25 26 35 36 37 38 39 40 47 49
13 24 25 26 27 28 35 36 37 38 39 40 47 49
15 24 25 26 27 28 29 30 35 36 37 38 39 40 47 49
15 24 25 26 27 28 31 32 35 36 37 38 39 40 47 49
17 24 25 26 27 28 29 30 31 32 35 36 37 38 39 40 47 49
17 24 25 26 27 28 31 32 33 34 35 36 37 38 39 40 47 49
19 24 25 26 27 28 29 30 31 32 33 34 35 36 37 38 39 40 47 49
17 24 25 26 27 28 31 32 33 34 35 36 37 38 41 42 47 49
19 24 25 26 27 28 29 30 31 32 33 34 35 36 37 38 41 42 47 49
19 24 25 26 27 28 31 32 33 34 35 36 37 38 39 40 41 42 47 49
21 24 25 26 27 28 29 30 31 32 33 34 35 36 37 38 39 40 41 42 47 49
5 37 46 47 48 49
7 35 37 38 46 47 48 49
9 24 35 36 37 38 46 47 48 49
11 24 25 26 35 36 37 38 46 47 48 49
13 24 25 26 27 28 35 36 37 38 46 47 48 49
15 24 25 26 27 28 29 30 35 36 37 38 46 47 48 49
15 24 25 26 27 28 31 32 35 36 37 38 46 47 48 49
17 24 25 26 27 28 29 30 31 32 35 36 37 38 46 47 48 49
17 24 25 26 27 28 31 32 33 34 35 36 37 38 46 47 48 49
19 24 25 26 27 28 29 30 31 32 33 34 35 36 37 38 46 47 48 49
9 35 37 38 39 40 46 47 48 49
11 24 35 36 37 38 39 40 46 47 48 49
13 24 25 26 35 36 37 38 39 40 46 47 48 49
15 24 25 26 27 28 35 36 37 38 39 40 46 47 48 49
17 24 25 26 27 28 29 30 35 36 37 38 39 40 46 47 48 49
17 24 25 26 27 28 31 32 35 36 37 38 39 40 46 47 48 49
19 24 25 26 27 28 29 30 31 32 35 36 37 38 39 40 46 47 48 49
19 24 25 26 27 28 31 32 33 34 35 36 37 38 39 40 46 47 48 49
21 24 25 26 27 28 29 30 31 32 33 34 35 36 37 38 39 40 46 47 48 49
19 24 25 26 27 28 31 32 33 34 35 36 37 38 41 42 46 47 48 49
21 24 25 26 27 28 29 30 31 32 33 34 35 36 37 38 41 42 46 47 48 49
21 24 25 26 27 28 31 32 33 34 35 36 37 38 39 40 41 42 46 47 48 49
23 24 25 26 27 28 29 30 31 32 33 34 35 36 37 38 39 40 41 42 46 47 48 49
19 20 21 23 26 27 30 31 32 33 35 37 38 40 42 43 46 47 48 49
11 22 24 25 28 29 34 36 39 41 44 45
1 30
1 40
1 42
1 45
20 20 21 22 23 25 27 29 31 34 36 37 38 39 40 42 43 45 46 47 48
10 24 26 28 30 32 33 35 41 44 49
1 26
1 28
10 20 24 26 33 34 41 42 44 45 49
4 31 35 46 47
6 23 25 27 36 40 43
4 29 30 39 48
5 21 22 32 37 38
1 36
1 50
1 51
1 52
1 53
1 54
1 55
3 54 55 56
1 57
1 58
3 57 58 59
1 60
3 58 60 61
5 57 58 59 60 61
1 62
3 57 62 63
5 57 58 59 62 63
7 57 58 59 60 61 62 63
1 64
3 62 64 65
5 57 62 63 64 65
7 57 58 59 62 63 64 65
9 57 58 59 60 61 62 63 64 65
1 66
3 64 66 67
5 62 64 65 66 67
7 57 62 63 64 65 66 67
9 57 58 59 62 63 64 65 66 67
11 57 58 59 60 61 62 63 64 65 66 67
1 68
3 66 68 69
5 64 66 67 68 69
7 62 64 65 66 67 68 69
9 57 62 63 64 65 66 67 68 69
11 57 58 59 62 63 64 65 66 67 68 69
13 57 58 59 60 61 62 63 64 65 66 67 68 69
18 50 51 52 53 54 55 56 57 58 59 60 61 62 64 66 67 68 69
2 63 65
1 67
1 69
8 52 54 58 59 61 63 67 68
1 56
3 55 57 65
5 50 53 62 64 66
1 61
4 60 63 66 67
6 50 56 57 62 65 68
4 51 52 53 58
5 54 55 59 61 69
1 63
2 53 63
2 50 62
2 51 52
6 55 56 57 64 65 67
3 59 61 66
2 58 60
2 51 63
3 55 58 65
2 54 60
5 50 59 64 67 69
4 52 61 62 66
2 56 68
2 53 57
2 58 68
4 52 53 60 67
4 56 62 64 66
3 51 59 69
2 54 61
4 50 55 57 65
6 50 55 57 59 61 62
4 51 53 67 68
4 52 60 63 65
5 54 56 58 66 69
1 59
2 50 56
2 61 69
6 53 55 57 58 64 65
3 52 54 59
3 63 66 68
1 65
3 56 62 63
5 51 55 59 61 64
3 52 60 65
9 50 53 54 57 58 66 67 68 69
2 52 55
3 59 61 68
6 50 53 54 64 65 69
3 51 63 67
5 57 58 60 62 66
10 50 53 57 59 60 61 62 65 66 67
6 51 52 54 55 68 69
3 56 63 64
2 61 64
9 52 54 56 58 62 65 66 67 68
4 50 51 60 69
20 50 51 52 53 54 55 56 57 58 59 60 61 62 63 64 65 66 67 68 69
7 52 53 56 58 62 65 67
12 50 51 54 55 57 60 61 63 64 66 68 69
11 50 55 56 58 59 61 63 64 67 68 69
8 51 53 54 57 60 62 65 66
1 70
1 71
1 72
1 73
1 74
1 75
1 76
3 75 76 77
1 78
1 79
3 78 79 80
1 81
3 79 81 82
5 78 79 80 81 82
3 75 79 83
5 75 76 77 79 83
5 75 78 79 80 83
7 75 76 77 78 79 80 83
5 75 79 81 82 83
7 75 76 77 79 81 82 83
7 75 78 79 80 81 82 83
9 75 76 77 78 79 80 81 82 83
1 84
1 85
3 84 85 86
1 87
3 78 87 88
5 78 79 80 87 88
7 78 79 80 81 82 87 88
7 75 78 79 80 83 87 88
9 75 76 77 78 79 80 83 87 88
9 75 78 79 80 81 82 83 87 88
11 75 76 77 78 79 80 81 82 83 87 88
1 89
3 87 89 90
5 78 87 88 89 90
7 78 79 80 87 88 89 90
9 78 79 80 81 82 87 88 89 90
9 75 78 79 80 83 87 88 89 90
11 75 76 77 78 79 80 83 87 88 89 90
11 75 78 79 80 81 82 83 87 88 89 90
13 75 76 77 78 79 80 81 82 83 87 88 89 90
2 76 82
1 88
2 72 85
6 70 71 77 80 81 87
4 73 78 86 90
3 75 79 84
2 83 89
1 86
1 90
2 88 89
2 70 90
3 78 81 84
4 73 74 76 77
4 79 82 83 85
3 72 80 87
1 77
1 82
1 83
21 70 71 72 73 74 75 76 77 78 79 80 81 82 83 84 85 86 87 88 89 90
1 91
1 92
1 93
1 94
3 93 94 95
1 96
1 97
3 96 97 98
1 99
3 97 99 100
5 96 97 98 99 100
1 101
1 102
3 101 102 103
1 104
3 99 104 105
5 97 99 100 104 105
7 96 97 98 99 100 104 105
1 106
1 107
3 106 107 108
3 101 107 109
5 101 102 103 107 109
5 101 106 107 108 109
7 101 102 103 106 107 108 109
1 110
3 93 110 111
5 93 94 95 110 111
1 109
4 93 97 98 102
3 92 103 105
5 95 96 106 108 110
2 99 111
3 91 94 104
2 100 107
1 95
1 98
1 100
1 103
1 105
1 111
2 91 108
7 92 95 100 101 102 104 110
2 93 94
5 99 103 105 106 109
1 108
21 91 92 93 94 95 96 97 98 99 100 101 102 103 104 105 106 107 108 109 110 111
3 104 105 107
12 92 93 94 95 97 98 99 100 102 103 106 108
4 91 96 101 111
2 109 110
2 92 111
3 96 98 103
3 93 94 109
4 95 100 104 106
3 99 102 107
4 97 101 105 108
14 93 94 95 96 99 100 101 102 104 105 107 108 109 110
4 91 92 98 103
9 91 92 95 97 100 101 103 106 111
12 93 94 96 98 99 102 104 105 107 108 109 110
2 105 109
2 95 104
5 92 99 102 106 107
2 98 100
5 93 96 97 101 110
2 94 103
12 91 94 95 100 101 102 103 104 105 106 107 111
9 92 93 96 97 98 99 108 109 110
1 112
1 113
1 114
1 115
1 116
1 117
3 116 117 118
1 119
1 120
3 119 120 121
3 117 120 122
5 116 117 118 120 122
5 117 119 120 121 122
7 116 117 118 119 120 121 122
1 123
1 124
3 123 124 125
1 126
3 119 126 127
5 119 120 121 126 127
7 117 119 120 121 122 126 127
9 116 117 118 119 120 121 122 126 127
1 128
1 129
3 128 129 130
1 131
1 132
3 131 132 133
1 134
3 131 134 135
5 131 132 133 134 135
1 136
3 120 136 137
5 119 120 121 136 137
5 117 120 122 136 137
7 116 117 118 120 122 136 137
7 117 119 120 121 122 136 137
9 116 117 118 119 120 121 122 136 137
7 119 120 121 126 127 136 137
9 117 119 120 121 122 126 127 136 137
11 116 117 118 119 120 121 122 126 127 136 137
1 138
1 139
3 138 139 140
1 141
1 142
3 141 142 143
1 144
3 142 144 145
5 141 142 143 144 145
1 146
1 147
3 146 147 148
1 149
3 147 149 150
5 146 147 148 149 150
1 151
3 147 151 152
5 146 147 148 151 152
5 147 149 150 151 152
7 146 147 148 149 150 151 152
1 153
3 139 153 154
5 138 139 140 153 154
3 149 153 155
5 147 149 150 153 155
7 146 147 148 149 150 153 155
7 147 149 150 151 152 153 155
9 146 147 148 149 150 151 152 153 155
5 139 149 153 154 155
7 138 139 140 149 153 154 155
7 139 147 149 150 153 154 155
9 138 139 140 147 149 150 153 154 155
9 139 146 147 148 149 150 153 154 155
11 138 139 140 146 147 148 149 150 153 154 155
1 156
3 128 156 157
5 128 129 130 156 157
1 158
1 159
3 158 159 160
3 142 159 161
5 141 142 143 159 161
5 142 158 159 160 161
7 141 142 143 158 159 160 161
3 144 159 162
5 144 158 159 160 162
6 142 144 145 159 161 162
8 141 142 143 144 145 159 161 162
8 142 144 145 158 159 160 161 162
10 141 142 143 144 145 158 159 160 161 162
4 116 126 129 131
6 112 124 128 139 145 162
2 115 141
2 154 155
6 120 122 130 137 151 159
17 114 117 119 132 133 140 143 144 146 148 149 150 153 156 157 158 161
3 136 138 160
2 125 134
3 121 127 152
2 118 123
2 135 147
1 118
1 121
1 122
1 127
1 130
1 133
1 135
1 145
1 148
1 152
1 160
1 162
4 125 154 158 160
2 132 138
3 115 142 157
1 137
7 112 120 121 131 151 159 161
3 117 144 153
8 114 119 128 129 135 152 156 162
3 113 141 145
2 143 149
3 116 126 139
5 123 127 134 140 150
4 122 136 147 148
3 124 130 155
2 133 146
1 125
1 140
8 114 116 124 134 142 156 157 160
13 112 118 121 122 126 131 132 137 141 144 145 150 154
10 117 119 127 136 139 146 153 155 159 162
11 115 125 128 129 135 138 143 147 149 151 158
5 113 123 130 133 148
4 120 140 152 161
1 143
1 150
1 154
1 161
51 112 113 114 115 116 117 118 119 120 121 122 123 124 125 126 127 128 129 130 131 132 133 134 135 136 137 138 139 140 141 142 143 144 145 146 147 148 149 150 151 152 153 154 155 156 157 158 159 160 161 162
1 157
