158 733
1 1
1 2
1 3
1 4
1 5
1 6
1 7
1 8
3 7 8 9
1 10
1 11
3 10 11 12
1 13
3 11 13 14
5 10 11 12 13 14
1 15
3 7 15 16
5 7 8 9 15 16
4 5 7 14 16
3 1 12 15
2 6 10
5 2 3 4 8 9
1 9
1 12
1 14
1 16
8 1 5 9 10 11 13 14 16
2 2 6
2 8 12
2 3 14
3 1 15 16
3 5 12 13
2 2 8
2 4 6
2 9 11
8 1 7 8 9 11 12 13 16
2 5 6
2 10 14
2 4 15
4 6 10 13 15
2 2 3
2 1 5
3 7 9 12
2 8 14
10 1 2 4 6 7 8 10 11 12 15
6 3 5 9 13 14 16
5 1 2 10 11 13
2 8 9
3 5 6 14
5 3 4 7 15 16
12 1 2 3 4 6 7 8 9 11 13 15 16
4 5 10 12 14
3 9 11 14
3 4 5 7
9 1 2 3 6 8 10 13 15 16
6 1 2 7 10 14 16
3 3 9 15
7 4 5 6 8 11 12 13
4 6 11 12 14
8 2 3 5 8 9 10 13 16
5 6 7 11 12 16
6 2 5 8 9 10 15
5 1 3 4 13 14
2 10 11
9 1 2 4 7 8 9 12 13 15
2 3 6
1 17
1 18
3 17 18 19
1 20
1 21
3 20 21 22
1 23
1 24
3 23 24 25
1 26
3 23 26 27
5 23 24 25 26 27
3 20 24 28
5 20 21 22 24 28
5 20 23 24 25 28
7 20 21 22 23 24 25 28
7 20 23 24 25 26 27 28
9 20 21 22 23 24 25 26 27 28
1 29
3 21 29 30
5 20 21 22 29 30
7 20 21 22 24 28 29 30
9 20 21 22 23 24 25 28 29 30
11 20 21 22 23 24 25 26 27 28 29 30
1 31
3 21 31 32
5 20 21 22 31 32
7 20 21 22 24 28 31 32
9 20 21 22 23 24 25 28 31 32
11 20 21 22 23 24 25 26 27 28 31 32
5 21 29 30 31 32
7 20 21 22 29 30 31 32
9 20 21 22 24 28 29 30 31 32
11 20 21 22 23 24 25 28 29 30 31 32
13 20 21 22 23 24 25 26 27 28 29 30 31 32
1 33
3 29 33 34
5 21 29 30 33 34
7 20 21 22 29 30 33 34
9 20 21 22 24 28 29 30 33 34
11 20 21 22 23 24 25 28 29 30 33 34
13 20 21 22 23 24 25 26 27 28 29 30 33 34
7 21 29 30 31 32 33 34
9 20 21 22 29 30 31 32 33 34
11 20 21 22 24 28 29 30 31 32 33 34
13 20 21 22 23 24 25 28 29 30 31 32 33 34
15 20 21 22 23 24 25 26 27 28 29 30 31 32 33 34
1 35
3 26 35 36
5 23 26 27 35 36
7 23 24 25 26 27 35 36
9 20 23 24 25 26 27 28 35 36
11 20 21 22 23 24 25 26 27 28 35 36
13 20 21 22 23 24 25 26 27 28 29 30 35 36
13 20 21 22 23 24 25 26 27 28 31 32 35 36
15 20 21 22 23 24 25 26 27 28 29 30 31 32 35 36
15 20 21 22 23 24 25 26 27 28 29 30 33 34 35 36
17 20 21 22 23 24 25 26 27 28 29 30 31 32 33 34 35 36
3 18 29 37
5 17 18 19 29 37
5 18 21 29 30 37
7 17 18 19 21 29 30 37
7 18 20 21 22 29 30 37
9 17 18 19 20 21 22 29 30 37
9 18 20 21 22 24 28 29 30 37
11 17 18 19 20 21 22 24 28 29 30 37
11 18 20 21 22 23 24 25 28 29 30 37
13 17 18 19 20 21 22 23 24 25 28 29 30 37
13 18 20 21 22 23 24 25 26 27 28 29 30 37
15 17 18 19 20 21 22 23 24 25 26 27 28 29 30 37
7 18 21 29 30 31 32 37
9 17 18 19 21 29 30 31 32 37
9 18 20 21 22 29 30 31 32 37
11 17 18 19 20 21 22 29 30 31 32 37
11 18 20 21 22 24 28 29 30 31 32 37
13 17 18 19 20 21 22 24 28 29 30 31 32 37
13 18 20 21 22 23 24 25 28 29 30 31 32 37
15 17 18 19 20 21 22 23 24 25 28 29 30 31 32 37
15 18 20 21 22 23 24 25 26 27 28 29 30 31 32 37
17 17 18 19 20 21 22 23 24 25 26 27 28 29 30 31 32 37
5 18 29 33 34 37
7 17 18 19 29 33 34 37
7 18 21 29 30 33 34 37
9 17 18 19 21 29 30 33 34 37
9 18 20 21 22 29 30 33 34 37
11 17 18 19 20 21 22 29 30 33 34 37
11 18 20 21 22 24 28 29 30 33 34 37
13 17 18 19 20 21 22 24 28 29 30 33 34 37
13 18 20 21 22 23 24 25 28 29 30 33 34 37
15 17 18 19 20 21 22 23 24 25 28 29 30 33 34 37
15 18 20 21 22 23 24 25 26 27 28 29 30 33 34 37
17 17 18 19 20 21 22 23 24 25 26 27 28 29 30 33 34 37
9 18 21 29 30 31 32 33 34 37
11 17 18 19 21 29 30 31 32 33 34 37
11 18 20 21 22 29 30 31 32 33 34 37
13 17 18 19 20 21 22 29 30 31 32 33 34 37
13 18 20 21 22 24 28 29 30 31 32 33 34 37
15 17 18 19 20 21 22 24 28 29 30 31 32 33 34 37
15 18 20 21 22 23 24 25 28 29 30 31 32 33 34 37
17 17 18 19 20 21 22 23 24 25 28 29 30 31 32 33 34 37
17 18 20 21 22 23 24 25 26 27 28 29 30 31 32 33 34 37
19 17 18 19 20 21 22 23 24 25 26 27 28 29 30 31 32 33 34 37
15 18 20 21 22 23 24 25 26 27 28 29 30 35 36 37
17 17 18 19 20 21 22 23 24 25 26 27 28 29 30 35 36 37
17 18 20 21 22 23 24 25 26 27 28 29 30 31 32 35 36 37
19 17 18 19 20 21 22 23 24 25 26 27 28 29 30 31 32 35 36 37
17 18 20 21 22 23 24 25 26 27 28 29 30 33 34 35 36 37
19 17 18 19 20 21 22 23 24 25 26 27 28 29 30 33 34 35 36 37
19 18 20 21 22 23 24 25 26 27 28 29 30 31 32 33 34 35 36 37
21 17 18 19 20 21 22 23 24 25 26 27 28 29 30 31 32 33 34 35 36 37
16 17 18 20 21 22 23 24 25 26 27 29 30 32 35 36 37
5 19 28 31 33 34
1 19
1 37
17 17 18 19 21 22 23 24 25 26 29 30 31 33 34 35 36 37
4 20 27 28 32
1 27
1 28
1 32
1 36
1 22
3 26 33 34
3 27 29 31
4 19 24 25 36
3 18 20 35
4 21 23 28 37
3 17 30 32
1 34
14 17 18 19 20 25 27 28 29 30 32 33 34 35 37
7 21 22 23 24 26 31 36
2 18 28
8 24 25 26 29 30 31 35 37
2 20 27
5 19 21 23 32 33
2 22 34
1 25
6 18 23 24 28 29 33
12 17 19 20 21 22 25 26 27 30 31 34 36
3 32 35 37
1 38
1 39
1 40
1 41
3 40 41 42
1 43
3 40 43 44
5 40 41 42 43 44
1 45
1 46
3 45 46 47
1 48
3 43 48 49
5 40 43 44 48 49
7 40 41 42 43 44 48 49
1 50
3 45 50 51
5 45 46 47 50 51
1 52
1 53
3 52 53 54
1 55
3 50 55 56
5 45 50 51 55 56
7 45 46 47 50 51 55 56
1 57
1 58
3 57 58 59
1 60
3 43 60 61
5 40 43 44 60 61
7 40 41 42 43 44 60 61
5 43 48 49 60 61
7 40 43 44 48 49 60 61
9 40 41 42 43 44 48 49 60 61
8 38 42 43 46 47 49 52 61
1 54
4 44 48 55 56
9 39 40 41 50 51 53 58 59 60
1 47
1 49
1 51
1 56
1 59
1 61
4 42 43 46 57
3 41 45 53
2 38 49
2 51 52
4 39 44 47 60
3 40 55 59
5 48 50 54 56 61
1 42
4 40 43 45 47
20 38 39 41 42 44 46 48 49 50 51 52 53 54 55 56 57 58 59 60 61
1 44
13 38 39 40 44 45 46 47 48 49 50 53 59 61
11 41 42 43 51 52 54 55 56 57 58 60
2 40 50
12 38 41 42 43 48 51 52 54 55 56 57 61
6 39 44 46 47 49 59
3 53 58 60
6 38 40 43 50 58 61
3 45 48 55
4 46 54 56 59
2 41 60
5 42 44 49 53 57
1 62
1 63
1 64
1 65
1 66
3 65 66 67
1 68
1 69
3 68 69 70
1 71
3 69 71 72
5 68 69 70 71 72
1 73
1 74
3 73 74 75
1 76
3 69 76 77
5 68 69 70 76 77
5 69 71 72 76 77
7 68 69 70 71 72 76 77
1 78
3 68 78 79
5 68 69 70 78 79
7 68 69 70 71 72 78 79
7 68 69 70 76 77 78 79
9 68 69 70 71 72 76 77 78 79
1 80
1 81
3 80 81 82
1 83
3 81 83 84
5 80 81 82 83 84
1 85
3 65 85 86
5 65 66 67 85 86
3 68 85 87
5 68 69 70 85 87
7 68 69 70 71 72 85 87
7 68 69 70 76 77 85 87
9 68 69 70 71 72 76 77 85 87
5 68 78 79 85 87
7 68 69 70 78 79 85 87
9 68 69 70 71 72 78 79 85 87
9 68 69 70 76 77 78 79 85 87
11 68 69 70 71 72 76 77 78 79 85 87
5 65 68 85 86 87
7 65 66 67 68 85 86 87
7 65 68 69 70 85 86 87
9 65 66 67 68 69 70 85 86 87
7 65 68 78 79 85 86 87
9 65 66 67 68 78 79 85 86 87
9 65 68 69 70 78 79 85 86 87
11 65 66 67 68 69 70 78 79 85 86 87
5 69 74 76 79 86
6 62 63 66 72 75 85
14 64 65 67 68 70 71 73 77 78 81 82 83 84 87
1 75
1 77
1 82
1 86
8 62 69 70 74 78 80 83 84
8 63 67 71 73 75 76 81 85
2 64 86
4 68 79 82 87
3 66 72 77
1 70
1 79
1 84
1 72
19 62 63 64 65 67 68 69 70 71 73 74 75 76 80 81 82 84 85 87
6 66 77 78 79 83 86
1 67
1 87
3 65 66 87
15 62 63 64 67 69 73 74 75 76 78 79 81 82 83 84
7 68 70 72 77 80 85 86
2 75 87
14 62 64 66 67 71 72 73 74 78 81 82 83 85 86
10 63 65 68 69 70 76 77 79 80 84
3 68 79 83
9 65 67 71 73 76 78 82 84 86
3 62 74 77
2 63 75
3 72 85 87
5 64 69 70 80 81
10 63 64 66 69 74 82 83 84 85 86
3 62 77 79
2 72 87
2 65 73
3 67 71 75
4 68 70 76 78
3 62 66 83
5 67 70 74 80 81
3 73 79 87
6 71 72 75 76 82 84
4 63 65 69 85
5 62 64 81 84 85
7 68 71 72 73 75 77 82
4 65 78 79 86
2 63 74
3 70 83 87
2 66 67
3 69 76 80
4 66 71 80 81
2 74 84
8 62 63 70 73 78 83 85 86
6 65 69 76 77 82 87
6 64 67 68 72 75 79
5 67 69 77 78 82
2 75 80
4 63 64 68 74
3 70 72 73
2 71 86
5 62 76 79 81 85
2 65 66
2 72 74
13 62 63 64 66 67 68 69 75 76 81 85 86 87
5 65 73 79 83 84
4 71 77 80 82
8 62 65 69 70 75 78 84 85
18 63 64 66 67 68 71 72 73 74 76 77 79 80 81 82 83 86 87
6 64 67 73 81 83 87
5 68 69 75 80 86
5 65 66 77 78 85
3 70 74 84
4 62 72 76 79
2 67 86
9 62 73 75 76 77 78 79 84 87
4 69 80 82 85
2 72 81
8 64 65 66 68 70 71 74 83
2 73 78
4 67 68 72 87
11 63 64 65 69 71 74 77 79 80 82 86
2 70 85
4 62 75 76 84
1 88
1 89
1 90
1 91
1 92
1 93
1 94
1 95
3 94 95 96
1 97
1 98
3 97 98 99
1 100
1 101
3 100 101 102
1 103
3 94 103 104
5 94 95 96 103 104
3 101 103 105
5 100 101 102 103 105
5 94 101 103 104 105
7 94 95 96 101 103 104 105
7 94 100 101 102 103 104 105
9 94 95 96 100 101 102 103 104 105
1 106
3 97 106 107
5 97 98 99 106 107
1 108
3 106 108 109
5 97 106 107 108 109
7 97 98 99 106 107 108 109
6 92 93 94 97 101 107
6 88 91 96 98 100 104
2 102 103
1 99
2 90 109
5 89 95 105 106 108
1 102
1 105
18 88 89 90 91 92 93 95 96 98 100 101 103 104 105 106 107 108 109
4 94 97 99 102
1 96
1 104
1 109
2 90 93
4 91 92 101 104
2 99 100
4 88 98 106 108
4 94 96 103 109
6 89 95 97 102 105 107
7 94 95 98 102 103 107 108
3 89 90 100
7 88 91 93 96 97 99 104
2 101 109
10 90 92 93 94 96 97 100 105 106 108
12 88 89 91 95 98 99 101 102 103 104 107 109
19 88 89 90 92 93 94 95 97 98 100 101 102 103 104 105 106 107 108 109
3 91 96 99
6 88 89 94 101 107 108
7 90 91 97 100 103 104 105
6 92 93 96 102 106 109
2 95 98
1 107
7 96 100 101 102 105 106 109
3 88 95 99
3 91 94 98
2 92 107
3 90 93 108
7 88 90 91 92 100 102 109
6 96 103 104 105 106 107
3 93 101 108
4 94 97 98 99
16 88 91 92 93 94 95 96 97 99 100 101 102 104 107 108 109
6 89 90 98 103 105 106
3 95 104 109
4 94 97 99 108
4 90 102 103 105
5 91 93 96 106 107
4 88 89 92 100
5 88 100 103 104 105
3 89 90 94
14 91 92 93 95 96 97 98 99 101 102 106 107 108 109
1 110
1 111
3 110 111 112
1 113
3 110 113 114
5 110 111 112 113 114
1 115
1 116
3 115 116 117
3 111 116 118
5 110 111 112 116 118
7 110 111 112 113 114 116 118
5 111 115 116 117 118
7 110 111 112 115 116 117 118
9 110 111 112 113 114 115 116 117 118
1 119
3 116 119 120
5 115 116 117 119 120
5 111 116 118 119 120
7 110 111 112 116 118 119 120
9 110 111 112 113 114 116 118 119 120
7 111 115 116 117 118 119 120
9 110 111 112 115 116 117 118 119 120
11 110 111 112 113 114 115 116 117 118 119 120
1 121
1 122
3 121 122 123
1 124
3 122 124 125
5 121 122 123 124 125
1 126
3 119 126 127
5 116 119 120 126 127
7 115 116 117 119 120 126 127
7 111 116 118 119 120 126 127
9 110 111 112 116 118 119 120 126 127
11 110 111 112 113 114 116 118 119 120 126 127
9 111 115 116 117 118 119 120 126 127
11 110 111 112 115 116 117 118 119 120 126 127
13 110 111 112 113 114 115 116 117 118 119 120 126 127
1 128
3 113 128 129
5 110 113 114 128 129
7 110 111 112 113 114 128 129
9 110 111 112 113 114 116 118 128 129
11 110 111 112 113 114 115 116 117 118 128 129
11 110 111 112 113 114 116 118 119 120 128 129
13 110 111 112 113 114 115 116 117 118 119 120 128 129
13 110 111 112 113 114 116 118 119 120 126 127 128 129
15 110 111 112 113 114 115 116 117 118 119 120 126 127 128 129
1 130
3 111 130 131
5 110 111 112 130 131
7 110 111 112 113 114 130 131
5 111 116 118 130 131
7 110 111 112 116 118 130 131
9 110 111 112 113 114 116 118 130 131
7 111 115 116 117 118 130 131
9 110 111 112 115 116 117 118 130 131
11 110 111 112 113 114 115 116 117 118 130 131
7 111 116 118 119 120 130 131
9 110 111 112 116 118 119 120 130 131
11 110 111 112 113 114 116 118 119 120 130 131
9 111 115 116 117 118 119 120 130 131
11 110 111 112 115 116 117 118 119 120 130 131
13 110 111 112 113 114 115 116 117 118 119 120 130 131
9 111 116 118 119 120 126 127 130 131
11 110 111 112 116 118 119 120 126 127 130 131
13 110 111 112 113 114 116 118 119 120 126 127 130 131
11 111 115 116 117 118 119 120 126 127 130 131
13 110 111 112 115 116 117 118 119 120 126 127 130 131
15 110 111 112 113 114 115 116 117 118 119 120 126 127 130 131
9 110 111 112 113 114 128 129 130 131
11 110 111 112 113 114 116 118 128 129 130 131
13 110 111 112 113 114 115 116 117 118 128 129 130 131
13 110 111 112 113 114 116 118 119 120 128 129 130 131
15 110 111 112 113 114 115 116 117 118 119 120 128 129 130 131
15 110 111 112 113 114 116 118 119 120 126 127 128 129 130 131
17 110 111 112 113 114 115 116 117 118 119 120 126 127 128 129 130 131
22 110 111 112 113 114 115 116 117 118 119 120 121 122 123 124 125 126 127 128 129 130 131
1 114
1 118
1 123
1 127
1 131
16 111 112 113 114 115 116 117 119 120 122 123 124 126 127 129 130
3 110 125 131
3 118 121 128
1 112
1 120
1 125
1 129
21 110 111 113 114 115 116 117 118 119 120 121 122 123 124 125 126 127 128 129 130 131
3 113 119 122
3 111 114 123
3 116 126 127
5 110 118 121 124 129
4 112 115 117 120
1 117
11 110 111 112 113 114 115 116 124 126 129 130
10 117 118 120 121 122 123 125 127 128 131
5 115 121 122 124 125
3 114 126 131
8 110 111 112 113 117 120 128 130
2 119 123
2 116 127
3 119 124 127
16 110 111 112 113 114 116 117 118 120 121 123 125 128 129 130 131
3 115 122 126
5 113 117 118 120 128
2 115 124
2 116 119
2 112 126
3 110 125 127
5 111 114 123 129 130
8 116 117 118 121 124 125 129 131
5 113 114 119 128 130
3 111 122 127
5 110 112 115 120 126
2 122 131
3 117 125 130
17 110 111 112 113 114 115 116 118 119 120 121 123 124 126 127 128 129
9 110 111 112 116 118 123 124 126 131
5 114 115 121 127 130
2 117 122
4 113 119 128 129
5 110 114 123 125 131
2 112 124
2 117 120
5 111 116 118 122 129
2 126 130
3 113 119 121
5 111 115 121 129 130
6 112 114 118 120 124 131
9 110 113 116 117 119 122 125 127 128
2 123 126
6 111 112 114 116 123 128
7 115 117 120 121 124 126 129
3 113 118 125
4 119 122 127 131
15 110 111 112 113 115 116 117 119 121 122 123 124 126 127 129
3 114 120 131
4 118 125 128 130
7 112 116 118 120 121 127 131
15 110 111 113 114 115 117 119 122 123 124 125 126 128 129 130
4 118 124 128 129
4 123 125 126 131
4 115 117 119 121
2 120 127
2 112 130
1 132
1 133
1 134
1 135
1 136
1 137
1 138
1 139
1 140
3 139 140 141
1 142
1 143
3 142 143 144
1 145
3 143 145 146
5 142 143 144 145 146
1 147
3 145 147 148
5 143 145 146 147 148
7 142 143 144 145 146 147 148
1 149
1 150
3 149 150 151
1 152
3 147 152 153
5 145 147 148 152 153
7 143 145 146 147 148 152 153
9 142 143 144 145 146 147 148 152 153
1 154
1 155
3 154 155 156
1 157
3 155 157 158
5 154 155 156 157 158
2 136 148
4 133 137 144 157
5 132 135 147 153 155
4 134 151 152 154
2 141 149
2 139 158
6 140 143 145 146 150 156
1 141
1 148
1 151
1 153
1 156
1 158
13 132 133 134 137 138 143 146 148 151 153 154 155 158
11 135 136 141 142 144 145 147 149 152 156 157
3 139 140 150
8 133 134 135 139 141 145 146 151
15 132 136 138 140 142 144 147 148 149 150 152 153 154 157 158
3 137 155 156
27 132 133 134 135 136 137 138 139 140 141 142 143 144 145 146 147 148 149 150 151 152 153 154 155 156 157 158
1 146
7 138 140 141 149 150 151 155
2 135 146
7 132 133 137 147 148 152 153
2 145 154
6 134 143 144 156 157 158
2 136 139
2 148 156
3 139 143 147
2 152 154
2 146 158
3 134 138 153
8 132 136 137 141 144 149 150 155
3 135 140 151
3 139 143 144
4 134 135 137 147
2 142 157
6 138 148 149 150 152 156
11 132 133 136 140 141 146 151 153 154 155 158
1 144
6 136 138 140 155 157 158
11 132 133 137 139 141 143 146 149 150 151 153
3 135 144 152
3 142 147 148
8 132 133 136 137 138 149 150 157
7 134 140 142 145 146 152 156
2 141 147
10 135 139 143 144 148 151 153 154 155 158
17 132 133 134 135 138 139 140 141 144 146 148 149 150 152 154 156 158
4 136 145 147 157
6 137 142 143 151 153 155
11 133 135 136 137 138 140 142 144 149 151 156
4 134 141 145 154
9 132 139 143 146 147 150 153 155 158
7 135 138 141 143 144 147 154
6 137 139 151 152 153 156
2 132 140
4 133 145 150 155
6 134 136 142 148 157 158
