146 604
1 1
1 2
1 3
1 4
1 5
1 6
1 7
3 6 7 8
1 9
1 10
3 9 10 11
1 12
3 10 12 13
5 9 10 11 12 13
1 14
1 15
3 14 15 16
1 17
3 7 17 18
5 6 7 8 17 18
1 19
3 7 19 20
5 6 7 8 19 20
5 7 17 18 19 20
7 6 7 8 17 18 19 20
1 21
1 22
3 21 22 23
3 14 22 24
5 14 15 16 22 24
5 14 21 22 23 24
7 14 15 16 21 22 23 24
2 18 21
19 1 2 3 4 5 6 7 8 9 11 12 13 14 15 16 17 22 23 24
3 10 19 20
1 8
1 16
1 23
1 24
2 16 17
2 4 10
8 11 12 13 14 18 20 22 24
8 1 3 5 6 7 9 21 23
4 2 8 15 19
1 11
1 18
1 20
24 1 2 3 4 5 6 7 8 9 10 11 12 13 14 15 16 17 18 19 20 21 22 23 24
1 13
1 25
1 26
3 25 26 27
1 28
1 29
3 28 29 30
1 31
3 29 31 32
5 28 29 30 31 32
1 33
1 34
3 33 34 35
1 36
3 25 36 37
5 25 26 27 36 37
1 38
1 39
3 38 39 40
3 28 39 41
5 28 29 30 39 41
7 28 29 30 31 32 39 41
5 28 38 39 40 41
7 28 29 30 38 39 40 41
9 28 29 30 31 32 38 39 40 41
1 42
1 43
3 42 43 44
3 29 43 45
5 28 29 30 43 45
5 29 31 32 43 45
7 28 29 30 31 32 43 45
7 28 29 30 39 41 43 45
9 28 29 30 31 32 39 41 43 45
9 28 29 30 38 39 40 41 43 45
11 28 29 30 31 32 38 39 40 41 43 45
5 29 42 43 44 45
7 28 29 30 42 43 44 45
7 29 31 32 42 43 44 45
9 28 29 30 31 32 42 43 44 45
9 28 29 30 39 41 42 43 44 45
11 28 29 30 31 32 39 41 42 43 44 45
11 28 29 30 38 39 40 41 42 43 44 45
13 28 29 30 31 32 38 39 40 41 42 43 44 45
1 46
3 33 46 47
3 34 46 48
6 33 34 35 46 47 48
3 39 46 49
5 38 39 40 46 49
5 28 39 41 46 49
7 28 29 30 39 41 46 49
9 28 29 30 31 32 39 41 46 49
7 28 38 39 40 41 46 49
9 28 29 30 38 39 40 41 46 49
11 28 29 30 31 32 38 39 40 41 46 49
9 28 29 30 39 41 43 45 46 49
11 28 29 30 31 32 39 41 43 45 46 49
11 28 29 30 38 39 40 41 43 45 46 49
13 28 29 30 31 32 38 39 40 41 43 45 46 49
11 28 29 30 39 41 42 43 44 45 46 49
13 28 29 30 31 32 39 41 42 43 44 45 46 49
13 28 29 30 38 39 40 41 42 43 44 45 46 49
15 28 29 30 31 32 38 39 40 41 42 43 44 45 46 49
5 33 39 46 47 49
7 33 38 39 40 46 47 49
7 28 33 39 41 46 47 49
9 28 29 30 33 39 41 46 47 49
11 28 29 30 31 32 33 39 41 46 47 49
9 28 33 38 39 40 41 46 47 49
11 28 29 30 33 38 39 40 41 46 47 49
13 28 29 30 31 32 33 38 39 40 41 46 47 49
11 28 29 30 33 39 41 43 45 46 47 49
13 28 29 30 31 32 33 39 41 43 45 46 47 49
13 28 29 30 33 38 39 40 41 43 45 46 47 49
15 28 29 30 31 32 33 38 39 40 41 43 45 46 47 49
13 28 29 30 33 39 41 42 43 44 45 46 47 49
15 28 29 30 31 32 33 39 41 42 43 44 45 46 47 49
15 28 29 30 33 38 39 40 41 42 43 44 45 46 47 49
17 28 29 30 31 32 33 38 39 40 41 42 43 44 45 46 47 49
5 34 39 46 48 49
7 34 38 39 40 46 48 49
7 28 34 39 41 46 48 49
9 28 29 30 34 39 41 46 48 49
11 28 29 30 31 32 34 39 41 46 48 49
9 28 34 38 39 40 41 46 48 49
11 28 29 30 34 38 39 40 41 46 48 49
13 28 29 30 31 32 34 38 39 40 41 46 48 49
11 28 29 30 34 39 41 43 45 46 48 49
13 28 29 30 31 32 34 39 41 43 45 46 48 49
13 28 29 30 34 38 39 40 41 43 45 46 48 49
15 28 29 30 31 32 34 38 39 40 41 43 45 46 48 49
13 28 29 30 34 39 41 42 43 44 45 46 48 49
15 28 29 30 31 32 34 39 41 42 43 44 45 46 48 49
15 28 29 30 34 38 39 40 41 42 43 44 45 46 48 49
17 28 29 30 31 32 34 38 39 40 41 42 43 44 45 46 48 49
8 33 34 35 39 46 47 48 49
10 33 34 35 38 39 40 46 47 48 49
10 28 33 34 35 39 41 46 47 48 49
12 28 29 30 33 34 35 39 41 46 47 48 49
14 28 29 30 31 32 33 34 35 39 41 46 47 48 49
12 28 33 34 35 38 39 40 41 46 47 48 49
14 28 29 30 33 34 35 38 39 40 41 46 47 48 49
16 28 29 30 31 32 33 34 35 38 39 40 41 46 47 48 49
14 28 29 30 33 34 35 39 41 43 45 46 47 48 49
16 28 29 30 31 32 33 34 35 39 41 43 45 46 47 48 49
16 28 29 30 33 34 35 38 39 40 41 43 45 46 47 48 49
18 28 29 30 31 32 33 34 35 38 39 40 41 43 45 46 47 48 49
16 28 29 30 33 34 35 39 41 42 43 44 45 46 47 48 49
18 28 29 30 31 32 33 34 35 39 41 42 43 44 45 46 47 48 49
18 28 29 30 33 34 35 38 39 40 41 42 43 44 45 46 47 48 49
20 28 29 30 31 32 33 34 35 38 39 40 41 42 43 44 45 46 47 48 49
1 50
3 38 50 51
5 38 39 40 50 51
7 28 38 39 40 41 50 51
9 28 29 30 38 39 40 41 50 51
11 28 29 30 31 32 38 39 40 41 50 51
7 38 39 40 46 49 50 51
9 28 38 39 40 41 46 49 50 51
11 28 29 30 38 39 40 41 46 49 50 51
13 28 29 30 31 32 38 39 40 41 46 49 50 51
9 33 38 39 40 46 47 49 50 51
11 28 33 38 39 40 41 46 47 49 50 51
13 28 29 30 33 38 39 40 41 46 47 49 50 51
15 28 29 30 31 32 33 38 39 40 41 46 47 49 50 51
9 34 38 39 40 46 48 49 50 51
11 28 34 38 39 40 41 46 48 49 50 51
13 28 29 30 34 38 39 40 41 46 48 49 50 51
15 28 29 30 31 32 34 38 39 40 41 46 48 49 50 51
12 33 34 35 38 39 40 46 47 48 49 50 51
14 28 33 34 35 38 39 40 41 46 47 48 49 50 51
16 28 29 30 33 34 35 38 39 40 41 46 47 48 49 50 51
18 28 29 30 31 32 33 34 35 38 39 40 41 46 47 48 49 50 51
3 43 50 52
5 42 43 44 50 52
5 29 43 45 50 52
7 28 29 30 43 45 50 52
7 29 31 32 43 45 50 52
9 28 29 30 31 32 43 45 50 52
9 28 29 30 39 41 43 45 50 52
11 28 29 30 31 32 39 41 43 45 50 52
7 29 42 43 44 45 50 52
9 28 29 30 42 43 44 45 50 52
9 29 31 32 42 43 44 45 50 52
11 28 29 30 31 32 42 43 44 45 50 52
11 28 29 30 39 41 42 43 44 45 50 52
13 28 29 30 31 32 39 41 42 43 44 45 50 52
11 28 29 30 39 41 43 45 46 49 50 52
13 28 29 30 31 32 39 41 43 45 46 49 50 52
13 28 29 30 39 41 42 43 44 45 46 49 50 52
15 28 29 30 31 32 39 41 42 43 44 45 46 49 50 52
13 28 29 30 33 39 41 43 45 46 47 49 50 52
15 28 29 30 31 32 33 39 41 43 45 46 47 49 50 52
15 28 29 30 33 39 41 42 43 44 45 46 47 49 50 52
17 28 29 30 31 32 33 39 41 42 43 44 45 46 47 49 50 52
13 28 29 30 34 39 41 43 45 46 48 49 50 52
15 28 29 30 31 32 34 39 41 43 45 46 48 49 50 52
15 28 29 30 34 39 41 42 43 44 45 46 48 49 50 52
17 28 29 30 31 32 34 39 41 42 43 44 45 46 48 49 50 52
16 28 29 30 33 34 35 39 41 43 45 46 47 48 49 50 52
18 28 29 30 31 32 33 34 35 39 41 43 45 46 47 48 49 50 52
18 28 29 30 33 34 35 39 41 42 43 44 45 46 47 48 49 50 52
20 28 29 30 31 32 33 34 35 39 41 42 43 44 45 46 47 48 49 50 52
5 38 43 50 51 52
7 38 39 40 43 50 51 52
9 28 38 39 40 41 43 50 51 52
7 38 42 43 44 50 51 52
9 38 39 40 42 43 44 50 51 52
11 28 38 39 40 41 42 43 44 50 51 52
7 29 38 43 45 50 51 52
9 28 29 30 38 43 45 50 51 52
9 29 31 32 38 43 45 50 51 52
11 28 29 30 31 32 38 43 45 50 51 52
9 29 38 39 40 43 45 50 51 52
11 29 31 32 38 39 40 43 45 50 51 52
12 28 29 30 38 39 40 41 43 45 50 51 52
14 28 29 30 31 32 38 39 40 41 43 45 50 51 52
9 29 38 42 43 44 45 50 51 52
11 28 29 30 38 42 43 44 45 50 51 52
11 29 31 32 38 42 43 44 45 50 51 52
13 28 29 30 31 32 38 42 43 44 45 50 51 52
11 29 38 39 40 42 43 44 45 50 51 52
13 29 31 32 38 39 40 42 43 44 45 50 51 52
14 28 29 30 38 39 40 41 42 43 44 45 50 51 52
16 28 29 30 31 32 38 39 40 41 42 43 44 45 50 51 52
9 38 39 40 43 46 49 50 51 52
11 28 38 39 40 41 43 46 49 50 51 52
11 38 39 40 42 43 44 46 49 50 51 52
13 28 38 39 40 41 42 43 44 46 49 50 51 52
11 29 38 39 40 43 45 46 49 50 51 52
13 29 31 32 38 39 40 43 45 46 49 50 51 52
14 28 29 30 38 39 40 41 43 45 46 49 50 51 52
16 28 29 30 31 32 38 39 40 41 43 45 46 49 50 51 52
13 29 38 39 40 42 43 44 45 46 49 50 51 52
15 29 31 32 38 39 40 42 43 44 45 46 49 50 51 52
16 28 29 30 38 39 40 41 42 43 44 45 46 49 50 51 52
18 28 29 30 31 32 38 39 40 41 42 43 44 45 46 49 50 51 52
11 33 38 39 40 43 46 47 49 50 51 52
13 28 33 38 39 40 41 43 46 47 49 50 51 52
15 28 33 38 39 40 41 42 43 44 46 47 49 50 51 52
16 28 29 30 33 38 39 40 41 43 45 46 47 49 50 51 52
18 28 29 30 31 32 33 38 39 40 41 43 45 46 47 49 50 51 52
18 28 29 30 33 38 39 40 41 42 43 44 45 46 47 49 50 51 52
20 28 29 30 31 32 33 38 39 40 41 42 43 44 45 46 47 49 50 51 52
11 34 38 39 40 43 46 48 49 50 51 52
13 28 34 38 39 40 41 43 46 48 49 50 51 52
15 28 34 38 39 40 41 42 43 44 46 48 49 50 51 52
16 28 29 30 34 38 39 40 41 43 45 46 48 49 50 51 52
18 28 29 30 31 32 34 38 39 40 41 43 45 46 48 49 50 51 52
18 28 29 30 34 38 39 40 41 42 43 44 45 46 48 49 50 51 52
20 28 29 30 31 32 34 38 39 40 41 42 43 44 45 46 48 49 50 51 52
14 33 34 35 38 39 40 43 46 47 48 49 50 51 52
16 28 33 34 35 38 39 40 41 43 46 47 48 49 50 51 52
18 28 33 34 35 38 39 40 41 42 43 44 46 47 48 49 50 51 52
19 28 29 30 33 34 35 38 39 40 41 43 45 46 47 48 49 50 51 52
21 28 29 30 31 32 33 34 35 38 39 40 41 43 45 46 47 48 49 50 51 52
21 28 29 30 33 34 35 38 39 40 41 42 43 44 45 46 47 48 49 50 51 52
23 28 29 30 31 32 33 34 35 38 39 40 41 42 43 44 45 46 47 48 49 50 51 52
5 29 33 39 42 49
3 43 44 45
6 26 28 37 46 50 52
7 27 31 32 34 38 41 47
6 30 35 36 40 48 51
1 27
1 30
1 37
1 41
1 47
1 48
5 28 29 35 44 49
2 32 42
5 33 37 41 45 48
5 26 34 40 46 51
2 27 38
4 30 31 43 47
2 25 52
1 32
1 35
1 44
1 45
2 25 32
6 26 34 36 43 50 51
3 31 33 35
2 29 40
1 49
5 38 42 45 46 52
7 27 30 37 41 44 47 48
28 25 26 27 28 29 30 31 32 33 34 35 36 37 38 39 40 41 42 43 44 45 46 47 48 49 50 51 52
1 40
1 52
1 51
4 31 33 39 43
20 25 26 29 30 35 36 37 38 40 41 42 44 45 46 47 48 49 50 51 52
2 28 34
3 28 41 43
6 30 31 38 42 51 52
10 26 27 32 34 35 39 40 45 46 48
4 25 33 44 49
5 29 36 37 47 50
2 47 52
2 30 32
3 37 43 48
3 29 42 49
3 26 33 41
5 27 31 39 46 50
5 28 34 36 38 51
5 25 35 40 44 45
3 27 32 40
3 33 34 38
3 25 35 45
2 28 52
5 26 31 36 41 49
11 29 30 39 42 43 44 46 47 48 50 51
18 25 26 27 30 31 33 34 36 38 40 41 43 44 45 46 48 49 50
10 28 29 32 35 37 39 42 47 51 52
1 53
1 54
1 55
1 56
1 57
1 58
1 59
1 60
1 61
1 62
3 61 62 63
1 64
3 62 64 65
5 61 62 63 64 65
1 66
1 67
3 66 67 68
1 69
1 70
3 69 70 71
7 55 59 62 66 67 69 71
1 63
2 61 65
3 56 64 70
4 53 57 60 68
1 65
1 68
1 71
4 54 55 64 68
3 59 62 65
12 53 56 57 58 60 61 63 66 67 69 70 71
8 59 60 63 65 67 69 70 71
3 58 64 66
8 53 54 55 56 57 61 62 68
5 59 63 67 70 71
7 56 61 62 64 65 66 68
6 53 54 55 57 58 69
12 53 54 55 56 62 63 65 66 67 69 70 71
7 57 58 59 60 61 64 68
3 56 58 67
2 62 63
2 60 69
3 53 55 59
5 54 57 64 66 71
4 59 61 70 71
2 58 67
8 54 56 57 60 62 64 66 68
1 72
1 73
1 74
1 75
1 76
1 77
3 76 77 78
1 79
1 80
3 79 80 81
1 82
1 83
3 82 83 84
1 85
1 86
3 85 86 87
1 88
1 89
3 88 89 90
13 72 73 74 75 76 79 82 84 85 86 87 88 90
6 77 78 80 81 83 89
1 78
1 81
1 87
19 72 73 74 75 76 77 78 79 80 81 82 83 84 85 86 87 88 89 90
1 84
1 90
9 77 78 79 81 82 84 86 88 89
4 73 75 80 90
6 72 74 76 83 85 87
3 82 85 86
8 72 75 76 80 83 84 89 90
2 73 81
4 74 78 87 88
10 74 77 78 80 81 82 86 87 88 89
2 73 84
4 79 83 85 90
5 75 83 85 87 90
7 72 74 76 80 82 86 88
7 73 77 78 79 81 84 89
2 80 82
7 72 75 76 79 86 88 89
2 84 90
3 77 78 85
5 73 74 81 83 87
2 79 84
7 75 78 80 81 86 89 90
2 83 85
3 74 76 77
10 73 74 76 77 80 82 83 85 87 89
4 75 81 84 86
3 72 79 90
3 72 85 90
3 83 88 89
3 78 81 82
4 75 77 84 87
2 73 80
2 74 79
2 78 81
13 72 73 74 76 77 79 80 82 84 85 87 88 89
2 75 83
4 76 78 79 87
9 73 74 75 82 84 85 86 89 90
3 72 81 88
1 91
1 92
1 93
1 94
1 95
1 96
3 95 96 97
1 98
1 99
3 98 99 100
1 101
3 99 101 102
3 98 101 103
6 98 99 100 101 102 103
1 104
3 95 104 105
5 95 96 97 104 105
1 106
3 104 106 107
5 95 104 105 106 107
7 95 96 97 104 105 106 107
1 108
1 109
3 108 109 110
3 96 109 111
5 95 96 97 109 111
7 95 96 97 104 105 109 111
9 95 96 97 104 105 106 107 109 111
5 96 108 109 110 111
7 95 96 97 108 109 110 111
9 95 96 97 104 105 108 109 110 111
11 95 96 97 104 105 106 107 108 109 110 111
21 91 92 93 94 95 96 97 98 99 100 101 102 103 104 105 106 107 108 109 110 111
1 97
1 105
1 107
1 110
1 100
1 103
1 111
14 91 92 93 95 96 97 98 100 101 102 104 105 109 111
3 94 99 107
4 103 106 108 110
1 102
5 92 96 103 106 111
2 99 102
5 94 97 101 105 109
2 93 110
3 98 104 107
2 91 100
6 91 92 93 94 101 104
14 95 96 97 98 99 100 102 103 106 107 108 109 110 111
6 91 93 95 96 98 108
2 100 104
2 92 106
2 103 111
6 94 97 102 107 109 110
5 94 95 101 107 109
8 91 92 98 99 102 103 108 110
4 97 100 104 105
4 93 96 106 111
5 94 99 103 107 108
3 95 100 110
8 91 92 93 97 101 102 105 109
4 96 98 104 106
3 95 98 105
8 92 93 94 100 101 103 108 110
4 99 102 106 107
6 91 96 97 104 109 111
1 112
1 113
1 114
1 115
1 116
1 117
1 118
3 117 118 119
1 120
1 121
3 120 121 122
3 117 121 123
5 117 118 119 121 123
5 117 120 121 122 123
7 117 118 119 120 121 122 123
1 124
1 125
3 124 125 126
1 127
1 128
3 127 128 129
3 124 128 130
5 124 125 126 128 130
5 124 127 128 129 130
7 124 125 126 127 128 129 130
1 131
1 132
3 131 132 133
1 134
3 120 134 135
5 120 121 122 134 135
7 117 120 121 122 123 134 135
9 117 118 119 120 121 122 123 134 135
1 136
3 134 136 137
5 120 134 135 136 137
7 120 121 122 134 135 136 137
9 117 120 121 122 123 134 135 136 137
11 117 118 119 120 121 122 123 134 135 136 137
1 138
1 139
3 138 139 140
1 141
3 127 141 142
5 127 128 129 141 142
7 124 127 128 129 130 141 142
9 124 125 126 127 128 129 130 141 142
1 143
3 141 143 144
5 127 141 142 143 144
7 127 128 129 141 142 143 144
9 124 127 128 129 130 141 142 143 144
11 124 125 126 127 128 129 130 141 142 143 144
1 145
3 143 145 146
5 141 143 144 145 146
7 127 141 142 143 144 145 146
9 127 128 129 141 142 143 144 145 146
11 124 127 128 129 130 141 142 143 144 145 146
13 124 125 126 127 128 129 130 141 142 143 144 145 146
2 112 142
11 113 121 123 125 126 129 135 137 139 144 145
21 114 115 116 117 118 119 120 122 124 127 128 130 131 133 134 136 138 140 141 143 146
1 119
1 122
1 123
1 129
1 133
1 137
1 140
1 144
1 146
2 131 135
15 112 114 116 117 121 123 125 126 130 132 136 138 140 142 146
4 119 127 128 143
5 133 134 137 141 144
4 113 115 120 145
1 142
35 112 113 114 115 116 117 118 119 120 121 122 123 124 125 126 127 128 129 130 131 132 133 134 135 136 137 138 139 140 141 142 143 144 145 146
1 135
11 115 118 121 123 124 130 134 136 140 142 146
16 112 117 119 120 122 126 127 131 132 133 135 137 139 141 144 145
4 113 116 128 129
1 130
28 112 113 114 115 117 118 119 120 121 122 123 124 126 127 128 130 131 132 133 134 135 138 139 140 142 143 145 146
4 125 129 137 141
3 116 136 144
7 113 117 123 131 133 141 146
3 115 119 145
3 128 132 137
5 112 118 124 125 139
2 127 142
4 120 134 136 143
3 114 126 129
4 116 121 122 135
2 140 144
1 126
8 114 124 133 135 138 140 143 146
14 115 117 120 121 122 123 128 129 131 136 139 141 144 145
12 112 113 116 118 119 125 126 127 130 132 134 142
