170 837
1 1
1 2
1 3
1 4
1 5
3 4 5 6
1 7
1 8
3 7 8 9
1 10
3 8 10 11
5 7 8 9 10 11
1 12
3 10 12 13
5 8 10 11 12 13
7 7 8 9 10 11 12 13
1 14
1 15
3 14 15 16
3 5 15 17
5 4 5 6 15 17
5 5 14 15 16 17
7 4 5 6 14 15 16 17
3 10 15 18
5 8 10 11 15 18
7 7 8 9 10 11 15 18
5 10 12 13 15 18
7 8 10 11 12 13 15 18
9 7 8 9 10 11 12 13 15 18
5 10 14 15 16 18
7 8 10 11 14 15 16 18
9 7 8 9 10 11 14 15 16 18
7 10 12 13 14 15 16 18
9 8 10 11 12 13 14 15 16 18
11 7 8 9 10 11 12 13 14 15 16 18
5 5 10 15 17 18
7 4 5 6 10 15 17 18
7 5 8 10 11 15 17 18
9 4 5 6 8 10 11 15 17 18
9 5 7 8 9 10 11 15 17 18
11 4 5 6 7 8 9 10 11 15 17 18
7 5 10 12 13 15 17 18
9 4 5 6 10 12 13 15 17 18
9 5 8 10 11 12 13 15 17 18
11 4 5 6 8 10 11 12 13 15 17 18
11 5 7 8 9 10 11 12 13 15 17 18
13 4 5 6 7 8 9 10 11 12 13 15 17 18
7 5 10 14 15 16 17 18
9 4 5 6 10 14 15 16 17 18
9 5 8 10 11 14 15 16 17 18
11 4 5 6 8 10 11 14 15 16 17 18
11 5 7 8 9 10 11 14 15 16 17 18
13 4 5 6 7 8 9 10 11 14 15 16 17 18
9 5 10 12 13 14 15 16 17 18
11 4 5 6 10 12 13 14 15 16 17 18
11 5 8 10 11 12 13 14 15 16 17 18
13 4 5 6 8 10 11 12 13 14 15 16 17 18
13 5 7 8 9 10 11 12 13 14 15 16 17 18
15 4 5 6 7 8 9 10 11 12 13 14 15 16 17 18
1 19
3 14 19 20
5 14 15 16 19 20
7 5 14 15 16 17 19 20
9 4 5 6 14 15 16 17 19 20
7 10 14 15 16 18 19 20
9 8 10 11 14 15 16 18 19 20
11 7 8 9 10 11 14 15 16 18 19 20
9 10 12 13 14 15 16 18 19 20
11 8 10 11 12 13 14 15 16 18 19 20
13 7 8 9 10 11 12 13 14 15 16 18 19 20
9 5 10 14 15 16 17 18 19 20
11 4 5 6 10 14 15 16 17 18 19 20
11 5 8 10 11 14 15 16 17 18 19 20
13 4 5 6 8 10 11 14 15 16 17 18 19 20
13 5 7 8 9 10 11 14 15 16 17 18 19 20
15 4 5 6 7 8 9 10 11 14 15 16 17 18 19 20
11 5 10 12 13 14 15 16 17 18 19 20
13 4 5 6 10 12 13 14 15 16 17 18 19 20
13 5 8 10 11 12 13 14 15 16 17 18 19 20
15 4 5 6 8 10 11 12 13 14 15 16 17 18 19 20
15 5 7 8 9 10 11 12 13 14 15 16 17 18 19 20
17 4 5 6 7 8 9 10 11 12 13 14 15 16 17 18 19 20
4 6 7 8 12
5 1 5 11 13 19
7 2 3 4 10 14 15 18
4 9 16 17 20
1 9
1 13
1 18
20 1 2 3 4 5 6 7 8 9 10 11 12 13 14 15 16 17 18 19 20
1 17
1 20
8 4 5 11 12 15 17 18 20
12 1 2 3 6 7 8 9 10 13 14 16 19
1 16
2 6 15
5 3 7 8 11 18
2 5 12
6 10 13 14 17 19 20
1 11
5 3 5 9 12 16
4 1 2 6 19
2 13 20
2 4 15
5 8 10 11 14 17
1 6
9 5 6 10 11 12 15 18 19 20
2 1 3
5 2 9 13 14 16
12 1 2 4 7 8 9 10 14 16 17 18 19
6 3 5 6 13 15 20
2 11 12
5 5 9 10 13 18
7 4 6 7 8 12 19 20
5 1 3 11 14 15
3 1 11 12
12 2 4 5 6 7 8 9 13 15 16 19 20
2 9 16
4 6 10 14 15
7 1 2 3 12 17 19 20
2 7 11
3 4 8 18
1 21
1 22
1 23
3 22 23 24
1 25
1 26
3 25 26 27
1 28
3 26 28 29
5 25 26 27 28 29
1 30
3 23 30 31
5 22 23 24 30 31
1 32
1 33
3 32 33 34
1 35
3 33 35 36
5 32 33 34 35 36
1 37
3 23 37 38
5 22 23 24 37 38
5 23 30 31 37 38
7 22 23 24 30 31 37 38
1 39
3 37 39 40
5 23 37 38 39 40
7 22 23 24 37 38 39 40
7 23 30 31 37 38 39 40
9 22 23 24 30 31 37 38 39 40
3 28 37 41
5 26 28 29 37 41
7 25 26 27 28 29 37 41
5 23 28 37 38 41
7 22 23 24 28 37 38 41
7 23 26 28 29 37 38 41
9 22 23 24 26 28 29 37 38 41
9 23 25 26 27 28 29 37 38 41
11 22 23 24 25 26 27 28 29 37 38 41
7 23 28 30 31 37 38 41
9 22 23 24 28 30 31 37 38 41
9 23 26 28 29 30 31 37 38 41
11 22 23 24 26 28 29 30 31 37 38 41
11 23 25 26 27 28 29 30 31 37 38 41
13 22 23 24 25 26 27 28 29 30 31 37 38 41
5 28 37 39 40 41
7 26 28 29 37 39 40 41
9 25 26 27 28 29 37 39 40 41
7 23 28 37 38 39 40 41
9 22 23 24 28 37 38 39 40 41
9 23 26 28 29 37 38 39 40 41
11 22 23 24 26 28 29 37 38 39 40 41
11 23 25 26 27 28 29 37 38 39 40 41
13 22 23 24 25 26 27 28 29 37 38 39 40 41
9 23 28 30 31 37 38 39 40 41
11 22 23 24 28 30 31 37 38 39 40 41
11 23 26 28 29 30 31 37 38 39 40 41
13 22 23 24 26 28 29 30 31 37 38 39 40 41
13 23 25 26 27 28 29 30 31 37 38 39 40 41
15 22 23 24 25 26 27 28 29 30 31 37 38 39 40 41
1 42
3 25 42 43
5 25 26 27 42 43
7 25 26 27 28 29 42 43
9 25 26 27 28 29 37 41 42 43
11 23 25 26 27 28 29 37 38 41 42 43
13 22 23 24 25 26 27 28 29 37 38 41 42 43
13 23 25 26 27 28 29 30 31 37 38 41 42 43
15 22 23 24 25 26 27 28 29 30 31 37 38 41 42 43
11 25 26 27 28 29 37 39 40 41 42 43
13 23 25 26 27 28 29 37 38 39 40 41 42 43
15 22 23 24 25 26 27 28 29 37 38 39 40 41 42 43
15 23 25 26 27 28 29 30 31 37 38 39 40 41 42 43
17 22 23 24 25 26 27 28 29 30 31 37 38 39 40 41 42 43
3 32 42 44
5 32 33 34 42 44
7 32 33 34 35 36 42 44
5 25 32 42 43 44
7 25 26 27 32 42 43 44
9 25 26 27 28 29 32 42 43 44
7 25 32 33 34 42 43 44
9 25 26 27 32 33 34 42 43 44
11 25 26 27 28 29 32 33 34 42 43 44
11 25 26 27 28 29 32 37 41 42 43 44
13 25 26 27 28 29 32 33 34 37 41 42 43 44
13 23 25 26 27 28 29 32 37 38 41 42 43 44
15 22 23 24 25 26 27 28 29 32 37 38 41 42 43 44
15 23 25 26 27 28 29 30 31 32 37 38 41 42 43 44
17 22 23 24 25 26 27 28 29 30 31 32 37 38 41 42 43 44
15 23 25 26 27 28 29 32 33 34 37 38 41 42 43 44
17 22 23 24 25 26 27 28 29 32 33 34 37 38 41 42 43 44
17 23 25 26 27 28 29 30 31 32 33 34 37 38 41 42 43 44
19 22 23 24 25 26 27 28 29 30 31 32 33 34 37 38 41 42 43 44
13 25 26 27 28 29 32 37 39 40 41 42 43 44
15 25 26 27 28 29 32 33 34 37 39 40 41 42 43 44
15 23 25 26 27 28 29 32 37 38 39 40 41 42 43 44
17 22 23 24 25 26 27 28 29 32 37 38 39 40 41 42 43 44
17 23 25 26 27 28 29 30 31 32 37 38 39 40 41 42 43 44
19 22 23 24 25 26 27 28 29 30 31 32 37 38 39 40 41 42 43 44
17 23 25 26 27 28 29 32 33 34 37 38 39 40 41 42 43 44
19 22 23 24 25 26 27 28 29 32 33 34 37 38 39 40 41 42 43 44
19 23 25 26 27 28 29 30 31 32 33 34 37 38 39 40 41 42 43 44
21 22 23 24 25 26 27 28 29 30 31 32 33 34 37 38 39 40 41 42 43 44
1 29
5 22 27 36 41 44
16 21 23 24 26 28 30 31 32 33 34 35 37 38 39 40 43
1 24
1 27
1 38
1 41
1 43
1 44
2 24 33
3 22 37 42
2 28 32
2 30 38
2 39 43
6 23 25 31 34 36 44
5 26 29 35 40 41
1 31
1 34
1 36
1 40
3 26 31 44
2 22 28
8 25 27 30 32 36 39 41 43
2 37 38
7 21 23 24 29 33 35 42
3 31 34 43
9 23 26 28 32 33 35 38 41 44
2 22 39
3 24 25 40
2 27 36
2 21 37
3 25 29 43
2 33 35
2 23 27
3 21 39 41
4 22 24 37 38
4 28 31 32 42
4 26 30 40 44
1 45
1 46
1 47
1 48
1 49
3 48 49 50
1 51
3 48 51 52
5 48 49 50 51 52
1 53
3 48 53 54
5 48 49 50 53 54
5 48 51 52 53 54
7 48 49 50 51 52 53 54
1 55
1 56
3 55 56 57
1 58
3 55 58 59
5 55 56 57 58 59
1 60
3 51 60 61
5 48 51 52 60 61
7 48 49 50 51 52 60 61
7 48 51 52 53 54 60 61
9 48 49 50 51 52 53 54 60 61
1 62
3 53 62 63
5 48 53 54 62 63
7 48 49 50 53 54 62 63
7 48 51 52 53 54 62 63
9 48 49 50 51 52 53 54 62 63
9 48 51 52 53 54 60 61 62 63
11 48 49 50 51 52 53 54 60 61 62 63
1 64
1 65
3 64 65 66
1 67
3 65 67 68
5 64 65 66 67 68
1 69
3 53 69 70
5 48 53 54 69 70
7 48 49 50 53 54 69 70
7 48 51 52 53 54 69 70
9 48 49 50 51 52 53 54 69 70
9 48 51 52 53 54 60 61 69 70
11 48 49 50 51 52 53 54 60 61 69 70
5 53 62 63 69 70
7 48 53 54 62 63 69 70
9 48 49 50 53 54 62 63 69 70
9 48 51 52 53 54 62 63 69 70
11 48 49 50 51 52 53 54 62 63 69 70
11 48 51 52 53 54 60 61 62 63 69 70
13 48 49 50 51 52 53 54 60 61 62 63 69 70
1 71
3 64 71 72
5 64 65 66 71 72
7 64 65 66 67 68 71 72
12 48 50 51 52 54 56 59 61 63 65 69 71
9 46 47 49 55 57 62 64 68 72
4 45 58 67 70
3 53 60 66
1 52
1 57
1 59
1 61
1 63
1 70
2 50 63
11 46 49 51 54 55 58 60 65 67 68 70
3 52 61 72
2 69 71
5 47 48 53 59 66
5 45 56 57 62 64
1 66
1 68
1 72
12 47 51 53 54 57 59 60 64 66 69 70 72
8 45 52 55 56 58 63 67 71
5 46 48 49 50 61
2 62 68
1 50
3 47 69 71
2 52 61
7 51 58 60 63 64 67 70
3 54 68 72
3 46 57 65
6 45 48 49 53 62 66
3 56 57 66
2 45 46
6 60 63 67 68 70 71
4 50 54 58 64
5 48 53 61 62 65
3 49 52 55
2 51 59
1 73
1 74
1 75
1 76
3 75 76 77
1 78
1 79
3 78 79 80
1 81
3 79 81 82
5 78 79 80 81 82
1 83
3 79 83 84
5 78 79 80 83 84
5 79 81 82 83 84
7 78 79 80 81 82 83 84
1 85
3 78 85 86
5 78 79 80 85 86
7 78 79 80 81 82 85 86
7 78 79 80 83 84 85 86
9 78 79 80 81 82 83 84 85 86
1 87
3 85 87 88
5 78 85 86 87 88
7 78 79 80 85 86 87 88
9 78 79 80 81 82 85 86 87 88
9 78 79 80 83 84 85 86 87 88
11 78 79 80 81 82 83 84 85 86 87 88
1 89
1 90
3 89 90 91
3 76 90 92
5 75 76 77 90 92
5 76 89 90 91 92
7 75 76 77 89 90 91 92
16 74 76 77 78 79 80 81 82 83 84 85 86 87 88 89 90
4 73 75 91 92
1 77
1 91
4 79 82 84 85
2 74 77
4 78 83 88 92
2 73 87
2 81 86
3 80 89 90
1 80
1 82
1 84
7 73 79 82 84 85 87 88
4 78 90 91 92
9 74 75 76 77 80 81 83 86 89
1 92
1 88
7 76 80 82 84 90 91 92
8 73 75 77 78 83 85 87 89
3 79 81 86
2 75 81
3 79 82 85
2 77 84
3 73 78 90
1 86
7 74 80 83 87 88 89 92
4 77 82 85 89
3 74 79 81
2 84 91
4 75 78 80 83
4 76 88 90 92
3 79 85 91
17 73 74 75 76 77 78 80 81 82 83 84 86 87 88 89 90 92
8 73 74 75 80 81 82 83 85
3 84 90 92
7 76 77 79 86 87 89 91
8 76 80 81 82 85 88 90 91
5 73 75 84 86 92
7 74 77 78 79 83 87 89
7 74 77 79 81 82 89 91
4 73 75 80 83
5 78 84 85 87 88
2 90 92
1 93
1 94
1 95
3 94 95 96
1 97
3 95 97 98
5 94 95 96 97 98
1 99
1 100
3 99 100 101
1 102
1 103
3 102 103 104
1 105
3 103 105 106
5 102 103 104 105 106
3 100 103 107
5 99 100 101 103 107
5 100 102 103 104 107
7 99 100 101 102 103 104 107
5 100 103 105 106 107
7 99 100 101 103 105 106 107
7 100 102 103 104 105 106 107
9 99 100 101 102 103 104 105 106 107
1 108
3 97 108 109
5 95 97 98 108 109
7 94 95 96 97 98 108 109
1 110
1 111
3 110 111 112
3 108 111 113
5 97 108 109 111 113
7 95 97 98 108 109 111 113
9 94 95 96 97 98 108 109 111 113
5 108 110 111 112 113
7 97 108 109 110 111 112 113
9 95 97 98 108 109 110 111 112 113
11 94 95 96 97 98 108 109 110 111 112 113
19 93 94 95 96 98 99 100 101 102 103 104 105 106 107 108 109 110 112 113
1 96
1 101
1 104
1 112
3 107 111 113
1 106
9 94 97 99 101 102 103 104 108 109
6 95 96 98 100 105 112
1 107
1 113
6 93 96 103 105 107 108
2 94 95
13 97 98 99 100 101 102 104 106 109 110 111 112 113
1 98
5 97 101 102 108 109
2 100 113
2 107 111
3 98 103 106
5 94 95 96 104 105
3 103 104 107
2 99 113
4 93 100 110 111
1 109
3 95 106 108
4 94 96 102 105
2 97 112
5 96 100 101 112 113
16 93 94 95 97 98 99 102 103 104 105 106 107 108 109 110 111
4 95 102 109 112
9 93 94 96 101 104 106 107 111 113
8 97 98 99 100 103 105 108 110
7 94 99 100 103 105 106 108
6 93 95 96 101 104 107
3 97 98 109
2 102 113
6 96 105 107 108 109 110
2 95 102
6 93 94 97 99 103 113
5 100 101 104 106 111
5 96 98 108 109 112
11 93 95 97 100 101 102 103 105 106 107 110
2 94 99
2 104 111
11 93 95 98 99 100 101 103 106 107 108 109
7 97 102 104 105 110 111 113
1 114
1 115
1 116
1 117
1 118
1 119
1 120
3 119 120 121
1 122
1 123
3 122 123 124
1 125
3 120 125 126
5 119 120 121 125 126
1 127
3 125 127 128
5 120 125 126 127 128
7 119 120 121 125 126 127 128
1 129
1 130
3 129 130 131
1 132
1 133
3 132 133 134
1 135
1 136
3 135 136 137
1 138
3 123 138 139
5 122 123 124 138 139
1 140
1 141
3 140 141 142
1 143
3 141 143 144
5 140 141 142 143 144
1 145
1 146
3 145 146 147
1 148
3 146 148 149
5 145 146 147 148 149
1 150
3 129 150 151
5 129 130 131 150 151
1 152
3 150 152 153
5 129 150 151 152 153
7 129 130 131 150 151 152 153
1 154
3 138 154 155
5 123 138 139 154 155
7 122 123 124 138 139 154 155
1 156
3 125 156 157
5 120 125 126 156 157
7 119 120 121 125 126 156 157
5 125 127 128 156 157
7 120 125 126 127 128 156 157
9 119 120 121 125 126 127 128 156 157
1 158
3 156 158 159
5 125 156 157 158 159
7 120 125 126 156 157 158 159
9 119 120 121 125 126 156 157 158 159
7 125 127 128 156 157 158 159
9 120 125 126 127 128 156 157 158 159
11 119 120 121 125 126 127 128 156 157 158 159
1 160
1 161
3 160 161 162
3 158 161 163
5 156 158 159 161 163
7 125 156 157 158 159 161 163
9 120 125 126 156 157 158 159 161 163
11 119 120 121 125 126 156 157 158 159 161 163
9 125 127 128 156 157 158 159 161 163
11 120 125 126 127 128 156 157 158 159 161 163
13 119 120 121 125 126 127 128 156 157 158 159 161 163
5 158 160 161 162 163
7 156 158 159 160 161 162 163
9 125 156 157 158 159 160 161 162 163
11 120 125 126 156 157 158 159 160 161 162 163
13 119 120 121 125 126 156 157 158 159 160 161 162 163
11 125 127 128 156 157 158 159 160 161 162 163
13 120 125 126 127 128 156 157 158 159 160 161 162 163
15 119 120 121 125 126 127 128 156 157 158 159 160 161 162 163
1 164
1 165
3 164 165 166
3 135 165 167
5 135 136 137 165 167
5 135 164 165 166 167
7 135 136 137 164 165 166 167
3 161 165 168
5 160 161 162 165 168
5 158 161 163 165 168
7 156 158 159 161 163 165 168
9 125 156 157 158 159 161 163 165 168
11 120 125 126 156 157 158 159 161 163 165 168
13 119 120 121 125 126 156 157 158 159 161 163 165 168
11 125 127 128 156 157 158 159 161 163 165 168
13 120 125 126 127 128 156 157 158 159 161 163 165 168
15 119 120 121 125 126 127 128 156 157 158 159 161 163 165 168
7 158 160 161 162 163 165 168
9 156 158 159 160 161 162 163 165 168
11 125 156 157 158 159 160 161 162 163 165 168
13 120 125 126 156 157 158 159 160 161 162 163 165 168
15 119 120 121 125 126 156 157 158 159 160 161 162 163 165 168
13 125 127 128 156 157 158 159 160 161 162 163 165 168
15 120 125 126 127 128 156 157 158 159 160 161 162 163 165 168
17 119 120 121 125 126 127 128 156 157 158 159 160 161 162 163 165 168
5 161 164 165 166 168
7 160 161 162 164 165 166 168
7 158 161 163 164 165 166 168
9 156 158 159 161 163 164 165 166 168
11 125 156 157 158 159 161 163 164 165 166 168
13 120 125 126 156 157 158 159 161 163 164 165 166 168
15 119 120 121 125 126 156 157 158 159 161 163 164 165 166 168
13 125 127 128 156 157 158 159 161 163 164 165 166 168
15 120 125 126 127 128 156 157 158 159 161 163 164 165 166 168
17 119 120 121 125 126 127 128 156 157 158 159 161 163 164 165 166 168
9 158 160 161 162 163 164 165 166 168
11 156 158 159 160 161 162 163 164 165 166 168
13 125 156 157 158 159 160 161 162 163 164 165 166 168
15 120 125 126 156 157 158 159 160 161 162 163 164 165 166 168
17 119 120 121 125 126 156 157 158 159 160 161 162 163 164 165 166 168
15 125 127 128 156 157 158 159 160 161 162 163 164 165 166 168
17 120 125 126 127 128 156 157 158 159 160 161 162 163 164 165 166 168
19 119 120 121 125 126 127 128 156 157 158 159 160 161 162 163 164 165 166 168
5 135 161 165 167 168
7 135 136 137 161 165 167 168
7 135 160 161 162 165 167 168
9 135 136 137 160 161 162 165 167 168
7 135 158 161 163 165 167 168
9 135 136 137 158 161 163 165 167 168
9 135 156 158 159 161 163 165 167 168
11 135 136 137 156 158 159 161 163 165 167 168
11 125 135 156 157 158 159 161 163 165 167 168
13 120 125 126 135 156 157 158 159 161 163 165 167 168
15 119 120 121 125 126 135 156 157 158 159 161 163 165 167 168
13 125 127 128 135 156 157 158 159 161 163 165 167 168
15 120 125 126 127 128 135 156 157 158 159 161 163 165 167 168
17 119 120 121 125 126 127 128 135 156 157 158 159 161 163 165 167 168
13 125 135 136 137 156 157 158 159 161 163 165 167 168
15 120 125 126 135 136 137 156 157 158 159 161 163 165 167 168
17 119 120 121 125 126 135 136 137 156 157 158 159 161 163 165 167 168
15 125 127 128 135 136 137 156 157 158 159 161 163 165 167 168
17 120 125 126 127 128 135 136 137 156 157 158 159 161 163 165 167 168
19 119 120 121 125 126 127 128 135 136 137 156 157 158 159 161 163 165 167 168
9 135 158 160 161 162 163 165 167 168
11 135 136 137 158 160 161 162 163 165 167 168
11 135 156 158 159 160 161 162 163 165 167 168
13 135 136 137 156 158 159 160 161 162 163 165 167 168
13 125 135 156 157 158 159 160 161 162 163 165 167 168
15 120 125 126 135 156 157 158 159 160 161 162 163 165 167 168
17 119 120 121 125 126 135 156 157 158 159 160 161 162 163 165 167 168
15 125 127 128 135 156 157 158 159 160 161 162 163 165 167 168
17 120 125 126 127 128 135 156 157 158 159 160 161 162 163 165 167 168
19 119 120 121 125 126 127 128 135 156 157 158 159 160 161 162 163 165 167 168
15 125 135 136 137 156 157 158 159 160 161 162 163 165 167 168
17 120 125 126 135 136 137 156 157 158 159 160 161 162 163 165 167 168
19 119 120 121 125 126 135 136 137 156 157 158 159 160 161 162 163 165 167 168
17 125 127 128 135 136 137 156 157 158 159 160 161 162 163 165 167 168
19 120 125 126 127 128 135 136 137 156 157 158 159 160 161 162 163 165 167 168
21 119 120 121 125 126 127 128 135 136 137 156 157 158 159 160 161 162 163 165 167 168
7 135 161 164 165 166 167 168
9 135 136 137 161 164 165 166 167 168
9 135 160 161 162 164 165 166 167 168
11 135 136 137 160 161 162 164 165 166 167 168
9 135 158 161 163 164 165 166 167 168
11 135 136 137 158 161 163 164 165 166 167 168
11 135 156 158 159 161 163 164 165 166 167 168
13 135 136 137 156 158 159 161 163 164 165 166 167 168
13 125 135 156 157 158 159 161 163 164 165 166 167 168
15 120 125 126 135 156 157 158 159 161 163 164 165 166 167 168
17 119 120 121 125 126 135 156 157 158 159 161 163 164 165 166 167 168
15 125 127 128 135 156 157 158 159 161 163 164 165 166 167 168
17 120 125 126 127 128 135 156 157 158 159 161 163 164 165 166 167 168
19 119 120 121 125 126 127 128 135 156 157 158 159 161 163 164 165 166 167 168
15 125 135 136 137 156 157 158 159 161 163 164 165 166 167 168
17 120 125 126 135 136 137 156 157 158 159 161 163 164 165 166 167 168
19 119 120 121 125 126 135 136 137 156 157 158 159 161 163 164 165 166 167 168
17 125 127 128 135 136 137 156 157 158 159 161 163 164 165 166 167 168
19 120 125 126 127 128 135 136 137 156 157 158 159 161 163 164 165 166 167 168
21 119 120 121 125 126 127 128 135 136 137 156 157 158 159 161 163 164 165 166 167 168
11 135 158 160 161 162 163 164 165 166 167 168
13 135 136 137 158 160 161 162 163 164 165 166 167 168
13 135 156 158 159 160 161 162 163 164 165 166 167 168
15 135 136 137 156 158 159 160 161 162 163 164 165 166 167 168
15 125 135 156 157 158 159 160 161 162 163 164 165 166 167 168
17 120 125 126 135 156 157 158 159 160 161 162 163 164 165 166 167 168
19 119 120 121 125 126 135 156 157 158 159 160 161 162 163 164 165 166 167 168
17 125 127 128 135 156 157 158 159 160 161 162 163 164 165 166 167 168
19 120 125 126 127 128 135 156 157 158 159 160 161 162 163 164 165 166 167 168
21 119 120 121 125 126 127 128 135 156 157 158 159 160 161 162 163 164 165 166 167 168
17 125 135 136 137 156 157 158 159 160 161 162 163 164 165 166 167 168
19 120 125 126 135 136 137 156 157 158 159 160 161 162 163 164 165 166 167 168
21 119 120 121 125 126 135 136 137 156 157 158 159 160 161 162 163 164 165 166 167 168
19 125 127 128 135 136 137 156 157 158 159 160 161 162 163 164 165 166 167 168
21 120 125 126 127 128 135 136 137 156 157 158 159 160 161 162 163 164 165 166 167 168
23 119 120 121 125 126 127 128 135 136 137 156 157 158 159 160 161 162 163 164 165 166 167 168
1 169
3 140 169 170
5 140 141 142 169 170
7 140 141 142 143 144 169 170
2 118 120
20 115 121 122 123 128 129 130 131 133 134 136 139 143 148 152 153 156 157 165 169
20 114 117 124 126 137 140 142 146 147 149 150 151 154 155 159 160 163 164 166 168
8 116 119 125 127 135 144 161 167
7 132 138 141 145 158 162 170
1 126
1 134
1 137
1 144
1 147
1 149
1 151
1 166
1 170
4 136 141 161 169
3 123 127 155
8 118 125 129 138 143 146 157 158
2 142 144
5 114 124 156 163 167
8 116 134 139 147 148 160 165 168
4 128 137 149 164
3 130 140 150
5 117 121 132 154 166
6 120 126 131 135 145 152
1 162
2 119 122
4 151 153 159 170
1 121
1 124
1 131
1 139
1 142
1 159
6 134 143 151 156 161 167
2 114 160
14 118 120 126 128 133 135 136 140 148 153 154 157 162 169
5 129 130 147 163 164
4 119 132 141 152
8 121 123 124 138 142 158 165 166
1 155
4 122 131 144 145
3 117 146 159
8 115 116 127 137 149 150 168 170
1 128
1 153
1 157
4 115 124 154 158
5 122 129 140 163 169
6 117 119 137 138 139 153
3 114 125 134
2 126 132
7 127 128 131 133 145 148 156
11 120 121 123 142 144 146 152 160 162 166 167
4 118 151 161 168
11 116 130 135 136 141 147 149 157 159 164 170
15 117 121 130 134 135 137 145 147 150 154 156 158 167 168 169
7 115 116 138 139 142 144 157
10 120 127 131 132 140 141 143 146 164 166
9 122 123 125 133 149 153 155 159 165
5 119 128 129 160 162
6 118 136 148 152 161 170
5 114 124 126 151 163
3 124 152 165
13 117 121 122 125 129 130 135 153 156 157 158 161 164
3 131 132 145
4 142 147 155 168
2 116 134
5 115 128 149 166 169
6 133 144 148 150 162 163
4 118 143 151 167
2 126 138
8 119 123 127 136 139 141 154 170
4 114 120 137 146
1 167
1 168
4 120 134 138 140
5 121 129 149 152 158
2 131 148
5 123 125 135 167 168
5 119 127 132 157 160
5 116 146 151 153 166
15 115 122 124 126 128 130 142 143 144 150 156 162 163 164 170
2 141 155
3 133 165 169
3 137 139 145
2 136 159
5 114 117 118 147 154
12 122 125 126 127 131 139 142 144 146 151 158 166
4 132 134 143 147
41 114 115 116 117 118 119 120 121 123 124 128 129 130 133 135 136 137 138 140 141 145 148 149 150 152 153 154 155 156 157 159 160 161 162 163 164 165 167 168 169 170
8 116 123 127 136 140 146 154 158
30 115 117 118 122 125 126 128 131 132 133 135 138 139 141 142 143 145 147 149 151 153 156 157 160 165 166 167 168 169 170
4 121 129 134 161
4 120 152 162 164
6 114 124 130 137 144 155
5 119 148 150 159 163
1 163
3 123 124 141
35 114 115 117 118 119 121 122 125 126 127 130 131 133 135 139 142 144 146 147 150 152 153 154 155 157 158 160 161 162 164 165 166 167 168 170
19 116 120 128 129 132 134 136 137 138 140 143 145 148 149 151 156 159 163 169
9 115 118 121 127 136 156 157 168 170
22 116 120 122 125 132 133 135 138 139 140 141 145 146 149 150 151 158 159 161 162 164 169
26 114 117 119 123 124 126 128 129 130 131 134 137 142 143 144 147 148 152 153 154 155 160 163 165 166 167
5 125 127 148 155 159
15 122 123 129 131 132 133 134 138 143 146 150 161 163 165 170
15 114 115 116 121 126 128 135 139 142 144 147 153 157 166 168
22 117 118 119 120 124 130 136 137 140 141 145 149 151 152 154 156 158 160 162 164 167 169
