156 848
1 1
1 2
1 3
1 4
3 3 4 5
1 6
3 4 6 7
5 3 4 5 6 7
1 8
3 6 8 9
5 4 6 7 8 9
7 3 4 5 6 7 8 9
1 10
3 3 10 11
5 3 4 5 10 11
7 3 4 5 6 7 10 11
9 3 4 5 6 7 8 9 10 11
1 12
1 13
3 12 13 14
1 15
3 8 15 16
5 6 8 9 15 16
7 4 6 7 8 9 15 16
9 3 4 5 6 7 8 9 15 16
11 3 4 5 6 7 8 9 10 11 15 16
1 17
3 4 17 18
5 3 4 5 17 18
5 4 6 7 17 18
7 3 4 5 6 7 17 18
7 4 6 7 8 9 17 18
9 3 4 5 6 7 8 9 17 18
7 3 4 5 10 11 17 18
9 3 4 5 6 7 10 11 17 18
11 3 4 5 6 7 8 9 10 11 17 18
9 4 6 7 8 9 15 16 17 18
11 3 4 5 6 7 8 9 15 16 17 18
13 3 4 5 6 7 8 9 10 11 15 16 17 18
1 19
3 8 19 20
5 6 8 9 19 20
7 4 6 7 8 9 19 20
5 8 15 16 19 20
7 6 8 9 15 16 19 20
9 4 6 7 8 9 15 16 19 20
9 4 6 7 8 9 17 18 19 20
11 4 6 7 8 9 15 16 17 18 19 20
3 3 19 21
5 3 4 5 19 21
7 3 4 5 6 7 19 21
5 3 10 11 19 21
7 3 4 5 10 11 19 21
9 3 4 5 6 7 10 11 19 21
7 3 4 5 17 18 19 21
9 3 4 5 6 7 17 18 19 21
9 3 4 5 10 11 17 18 19 21
11 3 4 5 6 7 10 11 17 18 19 21
5 3 8 19 20 21
7 3 4 5 8 19 20 21
7 3 6 8 9 19 20 21
10 3 4 5 6 7 8 9 19 20 21
7 3 8 10 11 19 20 21
9 3 4 5 8 10 11 19 20 21
9 3 6 8 9 10 11 19 20 21
12 3 4 5 6 7 8 9 10 11 19 20 21
7 3 8 15 16 19 20 21
9 3 4 5 8 15 16 19 20 21
9 3 6 8 9 15 16 19 20 21
12 3 4 5 6 7 8 9 15 16 19 20 21
9 3 8 10 11 15 16 19 20 21
11 3 4 5 8 10 11 15 16 19 20 21
11 3 6 8 9 10 11 15 16 19 20 21
14 3 4 5 6 7 8 9 10 11 15 16 19 20 21
9 3 4 5 8 17 18 19 20 21
12 3 4 5 6 7 8 9 17 18 19 20 21
11 3 4 5 8 10 11 17 18 19 20 21
14 3 4 5 6 7 8 9 10 11 17 18 19 20 21
11 3 4 5 8 15 16 17 18 19 20 21
14 3 4 5 6 7 8 9 15 16 17 18 19 20 21
13 3 4 5 8 10 11 15 16 17 18 19 20 21
16 3 4 5 6 7 8 9 10 11 15 16 17 18 19 20 21
1 22
3 17 22 23
5 4 17 18 22 23
7 3 4 5 17 18 22 23
7 4 6 7 17 18 22 23
9 3 4 5 6 7 17 18 22 23
9 4 6 7 8 9 17 18 22 23
11 3 4 5 6 7 8 9 17 18 22 23
9 3 4 5 10 11 17 18 22 23
11 3 4 5 6 7 10 11 17 18 22 23
13 3 4 5 6 7 8 9 10 11 17 18 22 23
11 4 6 7 8 9 15 16 17 18 22 23
13 3 4 5 6 7 8 9 15 16 17 18 22 23
15 3 4 5 6 7 8 9 10 11 15 16 17 18 22 23
11 4 6 7 8 9 17 18 19 20 22 23
13 4 6 7 8 9 15 16 17 18 19 20 22 23
9 3 4 5 17 18 19 21 22 23
11 3 4 5 6 7 17 18 19 21 22 23
11 3 4 5 10 11 17 18 19 21 22 23
13 3 4 5 6 7 10 11 17 18 19 21 22 23
11 3 4 5 8 17 18 19 20 21 22 23
14 3 4 5 6 7 8 9 17 18 19 20 21 22 23
13 3 4 5 8 10 11 17 18 19 20 21 22 23
16 3 4 5 6 7 8 9 10 11 17 18 19 20 21 22 23
13 3 4 5 8 15 16 17 18 19 20 21 22 23
16 3 4 5 6 7 8 9 15 16 17 18 19 20 21 22 23
15 3 4 5 8 10 11 15 16 17 18 19 20 21 22 23
18 3 4 5 6 7 8 9 10 11 15 16 17 18 19 20 21 22 23
1 24
3 22 24 25
5 17 22 23 24 25
7 4 17 18 22 23 24 25
9 3 4 5 17 18 22 23 24 25
9 4 6 7 17 18 22 23 24 25
11 3 4 5 6 7 17 18 22 23 24 25
11 4 6 7 8 9 17 18 22 23 24 25
13 3 4 5 6 7 8 9 17 18 22 23 24 25
11 3 4 5 10 11 17 18 22 23 24 25
13 3 4 5 6 7 10 11 17 18 22 23 24 25
15 3 4 5 6 7 8 9 10 11 17 18 22 23 24 25
13 4 6 7 8 9 15 16 17 18 22 23 24 25
15 3 4 5 6 7 8 9 15 16 17 18 22 23 24 25
17 3 4 5 6 7 8 9 10 11 15 16 17 18 22 23 24 25
13 4 6 7 8 9 17 18 19 20 22 23 24 25
15 4 6 7 8 9 15 16 17 18 19 20 22 23 24 25
11 3 4 5 17 18 19 21 22 23 24 25
13 3 4 5 6 7 17 18 19 21 22 23 24 25
13 3 4 5 10 11 17 18 19 21 22 23 24 25
15 3 4 5 6 7 10 11 17 18 19 21 22 23 24 25
13 3 4 5 8 17 18 19 20 21 22 23 24 25
16 3 4 5 6 7 8 9 17 18 19 20 21 22 23 24 25
15 3 4 5 8 10 11 17 18 19 20 21 22 23 24 25
18 3 4 5 6 7 8 9 10 11 17 18 19 20 21 22 23 24 25
15 3 4 5 8 15 16 17 18 19 20 21 22 23 24 25
18 3 4 5 6 7 8 9 15 16 17 18 19 20 21 22 23 24 25
17 3 4 5 8 10 11 15 16 17 18 19 20 21 22 23 24 25
20 3 4 5 6 7 8 9 10 11 15 16 17 18 19 20 21 22 23 24 25
25 1 2 3 4 5 6 7 8 9 10 11 12 13 14 15 16 17 18 19 20 21 22 23 24 25
1 7
1 9
1 14
24 1 2 3 4 5 6 7 9 10 11 12 13 14 15 16 17 18 19 20 21 22 23 24 25
1 16
1 18
1 21
1 20
1 25
6 6 9 14 15 19 25
8 4 8 10 13 21 22 23 24
2 5 17
5 1 3 7 11 16
1 11
1 23
3 6 18 21
4 2 3 16 20
3 8 10 23
8 4 5 9 11 12 17 22 25
3 13 19 24
2 7 15
6 2 10 15 20 23 25
6 1 6 17 21 22 24
4 8 12 16 18
2 4 5
4 7 9 11 14
5 5 10 11 16 22
7 2 3 7 8 9 14 24
2 4 23
5 12 18 19 20 25
3 6 15 21
2 1 17
1 5
1 26
1 27
3 26 27 28
1 29
1 30
3 29 30 31
1 32
3 30 32 33
5 29 30 31 32 33
1 34
3 32 34 35
5 30 32 33 34 35
7 29 30 31 32 33 34 35
1 36
3 34 36 37
5 32 34 35 36 37
7 30 32 33 34 35 36 37
9 29 30 31 32 33 34 35 36 37
1 38
3 34 38 39
5 32 34 35 38 39
7 30 32 33 34 35 38 39
9 29 30 31 32 33 34 35 38 39
5 34 36 37 38 39
7 32 34 35 36 37 38 39
9 30 32 33 34 35 36 37 38 39
11 29 30 31 32 33 34 35 36 37 38 39
1 40
3 29 40 41
5 29 30 31 40 41
7 29 30 31 32 33 40 41
9 29 30 31 32 33 34 35 40 41
11 29 30 31 32 33 34 35 36 37 40 41
11 29 30 31 32 33 34 35 38 39 40 41
13 29 30 31 32 33 34 35 36 37 38 39 40 41
1 42
1 43
3 42 43 44
1 45
1 46
3 45 46 47
1 48
3 32 48 49
5 30 32 33 48 49
7 29 30 31 32 33 48 49
5 32 34 35 48 49
7 30 32 33 34 35 48 49
9 29 30 31 32 33 34 35 48 49
7 32 34 35 36 37 48 49
9 30 32 33 34 35 36 37 48 49
11 29 30 31 32 33 34 35 36 37 48 49
7 32 34 35 38 39 48 49
9 30 32 33 34 35 38 39 48 49
11 29 30 31 32 33 34 35 38 39 48 49
9 32 34 35 36 37 38 39 48 49
11 30 32 33 34 35 36 37 38 39 48 49
13 29 30 31 32 33 34 35 36 37 38 39 48 49
9 29 30 31 32 33 40 41 48 49
11 29 30 31 32 33 34 35 40 41 48 49
13 29 30 31 32 33 34 35 36 37 40 41 48 49
13 29 30 31 32 33 34 35 38 39 40 41 48 49
15 29 30 31 32 33 34 35 36 37 38 39 40 41 48 49
3 42 48 50
5 42 43 44 48 50
5 32 42 48 49 50
7 30 32 33 42 48 49 50
9 29 30 31 32 33 42 48 49 50
7 32 34 35 42 48 49 50
9 30 32 33 34 35 42 48 49 50
11 29 30 31 32 33 34 35 42 48 49 50
9 32 34 35 36 37 42 48 49 50
11 30 32 33 34 35 36 37 42 48 49 50
13 29 30 31 32 33 34 35 36 37 42 48 49 50
9 32 34 35 38 39 42 48 49 50
11 30 32 33 34 35 38 39 42 48 49 50
13 29 30 31 32 33 34 35 38 39 42 48 49 50
11 32 34 35 36 37 38 39 42 48 49 50
13 30 32 33 34 35 36 37 38 39 42 48 49 50
15 29 30 31 32 33 34 35 36 37 38 39 42 48 49 50
11 29 30 31 32 33 40 41 42 48 49 50
13 29 30 31 32 33 34 35 40 41 42 48 49 50
15 29 30 31 32 33 34 35 36 37 40 41 42 48 49 50
15 29 30 31 32 33 34 35 38 39 40 41 42 48 49 50
17 29 30 31 32 33 34 35 36 37 38 39 40 41 42 48 49 50
7 32 42 43 44 48 49 50
9 30 32 33 42 43 44 48 49 50
11 29 30 31 32 33 42 43 44 48 49 50
9 32 34 35 42 43 44 48 49 50
11 30 32 33 34 35 42 43 44 48 49 50
13 29 30 31 32 33 34 35 42 43 44 48 49 50
11 32 34 35 36 37 42 43 44 48 49 50
13 30 32 33 34 35 36 37 42 43 44 48 49 50
15 29 30 31 32 33 34 35 36 37 42 43 44 48 49 50
11 32 34 35 38 39 42 43 44 48 49 50
13 30 32 33 34 35 38 39 42 43 44 48 49 50
15 29 30 31 32 33 34 35 38 39 42 43 44 48 49 50
13 32 34 35 36 37 38 39 42 43 44 48 49 50
15 30 32 33 34 35 36 37 38 39 42 43 44 48 49 50
17 29 30 31 32 33 34 35 36 37 38 39 42 43 44 48 49 50
13 29 30 31 32 33 40 41 42 43 44 48 49 50
15 29 30 31 32 33 34 35 40 41 42 43 44 48 49 50
17 29 30 31 32 33 34 35 36 37 40 41 42 43 44 48 49 50
17 29 30 31 32 33 34 35 38 39 40 41 42 43 44 48 49 50
19 29 30 31 32 33 34 35 36 37 38 39 40 41 42 43 44 48 49 50
1 51
3 36 51 52
5 34 36 37 51 52
7 32 34 35 36 37 51 52
9 30 32 33 34 35 36 37 51 52
11 29 30 31 32 33 34 35 36 37 51 52
7 34 36 37 38 39 51 52
9 32 34 35 36 37 38 39 51 52
11 30 32 33 34 35 36 37 38 39 51 52
13 29 30 31 32 33 34 35 36 37 38 39 51 52
13 29 30 31 32 33 34 35 36 37 40 41 51 52
15 29 30 31 32 33 34 35 36 37 38 39 40 41 51 52
9 32 34 35 36 37 48 49 51 52
11 30 32 33 34 35 36 37 48 49 51 52
13 29 30 31 32 33 34 35 36 37 48 49 51 52
11 32 34 35 36 37 38 39 48 49 51 52
13 30 32 33 34 35 36 37 38 39 48 49 51 52
15 29 30 31 32 33 34 35 36 37 38 39 48 49 51 52
15 29 30 31 32 33 34 35 36 37 40 41 48 49 51 52
17 29 30 31 32 33 34 35 36 37 38 39 40 41 48 49 51 52
11 32 34 35 36 37 42 48 49 50 51 52
13 30 32 33 34 35 36 37 42 48 49 50 51 52
15 29 30 31 32 33 34 35 36 37 42 48 49 50 51 52
13 32 34 35 36 37 38 39 42 48 49 50 51 52
15 30 32 33 34 35 36 37 38 39 42 48 49 50 51 52
17 29 30 31 32 33 34 35 36 37 38 39 42 48 49 50 51 52
17 29 30 31 32 33 34 35 36 37 40 41 42 48 49 50 51 52
19 29 30 31 32 33 34 35 36 37 38 39 40 41 42 48 49 50 51 52
13 32 34 35 36 37 42 43 44 48 49 50 51 52
15 30 32 33 34 35 36 37 42 43 44 48 49 50 51 52
17 29 30 31 32 33 34 35 36 37 42 43 44 48 49 50 51 52
15 32 34 35 36 37 38 39 42 43 44 48 49 50 51 52
17 30 32 33 34 35 36 37 38 39 42 43 44 48 49 50 51 52
19 29 30 31 32 33 34 35 36 37 38 39 42 43 44 48 49 50 51 52
19 29 30 31 32 33 34 35 36 37 40 41 42 43 44 48 49 50 51 52
21 29 30 31 32 33 34 35 36 37 38 39 40 41 42 43 44 48 49 50 51 52
3 45 51 53
5 45 46 47 51 53
5 36 45 51 52 53
7 34 36 37 45 51 52 53
9 32 34 35 36 37 45 51 52 53
11 30 32 33 34 35 36 37 45 51 52 53
13 29 30 31 32 33 34 35 36 37 45 51 52 53
9 34 36 37 38 39 45 51 52 53
11 32 34 35 36 37 38 39 45 51 52 53
13 30 32 33 34 35 36 37 38 39 45 51 52 53
15 29 30 31 32 33 34 35 36 37 38 39 45 51 52 53
15 29 30 31 32 33 34 35 36 37 40 41 45 51 52 53
17 29 30 31 32 33 34 35 36 37 38 39 40 41 45 51 52 53
7 36 45 46 47 51 52 53
9 34 36 37 45 46 47 51 52 53
11 32 34 35 36 37 45 46 47 51 52 53
13 30 32 33 34 35 36 37 45 46 47 51 52 53
15 29 30 31 32 33 34 35 36 37 45 46 47 51 52 53
11 34 36 37 38 39 45 46 47 51 52 53
13 32 34 35 36 37 38 39 45 46 47 51 52 53
15 30 32 33 34 35 36 37 38 39 45 46 47 51 52 53
17 29 30 31 32 33 34 35 36 37 38 39 45 46 47 51 52 53
17 29 30 31 32 33 34 35 36 37 40 41 45 46 47 51 52 53
19 29 30 31 32 33 34 35 36 37 38 39 40 41 45 46 47 51 52 53
11 32 34 35 36 37 45 48 49 51 52 53
13 30 32 33 34 35 36 37 45 48 49 51 52 53
15 29 30 31 32 33 34 35 36 37 45 48 49 51 52 53
13 32 34 35 36 37 38 39 45 48 49 51 52 53
15 30 32 33 34 35 36 37 38 39 45 48 49 51 52 53
17 29 30 31 32 33 34 35 36 37 38 39 45 48 49 51 52 53
17 29 30 31 32 33 34 35 36 37 40 41 45 48 49 51 52 53
19 29 30 31 32 33 34 35 36 37 38 39 40 41 45 48 49 51 52 53
13 32 34 35 36 37 45 46 47 48 49 51 52 53
15 30 32 33 34 35 36 37 45 46 47 48 49 51 52 53
17 29 30 31 32 33 34 35 36 37 45 46 47 48 49 51 52 53
15 32 34 35 36 37 38 39 45 46 47 48 49 51 52 53
17 30 32 33 34 35 36 37 38 39 45 46 47 48 49 51 52 53
19 29 30 31 32 33 34 35 36 37 38 39 45 46 47 48 49 51 52 53
19 29 30 31 32 33 34 35 36 37 40 41 45 46 47 48 49 51 52 53
21 29 30 31 32 33 34 35 36 37 38 39 40 41 45 46 47 48 49 51 52 53
13 32 34 35 36 37 42 45 48 49 50 51 52 53
15 30 32 33 34 35 36 37 42 45 48 49 50 51 52 53
17 29 30 31 32 33 34 35 36 37 42 45 48 49 50 51 52 53
15 32 34 35 36 37 38 39 42 45 48 49 50 51 52 53
17 30 32 33 34 35 36 37 38 39 42 45 48 49 50 51 52 53
19 29 30 31 32 33 34 35 36 37 38 39 42 45 48 49 50 51 52 53
19 29 30 31 32 33 34 35 36 37 40 41 42 45 48 49 50 51 52 53
21 29 30 31 32 33 34 35 36 37 38 39 40 41 42 45 48 49 50 51 52 53
15 32 34 35 36 37 42 43 44 45 48 49 50 51 52 53
17 30 32 33 34 35 36 37 42 43 44 45 48 49 50 51 52 53
19 29 30 31 32 33 34 35 36 37 42 43 44 45 48 49 50 51 52 53
17 32 34 35 36 37 38 39 42 43 44 45 48 49 50 51 52 53
19 30 32 33 34 35 36 37 38 39 42 43 44 45 48 49 50 51 52 53
21 29 30 31 32 33 34 35 36 37 38 39 42 43 44 45 48 49 50 51 52 53
21 29 30 31 32 33 34 35 36 37 40 41 42 43 44 45 48 49 50 51 52 53
23 29 30 31 32 33 34 35 36 37 38 39 40 41 42 43 44 45 48 49 50 51 52 53
15 32 34 35 36 37 42 45 46 47 48 49 50 51 52 53
17 30 32 33 34 35 36 37 42 45 46 47 48 49 50 51 52 53
19 29 30 31 32 33 34 35 36 37 42 45 46 47 48 49 50 51 52 53
17 32 34 35 36 37 38 39 42 45 46 47 48 49 50 51 52 53
19 30 32 33 34 35 36 37 38 39 42 45 46 47 48 49 50 51 52 53
21 29 30 31 32 33 34 35 36 37 38 39 42 45 46 47 48 49 50 51 52 53
21 29 30 31 32 33 34 35 36 37 40 41 42 45 46 47 48 49 50 51 52 53
23 29 30 31 32 33 34 35 36 37 38 39 40 41 42 45 46 47 48 49 50 51 52 53
17 32 34 35 36 37 42 43 44 45 46 47 48 49 50 51 52 53
19 30 32 33 34 35 36 37 42 43 44 45 46 47 48 49 50 51 52 53
21 29 30 31 32 33 34 35 36 37 42 43 44 45 46 47 48 49 50 51 52 53
19 32 34 35 36 37 38 39 42 43 44 45 46 47 48 49 50 51 52 53
21 30 32 33 34 35 36 37 38 39 42 43 44 45 46 47 48 49 50 51 52 53
23 29 30 31 32 33 34 35 36 37 38 39 42 43 44 45 46 47 48 49 50 51 52 53
23 29 30 31 32 33 34 35 36 37 40 41 42 43 44 45 46 47 48 49 50 51 52 53
25 29 30 31 32 33 34 35 36 37 38 39 40 41 42 43 44 45 46 47 48 49 50 51 52 53
4 26 43 46 48
4 30 44 47 49
3 28 37 41
2 29 35
1 53
2 32 52
4 40 42 45 51
8 27 31 33 34 36 38 39 50
1 28
1 39
1 44
1 47
1 50
1 52
7 29 32 39 43 46 52 53
4 35 40 47 50
2 45 48
2 34 51
5 33 36 41 42 49
4 31 37 38 44
3 26 27 30
14 29 31 37 41 42 43 44 45 46 48 49 50 51 53
2 33 38
1 35
4 26 28 30 32
2 39 40
1 41
6 30 39 43 44 45 52
3 27 38 48
11 26 28 29 32 33 36 41 46 49 50 51
2 37 47
1 31
4 34 35 40 42
1 33
1 37
9 28 29 31 34 37 39 41 47 48
19 26 27 30 32 33 35 36 38 40 42 43 44 45 46 49 50 51 52 53
2 41 46
2 29 30
2 27 32
8 31 34 42 44 45 47 50 51
2 37 39
9 28 33 36 38 40 43 48 49 52
2 35 53
17 27 28 31 32 33 35 38 40 41 42 43 44 47 49 51 52 53
4 29 34 37 39
2 26 48
3 36 46 50
2 30 45
2 30 37
6 29 31 35 36 39 40
5 32 38 42 49 53
7 28 41 43 44 45 48 51
5 33 34 46 47 52
7 41 44 46 47 49 50 53
4 26 32 42 52
6 34 37 39 40 43 48
2 27 45
6 28 30 35 36 38 51
1 49
3 32 46 50
3 48 52 53
3 33 37 38
4 30 31 39 47
4 35 40 43 45
8 26 27 28 29 34 36 41 51
2 44 49
23 27 28 29 30 31 33 34 36 37 38 40 41 42 43 44 45 46 48 49 50 51 52 53
5 26 32 35 39 47
21 26 27 28 29 30 31 32 33 35 38 39 40 42 45 46 47 48 49 50 52 53
5 34 41 43 44 51
2 36 37
5 39 44 49 50 53
2 29 52
3 40 45 51
2 33 43
4 26 27 31 38
2 28 41
9 30 34 35 36 37 42 46 47 48
1 54
1 55
1 56
1 57
1 58
3 57 58 59
1 60
1 61
3 60 61 62
1 63
3 57 63 64
5 57 58 59 63 64
1 65
3 63 65 66
5 57 63 64 65 66
7 57 58 59 63 64 65 66
1 67
3 65 67 68
5 63 65 66 67 68
7 57 63 64 65 66 67 68
9 57 58 59 63 64 65 66 67 68
1 69
1 70
3 69 70 71
3 63 68 70
4 54 59 66 67
1 71
8 55 57 58 60 61 62 64 69
1 62
1 68
3 60 63 66
3 54 57 59
2 58 64
4 55 65 67 71
2 62 70
1 59
1 66
18 54 55 56 57 58 59 60 61 62 63 64 65 66 67 68 69 70 71
2 67 69
4 58 61 62 63
2 55 68
3 57 64 65
3 54 59 70
8 54 56 60 62 65 67 69 71
4 55 61 63 68
5 57 58 59 64 66
7 56 57 58 63 68 69 71
4 59 61 62 64
2 65 70
2 54 55
7 55 56 62 64 65 66 70
8 54 58 60 61 63 67 68 69
1 64
6 55 60 61 63 67 71
10 56 57 58 59 62 65 66 68 69 70
2 64 70
5 54 56 57 59 61
3 55 58 66
7 60 62 63 65 68 69 71
11 54 56 57 58 59 60 62 63 65 66 70
6 55 61 64 67 68 71
12 55 56 57 58 60 61 63 64 66 67 68 71
7 54 57 63 65 66 68 69
11 55 56 58 59 60 61 62 64 67 70 71
8 57 61 62 63 64 68 69 71
10 54 55 56 58 59 60 65 66 67 70
2 56 62
5 60 63 68 69 70
2 61 64
2 54 67
6 55 57 58 59 65 71
5 54 58 61 65 71
9 59 62 63 64 66 67 68 69 70
4 55 56 57 60
5 55 56 61 64 66
3 62 63 71
2 57 59
3 67 69 70
4 54 58 60 65
1 72
1 73
1 74
1 75
1 76
1 77
3 76 77 78
1 79
1 80
3 79 80 81
1 82
3 80 82 83
5 79 80 81 82 83
1 84
3 79 84 85
5 79 80 81 84 85
7 79 80 81 82 83 84 85
1 86
3 84 86 87
5 79 84 85 86 87
7 79 80 81 84 85 86 87
9 79 80 81 82 83 84 85 86 87
1 88
3 86 88 89
5 84 86 87 88 89
7 79 84 85 86 87 88 89
9 79 80 81 84 85 86 87 88 89
11 79 80 81 82 83 84 85 86 87 88 89
1 90
3 82 90 91
5 80 82 83 90 91
7 79 80 81 82 83 90 91
9 79 80 81 82 83 84 85 90 91
11 79 80 81 82 83 84 85 86 87 90 91
13 79 80 81 82 83 84 85 86 87 88 89 90 91
1 89
2 75 77
2 79 86
5 73 82 84 85 88
5 72 74 76 78 83
3 81 87 91
1 78
1 83
1 91
20 72 73 74 75 76 77 78 79 80 81 82 83 84 85 86 87 88 89 90 91
1 85
5 78 80 84 85 87
14 72 74 75 76 77 79 81 82 83 86 88 89 90 91
3 79 83 88
5 81 85 89 90 91
5 78 80 82 86 87
3 73 74 75
4 72 76 77 84
1 81
1 87
13 74 75 77 78 79 82 83 84 85 87 88 90 91
4 72 73 80 89
2 76 81
10 72 73 74 75 79 84 85 86 87 90
8 76 77 78 81 82 83 88 91
7 72 78 84 85 87 88 91
2 76 77
11 73 74 75 79 80 81 82 83 86 89 90
2 77 88
7 73 74 78 80 82 83 86
2 81 90
5 72 75 87 89 91
2 79 85
2 76 84
2 77 86
3 72 89 91
2 85 88
4 74 76 82 87
8 73 75 78 79 80 83 84 90
1 92
1 93
1 94
3 93 94 95
1 96
1 97
3 96 97 98
1 99
1 100
3 99 100 101
1 102
3 93 102 103
5 93 94 95 102 103
3 97 102 104
5 96 97 98 102 104
5 93 97 102 103 104
7 93 94 95 97 102 103 104
7 93 96 97 98 102 103 104
9 93 94 95 96 97 98 102 103 104
1 105
1 106
3 105 106 107
1 108
3 100 108 109
5 99 100 101 108 109
11 92 95 96 97 99 102 103 105 106 108 109
2 93 104
3 94 98 101
2 100 107
1 95
1 98
1 103
1 104
2 92 97
2 105 108
2 100 106
2 96 102
4 99 104 107 109
6 93 94 95 98 101 103
1 101
1 109
3 93 96 109
2 104 106
1 107
2 98 102
2 100 103
5 92 95 99 101 105
2 94 108
2 92 109
10 96 97 100 101 102 103 104 105 106 108
6 93 94 95 98 99 107
3 94 104 105
6 93 96 97 99 103 107
2 98 101
6 92 100 102 106 108 109
3 97 101 108
4 94 99 105 106
5 98 100 102 107 109
4 92 93 96 103
2 95 104
4 95 96 100 102
4 98 101 106 109
3 93 103 104
4 92 97 105 107
8 93 98 100 102 103 106 107 108
3 94 96 105
7 92 95 97 99 101 104 109
3 101 102 103
2 97 105
4 98 104 107 109
2 93 94
3 100 106 108
2 92 96
18 92 93 94 95 96 97 98 99 100 101 102 103 104 105 106 107 108 109
5 93 94 97 102 106
4 96 98 99 104
4 100 103 108 109
2 92 101
4 98 100 107 109
3 96 101 105
8 92 95 97 102 103 104 106 108
1 110
1 111
1 112
1 113
1 114
1 115
1 116
1 117
3 116 117 118
1 119
1 120
3 119 120 121
1 122
1 123
3 122 123 124
2 112 116
2 118 121
5 114 117 120 122 124
6 110 111 113 115 119 123
1 121
1 124
4 111 114 120 124
4 110 115 119 123
2 116 118
3 113 117 122
1 118
7 110 113 114 115 118 120 121
2 119 124
6 111 112 116 117 122 123
3 110 117 124
5 111 116 120 122 123
3 114 118 119
2 117 123
5 110 111 113 120 122
2 114 121
2 118 119
4 112 115 116 124
15 110 111 112 113 114 115 116 117 118 119 120 121 122 123 124
9 110 111 113 114 117 118 119 120 121
6 112 115 116 122 123 124
4 110 111 114 116
3 112 121 122
3 117 119 124
3 113 120 123
2 115 120
6 111 112 113 114 119 121
4 116 118 122 124
1 125
1 126
1 127
1 128
1 129
1 130
1 131
1 132
1 133
1 134
3 133 134 135
1 136
1 137
3 136 137 138
1 139
1 140
3 139 140 141
1 142
3 140 142 143
5 139 140 141 142 143
1 144
3 134 144 145
5 133 134 135 144 145
1 146
3 144 146 147
5 134 144 145 146 147
7 133 134 135 144 145 146 147
1 148
1 149
3 148 149 150
1 151
1 152
3 151 152 153
1 154
1 155
3 154 155 156
22 126 128 129 130 131 132 137 138 139 141 142 144 145 146 147 148 149 152 153 154 155 156
10 125 127 133 134 135 136 140 143 150 151
1 138
1 143
1 150
1 156
4 129 135 143 155
16 125 126 127 128 130 132 134 136 137 138 139 140 145 147 149 156
5 133 141 142 144 152
7 131 146 148 150 151 153 154
1 135
1 145
1 147
1 153
3 133 146 154
13 125 126 127 129 130 132 134 135 141 142 143 148 155
16 128 131 136 137 138 139 140 144 145 147 149 150 151 152 153 156
2 130 143
5 126 133 135 136 140
10 129 131 138 142 146 149 150 151 153 154
9 127 128 132 134 137 139 148 152 156
5 125 141 145 147 155
1 141
8 126 127 128 136 140 146 147 154
6 129 131 138 142 145 148
16 125 130 132 133 134 135 137 139 141 143 149 150 152 153 155 156
2 144 151
9 126 132 136 139 141 143 145 152 154
2 146 155
14 125 127 129 131 134 140 142 144 147 148 149 150 151 156
2 128 137
3 130 135 138
2 137 149
6 128 133 146 150 152 155
4 135 141 147 154
7 125 131 139 140 142 144 153
7 132 136 138 143 145 151 156
2 127 129
3 126 130 134
3 131 137 141
5 134 138 140 145 154
3 127 139 155
11 126 130 133 142 143 144 146 147 148 149 156
8 129 132 135 136 150 151 152 153
10 125 126 128 131 134 140 141 142 144 146
4 127 138 145 148
7 133 136 149 150 153 154 155
3 135 139 152
4 130 132 143 147
4 140 141 143 145
6 131 137 146 149 153 155
6 126 128 133 138 150 156
11 129 132 134 135 139 142 144 147 148 151 152
4 125 127 130 154
32 125 126 127 128 129 130 131 132 133 134 135 136 137 138 139 140 141 142 143 144 145 146 147 148 149 150 151 152 153 154 155 156
2 127 143
2 130 146
7 126 128 133 136 137 142 153
2 132 150
2 129 135
2 147 156
6 131 140 145 151 152 154
3 134 138 144
4 139 148 149 155
19 126 128 129 130 133 134 136 137 139 140 142 144 147 148 149 150 152 154 155
5 125 135 138 146 153
8 127 131 132 141 143 145 151 156
