169 1113
1 1
1 2
1 3
1 4
3 3 4 5
1 6
3 4 6 7
5 3 4 5 6 7
1 8
1 9
3 8 9 10
1 11
1 12
3 11 12 13
1 14
1 15
3 14 15 16
3 4 15 17
5 3 4 5 15 17
5 4 6 7 15 17
7 3 4 5 6 7 15 17
5 4 14 15 16 17
7 3 4 5 14 15 16 17
7 4 6 7 14 15 16 17
9 3 4 5 6 7 14 15 16 17
3 11 15 18
5 11 12 13 15 18
5 11 14 15 16 18
7 11 12 13 14 15 16 18
5 4 11 15 17 18
7 3 4 5 11 15 17 18
7 4 6 7 11 15 17 18
9 3 4 5 6 7 11 15 17 18
7 4 11 12 13 15 17 18
9 3 4 5 11 12 13 15 17 18
9 4 6 7 11 12 13 15 17 18
11 3 4 5 6 7 11 12 13 15 17 18
7 4 11 14 15 16 17 18
9 3 4 5 11 14 15 16 17 18
9 4 6 7 11 14 15 16 17 18
11 3 4 5 6 7 11 14 15 16 17 18
9 4 11 12 13 14 15 16 17 18
11 3 4 5 11 12 13 14 15 16 17 18
11 4 6 7 11 12 13 14 15 16 17 18
13 3 4 5 6 7 11 12 13 14 15 16 17 18
1 19
3 14 19 20
5 14 15 16 19 20
7 4 14 15 16 17 19 20
9 3 4 5 14 15 16 17 19 20
9 4 6 7 14 15 16 17 19 20
11 3 4 5 6 7 14 15 16 17 19 20
7 11 14 15 16 18 19 20
9 11 12 13 14 15 16 18 19 20
9 4 11 14 15 16 17 18 19 20
11 3 4 5 11 14 15 16 17 18 19 20
11 4 6 7 11 14 15 16 17 18 19 20
13 3 4 5 6 7 11 14 15 16 17 18 19 20
11 4 11 12 13 14 15 16 17 18 19 20
13 3 4 5 11 12 13 14 15 16 17 18 19 20
13 4 6 7 11 12 13 14 15 16 17 18 19 20
15 3 4 5 6 7 11 12 13 14 15 16 17 18 19 20
3 9 19 21
5 8 9 10 19 21
5 9 14 19 20 21
7 8 9 10 14 19 20 21
7 9 14 15 16 19 20 21
9 8 9 10 14 15 16 19 20 21
6 1 3 8 10 12 14
3 7 13 21
2 16 17
10 2 4 5 6 9 11 15 18 19 20
1 7
1 10
1 17
1 21
3 9 14 21
2 7 11
16 1 2 3 4 5 6 8 10 12 13 15 16 17 18 19 20
1 13
1 16
1 18
1 20
17 1 2 3 5 6 7 8 9 10 11 12 13 14 16 17 19 20
4 4 15 18 21
1 5
5 3 4 5 10 11
2 12 14
2 1 19
7 2 6 7 13 15 18 21
5 2 5 10 19 21
4 9 12 14 20
4 3 4 7 16
5 8 11 13 15 17
2 1 18
2 4 6
3 3 17 21
3 2 15 19
4 11 12 16 20
6 1 5 7 8 10 13
2 9 14
3 9 11 14
13 1 2 3 4 5 7 10 12 13 15 17 18 21
3 6 16 20
2 12 19
2 9 10
2 13 14
3 4 8 18
9 1 2 3 6 7 11 15 17 20
19 1 2 3 4 5 6 7 8 9 11 12 13 14 15 17 18 19 20 21
2 10 16
1 22
1 23
3 22 23 24
1 25
1 26
3 25 26 27
1 28
3 26 28 29
5 25 26 27 28 29
1 30
3 23 30 31
5 22 23 24 30 31
1 32
3 30 32 33
5 23 30 31 32 33
7 22 23 24 30 31 32 33
1 34
3 23 34 35
5 22 23 24 34 35
5 23 30 31 34 35
7 22 23 24 30 31 34 35
7 23 30 31 32 33 34 35
9 22 23 24 30 31 32 33 34 35
3 26 34 36
5 25 26 27 34 36
5 26 28 29 34 36
7 25 26 27 28 29 34 36
5 23 26 34 35 36
7 22 23 24 26 34 35 36
7 23 25 26 27 34 35 36
9 22 23 24 25 26 27 34 35 36
7 23 26 28 29 34 35 36
9 22 23 24 26 28 29 34 35 36
9 23 25 26 27 28 29 34 35 36
11 22 23 24 25 26 27 28 29 34 35 36
7 23 26 30 31 34 35 36
9 22 23 24 26 30 31 34 35 36
9 23 25 26 27 30 31 34 35 36
11 22 23 24 25 26 27 30 31 34 35 36
9 23 26 28 29 30 31 34 35 36
11 22 23 24 26 28 29 30 31 34 35 36
11 23 25 26 27 28 29 30 31 34 35 36
13 22 23 24 25 26 27 28 29 30 31 34 35 36
1 37
3 25 37 38
5 25 26 27 37 38
7 25 26 27 28 29 37 38
7 25 26 27 34 36 37 38
9 25 26 27 28 29 34 36 37 38
9 23 25 26 27 34 35 36 37 38
11 22 23 24 25 26 27 34 35 36 37 38
11 23 25 26 27 28 29 34 35 36 37 38
13 22 23 24 25 26 27 28 29 34 35 36 37 38
11 23 25 26 27 30 31 34 35 36 37 38
13 22 23 24 25 26 27 30 31 34 35 36 37 38
13 23 25 26 27 28 29 30 31 34 35 36 37 38
15 22 23 24 25 26 27 28 29 30 31 34 35 36 37 38
1 39
1 40
3 39 40 41
1 42
3 34 42 43
5 23 34 35 42 43
7 22 23 24 34 35 42 43
7 23 30 31 34 35 42 43
9 22 23 24 30 31 34 35 42 43
9 23 30 31 32 33 34 35 42 43
11 22 23 24 30 31 32 33 34 35 42 43
5 26 34 36 42 43
7 25 26 27 34 36 42 43
7 26 28 29 34 36 42 43
9 25 26 27 28 29 34 36 42 43
7 23 26 34 35 36 42 43
9 22 23 24 26 34 35 36 42 43
9 23 25 26 27 34 35 36 42 43
11 22 23 24 25 26 27 34 35 36 42 43
9 23 26 28 29 34 35 36 42 43
11 22 23 24 26 28 29 34 35 36 42 43
11 23 25 26 27 28 29 34 35 36 42 43
13 22 23 24 25 26 27 28 29 34 35 36 42 43
9 23 26 30 31 34 35 36 42 43
11 22 23 24 26 30 31 34 35 36 42 43
11 23 25 26 27 30 31 34 35 36 42 43
13 22 23 24 25 26 27 30 31 34 35 36 42 43
11 23 26 28 29 30 31 34 35 36 42 43
13 22 23 24 26 28 29 30 31 34 35 36 42 43
13 23 25 26 27 28 29 30 31 34 35 36 42 43
15 22 23 24 25 26 27 28 29 30 31 34 35 36 42 43
9 25 26 27 34 36 37 38 42 43
11 25 26 27 28 29 34 36 37 38 42 43
11 23 25 26 27 34 35 36 37 38 42 43
13 22 23 24 25 26 27 34 35 36 37 38 42 43
13 23 25 26 27 28 29 34 35 36 37 38 42 43
15 22 23 24 25 26 27 28 29 34 35 36 37 38 42 43
13 23 25 26 27 30 31 34 35 36 37 38 42 43
15 22 23 24 25 26 27 30 31 34 35 36 37 38 42 43
15 23 25 26 27 28 29 30 31 34 35 36 37 38 42 43
17 22 23 24 25 26 27 28 29 30 31 34 35 36 37 38 42 43
1 44
1 45
3 44 45 46
3 40 45 47
5 39 40 41 45 47
5 40 44 45 46 47
7 39 40 41 44 45 46 47
3 42 45 48
5 34 42 43 45 48
7 23 34 35 42 43 45 48
9 22 23 24 34 35 42 43 45 48
9 23 30 31 34 35 42 43 45 48
11 22 23 24 30 31 34 35 42 43 45 48
11 23 30 31 32 33 34 35 42 43 45 48
13 22 23 24 30 31 32 33 34 35 42 43 45 48
7 26 34 36 42 43 45 48
9 25 26 27 34 36 42 43 45 48
9 26 28 29 34 36 42 43 45 48
11 25 26 27 28 29 34 36 42 43 45 48
9 23 26 34 35 36 42 43 45 48
11 22 23 24 26 34 35 36 42 43 45 48
11 23 25 26 27 34 35 36 42 43 45 48
13 22 23 24 25 26 27 34 35 36 42 43 45 48
11 23 26 28 29 34 35 36 42 43 45 48
13 22 23 24 26 28 29 34 35 36 42 43 45 48
13 23 25 26 27 28 29 34 35 36 42 43 45 48
15 22 23 24 25 26 27 28 29 34 35 36 42 43 45 48
11 23 26 30 31 34 35 36 42 43 45 48
13 22 23 24 26 30 31 34 35 36 42 43 45 48
13 23 25 26 27 30 31 34 35 36 42 43 45 48
15 22 23 24 25 26 27 30 31 34 35 36 42 43 45 48
13 23 26 28 29 30 31 34 35 36 42 43 45 48
15 22 23 24 26 28 29 30 31 34 35 36 42 43 45 48
15 23 25 26 27 28 29 30 31 34 35 36 42 43 45 48
17 22 23 24 25 26 27 28 29 30 31 34 35 36 42 43 45 48
11 25 26 27 34 36 37 38 42 43 45 48
13 25 26 27 28 29 34 36 37 38 42 43 45 48
13 23 25 26 27 34 35 36 37 38 42 43 45 48
15 22 23 24 25 26 27 34 35 36 37 38 42 43 45 48
15 23 25 26 27 28 29 34 35 36 37 38 42 43 45 48
17 22 23 24 25 26 27 28 29 34 35 36 37 38 42 43 45 48
15 23 25 26 27 30 31 34 35 36 37 38 42 43 45 48
17 22 23 24 25 26 27 30 31 34 35 36 37 38 42 43 45 48
17 23 25 26 27 28 29 30 31 34 35 36 37 38 42 43 45 48
19 22 23 24 25 26 27 28 29 30 31 34 35 36 37 38 42 43 45 48
5 42 44 45 46 48
7 34 42 43 44 45 46 48
9 23 34 35 42 43 44 45 46 48
11 22 23 24 34 35 42 43 44 45 46 48
11 23 30 31 34 35 42 43 44 45 46 48
13 22 23 24 30 31 34 35 42 43 44 45 46 48
13 23 30 31 32 33 34 35 42 43 44 45 46 48
15 22 23 24 30 31 32 33 34 35 42 43 44 45 46 48
9 26 34 36 42 43 44 45 46 48
11 25 26 27 34 36 42 43 44 45 46 48
11 26 28 29 34 36 42 43 44 45 46 48
13 25 26 27 28 29 34 36 42 43 44 45 46 48
11 23 26 34 35 36 42 43 44 45 46 48
13 22 23 24 26 34 35 36 42 43 44 45 46 48
13 23 25 26 27 34 35 36 42 43 44 45 46 48
15 22 23 24 25 26 27 34 35 36 42 43 44 45 46 48
13 23 26 28 29 34 35 36 42 43 44 45 46 48
15 22 23 24 26 28 29 34 35 36 42 43 44 45 46 48
15 23 25 26 27 28 29 34 35 36 42 43 44 45 46 48
17 22 23 24 25 26 27 28 29 34 35 36 42 43 44 45 46 48
13 23 26 30 31 34 35 36 42 43 44 45 46 48
15 22 23 24 26 30 31 34 35 36 42 43 44 45 46 48
15 23 25 26 27 30 31 34 35 36 42 43 44 45 46 48
17 22 23 24 25 26 27 30 31 34 35 36 42 43 44 45 46 48
15 23 26 28 29 30 31 34 35 36 42 43 44 45 46 48
17 22 23 24 26 28 29 30 31 34 35 36 42 43 44 45 46 48
17 23 25 26 27 28 29 30 31 34 35 36 42 43 44 45 46 48
19 22 23 24 25 26 27 28 29 30 31 34 35 36 42 43 44 45 46 48
13 25 26 27 34 36 37 38 42 43 44 45 46 48
15 25 26 27 28 29 34 36 37 38 42 43 44 45 46 48
15 23 25 26 27 34 35 36 37 38 42 43 44 45 46 48
17 22 23 24 25 26 27 34 35 36 37 38 42 43 44 45 46 48
17 23 25 26 27 28 29 34 35 36 37 38 42 43 44 45 46 48
19 22 23 24 25 26 27 28 29 34 35 36 37 38 42 43 44 45 46 48
17 23 25 26 27 30 31 34 35 36 37 38 42 43 44 45 46 48
19 22 23 24 25 26 27 30 31 34 35 36 37 38 42 43 44 45 46 48
19 23 25 26 27 28 29 30 31 34 35 36 37 38 42 43 44 45 46 48
21 22 23 24 25 26 27 28 29 30 31 34 35 36 37 38 42 43 44 45 46 48
5 40 42 45 47 48
7 39 40 41 42 45 47 48
7 34 40 42 43 45 47 48
9 23 34 35 40 42 43 45 47 48
11 22 23 24 34 35 40 42 43 45 47 48
11 23 30 31 34 35 40 42 43 45 47 48
13 22 23 24 30 31 34 35 40 42 43 45 47 48
13 23 30 31 32 33 34 35 40 42 43 45 47 48
15 22 23 24 30 31 32 33 34 35 40 42 43 45 47 48
9 26 34 36 40 42 43 45 47 48
11 25 26 27 34 36 40 42 43 45 47 48
11 26 28 29 34 36 40 42 43 45 47 48
13 25 26 27 28 29 34 36 40 42 43 45 47 48
11 23 26 34 35 36 40 42 43 45 47 48
13 22 23 24 26 34 35 36 40 42 43 45 47 48
13 23 25 26 27 34 35 36 40 42 43 45 47 48
15 22 23 24 25 26 27 34 35 36 40 42 43 45 47 48
13 23 26 28 29 34 35 36 40 42 43 45 47 48
15 22 23 24 26 28 29 34 35 36 40 42 43 45 47 48
15 23 25 26 27 28 29 34 35 36 40 42 43 45 47 48
17 22 23 24 25 26 27 28 29 34 35 36 40 42 43 45 47 48
13 23 26 30 31 34 35 36 40 42 43 45 47 48
15 22 23 24 26 30 31 34 35 36 40 42 43 45 47 48
15 23 25 26 27 30 31 34 35 36 40 42 43 45 47 48
17 22 23 24 25 26 27 30 31 34 35 36 40 42 43 45 47 48
15 23 26 28 29 30 31 34 35 36 40 42 43 45 47 48
17 22 23 24 26 28 29 30 31 34 35 36 40 42 43 45 47 48
17 23 25 26 27 28 29 30 31 34 35 36 40 42 43 45 47 48
19 22 23 24 25 26 27 28 29 30 31 34 35 36 40 42 43 45 47 48
13 25 26 27 34 36 37 38 40 42 43 45 47 48
15 25 26 27 28 29 34 36 37 38 40 42 43 45 47 48
15 23 25 26 27 34 35 36 37 38 40 42 43 45 47 48
17 22 23 24 25 26 27 34 35 36 37 38 40 42 43 45 47 48
17 23 25 26 27 28 29 34 35 36 37 38 40 42 43 45 47 48
19 22 23 24 25 26 27 28 29 34 35 36 37 38 40 42 43 45 47 48
17 23 25 26 27 30 31 34 35 36 37 38 40 42 43 45 47 48
19 22 23 24 25 26 27 30 31 34 35 36 37 38 40 42 43 45 47 48
19 23 25 26 27 28 29 30 31 34 35 36 37 38 40 42 43 45 47 48
21 22 23 24 25 26 27 28 29 30 31 34 35 36 37 38 40 42 43 45 47 48
9 34 39 40 41 42 43 45 47 48
11 23 34 35 39 40 41 42 43 45 47 48
13 22 23 24 34 35 39 40 41 42 43 45 47 48
13 23 30 31 34 35 39 40 41 42 43 45 47 48
15 22 23 24 30 31 34 35 39 40 41 42 43 45 47 48
15 23 30 31 32 33 34 35 39 40 41 42 43 45 47 48
17 22 23 24 30 31 32 33 34 35 39 40 41 42 43 45 47 48
11 26 34 36 39 40 41 42 43 45 47 48
13 25 26 27 34 36 39 40 41 42 43 45 47 48
13 26 28 29 34 36 39 40 41 42 43 45 47 48
15 25 26 27 28 29 34 36 39 40 41 42 43 45 47 48
13 23 26 34 35 36 39 40 41 42 43 45 47 48
15 22 23 24 26 34 35 36 39 40 41 42 43 45 47 48
15 23 25 26 27 34 35 36 39 40 41 42 43 45 47 48
17 22 23 24 25 26 27 34 35 36 39 40 41 42 43 45 47 48
15 23 26 28 29 34 35 36 39 40 41 42 43 45 47 48
17 22 23 24 26 28 29 34 35 36 39 40 41 42 43 45 47 48
17 23 25 26 27 28 29 34 35 36 39 40 41 42 43 45 47 48
19 22 23 24 25 26 27 28 29 34 35 36 39 40 41 42 43 45 47 48
15 23 26 30 31 34 35 36 39 40 41 42 43 45 47 48
17 22 23 24 26 30 31 34 35 36 39 40 41 42 43 45 47 48
17 23 25 26 27 30 31 34 35 36 39 40 41 42 43 45 47 48
19 22 23 24 25 26 27 30 31 34 35 36 39 40 41 42 43 45 47 48
17 23 26 28 29 30 31 34 35 36 39 40 41 42 43 45 47 48
19 22 23 24 26 28 29 30 31 34 35 36 39 40 41 42 43 45 47 48
19 23 25 26 27 28 29 30 31 34 35 36 39 40 41 42 43 45 47 48
21 22 23 24 25 26 27 28 29 30 31 34 35 36 39 40 41 42 43 45 47 48
15 25 26 27 34 36 37 38 39 40 41 42 43 45 47 48
17 25 26 27 28 29 34 36 37 38 39 40 41 42 43 45 47 48
17 23 25 26 27 34 35 36 37 38 39 40 41 42 43 45 47 48
19 22 23 24 25 26 27 34 35 36 37 38 39 40 41 42 43 45 47 48
19 23 25 26 27 28 29 34 35 36 37 38 39 40 41 42 43 45 47 48
21 22 23 24 25 26 27 28 29 34 35 36 37 38 39 40 41 42 43 45 47 48
19 23 25 26 27 30 31 34 35 36 37 38 39 40 41 42 43 45 47 48
21 22 23 24 25 26 27 30 31 34 35 36 37 38 39 40 41 42 43 45 47 48
21 23 25 26 27 28 29 30 31 34 35 36 37 38 39 40 41 42 43 45 47 48
23 22 23 24 25 26 27 28 29 30 31 34 35 36 37 38 39 40 41 42 43 45 47 48
7 40 42 44 45 46 47 48
9 39 40 41 42 44 45 46 47 48
9 34 40 42 43 44 45 46 47 48
11 23 34 35 40 42 43 44 45 46 47 48
13 22 23 24 34 35 40 42 43 44 45 46 47 48
13 23 30 31 34 35 40 42 43 44 45 46 47 48
15 22 23 24 30 31 34 35 40 42 43 44 45 46 47 48
15 23 30 31 32 33 34 35 40 42 43 44 45 46 47 48
17 22 23 24 30 31 32 33 34 35 40 42 43 44 45 46 47 48
11 26 34 36 40 42 43 44 45 46 47 48
13 25 26 27 34 36 40 42 43 44 45 46 47 48
13 26 28 29 34 36 40 42 43 44 45 46 47 48
15 25 26 27 28 29 34 36 40 42 43 44 45 46 47 48
13 23 26 34 35 36 40 42 43 44 45 46 47 48
15 22 23 24 26 34 35 36 40 42 43 44 45 46 47 48
15 23 25 26 27 34 35 36 40 42 43 44 45 46 47 48
17 22 23 24 25 26 27 34 35 36 40 42 43 44 45 46 47 48
15 23 26 28 29 34 35 36 40 42 43 44 45 46 47 48
17 22 23 24 26 28 29 34 35 36 40 42 43 44 45 46 47 48
17 23 25 26 27 28 29 34 35 36 40 42 43 44 45 46 47 48
19 22 23 24 25 26 27 28 29 34 35 36 40 42 43 44 45 46 47 48
15 23 26 30 31 34 35 36 40 42 43 44 45 46 47 48
17 22 23 24 26 30 31 34 35 36 40 42 43 44 45 46 47 48
17 23 25 26 27 30 31 34 35 36 40 42 43 44 45 46 47 48
19 22 23 24 25 26 27 30 31 34 35 36 40 42 43 44 45 46 47 48
17 23 26 28 29 30 31 34 35 36 40 42 43 44 45 46 47 48
19 22 23 24 26 28 29 30 31 34 35 36 40 42 43 44 45 46 47 48
19 23 25 26 27 28 29 30 31 34 35 36 40 42 43 44 45 46 47 48
21 22 23 24 25 26 27 28 29 30 31 34 35 36 40 42 43 44 45 46 47 48
15 25 26 27 34 36 37 38 40 42 43 44 45 46 47 48
17 25 26 27 28 29 34 36 37 38 40 42 43 44 45 46 47 48
17 23 25 26 27 34 35 36 37 38 40 42 43 44 45 46 47 48
19 22 23 24 25 26 27 34 35 36 37 38 40 42 43 44 45 46 47 48
19 23 25 26 27 28 29 34 35 36 37 38 40 42 43 44 45 46 47 48
21 22 23 24 25 26 27 28 29 34 35 36 37 38 40 42 43 44 45 46 47 48
19 23 25 26 27 30 31 34 35 36 37 38 40 42 43 44 45 46 47 48
21 22 23 24 25 26 27 30 31 34 35 36 37 38 40 42 43 44 45 46 47 48
21 23 25 26 27 28 29 30 31 34 35 36 37 38 40 42 43 44 45 46 47 48
23 22 23 24 25 26 27 28 29 30 31 34 35 36 37 38 40 42 43 44 45 46 47 48
11 34 39 40 41 42 43 44 45 46 47 48
13 23 34 35 39 40 41 42 43 44 45 46 47 48
15 22 23 24 34 35 39 40 41 42 43 44 45 46 47 48
15 23 30 31 34 35 39 40 41 42 43 44 45 46 47 48
17 22 23 24 30 31 34 35 39 40 41 42 43 44 45 46 47 48
17 23 30 31 32 33 34 35 39 40 41 42 43 44 45 46 47 48
19 22 23 24 30 31 32 33 34 35 39 40 41 42 43 44 45 46 47 48
13 26 34 36 39 40 41 42 43 44 45 46 47 48
15 25 26 27 34 36 39 40 41 42 43 44 45 46 47 48
15 26 28 29 34 36 39 40 41 42 43 44 45 46 47 48
17 25 26 27 28 29 34 36 39 40 41 42 43 44 45 46 47 48
15 23 26 34 35 36 39 40 41 42 43 44 45 46 47 48
17 22 23 24 26 34 35 36 39 40 41 42 43 44 45 46 47 48
17 23 25 26 27 34 35 36 39 40 41 42 43 44 45 46 47 48
19 22 23 24 25 26 27 34 35 36 39 40 41 42 43 44 45 46 47 48
17 23 26 28 29 34 35 36 39 40 41 42 43 44 45 46 47 48
19 22 23 24 26 28 29 34 35 36 39 40 41 42 43 44 45 46 47 48
19 23 25 26 27 28 29 34 35 36 39 40 41 42 43 44 45 46 47 48
21 22 23 24 25 26 27 28 29 34 35 36 39 40 41 42 43 44 45 46 47 48
17 23 26 30 31 34 35 36 39 40 41 42 43 44 45 46 47 48
19 22 23 24 26 30 31 34 35 36 39 40 41 42 43 44 45 46 47 48
19 23 25 26 27 30 31 34 35 36 39 40 41 42 43 44 45 46 47 48
21 22 23 24 25 26 27 30 31 34 35 36 39 40 41 42 43 44 45 46 47 48
19 23 26 28 29 30 31 34 35 36 39 40 41 42 43 44 45 46 47 48
21 22 23 24 26 28 29 30 31 34 35 36 39 40 41 42 43 44 45 46 47 48
21 23 25 26 27 28 29 30 31 34 35 36 39 40 41 42 43 44 45 46 47 48
23 22 23 24 25 26 27 28 29 30 31 34 35 36 39 40 41 42 43 44 45 46 47 48
17 25 26 27 34 36 37 38 39 40 41 42 43 44 45 46 47 48
19 25 26 27 28 29 34 36 37 38 39 40 41 42 43 44 45 46 47 48
19 23 25 26 27 34 35 36 37 38 39 40 41 42 43 44 45 46 47 48
21 22 23 24 25 26 27 34 35 36 37 38 39 40 41 42 43 44 45 46 47 48
21 23 25 26 27 28 29 34 35 36 37 38 39 40 41 42 43 44 45 46 47 48
23 22 23 24 25 26 27 28 29 34 35 36 37 38 39 40 41 42 43 44 45 46 47 48
21 23 25 26 27 30 31 34 35 36 37 38 39 40 41 42 43 44 45 46 47 48
23 22 23 24 25 26 27 30 31 34 35 36 37 38 39 40 41 42 43 44 45 46 47 48
23 23 25 26 27 28 29 30 31 34 35 36 37 38 39 40 41 42 43 44 45 46 47 48
25 22 23 24 25 26 27 28 29 30 31 34 35 36 37 38 39 40 41 42 43 44 45 46 47 48
3 26 39 42
1 35
6 24 28 31 33 44 48
4 22 37 38 41
12 23 27 29 30 32 34 36 40 43 45 46 47
1 24
1 29
1 31
1 33
1 38
1 41
1 48
3 29 41 45
2 27 39
3 31 38 48
1 46
3 24 28 42
6 26 32 33 37 40 44
1 36
4 25 30 43 47
1 27
1 47
7 23 30 35 40 43 44 47
5 25 26 31 34 46
10 22 24 28 29 33 36 39 41 42 48
4 27 32 38 45
1 49
1 50
1 51
1 52
1 53
1 54
3 53 54 55
1 56
3 54 56 57
5 53 54 55 56 57
1 58
1 59
3 58 59 60
1 61
3 56 61 62
5 54 56 57 61 62
7 53 54 55 56 57 61 62
1 63
1 64
3 63 64 65
1 66
3 64 66 67
5 63 64 65 66 67
1 68
1 69
3 68 69 70
1 71
1 72
3 71 72 73
3 63 72 74
5 63 64 65 72 74
7 63 64 65 66 67 72 74
5 63 71 72 73 74
7 63 64 65 71 72 73 74
9 63 64 65 66 67 71 72 73 74
1 75
3 71 75 76
5 71 72 73 75 76
7 63 71 72 73 74 75 76
9 63 64 65 71 72 73 74 75 76
11 63 64 65 66 67 71 72 73 74 75 76
1 57
2 52 58
5 49 50 61 64 75
1 55
4 59 65 71 72
9 54 60 62 63 67 68 70 73 74
2 56 76
1 67
1 70
1 73
1 74
1 76
2 58 66
5 53 57 65 70 73
3 51 74 75
3 52 63 67
4 49 50 60 76
2 62 68
2 55 72
3 56 69 71
2 54 59
1 62
8 52 55 61 64 69 73 74 76
3 57 58 67
10 49 51 53 56 62 63 66 68 70 72
3 50 54 71
2 60 75
1 65
1 60
4 50 55 73 76
2 61 71
2 64 67
2 49 63
4 51 54 69 72
2 59 74
6 56 58 60 65 70 75
3 57 62 66
2 67 74
6 49 58 59 66 72 75
2 56 69
5 51 54 63 65 71
4 55 57 61 73
4 50 52 60 70
6 52 53 59 67 71 76
6 51 58 62 66 72 73
3 63 64 70
2 56 57
2 50 61
3 54 55 68
3 60 65 74
2 74 75
8 51 52 55 56 58 59 61 67
3 50 65 76
4 57 60 70 72
2 53 69
7 49 54 62 63 68 71 73
28 49 50 51 52 53 54 55 56 57 58 59 60 61 62 63 64 65 66 67 68 69 70 71 72 73 74 75 76
2 59 70
3 53 61 73
2 58 65
6 51 52 57 64 71 76
4 55 63 67 75
2 54 74
7 50 56 60 62 68 69 72
5 52 62 68 72 75
4 53 55 66 73
4 50 56 60 74
3 61 67 76
2 63 71
6 49 57 58 59 64 65
3 54 69 70
2 55 56
9 51 53 54 57 59 62 63 66 76
3 67 68 75
2 49 70
4 50 58 64 73
6 52 61 65 69 72 74
3 56 60 72
2 71 74
9 49 50 52 55 59 62 64 68 69
2 66 70
3 58 61 63
8 51 53 54 65 67 73 75 76
23 49 51 52 53 55 57 58 59 60 61 62 64 65 66 67 68 69 70 71 72 73 74 76
5 50 54 56 63 75
12 49 50 54 55 59 61 67 69 70 72 74 76
9 52 53 56 58 63 64 65 71 75
2 60 66
4 51 62 68 73
4 55 63 68 74
3 53 58 67
15 49 51 54 56 57 59 60 61 62 69 71 72 73 75 76
5 50 52 64 65 70
1 77
1 78
1 79
1 80
3 79 80 81
1 82
1 83
3 82 83 84
1 85
3 83 85 86
5 82 83 84 85 86
1 87
3 80 87 88
5 79 80 81 87 88
1 89
1 90
3 89 90 91
1 92
1 93
3 92 93 94
1 95
3 93 95 96
5 92 93 94 95 96
1 97
3 92 97 98
5 92 93 94 97 98
7 92 93 94 95 96 97 98
1 99
3 97 99 100
5 92 97 98 99 100
7 92 93 94 97 98 99 100
9 92 93 94 95 96 97 98 99 100
3 90 97 101
5 89 90 91 97 101
5 90 92 97 98 101
7 89 90 91 92 97 98 101
7 90 92 93 94 97 98 101
9 89 90 91 92 93 94 97 98 101
9 90 92 93 94 95 96 97 98 101
11 89 90 91 92 93 94 95 96 97 98 101
5 90 97 99 100 101
7 89 90 91 97 99 100 101
7 90 92 97 98 99 100 101
9 89 90 91 92 97 98 99 100 101
9 90 92 93 94 97 98 99 100 101
11 89 90 91 92 93 94 97 98 99 100 101
11 90 92 93 94 95 96 97 98 99 100 101
13 89 90 91 92 93 94 95 96 97 98 99 100 101
1 102
1 103
3 102 103 104
3 97 103 105
5 92 97 98 103 105
7 92 93 94 97 98 103 105
9 92 93 94 95 96 97 98 103 105
5 97 99 100 103 105
7 92 97 98 99 100 103 105
9 92 93 94 97 98 99 100 103 105
11 92 93 94 95 96 97 98 99 100 103 105
5 90 97 101 103 105
7 89 90 91 97 101 103 105
7 90 92 97 98 101 103 105
9 89 90 91 92 97 98 101 103 105
9 90 92 93 94 97 98 101 103 105
11 89 90 91 92 93 94 97 98 101 103 105
11 90 92 93 94 95 96 97 98 101 103 105
13 89 90 91 92 93 94 95 96 97 98 101 103 105
7 90 97 99 100 101 103 105
9 89 90 91 97 99 100 101 103 105
9 90 92 97 98 99 100 101 103 105
11 89 90 91 92 97 98 99 100 101 103 105
11 90 92 93 94 97 98 99 100 101 103 105
13 89 90 91 92 93 94 97 98 99 100 101 103 105
13 90 92 93 94 95 96 97 98 99 100 101 103 105
15 89 90 91 92 93 94 95 96 97 98 99 100 101 103 105
5 97 102 103 104 105
7 92 97 98 102 103 104 105
9 92 93 94 97 98 102 103 104 105
11 92 93 94 95 96 97 98 102 103 104 105
7 97 99 100 102 103 104 105
9 92 97 98 99 100 102 103 104 105
11 92 93 94 97 98 99 100 102 103 104 105
13 92 93 94 95 96 97 98 99 100 102 103 104 105
7 90 97 101 102 103 104 105
9 89 90 91 97 101 102 103 104 105
9 90 92 97 98 101 102 103 104 105
11 89 90 91 92 97 98 101 102 103 104 105
11 90 92 93 94 97 98 101 102 103 104 105
13 89 90 91 92 93 94 97 98 101 102 103 104 105
13 90 92 93 94 95 96 97 98 101 102 103 104 105
15 89 90 91 92 93 94 95 96 97 98 101 102 103 104 105
9 90 97 99 100 101 102 103 104 105
11 89 90 91 97 99 100 101 102 103 104 105
11 90 92 97 98 99 100 101 102 103 104 105
13 89 90 91 92 97 98 99 100 101 102 103 104 105
13 90 92 93 94 97 98 99 100 101 102 103 104 105
15 89 90 91 92 93 94 97 98 99 100 101 102 103 104 105
15 90 92 93 94 95 96 97 98 99 100 101 102 103 104 105
17 89 90 91 92 93 94 95 96 97 98 99 100 101 102 103 104 105
1 106
1 107
3 106 107 108
3 102 107 109
5 102 103 104 107 109
7 97 102 103 104 105 107 109
9 92 97 98 102 103 104 105 107 109
11 92 93 94 97 98 102 103 104 105 107 109
13 92 93 94 95 96 97 98 102 103 104 105 107 109
9 97 99 100 102 103 104 105 107 109
11 92 97 98 99 100 102 103 104 105 107 109
13 92 93 94 97 98 99 100 102 103 104 105 107 109
15 92 93 94 95 96 97 98 99 100 102 103 104 105 107 109
9 90 97 101 102 103 104 105 107 109
11 89 90 91 97 101 102 103 104 105 107 109
11 90 92 97 98 101 102 103 104 105 107 109
13 89 90 91 92 97 98 101 102 103 104 105 107 109
13 90 92 93 94 97 98 101 102 103 104 105 107 109
15 89 90 91 92 93 94 97 98 101 102 103 104 105 107 109
15 90 92 93 94 95 96 97 98 101 102 103 104 105 107 109
17 89 90 91 92 93 94 95 96 97 98 101 102 103 104 105 107 109
11 90 97 99 100 101 102 103 104 105 107 109
13 89 90 91 97 99 100 101 102 103 104 105 107 109
13 90 92 97 98 99 100 101 102 103 104 105 107 109
15 89 90 91 92 97 98 99 100 101 102 103 104 105 107 109
15 90 92 93 94 97 98 99 100 101 102 103 104 105 107 109
17 89 90 91 92 93 94 97 98 99 100 101 102 103 104 105 107 109
17 90 92 93 94 95 96 97 98 99 100 101 102 103 104 105 107 109
19 89 90 91 92 93 94 95 96 97 98 99 100 101 102 103 104 105 107 109
5 102 106 107 108 109
7 102 103 104 106 107 108 109
9 97 102 103 104 105 106 107 108 109
11 92 97 98 102 103 104 105 106 107 108 109
13 92 93 94 97 98 102 103 104 105 106 107 108 109
15 92 93 94 95 96 97 98 102 103 104 105 106 107 108 109
11 97 99 100 102 103 104 105 106 107 108 109
13 92 97 98 99 100 102 103 104 105 106 107 108 109
15 92 93 94 97 98 99 100 102 103 104 105 106 107 108 109
17 92 93 94 95 96 97 98 99 100 102 103 104 105 106 107 108 109
11 90 97 101 102 103 104 105 106 107 108 109
13 89 90 91 97 101 102 103 104 105 106 107 108 109
13 90 92 97 98 101 102 103 104 105 106 107 108 109
15 89 90 91 92 97 98 101 102 103 104 105 106 107 108 109
15 90 92 93 94 97 98 101 102 103 104 105 106 107 108 109
17 89 90 91 92 93 94 97 98 101 102 103 104 105 106 107 108 109
17 90 92 93 94 95 96 97 98 101 102 103 104 105 106 107 108 109
19 89 90 91 92 93 94 95 96 97 98 101 102 103 104 105 106 107 108 109
13 90 97 99 100 101 102 103 104 105 106 107 108 109
15 89 90 91 97 99 100 101 102 103 104 105 106 107 108 109
15 90 92 97 98 99 100 101 102 103 104 105 106 107 108 109
17 89 90 91 92 97 98 99 100 101 102 103 104 105 106 107 108 109
17 90 92 93 94 97 98 99 100 101 102 103 104 105 106 107 108 109
19 89 90 91 92 93 94 97 98 99 100 101 102 103 104 105 106 107 108 109
19 90 92 93 94 95 96 97 98 99 100 101 102 103 104 105 106 107 108 109
21 89 90 91 92 93 94 95 96 97 98 99 100 101 102 103 104 105 106 107 108 109
6 78 79 85 87 102 108
27 77 80 81 82 83 84 86 88 89 90 91 92 93 94 95 96 97 98 99 100 101 103 104 105 106 107 109
1 81
1 84
1 86
1 88
1 91
1 96
1 100
1 101
1 104
1 109
20 77 79 80 81 82 84 85 88 89 90 91 93 97 98 99 101 103 106 108 109
3 87 95 107
10 78 83 86 92 94 96 100 102 104 105
28 77 78 79 80 82 84 85 86 87 88 89 90 91 92 93 94 95 96 97 98 101 102 103 104 105 106 107 109
5 81 83 99 100 108
1 94
1 105
1 108
2 84 94
6 79 85 87 90 104 105
2 86 91
2 97 99
10 77 78 81 83 95 96 98 100 101 108
5 88 89 93 102 107
2 106 109
2 82 102
5 84 94 100 101 106
2 78 96
3 95 99 109
4 77 80 88 92
4 83 93 103 107
4 79 97 98 105
6 81 85 86 87 89 90
2 91 104
33 77 78 79 80 81 82 83 84 85 86 87 88 89 90 91 92 93 94 95 96 97 98 99 100 101 102 103 104 105 106 107 108 109
1 98
4 91 98 102 104
2 96 100
6 78 83 89 92 101 108
4 82 87 90 99
5 85 97 103 106 109
5 86 88 94 105 107
3 80 81 84
25 77 79 80 81 82 85 86 88 89 90 91 95 96 98 99 100 101 102 103 104 105 106 107 108 109
8 78 83 84 87 92 93 94 97
2 79 94
3 81 86 91
3 78 101 108
2 85 87
4 89 95 97 106
6 82 83 88 98 103 105
2 93 102
2 92 104
7 80 84 90 96 99 100 109
15 78 80 82 83 85 89 92 93 94 96 97 98 99 104 109
8 79 86 88 90 91 95 103 107
5 87 100 101 106 108
3 81 84 105
2 77 102
2 84 102
2 92 98
5 77 94 97 105 108
2 88 100
2 87 106
2 79 80
5 78 81 96 103 107
6 83 89 93 95 99 104
6 82 85 86 90 101 109
20 78 80 82 84 85 86 87 88 93 94 95 98 99 100 102 103 104 107 108 109
13 77 79 81 83 89 90 91 92 96 97 101 105 106
2 90 107
2 97 100
4 83 96 102 106
4 80 88 93 103
5 81 87 98 99 109
6 78 89 94 95 101 104
9 79 82 84 85 86 91 92 105 108
7 78 82 83 87 91 97 108
17 77 79 80 81 84 88 90 92 93 96 98 99 103 104 105 106 109
7 85 86 94 95 100 102 107
3 77 88 95
10 79 84 89 91 96 100 101 106 108 109
6 90 93 94 99 103 105
11 80 81 82 83 85 86 92 97 98 102 104
2 78 87
5 82 91 96 99 107
4 84 86 92 101
3 81 83 95
7 88 89 90 93 105 106 108
4 85 87 100 103
5 77 79 80 98 102
5 78 94 97 104 109
1 110
1 111
1 112
1 113
3 112 113 114
1 115
3 112 115 116
5 112 113 114 115 116
1 117
1 118
3 117 118 119
1 120
1 121
3 120 121 122
1 123
3 118 123 124
5 117 118 119 123 124
1 125
3 123 125 126
5 118 123 124 125 126
7 117 118 119 123 124 125 126
1 127
3 121 127 128
5 120 121 122 127 128
1 129
3 127 129 130
5 121 127 128 129 130
7 120 121 122 127 128 129 130
1 131
3 118 131 132
5 117 118 119 131 132
5 118 123 124 131 132
7 117 118 119 123 124 131 132
7 118 123 124 125 126 131 132
9 117 118 119 123 124 125 126 131 132
1 133
3 125 133 134
5 123 125 126 133 134
7 118 123 124 125 126 133 134
9 117 118 119 123 124 125 126 133 134
9 118 123 124 125 126 131 132 133 134
11 117 118 119 123 124 125 126 131 132 133 134
1 135
1 136
3 135 136 137
1 138
3 113 138 139
5 112 113 114 138 139
7 112 113 114 115 116 138 139
3 127 138 140
5 121 127 128 138 140
7 120 121 122 127 128 138 140
5 127 129 130 138 140
7 121 127 128 129 130 138 140
9 120 121 122 127 128 129 130 138 140
5 113 127 138 139 140
7 112 113 114 127 138 139 140
9 112 113 114 115 116 127 138 139 140
7 113 121 127 128 138 139 140
9 112 113 114 121 127 128 138 139 140
11 112 113 114 115 116 121 127 128 138 139 140
9 113 120 121 122 127 128 138 139 140
11 112 113 114 120 121 122 127 128 138 139 140
13 112 113 114 115 116 120 121 122 127 128 138 139 140
7 113 127 129 130 138 139 140
9 112 113 114 127 129 130 138 139 140
11 112 113 114 115 116 127 129 130 138 139 140
9 113 121 127 128 129 130 138 139 140
11 112 113 114 121 127 128 129 130 138 139 140
13 112 113 114 115 116 121 127 128 129 130 138 139 140
11 113 120 121 122 127 128 129 130 138 139 140
13 112 113 114 120 121 122 127 128 129 130 138 139 140
15 112 113 114 115 116 120 121 122 127 128 129 130 138 139 140
3 136 138 141
5 135 136 137 138 141
5 113 136 138 139 141
7 112 113 114 136 138 139 141
9 112 113 114 115 116 136 138 139 141
7 113 135 136 137 138 139 141
9 112 113 114 135 136 137 138 139 141
11 112 113 114 115 116 135 136 137 138 139 141
5 127 136 138 140 141
7 121 127 128 136 138 140 141
9 120 121 122 127 128 136 138 140 141
7 127 129 130 136 138 140 141
9 121 127 128 129 130 136 138 140 141
11 120 121 122 127 128 129 130 136 138 140 141
7 127 135 136 137 138 140 141
9 121 127 128 135 136 137 138 140 141
11 120 121 122 127 128 135 136 137 138 140 141
9 127 129 130 135 136 137 138 140 141
11 121 127 128 129 130 135 136 137 138 140 141
13 120 121 122 127 128 129 130 135 136 137 138 140 141
7 113 127 136 138 139 140 141
9 112 113 114 127 136 138 139 140 141
11 112 113 114 115 116 127 136 138 139 140 141
9 113 121 127 128 136 138 139 140 141
11 112 113 114 121 127 128 136 138 139 140 141
13 112 113 114 115 116 121 127 128 136 138 139 140 141
11 113 120 121 122 127 128 136 138 139 140 141
13 112 113 114 120 121 122 127 128 136 138 139 140 141
15 112 113 114 115 116 120 121 122 127 128 136 138 139 140 141
9 113 127 129 130 136 138 139 140 141
11 112 113 114 127 129 130 136 138 139 140 141
13 112 113 114 115 116 127 129 130 136 138 139 140 141
11 113 121 127 128 129 130 136 138 139 140 141
13 112 113 114 121 127 128 129 130 136 138 139 140 141
15 112 113 114 115 116 121 127 128 129 130 136 138 139 140 141
13 113 120 121 122 127 128 129 130 136 138 139 140 141
15 112 113 114 120 121 122 127 128 129 130 136 138 139 140 141
17 112 113 114 115 116 120 121 122 127 128 129 130 136 138 139 140 141
9 113 127 135 136 137 138 139 140 141
11 112 113 114 127 135 136 137 138 139 140 141
13 112 113 114 115 116 127 135 136 137 138 139 140 141
11 113 121 127 128 135 136 137 138 139 140 141
13 112 113 114 121 127 128 135 136 137 138 139 140 141
15 112 113 114 115 116 121 127 128 135 136 137 138 139 140 141
13 113 120 121 122 127 128 135 136 137 138 139 140 141
15 112 113 114 120 121 122 127 128 135 136 137 138 139 140 141
17 112 113 114 115 116 120 121 122 127 128 135 136 137 138 139 140 141
11 113 127 129 130 135 136 137 138 139 140 141
13 112 113 114 127 129 130 135 136 137 138 139 140 141
15 112 113 114 115 116 127 129 130 135 136 137 138 139 140 141
13 113 121 127 128 129 130 135 136 137 138 139 140 141
15 112 113 114 121 127 128 129 130 135 136 137 138 139 140 141
17 112 113 114 115 116 121 127 128 129 130 135 136 137 138 139 140 141
15 113 120 121 122 127 128 129 130 135 136 137 138 139 140 141
17 112 113 114 120 121 122 127 128 129 130 135 136 137 138 139 140 141
19 112 113 114 115 116 120 121 122 127 128 129 130 135 136 137 138 139 140 141
3 122 123 136
12 112 114 118 119 120 121 125 126 127 131 134 140
5 111 117 129 132 135
9 113 115 116 124 128 130 133 139 141
3 110 137 138
1 114
1 116
1 119
1 122
1 128
1 130
1 134
1 139
19 110 112 113 114 116 117 119 123 125 126 127 128 129 132 134 136 137 138 139
13 111 115 118 120 121 122 124 130 131 133 135 140 141
1 124
1 126
1 132
1 137
4 114 120 139 140
2 123 124
17 110 111 112 113 115 116 117 121 129 130 131 132 133 134 136 137 141
5 118 126 127 135 138
4 116 117 118 133
23 111 112 113 114 115 119 120 121 122 123 124 125 126 127 128 129 130 132 134 135 136 139 140
5 110 131 137 138 141
32 110 111 112 113 114 115 116 117 118 119 120 121 122 123 124 125 126 127 128 129 130 131 132 133 134 135 136 137 138 139 140 141
21 111 112 113 114 116 118 119 121 122 123 124 125 127 129 130 131 132 135 138 139 140
11 110 115 117 120 126 128 133 134 136 137 141
27 110 112 113 114 115 117 118 119 120 121 122 123 124 125 126 128 129 130 131 132 133 134 135 137 139 140 141
5 111 116 127 136 138
1 140
11 111 113 114 123 127 130 131 134 137 138 139
2 128 135
12 110 112 115 116 117 118 124 125 132 136 140 141
7 119 120 121 122 126 129 133
6 112 116 117 125 134 135
3 113 115 141
3 131 132 139
5 110 128 130 136 137
2 120 127
4 111 123 126 140
5 114 121 122 124 133
1 142
1 143
1 144
1 145
3 144 145 146
1 147
1 148
3 147 148 149
1 150
1 151
3 150 151 152
1 153
1 154
3 153 154 155
1 156
1 157
3 156 157 158
1 159
1 160
3 159 160 161
1 162
3 148 162 163
5 147 148 149 162 163
1 164
1 165
3 164 165 166
3 144 165 167
5 144 145 146 165 167
5 144 164 165 166 167
7 144 145 146 164 165 166 167
1 168
3 157 168 169
5 156 157 158 168 169
4 144 153 160 168
9 142 148 150 155 156 158 162 164 167
10 143 147 151 152 154 157 161 165 166 169
5 145 146 149 159 163
1 146
1 149
1 152
1 155
1 158
1 161
1 166
1 169
11 147 148 150 151 153 155 158 159 165 166 169
2 160 163
8 142 144 149 161 162 164 167 168
2 146 156
3 143 145 157
1 163
4 142 147 153 167
4 146 149 152 159
3 151 156 163
5 144 155 160 161 165
4 150 157 164 168
2 148 166
2 154 169
2 143 145
1 167
3 144 146 153
2 159 165
5 145 151 155 156 169
4 147 149 162 166
9 142 148 152 154 157 160 161 164 167
22 142 143 145 146 147 148 149 151 152 153 155 156 157 158 159 160 161 162 165 166 167 169
6 144 150 154 163 164 168
12 142 143 144 147 148 155 157 160 162 164 166 168
2 151 152
8 146 149 154 156 159 161 163 167
5 145 150 153 165 169
9 143 146 150 153 155 157 158 163 165
19 142 144 145 147 148 149 151 152 154 156 159 160 161 162 164 166 167 168 169
3 142 152 153
2 145 150
7 147 154 158 161 165 166 167
3 144 146 169
3 149 155 156
4 143 148 151 168
2 157 163
3 159 160 164
3 151 163 165
12 142 145 147 148 153 154 156 157 158 161 164 167
7 143 149 150 152 155 166 169
6 144 146 159 160 162 168
9 147 148 150 151 152 157 161 164 168
4 143 144 145 156
3 146 154 160
9 142 149 153 158 159 162 163 165 169
