155 741
1 1
1 2
1 3
1 4
1 5
1 6
3 5 6 7
1 8
3 6 8 9
5 5 6 7 8 9
1 10
3 6 10 11
5 5 6 7 10 11
5 6 8 9 10 11
7 5 6 7 8 9 10 11
1 12
1 13
3 12 13 14
3 8 13 15
5 6 8 9 13 15
7 5 6 7 8 9 13 15
7 6 8 9 10 11 13 15
9 5 6 7 8 9 10 11 13 15
5 8 12 13 14 15
7 6 8 9 12 13 14 15
9 5 6 7 8 9 12 13 14 15
9 6 8 9 10 11 12 13 14 15
11 5 6 7 8 9 10 11 12 13 14 15
1 16
1 17
3 16 17 18
1 19
1 20
3 19 20 21
3 17 20 22
5 16 17 18 20 22
5 17 19 20 21 22
7 16 17 18 19 20 21 22
22 1 2 3 4 5 6 7 8 9 10 11 12 13 14 15 16 17 18 19 20 21 22
1 7
1 14
1 18
1 21
11 1 2 3 4 7 12 13 17 19 20 21
11 5 6 8 9 10 11 14 15 16 18 22
1 11
1 15
1 22
3 5 17 21
3 11 13 16
6 1 6 9 12 15 20
3 2 4 14
6 3 8 10 18 19 22
1 9
6 4 5 11 14 16 18
2 6 8
4 1 3 15 17
6 2 10 12 19 20 22
4 4 8 9 10
3 6 14 16
7 1 2 5 13 15 20 21
3 3 12 17
3 7 8 19
2 16 17
5 4 12 13 15 21
5 1 2 6 18 22
2 10 11
2 5 9
4 5 8 10 21
6 1 7 16 17 18 20
2 6 13
9 2 4 9 11 12 14 15 19 22
2 12 20
10 2 6 9 10 11 16 17 18 19 22
6 4 5 7 8 13 14
4 4 11 16 17
6 2 3 5 10 19 21
4 6 8 9 14
7 1 7 12 13 15 20 22
2 3 18
3 8 12 16
14 1 2 4 5 6 7 9 10 11 14 17 20 21 22
10 2 3 7 9 12 14 16 18 19 20
4 4 8 11 17
4 5 6 13 15
4 1 3 5 16
4 7 8 9 13
6 11 17 19 20 21 22
5 2 6 10 14 18
2 12 15
5 5 13 14 17 21
17 1 2 3 4 6 7 8 9 10 11 12 15 16 18 19 20 22
5 5 7 15 19 21
9 1 2 6 9 11 12 13 14 22
6 3 8 16 17 18 20
2 13 15
3 1 20 21
7 5 6 8 10 11 14 17
6 4 7 9 18 19 22
2 2 16
1 23
1 24
1 25
1 26
1 27
3 26 27 28
1 29
1 30
3 29 30 31
1 32
3 29 32 33
5 29 30 31 32 33
1 34
3 27 34 35
5 26 27 28 34 35
1 36
3 34 36 37
5 27 34 35 36 37
7 26 27 28 34 35 36 37
1 38
3 27 38 39
5 26 27 28 38 39
5 27 34 35 38 39
7 26 27 28 34 35 38 39
7 27 34 35 36 37 38 39
9 26 27 28 34 35 36 37 38 39
1 33
3 34 37 39
3 23 28 29
3 27 36 38
1 35
3 25 30 31
1 28
1 31
1 37
2 28 33
7 23 25 30 31 34 35 36
4 24 32 37 39
4 26 27 29 38
2 24 28
3 23 25 37
2 32 36
2 26 27
4 29 34 38 39
4 26 28 32 34
6 23 24 27 29 30 37
3 25 38 39
2 23 25
2 30 32
11 24 26 27 28 29 34 35 36 37 38 39
2 31 33
1 39
9 23 25 26 27 31 33 34 35 36
2 29 39
3 28 30 32
3 30 31 36
2 23 32
5 24 26 27 33 35
3 25 29 34
3 28 37 38
3 34 37 38
2 24 36
2 30 31
2 29 32
3 23 33 39
2 36 37
2 25 30
7 24 26 27 29 32 33 39
2 34 38
2 28 35
12 23 24 25 28 30 31 34 35 36 37 38 39
2 27 33
3 26 29 32
3 25 32 33
2 28 39
3 26 27 36
2 24 35
2 30 37
2 23 34
9 24 26 28 29 31 32 35 36 37
7 23 25 27 30 33 34 38
14 24 25 26 27 28 29 30 31 33 35 36 37 38 39
4 26 30 37 38
4 23 25 32 33
3 24 31 34
3 27 29 39
4 28 29 36 37
4 23 24 26 33
4 32 34 38 39
1 40
1 41
1 42
1 43
1 44
3 43 44 45
1 46
1 47
3 46 47 48
1 49
1 50
3 49 50 51
1 52
1 53
3 52 53 54
1 55
3 53 55 56
5 52 53 54 55 56
1 57
3 55 57 58
5 53 55 56 57 58
7 52 53 54 55 56 57 58
12 42 45 46 47 48 49 50 51 52 54 55 56
6 40 43 44 53 57 58
1 45
1 51
18 40 41 42 43 44 45 46 48 49 50 51 52 53 54 55 56 57 58
1 48
1 54
1 56
1 58
2 48 50
4 40 41 46 56
6 43 44 49 51 52 53
3 42 55 57
8 41 42 43 44 45 47 48 53
11 40 46 49 50 51 52 54 55 56 57 58
19 40 41 42 43 44 45 46 47 48 49 50 51 52 53 54 55 56 57 58
3 42 50 54
3 43 46 51
2 45 48
9 40 41 44 52 53 55 56 57 58
15 41 43 44 46 47 48 49 50 52 53 54 55 56 57 58
4 40 42 45 51
2 41 58
13 40 43 44 47 48 49 50 51 52 54 55 56 57
2 42 45
3 41 46 55
5 42 43 44 45 50
2 51 57
2 40 54
3 47 56 58
11 41 42 43 44 45 47 50 52 54 56 57
2 53 55
3 40 46 48
3 49 51 58
6 40 41 42 45 49 56
4 51 54 55 57
2 52 58
3 43 46 48
4 45 47 50 53
2 41 44
11 40 42 43 46 48 49 51 52 54 56 58
2 48 51
5 49 50 53 54 58
4 40 42 46 56
8 41 43 44 45 47 52 55 57
4 45 49 51 55
11 40 41 42 43 44 50 53 54 56 57 58
4 46 47 48 52
3 42 46 56
2 43 53
2 41 55
4 48 49 50 54
3 40 47 52
2 44 51
10 40 41 42 45 49 51 53 54 55 56
9 43 44 46 47 48 50 52 57 58
3 48 55 58
2 40 45
2 49 56
8 41 44 46 47 51 53 54 57
2 43 52
1 59
1 60
1 61
1 62
1 63
3 62 63 64
1 65
1 66
3 65 66 67
1 68
1 69
3 68 69 70
1 71
3 69 71 72
5 68 69 70 71 72
5 62 66 69 71 72
2 63 67
3 61 64 68
3 60 65 70
1 64
1 72
14 59 60 61 62 63 64 65 66 67 68 69 70 71 72
1 67
11 59 60 61 62 63 64 65 67 68 71 72
3 66 69 70
1 70
2 69 72
5 59 62 64 65 68
4 61 63 66 70
2 60 71
2 62 71
2 59 69
2 60 63
2 65 68
5 61 64 66 70 72
3 66 70 71
5 59 61 63 65 67
3 62 69 72
2 64 70
6 60 62 67 69 71 72
6 59 61 63 65 66 68
2 67 72
2 65 71
2 60 70
6 59 62 63 64 66 68
2 66 72
2 63 65
3 62 67 69
2 61 68
3 64 70 71
12 59 60 61 62 63 64 65 66 67 68 70 71
4 59 62 64 66
2 63 72
2 60 68
3 61 70 71
7 60 62 63 64 66 71 72
4 59 65 67 69
8 60 62 63 64 66 67 69 72
5 59 61 65 70 71
1 73
1 74
1 75
3 74 75 76
1 77
3 75 77 78
5 74 75 76 77 78
1 79
1 80
3 79 80 81
1 82
3 77 82 83
5 75 77 78 82 83
7 74 75 76 77 78 82 83
1 84
3 80 84 85
5 79 80 81 84 85
1 86
3 77 86 87
5 75 77 78 86 87
7 74 75 76 77 78 86 87
5 77 82 83 86 87
7 75 77 78 82 83 86 87
9 74 75 76 77 78 82 83 86 87
3 84 86 88
5 80 84 85 86 88
7 79 80 81 84 85 86 88
5 77 84 86 87 88
7 75 77 78 84 86 87 88
9 74 75 76 77 78 84 86 87 88
7 77 82 83 84 86 87 88
9 75 77 78 82 83 84 86 87 88
11 74 75 76 77 78 82 83 84 86 87 88
7 77 80 84 85 86 87 88
9 75 77 78 80 84 85 86 87 88
11 74 75 76 77 78 80 84 85 86 87 88
9 77 79 80 81 84 85 86 87 88
11 75 77 78 79 80 81 84 85 86 87 88
13 74 75 76 77 78 79 80 81 84 85 86 87 88
9 77 80 82 83 84 85 86 87 88
11 75 77 78 80 82 83 84 85 86 87 88
13 74 75 76 77 78 80 82 83 84 85 86 87 88
11 77 79 80 81 82 83 84 85 86 87 88
13 75 77 78 79 80 81 82 83 84 85 86 87 88
15 74 75 76 77 78 79 80 81 82 83 84 85 86 87 88
1 89
3 80 89 90
5 79 80 81 89 90
5 80 84 85 89 90
7 79 80 81 84 85 89 90
7 80 84 85 86 88 89 90
9 79 80 81 84 85 86 88 89 90
9 77 80 84 85 86 87 88 89 90
11 75 77 78 80 84 85 86 87 88 89 90
13 74 75 76 77 78 80 84 85 86 87 88 89 90
11 77 79 80 81 84 85 86 87 88 89 90
13 75 77 78 79 80 81 84 85 86 87 88 89 90
15 74 75 76 77 78 79 80 81 84 85 86 87 88 89 90
11 77 80 82 83 84 85 86 87 88 89 90
13 75 77 78 80 82 83 84 85 86 87 88 89 90
15 74 75 76 77 78 80 82 83 84 85 86 87 88 89 90
13 77 79 80 81 82 83 84 85 86 87 88 89 90
15 75 77 78 79 80 81 82 83 84 85 86 87 88 89 90
17 74 75 76 77 78 79 80 81 82 83 84 85 86 87 88 89 90
4 79 80 82 84
5 78 81 86 88 90
1 83
2 74 77
2 85 87
1 76
1 88
4 75 81 87 90
2 88 89
5 73 74 80 84 85
6 76 77 78 79 82 86
1 81
1 90
3 76 82 89
1 78
2 84 87
2 80 83
5 73 79 81 85 88
2 74 90
1 87
8 73 75 78 83 84 85 86 88
10 74 76 77 79 80 81 82 87 89 90
5 78 79 86 87 88
3 75 77 80
2 81 85
4 73 83 84 90
1 85
1 91
1 92
1 93
1 94
1 95
1 96
3 95 96 97
1 98
1 99
3 98 99 100
1 101
3 99 101 102
5 98 99 100 101 102
1 103
1 104
3 103 104 105
1 106
3 95 106 107
5 95 96 97 106 107
1 108
1 109
3 108 109 110
4 96 100 103 109
1 97
5 95 99 101 105 106
4 92 98 108 110
2 93 107
1 102
1 100
1 105
1 110
4 101 104 109 110
11 91 92 93 94 95 96 97 99 100 102 108
2 103 107
3 98 105 106
1 107
9 93 95 96 97 100 101 107 108 109
6 92 94 98 102 105 106
12 92 93 94 96 97 98 101 102 103 105 107 108
7 91 95 99 100 104 109 110
6 93 94 96 100 101 109
11 92 95 97 98 99 103 104 105 106 107 110
7 95 96 98 99 101 107 108
13 91 92 93 94 97 100 102 103 104 105 106 109 110
12 91 93 95 96 97 98 99 100 102 103 107 110
8 92 94 101 104 105 106 108 109
6 92 95 96 101 103 104
3 97 98 109
2 106 107
3 100 102 105
2 91 93
2 94 109
9 91 96 98 100 102 103 104 105 107
9 92 93 95 97 99 101 106 108 110
1 111
1 112
1 113
1 114
1 115
3 114 115 116
1 117
1 118
3 117 118 119
1 120
1 121
3 120 121 122
1 123
3 121 123 124
5 120 121 122 123 124
11 112 113 115 116 117 118 119 120 121 122 123
1 124
1 119
7 111 112 113 114 115 116 117
4 118 122 123 124
2 120 121
1 122
2 119 124
2 114 116
6 111 112 115 118 120 123
3 113 117 122
1 116
2 114 124
2 120 123
3 115 117 122
5 112 116 118 119 121
2 117 119
12 111 112 113 114 115 116 118 120 121 122 123 124
5 113 116 117 118 123
4 111 114 115 122
4 112 120 121 124
2 116 119
3 114 121 122
5 111 113 118 120 123
2 115 117
2 114 123
2 115 119
6 111 113 118 120 122 124
3 112 117 121
8 113 114 115 117 118 119 121 123
6 111 112 116 120 122 124
8 114 117 118 119 120 122 123 124
6 111 112 113 115 116 121
5 116 118 119 120 123
4 112 113 115 117
2 116 121
2 118 123
2 111 113
6 114 115 117 119 120 124
2 117 120
12 111 112 113 114 115 116 118 119 121 122 123 124
6 113 117 118 120 122 123
6 111 112 114 115 119 124
14 111 112 113 114 115 116 117 118 119 120 121 122 123 124
3 113 119 124
2 114 121
3 115 122 123
2 111 116
3 111 112 123
10 113 114 115 116 118 119 120 121 122 124
1 125
1 126
1 127
1 128
1 129
3 128 129 130
1 131
1 132
3 131 132 133
1 134
1 135
3 134 135 136
3 131 135 137
5 131 132 133 135 137
5 131 134 135 136 137
7 131 132 133 134 135 136 137
1 138
1 139
3 138 139 140
1 141
3 139 141 142
5 138 139 140 141 142
1 143
3 141 143 144
5 139 141 142 143 144
7 138 139 140 141 142 143 144
1 145
3 143 145 146
5 141 143 144 145 146
7 139 141 142 143 144 145 146
9 138 139 140 141 142 143 144 145 146
1 147
3 143 147 148
5 141 143 144 147 148
7 139 141 142 143 144 147 148
9 138 139 140 141 142 143 144 147 148
5 143 145 146 147 148
7 141 143 144 145 146 147 148
9 139 141 142 143 144 145 146 147 148
11 138 139 140 141 142 143 144 145 146 147 148
1 149
3 138 149 150
5 138 139 140 149 150
7 138 139 140 141 142 149 150
9 138 139 140 141 142 143 144 149 150
11 138 139 140 141 142 143 144 145 146 149 150
11 138 139 140 141 142 143 144 147 148 149 150
13 138 139 140 141 142 143 144 145 146 147 148 149 150
1 151
3 134 151 152
5 134 135 136 151 152
7 131 134 135 136 137 151 152
9 131 132 133 134 135 136 137 151 152
1 153
3 151 153 154
5 134 151 152 153 154
7 134 135 136 151 152 153 154
9 131 134 135 136 137 151 152 153 154
11 131 132 133 134 135 136 137 151 152 153 154
3 139 151 155
5 138 139 140 151 155
5 139 141 142 151 155
7 138 139 140 141 142 151 155
7 139 141 142 143 144 151 155
9 138 139 140 141 142 143 144 151 155
9 139 141 142 143 144 145 146 151 155
11 138 139 140 141 142 143 144 145 146 151 155
9 139 141 142 143 144 147 148 151 155
11 138 139 140 141 142 143 144 147 148 151 155
11 139 141 142 143 144 145 146 147 148 151 155
13 138 139 140 141 142 143 144 145 146 147 148 151 155
7 138 139 140 149 150 151 155
9 138 139 140 141 142 149 150 151 155
11 138 139 140 141 142 143 144 149 150 151 155
13 138 139 140 141 142 143 144 145 146 149 150 151 155
13 138 139 140 141 142 143 144 147 148 149 150 151 155
15 138 139 140 141 142 143 144 145 146 147 148 149 150 151 155
5 134 139 151 152 155
7 134 135 136 139 151 152 155
9 131 134 135 136 137 139 151 152 155
11 131 132 133 134 135 136 137 139 151 152 155
7 134 138 139 140 151 152 155
9 134 135 136 138 139 140 151 152 155
11 131 134 135 136 137 138 139 140 151 152 155
13 131 132 133 134 135 136 137 138 139 140 151 152 155
7 134 139 141 142 151 152 155
9 134 135 136 139 141 142 151 152 155
11 131 134 135 136 137 139 141 142 151 152 155
13 131 132 133 134 135 136 137 139 141 142 151 152 155
9 134 138 139 140 141 142 151 152 155
11 134 135 136 138 139 140 141 142 151 152 155
13 131 134 135 136 137 138 139 140 141 142 151 152 155
15 131 132 133 134 135 136 137 138 139 140 141 142 151 152 155
11 134 138 139 140 141 142 149 150 151 152 155
13 134 135 136 138 139 140 141 142 149 150 151 152 155
15 131 134 135 136 137 138 139 140 141 142 149 150 151 152 155
17 131 132 133 134 135 136 137 138 139 140 141 142 149 150 151 152 155
5 139 151 153 154 155
7 138 139 140 151 153 154 155
7 139 141 142 151 153 154 155
9 138 139 140 141 142 151 153 154 155
9 139 141 142 143 144 151 153 154 155
11 138 139 140 141 142 143 144 151 153 154 155
11 139 141 142 143 144 145 146 151 153 154 155
13 138 139 140 141 142 143 144 145 146 151 153 154 155
11 139 141 142 143 144 147 148 151 153 154 155
13 138 139 140 141 142 143 144 147 148 151 153 154 155
13 139 141 142 143 144 145 146 147 148 151 153 154 155
15 138 139 140 141 142 143 144 145 146 147 148 151 153 154 155
9 138 139 140 149 150 151 153 154 155
11 138 139 140 141 142 149 150 151 153 154 155
13 138 139 140 141 142 143 144 149 150 151 153 154 155
15 138 139 140 141 142 143 144 145 146 149 150 151 153 154 155
15 138 139 140 141 142 143 144 147 148 149 150 151 153 154 155
17 138 139 140 141 142 143 144 145 146 147 148 149 150 151 153 154 155
7 134 139 151 152 153 154 155
9 134 135 136 139 151 152 153 154 155
11 131 134 135 136 137 139 151 152 153 154 155
13 131 132 133 134 135 136 137 139 151 152 153 154 155
9 134 138 139 140 151 152 153 154 155
11 134 135 136 138 139 140 151 152 153 154 155
13 131 134 135 136 137 138 139 140 151 152 153 154 155
15 131 132 133 134 135 136 137 138 139 140 151 152 153 154 155
9 134 139 141 142 151 152 153 154 155
11 134 135 136 139 141 142 151 152 153 154 155
13 131 134 135 136 137 139 141 142 151 152 153 154 155
15 131 132 133 134 135 136 137 139 141 142 151 152 153 154 155
11 134 138 139 140 141 142 151 152 153 154 155
13 134 135 136 138 139 140 141 142 151 152 153 154 155
15 131 134 135 136 137 138 139 140 141 142 151 152 153 154 155
17 131 132 133 134 135 136 137 138 139 140 141 142 151 152 153 154 155
13 134 138 139 140 141 142 149 150 151 152 153 154 155
15 134 135 136 138 139 140 141 142 149 150 151 152 153 154 155
17 131 134 135 136 137 138 139 140 141 142 149 150 151 152 153 154 155
19 131 132 133 134 135 136 137 138 139 140 141 142 149 150 151 152 153 154 155
6 126 137 138 143 148 154
4 129 132 139 151
12 125 130 135 136 140 141 142 144 145 147 152 153
5 128 131 133 146 149
4 127 134 150 155
1 130
1 133
1 140
1 144
1 146
1 148
1 150
22 125 127 128 129 131 132 133 134 135 137 138 139 140 142 143 144 146 147 148 149 152 155
9 126 130 136 141 145 150 151 153 154
1 142
2 128 142
6 131 137 138 146 148 155
3 135 136 139
3 134 140 145
1 154
4 126 151 152 153
2 125 143
3 133 147 149
4 129 141 144 150
2 127 132
11 125 127 128 129 131 134 135 138 139 151 153
4 133 140 143 152
10 130 132 136 144 146 147 148 150 154 155
3 126 137 145
1 137
1 152
29 125 126 127 128 129 130 131 133 134 135 136 137 138 139 140 141 142 144 145 146 147 148 149 150 151 152 153 154 155
3 125 127 147
4 132 136 141 145
6 131 134 142 149 151 152
9 128 133 135 137 146 150 153 154 155
3 138 140 144
4 126 129 139 143
1 136
31 125 126 127 128 129 130 131 132 133 134 135 136 137 138 139 140 141 142 143 144 145 146 147 148 149 150 151 152 153 154 155
4 127 137 142 146
6 125 131 133 135 139 152
3 136 153 154
4 128 134 148 150
5 140 143 149 151 155
3 130 132 144
4 126 141 145 147
1 155
2 131 155
4 128 140 148 153
9 129 130 133 139 141 143 146 150 152
7 125 142 145 147 149 151 154
5 127 134 136 137 144
3 126 132 135
6 125 131 140 142 144 151
5 134 135 146 153 155
3 128 141 148
2 145 147
4 137 150 152 154
4 127 130 139 143
5 129 132 133 136 138
10 127 128 129 133 136 138 140 145 148 154
21 125 126 130 131 132 134 135 137 139 141 142 143 144 146 147 149 150 151 152 153 155
28 125 126 127 128 129 130 131 132 134 136 137 138 139 140 141 142 143 144 145 146 147 148 149 150 151 152 153 154
3 133 135 155
