163 1068
1 1
1 2
1 3
1 4
1 5
1 6
1 7
3 6 7 8
1 9
3 7 9 10
5 6 7 8 9 10
1 11
3 7 11 12
5 6 7 8 11 12
5 7 9 10 11 12
7 6 7 8 9 10 11 12
1 13
3 7 13 14
5 6 7 8 13 14
5 7 9 10 13 14
7 6 7 8 9 10 13 14
5 7 11 12 13 14
7 6 7 8 11 12 13 14
7 7 9 10 11 12 13 14
9 6 7 8 9 10 11 12 13 14
1 15
3 11 15 16
5 7 11 12 15 16
7 6 7 8 11 12 15 16
7 7 9 10 11 12 15 16
9 6 7 8 9 10 11 12 15 16
7 7 11 12 13 14 15 16
9 6 7 8 11 12 13 14 15 16
9 7 9 10 11 12 13 14 15 16
11 6 7 8 9 10 11 12 13 14 15 16
1 17
1 18
3 17 18 19
1 20
3 9 20 21
5 7 9 10 20 21
7 6 7 8 9 10 20 21
7 7 9 10 11 12 20 21
9 6 7 8 9 10 11 12 20 21
7 7 9 10 13 14 20 21
9 6 7 8 9 10 13 14 20 21
9 7 9 10 11 12 13 14 20 21
11 6 7 8 9 10 11 12 13 14 20 21
3 15 20 22
5 11 15 16 20 22
7 7 11 12 15 16 20 22
9 6 7 8 11 12 15 16 20 22
9 7 11 12 13 14 15 16 20 22
11 6 7 8 11 12 13 14 15 16 20 22
5 9 15 20 21 22
7 7 9 10 15 20 21 22
9 6 7 8 9 10 15 20 21 22
9 7 9 10 13 14 15 20 21 22
11 6 7 8 9 10 13 14 15 20 21 22
7 9 11 15 16 20 21 22
10 7 9 10 11 12 15 16 20 21 22
12 6 7 8 9 10 11 12 15 16 20 21 22
12 7 9 10 11 12 13 14 15 16 20 21 22
14 6 7 8 9 10 11 12 13 14 15 16 20 21 22
3 18 20 23
5 17 18 19 20 23
5 9 18 20 21 23
7 7 9 10 18 20 21 23
9 6 7 8 9 10 18 20 21 23
9 7 9 10 11 12 18 20 21 23
11 6 7 8 9 10 11 12 18 20 21 23
9 7 9 10 13 14 18 20 21 23
11 6 7 8 9 10 13 14 18 20 21 23
11 7 9 10 11 12 13 14 18 20 21 23
13 6 7 8 9 10 11 12 13 14 18 20 21 23
7 9 17 18 19 20 21 23
9 7 9 10 17 18 19 20 21 23
11 6 7 8 9 10 17 18 19 20 21 23
11 7 9 10 11 12 17 18 19 20 21 23
13 6 7 8 9 10 11 12 17 18 19 20 21 23
11 7 9 10 13 14 17 18 19 20 21 23
13 6 7 8 9 10 13 14 17 18 19 20 21 23
13 7 9 10 11 12 13 14 17 18 19 20 21 23
15 6 7 8 9 10 11 12 13 14 17 18 19 20 21 23
5 15 18 20 22 23
7 11 15 16 18 20 22 23
9 7 11 12 15 16 18 20 22 23
11 6 7 8 11 12 15 16 18 20 22 23
11 7 11 12 13 14 15 16 18 20 22 23
13 6 7 8 11 12 13 14 15 16 18 20 22 23
7 15 17 18 19 20 22 23
9 11 15 16 17 18 19 20 22 23
11 7 11 12 15 16 17 18 19 20 22 23
13 6 7 8 11 12 15 16 17 18 19 20 22 23
13 7 11 12 13 14 15 16 17 18 19 20 22 23
15 6 7 8 11 12 13 14 15 16 17 18 19 20 22 23
7 9 15 18 20 21 22 23
9 7 9 10 15 18 20 21 22 23
11 6 7 8 9 10 15 18 20 21 22 23
11 7 9 10 13 14 15 18 20 21 22 23
13 6 7 8 9 10 13 14 15 18 20 21 22 23
9 9 11 15 16 18 20 21 22 23
12 7 9 10 11 12 15 16 18 20 21 22 23
14 6 7 8 9 10 11 12 15 16 18 20 21 22 23
14 7 9 10 11 12 13 14 15 16 18 20 21 22 23
16 6 7 8 9 10 11 12 13 14 15 16 18 20 21 22 23
9 9 15 17 18 19 20 21 22 23
11 7 9 10 15 17 18 19 20 21 22 23
13 6 7 8 9 10 15 17 18 19 20 21 22 23
13 7 9 10 13 14 15 17 18 19 20 21 22 23
15 6 7 8 9 10 13 14 15 17 18 19 20 21 22 23
11 9 11 15 16 17 18 19 20 21 22 23
14 7 9 10 11 12 15 16 17 18 19 20 21 22 23
16 6 7 8 9 10 11 12 15 16 17 18 19 20 21 22 23
16 7 9 10 11 12 13 14 15 16 17 18 19 20 21 22 23
18 6 7 8 9 10 11 12 13 14 15 16 17 18 19 20 21 22 23
1 14
7 4 6 9 11 12 17 18
3 2 8 21
1 10
2 15 19
5 1 3 13 16 23
3 5 7 20
1 22
1 8
1 12
1 19
1 21
1 23
5 1 5 9 17 21
4 2 11 12 22
1 16
2 8 13
6 10 14 18 19 20 23
2 3 15
5 1 4 9 11 22
5 3 5 10 16 20
10 2 6 7 8 12 14 15 17 19 23
3 13 18 21
23 1 2 3 4 5 6 7 8 9 10 11 12 13 14 15 16 17 18 19 20 21 22 23
22 1 2 3 4 5 6 7 8 9 10 11 12 13 14 16 17 18 19 20 21 22 23
4 7 9 15 16
4 1 5 8 14
14 2 3 4 6 10 11 12 13 17 18 19 20 21 23
8 1 2 8 10 11 12 15 17
15 3 4 5 6 7 9 13 14 16 18 19 20 21 22 23
11 1 2 5 7 9 10 13 16 17 18 22
3 3 6 11
2 14 21
7 4 8 12 15 19 20 23
2 7 19
6 1 4 12 18 22 23
6 2 11 13 14 15 16
3 3 5 9
2 6 17
4 8 10 20 21
1 24
1 25
1 26
3 25 26 27
1 28
1 29
3 28 29 30
3 26 29 31
5 25 26 27 29 31
5 26 28 29 30 31
7 25 26 27 28 29 30 31
1 32
1 33
3 32 33 34
1 35
3 26 35 36
5 25 26 27 35 36
5 26 29 31 35 36
7 25 26 27 29 31 35 36
7 26 28 29 30 31 35 36
9 25 26 27 28 29 30 31 35 36
1 37
3 29 37 38
5 28 29 30 37 38
5 26 29 31 37 38
7 25 26 27 29 31 37 38
7 26 28 29 30 31 37 38
9 25 26 27 28 29 30 31 37 38
7 26 29 31 35 36 37 38
9 25 26 27 29 31 35 36 37 38
9 26 28 29 30 31 35 36 37 38
11 25 26 27 28 29 30 31 35 36 37 38
3 33 37 39
5 32 33 34 37 39
5 29 33 37 38 39
7 28 29 30 33 37 38 39
7 26 29 31 33 37 38 39
9 25 26 27 29 31 33 37 38 39
9 26 28 29 30 31 33 37 38 39
11 25 26 27 28 29 30 31 33 37 38 39
7 29 32 33 34 37 38 39
9 28 29 30 32 33 34 37 38 39
9 26 29 31 32 33 34 37 38 39
11 25 26 27 29 31 32 33 34 37 38 39
11 26 28 29 30 31 32 33 34 37 38 39
13 25 26 27 28 29 30 31 32 33 34 37 38 39
9 26 29 31 33 35 36 37 38 39
11 25 26 27 29 31 33 35 36 37 38 39
11 26 28 29 30 31 33 35 36 37 38 39
13 25 26 27 28 29 30 31 33 35 36 37 38 39
11 26 29 31 32 33 34 35 36 37 38 39
13 25 26 27 29 31 32 33 34 35 36 37 38 39
13 26 28 29 30 31 32 33 34 35 36 37 38 39
15 25 26 27 28 29 30 31 32 33 34 35 36 37 38 39
1 40
3 25 40 41
5 25 26 27 40 41
7 25 26 27 29 31 40 41
9 25 26 27 28 29 30 31 40 41
7 25 26 27 35 36 40 41
9 25 26 27 29 31 35 36 40 41
11 25 26 27 28 29 30 31 35 36 40 41
1 42
3 40 42 43
5 25 40 41 42 43
7 25 26 27 40 41 42 43
9 25 26 27 29 31 40 41 42 43
11 25 26 27 28 29 30 31 40 41 42 43
9 25 26 27 35 36 40 41 42 43
11 25 26 27 29 31 35 36 40 41 42 43
13 25 26 27 28 29 30 31 35 36 40 41 42 43
1 44
3 40 44 45
5 25 40 41 44 45
7 25 26 27 40 41 44 45
9 25 26 27 29 31 40 41 44 45
11 25 26 27 28 29 30 31 40 41 44 45
9 25 26 27 35 36 40 41 44 45
11 25 26 27 29 31 35 36 40 41 44 45
13 25 26 27 28 29 30 31 35 36 40 41 44 45
5 40 42 43 44 45
7 25 40 41 42 43 44 45
9 25 26 27 40 41 42 43 44 45
11 25 26 27 29 31 40 41 42 43 44 45
13 25 26 27 28 29 30 31 40 41 42 43 44 45
11 25 26 27 35 36 40 41 42 43 44 45
13 25 26 27 29 31 35 36 40 41 42 43 44 45
15 25 26 27 28 29 30 31 35 36 40 41 42 43 44 45
3 37 40 46
5 29 37 38 40 46
7 28 29 30 37 38 40 46
7 26 29 31 37 38 40 46
9 26 28 29 30 31 37 38 40 46
9 26 29 31 35 36 37 38 40 46
11 26 28 29 30 31 35 36 37 38 40 46
5 33 37 39 40 46
7 32 33 34 37 39 40 46
7 29 33 37 38 39 40 46
9 28 29 30 33 37 38 39 40 46
9 26 29 31 33 37 38 39 40 46
11 26 28 29 30 31 33 37 38 39 40 46
9 29 32 33 34 37 38 39 40 46
11 28 29 30 32 33 34 37 38 39 40 46
11 26 29 31 32 33 34 37 38 39 40 46
13 26 28 29 30 31 32 33 34 37 38 39 40 46
11 26 29 31 33 35 36 37 38 39 40 46
13 26 28 29 30 31 33 35 36 37 38 39 40 46
13 26 29 31 32 33 34 35 36 37 38 39 40 46
15 26 28 29 30 31 32 33 34 35 36 37 38 39 40 46
5 25 37 40 41 46
7 25 26 27 37 40 41 46
9 25 26 27 35 36 37 40 41 46
7 25 29 37 38 40 41 46
9 25 28 29 30 37 38 40 41 46
10 25 26 27 29 31 37 38 40 41 46
12 25 26 27 28 29 30 31 37 38 40 41 46
12 25 26 27 29 31 35 36 37 38 40 41 46
14 25 26 27 28 29 30 31 35 36 37 38 40 41 46
7 25 33 37 39 40 41 46
9 25 26 27 33 37 39 40 41 46
9 25 32 33 34 37 39 40 41 46
11 25 26 27 32 33 34 37 39 40 41 46
11 25 26 27 33 35 36 37 39 40 41 46
13 25 26 27 32 33 34 35 36 37 39 40 41 46
9 25 29 33 37 38 39 40 41 46
11 25 28 29 30 33 37 38 39 40 41 46
12 25 26 27 29 31 33 37 38 39 40 41 46
14 25 26 27 28 29 30 31 33 37 38 39 40 41 46
11 25 29 32 33 34 37 38 39 40 41 46
13 25 28 29 30 32 33 34 37 38 39 40 41 46
14 25 26 27 29 31 32 33 34 37 38 39 40 41 46
16 25 26 27 28 29 30 31 32 33 34 37 38 39 40 41 46
14 25 26 27 29 31 33 35 36 37 38 39 40 41 46
16 25 26 27 28 29 30 31 33 35 36 37 38 39 40 41 46
16 25 26 27 29 31 32 33 34 35 36 37 38 39 40 41 46
18 25 26 27 28 29 30 31 32 33 34 35 36 37 38 39 40 41 46
5 37 40 42 43 46
7 29 37 38 40 42 43 46
9 28 29 30 37 38 40 42 43 46
9 26 29 31 37 38 40 42 43 46
11 26 28 29 30 31 37 38 40 42 43 46
11 26 29 31 35 36 37 38 40 42 43 46
13 26 28 29 30 31 35 36 37 38 40 42 43 46
7 33 37 39 40 42 43 46
9 32 33 34 37 39 40 42 43 46
9 29 33 37 38 39 40 42 43 46
11 28 29 30 33 37 38 39 40 42 43 46
11 26 29 31 33 37 38 39 40 42 43 46
13 26 28 29 30 31 33 37 38 39 40 42 43 46
11 29 32 33 34 37 38 39 40 42 43 46
13 28 29 30 32 33 34 37 38 39 40 42 43 46
13 26 29 31 32 33 34 37 38 39 40 42 43 46
15 26 28 29 30 31 32 33 34 37 38 39 40 42 43 46
13 26 29 31 33 35 36 37 38 39 40 42 43 46
15 26 28 29 30 31 33 35 36 37 38 39 40 42 43 46
15 26 29 31 32 33 34 35 36 37 38 39 40 42 43 46
17 26 28 29 30 31 32 33 34 35 36 37 38 39 40 42 43 46
7 25 37 40 41 42 43 46
9 25 26 27 37 40 41 42 43 46
11 25 26 27 35 36 37 40 41 42 43 46
9 25 29 37 38 40 41 42 43 46
11 25 28 29 30 37 38 40 41 42 43 46
12 25 26 27 29 31 37 38 40 41 42 43 46
14 25 26 27 28 29 30 31 37 38 40 41 42 43 46
14 25 26 27 29 31 35 36 37 38 40 41 42 43 46
16 25 26 27 28 29 30 31 35 36 37 38 40 41 42 43 46
9 25 33 37 39 40 41 42 43 46
11 25 26 27 33 37 39 40 41 42 43 46
11 25 32 33 34 37 39 40 41 42 43 46
13 25 26 27 32 33 34 37 39 40 41 42 43 46
13 25 26 27 33 35 36 37 39 40 41 42 43 46
15 25 26 27 32 33 34 35 36 37 39 40 41 42 43 46
11 25 29 33 37 38 39 40 41 42 43 46
13 25 28 29 30 33 37 38 39 40 41 42 43 46
14 25 26 27 29 31 33 37 38 39 40 41 42 43 46
16 25 26 27 28 29 30 31 33 37 38 39 40 41 42 43 46
13 25 29 32 33 34 37 38 39 40 41 42 43 46
15 25 28 29 30 32 33 34 37 38 39 40 41 42 43 46
16 25 26 27 29 31 32 33 34 37 38 39 40 41 42 43 46
18 25 26 27 28 29 30 31 32 33 34 37 38 39 40 41 42 43 46
16 25 26 27 29 31 33 35 36 37 38 39 40 41 42 43 46
18 25 26 27 28 29 30 31 33 35 36 37 38 39 40 41 42 43 46
18 25 26 27 29 31 32 33 34 35 36 37 38 39 40 41 42 43 46
20 25 26 27 28 29 30 31 32 33 34 35 36 37 38 39 40 41 42 43 46
5 37 40 44 45 46
7 29 37 38 40 44 45 46
9 28 29 30 37 38 40 44 45 46
9 26 29 31 37 38 40 44 45 46
11 26 28 29 30 31 37 38 40 44 45 46
11 26 29 31 35 36 37 38 40 44 45 46
13 26 28 29 30 31 35 36 37 38 40 44 45 46
7 33 37 39 40 44 45 46
9 32 33 34 37 39 40 44 45 46
9 29 33 37 38 39 40 44 45 46
11 28 29 30 33 37 38 39 40 44 45 46
11 26 29 31 33 37 38 39 40 44 45 46
13 26 28 29 30 31 33 37 38 39 40 44 45 46
11 29 32 33 34 37 38 39 40 44 45 46
13 28 29 30 32 33 34 37 38 39 40 44 45 46
13 26 29 31 32 33 34 37 38 39 40 44 45 46
15 26 28 29 30 31 32 33 34 37 38 39 40 44 45 46
13 26 29 31 33 35 36 37 38 39 40 44 45 46
15 26 28 29 30 31 33 35 36 37 38 39 40 44 45 46
15 26 29 31 32 33 34 35 36 37 38 39 40 44 45 46
17 26 28 29 30 31 32 33 34 35 36 37 38 39 40 44 45 46
7 25 37 40 41 44 45 46
9 25 26 27 37 40 41 44 45 46
11 25 26 27 35 36 37 40 41 44 45 46
9 25 29 37 38 40 41 44 45 46
11 25 28 29 30 37 38 40 41 44 45 46
12 25 26 27 29 31 37 38 40 41 44 45 46
14 25 26 27 28 29 30 31 37 38 40 41 44 45 46
14 25 26 27 29 31 35 36 37 38 40 41 44 45 46
16 25 26 27 28 29 30 31 35 36 37 38 40 41 44 45 46
9 25 33 37 39 40 41 44 45 46
11 25 26 27 33 37 39 40 41 44 45 46
11 25 32 33 34 37 39 40 41 44 45 46
13 25 26 27 32 33 34 37 39 40 41 44 45 46
13 25 26 27 33 35 36 37 39 40 41 44 45 46
15 25 26 27 32 33 34 35 36 37 39 40 41 44 45 46
11 25 29 33 37 38 39 40 41 44 45 46
13 25 28 29 30 33 37 38 39 40 41 44 45 46
14 25 26 27 29 31 33 37 38 39 40 41 44 45 46
16 25 26 27 28 29 30 31 33 37 38 39 40 41 44 45 46
13 25 29 32 33 34 37 38 39 40 41 44 45 46
15 25 28 29 30 32 33 34 37 38 39 40 41 44 45 46
16 25 26 27 29 31 32 33 34 37 38 39 40 41 44 45 46
18 25 26 27 28 29 30 31 32 33 34 37 38 39 40 41 44 45 46
16 25 26 27 29 31 33 35 36 37 38 39 40 41 44 45 46
18 25 26 27 28 29 30 31 33 35 36 37 38 39 40 41 44 45 46
18 25 26 27 29 31 32 33 34 35 36 37 38 39 40 41 44 45 46
20 25 26 27 28 29 30 31 32 33 34 35 36 37 38 39 40 41 44 45 46
7 37 40 42 43 44 45 46
9 29 37 38 40 42 43 44 45 46
11 28 29 30 37 38 40 42 43 44 45 46
11 26 29 31 37 38 40 42 43 44 45 46
13 26 28 29 30 31 37 38 40 42 43 44 45 46
13 26 29 31 35 36 37 38 40 42 43 44 45 46
15 26 28 29 30 31 35 36 37 38 40 42 43 44 45 46
9 33 37 39 40 42 43 44 45 46
11 32 33 34 37 39 40 42 43 44 45 46
11 29 33 37 38 39 40 42 43 44 45 46
13 28 29 30 33 37 38 39 40 42 43 44 45 46
13 26 29 31 33 37 38 39 40 42 43 44 45 46
15 26 28 29 30 31 33 37 38 39 40 42 43 44 45 46
13 29 32 33 34 37 38 39 40 42 43 44 45 46
15 28 29 30 32 33 34 37 38 39 40 42 43 44 45 46
15 26 29 31 32 33 34 37 38 39 40 42 43 44 45 46
17 26 28 29 30 31 32 33 34 37 38 39 40 42 43 44 45 46
15 26 29 31 33 35 36 37 38 39 40 42 43 44 45 46
17 26 28 29 30 31 33 35 36 37 38 39 40 42 43 44 45 46
17 26 29 31 32 33 34 35 36 37 38 39 40 42 43 44 45 46
19 26 28 29 30 31 32 33 34 35 36 37 38 39 40 42 43 44 45 46
9 25 37 40 41 42 43 44 45 46
11 25 26 27 37 40 41 42 43 44 45 46
13 25 26 27 35 36 37 40 41 42 43 44 45 46
11 25 29 37 38 40 41 42 43 44 45 46
13 25 28 29 30 37 38 40 41 42 43 44 45 46
14 25 26 27 29 31 37 38 40 41 42 43 44 45 46
16 25 26 27 28 29 30 31 37 38 40 41 42 43 44 45 46
16 25 26 27 29 31 35 36 37 38 40 41 42 43 44 45 46
18 25 26 27 28 29 30 31 35 36 37 38 40 41 42 43 44 45 46
11 25 33 37 39 40 41 42 43 44 45 46
13 25 26 27 33 37 39 40 41 42 43 44 45 46
13 25 32 33 34 37 39 40 41 42 43 44 45 46
15 25 26 27 32 33 34 37 39 40 41 42 43 44 45 46
15 25 26 27 33 35 36 37 39 40 41 42 43 44 45 46
17 25 26 27 32 33 34 35 36 37 39 40 41 42 43 44 45 46
13 25 29 33 37 38 39 40 41 42 43 44 45 46
15 25 28 29 30 33 37 38 39 40 41 42 43 44 45 46
16 25 26 27 29 31 33 37 38 39 40 41 42 43 44 45 46
18 25 26 27 28 29 30 31 33 37 38 39 40 41 42 43 44 45 46
15 25 29 32 33 34 37 38 39 40 41 42 43 44 45 46
17 25 28 29 30 32 33 34 37 38 39 40 41 42 43 44 45 46
18 25 26 27 29 31 32 33 34 37 38 39 40 41 42 43 44 45 46
20 25 26 27 28 29 30 31 32 33 34 37 38 39 40 41 42 43 44 45 46
18 25 26 27 29 31 33 35 36 37 38 39 40 41 42 43 44 45 46
20 25 26 27 28 29 30 31 33 35 36 37 38 39 40 41 42 43 44 45 46
20 25 26 27 29 31 32 33 34 35 36 37 38 39 40 41 42 43 44 45 46
22 25 26 27 28 29 30 31 32 33 34 35 36 37 38 39 40 41 42 43 44 45 46
1 47
3 42 47 48
5 40 42 43 47 48
7 25 40 41 42 43 47 48
9 25 26 27 40 41 42 43 47 48
11 25 26 27 29 31 40 41 42 43 47 48
13 25 26 27 28 29 30 31 40 41 42 43 47 48
11 25 26 27 35 36 40 41 42 43 47 48
13 25 26 27 29 31 35 36 40 41 42 43 47 48
15 25 26 27 28 29 30 31 35 36 40 41 42 43 47 48
7 40 42 43 44 45 47 48
9 25 40 41 42 43 44 45 47 48
11 25 26 27 40 41 42 43 44 45 47 48
13 25 26 27 29 31 40 41 42 43 44 45 47 48
15 25 26 27 28 29 30 31 40 41 42 43 44 45 47 48
13 25 26 27 35 36 40 41 42 43 44 45 47 48
15 25 26 27 29 31 35 36 40 41 42 43 44 45 47 48
17 25 26 27 28 29 30 31 35 36 40 41 42 43 44 45 47 48
7 37 40 42 43 46 47 48
9 29 37 38 40 42 43 46 47 48
11 28 29 30 37 38 40 42 43 46 47 48
11 26 29 31 37 38 40 42 43 46 47 48
13 26 28 29 30 31 37 38 40 42 43 46 47 48
13 26 29 31 35 36 37 38 40 42 43 46 47 48
15 26 28 29 30 31 35 36 37 38 40 42 43 46 47 48
9 33 37 39 40 42 43 46 47 48
11 32 33 34 37 39 40 42 43 46 47 48
11 29 33 37 38 39 40 42 43 46 47 48
13 28 29 30 33 37 38 39 40 42 43 46 47 48
13 26 29 31 33 37 38 39 40 42 43 46 47 48
15 26 28 29 30 31 33 37 38 39 40 42 43 46 47 48
13 29 32 33 34 37 38 39 40 42 43 46 47 48
15 28 29 30 32 33 34 37 38 39 40 42 43 46 47 48
15 26 29 31 32 33 34 37 38 39 40 42 43 46 47 48
17 26 28 29 30 31 32 33 34 37 38 39 40 42 43 46 47 48
15 26 29 31 33 35 36 37 38 39 40 42 43 46 47 48
17 26 28 29 30 31 33 35 36 37 38 39 40 42 43 46 47 48
17 26 29 31 32 33 34 35 36 37 38 39 40 42 43 46 47 48
19 26 28 29 30 31 32 33 34 35 36 37 38 39 40 42 43 46 47 48
9 25 37 40 41 42 43 46 47 48
11 25 26 27 37 40 41 42 43 46 47 48
13 25 26 27 35 36 37 40 41 42 43 46 47 48
11 25 29 37 38 40 41 42 43 46 47 48
13 25 28 29 30 37 38 40 41 42 43 46 47 48
14 25 26 27 29 31 37 38 40 41 42 43 46 47 48
16 25 26 27 28 29 30 31 37 38 40 41 42 43 46 47 48
16 25 26 27 29 31 35 36 37 38 40 41 42 43 46 47 48
18 25 26 27 28 29 30 31 35 36 37 38 40 41 42 43 46 47 48
11 25 33 37 39 40 41 42 43 46 47 48
13 25 26 27 33 37 39 40 41 42 43 46 47 48
13 25 32 33 34 37 39 40 41 42 43 46 47 48
15 25 26 27 32 33 34 37 39 40 41 42 43 46 47 48
15 25 26 27 33 35 36 37 39 40 41 42 43 46 47 48
17 25 26 27 32 33 34 35 36 37 39 40 41 42 43 46 47 48
13 25 29 33 37 38 39 40 41 42 43 46 47 48
15 25 28 29 30 33 37 38 39 40 41 42 43 46 47 48
16 25 26 27 29 31 33 37 38 39 40 41 42 43 46 47 48
18 25 26 27 28 29 30 31 33 37 38 39 40 41 42 43 46 47 48
15 25 29 32 33 34 37 38 39 40 41 42 43 46 47 48
17 25 28 29 30 32 33 34 37 38 39 40 41 42 43 46 47 48
18 25 26 27 29 31 32 33 34 37 38 39 40 41 42 43 46 47 48
20 25 26 27 28 29 30 31 32 33 34 37 38 39 40 41 42 43 46 47 48
18 25 26 27 29 31 33 35 36 37 38 39 40 41 42 43 46 47 48
20 25 26 27 28 29 30 31 33 35 36 37 38 39 40 41 42 43 46 47 48
20 25 26 27 29 31 32 33 34 35 36 37 38 39 40 41 42 43 46 47 48
22 25 26 27 28 29 30 31 32 33 34 35 36 37 38 39 40 41 42 43 46 47 48
9 37 40 42 43 44 45 46 47 48
11 29 37 38 40 42 43 44 45 46 47 48
13 28 29 30 37 38 40 42 43 44 45 46 47 48
13 26 29 31 37 38 40 42 43 44 45 46 47 48
15 26 28 29 30 31 37 38 40 42 43 44 45 46 47 48
15 26 29 31 35 36 37 38 40 42 43 44 45 46 47 48
17 26 28 29 30 31 35 36 37 38 40 42 43 44 45 46 47 48
11 33 37 39 40 42 43 44 45 46 47 48
13 32 33 34 37 39 40 42 43 44 45 46 47 48
13 29 33 37 38 39 40 42 43 44 45 46 47 48
15 28 29 30 33 37 38 39 40 42 43 44 45 46 47 48
15 26 29 31 33 37 38 39 40 42 43 44 45 46 47 48
17 26 28 29 30 31 33 37 38 39 40 42 43 44 45 46 47 48
15 29 32 33 34 37 38 39 40 42 43 44 45 46 47 48
17 28 29 30 32 33 34 37 38 39 40 42 43 44 45 46 47 48
17 26 29 31 32 33 34 37 38 39 40 42 43 44 45 46 47 48
19 26 28 29 30 31 32 33 34 37 38 39 40 42 43 44 45 46 47 48
17 26 29 31 33 35 36 37 38 39 40 42 43 44 45 46 47 48
19 26 28 29 30 31 33 35 36 37 38 39 40 42 43 44 45 46 47 48
19 26 29 31 32 33 34 35 36 37 38 39 40 42 43 44 45 46 47 48
21 26 28 29 30 31 32 33 34 35 36 37 38 39 40 42 43 44 45 46 47 48
11 25 37 40 41 42 43 44 45 46 47 48
13 25 26 27 37 40 41 42 43 44 45 46 47 48
15 25 26 27 35 36 37 40 41 42 43 44 45 46 47 48
13 25 29 37 38 40 41 42 43 44 45 46 47 48
15 25 28 29 30 37 38 40 41 42 43 44 45 46 47 48
16 25 26 27 29 31 37 38 40 41 42 43 44 45 46 47 48
18 25 26 27 28 29 30 31 37 38 40 41 42 43 44 45 46 47 48
18 25 26 27 29 31 35 36 37 38 40 41 42 43 44 45 46 47 48
20 25 26 27 28 29 30 31 35 36 37 38 40 41 42 43 44 45 46 47 48
13 25 33 37 39 40 41 42 43 44 45 46 47 48
15 25 26 27 33 37 39 40 41 42 43 44 45 46 47 48
15 25 32 33 34 37 39 40 41 42 43 44 45 46 47 48
17 25 26 27 32 33 34 37 39 40 41 42 43 44 45 46 47 48
17 25 26 27 33 35 36 37 39 40 41 42 43 44 45 46 47 48
19 25 26 27 32 33 34 35 36 37 39 40 41 42 43 44 45 46 47 48
15 25 29 33 37 38 39 40 41 42 43 44 45 46 47 48
17 25 28 29 30 33 37 38 39 40 41 42 43 44 45 46 47 48
18 25 26 27 29 31 33 37 38 39 40 41 42 43 44 45 46 47 48
20 25 26 27 28 29 30 31 33 37 38 39 40 41 42 43 44 45 46 47 48
17 25 29 32 33 34 37 38 39 40 41 42 43 44 45 46 47 48
19 25 28 29 30 32 33 34 37 38 39 40 41 42 43 44 45 46 47 48
20 25 26 27 29 31 32 33 34 37 38 39 40 41 42 43 44 45 46 47 48
22 25 26 27 28 29 30 31 32 33 34 37 38 39 40 41 42 43 44 45 46 47 48
20 25 26 27 29 31 33 35 36 37 38 39 40 41 42 43 44 45 46 47 48
22 25 26 27 28 29 30 31 33 35 36 37 38 39 40 41 42 43 44 45 46 47 48
22 25 26 27 29 31 32 33 34 35 36 37 38 39 40 41 42 43 44 45 46 47 48
24 25 26 27 28 29 30 31 32 33 34 35 36 37 38 39 40 41 42 43 44 45 46 47 48
4 24 30 36 40
3 25 33 35
17 26 27 28 29 31 32 34 37 38 39 41 43 44 45 46 47 48
1 39
1 43
1 48
1 41
2 35 44
4 27 36 37 39
6 24 29 33 40 42 43
1 30
1 31
2 45 46
3 25 26 32
3 34 38 47
1 27
1 38
1 45
1 36
2 40 46
9 26 27 28 29 30 33 38 41 44
2 42 47
2 34 37
5 24 31 32 35 39
2 43 45
1 34
1 46
4 25 28 36 41
2 37 47
2 30 40
7 27 32 33 35 38 46 48
2 31 42
5 29 34 39 43 44
2 26 45
25 24 25 26 27 28 29 30 31 32 33 34 35 36 37 38 39 40 41 42 43 44 45 46 47 48
4 27 33 40 43
6 31 32 39 41 42 47
4 24 44 46 48
11 25 26 28 29 30 34 35 36 37 38 45
2 36 42
9 25 26 27 31 34 35 37 40 41
3 28 33 47
4 38 39 43 44
4 30 32 46 48
1 49
1 50
3 49 50 51
1 52
3 50 52 53
5 49 50 51 52 53
1 54
1 55
3 54 55 56
1 57
3 55 57 58
5 54 55 56 57 58
3 52 55 59
5 50 52 53 55 59
7 49 50 51 52 53 55 59
5 52 54 55 56 59
7 50 52 53 54 55 56 59
9 49 50 51 52 53 54 55 56 59
5 52 55 57 58 59
7 50 52 53 55 57 58 59
9 49 50 51 52 53 55 57 58 59
7 52 54 55 56 57 58 59
9 50 52 53 54 55 56 57 58 59
11 49 50 51 52 53 54 55 56 57 58 59
1 60
1 61
3 60 61 62
1 63
3 61 63 64
5 60 61 62 63 64
1 65
3 60 65 66
5 60 61 62 65 66
7 60 61 62 63 64 65 66
3 57 65 67
5 55 57 58 65 67
7 54 55 56 57 58 65 67
7 52 55 57 58 59 65 67
9 50 52 53 55 57 58 59 65 67
11 49 50 51 52 53 55 57 58 59 65 67
9 52 54 55 56 57 58 59 65 67
11 50 52 53 54 55 56 57 58 59 65 67
13 49 50 51 52 53 54 55 56 57 58 59 65 67
5 57 60 65 66 67
7 55 57 58 60 65 66 67
9 54 55 56 57 58 60 65 66 67
9 52 55 57 58 59 60 65 66 67
11 50 52 53 55 57 58 59 60 65 66 67
13 49 50 51 52 53 55 57 58 59 60 65 66 67
11 52 54 55 56 57 58 59 60 65 66 67
13 50 52 53 54 55 56 57 58 59 60 65 66 67
15 49 50 51 52 53 54 55 56 57 58 59 60 65 66 67
7 57 60 61 62 65 66 67
9 55 57 58 60 61 62 65 66 67
11 54 55 56 57 58 60 61 62 65 66 67
11 52 55 57 58 59 60 61 62 65 66 67
13 50 52 53 55 57 58 59 60 61 62 65 66 67
15 49 50 51 52 53 55 57 58 59 60 61 62 65 66 67
13 52 54 55 56 57 58 59 60 61 62 65 66 67
15 50 52 53 54 55 56 57 58 59 60 61 62 65 66 67
17 49 50 51 52 53 54 55 56 57 58 59 60 61 62 65 66 67
3 49 50 52
9 51 57 58 60 61 62 64 66 67
3 55 63 65
4 53 54 56 59
1 58
1 64
1 66
1 67
3 53 59 64
3 52 57 65
9 49 54 55 56 60 61 63 66 67
4 50 51 58 62
1 51
1 53
1 56
1 59
1 62
5 57 59 62 64 65
3 53 55 61
4 58 60 66 67
7 49 50 51 52 54 56 63
2 52 67
4 49 54 55 57
3 58 59 60
4 53 62 63 65
4 50 51 56 66
1 68
1 69
1 70
1 71
3 70 71 72
1 73
3 71 73 74
5 70 71 72 73 74
1 75
3 71 75 76
5 70 71 72 75 76
5 71 73 74 75 76
7 70 71 72 73 74 75 76
1 77
1 78
3 77 78 79
1 80
3 71 80 81
5 70 71 72 80 81
5 71 73 74 80 81
7 70 71 72 73 74 80 81
5 71 75 76 80 81
7 70 71 72 75 76 80 81
7 71 73 74 75 76 80 81
9 70 71 72 73 74 75 76 80 81
3 78 80 82
5 77 78 79 80 82
5 71 78 80 81 82
7 70 71 72 78 80 81 82
7 71 73 74 78 80 81 82
9 70 71 72 73 74 78 80 81 82
7 71 75 76 78 80 81 82
9 70 71 72 75 76 78 80 81 82
9 71 73 74 75 76 78 80 81 82
11 70 71 72 73 74 75 76 78 80 81 82
7 71 77 78 79 80 81 82
9 70 71 72 77 78 79 80 81 82
9 71 73 74 77 78 79 80 81 82
11 70 71 72 73 74 77 78 79 80 81 82
9 71 75 76 77 78 79 80 81 82
11 70 71 72 75 76 77 78 79 80 81 82
11 71 73 74 75 76 77 78 79 80 81 82
13 70 71 72 73 74 75 76 77 78 79 80 81 82
1 81
5 70 71 74 76 80
4 75 77 78 82
4 69 72 73 79
1 72
1 74
1 76
15 68 69 70 71 72 73 74 75 76 77 78 79 80 81 82
1 79
1 82
2 71 81
8 69 70 75 76 77 78 79 82
5 68 72 73 74 80
2 70 80
4 74 75 78 82
3 68 73 79
2 76 77
2 72 81
6 68 69 73 77 80 82
2 74 81
4 71 75 78 79
1 83
1 84
1 85
3 84 85 86
1 87
3 84 87 88
5 84 85 86 87 88
1 89
3 87 89 90
5 84 87 88 89 90
7 84 85 86 87 88 89 90
1 91
3 87 91 92
5 84 87 88 91 92
7 84 85 86 87 88 91 92
5 87 89 90 91 92
7 84 87 88 89 90 91 92
9 84 85 86 87 88 89 90 91 92
1 93
3 89 93 94
5 87 89 90 93 94
7 84 87 88 89 90 93 94
9 84 85 86 87 88 89 90 93 94
7 87 89 90 91 92 93 94
9 84 87 88 89 90 91 92 93 94
11 84 85 86 87 88 89 90 91 92 93 94
1 95
3 93 95 96
5 89 93 94 95 96
7 87 89 90 93 94 95 96
9 84 87 88 89 90 93 94 95 96
3 85 95 97
5 84 85 86 95 97
7 84 85 86 87 88 95 97
9 84 85 86 87 88 89 90 95 97
5 85 93 95 96 97
7 84 85 86 93 95 96 97
9 84 85 86 87 88 93 95 96 97
7 85 89 93 94 95 96 97
9 84 85 86 89 93 94 95 96 97
9 85 87 89 90 93 94 95 96 97
12 84 85 86 87 88 89 90 93 94 95 96 97
3 91 95 98
5 87 91 92 95 98
7 84 87 88 91 92 95 98
7 87 89 90 91 92 95 98
9 84 87 88 89 90 91 92 95 98
5 91 93 95 96 98
7 87 91 92 93 95 96 98
9 84 87 88 91 92 93 95 96 98
7 89 91 93 94 95 96 98
10 87 89 90 91 92 93 94 95 96 98
12 84 87 88 89 90 91 92 93 94 95 96 98
5 85 91 95 97 98
7 84 85 86 91 95 97 98
7 85 87 91 92 95 97 98
10 84 85 86 87 88 91 92 95 97 98
9 85 87 89 90 91 92 95 97 98
12 84 85 86 87 88 89 90 91 92 95 97 98
7 85 91 93 95 96 97 98
9 84 85 86 91 93 95 96 97 98
9 85 87 91 92 93 95 96 97 98
12 84 85 86 87 88 91 92 93 95 96 97 98
9 85 89 91 93 94 95 96 97 98
11 84 85 86 89 91 93 94 95 96 97 98
12 85 87 89 90 91 92 93 94 95 96 97 98
15 84 85 86 87 88 89 90 91 92 93 94 95 96 97 98
1 99
1 100
3 99 100 101
1 102
3 93 102 103
5 89 93 94 102 103
7 87 89 90 93 94 102 103
9 84 87 88 89 90 93 94 102 103
11 84 85 86 87 88 89 90 93 94 102 103
9 87 89 90 91 92 93 94 102 103
11 84 87 88 89 90 91 92 93 94 102 103
13 84 85 86 87 88 89 90 91 92 93 94 102 103
5 93 95 96 102 103
7 89 93 94 95 96 102 103
9 87 89 90 93 94 95 96 102 103
11 84 87 88 89 90 93 94 95 96 102 103
7 85 93 95 96 97 102 103
9 84 85 86 93 95 96 97 102 103
11 84 85 86 87 88 93 95 96 97 102 103
9 85 89 93 94 95 96 97 102 103
11 84 85 86 89 93 94 95 96 97 102 103
11 85 87 89 90 93 94 95 96 97 102 103
14 84 85 86 87 88 89 90 93 94 95 96 97 102 103
7 91 93 95 96 98 102 103
9 87 91 92 93 95 96 98 102 103
11 84 87 88 91 92 93 95 96 98 102 103
9 89 91 93 94 95 96 98 102 103
12 87 89 90 91 92 93 94 95 96 98 102 103
14 84 87 88 89 90 91 92 93 94 95 96 98 102 103
9 85 91 93 95 96 97 98 102 103
11 84 85 86 91 93 95 96 97 98 102 103
11 85 87 91 92 93 95 96 97 98 102 103
14 84 85 86 87 88 91 92 93 95 96 97 98 102 103
11 85 89 91 93 94 95 96 97 98 102 103
13 84 85 86 89 91 93 94 95 96 97 98 102 103
14 85 87 89 90 91 92 93 94 95 96 97 98 102 103
17 84 85 86 87 88 89 90 91 92 93 94 95 96 97 98 102 103
1 104
1 105
3 104 105 106
1 107
3 105 107 108
5 104 105 106 107 108
10 83 87 88 91 94 97 98 99 105 108
2 90 100
7 86 89 92 96 102 104 107
7 84 85 93 95 101 103 106
1 88
1 90
1 92
1 94
1 96
1 98
1 103
1 108
7 86 89 92 94 95 99 107
2 103 108
2 90 96
9 83 84 87 98 100 101 102 104 106
1 97
1 101
26 83 84 85 86 87 88 89 90 91 92 93 94 95 96 97 98 99 100 101 102 103 104 105 106 107 108
8 91 97 99 100 101 103 104 106
18 83 84 85 86 87 88 89 90 92 93 94 95 96 98 102 105 107 108
1 106
2 95 107
2 87 106
3 97 100 104
3 86 90 94
2 92 108
6 83 84 88 96 99 102
7 85 91 93 98 101 103 105
1 109
1 110
1 111
3 110 111 112
1 113
1 114
3 113 114 115
1 116
3 114 116 117
5 113 114 115 116 117
1 118
1 119
3 118 119 120
1 121
3 114 121 122
5 113 114 115 121 122
5 114 116 117 121 122
7 113 114 115 116 117 121 122
1 123
1 124
3 123 124 125
3 118 124 126
5 118 119 120 124 126
5 118 123 124 125 126
7 118 119 120 123 124 125 126
5 110 114 121 122 123
3 117 119 124
1 125
3 111 115 126
4 112 113 118 120
1 112
1 117
1 122
3 113 115 123
8 109 112 116 117 120 122 124 126
3 110 111 125
2 118 119
1 115
1 120
1 126
3 110 122 123
3 111 120 125
2 117 121
7 113 114 115 116 119 124 126
2 109 118
3 111 116 120
2 119 123
3 110 112 121
5 109 114 118 122 125
2 124 126
2 116 119
2 122 126
2 114 115
4 111 113 118 121
5 109 110 120 123 125
1 127
1 128
1 129
1 130
3 129 130 131
1 132
1 133
3 132 133 134
1 135
1 136
3 135 136 137
1 138
3 136 138 139
5 135 136 137 138 139
1 140
3 138 140 141
5 136 138 139 140 141
7 135 136 137 138 139 140 141
5 131 132 135 136 139
4 127 128 138 141
4 129 133 134 137
2 130 140
1 131
1 134
1 137
1 141
5 129 131 135 136 139
3 134 140 141
2 130 137
3 128 132 133
1 139
3 128 130 139
4 131 132 135 138
6 127 129 133 137 140 141
15 127 128 129 130 131 132 133 134 135 136 137 138 139 140 141
6 128 129 131 134 136 140
8 127 130 132 133 135 138 139 141
3 130 138 140
4 127 131 134 136
4 128 129 132 133
2 139 141
2 130 136
7 128 129 132 133 135 137 140
4 127 131 134 138
1 142
1 143
1 144
1 145
1 146
1 147
1 148
1 149
3 148 149 150
1 151
3 148 151 152
5 148 149 150 151 152
1 153
1 154
3 153 154 155
1 156
3 153 156 157
5 153 154 155 156 157
1 158
1 159
3 158 159 160
1 161
1 162
3 161 162 163
1 160
2 155 161
16 142 144 146 147 148 149 150 151 152 153 154 157 158 159 162 163
1 150
1 152
1 155
1 157
1 163
4 144 152 153 160
4 148 149 155 162
2 146 156
2 143 145
6 147 151 154 158 159 161
6 142 147 153 156 158 162
2 157 163
2 144 150
8 145 148 149 152 154 155 159 160
9 144 148 149 151 152 154 157 158 159
4 142 143 160 163
2 147 161
2 150 153
2 151 157
4 143 147 155 160
4 146 149 153 154
11 142 144 145 148 152 156 158 159 161 162 163
3 143 158 162
5 147 149 156 160 161
7 142 144 148 151 152 155 163
5 145 150 153 154 159
5 143 147 152 155 158
4 144 145 150 162
2 153 159
6 146 148 151 160 161 163
2 149 154
4 151 155 157 163
18 142 143 144 145 146 147 148 149 150 152 153 154 156 158 159 160 161 162
2 146 155
6 142 143 151 152 159 160
4 144 145 157 158
3 147 153 162
4 148 150 156 161
3 144 154 161
6 146 147 150 153 155 157
13 142 143 145 148 149 151 152 156 158 159 160 162 163
14 142 144 145 148 150 151 153 154 155 157 160 161 162 163
4 146 147 152 156
2 143 149
22 142 143 144 145 146 147 148 149 150 151 152 153 154 155 156 157 158 159 160 161 162 163
3 146 153 155
5 148 149 151 154 160
2 158 161
4 143 157 159 162
4 147 150 152 156
2 142 159
4 144 146 148 150
3 149 153 160
2 147 156
6 143 152 154 155 161 162
3 157 158 163
5 144 148 151 157 162
17 142 143 145 146 147 149 150 152 153 154 155 156 158 159 160 161 163
