162 883
1 1
1 2
1 3
1 4
1 5
1 6
3 5 6 7
1 8
1 9
3 8 9 10
1 11
1 12
3 11 12 13
1 14
3 9 14 15
5 8 9 10 14 15
1 16
1 17
3 16 17 18
1 19
3 11 19 20
5 11 12 13 19 20
1 21
1 22
3 21 22 23
3 19 22 24
5 11 19 20 22 24
7 11 12 13 19 20 22 24
5 19 21 22 23 24
7 11 19 20 21 22 23 24
9 11 12 13 19 20 21 22 23 24
24 1 2 3 4 5 6 7 8 9 10 11 12 13 14 15 16 17 18 19 20 21 22 23 24
1 18
1 20
1 24
8 1 3 4 5 12 14 17 20
2 7 10
6 6 8 9 11 22 24
4 2 13 15 23
1 7
1 10
1 13
1 23
3 9 16 18
14 3 4 5 7 10 11 14 15 17 20 21 22 23 24
3 2 12 13
3 1 6 8
3 6 10 16
9 1 3 7 9 11 13 14 18 19
4 8 12 23 24
3 4 21 22
3 5 15 20
1 15
9 2 3 5 10 14 20 21 22 24
4 7 9 15 23
8 1 4 6 8 12 13 17 19
2 5 12
11 1 2 4 6 7 8 10 15 17 19 24
2 3 18
8 9 11 13 14 16 20 22 23
9 2 3 6 9 11 15 17 20 24
10 1 5 7 8 10 12 14 21 22 23
5 4 13 16 18 19
1 25
1 26
3 25 26 27
1 28
3 25 28 29
5 25 26 27 28 29
1 30
1 31
3 30 31 32
1 33
1 34
3 33 34 35
1 36
3 34 36 37
5 33 34 35 36 37
1 38
3 36 38 39
5 34 36 37 38 39
7 33 34 35 36 37 38 39
1 40
3 28 40 41
5 25 28 29 40 41
7 25 26 27 28 29 40 41
1 42
1 43
3 42 43 44
3 31 43 45
5 30 31 32 43 45
5 31 42 43 44 45
7 30 31 32 42 43 44 45
1 46
1 47
3 46 47 48
3 43 47 49
5 42 43 44 47 49
5 31 43 45 47 49
7 30 31 32 43 45 47 49
7 31 42 43 44 45 47 49
9 30 31 32 42 43 44 45 47 49
5 43 46 47 48 49
7 42 43 44 46 47 48 49
7 31 43 45 46 47 48 49
9 30 31 32 43 45 46 47 48 49
9 31 42 43 44 45 46 47 48 49
11 30 31 32 42 43 44 45 46 47 48 49
1 50
3 26 50 51
5 25 26 27 50 51
7 25 26 27 28 29 50 51
9 25 26 27 28 29 40 41 50 51
1 52
3 33 52 53
5 33 34 35 52 53
7 33 34 35 36 37 52 53
9 33 34 35 36 37 38 39 52 53
3 30 52 54
5 30 31 32 52 54
7 30 31 32 43 45 52 54
9 30 31 32 42 43 44 45 52 54
9 30 31 32 43 45 47 49 52 54
11 30 31 32 42 43 44 45 47 49 52 54
11 30 31 32 43 45 46 47 48 49 52 54
13 30 31 32 42 43 44 45 46 47 48 49 52 54
5 30 33 52 53 54
7 30 31 32 33 52 53 54
7 30 33 34 35 52 53 54
9 30 31 32 33 34 35 52 53 54
9 30 31 32 33 43 45 52 53 54
11 30 31 32 33 34 35 43 45 52 53 54
11 30 31 32 33 42 43 44 45 52 53 54
13 30 31 32 33 34 35 42 43 44 45 52 53 54
11 30 31 32 33 43 45 47 49 52 53 54
13 30 31 32 33 34 35 43 45 47 49 52 53 54
13 30 31 32 33 42 43 44 45 47 49 52 53 54
15 30 31 32 33 34 35 42 43 44 45 47 49 52 53 54
13 30 31 32 33 43 45 46 47 48 49 52 53 54
15 30 31 32 33 34 35 43 45 46 47 48 49 52 53 54
15 30 31 32 33 42 43 44 45 46 47 48 49 52 53 54
17 30 31 32 33 34 35 42 43 44 45 46 47 48 49 52 53 54
3 50 52 55
5 26 50 51 52 55
7 25 26 27 50 51 52 55
9 25 26 27 28 29 50 51 52 55
11 25 26 27 28 29 40 41 50 51 52 55
5 33 50 52 53 55
7 33 34 35 50 52 53 55
9 33 34 35 36 37 50 52 53 55
11 33 34 35 36 37 38 39 50 52 53 55
7 26 33 50 51 52 53 55
9 25 26 27 33 50 51 52 53 55
11 25 26 27 28 29 33 50 51 52 53 55
9 26 33 34 35 50 51 52 53 55
11 25 26 27 33 34 35 50 51 52 53 55
13 25 26 27 28 29 33 34 35 50 51 52 53 55
11 26 33 34 35 36 37 50 51 52 53 55
13 25 26 27 33 34 35 36 37 50 51 52 53 55
15 25 26 27 28 29 33 34 35 36 37 50 51 52 53 55
13 26 33 34 35 36 37 38 39 50 51 52 53 55
15 25 26 27 33 34 35 36 37 38 39 50 51 52 53 55
17 25 26 27 28 29 33 34 35 36 37 38 39 50 51 52 53 55
13 25 26 27 28 29 33 40 41 50 51 52 53 55
15 25 26 27 28 29 33 34 35 40 41 50 51 52 53 55
17 25 26 27 28 29 33 34 35 36 37 40 41 50 51 52 53 55
19 25 26 27 28 29 33 34 35 36 37 38 39 40 41 50 51 52 53 55
5 30 50 52 54 55
7 30 31 32 50 52 54 55
9 30 31 32 43 45 50 52 54 55
11 30 31 32 42 43 44 45 50 52 54 55
11 30 31 32 43 45 47 49 50 52 54 55
13 30 31 32 42 43 44 45 47 49 50 52 54 55
13 30 31 32 43 45 46 47 48 49 50 52 54 55
15 30 31 32 42 43 44 45 46 47 48 49 50 52 54 55
7 26 30 50 51 52 54 55
9 25 26 27 30 50 51 52 54 55
11 25 26 27 28 29 30 50 51 52 54 55
9 26 30 31 32 50 51 52 54 55
11 25 26 27 30 31 32 50 51 52 54 55
13 25 26 27 28 29 30 31 32 50 51 52 54 55
13 25 26 27 28 29 30 40 41 50 51 52 54 55
15 25 26 27 28 29 30 31 32 40 41 50 51 52 54 55
7 30 33 50 52 53 54 55
9 30 31 32 33 50 52 53 54 55
9 30 33 34 35 50 52 53 54 55
11 30 31 32 33 34 35 50 52 53 54 55
11 30 31 32 33 43 45 50 52 53 54 55
13 30 31 32 33 34 35 43 45 50 52 53 54 55
13 30 31 32 33 42 43 44 45 50 52 53 54 55
15 30 31 32 33 34 35 42 43 44 45 50 52 53 54 55
13 30 31 32 33 43 45 47 49 50 52 53 54 55
15 30 31 32 33 34 35 43 45 47 49 50 52 53 54 55
15 30 31 32 33 42 43 44 45 47 49 50 52 53 54 55
17 30 31 32 33 34 35 42 43 44 45 47 49 50 52 53 54 55
15 30 31 32 33 43 45 46 47 48 49 50 52 53 54 55
17 30 31 32 33 34 35 43 45 46 47 48 49 50 52 53 54 55
17 30 31 32 33 42 43 44 45 46 47 48 49 50 52 53 54 55
19 30 31 32 33 34 35 42 43 44 45 46 47 48 49 50 52 53 54 55
9 26 30 33 50 51 52 53 54 55
11 25 26 27 30 33 50 51 52 53 54 55
13 25 26 27 28 29 30 33 50 51 52 53 54 55
11 26 30 31 32 33 50 51 52 53 54 55
13 25 26 27 30 31 32 33 50 51 52 53 54 55
15 25 26 27 28 29 30 31 32 33 50 51 52 53 54 55
11 26 30 33 34 35 50 51 52 53 54 55
13 25 26 27 30 33 34 35 50 51 52 53 54 55
15 25 26 27 28 29 30 33 34 35 50 51 52 53 54 55
13 26 30 31 32 33 34 35 50 51 52 53 54 55
15 25 26 27 30 31 32 33 34 35 50 51 52 53 54 55
17 25 26 27 28 29 30 31 32 33 34 35 50 51 52 53 54 55
13 26 30 33 34 35 36 37 50 51 52 53 54 55
15 25 26 27 30 33 34 35 36 37 50 51 52 53 54 55
17 25 26 27 28 29 30 33 34 35 36 37 50 51 52 53 54 55
15 26 30 31 32 33 34 35 36 37 50 51 52 53 54 55
17 25 26 27 30 31 32 33 34 35 36 37 50 51 52 53 54 55
19 25 26 27 28 29 30 31 32 33 34 35 36 37 50 51 52 53 54 55
15 26 30 33 34 35 36 37 38 39 50 51 52 53 54 55
17 25 26 27 30 33 34 35 36 37 38 39 50 51 52 53 54 55
19 25 26 27 28 29 30 33 34 35 36 37 38 39 50 51 52 53 54 55
17 26 30 31 32 33 34 35 36 37 38 39 50 51 52 53 54 55
19 25 26 27 30 31 32 33 34 35 36 37 38 39 50 51 52 53 54 55
21 25 26 27 28 29 30 31 32 33 34 35 36 37 38 39 50 51 52 53 54 55
15 25 26 27 28 29 30 33 40 41 50 51 52 53 54 55
17 25 26 27 28 29 30 31 32 33 40 41 50 51 52 53 54 55
17 25 26 27 28 29 30 33 34 35 40 41 50 51 52 53 54 55
19 25 26 27 28 29 30 31 32 33 34 35 40 41 50 51 52 53 54 55
19 25 26 27 28 29 30 33 34 35 36 37 40 41 50 51 52 53 54 55
21 25 26 27 28 29 30 31 32 33 34 35 36 37 40 41 50 51 52 53 54 55
21 25 26 27 28 29 30 33 34 35 36 37 38 39 40 41 50 51 52 53 54 55
23 25 26 27 28 29 30 31 32 33 34 35 36 37 38 39 40 41 50 51 52 53 54 55
1 56
3 34 56 57
5 33 34 35 56 57
5 34 36 37 56 57
7 33 34 35 36 37 56 57
7 34 36 37 38 39 56 57
9 33 34 35 36 37 38 39 56 57
3 52 56 58
5 33 52 53 56 58
5 30 52 54 56 58
7 30 31 32 52 54 56 58
9 30 31 32 43 45 52 54 56 58
11 30 31 32 42 43 44 45 52 54 56 58
11 30 31 32 43 45 47 49 52 54 56 58
13 30 31 32 42 43 44 45 47 49 52 54 56 58
13 30 31 32 43 45 46 47 48 49 52 54 56 58
15 30 31 32 42 43 44 45 46 47 48 49 52 54 56 58
7 30 33 52 53 54 56 58
9 30 31 32 33 52 53 54 56 58
11 30 31 32 33 43 45 52 53 54 56 58
13 30 31 32 33 42 43 44 45 52 53 54 56 58
13 30 31 32 33 43 45 47 49 52 53 54 56 58
15 30 31 32 33 42 43 44 45 47 49 52 53 54 56 58
15 30 31 32 33 43 45 46 47 48 49 52 53 54 56 58
17 30 31 32 33 42 43 44 45 46 47 48 49 52 53 54 56 58
5 50 52 55 56 58
7 26 50 51 52 55 56 58
9 25 26 27 50 51 52 55 56 58
11 25 26 27 28 29 50 51 52 55 56 58
13 25 26 27 28 29 40 41 50 51 52 55 56 58
7 33 50 52 53 55 56 58
9 26 33 50 51 52 53 55 56 58
11 25 26 27 33 50 51 52 53 55 56 58
13 25 26 27 28 29 33 50 51 52 53 55 56 58
15 25 26 27 28 29 33 40 41 50 51 52 53 55 56 58
7 30 50 52 54 55 56 58
9 30 31 32 50 52 54 55 56 58
11 30 31 32 43 45 50 52 54 55 56 58
13 30 31 32 42 43 44 45 50 52 54 55 56 58
13 30 31 32 43 45 47 49 50 52 54 55 56 58
15 30 31 32 42 43 44 45 47 49 50 52 54 55 56 58
15 30 31 32 43 45 46 47 48 49 50 52 54 55 56 58
17 30 31 32 42 43 44 45 46 47 48 49 50 52 54 55 56 58
9 26 30 50 51 52 54 55 56 58
11 25 26 27 30 50 51 52 54 55 56 58
13 25 26 27 28 29 30 50 51 52 54 55 56 58
11 26 30 31 32 50 51 52 54 55 56 58
13 25 26 27 30 31 32 50 51 52 54 55 56 58
15 25 26 27 28 29 30 31 32 50 51 52 54 55 56 58
15 25 26 27 28 29 30 40 41 50 51 52 54 55 56 58
17 25 26 27 28 29 30 31 32 40 41 50 51 52 54 55 56 58
9 30 33 50 52 53 54 55 56 58
11 30 31 32 33 50 52 53 54 55 56 58
13 30 31 32 33 43 45 50 52 53 54 55 56 58
15 30 31 32 33 42 43 44 45 50 52 53 54 55 56 58
15 30 31 32 33 43 45 47 49 50 52 53 54 55 56 58
17 30 31 32 33 42 43 44 45 47 49 50 52 53 54 55 56 58
17 30 31 32 33 43 45 46 47 48 49 50 52 53 54 55 56 58
19 30 31 32 33 42 43 44 45 46 47 48 49 50 52 53 54 55 56 58
11 26 30 33 50 51 52 53 54 55 56 58
13 25 26 27 30 33 50 51 52 53 54 55 56 58
15 25 26 27 28 29 30 33 50 51 52 53 54 55 56 58
13 26 30 31 32 33 50 51 52 53 54 55 56 58
15 25 26 27 30 31 32 33 50 51 52 53 54 55 56 58
17 25 26 27 28 29 30 31 32 33 50 51 52 53 54 55 56 58
17 25 26 27 28 29 30 33 40 41 50 51 52 53 54 55 56 58
19 25 26 27 28 29 30 31 32 33 40 41 50 51 52 53 54 55 56 58
5 34 52 56 57 58
7 34 36 37 52 56 57 58
9 34 36 37 38 39 52 56 57 58
8 33 34 35 52 53 56 57 58
10 33 34 35 36 37 52 53 56 57 58
12 33 34 35 36 37 38 39 52 53 56 57 58
7 30 34 52 54 56 57 58
9 30 31 32 34 52 54 56 57 58
9 30 34 36 37 52 54 56 57 58
11 30 31 32 34 36 37 52 54 56 57 58
11 30 34 36 37 38 39 52 54 56 57 58
13 30 31 32 34 36 37 38 39 52 54 56 57 58
11 30 31 32 34 43 45 52 54 56 57 58
13 30 31 32 34 36 37 43 45 52 54 56 57 58
15 30 31 32 34 36 37 38 39 43 45 52 54 56 57 58
13 30 31 32 34 42 43 44 45 52 54 56 57 58
15 30 31 32 34 36 37 42 43 44 45 52 54 56 57 58
17 30 31 32 34 36 37 38 39 42 43 44 45 52 54 56 57 58
13 30 31 32 34 43 45 47 49 52 54 56 57 58
15 30 31 32 34 36 37 43 45 47 49 52 54 56 57 58
17 30 31 32 34 36 37 38 39 43 45 47 49 52 54 56 57 58
15 30 31 32 34 42 43 44 45 47 49 52 54 56 57 58
17 30 31 32 34 36 37 42 43 44 45 47 49 52 54 56 57 58
19 30 31 32 34 36 37 38 39 42 43 44 45 47 49 52 54 56 57 58
15 30 31 32 34 43 45 46 47 48 49 52 54 56 57 58
17 30 31 32 34 36 37 43 45 46 47 48 49 52 54 56 57 58
19 30 31 32 34 36 37 38 39 43 45 46 47 48 49 52 54 56 57 58
17 30 31 32 34 42 43 44 45 46 47 48 49 52 54 56 57 58
19 30 31 32 34 36 37 42 43 44 45 46 47 48 49 52 54 56 57 58
21 30 31 32 34 36 37 38 39 42 43 44 45 46 47 48 49 52 54 56 57 58
10 30 33 34 35 52 53 54 56 57 58
12 30 31 32 33 34 35 52 53 54 56 57 58
12 30 33 34 35 36 37 52 53 54 56 57 58
14 30 31 32 33 34 35 36 37 52 53 54 56 57 58
14 30 33 34 35 36 37 38 39 52 53 54 56 57 58
16 30 31 32 33 34 35 36 37 38 39 52 53 54 56 57 58
14 30 31 32 33 34 35 43 45 52 53 54 56 57 58
16 30 31 32 33 34 35 36 37 43 45 52 53 54 56 57 58
18 30 31 32 33 34 35 36 37 38 39 43 45 52 53 54 56 57 58
16 30 31 32 33 34 35 42 43 44 45 52 53 54 56 57 58
18 30 31 32 33 34 35 36 37 42 43 44 45 52 53 54 56 57 58
20 30 31 32 33 34 35 36 37 38 39 42 43 44 45 52 53 54 56 57 58
16 30 31 32 33 34 35 43 45 47 49 52 53 54 56 57 58
18 30 31 32 33 34 35 36 37 43 45 47 49 52 53 54 56 57 58
20 30 31 32 33 34 35 36 37 38 39 43 45 47 49 52 53 54 56 57 58
18 30 31 32 33 34 35 42 43 44 45 47 49 52 53 54 56 57 58
20 30 31 32 33 34 35 36 37 42 43 44 45 47 49 52 53 54 56 57 58
22 30 31 32 33 34 35 36 37 38 39 42 43 44 45 47 49 52 53 54 56 57 58
18 30 31 32 33 34 35 43 45 46 47 48 49 52 53 54 56 57 58
20 30 31 32 33 34 35 36 37 43 45 46 47 48 49 52 53 54 56 57 58
22 30 31 32 33 34 35 36 37 38 39 43 45 46 47 48 49 52 53 54 56 57 58
20 30 31 32 33 34 35 42 43 44 45 46 47 48 49 52 53 54 56 57 58
22 30 31 32 33 34 35 36 37 42 43 44 45 46 47 48 49 52 53 54 56 57 58
24 30 31 32 33 34 35 36 37 38 39 42 43 44 45 46 47 48 49 52 53 54 56 57 58
7 34 50 52 55 56 57 58
9 34 36 37 50 52 55 56 57 58
11 34 36 37 38 39 50 52 55 56 57 58
9 26 34 50 51 52 55 56 57 58
11 25 26 27 34 50 51 52 55 56 57 58
13 25 26 27 28 29 34 50 51 52 55 56 57 58
11 26 34 36 37 50 51 52 55 56 57 58
13 25 26 27 34 36 37 50 51 52 55 56 57 58
15 25 26 27 28 29 34 36 37 50 51 52 55 56 57 58
13 26 34 36 37 38 39 50 51 52 55 56 57 58
15 25 26 27 34 36 37 38 39 50 51 52 55 56 57 58
17 25 26 27 28 29 34 36 37 38 39 50 51 52 55 56 57 58
15 25 26 27 28 29 34 40 41 50 51 52 55 56 57 58
17 25 26 27 28 29 34 36 37 40 41 50 51 52 55 56 57 58
19 25 26 27 28 29 34 36 37 38 39 40 41 50 51 52 55 56 57 58
10 33 34 35 50 52 53 55 56 57 58
12 33 34 35 36 37 50 52 53 55 56 57 58
14 33 34 35 36 37 38 39 50 52 53 55 56 57 58
12 26 33 34 35 50 51 52 53 55 56 57 58
14 25 26 27 33 34 35 50 51 52 53 55 56 57 58
16 25 26 27 28 29 33 34 35 50 51 52 53 55 56 57 58
14 26 33 34 35 36 37 50 51 52 53 55 56 57 58
16 25 26 27 33 34 35 36 37 50 51 52 53 55 56 57 58
18 25 26 27 28 29 33 34 35 36 37 50 51 52 53 55 56 57 58
16 26 33 34 35 36 37 38 39 50 51 52 53 55 56 57 58
18 25 26 27 33 34 35 36 37 38 39 50 51 52 53 55 56 57 58
20 25 26 27 28 29 33 34 35 36 37 38 39 50 51 52 53 55 56 57 58
18 25 26 27 28 29 33 34 35 40 41 50 51 52 53 55 56 57 58
20 25 26 27 28 29 33 34 35 36 37 40 41 50 51 52 53 55 56 57 58
22 25 26 27 28 29 33 34 35 36 37 38 39 40 41 50 51 52 53 55 56 57 58
9 30 34 50 52 54 55 56 57 58
11 30 31 32 34 50 52 54 55 56 57 58
11 30 34 36 37 50 52 54 55 56 57 58
13 30 31 32 34 36 37 50 52 54 55 56 57 58
13 30 34 36 37 38 39 50 52 54 55 56 57 58
15 30 31 32 34 36 37 38 39 50 52 54 55 56 57 58
13 30 31 32 34 43 45 50 52 54 55 56 57 58
15 30 31 32 34 36 37 43 45 50 52 54 55 56 57 58
17 30 31 32 34 36 37 38 39 43 45 50 52 54 55 56 57 58
15 30 31 32 34 42 43 44 45 50 52 54 55 56 57 58
17 30 31 32 34 36 37 42 43 44 45 50 52 54 55 56 57 58
19 30 31 32 34 36 37 38 39 42 43 44 45 50 52 54 55 56 57 58
15 30 31 32 34 43 45 47 49 50 52 54 55 56 57 58
17 30 31 32 34 36 37 43 45 47 49 50 52 54 55 56 57 58
19 30 31 32 34 36 37 38 39 43 45 47 49 50 52 54 55 56 57 58
17 30 31 32 34 42 43 44 45 47 49 50 52 54 55 56 57 58
19 30 31 32 34 36 37 42 43 44 45 47 49 50 52 54 55 56 57 58
21 30 31 32 34 36 37 38 39 42 43 44 45 47 49 50 52 54 55 56 57 58
17 30 31 32 34 43 45 46 47 48 49 50 52 54 55 56 57 58
19 30 31 32 34 36 37 43 45 46 47 48 49 50 52 54 55 56 57 58
21 30 31 32 34 36 37 38 39 43 45 46 47 48 49 50 52 54 55 56 57 58
19 30 31 32 34 42 43 44 45 46 47 48 49 50 52 54 55 56 57 58
21 30 31 32 34 36 37 42 43 44 45 46 47 48 49 50 52 54 55 56 57 58
23 30 31 32 34 36 37 38 39 42 43 44 45 46 47 48 49 50 52 54 55 56 57 58
11 26 30 34 50 51 52 54 55 56 57 58
13 25 26 27 30 34 50 51 52 54 55 56 57 58
15 25 26 27 28 29 30 34 50 51 52 54 55 56 57 58
13 26 30 31 32 34 50 51 52 54 55 56 57 58
15 25 26 27 30 31 32 34 50 51 52 54 55 56 57 58
17 25 26 27 28 29 30 31 32 34 50 51 52 54 55 56 57 58
13 26 30 34 36 37 50 51 52 54 55 56 57 58
15 25 26 27 30 34 36 37 50 51 52 54 55 56 57 58
17 25 26 27 28 29 30 34 36 37 50 51 52 54 55 56 57 58
15 26 30 31 32 34 36 37 50 51 52 54 55 56 57 58
17 25 26 27 30 31 32 34 36 37 50 51 52 54 55 56 57 58
19 25 26 27 28 29 30 31 32 34 36 37 50 51 52 54 55 56 57 58
15 26 30 34 36 37 38 39 50 51 52 54 55 56 57 58
17 25 26 27 30 34 36 37 38 39 50 51 52 54 55 56 57 58
19 25 26 27 28 29 30 34 36 37 38 39 50 51 52 54 55 56 57 58
17 26 30 31 32 34 36 37 38 39 50 51 52 54 55 56 57 58
19 25 26 27 30 31 32 34 36 37 38 39 50 51 52 54 55 56 57 58
21 25 26 27 28 29 30 31 32 34 36 37 38 39 50 51 52 54 55 56 57 58
17 25 26 27 28 29 30 34 40 41 50 51 52 54 55 56 57 58
19 25 26 27 28 29 30 31 32 34 40 41 50 51 52 54 55 56 57 58
19 25 26 27 28 29 30 34 36 37 40 41 50 51 52 54 55 56 57 58
21 25 26 27 28 29 30 31 32 34 36 37 40 41 50 51 52 54 55 56 57 58
21 25 26 27 28 29 30 34 36 37 38 39 40 41 50 51 52 54 55 56 57 58
23 25 26 27 28 29 30 31 32 34 36 37 38 39 40 41 50 51 52 54 55 56 57 58
12 30 33 34 35 50 52 53 54 55 56 57 58
14 30 31 32 33 34 35 50 52 53 54 55 56 57 58
14 30 33 34 35 36 37 50 52 53 54 55 56 57 58
16 30 31 32 33 34 35 36 37 50 52 53 54 55 56 57 58
16 30 33 34 35 36 37 38 39 50 52 53 54 55 56 57 58
18 30 31 32 33 34 35 36 37 38 39 50 52 53 54 55 56 57 58
16 30 31 32 33 34 35 43 45 50 52 53 54 55 56 57 58
18 30 31 32 33 34 35 36 37 43 45 50 52 53 54 55 56 57 58
20 30 31 32 33 34 35 36 37 38 39 43 45 50 52 53 54 55 56 57 58
18 30 31 32 33 34 35 42 43 44 45 50 52 53 54 55 56 57 58
20 30 31 32 33 34 35 36 37 42 43 44 45 50 52 53 54 55 56 57 58
22 30 31 32 33 34 35 36 37 38 39 42 43 44 45 50 52 53 54 55 56 57 58
18 30 31 32 33 34 35 43 45 47 49 50 52 53 54 55 56 57 58
20 30 31 32 33 34 35 36 37 43 45 47 49 50 52 53 54 55 56 57 58
22 30 31 32 33 34 35 36 37 38 39 43 45 47 49 50 52 53 54 55 56 57 58
20 30 31 32 33 34 35 42 43 44 45 47 49 50 52 53 54 55 56 57 58
22 30 31 32 33 34 35 36 37 42 43 44 45 47 49 50 52 53 54 55 56 57 58
24 30 31 32 33 34 35 36 37 38 39 42 43 44 45 47 49 50 52 53 54 55 56 57 58
20 30 31 32 33 34 35 43 45 46 47 48 49 50 52 53 54 55 56 57 58
22 30 31 32 33 34 35 36 37 43 45 46 47 48 49 50 52 53 54 55 56 57 58
24 30 31 32 33 34 35 36 37 38 39 43 45 46 47 48 49 50 52 53 54 55 56 57 58
22 30 31 32 33 34 35 42 43 44 45 46 47 48 49 50 52 53 54 55 56 57 58
24 30 31 32 33 34 35 36 37 42 43 44 45 46 47 48 49 50 52 53 54 55 56 57 58
26 30 31 32 33 34 35 36 37 38 39 42 43 44 45 46 47 48 49 50 52 53 54 55 56 57 58
14 26 30 33 34 35 50 51 52 53 54 55 56 57 58
16 25 26 27 30 33 34 35 50 51 52 53 54 55 56 57 58
18 25 26 27 28 29 30 33 34 35 50 51 52 53 54 55 56 57 58
16 26 30 31 32 33 34 35 50 51 52 53 54 55 56 57 58
18 25 26 27 30 31 32 33 34 35 50 51 52 53 54 55 56 57 58
20 25 26 27 28 29 30 31 32 33 34 35 50 51 52 53 54 55 56 57 58
16 26 30 33 34 35 36 37 50 51 52 53 54 55 56 57 58
18 25 26 27 30 33 34 35 36 37 50 51 52 53 54 55 56 57 58
20 25 26 27 28 29 30 33 34 35 36 37 50 51 52 53 54 55 56 57 58
18 26 30 31 32 33 34 35 36 37 50 51 52 53 54 55 56 57 58
20 25 26 27 30 31 32 33 34 35 36 37 50 51 52 53 54 55 56 57 58
22 25 26 27 28 29 30 31 32 33 34 35 36 37 50 51 52 53 54 55 56 57 58
18 26 30 33 34 35 36 37 38 39 50 51 52 53 54 55 56 57 58
20 25 26 27 30 33 34 35 36 37 38 39 50 51 52 53 54 55 56 57 58
22 25 26 27 28 29 30 33 34 35 36 37 38 39 50 51 52 53 54 55 56 57 58
20 26 30 31 32 33 34 35 36 37 38 39 50 51 52 53 54 55 56 57 58
22 25 26 27 30 31 32 33 34 35 36 37 38 39 50 51 52 53 54 55 56 57 58
24 25 26 27 28 29 30 31 32 33 34 35 36 37 38 39 50 51 52 53 54 55 56 57 58
20 25 26 27 28 29 30 33 34 35 40 41 50 51 52 53 54 55 56 57 58
22 25 26 27 28 29 30 31 32 33 34 35 40 41 50 51 52 53 54 55 56 57 58
22 25 26 27 28 29 30 33 34 35 36 37 40 41 50 51 52 53 54 55 56 57 58
24 25 26 27 28 29 30 31 32 33 34 35 36 37 40 41 50 51 52 53 54 55 56 57 58
24 25 26 27 28 29 30 33 34 35 36 37 38 39 40 41 50 51 52 53 54 55 56 57 58
26 25 26 27 28 29 30 31 32 33 34 35 36 37 38 39 40 41 50 51 52 53 54 55 56 57 58
5 25 31 39 54 58
20 26 27 28 29 33 35 36 37 38 40 43 44 45 46 47 48 50 53 55 57
4 34 41 42 52
5 30 32 49 51 56
1 37
1 39
1 45
1 48
1 49
19 25 26 30 33 35 36 37 40 41 42 43 44 46 49 50 51 52 54 56
14 27 28 29 31 32 34 38 39 47 48 53 55 57 58
1 27
1 41
1 44
1 54
3 44 49 51
4 30 35 38 54
5 27 34 37 39 58
2 36 45
4 25 31 41 48
4 33 40 43 53
5 26 32 42 55 56
4 28 29 47 50
1 57
1 29
1 35
1 53
1 58
1 59
1 60
3 59 60 61
1 62
3 60 62 63
5 59 60 61 62 63
1 64
3 59 64 65
5 59 60 61 64 65
7 59 60 61 62 63 64 65
1 66
1 67
3 66 67 68
1 69
3 59 69 70
5 59 60 61 69 70
7 59 60 61 62 63 69 70
5 59 64 65 69 70
7 59 60 61 64 65 69 70
9 59 60 61 62 63 64 65 69 70
1 71
3 67 71 72
5 66 67 68 71 72
1 73
3 71 73 74
5 67 71 72 73 74
7 66 67 68 71 72 73 74
1 75
3 71 75 76
5 67 71 72 75 76
7 66 67 68 71 72 75 76
5 71 73 74 75 76
7 67 71 72 73 74 75 76
9 66 67 68 71 72 73 74 75 76
1 77
1 78
3 77 78 79
3 60 78 80
5 59 60 61 78 80
5 60 62 63 78 80
7 59 60 61 62 63 78 80
7 59 60 61 64 65 78 80
9 59 60 61 62 63 64 65 78 80
7 59 60 61 69 70 78 80
9 59 60 61 62 63 69 70 78 80
9 59 60 61 64 65 69 70 78 80
11 59 60 61 62 63 64 65 69 70 78 80
5 60 77 78 79 80
7 59 60 61 77 78 79 80
7 60 62 63 77 78 79 80
9 59 60 61 62 63 77 78 79 80
9 59 60 61 64 65 77 78 79 80
11 59 60 61 62 63 64 65 77 78 79 80
9 59 60 61 69 70 77 78 79 80
11 59 60 61 62 63 69 70 77 78 79 80
11 59 60 61 64 65 69 70 77 78 79 80
13 59 60 61 62 63 64 65 69 70 77 78 79 80
1 81
3 66 81 82
5 66 67 68 81 82
7 66 67 68 71 72 81 82
9 66 67 68 71 72 73 74 81 82
9 66 67 68 71 72 75 76 81 82
11 66 67 68 71 72 73 74 75 76 81 82
1 83
3 81 83 84
5 66 81 82 83 84
7 66 67 68 81 82 83 84
9 66 67 68 71 72 81 82 83 84
11 66 67 68 71 72 73 74 81 82 83 84
11 66 67 68 71 72 75 76 81 82 83 84
13 66 67 68 71 72 73 74 75 76 81 82 83 84
1 85
3 75 85 86
5 71 75 76 85 86
7 67 71 72 75 76 85 86
9 66 67 68 71 72 75 76 85 86
7 71 73 74 75 76 85 86
9 67 71 72 73 74 75 76 85 86
11 66 67 68 71 72 73 74 75 76 85 86
11 66 67 68 71 72 75 76 81 82 85 86
13 66 67 68 71 72 73 74 75 76 81 82 85 86
13 66 67 68 71 72 75 76 81 82 83 84 85 86
15 66 67 68 71 72 73 74 75 76 81 82 83 84 85 86
2 68 80
2 70 73
2 60 83
3 76 81 82
1 74
5 66 67 75 84 86
6 59 62 64 69 78 79
1 72
2 63 85
3 61 65 71
1 63
1 68
1 76
1 80
1 84
1 86
4 62 63 68 82
2 72 86
1 70
3 60 76 84
12 61 64 66 67 69 71 73 74 78 81 83 85
5 59 65 77 79 80
1 61
1 82
26 59 60 61 62 63 64 65 66 67 68 70 71 72 74 75 76 77 78 79 80 81 82 83 84 85 86
1 79
4 72 76 80 83
4 63 64 68 70
7 60 71 73 75 77 78 79
2 59 82
5 61 74 81 84 86
2 62 65
2 66 69
1 65
12 60 61 62 63 66 68 74 77 78 80 81 84
6 65 69 72 73 79 83
2 71 76
2 59 67
5 64 70 75 82 85
23 59 60 61 62 63 64 65 66 67 68 70 71 73 74 75 76 77 78 79 80 81 83 86
5 69 72 82 84 85
2 59 69
2 81 84
7 60 62 63 74 76 79 82
2 64 86
3 61 77 80
7 67 68 70 71 73 78 85
3 66 72 83
6 62 65 73 74 78 84
4 59 75 83 85
5 60 66 68 76 79
3 61 69 72
3 71 77 80
4 63 67 82 86
1 87
1 88
1 89
1 90
1 91
1 92
3 91 92 93
1 94
1 95
3 94 95 96
1 97
1 98
3 97 98 99
1 100
1 101
3 100 101 102
3 97 101 103
5 97 98 99 101 103
5 97 100 101 102 103
7 97 98 99 100 101 102 103
1 104
3 101 104 105
5 100 101 102 104 105
5 97 101 103 104 105
7 97 98 99 101 103 104 105
7 97 100 101 102 103 104 105
9 97 98 99 100 101 102 103 104 105
1 106
3 95 106 107
5 94 95 96 106 107
1 108
1 109
3 108 109 110
8 87 90 92 93 95 100 106 109
2 88 94
12 91 96 97 98 101 102 103 104 105 107 108 110
2 89 99
1 93
1 99
1 102
1 103
1 105
1 107
1 110
4 96 97 99 103
20 87 88 89 90 91 92 93 94 95 98 100 101 102 104 105 106 107 108 109 110
2 87 89
2 90 93
4 91 97 106 108
7 88 95 96 99 103 107 109
7 92 94 98 100 102 104 110
3 87 105 109
2 89 94
3 90 98 101
4 92 95 102 103
6 96 97 100 106 107 110
3 88 104 108
1 96
8 90 92 101 102 104 105 107 109
4 96 98 108 110
2 88 97
2 87 95
3 91 94 106
3 89 93 99
6 88 92 93 101 102 109
9 87 89 95 96 99 100 103 106 107
2 97 98
3 91 104 108
4 90 94 105 110
2 102 108
3 93 100 110
13 87 88 89 92 94 95 96 97 99 101 104 106 107
6 90 91 98 103 105 109
24 87 88 89 90 91 92 93 94 95 96 97 98 99 100 101 102 103 104 105 106 107 108 109 110
4 89 92 100 101
6 95 96 99 103 105 106
12 87 88 91 93 94 98 102 104 107 108 109 110
2 90 97
2 105 108
3 93 102 104
2 109 110
7 88 89 92 98 103 106 107
2 90 94
2 97 101
4 91 95 96 99
1 111
1 112
1 113
1 114
1 115
1 116
1 117
1 118
1 119
1 120
1 121
1 122
3 121 122 123
1 124
1 125
3 124 125 126
1 127
1 128
3 127 128 129
1 130
1 131
3 130 131 132
1 133
1 134
3 133 134 135
3 131 134 136
5 130 131 132 134 136
5 131 133 134 135 136
7 130 131 132 133 134 135 136
1 137
3 134 137 138
5 133 134 135 137 138
5 131 134 136 137 138
7 130 131 132 134 136 137 138
7 131 133 134 135 136 137 138
9 130 131 132 133 134 135 136 137 138
1 139
3 134 139 140
5 133 134 135 139 140
5 131 134 136 139 140
7 130 131 132 134 136 139 140
7 131 133 134 135 136 139 140
9 130 131 132 133 134 135 136 139 140
5 134 137 138 139 140
7 133 134 135 137 138 139 140
7 131 134 136 137 138 139 140
9 130 131 132 134 136 137 138 139 140
9 131 133 134 135 136 137 138 139 140
11 130 131 132 133 134 135 136 137 138 139 140
1 141
1 142
3 141 142 143
3 139 142 144
5 134 139 140 142 144
7 133 134 135 139 140 142 144
7 131 134 136 139 140 142 144
9 130 131 132 134 136 139 140 142 144
9 131 133 134 135 136 139 140 142 144
11 130 131 132 133 134 135 136 139 140 142 144
7 134 137 138 139 140 142 144
9 133 134 135 137 138 139 140 142 144
9 131 134 136 137 138 139 140 142 144
11 130 131 132 134 136 137 138 139 140 142 144
11 131 133 134 135 136 137 138 139 140 142 144
13 130 131 132 133 134 135 136 137 138 139 140 142 144
5 139 141 142 143 144
7 134 139 140 141 142 143 144
9 133 134 135 139 140 141 142 143 144
9 131 134 136 139 140 141 142 143 144
11 130 131 132 134 136 139 140 141 142 143 144
11 131 133 134 135 136 139 140 141 142 143 144
13 130 131 132 133 134 135 136 139 140 141 142 143 144
9 134 137 138 139 140 141 142 143 144
11 133 134 135 137 138 139 140 141 142 143 144
11 131 134 136 137 138 139 140 141 142 143 144
13 130 131 132 134 136 137 138 139 140 141 142 143 144
13 131 133 134 135 136 137 138 139 140 141 142 143 144
15 130 131 132 133 134 135 136 137 138 139 140 141 142 143 144
1 145
1 146
3 145 146 147
1 148
1 149
3 148 149 150
3 125 149 151
5 124 125 126 149 151
5 125 148 149 150 151
7 124 125 126 148 149 150 151
1 152
3 148 152 153
5 148 149 150 152 153
7 125 148 149 150 151 152 153
9 124 125 126 148 149 150 151 152 153
1 154
1 155
3 154 155 156
3 149 155 157
5 148 149 150 155 157
5 125 149 151 155 157
7 124 125 126 149 151 155 157
7 125 148 149 150 151 155 157
9 124 125 126 148 149 150 151 155 157
7 148 149 150 152 153 155 157
9 125 148 149 150 151 152 153 155 157
11 124 125 126 148 149 150 151 152 153 155 157
5 149 154 155 156 157
7 148 149 150 154 155 156 157
7 125 149 151 154 155 156 157
9 124 125 126 149 151 154 155 156 157
9 125 148 149 150 151 154 155 156 157
11 124 125 126 148 149 150 151 154 155 156 157
9 148 149 150 152 153 154 155 156 157
11 125 148 149 150 151 152 153 154 155 156 157
13 124 125 126 148 149 150 151 152 153 154 155 156 157
1 158
1 159
3 158 159 160
1 161
3 159 161 162
5 158 159 160 161 162
7 112 114 120 131 134 159 160
25 113 116 117 118 119 123 125 127 128 130 132 135 138 139 140 141 143 145 148 152 153 155 156 161 162
2 149 154
18 111 115 121 122 124 126 129 133 136 137 142 144 146 147 150 151 157 158
1 123
1 126
1 129
1 143
1 144
1 147
1 150
1 156
1 157
1 160
1 162
21 112 113 118 119 124 128 135 136 139 141 142 145 147 148 150 151 154 155 156 159 160
12 121 123 126 129 131 140 143 144 146 152 157 158
5 127 132 133 153 161
13 111 114 115 116 117 120 122 125 130 134 137 138 149
1 132
1 135
1 151
6 111 125 129 148 158 162
3 112 117 147
3 132 139 149
6 114 116 118 121 153 157
2 135 150
9 113 119 122 141 142 143 145 146 160
5 134 138 154 155 161
2 131 136
10 115 120 123 127 130 140 144 152 156 159
2 133 151
2 126 128
1 136
