158 837
1 1
1 2
1 3
1 4
1 5
1 6
3 5 6 7
1 8
3 5 8 9
5 5 6 7 8 9
1 10
1 11
3 10 11 12
1 13
3 11 13 14
5 10 11 12 13 14
1 15
1 16
3 15 16 17
1 18
3 10 18 19
5 10 11 12 18 19
7 10 11 12 13 14 18 19
3 5 18 20
5 5 6 7 18 20
5 5 8 9 18 20
7 5 6 7 8 9 18 20
5 5 10 18 19 20
7 5 6 7 10 18 19 20
7 5 8 9 10 18 19 20
9 5 6 7 8 9 10 18 19 20
7 5 10 11 12 18 19 20
9 5 6 7 10 11 12 18 19 20
9 5 8 9 10 11 12 18 19 20
11 5 6 7 8 9 10 11 12 18 19 20
1 21
3 18 21 22
5 10 18 19 21 22
7 10 11 12 18 19 21 22
9 10 11 12 13 14 18 19 21 22
5 5 18 20 21 22
7 5 6 7 18 20 21 22
7 5 8 9 18 20 21 22
9 5 6 7 8 9 18 20 21 22
7 5 10 18 19 20 21 22
9 5 6 7 10 18 19 20 21 22
9 5 8 9 10 18 19 20 21 22
11 5 6 7 8 9 10 18 19 20 21 22
9 5 10 11 12 18 19 20 21 22
11 5 6 7 10 11 12 18 19 20 21 22
11 5 8 9 10 11 12 18 19 20 21 22
13 5 6 7 8 9 10 11 12 18 19 20 21 22
1 23
3 21 23 24
5 18 21 22 23 24
7 10 18 19 21 22 23 24
9 10 11 12 18 19 21 22 23 24
11 10 11 12 13 14 18 19 21 22 23 24
7 5 18 20 21 22 23 24
9 5 6 7 18 20 21 22 23 24
9 5 8 9 18 20 21 22 23 24
11 5 6 7 8 9 18 20 21 22 23 24
9 5 10 18 19 20 21 22 23 24
11 5 6 7 10 18 19 20 21 22 23 24
11 5 8 9 10 18 19 20 21 22 23 24
13 5 6 7 8 9 10 18 19 20 21 22 23 24
11 5 10 11 12 18 19 20 21 22 23 24
13 5 6 7 10 11 12 18 19 20 21 22 23 24
13 5 8 9 10 11 12 18 19 20 21 22 23 24
15 5 6 7 8 9 10 11 12 18 19 20 21 22 23 24
1 25
1 26
3 25 26 27
1 28
3 26 28 29
5 25 26 27 28 29
1 30
1 31
3 30 31 32
3 26 31 33
5 25 26 27 31 33
5 26 28 29 31 33
7 25 26 27 28 29 31 33
5 26 30 31 32 33
7 25 26 27 30 31 32 33
7 26 28 29 30 31 32 33
9 25 26 27 28 29 30 31 32 33
5 6 8 12 27 30
26 1 2 3 4 5 9 10 11 14 15 16 17 18 19 20 21 22 23 24 25 26 28 29 31 32 33
2 7 13
1 9
1 12
1 14
1 17
1 19
1 20
1 22
1 24
1 29
3 11 23 25
2 4 21
2 8 26
25 1 2 3 5 6 7 9 10 12 13 14 15 16 17 18 19 20 22 24 27 28 29 30 31 32
1 33
1 7
24 1 2 4 5 6 8 9 10 14 15 16 18 19 20 21 22 24 26 27 28 29 31 32 33
9 3 7 11 12 13 17 23 25 30
1 27
8 1 9 10 13 20 24 25 30
4 5 6 21 28
7 8 11 15 19 27 29 31
5 4 14 16 18 26
9 2 3 7 12 17 22 23 32 33
1 32
4 8 16 17 31
12 1 2 3 12 13 18 19 21 26 29 30 32
16 4 5 6 7 9 10 11 14 15 20 22 23 24 27 28 33
2 14 23
3 2 8 26
10 3 4 16 17 19 22 27 28 31 32
4 6 13 18 29
13 1 5 7 9 10 11 12 15 20 24 25 30 33
2 4 23
8 3 7 9 12 19 25 29 32
21 1 2 5 6 8 10 11 13 14 15 16 17 18 21 22 24 26 27 28 31 33
2 20 30
2 1 14
12 2 3 4 6 13 18 19 20 26 29 30 31
19 5 7 8 9 10 11 12 15 16 17 21 22 23 24 25 27 28 32 33
4 4 6 10 32
3 1 2 29
6 12 15 19 22 23 24
8 5 9 18 21 26 27 30 31
4 7 11 14 20
3 3 16 17
3 8 13 25
4 12 21 22 29
3 5 8 10
2 6 13
7 3 7 18 20 26 27 31
3 1 2 9
6 16 17 23 24 28 33
5 4 14 15 25 32
2 11 30
4 6 18 20 21
5 3 16 22 23 29
9 1 8 10 11 12 15 17 26 31
11 2 4 5 7 9 13 14 19 24 28 32
7 2 8 12 15 19 25 31
3 6 11 21
10 4 9 14 16 20 22 26 28 29 32
3 1 7 30
4 3 17 23 27
3 5 10 24
2 13 18
1 34
1 35
1 36
3 35 36 37
1 38
1 39
3 38 39 40
1 41
1 42
3 41 42 43
1 44
3 42 44 45
5 41 42 43 44 45
1 46
1 47
3 46 47 48
3 35 47 49
5 35 36 37 47 49
5 35 46 47 48 49
7 35 36 37 46 47 48 49
1 50
3 38 50 51
5 38 39 40 50 51
1 52
3 50 52 53
5 38 50 51 52 53
7 38 39 40 50 51 52 53
3 47 50 54
5 46 47 48 50 54
5 35 47 49 50 54
7 35 36 37 47 49 50 54
7 35 46 47 48 49 50 54
9 35 36 37 46 47 48 49 50 54
5 38 47 50 51 54
7 38 39 40 47 50 51 54
7 38 46 47 48 50 51 54
9 38 39 40 46 47 48 50 51 54
7 35 38 47 49 50 51 54
9 35 36 37 38 47 49 50 51 54
9 35 38 39 40 47 49 50 51 54
11 35 36 37 38 39 40 47 49 50 51 54
9 35 38 46 47 48 49 50 51 54
11 35 36 37 38 46 47 48 49 50 51 54
11 35 38 39 40 46 47 48 49 50 51 54
13 35 36 37 38 39 40 46 47 48 49 50 51 54
5 47 50 52 53 54
7 46 47 48 50 52 53 54
7 35 47 49 50 52 53 54
9 35 36 37 47 49 50 52 53 54
9 35 46 47 48 49 50 52 53 54
11 35 36 37 46 47 48 49 50 52 53 54
7 38 47 50 51 52 53 54
9 38 39 40 47 50 51 52 53 54
9 38 46 47 48 50 51 52 53 54
11 38 39 40 46 47 48 50 51 52 53 54
9 35 38 47 49 50 51 52 53 54
11 35 36 37 38 47 49 50 51 52 53 54
11 35 38 39 40 47 49 50 51 52 53 54
13 35 36 37 38 39 40 47 49 50 51 52 53 54
11 35 38 46 47 48 49 50 51 52 53 54
13 35 36 37 38 46 47 48 49 50 51 52 53 54
13 35 38 39 40 46 47 48 49 50 51 52 53 54
15 35 36 37 38 39 40 46 47 48 49 50 51 52 53 54
1 55
1 56
3 55 56 57
1 58
3 56 58 59
5 55 56 57 58 59
1 60
3 36 60 61
5 35 36 37 60 61
7 35 36 37 47 49 60 61
9 35 36 37 46 47 48 49 60 61
9 35 36 37 47 49 50 54 60 61
11 35 36 37 46 47 48 49 50 54 60 61
11 35 36 37 38 47 49 50 51 54 60 61
13 35 36 37 38 39 40 47 49 50 51 54 60 61
13 35 36 37 38 46 47 48 49 50 51 54 60 61
15 35 36 37 38 39 40 46 47 48 49 50 51 54 60 61
11 35 36 37 47 49 50 52 53 54 60 61
13 35 36 37 46 47 48 49 50 52 53 54 60 61
13 35 36 37 38 47 49 50 51 52 53 54 60 61
15 35 36 37 38 39 40 47 49 50 51 52 53 54 60 61
15 35 36 37 38 46 47 48 49 50 51 52 53 54 60 61
17 35 36 37 38 39 40 46 47 48 49 50 51 52 53 54 60 61
1 62
3 58 62 63
5 56 58 59 62 63
7 55 56 57 58 59 62 63
1 64
3 44 64 65
5 42 44 45 64 65
7 41 42 43 44 45 64 65
8 36 38 39 43 46 47 57 60
1 61
2 41 44
2 63 65
3 42 48 56
6 37 40 51 52 58 64
3 34 53 62
5 45 49 50 54 55
2 35 59
1 40
1 45
1 51
1 53
1 57
1 59
1 63
1 65
8 37 39 44 45 52 53 57 62
3 47 49 55
6 36 38 42 60 61 63
4 35 43 50 59
4 41 46 51 58
2 34 54
3 40 48 65
1 43
1 48
1 49
5 40 41 43 49 55
3 39 51 54
3 38 42 64
3 45 50 59
4 37 48 53 60
7 34 36 46 57 58 61 65
6 44 47 52 56 62 63
1 37
15 34 37 38 39 40 47 50 53 54 57 59 60 62 64 65
3 42 49 58
2 45 51
3 48 55 61
5 35 36 43 46 52
2 56 63
3 37 51 60
4 39 43 53 61
10 35 42 45 48 54 55 57 59 62 64
8 36 40 41 46 47 50 52 65
3 34 38 49
1 54
4 35 45 46 58
11 39 40 43 44 47 49 51 52 56 57 63
5 38 42 48 53 61
5 37 41 59 60 64
5 34 50 54 55 65
9 34 42 45 49 50 54 55 59 61
5 35 37 38 47 57
5 36 43 44 51 65
4 39 48 52 63
4 53 56 62 64
2 46 60
2 41 58
12 34 36 41 42 45 49 51 59 60 62 63 64
3 52 55 65
5 37 39 44 53 54
4 46 48 50 58
7 38 40 43 47 56 57 61
1 66
1 67
1 68
1 69
1 70
3 69 70 71
1 72
3 69 72 73
5 69 70 71 72 73
1 74
3 72 74 75
5 69 72 73 74 75
7 69 70 71 72 73 74 75
1 76
3 74 76 77
5 72 74 75 76 77
7 69 72 73 74 75 76 77
9 69 70 71 72 73 74 75 76 77
1 78
1 79
3 78 79 80
3 70 79 81
5 69 70 71 79 81
7 69 70 71 72 73 79 81
9 69 70 71 72 73 74 75 79 81
11 69 70 71 72 73 74 75 76 77 79 81
5 70 78 79 80 81
7 69 70 71 78 79 80 81
9 69 70 71 72 73 78 79 80 81
11 69 70 71 72 73 74 75 78 79 80 81
13 69 70 71 72 73 74 75 76 77 78 79 80 81
1 82
3 72 82 83
5 69 72 73 82 83
7 69 70 71 72 73 82 83
5 72 74 75 82 83
7 69 72 73 74 75 82 83
9 69 70 71 72 73 74 75 82 83
7 72 74 75 76 77 82 83
9 69 72 73 74 75 76 77 82 83
11 69 70 71 72 73 74 75 76 77 82 83
9 69 70 71 72 73 79 81 82 83
11 69 70 71 72 73 74 75 79 81 82 83
13 69 70 71 72 73 74 75 76 77 79 81 82 83
11 69 70 71 72 73 78 79 80 81 82 83
13 69 70 71 72 73 74 75 78 79 80 81 82 83
15 69 70 71 72 73 74 75 76 77 78 79 80 81 82 83
1 84
1 85
3 84 85 86
1 87
3 82 87 88
5 72 82 83 87 88
7 69 72 73 82 83 87 88
9 69 70 71 72 73 82 83 87 88
7 72 74 75 82 83 87 88
9 69 72 73 74 75 82 83 87 88
11 69 70 71 72 73 74 75 82 83 87 88
9 72 74 75 76 77 82 83 87 88
11 69 72 73 74 75 76 77 82 83 87 88
13 69 70 71 72 73 74 75 76 77 82 83 87 88
11 69 70 71 72 73 79 81 82 83 87 88
13 69 70 71 72 73 74 75 79 81 82 83 87 88
15 69 70 71 72 73 74 75 76 77 79 81 82 83 87 88
13 69 70 71 72 73 78 79 80 81 82 83 87 88
15 69 70 71 72 73 74 75 78 79 80 81 82 83 87 88
17 69 70 71 72 73 74 75 76 77 78 79 80 81 82 83 87 88
1 89
3 85 89 90
5 84 85 86 89 90
1 91
3 79 91 92
5 78 79 80 91 92
5 70 79 81 91 92
7 69 70 71 79 81 91 92
9 69 70 71 72 73 79 81 91 92
11 69 70 71 72 73 74 75 79 81 91 92
13 69 70 71 72 73 74 75 76 77 79 81 91 92
7 70 78 79 80 81 91 92
9 69 70 71 78 79 80 81 91 92
11 69 70 71 72 73 78 79 80 81 91 92
13 69 70 71 72 73 74 75 78 79 80 81 91 92
15 69 70 71 72 73 74 75 76 77 78 79 80 81 91 92
11 69 70 71 72 73 79 81 82 83 91 92
13 69 70 71 72 73 74 75 79 81 82 83 91 92
15 69 70 71 72 73 74 75 76 77 79 81 82 83 91 92
13 69 70 71 72 73 78 79 80 81 82 83 91 92
15 69 70 71 72 73 74 75 78 79 80 81 82 83 91 92
17 69 70 71 72 73 74 75 76 77 78 79 80 81 82 83 91 92
13 69 70 71 72 73 79 81 82 83 87 88 91 92
15 69 70 71 72 73 74 75 79 81 82 83 87 88 91 92
17 69 70 71 72 73 74 75 76 77 79 81 82 83 87 88 91 92
15 69 70 71 72 73 78 79 80 81 82 83 87 88 91 92
17 69 70 71 72 73 74 75 78 79 80 81 82 83 87 88 91 92
19 69 70 71 72 73 74 75 76 77 78 79 80 81 82 83 87 88 91 92
1 93
3 85 93 94
5 84 85 86 93 94
5 85 89 90 93 94
7 84 85 86 89 90 93 94
1 95
3 93 95 96
5 85 93 94 95 96
7 84 85 86 93 94 95 96
7 85 89 90 93 94 95 96
9 84 85 86 89 90 93 94 95 96
1 97
3 78 97 98
5 78 79 80 97 98
7 70 78 79 80 81 97 98
9 69 70 71 78 79 80 81 97 98
11 69 70 71 72 73 78 79 80 81 97 98
13 69 70 71 72 73 74 75 78 79 80 81 97 98
15 69 70 71 72 73 74 75 76 77 78 79 80 81 97 98
13 69 70 71 72 73 78 79 80 81 82 83 97 98
15 69 70 71 72 73 74 75 78 79 80 81 82 83 97 98
17 69 70 71 72 73 74 75 76 77 78 79 80 81 82 83 97 98
15 69 70 71 72 73 78 79 80 81 82 83 87 88 97 98
17 69 70 71 72 73 74 75 78 79 80 81 82 83 87 88 97 98
19 69 70 71 72 73 74 75 76 77 78 79 80 81 82 83 87 88 97 98
7 78 79 80 91 92 97 98
9 70 78 79 80 81 91 92 97 98
11 69 70 71 78 79 80 81 91 92 97 98
13 69 70 71 72 73 78 79 80 81 91 92 97 98
15 69 70 71 72 73 74 75 78 79 80 81 91 92 97 98
17 69 70 71 72 73 74 75 76 77 78 79 80 81 91 92 97 98
15 69 70 71 72 73 78 79 80 81 82 83 91 92 97 98
17 69 70 71 72 73 74 75 78 79 80 81 82 83 91 92 97 98
19 69 70 71 72 73 74 75 76 77 78 79 80 81 82 83 91 92 97 98
17 69 70 71 72 73 78 79 80 81 82 83 87 88 91 92 97 98
19 69 70 71 72 73 74 75 78 79 80 81 82 83 87 88 91 92 97 98
21 69 70 71 72 73 74 75 76 77 78 79 80 81 82 83 87 88 91 92 97 98
1 99
3 97 99 100
5 78 97 98 99 100
7 78 79 80 97 98 99 100
9 70 78 79 80 81 97 98 99 100
11 69 70 71 78 79 80 81 97 98 99 100
13 69 70 71 72 73 78 79 80 81 97 98 99 100
15 69 70 71 72 73 74 75 78 79 80 81 97 98 99 100
17 69 70 71 72 73 74 75 76 77 78 79 80 81 97 98 99 100
15 69 70 71 72 73 78 79 80 81 82 83 97 98 99 100
17 69 70 71 72 73 74 75 78 79 80 81 82 83 97 98 99 100
19 69 70 71 72 73 74 75 76 77 78 79 80 81 82 83 97 98 99 100
17 69 70 71 72 73 78 79 80 81 82 83 87 88 97 98 99 100
19 69 70 71 72 73 74 75 78 79 80 81 82 83 87 88 97 98 99 100
21 69 70 71 72 73 74 75 76 77 78 79 80 81 82 83 87 88 97 98 99 100
9 78 79 80 91 92 97 98 99 100
11 70 78 79 80 81 91 92 97 98 99 100
13 69 70 71 78 79 80 81 91 92 97 98 99 100
15 69 70 71 72 73 78 79 80 81 91 92 97 98 99 100
17 69 70 71 72 73 74 75 78 79 80 81 91 92 97 98 99 100
19 69 70 71 72 73 74 75 76 77 78 79 80 81 91 92 97 98 99 100
17 69 70 71 72 73 78 79 80 81 82 83 91 92 97 98 99 100
19 69 70 71 72 73 74 75 78 79 80 81 82 83 91 92 97 98 99 100
21 69 70 71 72 73 74 75 76 77 78 79 80 81 82 83 91 92 97 98 99 100
19 69 70 71 72 73 78 79 80 81 82 83 87 88 91 92 97 98 99 100
21 69 70 71 72 73 74 75 78 79 80 81 82 83 87 88 91 92 97 98 99 100
23 69 70 71 72 73 74 75 76 77 78 79 80 81 82 83 87 88 91 92 97 98 99 100
1 101
1 102
3 101 102 103
1 104
1 105
3 104 105 106
3 87 105 107
5 82 87 88 105 107
7 72 82 83 87 88 105 107
9 69 72 73 82 83 87 88 105 107
11 69 70 71 72 73 82 83 87 88 105 107
9 72 74 75 82 83 87 88 105 107
11 69 72 73 74 75 82 83 87 88 105 107
13 69 70 71 72 73 74 75 82 83 87 88 105 107
11 72 74 75 76 77 82 83 87 88 105 107
13 69 72 73 74 75 76 77 82 83 87 88 105 107
15 69 70 71 72 73 74 75 76 77 82 83 87 88 105 107
13 69 70 71 72 73 79 81 82 83 87 88 105 107
15 69 70 71 72 73 74 75 79 81 82 83 87 88 105 107
17 69 70 71 72 73 74 75 76 77 79 81 82 83 87 88 105 107
15 69 70 71 72 73 78 79 80 81 82 83 87 88 105 107
17 69 70 71 72 73 74 75 78 79 80 81 82 83 87 88 105 107
19 69 70 71 72 73 74 75 76 77 78 79 80 81 82 83 87 88 105 107
15 69 70 71 72 73 79 81 82 83 87 88 91 92 105 107
17 69 70 71 72 73 74 75 79 81 82 83 87 88 91 92 105 107
19 69 70 71 72 73 74 75 76 77 79 81 82 83 87 88 91 92 105 107
17 69 70 71 72 73 78 79 80 81 82 83 87 88 91 92 105 107
19 69 70 71 72 73 74 75 78 79 80 81 82 83 87 88 91 92 105 107
21 69 70 71 72 73 74 75 76 77 78 79 80 81 82 83 87 88 91 92 105 107
17 69 70 71 72 73 78 79 80 81 82 83 87 88 97 98 105 107
19 69 70 71 72 73 74 75 78 79 80 81 82 83 87 88 97 98 105 107
21 69 70 71 72 73 74 75 76 77 78 79 80 81 82 83 87 88 97 98 105 107
19 69 70 71 72 73 78 79 80 81 82 83 87 88 91 92 97 98 105 107
21 69 70 71 72 73 74 75 78 79 80 81 82 83 87 88 91 92 97 98 105 107
23 69 70 71 72 73 74 75 76 77 78 79 80 81 82 83 87 88 91 92 97 98 105 107
19 69 70 71 72 73 78 79 80 81 82 83 87 88 97 98 99 100 105 107
21 69 70 71 72 73 74 75 78 79 80 81 82 83 87 88 97 98 99 100 105 107
23 69 70 71 72 73 74 75 76 77 78 79 80 81 82 83 87 88 97 98 99 100 105 107
21 69 70 71 72 73 78 79 80 81 82 83 87 88 91 92 97 98 99 100 105 107
23 69 70 71 72 73 74 75 78 79 80 81 82 83 87 88 91 92 97 98 99 100 105 107
25 69 70 71 72 73 74 75 76 77 78 79 80 81 82 83 87 88 91 92 97 98 99 100 105 107
5 87 104 105 106 107
7 82 87 88 104 105 106 107
9 72 82 83 87 88 104 105 106 107
11 69 72 73 82 83 87 88 104 105 106 107
13 69 70 71 72 73 82 83 87 88 104 105 106 107
11 72 74 75 82 83 87 88 104 105 106 107
13 69 72 73 74 75 82 83 87 88 104 105 106 107
15 69 70 71 72 73 74 75 82 83 87 88 104 105 106 107
13 72 74 75 76 77 82 83 87 88 104 105 106 107
15 69 72 73 74 75 76 77 82 83 87 88 104 105 106 107
17 69 70 71 72 73 74 75 76 77 82 83 87 88 104 105 106 107
15 69 70 71 72 73 79 81 82 83 87 88 104 105 106 107
17 69 70 71 72 73 74 75 79 81 82 83 87 88 104 105 106 107
19 69 70 71 72 73 74 75 76 77 79 81 82 83 87 88 104 105 106 107
17 69 70 71 72 73 78 79 80 81 82 83 87 88 104 105 106 107
19 69 70 71 72 73 74 75 78 79 80 81 82 83 87 88 104 105 106 107
21 69 70 71 72 73 74 75 76 77 78 79 80 81 82 83 87 88 104 105 106 107
17 69 70 71 72 73 79 81 82 83 87 88 91 92 104 105 106 107
19 69 70 71 72 73 74 75 79 81 82 83 87 88 91 92 104 105 106 107
21 69 70 71 72 73 74 75 76 77 79 81 82 83 87 88 91 92 104 105 106 107
19 69 70 71 72 73 78 79 80 81 82 83 87 88 91 92 104 105 106 107
21 69 70 71 72 73 74 75 78 79 80 81 82 83 87 88 91 92 104 105 106 107
23 69 70 71 72 73 74 75 76 77 78 79 80 81 82 83 87 88 91 92 104 105 106 107
19 69 70 71 72 73 78 79 80 81 82 83 87 88 97 98 104 105 106 107
21 69 70 71 72 73 74 75 78 79 80 81 82 83 87 88 97 98 104 105 106 107
23 69 70 71 72 73 74 75 76 77 78 79 80 81 82 83 87 88 97 98 104 105 106 107
21 69 70 71 72 73 78 79 80 81 82 83 87 88 91 92 97 98 104 105 106 107
23 69 70 71 72 73 74 75 78 79 80 81 82 83 87 88 91 92 97 98 104 105 106 107
25 69 70 71 72 73 74 75 76 77 78 79 80 81 82 83 87 88 91 92 97 98 104 105 106 107
21 69 70 71 72 73 78 79 80 81 82 83 87 88 97 98 99 100 104 105 106 107
23 69 70 71 72 73 74 75 78 79 80 81 82 83 87 88 97 98 99 100 104 105 106 107
25 69 70 71 72 73 74 75 76 77 78 79 80 81 82 83 87 88 97 98 99 100 104 105 106 107
23 69 70 71 72 73 78 79 80 81 82 83 87 88 91 92 97 98 99 100 104 105 106 107
25 69 70 71 72 73 74 75 78 79 80 81 82 83 87 88 91 92 97 98 99 100 104 105 106 107
27 69 70 71 72 73 74 75 76 77 78 79 80 81 82 83 87 88 91 92 97 98 99 100 104 105 106 107
1 108
3 105 108 109
5 104 105 106 108 109
5 87 105 107 108 109
7 82 87 88 105 107 108 109
9 72 82 83 87 88 105 107 108 109
11 69 72 73 82 83 87 88 105 107 108 109
13 69 70 71 72 73 82 83 87 88 105 107 108 109
11 72 74 75 82 83 87 88 105 107 108 109
13 69 72 73 74 75 82 83 87 88 105 107 108 109
15 69 70 71 72 73 74 75 82 83 87 88 105 107 108 109
13 72 74 75 76 77 82 83 87 88 105 107 108 109
15 69 72 73 74 75 76 77 82 83 87 88 105 107 108 109
17 69 70 71 72 73 74 75 76 77 82 83 87 88 105 107 108 109
15 69 70 71 72 73 79 81 82 83 87 88 105 107 108 109
17 69 70 71 72 73 74 75 79 81 82 83 87 88 105 107 108 109
19 69 70 71 72 73 74 75 76 77 79 81 82 83 87 88 105 107 108 109
17 69 70 71 72 73 78 79 80 81 82 83 87 88 105 107 108 109
19 69 70 71 72 73 74 75 78 79 80 81 82 83 87 88 105 107 108 109
21 69 70 71 72 73 74 75 76 77 78 79 80 81 82 83 87 88 105 107 108 109
17 69 70 71 72 73 79 81 82 83 87 88 91 92 105 107 108 109
19 69 70 71 72 73 74 75 79 81 82 83 87 88 91 92 105 107 108 109
21 69 70 71 72 73 74 75 76 77 79 81 82 83 87 88 91 92 105 107 108 109
19 69 70 71 72 73 78 79 80 81 82 83 87 88 91 92 105 107 108 109
21 69 70 71 72 73 74 75 78 79 80 81 82 83 87 88 91 92 105 107 108 109
23 69 70 71 72 73 74 75 76 77 78 79 80 81 82 83 87 88 91 92 105 107 108 109
19 69 70 71 72 73 78 79 80 81 82 83 87 88 97 98 105 107 108 109
21 69 70 71 72 73 74 75 78 79 80 81 82 83 87 88 97 98 105 107 108 109
23 69 70 71 72 73 74 75 76 77 78 79 80 81 82 83 87 88 97 98 105 107 108 109
21 69 70 71 72 73 78 79 80 81 82 83 87 88 91 92 97 98 105 107 108 109
23 69 70 71 72 73 74 75 78 79 80 81 82 83 87 88 91 92 97 98 105 107 108 109
25 69 70 71 72 73 74 75 76 77 78 79 80 81 82 83 87 88 91 92 97 98 105 107 108 109
21 69 70 71 72 73 78 79 80 81 82 83 87 88 97 98 99 100 105 107 108 109
23 69 70 71 72 73 74 75 78 79 80 81 82 83 87 88 97 98 99 100 105 107 108 109
25 69 70 71 72 73 74 75 76 77 78 79 80 81 82 83 87 88 97 98 99 100 105 107 108 109
23 69 70 71 72 73 78 79 80 81 82 83 87 88 91 92 97 98 99 100 105 107 108 109
25 69 70 71 72 73 74 75 78 79 80 81 82 83 87 88 91 92 97 98 99 100 105 107 108 109
27 69 70 71 72 73 74 75 76 77 78 79 80 81 82 83 87 88 91 92 97 98 99 100 105 107 108 109
7 87 104 105 106 107 108 109
9 82 87 88 104 105 106 107 108 109
11 72 82 83 87 88 104 105 106 107 108 109
13 69 72 73 82 83 87 88 104 105 106 107 108 109
15 69 70 71 72 73 82 83 87 88 104 105 106 107 108 109
13 72 74 75 82 83 87 88 104 105 106 107 108 109
15 69 72 73 74 75 82 83 87 88 104 105 106 107 108 109
17 69 70 71 72 73 74 75 82 83 87 88 104 105 106 107 108 109
15 72 74 75 76 77 82 83 87 88 104 105 106 107 108 109
17 69 72 73 74 75 76 77 82 83 87 88 104 105 106 107 108 109
19 69 70 71 72 73 74 75 76 77 82 83 87 88 104 105 106 107 108 109
17 69 70 71 72 73 79 81 82 83 87 88 104 105 106 107 108 109
19 69 70 71 72 73 74 75 79 81 82 83 87 88 104 105 106 107 108 109
21 69 70 71 72 73 74 75 76 77 79 81 82 83 87 88 104 105 106 107 108 109
19 69 70 71 72 73 78 79 80 81 82 83 87 88 104 105 106 107 108 109
21 69 70 71 72 73 74 75 78 79 80 81 82 83 87 88 104 105 106 107 108 109
23 69 70 71 72 73 74 75 76 77 78 79 80 81 82 83 87 88 104 105 106 107 108 109
19 69 70 71 72 73 79 81 82 83 87 88 91 92 104 105 106 107 108 109
21 69 70 71 72 73 74 75 79 81 82 83 87 88 91 92 104 105 106 107 108 109
23 69 70 71 72 73 74 75 76 77 79 81 82 83 87 88 91 92 104 105 106 107 108 109
21 69 70 71 72 73 78 79 80 81 82 83 87 88 91 92 104 105 106 107 108 109
23 69 70 71 72 73 74 75 78 79 80 81 82 83 87 88 91 92 104 105 106 107 108 109
25 69 70 71 72 73 74 75 76 77 78 79 80 81 82 83 87 88 91 92 104 105 106 107 108 109
21 69 70 71 72 73 78 79 80 81 82 83 87 88 97 98 104 105 106 107 108 109
23 69 70 71 72 73 74 75 78 79 80 81 82 83 87 88 97 98 104 105 106 107 108 109
25 69 70 71 72 73 74 75 76 77 78 79 80 81 82 83 87 88 97 98 104 105 106 107 108 109
23 69 70 71 72 73 78 79 80 81 82 83 87 88 91 92 97 98 104 105 106 107 108 109
25 69 70 71 72 73 74 75 78 79 80 81 82 83 87 88 91 92 97 98 104 105 106 107 108 109
27 69 70 71 72 73 74 75 76 77 78 79 80 81 82 83 87 88 91 92 97 98 104 105 106 107 108 109
23 69 70 71 72 73 78 79 80 81 82 83 87 88 97 98 99 100 104 105 106 107 108 109
25 69 70 71 72 73 74 75 78 79 80 81 82 83 87 88 97 98 99 100 104 105 106 107 108 109
27 69 70 71 72 73 74 75 76 77 78 79 80 81 82 83 87 88 97 98 99 100 104 105 106 107 108 109
25 69 70 71 72 73 78 79 80 81 82 83 87 88 91 92 97 98 99 100 104 105 106 107 108 109
27 69 70 71 72 73 74 75 78 79 80 81 82 83 87 88 91 92 97 98 99 100 104 105 106 107 108 109
29 69 70 71 72 73 74 75 76 77 78 79 80 81 82 83 87 88 91 92 97 98 99 100 104 105 106 107 108 109
3 77 95 108
8 67 70 79 82 85 97 99 102
2 71 98
3 73 78 84
8 68 76 81 88 89 94 105 106
5 80 83 93 100 107
10 66 72 75 86 87 90 92 103 104 109
2 96 101
1 86
1 90
1 94
1 98
1 100
1 103
1 106
1 109
14 67 68 72 73 75 84 86 92 96 97 99 101 103 109
12 71 78 79 81 82 83 88 89 93 94 102 106
3 66 74 80
9 76 77 85 91 95 100 104 105 107
5 69 70 87 98 108
1 77
2 69 101
7 82 84 91 103 104 107 108
5 75 80 94 99 109
4 66 71 76 88
2 67 102
2 68 98
2 78 87
8 70 72 83 85 90 97 100 105
2 73 86
7 74 79 81 92 93 95 106
1 96
1 83
1 88
1 92
2 87 96
4 76 89 90 109
3 78 94 108
3 71 75 79
5 67 77 91 95 100
2 72 102
15 66 69 70 73 74 80 81 82 84 92 98 101 103 104 107
5 86 88 93 99 106
4 68 83 97 105
3 84 95 103
4 67 81 102 104
16 68 70 71 72 73 76 79 82 88 94 98 100 106 107 108 109
2 75 96
2 78 80
2 92 99
2 77 91
6 69 89 90 97 101 105
3 83 86 87
11 71 77 82 84 85 93 95 97 99 107 108
6 72 78 79 86 90 91
27 66 67 68 69 70 73 74 75 76 80 81 83 87 88 89 92 94 96 98 100 101 102 103 104 105 106 109
1 107
2 94 101
4 80 90 91 109
4 76 82 93 105
6 66 67 69 73 74 84
5 70 72 78 102 103
5 92 95 97 99 100
2 85 87
2 79 81
10 68 71 75 77 86 89 98 104 106 108
1 75
3 72 74 109
9 71 76 79 85 87 89 97 104 108
8 67 68 73 88 90 93 95 106
7 70 92 94 99 101 103 107
7 69 77 83 84 91 98 105
4 81 86 96 102
5 66 78 80 82 100
1 71
1 73
4 80 81 88 99
6 69 76 82 92 104 108
5 73 78 87 98 105
5 77 79 85 90 97
2 66 95
9 68 71 89 93 94 103 106 107 109
4 70 72 75 100
3 67 74 91
4 83 84 86 96
4 74 75 92 96
2 68 89
5 76 77 84 97 107
3 72 80 108
7 69 71 73 95 101 102 109
3 67 70 79
5 78 81 83 93 99
7 66 85 91 94 104 105 106
4 86 87 90 100
1 110
1 111
1 112
1 113
1 114
1 115
1 116
1 117
3 116 117 118
1 119
3 117 119 120
5 116 117 118 119 120
1 121
1 122
3 121 122 123
1 124
1 125
3 124 125 126
1 127
3 116 127 128
5 116 117 118 127 128
7 116 117 118 119 120 127 128
1 129
3 127 129 130
5 116 127 128 129 130
7 116 117 118 127 128 129 130
9 116 117 118 119 120 127 128 129 130
1 131
1 132
3 131 132 133
1 134
3 132 134 135
5 131 132 133 134 135
1 136
3 132 136 137
5 131 132 133 136 137
5 132 134 135 136 137
7 131 132 133 134 135 136 137
1 138
3 125 138 139
5 124 125 126 138 139
1 140
3 116 140 141
5 116 117 118 140 141
7 116 117 118 119 120 140 141
5 116 127 128 140 141
7 116 117 118 127 128 140 141
9 116 117 118 119 120 127 128 140 141
7 116 127 128 129 130 140 141
9 116 117 118 127 128 129 130 140 141
11 116 117 118 119 120 127 128 129 130 140 141
1 142
1 143
3 142 143 144
1 145
3 143 145 146
5 142 143 144 145 146
1 147
1 148
3 147 148 149
1 150
3 148 150 151
5 147 148 149 150 151
1 152
3 121 152 153
5 121 122 123 152 153
1 154
3 121 154 155
5 121 122 123 154 155
5 121 152 153 154 155
7 121 122 123 152 153 154 155
1 156
1 157
3 156 157 158
6 115 123 127 134 136 150
15 112 113 116 119 128 129 137 138 140 142 144 145 151 153 155
23 110 111 114 117 118 120 122 125 126 130 131 132 135 139 141 146 147 148 149 154 156 157 158
4 124 133 143 152
1 120
1 126
1 128
1 130
1 135
1 141
1 144
1 146
1 149
1 151
1 153
1 158
8 116 120 126 134 135 139 140 145
19 110 112 113 114 117 118 122 125 129 131 136 137 151 152 153 155 156 157 158
7 121 124 128 138 142 143 154
9 111 115 119 123 127 130 132 147 150
4 133 144 146 149
2 141 148
1 123
1 139
1 155
5 110 113 125 150 154
2 116 155
2 121 122
3 123 147 151
6 117 119 129 130 131 132
6 111 112 134 135 153 158
3 137 142 152
3 124 128 136
11 114 115 118 120 127 138 139 143 144 149 157
2 140 148
4 133 145 146 156
1 118
1 133
4 129 138 145 154
3 139 142 155
4 136 141 143 151
8 120 123 126 127 128 134 148 150
9 114 115 130 135 140 146 147 152 157
1 137
3 113 117 124
3 125 131 153
13 110 111 112 116 118 119 121 122 133 144 149 156 158
