160 1216
1 1
1 2
1 3
1 4
1 5
1 6
1 7
1 8
3 7 8 9
1 10
3 8 10 11
5 7 8 9 10 11
1 12
3 8 12 13
5 7 8 9 12 13
5 8 10 11 12 13
7 7 8 9 10 11 12 13
1 14
1 15
3 14 15 16
1 17
3 15 17 18
5 14 15 16 17 18
4 3 4 5 16
3 2 8 10
3 13 15 17
4 1 7 9 14
3 6 11 12
1 18
1 9
1 11
1 13
5 2 8 9 13 15
4 6 10 11 12
3 3 17 18
2 1 4
3 7 14 16
2 4 6
3 1 14 17
5 2 3 5 7 15
1 16
6 8 10 11 12 13 18
2 5 15
4 7 10 16 18
6 1 8 9 12 13 17
3 2 7 12
3 9 10 14
2 4 16
2 5 8
4 6 11 13 15
2 5 7
13 1 3 6 8 9 10 12 13 14 15 16 17 18
2 4 11
2 5 14
4 8 10 11 16
3 1 4 7
5 2 3 9 12 17
3 6 13 15
3 3 5 11
4 4 7 9 10
3 13 17 18
2 6 14
4 1 2 8 15
4 2 3 11 18
3 1 9 16
2 5 12
2 10 17
4 7 8 13 14
1 19
1 20
3 19 20 21
1 22
1 23
3 22 23 24
1 25
1 26
3 25 26 27
1 28
1 29
3 28 29 30
1 31
3 20 31 32
5 19 20 21 31 32
3 23 31 33
5 22 23 24 31 33
5 20 23 31 32 33
7 19 20 21 23 31 32 33
7 20 22 23 24 31 32 33
9 19 20 21 22 23 24 31 32 33
3 29 31 34
5 28 29 30 31 34
5 20 29 31 32 34
7 19 20 21 29 31 32 34
7 20 28 29 30 31 32 34
9 19 20 21 28 29 30 31 32 34
5 23 29 31 33 34
7 22 23 24 29 31 33 34
7 23 28 29 30 31 33 34
9 22 23 24 28 29 30 31 33 34
7 20 23 29 31 32 33 34
9 19 20 21 23 29 31 32 33 34
9 20 22 23 24 29 31 32 33 34
11 19 20 21 22 23 24 29 31 32 33 34
9 20 23 28 29 30 31 32 33 34
11 19 20 21 23 28 29 30 31 32 33 34
11 20 22 23 24 28 29 30 31 32 33 34
13 19 20 21 22 23 24 28 29 30 31 32 33 34
1 35
3 19 35 36
5 19 20 21 35 36
7 19 20 21 31 32 35 36
9 19 20 21 23 31 32 33 35 36
11 19 20 21 22 23 24 31 32 33 35 36
9 19 20 21 29 31 32 34 35 36
11 19 20 21 28 29 30 31 32 34 35 36
11 19 20 21 23 29 31 32 33 34 35 36
13 19 20 21 22 23 24 29 31 32 33 34 35 36
13 19 20 21 23 28 29 30 31 32 33 34 35 36
15 19 20 21 22 23 24 28 29 30 31 32 33 34 35 36
3 25 35 37
5 25 26 27 35 37
5 19 25 35 36 37
7 19 20 21 25 35 36 37
7 19 25 26 27 35 36 37
9 19 20 21 25 26 27 35 36 37
9 19 20 21 25 31 32 35 36 37
11 19 20 21 25 26 27 31 32 35 36 37
11 19 20 21 23 25 31 32 33 35 36 37
13 19 20 21 22 23 24 25 31 32 33 35 36 37
13 19 20 21 23 25 26 27 31 32 33 35 36 37
15 19 20 21 22 23 24 25 26 27 31 32 33 35 36 37
11 19 20 21 25 29 31 32 34 35 36 37
13 19 20 21 25 26 27 29 31 32 34 35 36 37
13 19 20 21 25 28 29 30 31 32 34 35 36 37
15 19 20 21 25 26 27 28 29 30 31 32 34 35 36 37
13 19 20 21 23 25 29 31 32 33 34 35 36 37
15 19 20 21 22 23 24 25 29 31 32 33 34 35 36 37
15 19 20 21 23 25 26 27 29 31 32 33 34 35 36 37
17 19 20 21 22 23 24 25 26 27 29 31 32 33 34 35 36 37
15 19 20 21 23 25 28 29 30 31 32 33 34 35 36 37
17 19 20 21 22 23 24 25 28 29 30 31 32 33 34 35 36 37
17 19 20 21 23 25 26 27 28 29 30 31 32 33 34 35 36 37
19 19 20 21 22 23 24 25 26 27 28 29 30 31 32 33 34 35 36 37
1 38
3 20 38 39
5 19 20 21 38 39
5 20 31 32 38 39
7 19 20 21 31 32 38 39
7 20 23 31 32 33 38 39
9 19 20 21 23 31 32 33 38 39
9 20 22 23 24 31 32 33 38 39
11 19 20 21 22 23 24 31 32 33 38 39
7 20 29 31 32 34 38 39
9 19 20 21 29 31 32 34 38 39
9 20 28 29 30 31 32 34 38 39
11 19 20 21 28 29 30 31 32 34 38 39
9 20 23 29 31 32 33 34 38 39
11 19 20 21 23 29 31 32 33 34 38 39
11 20 22 23 24 29 31 32 33 34 38 39
13 19 20 21 22 23 24 29 31 32 33 34 38 39
11 20 23 28 29 30 31 32 33 34 38 39
13 19 20 21 23 28 29 30 31 32 33 34 38 39
13 20 22 23 24 28 29 30 31 32 33 34 38 39
15 19 20 21 22 23 24 28 29 30 31 32 33 34 38 39
3 35 38 40
5 19 35 36 38 40
5 25 35 37 38 40
7 25 26 27 35 37 38 40
7 19 25 35 36 37 38 40
9 19 25 26 27 35 36 37 38 40
5 20 35 38 39 40
7 20 31 32 35 38 39 40
9 20 23 31 32 33 35 38 39 40
11 20 22 23 24 31 32 33 35 38 39 40
9 20 29 31 32 34 35 38 39 40
11 20 28 29 30 31 32 34 35 38 39 40
11 20 23 29 31 32 33 34 35 38 39 40
13 20 22 23 24 29 31 32 33 34 35 38 39 40
13 20 23 28 29 30 31 32 33 34 35 38 39 40
15 20 22 23 24 28 29 30 31 32 33 34 35 38 39 40
8 19 20 21 35 36 38 39 40
10 19 20 21 31 32 35 36 38 39 40
12 19 20 21 23 31 32 33 35 36 38 39 40
14 19 20 21 22 23 24 31 32 33 35 36 38 39 40
12 19 20 21 29 31 32 34 35 36 38 39 40
14 19 20 21 28 29 30 31 32 34 35 36 38 39 40
14 19 20 21 23 29 31 32 33 34 35 36 38 39 40
16 19 20 21 22 23 24 29 31 32 33 34 35 36 38 39 40
16 19 20 21 23 28 29 30 31 32 33 34 35 36 38 39 40
18 19 20 21 22 23 24 28 29 30 31 32 33 34 35 36 38 39 40
7 20 25 35 37 38 39 40
9 20 25 26 27 35 37 38 39 40
9 20 25 31 32 35 37 38 39 40
11 20 25 26 27 31 32 35 37 38 39 40
10 19 20 21 25 35 36 37 38 39 40
12 19 20 21 25 26 27 35 36 37 38 39 40
12 19 20 21 25 31 32 35 36 37 38 39 40
14 19 20 21 25 26 27 31 32 35 36 37 38 39 40
1 21
2 24 39
3 33 37 38
7 19 23 27 28 29 31 35
2 26 30
1 40
6 20 22 25 32 34 36
1 27
1 37
6 24 25 28 29 32 39
16 19 20 21 22 23 26 27 30 31 33 34 35 36 37 38 40
1 30
1 34
1 39
9 20 21 22 25 26 28 36 38 39
3 27 33 40
10 19 23 24 29 30 31 32 34 35 37
1 24
1 32
2 19 34
13 20 22 23 25 28 30 31 32 33 37 38 39 40
7 21 24 26 27 29 35 36
1 36
6 19 20 26 28 36 40
16 21 22 23 24 25 27 29 30 31 32 33 34 35 37 38 39
4 19 22 26 39
3 25 27 33
3 31 32 34
6 23 24 29 30 35 37
2 20 36
1 33
2 26 38
6 23 24 31 32 36 37
3 25 34 39
3 22 28 40
2 20 21
4 27 29 30 35
6 19 25 27 30 32 39
16 20 21 22 23 24 26 28 29 31 33 34 35 36 37 38 40
4 25 35 37 39
2 36 40
11 19 20 21 23 24 27 28 29 30 32 34
5 22 26 31 33 38
8 20 23 25 26 33 38 39 40
5 22 29 31 35 36
9 19 21 24 27 28 30 32 34 37
1 41
1 42
1 43
3 42 43 44
1 45
1 46
3 45 46 47
1 48
3 43 48 49
5 42 43 44 48 49
1 50
3 48 50 51
5 43 48 49 50 51
7 42 43 44 48 49 50 51
1 52
3 45 52 53
5 45 46 47 52 53
1 54
1 55
3 54 55 56
1 57
3 55 57 58
5 54 55 56 57 58
3 45 57 59
5 45 46 47 57 59
5 45 52 53 57 59
7 45 46 47 52 53 57 59
5 45 55 57 58 59
7 45 46 47 55 57 58 59
7 45 52 53 55 57 58 59
9 45 46 47 52 53 55 57 58 59
7 45 54 55 56 57 58 59
9 45 46 47 54 55 56 57 58 59
9 45 52 53 54 55 56 57 58 59
11 45 46 47 52 53 54 55 56 57 58 59
1 60
1 61
3 60 61 62
3 57 61 63
5 55 57 58 61 63
7 54 55 56 57 58 61 63
5 45 57 59 61 63
7 45 46 47 57 59 61 63
7 45 52 53 57 59 61 63
9 45 46 47 52 53 57 59 61 63
7 45 55 57 58 59 61 63
9 45 46 47 55 57 58 59 61 63
9 45 52 53 55 57 58 59 61 63
11 45 46 47 52 53 55 57 58 59 61 63
9 45 54 55 56 57 58 59 61 63
11 45 46 47 54 55 56 57 58 59 61 63
11 45 52 53 54 55 56 57 58 59 61 63
13 45 46 47 52 53 54 55 56 57 58 59 61 63
5 57 60 61 62 63
7 55 57 58 60 61 62 63
9 54 55 56 57 58 60 61 62 63
7 45 57 59 60 61 62 63
9 45 46 47 57 59 60 61 62 63
9 45 52 53 57 59 60 61 62 63
11 45 46 47 52 53 57 59 60 61 62 63
9 45 55 57 58 59 60 61 62 63
11 45 46 47 55 57 58 59 60 61 62 63
11 45 52 53 55 57 58 59 60 61 62 63
13 45 46 47 52 53 55 57 58 59 60 61 62 63
11 45 54 55 56 57 58 59 60 61 62 63
13 45 46 47 54 55 56 57 58 59 60 61 62 63
13 45 52 53 54 55 56 57 58 59 60 61 62 63
15 45 46 47 52 53 54 55 56 57 58 59 60 61 62 63
3 50 61 64
5 48 50 51 61 64
7 43 48 49 50 51 61 64
9 42 43 44 48 49 50 51 61 64
5 50 60 61 62 64
7 48 50 51 60 61 62 64
9 43 48 49 50 51 60 61 62 64
11 42 43 44 48 49 50 51 60 61 62 64
5 50 57 61 63 64
7 48 50 51 57 61 63 64
9 43 48 49 50 51 57 61 63 64
11 42 43 44 48 49 50 51 57 61 63 64
7 50 55 57 58 61 63 64
9 48 50 51 55 57 58 61 63 64
11 43 48 49 50 51 55 57 58 61 63 64
13 42 43 44 48 49 50 51 55 57 58 61 63 64
9 50 54 55 56 57 58 61 63 64
11 48 50 51 54 55 56 57 58 61 63 64
13 43 48 49 50 51 54 55 56 57 58 61 63 64
15 42 43 44 48 49 50 51 54 55 56 57 58 61 63 64
7 45 50 57 59 61 63 64
9 45 46 47 50 57 59 61 63 64
9 45 48 50 51 57 59 61 63 64
11 45 46 47 48 50 51 57 59 61 63 64
11 43 45 48 49 50 51 57 59 61 63 64
13 42 43 44 45 48 49 50 51 57 59 61 63 64
13 43 45 46 47 48 49 50 51 57 59 61 63 64
15 42 43 44 45 46 47 48 49 50 51 57 59 61 63 64
9 45 50 52 53 57 59 61 63 64
11 45 46 47 50 52 53 57 59 61 63 64
11 45 48 50 51 52 53 57 59 61 63 64
13 45 46 47 48 50 51 52 53 57 59 61 63 64
13 43 45 48 49 50 51 52 53 57 59 61 63 64
15 42 43 44 45 48 49 50 51 52 53 57 59 61 63 64
15 43 45 46 47 48 49 50 51 52 53 57 59 61 63 64
17 42 43 44 45 46 47 48 49 50 51 52 53 57 59 61 63 64
9 45 50 55 57 58 59 61 63 64
11 45 46 47 50 55 57 58 59 61 63 64
11 45 48 50 51 55 57 58 59 61 63 64
13 45 46 47 48 50 51 55 57 58 59 61 63 64
13 43 45 48 49 50 51 55 57 58 59 61 63 64
15 42 43 44 45 48 49 50 51 55 57 58 59 61 63 64
15 43 45 46 47 48 49 50 51 55 57 58 59 61 63 64
17 42 43 44 45 46 47 48 49 50 51 55 57 58 59 61 63 64
11 45 50 52 53 55 57 58 59 61 63 64
13 45 46 47 50 52 53 55 57 58 59 61 63 64
13 45 48 50 51 52 53 55 57 58 59 61 63 64
15 45 46 47 48 50 51 52 53 55 57 58 59 61 63 64
15 43 45 48 49 50 51 52 53 55 57 58 59 61 63 64
17 42 43 44 45 48 49 50 51 52 53 55 57 58 59 61 63 64
17 43 45 46 47 48 49 50 51 52 53 55 57 58 59 61 63 64
19 42 43 44 45 46 47 48 49 50 51 52 53 55 57 58 59 61 63 64
11 45 50 54 55 56 57 58 59 61 63 64
13 45 46 47 50 54 55 56 57 58 59 61 63 64
13 45 48 50 51 54 55 56 57 58 59 61 63 64
15 45 46 47 48 50 51 54 55 56 57 58 59 61 63 64
15 43 45 48 49 50 51 54 55 56 57 58 59 61 63 64
17 42 43 44 45 48 49 50 51 54 55 56 57 58 59 61 63 64
17 43 45 46 47 48 49 50 51 54 55 56 57 58 59 61 63 64
19 42 43 44 45 46 47 48 49 50 51 54 55 56 57 58 59 61 63 64
13 45 50 52 53 54 55 56 57 58 59 61 63 64
15 45 46 47 50 52 53 54 55 56 57 58 59 61 63 64
15 45 48 50 51 52 53 54 55 56 57 58 59 61 63 64
17 45 46 47 48 50 51 52 53 54 55 56 57 58 59 61 63 64
17 43 45 48 49 50 51 52 53 54 55 56 57 58 59 61 63 64
19 42 43 44 45 48 49 50 51 52 53 54 55 56 57 58 59 61 63 64
19 43 45 46 47 48 49 50 51 52 53 54 55 56 57 58 59 61 63 64
21 42 43 44 45 46 47 48 49 50 51 52 53 54 55 56 57 58 59 61 63 64
7 50 57 60 61 62 63 64
9 48 50 51 57 60 61 62 63 64
11 43 48 49 50 51 57 60 61 62 63 64
13 42 43 44 48 49 50 51 57 60 61 62 63 64
9 50 55 57 58 60 61 62 63 64
11 48 50 51 55 57 58 60 61 62 63 64
13 43 48 49 50 51 55 57 58 60 61 62 63 64
15 42 43 44 48 49 50 51 55 57 58 60 61 62 63 64
11 50 54 55 56 57 58 60 61 62 63 64
13 48 50 51 54 55 56 57 58 60 61 62 63 64
15 43 48 49 50 51 54 55 56 57 58 60 61 62 63 64
17 42 43 44 48 49 50 51 54 55 56 57 58 60 61 62 63 64
9 45 50 57 59 60 61 62 63 64
11 45 46 47 50 57 59 60 61 62 63 64
11 45 48 50 51 57 59 60 61 62 63 64
13 45 46 47 48 50 51 57 59 60 61 62 63 64
13 43 45 48 49 50 51 57 59 60 61 62 63 64
15 42 43 44 45 48 49 50 51 57 59 60 61 62 63 64
15 43 45 46 47 48 49 50 51 57 59 60 61 62 63 64
17 42 43 44 45 46 47 48 49 50 51 57 59 60 61 62 63 64
11 45 50 52 53 57 59 60 61 62 63 64
13 45 46 47 50 52 53 57 59 60 61 62 63 64
13 45 48 50 51 52 53 57 59 60 61 62 63 64
15 45 46 47 48 50 51 52 53 57 59 60 61 62 63 64
15 43 45 48 49 50 51 52 53 57 59 60 61 62 63 64
17 42 43 44 45 48 49 50 51 52 53 57 59 60 61 62 63 64
17 43 45 46 47 48 49 50 51 52 53 57 59 60 61 62 63 64
19 42 43 44 45 46 47 48 49 50 51 52 53 57 59 60 61 62 63 64
11 45 50 55 57 58 59 60 61 62 63 64
13 45 46 47 50 55 57 58 59 60 61 62 63 64
13 45 48 50 51 55 57 58 59 60 61 62 63 64
15 45 46 47 48 50 51 55 57 58 59 60 61 62 63 64
15 43 45 48 49 50 51 55 57 58 59 60 61 62 63 64
17 42 43 44 45 48 49 50 51 55 57 58 59 60 61 62 63 64
17 43 45 46 47 48 49 50 51 55 57 58 59 60 61 62 63 64
19 42 43 44 45 46 47 48 49 50 51 55 57 58 59 60 61 62 63 64
13 45 50 52 53 55 57 58 59 60 61 62 63 64
15 45 46 47 50 52 53 55 57 58 59 60 61 62 63 64
15 45 48 50 51 52 53 55 57 58 59 60 61 62 63 64
17 45 46 47 48 50 51 52 53 55 57 58 59 60 61 62 63 64
17 43 45 48 49 50 51 52 53 55 57 58 59 60 61 62 63 64
19 42 43 44 45 48 49 50 51 52 53 55 57 58 59 60 61 62 63 64
19 43 45 46 47 48 49 50 51 52 53 55 57 58 59 60 61 62 63 64
21 42 43 44 45 46 47 48 49 50 51 52 53 55 57 58 59 60 61 62 63 64
13 45 50 54 55 56 57 58 59 60 61 62 63 64
15 45 46 47 50 54 55 56 57 58 59 60 61 62 63 64
15 45 48 50 51 54 55 56 57 58 59 60 61 62 63 64
17 45 46 47 48 50 51 54 55 56 57 58 59 60 61 62 63 64
17 43 45 48 49 50 51 54 55 56 57 58 59 60 61 62 63 64
19 42 43 44 45 48 49 50 51 54 55 56 57 58 59 60 61 62 63 64
19 43 45 46 47 48 49 50 51 54 55 56 57 58 59 60 61 62 63 64
21 42 43 44 45 46 47 48 49 50 51 54 55 56 57 58 59 60 61 62 63 64
15 45 50 52 53 54 55 56 57 58 59 60 61 62 63 64
17 45 46 47 50 52 53 54 55 56 57 58 59 60 61 62 63 64
17 45 48 50 51 52 53 54 55 56 57 58 59 60 61 62 63 64
19 45 46 47 48 50 51 52 53 54 55 56 57 58 59 60 61 62 63 64
19 43 45 48 49 50 51 52 53 54 55 56 57 58 59 60 61 62 63 64
21 42 43 44 45 48 49 50 51 52 53 54 55 56 57 58 59 60 61 62 63 64
21 43 45 46 47 48 49 50 51 52 53 54 55 56 57 58 59 60 61 62 63 64
23 42 43 44 45 46 47 48 49 50 51 52 53 54 55 56 57 58 59 60 61 62 63 64
1 65
3 61 65 66
5 60 61 62 65 66
5 57 61 63 65 66
7 55 57 58 61 63 65 66
9 54 55 56 57 58 61 63 65 66
7 45 57 59 61 63 65 66
9 45 46 47 57 59 61 63 65 66
9 45 52 53 57 59 61 63 65 66
11 45 46 47 52 53 57 59 61 63 65 66
9 45 55 57 58 59 61 63 65 66
11 45 46 47 55 57 58 59 61 63 65 66
11 45 52 53 55 57 58 59 61 63 65 66
13 45 46 47 52 53 55 57 58 59 61 63 65 66
11 45 54 55 56 57 58 59 61 63 65 66
13 45 46 47 54 55 56 57 58 59 61 63 65 66
13 45 52 53 54 55 56 57 58 59 61 63 65 66
15 45 46 47 52 53 54 55 56 57 58 59 61 63 65 66
7 57 60 61 62 63 65 66
9 55 57 58 60 61 62 63 65 66
11 54 55 56 57 58 60 61 62 63 65 66
9 45 57 59 60 61 62 63 65 66
11 45 46 47 57 59 60 61 62 63 65 66
11 45 52 53 57 59 60 61 62 63 65 66
13 45 46 47 52 53 57 59 60 61 62 63 65 66
11 45 55 57 58 59 60 61 62 63 65 66
13 45 46 47 55 57 58 59 60 61 62 63 65 66
13 45 52 53 55 57 58 59 60 61 62 63 65 66
15 45 46 47 52 53 55 57 58 59 60 61 62 63 65 66
13 45 54 55 56 57 58 59 60 61 62 63 65 66
15 45 46 47 54 55 56 57 58 59 60 61 62 63 65 66
15 45 52 53 54 55 56 57 58 59 60 61 62 63 65 66
17 45 46 47 52 53 54 55 56 57 58 59 60 61 62 63 65 66
5 50 61 64 65 66
7 48 50 51 61 64 65 66
9 43 48 49 50 51 61 64 65 66
11 42 43 44 48 49 50 51 61 64 65 66
7 50 60 61 62 64 65 66
9 48 50 51 60 61 62 64 65 66
11 43 48 49 50 51 60 61 62 64 65 66
13 42 43 44 48 49 50 51 60 61 62 64 65 66
7 50 57 61 63 64 65 66
9 48 50 51 57 61 63 64 65 66
11 43 48 49 50 51 57 61 63 64 65 66
13 42 43 44 48 49 50 51 57 61 63 64 65 66
9 50 55 57 58 61 63 64 65 66
11 48 50 51 55 57 58 61 63 64 65 66
13 43 48 49 50 51 55 57 58 61 63 64 65 66
15 42 43 44 48 49 50 51 55 57 58 61 63 64 65 66
11 50 54 55 56 57 58 61 63 64 65 66
13 48 50 51 54 55 56 57 58 61 63 64 65 66
15 43 48 49 50 51 54 55 56 57 58 61 63 64 65 66
17 42 43 44 48 49 50 51 54 55 56 57 58 61 63 64 65 66
9 45 50 57 59 61 63 64 65 66
11 45 46 47 50 57 59 61 63 64 65 66
11 45 48 50 51 57 59 61 63 64 65 66
13 45 46 47 48 50 51 57 59 61 63 64 65 66
13 43 45 48 49 50 51 57 59 61 63 64 65 66
15 42 43 44 45 48 49 50 51 57 59 61 63 64 65 66
15 43 45 46 47 48 49 50 51 57 59 61 63 64 65 66
17 42 43 44 45 46 47 48 49 50 51 57 59 61 63 64 65 66
11 45 50 52 53 57 59 61 63 64 65 66
13 45 46 47 50 52 53 57 59 61 63 64 65 66
13 45 48 50 51 52 53 57 59 61 63 64 65 66
15 45 46 47 48 50 51 52 53 57 59 61 63 64 65 66
15 43 45 48 49 50 51 52 53 57 59 61 63 64 65 66
17 42 43 44 45 48 49 50 51 52 53 57 59 61 63 64 65 66
17 43 45 46 47 48 49 50 51 52 53 57 59 61 63 64 65 66
19 42 43 44 45 46 47 48 49 50 51 52 53 57 59 61 63 64 65 66
11 45 50 55 57 58 59 61 63 64 65 66
13 45 46 47 50 55 57 58 59 61 63 64 65 66
13 45 48 50 51 55 57 58 59 61 63 64 65 66
15 45 46 47 48 50 51 55 57 58 59 61 63 64 65 66
15 43 45 48 49 50 51 55 57 58 59 61 63 64 65 66
17 42 43 44 45 48 49 50 51 55 57 58 59 61 63 64 65 66
17 43 45 46 47 48 49 50 51 55 57 58 59 61 63 64 65 66
19 42 43 44 45 46 47 48 49 50 51 55 57 58 59 61 63 64 65 66
13 45 50 52 53 55 57 58 59 61 63 64 65 66
15 45 46 47 50 52 53 55 57 58 59 61 63 64 65 66
15 45 48 50 51 52 53 55 57 58 59 61 63 64 65 66
17 45 46 47 48 50 51 52 53 55 57 58 59 61 63 64 65 66
17 43 45 48 49 50 51 52 53 55 57 58 59 61 63 64 65 66
19 42 43 44 45 48 49 50 51 52 53 55 57 58 59 61 63 64 65 66
19 43 45 46 47 48 49 50 51 52 53 55 57 58 59 61 63 64 65 66
21 42 43 44 45 46 47 48 49 50 51 52 53 55 57 58 59 61 63 64 65 66
13 45 50 54 55 56 57 58 59 61 63 64 65 66
15 45 46 47 50 54 55 56 57 58 59 61 63 64 65 66
15 45 48 50 51 54 55 56 57 58 59 61 63 64 65 66
17 45 46 47 48 50 51 54 55 56 57 58 59 61 63 64 65 66
17 43 45 48 49 50 51 54 55 56 57 58 59 61 63 64 65 66
19 42 43 44 45 48 49 50 51 54 55 56 57 58 59 61 63 64 65 66
19 43 45 46 47 48 49 50 51 54 55 56 57 58 59 61 63 64 65 66
21 42 43 44 45 46 47 48 49 50 51 54 55 56 57 58 59 61 63 64 65 66
15 45 50 52 53 54 55 56 57 58 59 61 63 64 65 66
17 45 46 47 50 52 53 54 55 56 57 58 59 61 63 64 65 66
17 45 48 50 51 52 53 54 55 56 57 58 59 61 63 64 65 66
19 45 46 47 48 50 51 52 53 54 55 56 57 58 59 61 63 64 65 66
19 43 45 48 49 50 51 52 53 54 55 56 57 58 59 61 63 64 65 66
21 42 43 44 45 48 49 50 51 52 53 54 55 56 57 58 59 61 63 64 65 66
21 43 45 46 47 48 49 50 51 52 53 54 55 56 57 58 59 61 63 64 65 66
23 42 43 44 45 46 47 48 49 50 51 52 53 54 55 56 57 58 59 61 63 64 65 66
9 50 57 60 61 62 63 64 65 66
11 48 50 51 57 60 61 62 63 64 65 66
13 43 48 49 50 51 57 60 61 62 63 64 65 66
15 42 43 44 48 49 50 51 57 60 61 62 63 64 65 66
11 50 55 57 58 60 61 62 63 64 65 66
13 48 50 51 55 57 58 60 61 62 63 64 65 66
15 43 48 49 50 51 55 57 58 60 61 62 63 64 65 66
17 42 43 44 48 49 50 51 55 57 58 60 61 62 63 64 65 66
13 50 54 55 56 57 58 60 61 62 63 64 65 66
15 48 50 51 54 55 56 57 58 60 61 62 63 64 65 66
17 43 48 49 50 51 54 55 56 57 58 60 61 62 63 64 65 66
19 42 43 44 48 49 50 51 54 55 56 57 58 60 61 62 63 64 65 66
11 45 50 57 59 60 61 62 63 64 65 66
13 45 46 47 50 57 59 60 61 62 63 64 65 66
13 45 48 50 51 57 59 60 61 62 63 64 65 66
15 45 46 47 48 50 51 57 59 60 61 62 63 64 65 66
15 43 45 48 49 50 51 57 59 60 61 62 63 64 65 66
17 42 43 44 45 48 49 50 51 57 59 60 61 62 63 64 65 66
17 43 45 46 47 48 49 50 51 57 59 60 61 62 63 64 65 66
19 42 43 44 45 46 47 48 49 50 51 57 59 60 61 62 63 64 65 66
13 45 50 52 53 57 59 60 61 62 63 64 65 66
15 45 46 47 50 52 53 57 59 60 61 62 63 64 65 66
15 45 48 50 51 52 53 57 59 60 61 62 63 64 65 66
17 45 46 47 48 50 51 52 53 57 59 60 61 62 63 64 65 66
17 43 45 48 49 50 51 52 53 57 59 60 61 62 63 64 65 66
19 42 43 44 45 48 49 50 51 52 53 57 59 60 61 62 63 64 65 66
19 43 45 46 47 48 49 50 51 52 53 57 59 60 61 62 63 64 65 66
21 42 43 44 45 46 47 48 49 50 51 52 53 57 59 60 61 62 63 64 65 66
13 45 50 55 57 58 59 60 61 62 63 64 65 66
15 45 46 47 50 55 57 58 59 60 61 62 63 64 65 66
15 45 48 50 51 55 57 58 59 60 61 62 63 64 65 66
17 45 46 47 48 50 51 55 57 58 59 60 61 62 63 64 65 66
17 43 45 48 49 50 51 55 57 58 59 60 61 62 63 64 65 66
19 42 43 44 45 48 49 50 51 55 57 58 59 60 61 62 63 64 65 66
19 43 45 46 47 48 49 50 51 55 57 58 59 60 61 62 63 64 65 66
21 42 43 44 45 46 47 48 49 50 51 55 57 58 59 60 61 62 63 64 65 66
15 45 50 52 53 55 57 58 59 60 61 62 63 64 65 66
17 45 46 47 50 52 53 55 57 58 59 60 61 62 63 64 65 66
17 45 48 50 51 52 53 55 57 58 59 60 61 62 63 64 65 66
19 45 46 47 48 50 51 52 53 55 57 58 59 60 61 62 63 64 65 66
19 43 45 48 49 50 51 52 53 55 57 58 59 60 61 62 63 64 65 66
21 42 43 44 45 48 49 50 51 52 53 55 57 58 59 60 61 62 63 64 65 66
21 43 45 46 47 48 49 50 51 52 53 55 57 58 59 60 61 62 63 64 65 66
23 42 43 44 45 46 47 48 49 50 51 52 53 55 57 58 59 60 61 62 63 64 65 66
15 45 50 54 55 56 57 58 59 60 61 62 63 64 65 66
17 45 46 47 50 54 55 56 57 58 59 60 61 62 63 64 65 66
17 45 48 50 51 54 55 56 57 58 59 60 61 62 63 64 65 66
19 45 46 47 48 50 51 54 55 56 57 58 59 60 61 62 63 64 65 66
19 43 45 48 49 50 51 54 55 56 57 58 59 60 61 62 63 64 65 66
21 42 43 44 45 48 49 50 51 54 55 56 57 58 59 60 61 62 63 64 65 66
21 43 45 46 47 48 49 50 51 54 55 56 57 58 59 60 61 62 63 64 65 66
23 42 43 44 45 46 47 48 49 50 51 54 55 56 57 58 59 60 61 62 63 64 65 66
17 45 50 52 53 54 55 56 57 58 59 60 61 62 63 64 65 66
19 45 46 47 50 52 53 54 55 56 57 58 59 60 61 62 63 64 65 66
19 45 48 50 51 52 53 54 55 56 57 58 59 60 61 62 63 64 65 66
21 45 46 47 48 50 51 52 53 54 55 56 57 58 59 60 61 62 63 64 65 66
21 43 45 48 49 50 51 52 53 54 55 56 57 58 59 60 61 62 63 64 65 66
23 42 43 44 45 48 49 50 51 52 53 54 55 56 57 58 59 60 61 62 63 64 65 66
23 43 45 46 47 48 49 50 51 52 53 54 55 56 57 58 59 60 61 62 63 64 65 66
25 42 43 44 45 46 47 48 49 50 51 52 53 54 55 56 57 58 59 60 61 62 63 64 65 66
7 41 43 51 55 59 60 65
1 44
9 42 45 48 49 54 57 62 64 66
8 47 50 52 53 56 58 61 63
1 47
1 49
1 51
1 62
1 64
6 46 50 60 62 63 65
20 41 42 43 44 45 47 48 49 51 52 53 54 55 56 57 58 59 61 64 66
1 56
1 58
1 66
6 47 48 50 51 57 59
3 44 60 66
2 58 62
5 46 52 55 61 63
9 41 42 43 49 53 54 56 64 65
1 63
9 46 50 52 53 55 56 57 60 63
5 41 42 44 59 65
5 43 45 47 49 54
5 48 51 61 64 66
7 42 49 53 56 57 59 63
4 41 52 60 65
8 43 44 46 47 54 55 61 64
4 45 50 51 66
6 54 59 61 62 65 66
2 52 57
2 55 60
5 43 46 47 49 53
2 41 48
2 56 58
3 42 51 63
2 44 45
1 53
6 48 49 50 51 56 66
7 42 52 53 58 61 63 64
5 41 43 44 47 54
5 45 46 55 59 65
3 57 60 62
1 67
1 68
1 69
3 68 69 70
1 71
1 72
3 71 72 73
1 74
3 68 74 75
5 68 69 70 74 75
1 76
3 72 76 77
5 71 72 73 76 77
1 78
1 79
3 78 79 80
3 74 79 81
5 68 74 75 79 81
7 68 69 70 74 75 79 81
5 74 78 79 80 81
7 68 74 75 78 79 80 81
9 68 69 70 74 75 78 79 80 81
1 82
3 79 82 83
5 78 79 80 82 83
5 74 79 81 82 83
7 68 74 75 79 81 82 83
9 68 69 70 74 75 79 81 82 83
7 74 78 79 80 81 82 83
9 68 74 75 78 79 80 81 82 83
11 68 69 70 74 75 78 79 80 81 82 83
1 84
3 79 84 85
5 78 79 80 84 85
5 74 79 81 84 85
7 68 74 75 79 81 84 85
9 68 69 70 74 75 79 81 84 85
7 74 78 79 80 81 84 85
9 68 74 75 78 79 80 81 84 85
11 68 69 70 74 75 78 79 80 81 84 85
5 79 82 83 84 85
7 78 79 80 82 83 84 85
7 74 79 81 82 83 84 85
9 68 74 75 79 81 82 83 84 85
11 68 69 70 74 75 79 81 82 83 84 85
9 74 78 79 80 81 82 83 84 85
11 68 74 75 78 79 80 81 82 83 84 85
13 68 69 70 74 75 78 79 80 81 82 83 84 85
1 86
3 71 86 87
5 71 72 73 86 87
7 71 72 73 76 77 86 87
3 74 86 88
5 68 74 75 86 88
7 68 69 70 74 75 86 88
5 74 79 81 86 88
7 68 74 75 79 81 86 88
9 68 69 70 74 75 79 81 86 88
7 74 78 79 80 81 86 88
9 68 74 75 78 79 80 81 86 88
11 68 69 70 74 75 78 79 80 81 86 88
7 74 79 81 82 83 86 88
9 68 74 75 79 81 82 83 86 88
11 68 69 70 74 75 79 81 82 83 86 88
9 74 78 79 80 81 82 83 86 88
11 68 74 75 78 79 80 81 82 83 86 88
13 68 69 70 74 75 78 79 80 81 82 83 86 88
7 74 79 81 84 85 86 88
9 68 74 75 79 81 84 85 86 88
11 68 69 70 74 75 79 81 84 85 86 88
9 74 78 79 80 81 84 85 86 88
11 68 74 75 78 79 80 81 84 85 86 88
13 68 69 70 74 75 78 79 80 81 84 85 86 88
9 74 79 81 82 83 84 85 86 88
11 68 74 75 79 81 82 83 84 85 86 88
13 68 69 70 74 75 79 81 82 83 84 85 86 88
11 74 78 79 80 81 82 83 84 85 86 88
13 68 74 75 78 79 80 81 82 83 84 85 86 88
15 68 69 70 74 75 78 79 80 81 82 83 84 85 86 88
5 71 74 86 87 88
7 71 72 73 74 86 87 88
7 68 71 74 75 86 87 88
9 68 69 70 71 74 75 86 87 88
9 68 71 72 73 74 75 86 87 88
11 68 69 70 71 72 73 74 75 86 87 88
9 71 72 73 74 76 77 86 87 88
11 68 71 72 73 74 75 76 77 86 87 88
13 68 69 70 71 72 73 74 75 76 77 86 87 88
7 71 74 79 81 86 87 88
9 71 72 73 74 79 81 86 87 88
9 68 71 74 75 79 81 86 87 88
11 68 69 70 71 74 75 79 81 86 87 88
11 68 71 72 73 74 75 79 81 86 87 88
13 68 69 70 71 72 73 74 75 79 81 86 87 88
11 71 72 73 74 76 77 79 81 86 87 88
13 68 71 72 73 74 75 76 77 79 81 86 87 88
15 68 69 70 71 72 73 74 75 76 77 79 81 86 87 88
9 71 74 78 79 80 81 86 87 88
11 71 72 73 74 78 79 80 81 86 87 88
11 68 71 74 75 78 79 80 81 86 87 88
13 68 69 70 71 74 75 78 79 80 81 86 87 88
13 68 71 72 73 74 75 78 79 80 81 86 87 88
15 68 69 70 71 72 73 74 75 78 79 80 81 86 87 88
13 71 72 73 74 76 77 78 79 80 81 86 87 88
15 68 71 72 73 74 75 76 77 78 79 80 81 86 87 88
17 68 69 70 71 72 73 74 75 76 77 78 79 80 81 86 87 88
1 89
1 90
3 89 90 91
3 79 90 92
5 78 79 80 90 92
5 74 79 81 90 92
7 74 78 79 80 81 90 92
5 79 82 83 90 92
7 78 79 80 82 83 90 92
7 74 79 81 82 83 90 92
9 74 78 79 80 81 82 83 90 92
5 79 84 85 90 92
7 78 79 80 84 85 90 92
7 74 79 81 84 85 90 92
9 74 78 79 80 81 84 85 90 92
7 79 82 83 84 85 90 92
9 78 79 80 82 83 84 85 90 92
9 74 79 81 82 83 84 85 90 92
11 74 78 79 80 81 82 83 84 85 90 92
7 74 79 81 86 88 90 92
9 74 78 79 80 81 86 88 90 92
9 74 79 81 82 83 86 88 90 92
11 74 78 79 80 81 82 83 86 88 90 92
9 74 79 81 84 85 86 88 90 92
11 74 78 79 80 81 84 85 86 88 90 92
11 74 79 81 82 83 84 85 86 88 90 92
13 74 78 79 80 81 82 83 84 85 86 88 90 92
9 71 74 79 81 86 87 88 90 92
11 71 72 73 74 79 81 86 87 88 90 92
13 71 72 73 74 76 77 79 81 86 87 88 90 92
11 71 74 78 79 80 81 86 87 88 90 92
13 71 72 73 74 78 79 80 81 86 87 88 90 92
15 71 72 73 74 76 77 78 79 80 81 86 87 88 90 92
5 79 89 90 91 92
7 78 79 80 89 90 91 92
7 74 79 81 89 90 91 92
9 74 78 79 80 81 89 90 91 92
7 79 82 83 89 90 91 92
9 78 79 80 82 83 89 90 91 92
9 74 79 81 82 83 89 90 91 92
11 74 78 79 80 81 82 83 89 90 91 92
7 79 84 85 89 90 91 92
9 78 79 80 84 85 89 90 91 92
9 74 79 81 84 85 89 90 91 92
11 74 78 79 80 81 84 85 89 90 91 92
9 79 82 83 84 85 89 90 91 92
11 78 79 80 82 83 84 85 89 90 91 92
11 74 79 81 82 83 84 85 89 90 91 92
13 74 78 79 80 81 82 83 84 85 89 90 91 92
9 74 79 81 86 88 89 90 91 92
11 74 78 79 80 81 86 88 89 90 91 92
11 74 79 81 82 83 86 88 89 90 91 92
13 74 78 79 80 81 82 83 86 88 89 90 91 92
11 74 79 81 84 85 86 88 89 90 91 92
13 74 78 79 80 81 84 85 86 88 89 90 91 92
13 74 79 81 82 83 84 85 86 88 89 90 91 92
15 74 78 79 80 81 82 83 84 85 86 88 89 90 91 92
11 71 74 79 81 86 87 88 89 90 91 92
13 71 72 73 74 79 81 86 87 88 89 90 91 92
15 71 72 73 74 76 77 79 81 86 87 88 89 90 91 92
13 71 74 78 79 80 81 86 87 88 89 90 91 92
15 71 72 73 74 78 79 80 81 86 87 88 89 90 91 92
17 71 72 73 74 76 77 78 79 80 81 86 87 88 89 90 91 92
3 68 90 93
5 68 69 70 90 93
5 68 74 75 90 93
7 68 69 70 74 75 90 93
7 68 74 75 86 88 90 93
9 68 69 70 74 75 86 88 90 93
9 68 71 74 75 86 87 88 90 93
11 68 69 70 71 74 75 86 87 88 90 93
11 68 71 72 73 74 75 86 87 88 90 93
13 68 69 70 71 72 73 74 75 86 87 88 90 93
5 68 89 90 91 93
7 68 69 70 89 90 91 93
7 68 74 75 89 90 91 93
9 68 69 70 74 75 89 90 91 93
9 68 74 75 86 88 89 90 91 93
11 68 69 70 74 75 86 88 89 90 91 93
11 68 71 74 75 86 87 88 89 90 91 93
13 68 69 70 71 74 75 86 87 88 89 90 91 93
13 68 71 72 73 74 75 86 87 88 89 90 91 93
15 68 69 70 71 72 73 74 75 86 87 88 89 90 91 93
5 68 79 90 92 93
7 68 69 70 79 90 92 93
7 68 78 79 80 90 92 93
9 68 69 70 78 79 80 90 92 93
8 68 74 75 79 81 90 92 93
10 68 69 70 74 75 79 81 90 92 93
10 68 74 75 78 79 80 81 90 92 93
12 68 69 70 74 75 78 79 80 81 90 92 93
7 68 79 82 83 90 92 93
9 68 69 70 79 82 83 90 92 93
9 68 78 79 80 82 83 90 92 93
11 68 69 70 78 79 80 82 83 90 92 93
10 68 74 75 79 81 82 83 90 92 93
12 68 69 70 74 75 79 81 82 83 90 92 93
12 68 74 75 78 79 80 81 82 83 90 92 93
14 68 69 70 74 75 78 79 80 81 82 83 90 92 93
7 68 79 84 85 90 92 93
9 68 69 70 79 84 85 90 92 93
9 68 78 79 80 84 85 90 92 93
11 68 69 70 78 79 80 84 85 90 92 93
10 68 74 75 79 81 84 85 90 92 93
12 68 69 70 74 75 79 81 84 85 90 92 93
12 68 74 75 78 79 80 81 84 85 90 92 93
14 68 69 70 74 75 78 79 80 81 84 85 90 92 93
9 68 79 82 83 84 85 90 92 93
11 68 69 70 79 82 83 84 85 90 92 93
11 68 78 79 80 82 83 84 85 90 92 93
13 68 69 70 78 79 80 82 83 84 85 90 92 93
12 68 74 75 79 81 82 83 84 85 90 92 93
14 68 69 70 74 75 79 81 82 83 84 85 90 92 93
14 68 74 75 78 79 80 81 82 83 84 85 90 92 93
16 68 69 70 74 75 78 79 80 81 82 83 84 85 90 92 93
10 68 74 75 79 81 86 88 90 92 93
12 68 69 70 74 75 79 81 86 88 90 92 93
12 68 74 75 78 79 80 81 86 88 90 92 93
14 68 69 70 74 75 78 79 80 81 86 88 90 92 93
12 68 74 75 79 81 82 83 86 88 90 92 93
14 68 69 70 74 75 79 81 82 83 86 88 90 92 93
14 68 74 75 78 79 80 81 82 83 86 88 90 92 93
16 68 69 70 74 75 78 79 80 81 82 83 86 88 90 92 93
12 68 74 75 79 81 84 85 86 88 90 92 93
14 68 69 70 74 75 79 81 84 85 86 88 90 92 93
14 68 74 75 78 79 80 81 84 85 86 88 90 92 93
16 68 69 70 74 75 78 79 80 81 84 85 86 88 90 92 93
14 68 74 75 79 81 82 83 84 85 86 88 90 92 93
16 68 69 70 74 75 79 81 82 83 84 85 86 88 90 92 93
16 68 74 75 78 79 80 81 82 83 84 85 86 88 90 92 93
18 68 69 70 74 75 78 79 80 81 82 83 84 85 86 88 90 92 93
14 68 71 74 75 78 79 80 81 86 87 88 90 92 93
16 68 69 70 71 74 75 78 79 80 81 86 87 88 90 92 93
16 68 71 72 73 74 75 78 79 80 81 86 87 88 90 92 93
18 68 69 70 71 72 73 74 75 78 79 80 81 86 87 88 90 92 93
7 68 79 89 90 91 92 93
9 68 69 70 79 89 90 91 92 93
9 68 78 79 80 89 90 91 92 93
11 68 69 70 78 79 80 89 90 91 92 93
10 68 74 75 79 81 89 90 91 92 93
12 68 69 70 74 75 79 81 89 90 91 92 93
12 68 74 75 78 79 80 81 89 90 91 92 93
14 68 69 70 74 75 78 79 80 81 89 90 91 92 93
9 68 79 82 83 89 90 91 92 93
11 68 69 70 79 82 83 89 90 91 92 93
11 68 78 79 80 82 83 89 90 91 92 93
13 68 69 70 78 79 80 82 83 89 90 91 92 93
12 68 74 75 79 81 82 83 89 90 91 92 93
14 68 69 70 74 75 79 81 82 83 89 90 91 92 93
14 68 74 75 78 79 80 81 82 83 89 90 91 92 93
16 68 69 70 74 75 78 79 80 81 82 83 89 90 91 92 93
9 68 79 84 85 89 90 91 92 93
11 68 69 70 79 84 85 89 90 91 92 93
11 68 78 79 80 84 85 89 90 91 92 93
13 68 69 70 78 79 80 84 85 89 90 91 92 93
12 68 74 75 79 81 84 85 89 90 91 92 93
14 68 69 70 74 75 79 81 84 85 89 90 91 92 93
14 68 74 75 78 79 80 81 84 85 89 90 91 92 93
16 68 69 70 74 75 78 79 80 81 84 85 89 90 91 92 93
11 68 79 82 83 84 85 89 90 91 92 93
13 68 69 70 79 82 83 84 85 89 90 91 92 93
13 68 78 79 80 82 83 84 85 89 90 91 92 93
15 68 69 70 78 79 80 82 83 84 85 89 90 91 92 93
14 68 74 75 79 81 82 83 84 85 89 90 91 92 93
16 68 69 70 74 75 79 81 82 83 84 85 89 90 91 92 93
16 68 74 75 78 79 80 81 82 83 84 85 89 90 91 92 93
18 68 69 70 74 75 78 79 80 81 82 83 84 85 89 90 91 92 93
12 68 74 75 79 81 86 88 89 90 91 92 93
14 68 69 70 74 75 79 81 86 88 89 90 91 92 93
14 68 74 75 78 79 80 81 86 88 89 90 91 92 93
16 68 69 70 74 75 78 79 80 81 86 88 89 90 91 92 93
14 68 74 75 79 81 82 83 86 88 89 90 91 92 93
16 68 69 70 74 75 79 81 82 83 86 88 89 90 91 92 93
16 68 74 75 78 79 80 81 82 83 86 88 89 90 91 92 93
18 68 69 70 74 75 78 79 80 81 82 83 86 88 89 90 91 92 93
14 68 74 75 79 81 84 85 86 88 89 90 91 92 93
16 68 69 70 74 75 79 81 84 85 86 88 89 90 91 92 93
16 68 74 75 78 79 80 81 84 85 86 88 89 90 91 92 93
18 68 69 70 74 75 78 79 80 81 84 85 86 88 89 90 91 92 93
16 68 74 75 79 81 82 83 84 85 86 88 89 90 91 92 93
18 68 69 70 74 75 79 81 82 83 84 85 86 88 89 90 91 92 93
18 68 74 75 78 79 80 81 82 83 84 85 86 88 89 90 91 92 93
20 68 69 70 74 75 78 79 80 81 82 83 84 85 86 88 89 90 91 92 93
16 68 71 74 75 78 79 80 81 86 87 88 89 90 91 92 93
18 68 69 70 71 74 75 78 79 80 81 86 87 88 89 90 91 92 93
18 68 71 72 73 74 75 78 79 80 81 86 87 88 89 90 91 92 93
20 68 69 70 71 72 73 74 75 78 79 80 81 86 87 88 89 90 91 92 93
27 67 68 69 70 71 72 73 74 75 76 77 78 79 80 81 82 83 84 85 86 87 88 89 90 91 92 93
1 73
1 77
1 80
1 85
1 87
1 88
1 92
4 82 84 89 93
2 67 83
5 72 73 87 88 90
6 69 71 75 79 80 81
3 68 74 91
2 70 85
1 81
1 91
2 73 93
2 71 75
3 81 82 83
4 74 77 78 92
5 69 70 72 80 91
10 67 68 76 79 84 85 86 87 88 90
1 83
3 68 79 87
11 67 70 71 72 75 78 80 81 85 88 89
4 69 82 90 92
5 73 74 83 84 93
3 76 86 91
1 70
1 75
1 93
1 94
1 95
1 96
1 97
1 98
3 97 98 99
1 100
3 98 100 101
5 97 98 99 100 101
1 102
1 103
3 102 103 104
1 105
3 97 105 106
5 97 98 99 105 106
7 97 98 99 100 101 105 106
1 107
3 105 107 108
5 97 105 106 107 108
7 97 98 99 105 106 107 108
9 97 98 99 100 101 105 106 107 108
1 109
1 110
3 109 110 111
1 112
1 113
3 112 113 114
2 100 114
4 98 99 109 113
1 104
9 94 96 101 102 105 106 107 108 110
4 97 103 111 112
1 101
1 108
1 114
21 94 95 96 97 98 99 100 101 102 103 104 105 106 107 108 109 110 111 112 113 114
1 99
1 111
4 96 98 101 104
6 94 97 99 102 103 105
1 106
4 107 110 111 112
2 108 114
1 115
1 116
1 117
1 118
1 119
1 120
1 121
3 120 121 122
1 123
3 121 123 124
5 120 121 122 123 124
1 125
3 121 125 126
5 120 121 122 125 126
5 121 123 124 125 126
7 120 121 122 123 124 125 126
1 127
3 121 127 128
5 120 121 122 127 128
5 121 123 124 127 128
7 120 121 122 123 124 127 128
5 121 125 126 127 128
7 120 121 122 125 126 127 128
7 121 123 124 125 126 127 128
9 120 121 122 123 124 125 126 127 128
4 117 118 120 122
4 119 121 124 125
4 115 116 126 128
1 126
1 128
14 115 116 117 118 119 120 121 122 123 124 125 126 127 128
1 122
4 116 117 118 126
1 124
2 119 123
3 115 122 127
4 120 121 125 128
2 115 126
2 118 121
8 116 119 120 122 124 125 127 128
2 117 123
2 116 117
5 119 121 123 125 126
7 115 118 120 122 124 127 128
9 115 116 117 119 121 122 123 127 128
3 118 124 126
5 116 119 122 126 128
2 120 125
5 115 117 121 123 124
6 115 118 119 124 126 128
2 121 125
2 117 120
4 116 122 123 127
3 115 120 121
4 119 123 125 127
2 117 118
2 124 126
8 115 116 117 120 121 123 124 127
3 122 125 128
2 122 123
5 115 116 118 120 128
2 119 124
2 117 127
2 117 124
12 115 116 118 119 120 121 122 123 125 126 127 128
3 117 119 126
10 115 116 118 120 121 122 123 124 127 128
8 115 118 121 122 124 126 127 128
5 116 117 119 123 125
1 129
1 130
1 131
1 132
1 133
1 134
1 135
3 134 135 136
1 137
1 138
3 137 138 139
1 140
1 141
3 140 141 142
1 143
1 144
3 143 144 145
3 140 144 146
5 140 141 142 144 146
5 140 143 144 145 146
7 140 141 142 143 144 145 146
1 147
3 144 147 148
5 143 144 145 147 148
5 140 144 146 147 148
7 140 141 142 144 146 147 148
7 140 143 144 145 146 147 148
9 140 141 142 143 144 145 146 147 148
1 149
3 147 149 150
5 144 147 148 149 150
7 143 144 145 147 148 149 150
7 140 144 146 147 148 149 150
9 140 141 142 144 146 147 148 149 150
9 140 143 144 145 146 147 148 149 150
11 140 141 142 143 144 145 146 147 148 149 150
1 151
3 140 151 152
5 140 141 142 151 152
5 140 144 146 151 152
7 140 141 142 144 146 151 152
7 140 143 144 145 146 151 152
9 140 141 142 143 144 145 146 151 152
7 140 144 146 147 148 151 152
9 140 141 142 144 146 147 148 151 152
9 140 143 144 145 146 147 148 151 152
11 140 141 142 143 144 145 146 147 148 151 152
9 140 144 146 147 148 149 150 151 152
11 140 141 142 144 146 147 148 149 150 151 152
11 140 143 144 145 146 147 148 149 150 151 152
13 140 141 142 143 144 145 146 147 148 149 150 151 152
1 153
1 154
3 153 154 155
1 156
3 138 156 157
5 137 138 139 156 157
1 158
1 159
3 158 159 160
2 131 138
8 129 132 133 134 142 143 144 154
3 136 152 156
4 141 150 158 159
6 137 146 147 151 153 157
1 145
4 135 139 148 155
1 160
1 136
1 142
1 148
1 150
1 152
1 157
14 130 131 133 134 141 142 144 145 146 151 152 153 155 157
3 138 143 149
11 129 132 135 136 140 147 150 154 156 158 159
3 137 148 160
1 139
1 146
1 155
9 130 133 134 135 138 139 150 151 158
6 129 141 142 143 145 149
14 131 132 136 137 144 146 147 148 152 153 154 156 159 160
3 140 155 157
3 140 146 155
2 129 132
23 130 133 134 135 136 137 139 141 142 143 144 145 147 148 149 150 151 152 153 154 156 157 158
2 131 151
2 135 155
3 136 147 160
3 129 145 159
3 141 149 157
4 130 143 148 158
4 140 146 152 154
6 132 134 139 144 150 153
3 133 137 138
5 130 138 139 156 160
2 141 158
9 134 137 143 145 147 148 152 153 157
2 144 150
2 133 142
7 131 132 136 146 151 155 159
3 135 149 154
32 129 130 131 132 133 134 135 136 137 138 139 140 141 142 143 144 145 146 147 148 149 150 151 152 153 154 155 156 157 158 159 160
2 155 159
8 130 135 140 141 145 153 154 160
4 132 137 143 149
8 129 133 134 136 139 144 152 158
4 142 147 148 150
2 146 156
6 132 134 138 147 153 155
6 137 142 143 148 150 154
2 135 141
2 129 146
5 130 131 149 151 156
4 133 144 152 157
3 136 140 145
5 129 130 138 144 159
3 133 147 153
3 146 152 160
7 131 132 136 137 141 149 155
4 140 142 143 145
10 134 135 139 148 150 151 154 156 157 158
3 134 141 147
6 129 133 152 153 155 156
4 130 143 149 150
8 136 138 140 144 146 151 154 160
3 131 142 159
6 132 135 137 148 157 158
6 130 131 148 152 157 159
2 137 138
7 132 134 135 141 144 150 156
6 133 143 146 147 154 155
2 129 149
4 136 139 140 160
4 142 145 151 158
