152 602
1 1
1 2
1 3
1 4
1 5
3 4 5 6
1 7
3 4 7 8
5 4 5 6 7 8
1 9
3 5 9 10
5 4 5 6 9 10
7 4 5 6 7 8 9 10
1 11
1 12
3 11 12 13
1 14
3 9 14 15
5 5 9 10 14 15
7 4 5 6 9 10 14 15
9 4 5 6 7 8 9 10 14 15
1 16
3 12 16 17
5 11 12 13 16 17
1 18
3 16 18 19
5 12 16 17 18 19
7 11 12 13 16 17 18 19
17 1 2 3 4 6 7 8 9 10 11 12 13 15 16 17 18 19
2 5 14
1 17
9 1 2 8 10 11 12 15 17 19
2 6 9
1 13
2 5 16
1 6
1 8
1 10
1 15
1 19
10 1 3 4 5 7 10 11 13 15 19
9 2 6 8 9 12 14 16 17 18
2 4 11
5 1 7 13 15 19
3 16 17 18
2 3 9
2 6 12
4 5 8 10 14
15 1 2 3 4 5 6 7 8 12 13 14 15 16 18 19
3 9 11 17
6 6 11 12 14 15 16
9 1 2 3 4 5 7 9 13 19
4 8 10 17 18
5 1 2 5 10 17
11 3 4 6 8 9 11 12 15 16 18 19
3 7 13 14
3 4 6 16
4 1 7 12 13
2 9 11
2 8 19
2 10 18
3 2 3 5
2 14 15
19 1 2 3 4 5 6 7 8 9 10 11 12 13 14 15 16 17 18 19
8 1 3 4 6 7 11 12 18
11 2 5 8 9 10 13 14 15 16 17 19
4 3 7 10 17
3 4 5 18
5 6 9 12 14 16
3 1 13 19
3 9 13 17
2 1 18
3 3 10 19
3 4 5 14
5 2 7 8 11 15
6 4 5 8 13 14 19
10 1 2 3 10 11 12 15 16 17 18
1 20
1 21
1 22
3 21 22 23
1 24
1 25
3 24 25 26
1 27
3 24 27 28
5 24 25 26 27 28
1 29
3 25 29 30
5 24 25 26 29 30
7 24 25 26 27 28 29 30
1 31
3 25 31 32
5 24 25 26 31 32
7 24 25 26 27 28 31 32
5 25 29 30 31 32
7 24 25 26 29 30 31 32
9 24 25 26 27 28 29 30 31 32
1 33
3 27 33 34
5 24 27 28 33 34
7 24 25 26 27 28 33 34
9 24 25 26 27 28 29 30 33 34
9 24 25 26 27 28 31 32 33 34
11 24 25 26 27 28 29 30 31 32 33 34
1 35
1 36
3 35 36 37
3 24 36 38
5 24 25 26 36 38
5 24 27 28 36 38
7 24 25 26 27 28 36 38
7 24 25 26 29 30 36 38
9 24 25 26 27 28 29 30 36 38
7 24 25 26 31 32 36 38
9 24 25 26 27 28 31 32 36 38
9 24 25 26 29 30 31 32 36 38
11 24 25 26 27 28 29 30 31 32 36 38
7 24 27 28 33 34 36 38
9 24 25 26 27 28 33 34 36 38
11 24 25 26 27 28 29 30 33 34 36 38
11 24 25 26 27 28 31 32 33 34 36 38
13 24 25 26 27 28 29 30 31 32 33 34 36 38
5 24 35 36 37 38
7 24 25 26 35 36 37 38
7 24 27 28 35 36 37 38
9 24 25 26 27 28 35 36 37 38
9 24 25 26 29 30 35 36 37 38
11 24 25 26 27 28 29 30 35 36 37 38
9 24 25 26 31 32 35 36 37 38
11 24 25 26 27 28 31 32 35 36 37 38
11 24 25 26 29 30 31 32 35 36 37 38
13 24 25 26 27 28 29 30 31 32 35 36 37 38
9 24 27 28 33 34 35 36 37 38
11 24 25 26 27 28 33 34 35 36 37 38
13 24 25 26 27 28 29 30 33 34 35 36 37 38
13 24 25 26 27 28 31 32 33 34 35 36 37 38
15 24 25 26 27 28 29 30 31 32 33 34 35 36 37 38
5 20 22 25 27 31
1 37
6 21 23 28 29 34 35
2 24 36
5 26 30 32 33 38
1 23
1 28
1 30
1 34
2 25 29
4 26 27 34 38
7 20 21 23 24 28 30 31
4 22 33 36 37
2 32 35
4 22 23 25 33
7 24 26 32 34 35 37 38
4 29 30 31 36
3 20 21 27
1 32
1 26
5 30 31 34 36 37
2 21 22
6 20 24 25 28 29 38
3 21 25 32
5 23 28 29 30 35
5 20 22 26 27 34
1 38
2 27 32
4 23 26 34 36
4 29 33 35 38
3 21 28 37
6 20 22 24 25 30 31
2 25 38
2 24 31
10 20 22 23 26 27 30 32 33 36 37
2 28 29
13 20 22 23 24 26 29 30 31 32 34 35 36 38
6 21 25 27 28 33 37
1 39
1 40
1 41
1 42
3 41 42 43
1 44
3 42 44 45
5 41 42 43 44 45
1 46
3 42 46 47
5 41 42 43 46 47
5 42 44 45 46 47
7 41 42 43 44 45 46 47
1 48
1 49
3 48 49 50
1 51
3 49 51 52
5 48 49 50 51 52
1 53
3 49 53 54
5 48 49 50 53 54
5 49 51 52 53 54
7 48 49 50 51 52 53 54
1 55
3 53 55 56
5 49 53 54 55 56
7 48 49 50 53 54 55 56
7 49 51 52 53 54 55 56
9 48 49 50 51 52 53 54 55 56
1 57
3 44 57 58
5 42 44 45 57 58
7 41 42 43 44 45 57 58
7 42 44 45 46 47 57 58
9 41 42 43 44 45 46 47 57 58
3 42 44 57
4 43 48 54 55
4 40 45 46 58
3 41 49 53
1 50
2 47 56
2 51 52
1 43
1 45
1 47
1 52
1 54
1 56
1 58
20 39 40 41 42 43 44 45 46 47 48 49 50 51 52 53 54 55 56 57 58
4 40 46 49 53
4 41 43 52 55
2 51 58
4 39 44 48 57
3 42 47 54
2 50 56
2 40 51
3 46 55 56
6 43 45 50 53 57 58
8 39 41 42 44 47 48 52 54
2 43 49
9 39 40 45 46 47 48 55 56 58
3 42 50 53
2 41 54
3 44 48 49
2 40 50
4 39 43 51 56
2 41 46
5 42 45 47 55 57
4 39 44 48 49
16 40 41 42 43 45 46 47 50 51 52 53 54 55 56 57 58
6 41 43 44 50 53 57
2 47 49
12 39 40 42 45 46 48 51 52 54 55 56 58
7 42 47 48 50 52 54 55
4 40 41 43 51
4 39 44 46 56
2 45 49
2 41 50
3 44 48 58
6 39 42 46 47 52 53
2 54 57
3 49 55 56
4 41 45 46 53
2 40 42
2 39 58
5 43 49 51 56 57
6 44 47 50 52 54 55
2 43 51
5 39 40 49 56 57
2 50 58
10 41 42 44 45 46 47 48 52 53 54
3 50 53 58
7 39 40 44 47 48 51 56
3 52 54 57
2 41 49
3 42 45 46
4 43 44 49 52
2 55 56
6 40 41 42 48 54 57
2 39 51
4 46 47 53 58
18 39 40 42 43 44 45 46 47 48 49 50 51 52 53 55 56 57 58
1 59
1 60
1 61
1 62
1 63
1 64
1 65
1 66
1 67
3 66 67 68
1 69
1 70
3 69 70 71
13 59 60 61 62 63 64 65 66 67 68 69 70 71
1 68
3 59 62 69
2 64 68
4 60 65 67 71
3 61 63 70
3 64 67 69
5 60 62 65 66 71
2 59 70
1 71
2 60 65
5 59 62 63 66 71
1 72
1 73
1 74
1 75
1 76
1 77
1 78
3 77 78 79
1 80
1 81
3 80 81 82
1 83
3 81 83 84
5 80 81 82 83 84
1 85
3 83 85 86
5 81 83 84 85 86
7 80 81 82 83 84 85 86
1 87
3 85 87 88
5 83 85 86 87 88
7 81 83 84 85 86 87 88
9 80 81 82 83 84 85 86 87 88
1 89
1 90
3 89 90 91
16 72 73 74 76 77 78 80 82 83 84 85 86 87 88 90 91
3 75 79 89
1 79
1 88
3 79 80 82
17 72 73 74 75 76 77 78 81 83 84 85 86 87 88 89 90 91
1 82
1 84
1 86
1 91
3 77 79 89
8 73 75 81 83 84 85 88 91
9 72 74 76 78 80 82 86 87 90
20 72 73 74 75 76 77 78 79 80 81 82 83 84 85 86 87 88 89 90 91
5 75 77 84 85 86
3 74 80 90
4 83 87 89 91
7 72 73 76 78 81 82 88
2 75 91
3 74 81 82
2 77 80
4 73 87 88 89
2 83 85
4 76 78 84 86
5 77 78 82 84 86
5 72 73 83 89 90
10 74 75 76 79 80 81 85 87 88 91
5 75 79 84 87 90
7 72 80 81 85 88 89 91
2 77 83
6 73 74 76 78 82 86
1 92
1 93
1 94
1 95
3 94 95 96
1 97
1 98
3 97 98 99
1 100
3 98 100 101
5 97 98 99 100 101
1 102
1 103
3 102 103 104
1 105
3 102 105 106
5 102 103 104 105 106
1 107
3 105 107 108
5 102 105 106 107 108
7 102 103 104 105 106 107 108
2 96 100
4 93 103 106 108
1 101
2 104 105
2 94 99
3 92 95 97
1 96
1 106
1 108
3 92 99 102
3 94 101 107
2 97 100
2 93 96
2 98 104
2 105 108
1 104
2 99 100
3 101 102 103
2 96 105
3 92 98 104
3 94 97 108
2 93 107
6 94 96 97 102 104 105
11 92 93 95 98 99 100 101 103 106 107 108
1 99
8 92 95 99 102 105 106 107 108
2 97 98
2 94 100
2 92 93
5 95 96 102 103 108
6 94 97 100 104 105 107
3 98 101 107
4 99 105 106 108
3 94 97 103
2 92 96
5 92 94 99 102 108
3 95 96 98
5 93 100 101 104 107
2 105 106
2 98 99
2 95 102
2 100 104
5 92 93 96 105 106
4 94 97 107 108
4 93 94 100 102
2 106 107
6 96 97 101 103 104 108
3 92 95 99
17 92 93 94 95 96 97 98 99 100 101 102 103 104 105 106 107 108
13 92 94 96 97 98 99 101 102 103 104 105 107 108
2 100 106
1 109
1 110
1 111
1 112
3 111 112 113
1 114
3 112 114 115
5 111 112 113 114 115
1 116
1 117
3 116 117 118
1 119
3 111 119 120
5 111 112 113 119 120
7 111 112 113 114 115 119 120
1 121
1 122
3 121 122 123
1 124
1 125
3 124 125 126
1 127
1 128
3 127 128 129
1 130
3 128 130 131
5 127 128 129 130 131
1 132
1 133
3 132 133 134
1 135
3 124 135 136
5 124 125 126 135 136
3 133 135 137
5 132 133 134 135 137
5 124 133 135 136 137
7 124 125 126 133 135 136 137
7 124 132 133 134 135 136 137
9 124 125 126 132 133 134 135 136 137
1 138
1 139
3 138 139 140
1 141
3 117 141 142
5 116 117 118 141 142
1 143
3 125 143 144
5 124 125 126 143 144
7 124 125 126 135 136 143 144
9 124 125 126 133 135 136 137 143 144
11 124 125 126 132 133 134 135 136 137 143 144
1 145
3 133 145 146
5 132 133 134 145 146
5 133 135 137 145 146
7 132 133 134 135 137 145 146
7 124 133 135 136 137 145 146
9 124 125 126 133 135 136 137 145 146
9 124 132 133 134 135 136 137 145 146
11 124 125 126 132 133 134 135 136 137 145 146
11 124 125 126 133 135 136 137 143 144 145 146
13 124 125 126 132 133 134 135 136 137 143 144 145 146
1 147
3 121 147 148
5 121 122 123 147 148
1 149
3 145 149 150
5 133 145 146 149 150
7 132 133 134 145 146 149 150
7 133 135 137 145 146 149 150
9 132 133 134 135 137 145 146 149 150
9 124 133 135 136 137 145 146 149 150
11 124 125 126 133 135 136 137 145 146 149 150
11 124 132 133 134 135 136 137 145 146 149 150
13 124 125 126 132 133 134 135 136 137 145 146 149 150
13 124 125 126 133 135 136 137 143 144 145 146 149 150
15 124 125 126 132 133 134 135 136 137 143 144 145 146 149 150
1 151
3 112 151 152
5 111 112 113 151 152
5 112 114 115 151 152
7 111 112 113 114 115 151 152
7 111 112 113 119 120 151 152
9 111 112 113 114 115 119 120 151 152
5 113 118 126 139 150
7 111 124 129 131 137 142 149
1 146
4 119 122 127 138
2 109 136
4 128 134 135 145
5 114 115 120 141 147
2 133 152
14 110 112 116 117 121 123 125 130 132 140 143 144 148 151
1 115
1 118
1 123
1 129
1 134
1 136
1 140
1 142
1 144
1 150
1 152
33 109 111 113 114 115 116 117 118 119 120 122 123 125 126 127 128 129 130 132 134 136 137 138 139 140 141 142 143 145 146 147 150 152
11 110 112 121 124 131 133 135 144 148 149 151
1 120
1 126
1 131
2 112 145
6 111 119 123 124 142 152
1 137
3 130 148 150
3 116 118 128
10 113 121 122 126 131 133 146 147 149 151
3 114 115 139
2 125 144
7 110 120 135 136 140 141 143
3 129 132 138
2 109 127
1 113
1 148
2 128 134
3 113 139 145
16 111 112 119 120 123 126 130 131 137 140 141 143 147 149 150 151
4 116 117 122 142
18 109 110 114 115 121 124 125 127 129 132 133 135 136 138 144 146 148 152
10 116 118 120 125 127 128 130 133 137 147
17 109 110 111 112 113 114 115 126 129 134 135 140 144 146 148 150 151
15 117 121 122 123 124 131 132 136 138 139 141 142 145 149 152
2 119 143
2 133 134
4 128 131 141 147
2 110 135
2 109 123
7 111 117 124 126 130 142 148
4 112 119 120 139
9 115 116 122 127 129 136 143 144 149
3 132 138 140
3 118 146 152
3 125 145 150
3 113 114 151
8 114 117 125 126 137 140 146 152
14 110 111 119 121 123 124 128 129 134 138 142 143 144 147
5 116 127 133 136 151
17 109 112 113 115 118 120 122 130 131 132 135 139 141 145 148 149 150
5 111 116 129 136 144
20 113 114 118 119 121 122 123 125 128 131 132 135 137 138 141 142 143 145 147 150
16 110 112 115 117 120 124 126 127 130 133 140 146 148 149 151 152
2 134 139
22 109 110 111 112 114 116 118 119 121 124 127 128 131 132 137 138 139 142 143 146 147 148
9 117 120 125 126 130 134 140 150 152
6 113 129 141 145 149 151
7 115 122 123 133 135 136 144
7 110 125 132 137 139 145 149
11 117 118 123 129 130 134 140 143 148 150 152
5 111 113 114 120 124
3 115 131 138
6 109 112 127 133 136 144
2 119 141
6 122 135 142 146 147 151
5 117 123 127 141 145
2 120 152
8 109 111 113 124 132 133 134 146
10 112 116 126 129 135 137 138 139 143 148
4 121 125 131 147
9 114 115 118 122 130 136 140 144 149
6 110 119 128 142 150 151
