169 1740
1 1
1 2
1 3
1 4
1 5
3 4 5 6
1 7
1 8
3 7 8 9
1 10
3 5 10 11
5 4 5 6 10 11
1 12
1 13
3 12 13 14
1 15
3 13 15 16
5 12 13 14 15 16
1 17
3 5 17 18
5 4 5 6 17 18
5 5 10 11 17 18
7 4 5 6 10 11 17 18
1 19
3 13 19 20
5 13 15 16 19 20
3 12 19 21
6 12 13 14 19 20 21
8 12 13 14 15 16 19 20 21
1 22
3 15 22 23
5 13 15 16 22 23
7 12 13 14 15 16 22 23
7 13 15 16 19 20 22 23
10 12 13 14 15 16 19 20 21 22 23
1 24
3 22 24 25
5 15 22 23 24 25
7 13 15 16 22 23 24 25
9 12 13 14 15 16 22 23 24 25
9 13 15 16 19 20 22 23 24 25
12 12 13 14 15 16 19 20 21 22 23 24 25
1 26
3 19 26 27
5 13 19 20 26 27
7 13 15 16 19 20 26 27
5 12 19 21 26 27
8 12 13 14 19 20 21 26 27
10 12 13 14 15 16 19 20 21 26 27
3 17 26 28
5 5 17 18 26 28
7 4 5 6 17 18 26 28
7 5 10 11 17 18 26 28
9 4 5 6 10 11 17 18 26 28
5 17 19 26 27 28
7 5 17 18 19 26 27 28
9 4 5 6 17 18 19 26 27 28
9 5 10 11 17 18 19 26 27 28
11 4 5 6 10 11 17 18 19 26 27 28
7 13 17 19 20 26 27 28
9 13 15 16 17 19 20 26 27 28
9 5 13 17 18 19 20 26 27 28
11 4 5 6 13 17 18 19 20 26 27 28
11 5 10 11 13 17 18 19 20 26 27 28
13 4 5 6 10 11 13 17 18 19 20 26 27 28
11 5 13 15 16 17 18 19 20 26 27 28
13 4 5 6 13 15 16 17 18 19 20 26 27 28
13 5 10 11 13 15 16 17 18 19 20 26 27 28
15 4 5 6 10 11 13 15 16 17 18 19 20 26 27 28
7 12 17 19 21 26 27 28
9 5 12 17 18 19 21 26 27 28
11 4 5 6 12 17 18 19 21 26 27 28
11 5 10 11 12 17 18 19 21 26 27 28
13 4 5 6 10 11 12 17 18 19 21 26 27 28
10 12 13 14 17 19 20 21 26 27 28
12 12 13 14 15 16 17 19 20 21 26 27 28
12 5 12 13 14 17 18 19 20 21 26 27 28
14 4 5 6 12 13 14 17 18 19 20 21 26 27 28
14 5 10 11 12 13 14 17 18 19 20 21 26 27 28
16 4 5 6 10 11 12 13 14 17 18 19 20 21 26 27 28
14 5 12 13 14 15 16 17 18 19 20 21 26 27 28
16 4 5 6 12 13 14 15 16 17 18 19 20 21 26 27 28
16 5 10 11 12 13 14 15 16 17 18 19 20 21 26 27 28
18 4 5 6 10 11 12 13 14 15 16 17 18 19 20 21 26 27 28
3 22 26 29
5 15 22 23 26 29
7 13 15 16 22 23 26 29
9 12 13 14 15 16 22 23 26 29
5 22 24 25 26 29
7 15 22 23 24 25 26 29
9 13 15 16 22 23 24 25 26 29
11 12 13 14 15 16 22 23 24 25 26 29
5 19 22 26 27 29
7 13 19 20 22 26 27 29
7 12 19 21 22 26 27 29
10 12 13 14 19 20 21 22 26 27 29
7 15 19 22 23 26 27 29
10 13 15 16 19 20 22 23 26 27 29
9 12 15 19 21 22 23 26 27 29
13 12 13 14 15 16 19 20 21 22 23 26 27 29
7 19 22 24 25 26 27 29
9 13 19 20 22 24 25 26 27 29
9 12 19 21 22 24 25 26 27 29
12 12 13 14 19 20 21 22 24 25 26 27 29
9 15 19 22 23 24 25 26 27 29
12 13 15 16 19 20 22 23 24 25 26 27 29
11 12 15 19 21 22 23 24 25 26 27 29
15 12 13 14 15 16 19 20 21 22 23 24 25 26 27 29
5 17 22 26 28 29
7 5 17 18 22 26 28 29
9 4 5 6 17 18 22 26 28 29
9 5 10 11 17 18 22 26 28 29
11 4 5 6 10 11 17 18 22 26 28 29
7 15 17 22 23 26 28 29
9 13 15 16 17 22 23 26 28 29
11 12 13 14 15 16 17 22 23 26 28 29
9 5 15 17 18 22 23 26 28 29
11 4 5 6 15 17 18 22 23 26 28 29
11 5 10 11 15 17 18 22 23 26 28 29
13 4 5 6 10 11 15 17 18 22 23 26 28 29
11 5 13 15 16 17 18 22 23 26 28 29
13 4 5 6 13 15 16 17 18 22 23 26 28 29
13 5 10 11 13 15 16 17 18 22 23 26 28 29
15 4 5 6 10 11 13 15 16 17 18 22 23 26 28 29
13 5 12 13 14 15 16 17 18 22 23 26 28 29
15 4 5 6 12 13 14 15 16 17 18 22 23 26 28 29
15 5 10 11 12 13 14 15 16 17 18 22 23 26 28 29
17 4 5 6 10 11 12 13 14 15 16 17 18 22 23 26 28 29
7 17 22 24 25 26 28 29
9 5 17 18 22 24 25 26 28 29
11 4 5 6 17 18 22 24 25 26 28 29
11 5 10 11 17 18 22 24 25 26 28 29
13 4 5 6 10 11 17 18 22 24 25 26 28 29
9 15 17 22 23 24 25 26 28 29
11 13 15 16 17 22 23 24 25 26 28 29
13 12 13 14 15 16 17 22 23 24 25 26 28 29
11 5 15 17 18 22 23 24 25 26 28 29
13 4 5 6 15 17 18 22 23 24 25 26 28 29
13 5 10 11 15 17 18 22 23 24 25 26 28 29
15 4 5 6 10 11 15 17 18 22 23 24 25 26 28 29
13 5 13 15 16 17 18 22 23 24 25 26 28 29
15 4 5 6 13 15 16 17 18 22 23 24 25 26 28 29
15 5 10 11 13 15 16 17 18 22 23 24 25 26 28 29
17 4 5 6 10 11 13 15 16 17 18 22 23 24 25 26 28 29
15 5 12 13 14 15 16 17 18 22 23 24 25 26 28 29
17 4 5 6 12 13 14 15 16 17 18 22 23 24 25 26 28 29
17 5 10 11 12 13 14 15 16 17 18 22 23 24 25 26 28 29
19 4 5 6 10 11 12 13 14 15 16 17 18 22 23 24 25 26 28 29
7 17 19 22 26 27 28 29
9 5 17 18 19 22 26 27 28 29
11 4 5 6 17 18 19 22 26 27 28 29
11 5 10 11 17 18 19 22 26 27 28 29
13 4 5 6 10 11 17 18 19 22 26 27 28 29
9 13 17 19 20 22 26 27 28 29
11 5 13 17 18 19 20 22 26 27 28 29
13 4 5 6 13 17 18 19 20 22 26 27 28 29
13 5 10 11 13 17 18 19 20 22 26 27 28 29
15 4 5 6 10 11 13 17 18 19 20 22 26 27 28 29
9 12 17 19 21 22 26 27 28 29
11 5 12 17 18 19 21 22 26 27 28 29
13 4 5 6 12 17 18 19 21 22 26 27 28 29
13 5 10 11 12 17 18 19 21 22 26 27 28 29
15 4 5 6 10 11 12 17 18 19 21 22 26 27 28 29
12 12 13 14 17 19 20 21 22 26 27 28 29
14 5 12 13 14 17 18 19 20 21 22 26 27 28 29
16 4 5 6 12 13 14 17 18 19 20 21 22 26 27 28 29
16 5 10 11 12 13 14 17 18 19 20 21 22 26 27 28 29
18 4 5 6 10 11 12 13 14 17 18 19 20 21 22 26 27 28 29
9 15 17 19 22 23 26 27 28 29
11 5 15 17 18 19 22 23 26 27 28 29
13 4 5 6 15 17 18 19 22 23 26 27 28 29
13 5 10 11 15 17 18 19 22 23 26 27 28 29
15 4 5 6 10 11 15 17 18 19 22 23 26 27 28 29
12 13 15 16 17 19 20 22 23 26 27 28 29
14 5 13 15 16 17 18 19 20 22 23 26 27 28 29
16 4 5 6 13 15 16 17 18 19 20 22 23 26 27 28 29
16 5 10 11 13 15 16 17 18 19 20 22 23 26 27 28 29
18 4 5 6 10 11 13 15 16 17 18 19 20 22 23 26 27 28 29
11 12 15 17 19 21 22 23 26 27 28 29
13 5 12 15 17 18 19 21 22 23 26 27 28 29
15 4 5 6 12 15 17 18 19 21 22 23 26 27 28 29
15 5 10 11 12 15 17 18 19 21 22 23 26 27 28 29
17 4 5 6 10 11 12 15 17 18 19 21 22 23 26 27 28 29
15 12 13 14 15 16 17 19 20 21 22 23 26 27 28 29
17 5 12 13 14 15 16 17 18 19 20 21 22 23 26 27 28 29
19 4 5 6 12 13 14 15 16 17 18 19 20 21 22 23 26 27 28 29
19 5 10 11 12 13 14 15 16 17 18 19 20 21 22 23 26 27 28 29
21 4 5 6 10 11 12 13 14 15 16 17 18 19 20 21 22 23 26 27 28 29
9 17 19 22 24 25 26 27 28 29
11 5 17 18 19 22 24 25 26 27 28 29
13 4 5 6 17 18 19 22 24 25 26 27 28 29
13 5 10 11 17 18 19 22 24 25 26 27 28 29
15 4 5 6 10 11 17 18 19 22 24 25 26 27 28 29
11 13 17 19 20 22 24 25 26 27 28 29
13 5 13 17 18 19 20 22 24 25 26 27 28 29
15 4 5 6 13 17 18 19 20 22 24 25 26 27 28 29
15 5 10 11 13 17 18 19 20 22 24 25 26 27 28 29
17 4 5 6 10 11 13 17 18 19 20 22 24 25 26 27 28 29
11 12 17 19 21 22 24 25 26 27 28 29
13 5 12 17 18 19 21 22 24 25 26 27 28 29
15 4 5 6 12 17 18 19 21 22 24 25 26 27 28 29
15 5 10 11 12 17 18 19 21 22 24 25 26 27 28 29
17 4 5 6 10 11 12 17 18 19 21 22 24 25 26 27 28 29
14 12 13 14 17 19 20 21 22 24 25 26 27 28 29
16 5 12 13 14 17 18 19 20 21 22 24 25 26 27 28 29
18 4 5 6 12 13 14 17 18 19 20 21 22 24 25 26 27 28 29
18 5 10 11 12 13 14 17 18 19 20 21 22 24 25 26 27 28 29
20 4 5 6 10 11 12 13 14 17 18 19 20 21 22 24 25 26 27 28 29
11 15 17 19 22 23 24 25 26 27 28 29
13 5 15 17 18 19 22 23 24 25 26 27 28 29
15 4 5 6 15 17 18 19 22 23 24 25 26 27 28 29
15 5 10 11 15 17 18 19 22 23 24 25 26 27 28 29
17 4 5 6 10 11 15 17 18 19 22 23 24 25 26 27 28 29
14 13 15 16 17 19 20 22 23 24 25 26 27 28 29
16 5 13 15 16 17 18 19 20 22 23 24 25 26 27 28 29
18 4 5 6 13 15 16 17 18 19 20 22 23 24 25 26 27 28 29
18 5 10 11 13 15 16 17 18 19 20 22 23 24 25 26 27 28 29
20 4 5 6 10 11 13 15 16 17 18 19 20 22 23 24 25 26 27 28 29
13 12 15 17 19 21 22 23 24 25 26 27 28 29
15 5 12 15 17 18 19 21 22 23 24 25 26 27 28 29
17 4 5 6 12 15 17 18 19 21 22 23 24 25 26 27 28 29
17 5 10 11 12 15 17 18 19 21 22 23 24 25 26 27 28 29
19 4 5 6 10 11 12 15 17 18 19 21 22 23 24 25 26 27 28 29
17 12 13 14 15 16 17 19 20 21 22 23 24 25 26 27 28 29
19 5 12 13 14 15 16 17 18 19 20 21 22 23 24 25 26 27 28 29
21 4 5 6 12 13 14 15 16 17 18 19 20 21 22 23 24 25 26 27 28 29
21 5 10 11 12 13 14 15 16 17 18 19 20 21 22 23 24 25 26 27 28 29
23 4 5 6 10 11 12 13 14 15 16 17 18 19 20 21 22 23 24 25 26 27 28 29
2 9 16
4 4 7 8 19
3 2 12 29
7 1 15 18 21 24 25 28
3 6 11 23
2 13 26
4 10 14 17 20
2 22 27
1 6
1 9
1 11
1 20
1 21
1 27
1 28
4 1 10 12 16
12 5 11 13 15 18 19 20 22 23 27 28 29
9 2 4 7 14 17 21 24 25 26
4 3 6 8 9
1 23
1 25
3 11 17 28
4 5 9 20 29
7 1 4 12 14 21 24 25
3 7 10 18
6 3 6 16 19 26 27
2 15 23
1 16
18 3 4 7 8 9 11 12 13 14 18 19 20 21 23 24 26 27 29
2 5 28
3 1 15 16
6 2 6 10 17 22 25
2 14 23
6 4 12 19 20 22 28
8 1 2 6 17 21 24 25 26
3 13 15 27
6 5 8 9 10 18 29
3 1 5 14
3 10 23 25
6 2 4 7 13 21 27
3 15 20 24
9 6 8 11 12 16 18 19 26 28
2 9 17
2 22 29
1 14
9 2 7 15 17 19 20 24 25 29
4 1 22 26 27
8 4 5 6 9 12 18 21 28
3 8 13 16
1 18
1 30
1 31
3 30 31 32
1 33
3 31 33 34
5 30 31 32 33 34
1 35
1 36
3 35 36 37
3 30 36 38
5 30 31 32 36 38
7 30 31 32 33 34 36 38
5 30 35 36 37 38
7 30 31 32 35 36 37 38
9 30 31 32 33 34 35 36 37 38
1 39
3 33 39 40
5 31 33 34 39 40
7 30 31 32 33 34 39 40
9 30 31 32 33 34 36 38 39 40
11 30 31 32 33 34 35 36 37 38 39 40
1 41
3 39 41 42
5 33 39 40 41 42
7 31 33 34 39 40 41 42
9 30 31 32 33 34 39 40 41 42
11 30 31 32 33 34 36 38 39 40 41 42
13 30 31 32 33 34 35 36 37 38 39 40 41 42
1 43
3 41 43 44
5 39 41 42 43 44
7 33 39 40 41 42 43 44
9 31 33 34 39 40 41 42 43 44
11 30 31 32 33 34 39 40 41 42 43 44
13 30 31 32 33 34 36 38 39 40 41 42 43 44
15 30 31 32 33 34 35 36 37 38 39 40 41 42 43 44
1 45
3 36 45 46
5 35 36 37 45 46
5 30 36 38 45 46
7 30 31 32 36 38 45 46
9 30 31 32 33 34 36 38 45 46
7 30 35 36 37 38 45 46
9 30 31 32 35 36 37 38 45 46
11 30 31 32 33 34 35 36 37 38 45 46
11 30 31 32 33 34 36 38 39 40 45 46
13 30 31 32 33 34 35 36 37 38 39 40 45 46
13 30 31 32 33 34 36 38 39 40 41 42 45 46
15 30 31 32 33 34 35 36 37 38 39 40 41 42 45 46
15 30 31 32 33 34 36 38 39 40 41 42 43 44 45 46
17 30 31 32 33 34 35 36 37 38 39 40 41 42 43 44 45 46
1 47
1 48
3 47 48 49
1 50
3 41 50 51
5 39 41 42 50 51
7 33 39 40 41 42 50 51
9 31 33 34 39 40 41 42 50 51
11 30 31 32 33 34 39 40 41 42 50 51
13 30 31 32 33 34 36 38 39 40 41 42 50 51
15 30 31 32 33 34 35 36 37 38 39 40 41 42 50 51
5 41 43 44 50 51
7 39 41 42 43 44 50 51
9 33 39 40 41 42 43 44 50 51
11 31 33 34 39 40 41 42 43 44 50 51
13 30 31 32 33 34 39 40 41 42 43 44 50 51
15 30 31 32 33 34 36 38 39 40 41 42 43 44 50 51
17 30 31 32 33 34 35 36 37 38 39 40 41 42 43 44 50 51
15 30 31 32 33 34 36 38 39 40 41 42 45 46 50 51
17 30 31 32 33 34 35 36 37 38 39 40 41 42 45 46 50 51
17 30 31 32 33 34 36 38 39 40 41 42 43 44 45 46 50 51
19 30 31 32 33 34 35 36 37 38 39 40 41 42 43 44 45 46 50 51
1 52
3 33 52 53
5 31 33 34 52 53
7 30 31 32 33 34 52 53
9 30 31 32 33 34 36 38 52 53
11 30 31 32 33 34 35 36 37 38 52 53
5 33 39 40 52 53
7 31 33 34 39 40 52 53
9 30 31 32 33 34 39 40 52 53
11 30 31 32 33 34 36 38 39 40 52 53
13 30 31 32 33 34 35 36 37 38 39 40 52 53
7 33 39 40 41 42 52 53
9 31 33 34 39 40 41 42 52 53
11 30 31 32 33 34 39 40 41 42 52 53
13 30 31 32 33 34 36 38 39 40 41 42 52 53
15 30 31 32 33 34 35 36 37 38 39 40 41 42 52 53
9 33 39 40 41 42 43 44 52 53
11 31 33 34 39 40 41 42 43 44 52 53
13 30 31 32 33 34 39 40 41 42 43 44 52 53
15 30 31 32 33 34 36 38 39 40 41 42 43 44 52 53
17 30 31 32 33 34 35 36 37 38 39 40 41 42 43 44 52 53
11 30 31 32 33 34 36 38 45 46 52 53
13 30 31 32 33 34 35 36 37 38 45 46 52 53
13 30 31 32 33 34 36 38 39 40 45 46 52 53
15 30 31 32 33 34 35 36 37 38 39 40 45 46 52 53
15 30 31 32 33 34 36 38 39 40 41 42 45 46 52 53
17 30 31 32 33 34 35 36 37 38 39 40 41 42 45 46 52 53
17 30 31 32 33 34 36 38 39 40 41 42 43 44 45 46 52 53
19 30 31 32 33 34 35 36 37 38 39 40 41 42 43 44 45 46 52 53
9 33 39 40 41 42 50 51 52 53
11 31 33 34 39 40 41 42 50 51 52 53
13 30 31 32 33 34 39 40 41 42 50 51 52 53
15 30 31 32 33 34 36 38 39 40 41 42 50 51 52 53
17 30 31 32 33 34 35 36 37 38 39 40 41 42 50 51 52 53
11 33 39 40 41 42 43 44 50 51 52 53
13 31 33 34 39 40 41 42 43 44 50 51 52 53
15 30 31 32 33 34 39 40 41 42 43 44 50 51 52 53
17 30 31 32 33 34 36 38 39 40 41 42 43 44 50 51 52 53
19 30 31 32 33 34 35 36 37 38 39 40 41 42 43 44 50 51 52 53
17 30 31 32 33 34 36 38 39 40 41 42 45 46 50 51 52 53
19 30 31 32 33 34 35 36 37 38 39 40 41 42 45 46 50 51 52 53
19 30 31 32 33 34 36 38 39 40 41 42 43 44 45 46 50 51 52 53
21 30 31 32 33 34 35 36 37 38 39 40 41 42 43 44 45 46 50 51 52 53
1 54
1 55
3 54 55 56
1 57
3 55 57 58
5 54 55 56 57 58
3 52 55 59
5 33 52 53 55 59
7 31 33 34 52 53 55 59
9 30 31 32 33 34 52 53 55 59
11 30 31 32 33 34 36 38 52 53 55 59
13 30 31 32 33 34 35 36 37 38 52 53 55 59
7 33 39 40 52 53 55 59
9 31 33 34 39 40 52 53 55 59
11 30 31 32 33 34 39 40 52 53 55 59
13 30 31 32 33 34 36 38 39 40 52 53 55 59
15 30 31 32 33 34 35 36 37 38 39 40 52 53 55 59
9 33 39 40 41 42 52 53 55 59
11 31 33 34 39 40 41 42 52 53 55 59
13 30 31 32 33 34 39 40 41 42 52 53 55 59
15 30 31 32 33 34 36 38 39 40 41 42 52 53 55 59
17 30 31 32 33 34 35 36 37 38 39 40 41 42 52 53 55 59
11 33 39 40 41 42 43 44 52 53 55 59
13 31 33 34 39 40 41 42 43 44 52 53 55 59
15 30 31 32 33 34 39 40 41 42 43 44 52 53 55 59
17 30 31 32 33 34 36 38 39 40 41 42 43 44 52 53 55 59
19 30 31 32 33 34 35 36 37 38 39 40 41 42 43 44 52 53 55 59
13 30 31 32 33 34 36 38 45 46 52 53 55 59
15 30 31 32 33 34 35 36 37 38 45 46 52 53 55 59
15 30 31 32 33 34 36 38 39 40 45 46 52 53 55 59
17 30 31 32 33 34 35 36 37 38 39 40 45 46 52 53 55 59
17 30 31 32 33 34 36 38 39 40 41 42 45 46 52 53 55 59
19 30 31 32 33 34 35 36 37 38 39 40 41 42 45 46 52 53 55 59
19 30 31 32 33 34 36 38 39 40 41 42 43 44 45 46 52 53 55 59
21 30 31 32 33 34 35 36 37 38 39 40 41 42 43 44 45 46 52 53 55 59
11 33 39 40 41 42 50 51 52 53 55 59
13 31 33 34 39 40 41 42 50 51 52 53 55 59
15 30 31 32 33 34 39 40 41 42 50 51 52 53 55 59
17 30 31 32 33 34 36 38 39 40 41 42 50 51 52 53 55 59
19 30 31 32 33 34 35 36 37 38 39 40 41 42 50 51 52 53 55 59
13 33 39 40 41 42 43 44 50 51 52 53 55 59
15 31 33 34 39 40 41 42 43 44 50 51 52 53 55 59
17 30 31 32 33 34 39 40 41 42 43 44 50 51 52 53 55 59
19 30 31 32 33 34 36 38 39 40 41 42 43 44 50 51 52 53 55 59
21 30 31 32 33 34 35 36 37 38 39 40 41 42 43 44 50 51 52 53 55 59
19 30 31 32 33 34 36 38 39 40 41 42 45 46 50 51 52 53 55 59
21 30 31 32 33 34 35 36 37 38 39 40 41 42 45 46 50 51 52 53 55 59
21 30 31 32 33 34 36 38 39 40 41 42 43 44 45 46 50 51 52 53 55 59
23 30 31 32 33 34 35 36 37 38 39 40 41 42 43 44 45 46 50 51 52 53 55 59
5 52 54 55 56 59
7 33 52 53 54 55 56 59
9 31 33 34 52 53 54 55 56 59
11 30 31 32 33 34 52 53 54 55 56 59
13 30 31 32 33 34 36 38 52 53 54 55 56 59
15 30 31 32 33 34 35 36 37 38 52 53 54 55 56 59
9 33 39 40 52 53 54 55 56 59
11 31 33 34 39 40 52 53 54 55 56 59
13 30 31 32 33 34 39 40 52 53 54 55 56 59
15 30 31 32 33 34 36 38 39 40 52 53 54 55 56 59
17 30 31 32 33 34 35 36 37 38 39 40 52 53 54 55 56 59
11 33 39 40 41 42 52 53 54 55 56 59
13 31 33 34 39 40 41 42 52 53 54 55 56 59
15 30 31 32 33 34 39 40 41 42 52 53 54 55 56 59
17 30 31 32 33 34 36 38 39 40 41 42 52 53 54 55 56 59
19 30 31 32 33 34 35 36 37 38 39 40 41 42 52 53 54 55 56 59
13 33 39 40 41 42 43 44 52 53 54 55 56 59
15 31 33 34 39 40 41 42 43 44 52 53 54 55 56 59
17 30 31 32 33 34 39 40 41 42 43 44 52 53 54 55 56 59
19 30 31 32 33 34 36 38 39 40 41 42 43 44 52 53 54 55 56 59
21 30 31 32 33 34 35 36 37 38 39 40 41 42 43 44 52 53 54 55 56 59
15 30 31 32 33 34 36 38 45 46 52 53 54 55 56 59
17 30 31 32 33 34 35 36 37 38 45 46 52 53 54 55 56 59
17 30 31 32 33 34 36 38 39 40 45 46 52 53 54 55 56 59
19 30 31 32 33 34 35 36 37 38 39 40 45 46 52 53 54 55 56 59
19 30 31 32 33 34 36 38 39 40 41 42 45 46 52 53 54 55 56 59
21 30 31 32 33 34 35 36 37 38 39 40 41 42 45 46 52 53 54 55 56 59
21 30 31 32 33 34 36 38 39 40 41 42 43 44 45 46 52 53 54 55 56 59
23 30 31 32 33 34 35 36 37 38 39 40 41 42 43 44 45 46 52 53 54 55 56 59
13 33 39 40 41 42 50 51 52 53 54 55 56 59
15 31 33 34 39 40 41 42 50 51 52 53 54 55 56 59
17 30 31 32 33 34 39 40 41 42 50 51 52 53 54 55 56 59
19 30 31 32 33 34 36 38 39 40 41 42 50 51 52 53 54 55 56 59
21 30 31 32 33 34 35 36 37 38 39 40 41 42 50 51 52 53 54 55 56 59
15 33 39 40 41 42 43 44 50 51 52 53 54 55 56 59
17 31 33 34 39 40 41 42 43 44 50 51 52 53 54 55 56 59
19 30 31 32 33 34 39 40 41 42 43 44 50 51 52 53 54 55 56 59
21 30 31 32 33 34 36 38 39 40 41 42 43 44 50 51 52 53 54 55 56 59
23 30 31 32 33 34 35 36 37 38 39 40 41 42 43 44 50 51 52 53 54 55 56 59
21 30 31 32 33 34 36 38 39 40 41 42 45 46 50 51 52 53 54 55 56 59
23 30 31 32 33 34 35 36 37 38 39 40 41 42 45 46 50 51 52 53 54 55 56 59
23 30 31 32 33 34 36 38 39 40 41 42 43 44 45 46 50 51 52 53 54 55 56 59
25 30 31 32 33 34 35 36 37 38 39 40 41 42 43 44 45 46 50 51 52 53 54 55 56 59
5 52 55 57 58 59
7 33 52 53 55 57 58 59
9 31 33 34 52 53 55 57 58 59
11 30 31 32 33 34 52 53 55 57 58 59
13 30 31 32 33 34 36 38 52 53 55 57 58 59
15 30 31 32 33 34 35 36 37 38 52 53 55 57 58 59
9 33 39 40 52 53 55 57 58 59
11 31 33 34 39 40 52 53 55 57 58 59
13 30 31 32 33 34 39 40 52 53 55 57 58 59
15 30 31 32 33 34 36 38 39 40 52 53 55 57 58 59
17 30 31 32 33 34 35 36 37 38 39 40 52 53 55 57 58 59
11 33 39 40 41 42 52 53 55 57 58 59
13 31 33 34 39 40 41 42 52 53 55 57 58 59
15 30 31 32 33 34 39 40 41 42 52 53 55 57 58 59
17 30 31 32 33 34 36 38 39 40 41 42 52 53 55 57 58 59
19 30 31 32 33 34 35 36 37 38 39 40 41 42 52 53 55 57 58 59
13 33 39 40 41 42 43 44 52 53 55 57 58 59
15 31 33 34 39 40 41 42 43 44 52 53 55 57 58 59
17 30 31 32 33 34 39 40 41 42 43 44 52 53 55 57 58 59
19 30 31 32 33 34 36 38 39 40 41 42 43 44 52 53 55 57 58 59
21 30 31 32 33 34 35 36 37 38 39 40 41 42 43 44 52 53 55 57 58 59
15 30 31 32 33 34 36 38 45 46 52 53 55 57 58 59
17 30 31 32 33 34 35 36 37 38 45 46 52 53 55 57 58 59
17 30 31 32 33 34 36 38 39 40 45 46 52 53 55 57 58 59
19 30 31 32 33 34 35 36 37 38 39 40 45 46 52 53 55 57 58 59
19 30 31 32 33 34 36 38 39 40 41 42 45 46 52 53 55 57 58 59
21 30 31 32 33 34 35 36 37 38 39 40 41 42 45 46 52 53 55 57 58 59
21 30 31 32 33 34 36 38 39 40 41 42 43 44 45 46 52 53 55 57 58 59
23 30 31 32 33 34 35 36 37 38 39 40 41 42 43 44 45 46 52 53 55 57 58 59
13 33 39 40 41 42 50 51 52 53 55 57 58 59
15 31 33 34 39 40 41 42 50 51 52 53 55 57 58 59
17 30 31 32 33 34 39 40 41 42 50 51 52 53 55 57 58 59
19 30 31 32 33 34 36 38 39 40 41 42 50 51 52 53 55 57 58 59
21 30 31 32 33 34 35 36 37 38 39 40 41 42 50 51 52 53 55 57 58 59
15 33 39 40 41 42 43 44 50 51 52 53 55 57 58 59
17 31 33 34 39 40 41 42 43 44 50 51 52 53 55 57 58 59
19 30 31 32 33 34 39 40 41 42 43 44 50 51 52 53 55 57 58 59
21 30 31 32 33 34 36 38 39 40 41 42 43 44 50 51 52 53 55 57 58 59
23 30 31 32 33 34 35 36 37 38 39 40 41 42 43 44 50 51 52 53 55 57 58 59
21 30 31 32 33 34 36 38 39 40 41 42 45 46 50 51 52 53 55 57 58 59
23 30 31 32 33 34 35 36 37 38 39 40 41 42 45 46 50 51 52 53 55 57 58 59
23 30 31 32 33 34 36 38 39 40 41 42 43 44 45 46 50 51 52 53 55 57 58 59
25 30 31 32 33 34 35 36 37 38 39 40 41 42 43 44 45 46 50 51 52 53 55 57 58 59
7 52 54 55 56 57 58 59
9 33 52 53 54 55 56 57 58 59
11 31 33 34 52 53 54 55 56 57 58 59
13 30 31 32 33 34 52 53 54 55 56 57 58 59
15 30 31 32 33 34 36 38 52 53 54 55 56 57 58 59
17 30 31 32 33 34 35 36 37 38 52 53 54 55 56 57 58 59
11 33 39 40 52 53 54 55 56 57 58 59
13 31 33 34 39 40 52 53 54 55 56 57 58 59
15 30 31 32 33 34 39 40 52 53 54 55 56 57 58 59
17 30 31 32 33 34 36 38 39 40 52 53 54 55 56 57 58 59
19 30 31 32 33 34 35 36 37 38 39 40 52 53 54 55 56 57 58 59
13 33 39 40 41 42 52 53 54 55 56 57 58 59
15 31 33 34 39 40 41 42 52 53 54 55 56 57 58 59
17 30 31 32 33 34 39 40 41 42 52 53 54 55 56 57 58 59
19 30 31 32 33 34 36 38 39 40 41 42 52 53 54 55 56 57 58 59
21 30 31 32 33 34 35 36 37 38 39 40 41 42 52 53 54 55 56 57 58 59
15 33 39 40 41 42 43 44 52 53 54 55 56 57 58 59
17 31 33 34 39 40 41 42 43 44 52 53 54 55 56 57 58 59
19 30 31 32 33 34 39 40 41 42 43 44 52 53 54 55 56 57 58 59
21 30 31 32 33 34 36 38 39 40 41 42 43 44 52 53 54 55 56 57 58 59
23 30 31 32 33 34 35 36 37 38 39 40 41 42 43 44 52 53 54 55 56 57 58 59
17 30 31 32 33 34 36 38 45 46 52 53 54 55 56 57 58 59
19 30 31 32 33 34 35 36 37 38 45 46 52 53 54 55 56 57 58 59
19 30 31 32 33 34 36 38 39 40 45 46 52 53 54 55 56 57 58 59
21 30 31 32 33 34 35 36 37 38 39 40 45 46 52 53 54 55 56 57 58 59
21 30 31 32 33 34 36 38 39 40 41 42 45 46 52 53 54 55 56 57 58 59
23 30 31 32 33 34 35 36 37 38 39 40 41 42 45 46 52 53 54 55 56 57 58 59
23 30 31 32 33 34 36 38 39 40 41 42 43 44 45 46 52 53 54 55 56 57 58 59
25 30 31 32 33 34 35 36 37 38 39 40 41 42 43 44 45 46 52 53 54 55 56 57 58 59
15 33 39 40 41 42 50 51 52 53 54 55 56 57 58 59
17 31 33 34 39 40 41 42 50 51 52 53 54 55 56 57 58 59
19 30 31 32 33 34 39 40 41 42 50 51 52 53 54 55 56 57 58 59
21 30 31 32 33 34 36 38 39 40 41 42 50 51 52 53 54 55 56 57 58 59
23 30 31 32 33 34 35 36 37 38 39 40 41 42 50 51 52 53 54 55 56 57 58 59
17 33 39 40 41 42 43 44 50 51 52 53 54 55 56 57 58 59
19 31 33 34 39 40 41 42 43 44 50 51 52 53 54 55 56 57 58 59
21 30 31 32 33 34 39 40 41 42 43 44 50 51 52 53 54 55 56 57 58 59
23 30 31 32 33 34 36 38 39 40 41 42 43 44 50 51 52 53 54 55 56 57 58 59
25 30 31 32 33 34 35 36 37 38 39 40 41 42 43 44 50 51 52 53 54 55 56 57 58 59
23 30 31 32 33 34 36 38 39 40 41 42 45 46 50 51 52 53 54 55 56 57 58 59
25 30 31 32 33 34 35 36 37 38 39 40 41 42 45 46 50 51 52 53 54 55 56 57 58 59
25 30 31 32 33 34 36 38 39 40 41 42 43 44 45 46 50 51 52 53 54 55 56 57 58 59
27 30 31 32 33 34 35 36 37 38 39 40 41 42 43 44 45 46 50 51 52 53 54 55 56 57 58 59
1 60
3 54 60 61
5 54 55 56 60 61
7 54 55 56 57 58 60 61
7 52 54 55 56 59 60 61
9 33 52 53 54 55 56 59 60 61
11 31 33 34 52 53 54 55 56 59 60 61
11 33 39 40 52 53 54 55 56 59 60 61
13 31 33 34 39 40 52 53 54 55 56 59 60 61
13 33 39 40 41 42 52 53 54 55 56 59 60 61
15 31 33 34 39 40 41 42 52 53 54 55 56 59 60 61
15 33 39 40 41 42 50 51 52 53 54 55 56 59 60 61
17 31 33 34 39 40 41 42 50 51 52 53 54 55 56 59 60 61
9 52 54 55 56 57 58 59 60 61
11 33 52 53 54 55 56 57 58 59 60 61
13 31 33 34 52 53 54 55 56 57 58 59 60 61
13 33 39 40 52 53 54 55 56 57 58 59 60 61
15 31 33 34 39 40 52 53 54 55 56 57 58 59 60 61
15 33 39 40 41 42 52 53 54 55 56 57 58 59 60 61
17 31 33 34 39 40 41 42 52 53 54 55 56 57 58 59 60 61
17 33 39 40 41 42 50 51 52 53 54 55 56 57 58 59 60 61
19 31 33 34 39 40 41 42 50 51 52 53 54 55 56 57 58 59 60 61
3 30 60 62
5 30 31 32 60 62
7 30 31 32 33 34 60 62
5 30 36 38 60 62
7 30 31 32 36 38 60 62
9 30 31 32 33 34 36 38 60 62
7 30 35 36 37 38 60 62
9 30 31 32 35 36 37 38 60 62
11 30 31 32 33 34 35 36 37 38 60 62
9 30 31 32 33 34 39 40 60 62
11 30 31 32 33 34 36 38 39 40 60 62
13 30 31 32 33 34 35 36 37 38 39 40 60 62
11 30 31 32 33 34 39 40 41 42 60 62
13 30 31 32 33 34 36 38 39 40 41 42 60 62
15 30 31 32 33 34 35 36 37 38 39 40 41 42 60 62
7 30 36 38 45 46 60 62
9 30 31 32 36 38 45 46 60 62
11 30 31 32 33 34 36 38 45 46 60 62
9 30 35 36 37 38 45 46 60 62
11 30 31 32 35 36 37 38 45 46 60 62
13 30 31 32 33 34 35 36 37 38 45 46 60 62
13 30 31 32 33 34 36 38 39 40 45 46 60 62
15 30 31 32 33 34 35 36 37 38 39 40 45 46 60 62
15 30 31 32 33 34 36 38 39 40 41 42 45 46 60 62
17 30 31 32 33 34 35 36 37 38 39 40 41 42 45 46 60 62
13 30 31 32 33 34 39 40 41 42 50 51 60 62
15 30 31 32 33 34 36 38 39 40 41 42 50 51 60 62
17 30 31 32 33 34 35 36 37 38 39 40 41 42 50 51 60 62
17 30 31 32 33 34 36 38 39 40 41 42 45 46 50 51 60 62
19 30 31 32 33 34 35 36 37 38 39 40 41 42 45 46 50 51 60 62
9 30 31 32 33 34 52 53 60 62
11 30 31 32 33 34 36 38 52 53 60 62
13 30 31 32 33 34 35 36 37 38 52 53 60 62
11 30 31 32 33 34 39 40 52 53 60 62
13 30 31 32 33 34 36 38 39 40 52 53 60 62
15 30 31 32 33 34 35 36 37 38 39 40 52 53 60 62
13 30 31 32 33 34 39 40 41 42 52 53 60 62
15 30 31 32 33 34 36 38 39 40 41 42 52 53 60 62
17 30 31 32 33 34 35 36 37 38 39 40 41 42 52 53 60 62
13 30 31 32 33 34 36 38 45 46 52 53 60 62
15 30 31 32 33 34 35 36 37 38 45 46 52 53 60 62
15 30 31 32 33 34 36 38 39 40 45 46 52 53 60 62
17 30 31 32 33 34 35 36 37 38 39 40 45 46 52 53 60 62
17 30 31 32 33 34 36 38 39 40 41 42 45 46 52 53 60 62
19 30 31 32 33 34 35 36 37 38 39 40 41 42 45 46 52 53 60 62
15 30 31 32 33 34 39 40 41 42 50 51 52 53 60 62
17 30 31 32 33 34 36 38 39 40 41 42 50 51 52 53 60 62
19 30 31 32 33 34 35 36 37 38 39 40 41 42 50 51 52 53 60 62
19 30 31 32 33 34 36 38 39 40 41 42 45 46 50 51 52 53 60 62
21 30 31 32 33 34 35 36 37 38 39 40 41 42 45 46 50 51 52 53 60 62
11 30 31 32 33 34 52 53 55 59 60 62
13 30 31 32 33 34 36 38 52 53 55 59 60 62
15 30 31 32 33 34 35 36 37 38 52 53 55 59 60 62
13 30 31 32 33 34 39 40 52 53 55 59 60 62
15 30 31 32 33 34 36 38 39 40 52 53 55 59 60 62
17 30 31 32 33 34 35 36 37 38 39 40 52 53 55 59 60 62
15 30 31 32 33 34 39 40 41 42 52 53 55 59 60 62
17 30 31 32 33 34 36 38 39 40 41 42 52 53 55 59 60 62
19 30 31 32 33 34 35 36 37 38 39 40 41 42 52 53 55 59 60 62
15 30 31 32 33 34 36 38 45 46 52 53 55 59 60 62
17 30 31 32 33 34 35 36 37 38 45 46 52 53 55 59 60 62
17 30 31 32 33 34 36 38 39 40 45 46 52 53 55 59 60 62
19 30 31 32 33 34 35 36 37 38 39 40 45 46 52 53 55 59 60 62
19 30 31 32 33 34 36 38 39 40 41 42 45 46 52 53 55 59 60 62
21 30 31 32 33 34 35 36 37 38 39 40 41 42 45 46 52 53 55 59 60 62
17 30 31 32 33 34 39 40 41 42 50 51 52 53 55 59 60 62
19 30 31 32 33 34 36 38 39 40 41 42 50 51 52 53 55 59 60 62
21 30 31 32 33 34 35 36 37 38 39 40 41 42 50 51 52 53 55 59 60 62
21 30 31 32 33 34 36 38 39 40 41 42 45 46 50 51 52 53 55 59 60 62
23 30 31 32 33 34 35 36 37 38 39 40 41 42 45 46 50 51 52 53 55 59 60 62
13 30 31 32 33 34 52 53 55 57 58 59 60 62
15 30 31 32 33 34 36 38 52 53 55 57 58 59 60 62
17 30 31 32 33 34 35 36 37 38 52 53 55 57 58 59 60 62
15 30 31 32 33 34 39 40 52 53 55 57 58 59 60 62
17 30 31 32 33 34 36 38 39 40 52 53 55 57 58 59 60 62
19 30 31 32 33 34 35 36 37 38 39 40 52 53 55 57 58 59 60 62
17 30 31 32 33 34 39 40 41 42 52 53 55 57 58 59 60 62
19 30 31 32 33 34 36 38 39 40 41 42 52 53 55 57 58 59 60 62
21 30 31 32 33 34 35 36 37 38 39 40 41 42 52 53 55 57 58 59 60 62
17 30 31 32 33 34 36 38 45 46 52 53 55 57 58 59 60 62
19 30 31 32 33 34 35 36 37 38 45 46 52 53 55 57 58 59 60 62
19 30 31 32 33 34 36 38 39 40 45 46 52 53 55 57 58 59 60 62
21 30 31 32 33 34 35 36 37 38 39 40 45 46 52 53 55 57 58 59 60 62
21 30 31 32 33 34 36 38 39 40 41 42 45 46 52 53 55 57 58 59 60 62
23 30 31 32 33 34 35 36 37 38 39 40 41 42 45 46 52 53 55 57 58 59 60 62
19 30 31 32 33 34 39 40 41 42 50 51 52 53 55 57 58 59 60 62
21 30 31 32 33 34 36 38 39 40 41 42 50 51 52 53 55 57 58 59 60 62
23 30 31 32 33 34 35 36 37 38 39 40 41 42 50 51 52 53 55 57 58 59 60 62
23 30 31 32 33 34 36 38 39 40 41 42 45 46 50 51 52 53 55 57 58 59 60 62
25 30 31 32 33 34 35 36 37 38 39 40 41 42 45 46 50 51 52 53 55 57 58 59 60 62
5 30 54 60 61 62
7 30 31 32 54 60 61 62
9 30 31 32 33 34 54 60 61 62
7 30 36 38 54 60 61 62
9 30 31 32 36 38 54 60 61 62
11 30 31 32 33 34 36 38 54 60 61 62
9 30 35 36 37 38 54 60 61 62
11 30 31 32 35 36 37 38 54 60 61 62
13 30 31 32 33 34 35 36 37 38 54 60 61 62
11 30 31 32 33 34 39 40 54 60 61 62
13 30 31 32 33 34 36 38 39 40 54 60 61 62
15 30 31 32 33 34 35 36 37 38 39 40 54 60 61 62
13 30 31 32 33 34 39 40 41 42 54 60 61 62
15 30 31 32 33 34 36 38 39 40 41 42 54 60 61 62
17 30 31 32 33 34 35 36 37 38 39 40 41 42 54 60 61 62
9 30 36 38 45 46 54 60 61 62
11 30 31 32 36 38 45 46 54 60 61 62
13 30 31 32 33 34 36 38 45 46 54 60 61 62
11 30 35 36 37 38 45 46 54 60 61 62
13 30 31 32 35 36 37 38 45 46 54 60 61 62
15 30 31 32 33 34 35 36 37 38 45 46 54 60 61 62
15 30 31 32 33 34 36 38 39 40 45 46 54 60 61 62
17 30 31 32 33 34 35 36 37 38 39 40 45 46 54 60 61 62
17 30 31 32 33 34 36 38 39 40 41 42 45 46 54 60 61 62
19 30 31 32 33 34 35 36 37 38 39 40 41 42 45 46 54 60 61 62
15 30 31 32 33 34 39 40 41 42 50 51 54 60 61 62
17 30 31 32 33 34 36 38 39 40 41 42 50 51 54 60 61 62
19 30 31 32 33 34 35 36 37 38 39 40 41 42 50 51 54 60 61 62
19 30 31 32 33 34 36 38 39 40 41 42 45 46 50 51 54 60 61 62
21 30 31 32 33 34 35 36 37 38 39 40 41 42 45 46 50 51 54 60 61 62
11 30 31 32 33 34 52 53 54 60 61 62
13 30 31 32 33 34 36 38 52 53 54 60 61 62
15 30 31 32 33 34 35 36 37 38 52 53 54 60 61 62
13 30 31 32 33 34 39 40 52 53 54 60 61 62
15 30 31 32 33 34 36 38 39 40 52 53 54 60 61 62
17 30 31 32 33 34 35 36 37 38 39 40 52 53 54 60 61 62
15 30 31 32 33 34 39 40 41 42 52 53 54 60 61 62
17 30 31 32 33 34 36 38 39 40 41 42 52 53 54 60 61 62
19 30 31 32 33 34 35 36 37 38 39 40 41 42 52 53 54 60 61 62
15 30 31 32 33 34 36 38 45 46 52 53 54 60 61 62
17 30 31 32 33 34 35 36 37 38 45 46 52 53 54 60 61 62
17 30 31 32 33 34 36 38 39 40 45 46 52 53 54 60 61 62
19 30 31 32 33 34 35 36 37 38 39 40 45 46 52 53 54 60 61 62
19 30 31 32 33 34 36 38 39 40 41 42 45 46 52 53 54 60 61 62
21 30 31 32 33 34 35 36 37 38 39 40 41 42 45 46 52 53 54 60 61 62
17 30 31 32 33 34 39 40 41 42 50 51 52 53 54 60 61 62
19 30 31 32 33 34 36 38 39 40 41 42 50 51 52 53 54 60 61 62
21 30 31 32 33 34 35 36 37 38 39 40 41 42 50 51 52 53 54 60 61 62
21 30 31 32 33 34 36 38 39 40 41 42 45 46 50 51 52 53 54 60 61 62
23 30 31 32 33 34 35 36 37 38 39 40 41 42 45 46 50 51 52 53 54 60 61 62
7 30 54 55 56 60 61 62
9 30 31 32 54 55 56 60 61 62
11 30 31 32 33 34 54 55 56 60 61 62
9 30 36 38 54 55 56 60 61 62
11 30 31 32 36 38 54 55 56 60 61 62
13 30 31 32 33 34 36 38 54 55 56 60 61 62
11 30 35 36 37 38 54 55 56 60 61 62
13 30 31 32 35 36 37 38 54 55 56 60 61 62
15 30 31 32 33 34 35 36 37 38 54 55 56 60 61 62
13 30 31 32 33 34 39 40 54 55 56 60 61 62
15 30 31 32 33 34 36 38 39 40 54 55 56 60 61 62
17 30 31 32 33 34 35 36 37 38 39 40 54 55 56 60 61 62
15 30 31 32 33 34 39 40 41 42 54 55 56 60 61 62
17 30 31 32 33 34 36 38 39 40 41 42 54 55 56 60 61 62
19 30 31 32 33 34 35 36 37 38 39 40 41 42 54 55 56 60 61 62
11 30 36 38 45 46 54 55 56 60 61 62
13 30 31 32 36 38 45 46 54 55 56 60 61 62
15 30 31 32 33 34 36 38 45 46 54 55 56 60 61 62
13 30 35 36 37 38 45 46 54 55 56 60 61 62
15 30 31 32 35 36 37 38 45 46 54 55 56 60 61 62
17 30 31 32 33 34 35 36 37 38 45 46 54 55 56 60 61 62
17 30 31 32 33 34 36 38 39 40 45 46 54 55 56 60 61 62
19 30 31 32 33 34 35 36 37 38 39 40 45 46 54 55 56 60 61 62
19 30 31 32 33 34 36 38 39 40 41 42 45 46 54 55 56 60 61 62
21 30 31 32 33 34 35 36 37 38 39 40 41 42 45 46 54 55 56 60 61 62
17 30 31 32 33 34 39 40 41 42 50 51 54 55 56 60 61 62
19 30 31 32 33 34 36 38 39 40 41 42 50 51 54 55 56 60 61 62
21 30 31 32 33 34 35 36 37 38 39 40 41 42 50 51 54 55 56 60 61 62
21 30 31 32 33 34 36 38 39 40 41 42 45 46 50 51 54 55 56 60 61 62
23 30 31 32 33 34 35 36 37 38 39 40 41 42 45 46 50 51 54 55 56 60 61 62
14 30 31 32 33 34 52 53 54 55 56 59 60 61 62
16 30 31 32 33 34 36 38 52 53 54 55 56 59 60 61 62
18 30 31 32 33 34 35 36 37 38 52 53 54 55 56 59 60 61 62
16 30 31 32 33 34 39 40 52 53 54 55 56 59 60 61 62
18 30 31 32 33 34 36 38 39 40 52 53 54 55 56 59 60 61 62
20 30 31 32 33 34 35 36 37 38 39 40 52 53 54 55 56 59 60 61 62
18 30 31 32 33 34 39 40 41 42 52 53 54 55 56 59 60 61 62
20 30 31 32 33 34 36 38 39 40 41 42 52 53 54 55 56 59 60 61 62
22 30 31 32 33 34 35 36 37 38 39 40 41 42 52 53 54 55 56 59 60 61 62
18 30 31 32 33 34 36 38 45 46 52 53 54 55 56 59 60 61 62
20 30 31 32 33 34 35 36 37 38 45 46 52 53 54 55 56 59 60 61 62
20 30 31 32 33 34 36 38 39 40 45 46 52 53 54 55 56 59 60 61 62
22 30 31 32 33 34 35 36 37 38 39 40 45 46 52 53 54 55 56 59 60 61 62
22 30 31 32 33 34 36 38 39 40 41 42 45 46 52 53 54 55 56 59 60 61 62
24 30 31 32 33 34 35 36 37 38 39 40 41 42 45 46 52 53 54 55 56 59 60 61 62
20 30 31 32 33 34 39 40 41 42 50 51 52 53 54 55 56 59 60 61 62
22 30 31 32 33 34 36 38 39 40 41 42 50 51 52 53 54 55 56 59 60 61 62
24 30 31 32 33 34 35 36 37 38 39 40 41 42 50 51 52 53 54 55 56 59 60 61 62
24 30 31 32 33 34 36 38 39 40 41 42 45 46 50 51 52 53 54 55 56 59 60 61 62
26 30 31 32 33 34 35 36 37 38 39 40 41 42 45 46 50 51 52 53 54 55 56 59 60 61 62
16 30 31 32 33 34 52 53 54 55 56 57 58 59 60 61 62
18 30 31 32 33 34 36 38 52 53 54 55 56 57 58 59 60 61 62
20 30 31 32 33 34 35 36 37 38 52 53 54 55 56 57 58 59 60 61 62
18 30 31 32 33 34 39 40 52 53 54 55 56 57 58 59 60 61 62
20 30 31 32 33 34 36 38 39 40 52 53 54 55 56 57 58 59 60 61 62
22 30 31 32 33 34 35 36 37 38 39 40 52 53 54 55 56 57 58 59 60 61 62
20 30 31 32 33 34 39 40 41 42 52 53 54 55 56 57 58 59 60 61 62
22 30 31 32 33 34 36 38 39 40 41 42 52 53 54 55 56 57 58 59 60 61 62
24 30 31 32 33 34 35 36 37 38 39 40 41 42 52 53 54 55 56 57 58 59 60 61 62
20 30 31 32 33 34 36 38 45 46 52 53 54 55 56 57 58 59 60 61 62
22 30 31 32 33 34 35 36 37 38 45 46 52 53 54 55 56 57 58 59 60 61 62
22 30 31 32 33 34 36 38 39 40 45 46 52 53 54 55 56 57 58 59 60 61 62
24 30 31 32 33 34 35 36 37 38 39 40 45 46 52 53 54 55 56 57 58 59 60 61 62
24 30 31 32 33 34 36 38 39 40 41 42 45 46 52 53 54 55 56 57 58 59 60 61 62
26 30 31 32 33 34 35 36 37 38 39 40 41 42 45 46 52 53 54 55 56 57 58 59 60 61 62
22 30 31 32 33 34 39 40 41 42 50 51 52 53 54 55 56 57 58 59 60 61 62
24 30 31 32 33 34 36 38 39 40 41 42 50 51 52 53 54 55 56 57 58 59 60 61 62
26 30 31 32 33 34 35 36 37 38 39 40 41 42 50 51 52 53 54 55 56 57 58 59 60 61 62
26 30 31 32 33 34 36 38 39 40 41 42 45 46 50 51 52 53 54 55 56 57 58 59 60 61 62
28 30 31 32 33 34 35 36 37 38 39 40 41 42 45 46 50 51 52 53 54 55 56 57 58 59 60 61 62
3 43 60 63
5 41 43 44 60 63
7 39 41 42 43 44 60 63
9 33 39 40 41 42 43 44 60 63
11 31 33 34 39 40 41 42 43 44 60 63
7 41 43 44 50 51 60 63
9 39 41 42 43 44 50 51 60 63
11 33 39 40 41 42 43 44 50 51 60 63
13 31 33 34 39 40 41 42 43 44 50 51 60 63
11 33 39 40 41 42 43 44 52 53 60 63
13 31 33 34 39 40 41 42 43 44 52 53 60 63
13 33 39 40 41 42 43 44 50 51 52 53 60 63
15 31 33 34 39 40 41 42 43 44 50 51 52 53 60 63
13 33 39 40 41 42 43 44 52 53 55 59 60 63
15 31 33 34 39 40 41 42 43 44 52 53 55 59 60 63
15 33 39 40 41 42 43 44 50 51 52 53 55 59 60 63
17 31 33 34 39 40 41 42 43 44 50 51 52 53 55 59 60 63
15 33 39 40 41 42 43 44 52 53 55 57 58 59 60 63
17 31 33 34 39 40 41 42 43 44 52 53 55 57 58 59 60 63
17 33 39 40 41 42 43 44 50 51 52 53 55 57 58 59 60 63
19 31 33 34 39 40 41 42 43 44 50 51 52 53 55 57 58 59 60 63
5 43 54 60 61 63
7 41 43 44 54 60 61 63
9 39 41 42 43 44 54 60 61 63
11 33 39 40 41 42 43 44 54 60 61 63
13 31 33 34 39 40 41 42 43 44 54 60 61 63
9 41 43 44 50 51 54 60 61 63
11 39 41 42 43 44 50 51 54 60 61 63
13 33 39 40 41 42 43 44 50 51 54 60 61 63
15 31 33 34 39 40 41 42 43 44 50 51 54 60 61 63
13 33 39 40 41 42 43 44 52 53 54 60 61 63
15 31 33 34 39 40 41 42 43 44 52 53 54 60 61 63
15 33 39 40 41 42 43 44 50 51 52 53 54 60 61 63
17 31 33 34 39 40 41 42 43 44 50 51 52 53 54 60 61 63
7 43 54 55 56 60 61 63
9 41 43 44 54 55 56 60 61 63
11 39 41 42 43 44 54 55 56 60 61 63
13 33 39 40 41 42 43 44 54 55 56 60 61 63
15 31 33 34 39 40 41 42 43 44 54 55 56 60 61 63
11 41 43 44 50 51 54 55 56 60 61 63
13 39 41 42 43 44 50 51 54 55 56 60 61 63
15 33 39 40 41 42 43 44 50 51 54 55 56 60 61 63
17 31 33 34 39 40 41 42 43 44 50 51 54 55 56 60 61 63
16 33 39 40 41 42 43 44 52 53 54 55 56 59 60 61 63
18 31 33 34 39 40 41 42 43 44 52 53 54 55 56 59 60 61 63
18 33 39 40 41 42 43 44 50 51 52 53 54 55 56 59 60 61 63
20 31 33 34 39 40 41 42 43 44 50 51 52 53 54 55 56 59 60 61 63
18 33 39 40 41 42 43 44 52 53 54 55 56 57 58 59 60 61 63
20 31 33 34 39 40 41 42 43 44 52 53 54 55 56 57 58 59 60 61 63
20 33 39 40 41 42 43 44 50 51 52 53 54 55 56 57 58 59 60 61 63
22 31 33 34 39 40 41 42 43 44 50 51 52 53 54 55 56 57 58 59 60 61 63
5 30 43 60 62 63
7 30 31 32 43 60 62 63
9 30 31 32 33 34 43 60 62 63
7 30 36 38 43 60 62 63
9 30 31 32 36 38 43 60 62 63
11 30 31 32 33 34 36 38 43 60 62 63
9 30 35 36 37 38 43 60 62 63
11 30 31 32 35 36 37 38 43 60 62 63
13 30 31 32 33 34 35 36 37 38 43 60 62 63
11 30 31 32 33 34 39 40 43 60 62 63
13 30 31 32 33 34 36 38 39 40 43 60 62 63
15 30 31 32 33 34 35 36 37 38 39 40 43 60 62 63
7 30 41 43 44 60 62 63
9 30 31 32 41 43 44 60 62 63
11 30 31 32 33 34 41 43 44 60 62 63
9 30 36 38 41 43 44 60 62 63
11 30 31 32 36 38 41 43 44 60 62 63
13 30 31 32 33 34 36 38 41 43 44 60 62 63
11 30 35 36 37 38 41 43 44 60 62 63
13 30 31 32 35 36 37 38 41 43 44 60 62 63
15 30 31 32 33 34 35 36 37 38 41 43 44 60 62 63
9 30 39 41 42 43 44 60 62 63
11 30 31 32 39 41 42 43 44 60 62 63
11 30 36 38 39 41 42 43 44 60 62 63
13 30 31 32 36 38 39 41 42 43 44 60 62 63
13 30 35 36 37 38 39 41 42 43 44 60 62 63
15 30 31 32 35 36 37 38 39 41 42 43 44 60 62 63
11 30 33 39 40 41 42 43 44 60 62 63
14 30 31 32 33 34 39 40 41 42 43 44 60 62 63
13 30 33 36 38 39 40 41 42 43 44 60 62 63
16 30 31 32 33 34 36 38 39 40 41 42 43 44 60 62 63
15 30 33 35 36 37 38 39 40 41 42 43 44 60 62 63
18 30 31 32 33 34 35 36 37 38 39 40 41 42 43 44 60 62 63
9 30 36 38 43 45 46 60 62 63
11 30 31 32 36 38 43 45 46 60 62 63
13 30 31 32 33 34 36 38 43 45 46 60 62 63
11 30 35 36 37 38 43 45 46 60 62 63
13 30 31 32 35 36 37 38 43 45 46 60 62 63
15 30 31 32 33 34 35 36 37 38 43 45 46 60 62 63
15 30 31 32 33 34 36 38 39 40 43 45 46 60 62 63
17 30 31 32 33 34 35 36 37 38 39 40 43 45 46 60 62 63
11 30 36 38 41 43 44 45 46 60 62 63
13 30 31 32 36 38 41 43 44 45 46 60 62 63
15 30 31 32 33 34 36 38 41 43 44 45 46 60 62 63
13 30 35 36 37 38 41 43 44 45 46 60 62 63
15 30 31 32 35 36 37 38 41 43 44 45 46 60 62 63
17 30 31 32 33 34 35 36 37 38 41 43 44 45 46 60 62 63
13 30 36 38 39 41 42 43 44 45 46 60 62 63
15 30 31 32 36 38 39 41 42 43 44 45 46 60 62 63
15 30 35 36 37 38 39 41 42 43 44 45 46 60 62 63
17 30 31 32 35 36 37 38 39 41 42 43 44 45 46 60 62 63
15 30 33 36 38 39 40 41 42 43 44 45 46 60 62 63
18 30 31 32 33 34 36 38 39 40 41 42 43 44 45 46 60 62 63
17 30 33 35 36 37 38 39 40 41 42 43 44 45 46 60 62 63
20 30 31 32 33 34 35 36 37 38 39 40 41 42 43 44 45 46 60 62 63
9 30 41 43 44 50 51 60 62 63
11 30 31 32 41 43 44 50 51 60 62 63
13 30 31 32 33 34 41 43 44 50 51 60 62 63
11 30 36 38 41 43 44 50 51 60 62 63
13 30 31 32 36 38 41 43 44 50 51 60 62 63
15 30 31 32 33 34 36 38 41 43 44 50 51 60 62 63
13 30 35 36 37 38 41 43 44 50 51 60 62 63
15 30 31 32 35 36 37 38 41 43 44 50 51 60 62 63
17 30 31 32 33 34 35 36 37 38 41 43 44 50 51 60 62 63
11 30 39 41 42 43 44 50 51 60 62 63
13 30 31 32 39 41 42 43 44 50 51 60 62 63
13 30 36 38 39 41 42 43 44 50 51 60 62 63
15 30 31 32 36 38 39 41 42 43 44 50 51 60 62 63
15 30 35 36 37 38 39 41 42 43 44 50 51 60 62 63
17 30 31 32 35 36 37 38 39 41 42 43 44 50 51 60 62 63
13 30 33 39 40 41 42 43 44 50 51 60 62 63
16 30 31 32 33 34 39 40 41 42 43 44 50 51 60 62 63
15 30 33 36 38 39 40 41 42 43 44 50 51 60 62 63
18 30 31 32 33 34 36 38 39 40 41 42 43 44 50 51 60 62 63
17 30 33 35 36 37 38 39 40 41 42 43 44 50 51 60 62 63
20 30 31 32 33 34 35 36 37 38 39 40 41 42 43 44 50 51 60 62 63
13 30 36 38 41 43 44 45 46 50 51 60 62 63
15 30 31 32 36 38 41 43 44 45 46 50 51 60 62 63
17 30 31 32 33 34 36 38 41 43 44 45 46 50 51 60 62 63
15 30 35 36 37 38 41 43 44 45 46 50 51 60 62 63
17 30 31 32 35 36 37 38 41 43 44 45 46 50 51 60 62 63
19 30 31 32 33 34 35 36 37 38 41 43 44 45 46 50 51 60 62 63
15 30 36 38 39 41 42 43 44 45 46 50 51 60 62 63
17 30 31 32 36 38 39 41 42 43 44 45 46 50 51 60 62 63
17 30 35 36 37 38 39 41 42 43 44 45 46 50 51 60 62 63
19 30 31 32 35 36 37 38 39 41 42 43 44 45 46 50 51 60 62 63
17 30 33 36 38 39 40 41 42 43 44 45 46 50 51 60 62 63
20 30 31 32 33 34 36 38 39 40 41 42 43 44 45 46 50 51 60 62 63
19 30 33 35 36 37 38 39 40 41 42 43 44 45 46 50 51 60 62 63
22 30 31 32 33 34 35 36 37 38 39 40 41 42 43 44 45 46 50 51 60 62 63
11 30 31 32 33 34 43 52 53 60 62 63
13 30 31 32 33 34 36 38 43 52 53 60 62 63
15 30 31 32 33 34 35 36 37 38 43 52 53 60 62 63
13 30 31 32 33 34 39 40 43 52 53 60 62 63
15 30 31 32 33 34 36 38 39 40 43 52 53 60 62 63
17 30 31 32 33 34 35 36 37 38 39 40 43 52 53 60 62 63
13 30 31 32 33 34 41 43 44 52 53 60 62 63
15 30 31 32 33 34 36 38 41 43 44 52 53 60 62 63
17 30 31 32 33 34 35 36 37 38 41 43 44 52 53 60 62 63
16 30 31 32 33 34 39 40 41 42 43 44 52 53 60 62 63
18 30 31 32 33 34 36 38 39 40 41 42 43 44 52 53 60 62 63
20 30 31 32 33 34 35 36 37 38 39 40 41 42 43 44 52 53 60 62 63
15 30 31 32 33 34 36 38 43 45 46 52 53 60 62 63
17 30 31 32 33 34 35 36 37 38 43 45 46 52 53 60 62 63
17 30 31 32 33 34 36 38 39 40 43 45 46 52 53 60 62 63
19 30 31 32 33 34 35 36 37 38 39 40 43 45 46 52 53 60 62 63
17 30 31 32 33 34 36 38 41 43 44 45 46 52 53 60 62 63
19 30 31 32 33 34 35 36 37 38 41 43 44 45 46 52 53 60 62 63
20 30 31 32 33 34 36 38 39 40 41 42 43 44 45 46 52 53 60 62 63
22 30 31 32 33 34 35 36 37 38 39 40 41 42 43 44 45 46 52 53 60 62 63
15 30 31 32 33 34 41 43 44 50 51 52 53 60 62 63
17 30 31 32 33 34 36 38 41 43 44 50 51 52 53 60 62 63
19 30 31 32 33 34 35 36 37 38 41 43 44 50 51 52 53 60 62 63
18 30 31 32 33 34 39 40 41 42 43 44 50 51 52 53 60 62 63
20 30 31 32 33 34 36 38 39 40 41 42 43 44 50 51 52 53 60 62 63
22 30 31 32 33 34 35 36 37 38 39 40 41 42 43 44 50 51 52 53 60 62 63
19 30 31 32 33 34 36 38 41 43 44 45 46 50 51 52 53 60 62 63
21 30 31 32 33 34 35 36 37 38 41 43 44 45 46 50 51 52 53 60 62 63
22 30 31 32 33 34 36 38 39 40 41 42 43 44 45 46 50 51 52 53 60 62 63
24 30 31 32 33 34 35 36 37 38 39 40 41 42 43 44 45 46 50 51 52 53 60 62 63
13 30 31 32 33 34 43 52 53 55 59 60 62 63
15 30 31 32 33 34 36 38 43 52 53 55 59 60 62 63
17 30 31 32 33 34 35 36 37 38 43 52 53 55 59 60 62 63
15 30 31 32 33 34 39 40 43 52 53 55 59 60 62 63
17 30 31 32 33 34 36 38 39 40 43 52 53 55 59 60 62 63
19 30 31 32 33 34 35 36 37 38 39 40 43 52 53 55 59 60 62 63
15 30 31 32 33 34 41 43 44 52 53 55 59 60 62 63
17 30 31 32 33 34 36 38 41 43 44 52 53 55 59 60 62 63
19 30 31 32 33 34 35 36 37 38 41 43 44 52 53 55 59 60 62 63
18 30 31 32 33 34 39 40 41 42 43 44 52 53 55 59 60 62 63
20 30 31 32 33 34 36 38 39 40 41 42 43 44 52 53 55 59 60 62 63
22 30 31 32 33 34 35 36 37 38 39 40 41 42 43 44 52 53 55 59 60 62 63
17 30 31 32 33 34 36 38 43 45 46 52 53 55 59 60 62 63
19 30 31 32 33 34 35 36 37 38 43 45 46 52 53 55 59 60 62 63
19 30 31 32 33 34 36 38 39 40 43 45 46 52 53 55 59 60 62 63
21 30 31 32 33 34 35 36 37 38 39 40 43 45 46 52 53 55 59 60 62 63
19 30 31 32 33 34 36 38 41 43 44 45 46 52 53 55 59 60 62 63
21 30 31 32 33 34 35 36 37 38 41 43 44 45 46 52 53 55 59 60 62 63
22 30 31 32 33 34 36 38 39 40 41 42 43 44 45 46 52 53 55 59 60 62 63
24 30 31 32 33 34 35 36 37 38 39 40 41 42 43 44 45 46 52 53 55 59 60 62 63
17 30 31 32 33 34 41 43 44 50 51 52 53 55 59 60 62 63
19 30 31 32 33 34 36 38 41 43 44 50 51 52 53 55 59 60 62 63
21 30 31 32 33 34 35 36 37 38 41 43 44 50 51 52 53 55 59 60 62 63
20 30 31 32 33 34 39 40 41 42 43 44 50 51 52 53 55 59 60 62 63
22 30 31 32 33 34 36 38 39 40 41 42 43 44 50 51 52 53 55 59 60 62 63
24 30 31 32 33 34 35 36 37 38 39 40 41 42 43 44 50 51 52 53 55 59 60 62 63
21 30 31 32 33 34 36 38 41 43 44 45 46 50 51 52 53 55 59 60 62 63
23 30 31 32 33 34 35 36 37 38 41 43 44 45 46 50 51 52 53 55 59 60 62 63
24 30 31 32 33 34 36 38 39 40 41 42 43 44 45 46 50 51 52 53 55 59 60 62 63
26 30 31 32 33 34 35 36 37 38 39 40 41 42 43 44 45 46 50 51 52 53 55 59 60 62 63
15 30 31 32 33 34 43 52 53 55 57 58 59 60 62 63
17 30 31 32 33 34 36 38 43 52 53 55 57 58 59 60 62 63
19 30 31 32 33 34 35 36 37 38 43 52 53 55 57 58 59 60 62 63
17 30 31 32 33 34 39 40 43 52 53 55 57 58 59 60 62 63
19 30 31 32 33 34 36 38 39 40 43 52 53 55 57 58 59 60 62 63
21 30 31 32 33 34 35 36 37 38 39 40 43 52 53 55 57 58 59 60 62 63
17 30 31 32 33 34 41 43 44 52 53 55 57 58 59 60 62 63
19 30 31 32 33 34 36 38 41 43 44 52 53 55 57 58 59 60 62 63
21 30 31 32 33 34 35 36 37 38 41 43 44 52 53 55 57 58 59 60 62 63
20 30 31 32 33 34 39 40 41 42 43 44 52 53 55 57 58 59 60 62 63
22 30 31 32 33 34 36 38 39 40 41 42 43 44 52 53 55 57 58 59 60 62 63
24 30 31 32 33 34 35 36 37 38 39 40 41 42 43 44 52 53 55 57 58 59 60 62 63
19 30 31 32 33 34 36 38 43 45 46 52 53 55 57 58 59 60 62 63
21 30 31 32 33 34 35 36 37 38 43 45 46 52 53 55 57 58 59 60 62 63
21 30 31 32 33 34 36 38 39 40 43 45 46 52 53 55 57 58 59 60 62 63
23 30 31 32 33 34 35 36 37 38 39 40 43 45 46 52 53 55 57 58 59 60 62 63
21 30 31 32 33 34 36 38 41 43 44 45 46 52 53 55 57 58 59 60 62 63
23 30 31 32 33 34 35 36 37 38 41 43 44 45 46 52 53 55 57 58 59 60 62 63
24 30 31 32 33 34 36 38 39 40 41 42 43 44 45 46 52 53 55 57 58 59 60 62 63
26 30 31 32 33 34 35 36 37 38 39 40 41 42 43 44 45 46 52 53 55 57 58 59 60 62 63
19 30 31 32 33 34 41 43 44 50 51 52 53 55 57 58 59 60 62 63
21 30 31 32 33 34 36 38 41 43 44 50 51 52 53 55 57 58 59 60 62 63
23 30 31 32 33 34 35 36 37 38 41 43 44 50 51 52 53 55 57 58 59 60 62 63
22 30 31 32 33 34 39 40 41 42 43 44 50 51 52 53 55 57 58 59 60 62 63
24 30 31 32 33 34 36 38 39 40 41 42 43 44 50 51 52 53 55 57 58 59 60 62 63
26 30 31 32 33 34 35 36 37 38 39 40 41 42 43 44 50 51 52 53 55 57 58 59 60 62 63
23 30 31 32 33 34 36 38 41 43 44 45 46 50 51 52 53 55 57 58 59 60 62 63
25 30 31 32 33 34 35 36 37 38 41 43 44 45 46 50 51 52 53 55 57 58 59 60 62 63
26 30 31 32 33 34 36 38 39 40 41 42 43 44 45 46 50 51 52 53 55 57 58 59 60 62 63
28 30 31 32 33 34 35 36 37 38 39 40 41 42 43 44 45 46 50 51 52 53 55 57 58 59 60 62 63
7 30 43 54 60 61 62 63
9 30 31 32 43 54 60 61 62 63
11 30 31 32 33 34 43 54 60 61 62 63
9 30 36 38 43 54 60 61 62 63
11 30 31 32 36 38 43 54 60 61 62 63
13 30 31 32 33 34 36 38 43 54 60 61 62 63
11 30 35 36 37 38 43 54 60 61 62 63
13 30 31 32 35 36 37 38 43 54 60 61 62 63
15 30 31 32 33 34 35 36 37 38 43 54 60 61 62 63
13 30 31 32 33 34 39 40 43 54 60 61 62 63
15 30 31 32 33 34 36 38 39 40 43 54 60 61 62 63
17 30 31 32 33 34 35 36 37 38 39 40 43 54 60 61 62 63
9 30 41 43 44 54 60 61 62 63
11 30 31 32 41 43 44 54 60 61 62 63
13 30 31 32 33 34 41 43 44 54 60 61 62 63
11 30 36 38 41 43 44 54 60 61 62 63
13 30 31 32 36 38 41 43 44 54 60 61 62 63
15 30 31 32 33 34 36 38 41 43 44 54 60 61 62 63
13 30 35 36 37 38 41 43 44 54 60 61 62 63
15 30 31 32 35 36 37 38 41 43 44 54 60 61 62 63
17 30 31 32 33 34 35 36 37 38 41 43 44 54 60 61 62 63
11 30 39 41 42 43 44 54 60 61 62 63
13 30 31 32 39 41 42 43 44 54 60 61 62 63
13 30 36 38 39 41 42 43 44 54 60 61 62 63
15 30 31 32 36 38 39 41 42 43 44 54 60 61 62 63
15 30 35 36 37 38 39 41 42 43 44 54 60 61 62 63
17 30 31 32 35 36 37 38 39 41 42 43 44 54 60 61 62 63
13 30 33 39 40 41 42 43 44 54 60 61 62 63
16 30 31 32 33 34 39 40 41 42 43 44 54 60 61 62 63
15 30 33 36 38 39 40 41 42 43 44 54 60 61 62 63
18 30 31 32 33 34 36 38 39 40 41 42 43 44 54 60 61 62 63
17 30 33 35 36 37 38 39 40 41 42 43 44 54 60 61 62 63
20 30 31 32 33 34 35 36 37 38 39 40 41 42 43 44 54 60 61 62 63
11 30 36 38 43 45 46 54 60 61 62 63
13 30 31 32 36 38 43 45 46 54 60 61 62 63
15 30 31 32 33 34 36 38 43 45 46 54 60 61 62 63
13 30 35 36 37 38 43 45 46 54 60 61 62 63
15 30 31 32 35 36 37 38 43 45 46 54 60 61 62 63
17 30 31 32 33 34 35 36 37 38 43 45 46 54 60 61 62 63
17 30 31 32 33 34 36 38 39 40 43 45 46 54 60 61 62 63
19 30 31 32 33 34 35 36 37 38 39 40 43 45 46 54 60 61 62 63
13 30 36 38 41 43 44 45 46 54 60 61 62 63
15 30 31 32 36 38 41 43 44 45 46 54 60 61 62 63
17 30 31 32 33 34 36 38 41 43 44 45 46 54 60 61 62 63
15 30 35 36 37 38 41 43 44 45 46 54 60 61 62 63
17 30 31 32 35 36 37 38 41 43 44 45 46 54 60 61 62 63
19 30 31 32 33 34 35 36 37 38 41 43 44 45 46 54 60 61 62 63
15 30 36 38 39 41 42 43 44 45 46 54 60 61 62 63
17 30 31 32 36 38 39 41 42 43 44 45 46 54 60 61 62 63
17 30 35 36 37 38 39 41 42 43 44 45 46 54 60 61 62 63
19 30 31 32 35 36 37 38 39 41 42 43 44 45 46 54 60 61 62 63
17 30 33 36 38 39 40 41 42 43 44 45 46 54 60 61 62 63
20 30 31 32 33 34 36 38 39 40 41 42 43 44 45 46 54 60 61 62 63
19 30 33 35 36 37 38 39 40 41 42 43 44 45 46 54 60 61 62 63
22 30 31 32 33 34 35 36 37 38 39 40 41 42 43 44 45 46 54 60 61 62 63
11 30 41 43 44 50 51 54 60 61 62 63
13 30 31 32 41 43 44 50 51 54 60 61 62 63
15 30 31 32 33 34 41 43 44 50 51 54 60 61 62 63
13 30 36 38 41 43 44 50 51 54 60 61 62 63
15 30 31 32 36 38 41 43 44 50 51 54 60 61 62 63
17 30 31 32 33 34 36 38 41 43 44 50 51 54 60 61 62 63
15 30 35 36 37 38 41 43 44 50 51 54 60 61 62 63
17 30 31 32 35 36 37 38 41 43 44 50 51 54 60 61 62 63
19 30 31 32 33 34 35 36 37 38 41 43 44 50 51 54 60 61 62 63
13 30 39 41 42 43 44 50 51 54 60 61 62 63
15 30 31 32 39 41 42 43 44 50 51 54 60 61 62 63
15 30 36 38 39 41 42 43 44 50 51 54 60 61 62 63
17 30 31 32 36 38 39 41 42 43 44 50 51 54 60 61 62 63
17 30 35 36 37 38 39 41 42 43 44 50 51 54 60 61 62 63
19 30 31 32 35 36 37 38 39 41 42 43 44 50 51 54 60 61 62 63
15 30 33 39 40 41 42 43 44 50 51 54 60 61 62 63
18 30 31 32 33 34 39 40 41 42 43 44 50 51 54 60 61 62 63
17 30 33 36 38 39 40 41 42 43 44 50 51 54 60 61 62 63
20 30 31 32 33 34 36 38 39 40 41 42 43 44 50 51 54 60 61 62 63
19 30 33 35 36 37 38 39 40 41 42 43 44 50 51 54 60 61 62 63
22 30 31 32 33 34 35 36 37 38 39 40 41 42 43 44 50 51 54 60 61 62 63
15 30 36 38 41 43 44 45 46 50 51 54 60 61 62 63
17 30 31 32 36 38 41 43 44 45 46 50 51 54 60 61 62 63
19 30 31 32 33 34 36 38 41 43 44 45 46 50 51 54 60 61 62 63
17 30 35 36 37 38 41 43 44 45 46 50 51 54 60 61 62 63
19 30 31 32 35 36 37 38 41 43 44 45 46 50 51 54 60 61 62 63
21 30 31 32 33 34 35 36 37 38 41 43 44 45 46 50 51 54 60 61 62 63
17 30 36 38 39 41 42 43 44 45 46 50 51 54 60 61 62 63
19 30 31 32 36 38 39 41 42 43 44 45 46 50 51 54 60 61 62 63
19 30 35 36 37 38 39 41 42 43 44 45 46 50 51 54 60 61 62 63
21 30 31 32 35 36 37 38 39 41 42 43 44 45 46 50 51 54 60 61 62 63
19 30 33 36 38 39 40 41 42 43 44 45 46 50 51 54 60 61 62 63
22 30 31 32 33 34 36 38 39 40 41 42 43 44 45 46 50 51 54 60 61 62 63
21 30 33 35 36 37 38 39 40 41 42 43 44 45 46 50 51 54 60 61 62 63
24 30 31 32 33 34 35 36 37 38 39 40 41 42 43 44 45 46 50 51 54 60 61 62 63
13 30 31 32 33 34 43 52 53 54 60 61 62 63
15 30 31 32 33 34 36 38 43 52 53 54 60 61 62 63
17 30 31 32 33 34 35 36 37 38 43 52 53 54 60 61 62 63
15 30 31 32 33 34 39 40 43 52 53 54 60 61 62 63
17 30 31 32 33 34 36 38 39 40 43 52 53 54 60 61 62 63
19 30 31 32 33 34 35 36 37 38 39 40 43 52 53 54 60 61 62 63
15 30 31 32 33 34 41 43 44 52 53 54 60 61 62 63
17 30 31 32 33 34 36 38 41 43 44 52 53 54 60 61 62 63
19 30 31 32 33 34 35 36 37 38 41 43 44 52 53 54 60 61 62 63
18 30 31 32 33 34 39 40 41 42 43 44 52 53 54 60 61 62 63
20 30 31 32 33 34 36 38 39 40 41 42 43 44 52 53 54 60 61 62 63
22 30 31 32 33 34 35 36 37 38 39 40 41 42 43 44 52 53 54 60 61 62 63
17 30 31 32 33 34 36 38 43 45 46 52 53 54 60 61 62 63
19 30 31 32 33 34 35 36 37 38 43 45 46 52 53 54 60 61 62 63
19 30 31 32 33 34 36 38 39 40 43 45 46 52 53 54 60 61 62 63
21 30 31 32 33 34 35 36 37 38 39 40 43 45 46 52 53 54 60 61 62 63
19 30 31 32 33 34 36 38 41 43 44 45 46 52 53 54 60 61 62 63
21 30 31 32 33 34 35 36 37 38 41 43 44 45 46 52 53 54 60 61 62 63
22 30 31 32 33 34 36 38 39 40 41 42 43 44 45 46 52 53 54 60 61 62 63
24 30 31 32 33 34 35 36 37 38 39 40 41 42 43 44 45 46 52 53 54 60 61 62 63
17 30 31 32 33 34 41 43 44 50 51 52 53 54 60 61 62 63
19 30 31 32 33 34 36 38 41 43 44 50 51 52 53 54 60 61 62 63
21 30 31 32 33 34 35 36 37 38 41 43 44 50 51 52 53 54 60 61 62 63
20 30 31 32 33 34 39 40 41 42 43 44 50 51 52 53 54 60 61 62 63
22 30 31 32 33 34 36 38 39 40 41 42 43 44 50 51 52 53 54 60 61 62 63
24 30 31 32 33 34 35 36 37 38 39 40 41 42 43 44 50 51 52 53 54 60 61 62 63
21 30 31 32 33 34 36 38 41 43 44 45 46 50 51 52 53 54 60 61 62 63
23 30 31 32 33 34 35 36 37 38 41 43 44 45 46 50 51 52 53 54 60 61 62 63
24 30 31 32 33 34 36 38 39 40 41 42 43 44 45 46 50 51 52 53 54 60 61 62 63
26 30 31 32 33 34 35 36 37 38 39 40 41 42 43 44 45 46 50 51 52 53 54 60 61 62 63
9 30 43 54 55 56 60 61 62 63
11 30 31 32 43 54 55 56 60 61 62 63
13 30 31 32 33 34 43 54 55 56 60 61 62 63
11 30 36 38 43 54 55 56 60 61 62 63
13 30 31 32 36 38 43 54 55 56 60 61 62 63
15 30 31 32 33 34 36 38 43 54 55 56 60 61 62 63
13 30 35 36 37 38 43 54 55 56 60 61 62 63
15 30 31 32 35 36 37 38 43 54 55 56 60 61 62 63
17 30 31 32 33 34 35 36 37 38 43 54 55 56 60 61 62 63
15 30 31 32 33 34 39 40 43 54 55 56 60 61 62 63
17 30 31 32 33 34 36 38 39 40 43 54 55 56 60 61 62 63
19 30 31 32 33 34 35 36 37 38 39 40 43 54 55 56 60 61 62 63
11 30 41 43 44 54 55 56 60 61 62 63
13 30 31 32 41 43 44 54 55 56 60 61 62 63
15 30 31 32 33 34 41 43 44 54 55 56 60 61 62 63
13 30 36 38 41 43 44 54 55 56 60 61 62 63
15 30 31 32 36 38 41 43 44 54 55 56 60 61 62 63
17 30 31 32 33 34 36 38 41 43 44 54 55 56 60 61 62 63
15 30 35 36 37 38 41 43 44 54 55 56 60 61 62 63
17 30 31 32 35 36 37 38 41 43 44 54 55 56 60 61 62 63
19 30 31 32 33 34 35 36 37 38 41 43 44 54 55 56 60 61 62 63
13 30 39 41 42 43 44 54 55 56 60 61 62 63
15 30 31 32 39 41 42 43 44 54 55 56 60 61 62 63
15 30 36 38 39 41 42 43 44 54 55 56 60 61 62 63
17 30 31 32 36 38 39 41 42 43 44 54 55 56 60 61 62 63
17 30 35 36 37 38 39 41 42 43 44 54 55 56 60 61 62 63
19 30 31 32 35 36 37 38 39 41 42 43 44 54 55 56 60 61 62 63
15 30 33 39 40 41 42 43 44 54 55 56 60 61 62 63
18 30 31 32 33 34 39 40 41 42 43 44 54 55 56 60 61 62 63
17 30 33 36 38 39 40 41 42 43 44 54 55 56 60 61 62 63
20 30 31 32 33 34 36 38 39 40 41 42 43 44 54 55 56 60 61 62 63
19 30 33 35 36 37 38 39 40 41 42 43 44 54 55 56 60 61 62 63
22 30 31 32 33 34 35 36 37 38 39 40 41 42 43 44 54 55 56 60 61 62 63
13 30 36 38 43 45 46 54 55 56 60 61 62 63
15 30 31 32 36 38 43 45 46 54 55 56 60 61 62 63
17 30 31 32 33 34 36 38 43 45 46 54 55 56 60 61 62 63
15 30 35 36 37 38 43 45 46 54 55 56 60 61 62 63
17 30 31 32 35 36 37 38 43 45 46 54 55 56 60 61 62 63
19 30 31 32 33 34 35 36 37 38 43 45 46 54 55 56 60 61 62 63
19 30 31 32 33 34 36 38 39 40 43 45 46 54 55 56 60 61 62 63
21 30 31 32 33 34 35 36 37 38 39 40 43 45 46 54 55 56 60 61 62 63
15 30 36 38 41 43 44 45 46 54 55 56 60 61 62 63
17 30 31 32 36 38 41 43 44 45 46 54 55 56 60 61 62 63
19 30 31 32 33 34 36 38 41 43 44 45 46 54 55 56 60 61 62 63
17 30 35 36 37 38 41 43 44 45 46 54 55 56 60 61 62 63
19 30 31 32 35 36 37 38 41 43 44 45 46 54 55 56 60 61 62 63
21 30 31 32 33 34 35 36 37 38 41 43 44 45 46 54 55 56 60 61 62 63
17 30 36 38 39 41 42 43 44 45 46 54 55 56 60 61 62 63
19 30 31 32 36 38 39 41 42 43 44 45 46 54 55 56 60 61 62 63
19 30 35 36 37 38 39 41 42 43 44 45 46 54 55 56 60 61 62 63
21 30 31 32 35 36 37 38 39 41 42 43 44 45 46 54 55 56 60 61 62 63
19 30 33 36 38 39 40 41 42 43 44 45 46 54 55 56 60 61 62 63
22 30 31 32 33 34 36 38 39 40 41 42 43 44 45 46 54 55 56 60 61 62 63
21 30 33 35 36 37 38 39 40 41 42 43 44 45 46 54 55 56 60 61 62 63
24 30 31 32 33 34 35 36 37 38 39 40 41 42 43 44 45 46 54 55 56 60 61 62 63
13 30 41 43 44 50 51 54 55 56 60 61 62 63
15 30 31 32 41 43 44 50 51 54 55 56 60 61 62 63
17 30 31 32 33 34 41 43 44 50 51 54 55 56 60 61 62 63
15 30 36 38 41 43 44 50 51 54 55 56 60 61 62 63
17 30 31 32 36 38 41 43 44 50 51 54 55 56 60 61 62 63
19 30 31 32 33 34 36 38 41 43 44 50 51 54 55 56 60 61 62 63
17 30 35 36 37 38 41 43 44 50 51 54 55 56 60 61 62 63
19 30 31 32 35 36 37 38 41 43 44 50 51 54 55 56 60 61 62 63
21 30 31 32 33 34 35 36 37 38 41 43 44 50 51 54 55 56 60 61 62 63
15 30 39 41 42 43 44 50 51 54 55 56 60 61 62 63
17 30 31 32 39 41 42 43 44 50 51 54 55 56 60 61 62 63
17 30 36 38 39 41 42 43 44 50 51 54 55 56 60 61 62 63
19 30 31 32 36 38 39 41 42 43 44 50 51 54 55 56 60 61 62 63
19 30 35 36 37 38 39 41 42 43 44 50 51 54 55 56 60 61 62 63
21 30 31 32 35 36 37 38 39 41 42 43 44 50 51 54 55 56 60 61 62 63
17 30 33 39 40 41 42 43 44 50 51 54 55 56 60 61 62 63
20 30 31 32 33 34 39 40 41 42 43 44 50 51 54 55 56 60 61 62 63
19 30 33 36 38 39 40 41 42 43 44 50 51 54 55 56 60 61 62 63
22 30 31 32 33 34 36 38 39 40 41 42 43 44 50 51 54 55 56 60 61 62 63
21 30 33 35 36 37 38 39 40 41 42 43 44 50 51 54 55 56 60 61 62 63
24 30 31 32 33 34 35 36 37 38 39 40 41 42 43 44 50 51 54 55 56 60 61 62 63
17 30 36 38 41 43 44 45 46 50 51 54 55 56 60 61 62 63
19 30 31 32 36 38 41 43 44 45 46 50 51 54 55 56 60 61 62 63
21 30 31 32 33 34 36 38 41 43 44 45 46 50 51 54 55 56 60 61 62 63
19 30 35 36 37 38 41 43 44 45 46 50 51 54 55 56 60 61 62 63
21 30 31 32 35 36 37 38 41 43 44 45 46 50 51 54 55 56 60 61 62 63
23 30 31 32 33 34 35 36 37 38 41 43 44 45 46 50 51 54 55 56 60 61 62 63
19 30 36 38 39 41 42 43 44 45 46 50 51 54 55 56 60 61 62 63
21 30 31 32 36 38 39 41 42 43 44 45 46 50 51 54 55 56 60 61 62 63
21 30 35 36 37 38 39 41 42 43 44 45 46 50 51 54 55 56 60 61 62 63
23 30 31 32 35 36 37 38 39 41 42 43 44 45 46 50 51 54 55 56 60 61 62 63
21 30 33 36 38 39 40 41 42 43 44 45 46 50 51 54 55 56 60 61 62 63
24 30 31 32 33 34 36 38 39 40 41 42 43 44 45 46 50 51 54 55 56 60 61 62 63
23 30 33 35 36 37 38 39 40 41 42 43 44 45 46 50 51 54 55 56 60 61 62 63
26 30 31 32 33 34 35 36 37 38 39 40 41 42 43 44 45 46 50 51 54 55 56 60 61 62 63
16 30 31 32 33 34 43 52 53 54 55 56 59 60 61 62 63
18 30 31 32 33 34 36 38 43 52 53 54 55 56 59 60 61 62 63
20 30 31 32 33 34 35 36 37 38 43 52 53 54 55 56 59 60 61 62 63
18 30 31 32 33 34 39 40 43 52 53 54 55 56 59 60 61 62 63
20 30 31 32 33 34 36 38 39 40 43 52 53 54 55 56 59 60 61 62 63
22 30 31 32 33 34 35 36 37 38 39 40 43 52 53 54 55 56 59 60 61 62 63
18 30 31 32 33 34 41 43 44 52 53 54 55 56 59 60 61 62 63
20 30 31 32 33 34 36 38 41 43 44 52 53 54 55 56 59 60 61 62 63
22 30 31 32 33 34 35 36 37 38 41 43 44 52 53 54 55 56 59 60 61 62 63
21 30 31 32 33 34 39 40 41 42 43 44 52 53 54 55 56 59 60 61 62 63
23 30 31 32 33 34 36 38 39 40 41 42 43 44 52 53 54 55 56 59 60 61 62 63
25 30 31 32 33 34 35 36 37 38 39 40 41 42 43 44 52 53 54 55 56 59 60 61 62 63
20 30 31 32 33 34 36 38 43 45 46 52 53 54 55 56 59 60 61 62 63
22 30 31 32 33 34 35 36 37 38 43 45 46 52 53 54 55 56 59 60 61 62 63
22 30 31 32 33 34 36 38 39 40 43 45 46 52 53 54 55 56 59 60 61 62 63
24 30 31 32 33 34 35 36 37 38 39 40 43 45 46 52 53 54 55 56 59 60 61 62 63
22 30 31 32 33 34 36 38 41 43 44 45 46 52 53 54 55 56 59 60 61 62 63
24 30 31 32 33 34 35 36 37 38 41 43 44 45 46 52 53 54 55 56 59 60 61 62 63
25 30 31 32 33 34 36 38 39 40 41 42 43 44 45 46 52 53 54 55 56 59 60 61 62 63
27 30 31 32 33 34 35 36 37 38 39 40 41 42 43 44 45 46 52 53 54 55 56 59 60 61 62 63
20 30 31 32 33 34 41 43 44 50 51 52 53 54 55 56 59 60 61 62 63
22 30 31 32 33 34 36 38 41 43 44 50 51 52 53 54 55 56 59 60 61 62 63
24 30 31 32 33 34 35 36 37 38 41 43 44 50 51 52 53 54 55 56 59 60 61 62 63
23 30 31 32 33 34 39 40 41 42 43 44 50 51 52 53 54 55 56 59 60 61 62 63
25 30 31 32 33 34 36 38 39 40 41 42 43 44 50 51 52 53 54 55 56 59 60 61 62 63
27 30 31 32 33 34 35 36 37 38 39 40 41 42 43 44 50 51 52 53 54 55 56 59 60 61 62 63
24 30 31 32 33 34 36 38 41 43 44 45 46 50 51 52 53 54 55 56 59 60 61 62 63
26 30 31 32 33 34 35 36 37 38 41 43 44 45 46 50 51 52 53 54 55 56 59 60 61 62 63
27 30 31 32 33 34 36 38 39 40 41 42 43 44 45 46 50 51 52 53 54 55 56 59 60 61 62 63
29 30 31 32 33 34 35 36 37 38 39 40 41 42 43 44 45 46 50 51 52 53 54 55 56 59 60 61 62 63
18 30 31 32 33 34 43 52 53 54 55 56 57 58 59 60 61 62 63
20 30 31 32 33 34 36 38 43 52 53 54 55 56 57 58 59 60 61 62 63
22 30 31 32 33 34 35 36 37 38 43 52 53 54 55 56 57 58 59 60 61 62 63
20 30 31 32 33 34 39 40 43 52 53 54 55 56 57 58 59 60 61 62 63
22 30 31 32 33 34 36 38 39 40 43 52 53 54 55 56 57 58 59 60 61 62 63
24 30 31 32 33 34 35 36 37 38 39 40 43 52 53 54 55 56 57 58 59 60 61 62 63
20 30 31 32 33 34 41 43 44 52 53 54 55 56 57 58 59 60 61 62 63
22 30 31 32 33 34 36 38 41 43 44 52 53 54 55 56 57 58 59 60 61 62 63
24 30 31 32 33 34 35 36 37 38 41 43 44 52 53 54 55 56 57 58 59 60 61 62 63
23 30 31 32 33 34 39 40 41 42 43 44 52 53 54 55 56 57 58 59 60 61 62 63
25 30 31 32 33 34 36 38 39 40 41 42 43 44 52 53 54 55 56 57 58 59 60 61 62 63
27 30 31 32 33 34 35 36 37 38 39 40 41 42 43 44 52 53 54 55 56 57 58 59 60 61 62 63
22 30 31 32 33 34 36 38 43 45 46 52 53 54 55 56 57 58 59 60 61 62 63
24 30 31 32 33 34 35 36 37 38 43 45 46 52 53 54 55 56 57 58 59 60 61 62 63
24 30 31 32 33 34 36 38 39 40 43 45 46 52 53 54 55 56 57 58 59 60 61 62 63
26 30 31 32 33 34 35 36 37 38 39 40 43 45 46 52 53 54 55 56 57 58 59 60 61 62 63
24 30 31 32 33 34 36 38 41 43 44 45 46 52 53 54 55 56 57 58 59 60 61 62 63
26 30 31 32 33 34 35 36 37 38 41 43 44 45 46 52 53 54 55 56 57 58 59 60 61 62 63
27 30 31 32 33 34 36 38 39 40 41 42 43 44 45 46 52 53 54 55 56 57 58 59 60 61 62 63
29 30 31 32 33 34 35 36 37 38 39 40 41 42 43 44 45 46 52 53 54 55 56 57 58 59 60 61 62 63
22 30 31 32 33 34 41 43 44 50 51 52 53 54 55 56 57 58 59 60 61 62 63
24 30 31 32 33 34 36 38 41 43 44 50 51 52 53 54 55 56 57 58 59 60 61 62 63
26 30 31 32 33 34 35 36 37 38 41 43 44 50 51 52 53 54 55 56 57 58 59 60 61 62 63
25 30 31 32 33 34 39 40 41 42 43 44 50 51 52 53 54 55 56 57 58 59 60 61 62 63
27 30 31 32 33 34 36 38 39 40 41 42 43 44 50 51 52 53 54 55 56 57 58 59 60 61 62 63
29 30 31 32 33 34 35 36 37 38 39 40 41 42 43 44 50 51 52 53 54 55 56 57 58 59 60 61 62 63
26 30 31 32 33 34 36 38 41 43 44 45 46 50 51 52 53 54 55 56 57 58 59 60 61 62 63
28 30 31 32 33 34 35 36 37 38 41 43 44 45 46 50 51 52 53 54 55 56 57 58 59 60 61 62 63
29 30 31 32 33 34 36 38 39 40 41 42 43 44 45 46 50 51 52 53 54 55 56 57 58 59 60 61 62 63
31 30 31 32 33 34 35 36 37 38 39 40 41 42 43 44 45 46 50 51 52 53 54 55 56 57 58 59 60 61 62 63
10 31 32 35 45 54 58 60 61 62 63
9 36 37 41 44 48 49 53 56 59
4 33 39 46 52
6 30 40 43 50 55 57
5 34 38 42 47 51
1 44
1 46
1 58
1 63
6 40 46 49 57 60 61
9 31 32 34 36 41 47 50 55 56
2 51 58
1 38
13 30 33 35 39 42 43 44 48 53 54 59 62 63
3 37 45 52
1 34
1 42
1 49
1 51
1 56
1 59
1 61
4 31 35 46 47
5 34 36 37 38 41
2 40 59
5 39 43 48 49 60
6 30 53 54 56 61 62
4 32 52 55 63
3 42 50 57
4 44 45 51 58
1 37
10 30 31 32 34 36 37 39 55 59 63
2 42 50
2 51 60
19 33 35 38 40 41 44 45 46 47 48 49 52 53 54 56 57 58 61 62
1 32
1 53
2 30 31
5 33 36 42 45 59
4 38 47 51 54
3 35 39 40
2 43 57
4 34 46 49 55
6 41 50 56 58 61 62
2 48 60
3 37 44 53
2 32 52
1 64
1 65
1 66
1 67
3 66 67 68
1 69
1 70
3 69 70 71
1 72
1 73
3 72 73 74
1 75
3 73 75 76
5 72 73 74 75 76
1 77
3 75 77 78
5 73 75 76 77 78
7 72 73 74 75 76 77 78
1 79
3 75 79 80
5 73 75 76 79 80
7 72 73 74 75 76 79 80
5 75 77 78 79 80
7 73 75 76 77 78 79 80
9 72 73 74 75 76 77 78 79 80
1 81
1 82
3 81 82 83
1 84
3 67 84 85
5 66 67 68 84 85
1 86
3 84 86 87
5 67 84 85 86 87
7 66 67 68 84 85 86 87
1 88
3 81 88 89
5 81 82 83 88 89
3 75 88 90
5 73 75 76 88 90
7 72 73 74 75 76 88 90
5 75 77 78 88 90
7 73 75 76 77 78 88 90
9 72 73 74 75 76 77 78 88 90
5 75 79 80 88 90
7 73 75 76 79 80 88 90
9 72 73 74 75 76 79 80 88 90
7 75 77 78 79 80 88 90
9 73 75 76 77 78 79 80 88 90
11 72 73 74 75 76 77 78 79 80 88 90
5 75 81 88 89 90
7 73 75 76 81 88 89 90
9 72 73 74 75 76 81 88 89 90
7 75 77 78 81 88 89 90
9 73 75 76 77 78 81 88 89 90
11 72 73 74 75 76 77 78 81 88 89 90
7 75 79 80 81 88 89 90
9 73 75 76 79 80 81 88 89 90
11 72 73 74 75 76 79 80 81 88 89 90
9 75 77 78 79 80 81 88 89 90
11 73 75 76 77 78 79 80 81 88 89 90
13 72 73 74 75 76 77 78 79 80 81 88 89 90
7 75 81 82 83 88 89 90
9 73 75 76 81 82 83 88 89 90
11 72 73 74 75 76 81 82 83 88 89 90
9 75 77 78 81 82 83 88 89 90
11 73 75 76 77 78 81 82 83 88 89 90
13 72 73 74 75 76 77 78 81 82 83 88 89 90
9 75 79 80 81 82 83 88 89 90
11 73 75 76 79 80 81 82 83 88 89 90
13 72 73 74 75 76 79 80 81 82 83 88 89 90
11 75 77 78 79 80 81 82 83 88 89 90
13 73 75 76 77 78 79 80 81 82 83 88 89 90
15 72 73 74 75 76 77 78 79 80 81 82 83 88 89 90
7 67 68 74 76 80 82 85
5 66 70 81 86 87
3 64 79 90
11 65 69 71 73 75 77 78 83 84 88 89
1 68
1 71
1 74
1 76
1 78
1 83
1 87
1 90
4 68 71 81 86
2 80 84
17 64 65 66 67 70 72 73 74 76 78 79 82 83 85 88 89 90
2 69 75
2 77 87
3 66 76 79
5 67 69 73 81 83
2 71 78
2 84 85
5 74 75 82 87 90
6 64 68 70 72 86 89
1 80
2 77 88
1 85
1 89
8 69 72 74 78 80 81 85 86
4 66 82 83 84
5 68 71 77 79 89
10 64 65 67 70 73 75 76 87 88 90
2 77 85
4 66 67 80 88
5 64 72 76 86 90
3 74 82 83
2 84 87
4 78 79 81 89
3 70 71 73
27 64 65 66 67 68 69 70 71 72 73 74 75 76 77 78 79 80 81 82 83 84 85 86 87 88 89 90
2 80 86
4 67 70 73 75
2 65 72
4 64 66 77 79
3 69 76 84
7 68 71 74 78 83 85 90
3 82 87 89
2 68 77
3 79 87 90
2 67 84
7 70 72 73 74 80 81 88
11 64 69 71 75 76 78 82 83 85 86 89
2 66 78
2 65 83
5 68 70 77 79 86
4 69 73 81 87
12 64 67 71 72 76 80 82 84 85 88 89 90
2 74 75
10 66 69 72 73 77 80 81 82 83 88
3 76 86 89
5 68 70 71 75 79
8 64 65 67 74 78 85 87 90
4 72 78 85 90
5 65 66 68 70 86
5 67 73 80 83 88
5 69 76 77 81 82
5 64 71 79 87 89
4 72 82 84 89
18 64 65 66 67 68 69 71 73 74 76 77 79 80 83 85 86 87 88
4 75 78 81 90
15 68 69 71 73 74 75 76 77 78 79 82 84 85 86 88
2 70 81
2 64 90
8 65 66 67 72 80 83 87 89
6 66 68 69 74 75 80
8 67 71 76 78 82 83 84 90
3 64 65 86
2 70 88
3 79 81 85
5 72 73 77 87 89
1 91
1 92
3 91 92 93
1 94
1 95
3 94 95 96
1 97
1 98
3 97 98 99
1 100
1 101
3 100 101 102
1 103
3 101 103 104
5 100 101 102 103 104
1 105
1 106
3 105 106 107
3 97 106 108
5 97 98 99 106 108
5 97 105 106 107 108
7 97 98 99 105 106 107 108
1 109
1 110
3 109 110 111
3 101 110 112
5 100 101 102 110 112
5 101 103 104 110 112
7 100 101 102 103 104 110 112
5 101 109 110 111 112
7 100 101 102 109 110 111 112
7 101 103 104 109 110 111 112
9 100 101 102 103 104 109 110 111 112
1 113
3 105 113 114
5 105 106 107 113 114
7 97 105 106 107 108 113 114
9 97 98 99 105 106 107 108 113 114
5 96 98 99 106 110
1 114
7 91 92 95 100 102 104 113
2 107 111
6 93 97 101 103 108 112
1 93
1 96
1 99
1 107
1 108
1 111
1 112
7 98 100 103 104 105 110 111
6 91 99 106 108 112 113
6 93 94 95 96 107 109
5 92 97 101 102 114
1 102
1 104
3 106 108 113
8 91 92 97 99 102 110 112 114
6 93 94 101 103 104 107
6 95 96 98 100 109 111
8 91 101 103 105 106 109 110 114
16 92 93 94 95 96 97 98 99 100 102 104 107 108 111 112 113
7 92 93 103 108 110 113 114
2 94 100
3 95 99 112
6 97 98 104 105 106 107
2 101 102
13 91 94 95 100 103 104 105 107 110 111 112 113 114
5 96 97 99 101 109
6 92 93 98 102 106 108
1 115
1 116
1 117
3 116 117 118
1 119
3 116 119 120
5 116 117 118 119 120
1 121
3 119 121 122
5 116 119 120 121 122
7 116 117 118 119 120 121 122
1 123
3 121 123 124
5 119 121 122 123 124
7 116 119 120 121 122 123 124
9 116 117 118 119 120 121 122 123 124
1 125
1 126
3 125 126 127
1 128
1 129
3 128 129 130
1 131
3 129 131 132
5 128 129 130 131 132
1 133
1 134
3 133 134 135
2 130 132
19 115 116 117 118 119 120 121 122 123 124 125 126 127 128 129 131 133 134 135
1 118
1 120
1 122
1 124
1 130
1 132
21 115 116 117 118 119 120 121 122 123 124 125 126 127 128 129 130 131 132 133 134 135
1 135
2 126 135
4 115 119 120 128
8 116 117 122 125 131 132 133 134
7 118 121 123 124 127 129 130
5 117 123 124 131 135
2 127 132
4 120 125 126 130
2 128 133
3 116 119 121
5 115 118 122 129 134
1 127
2 117 130
8 115 116 122 124 126 128 134 135
8 119 120 121 123 125 129 131 132
2 118 127
7 116 120 125 126 128 130 135
4 123 127 129 133
3 131 132 134
5 115 118 119 121 124
1 136
1 137
1 138
1 139
1 140
1 141
1 142
1 143
1 144
3 143 144 145
1 146
1 147
3 146 147 148
1 149
1 150
3 149 150 151
1 152
3 150 152 153
5 149 150 151 152 153
1 154
1 155
3 154 155 156
1 157
3 155 157 158
5 154 155 156 157 158
1 159
1 160
3 159 160 161
1 162
3 154 162 163
5 154 155 156 162 163
7 154 155 156 157 158 162 163
1 164
3 162 164 165
5 154 162 163 164 165
7 154 155 156 162 163 164 165
9 154 155 156 157 158 162 163 164 165
1 166
3 162 166 167
5 154 162 163 166 167
7 154 155 156 162 163 166 167
9 154 155 156 157 158 162 163 166 167
5 162 164 165 166 167
7 154 162 163 164 165 166 167
9 154 155 156 162 163 164 165 166 167
11 154 155 156 157 158 162 163 164 165 166 167
1 168
3 162 168 169
5 154 162 163 168 169
7 154 155 156 162 163 168 169
9 154 155 156 157 158 162 163 168 169
5 162 164 165 168 169
7 154 162 163 164 165 168 169
9 154 155 156 162 163 164 165 168 169
11 154 155 156 157 158 162 163 164 165 168 169
5 162 166 167 168 169
7 154 162 163 166 167 168 169
9 154 155 156 162 163 166 167 168 169
11 154 155 156 157 158 162 163 166 167 168 169
7 162 164 165 166 167 168 169
9 154 162 163 164 165 166 167 168 169
11 154 155 156 162 163 164 165 166 167 168 169
13 154 155 156 157 158 162 163 164 165 166 167 168 169
8 137 138 152 158 161 162 166 169
14 139 140 142 144 145 146 148 150 154 155 156 159 163 164
12 136 141 143 147 149 151 153 157 160 165 167 168
1 145
1 148
1 156
1 158
1 161
1 163
1 167
1 169
2 159 160
5 148 151 157 158 166
1 165
2 140 150
3 143 156 161
4 136 147 149 153
12 137 138 141 142 145 152 154 155 162 163 164 167
4 144 146 168 169
1 151
1 153
3 140 146 169
7 145 147 148 154 155 160 163
10 136 139 141 143 150 151 158 165 166 168
11 137 138 142 149 152 153 156 157 159 161 167
2 144 164
9 137 147 148 149 157 158 159 162 169
3 139 141 146
2 153 167
9 140 142 150 152 161 163 165 166 168
5 136 143 151 154 164
4 144 145 156 160
3 143 146 149
3 140 144 169
22 136 138 139 142 145 147 148 151 152 153 154 155 156 157 158 159 160 161 162 164 167 168
6 137 141 150 163 165 166
4 138 139 155 164
2 136 144
4 143 154 156 161
4 137 141 147 150
4 140 151 162 168
8 142 145 152 158 159 160 167 169
2 157 166
3 146 153 163
2 148 165
