149 638
1 1
1 2
1 3
1 4
1 5
3 4 5 6
1 7
3 5 7 8
5 4 5 6 7 8
1 9
3 7 9 10
5 5 7 8 9 10
7 4 5 6 7 8 9 10
1 11
3 9 11 12
5 7 9 10 11 12
7 5 7 8 9 10 11 12
9 4 5 6 7 8 9 10 11 12
1 13
3 7 13 14
5 5 7 8 13 14
7 4 5 6 7 8 13 14
5 7 9 10 13 14
7 5 7 8 9 10 13 14
9 4 5 6 7 8 9 10 13 14
7 7 9 10 11 12 13 14
9 5 7 8 9 10 11 12 13 14
11 4 5 6 7 8 9 10 11 12 13 14
1 15
3 9 15 16
5 7 9 10 15 16
7 5 7 8 9 10 15 16
9 4 5 6 7 8 9 10 15 16
5 9 11 12 15 16
7 7 9 10 11 12 15 16
9 5 7 8 9 10 11 12 15 16
11 4 5 6 7 8 9 10 11 12 15 16
1 17
3 15 17 18
5 9 15 16 17 18
7 7 9 10 15 16 17 18
9 5 7 8 9 10 15 16 17 18
11 4 5 6 7 8 9 10 15 16 17 18
7 9 11 12 15 16 17 18
9 7 9 10 11 12 15 16 17 18
11 5 7 8 9 10 11 12 15 16 17 18
13 4 5 6 7 8 9 10 11 12 15 16 17 18
3 13 15 19
5 7 13 14 15 19
7 5 7 8 13 14 15 19
9 4 5 6 7 8 13 14 15 19
5 9 13 15 16 19
7 9 11 12 13 15 16 19
8 7 9 10 13 14 15 16 19
10 5 7 8 9 10 13 14 15 16 19
12 4 5 6 7 8 9 10 13 14 15 16 19
10 7 9 10 11 12 13 14 15 16 19
12 5 7 8 9 10 11 12 13 14 15 16 19
14 4 5 6 7 8 9 10 11 12 13 14 15 16 19
5 13 15 17 18 19
7 7 13 14 15 17 18 19
9 5 7 8 13 14 15 17 18 19
11 4 5 6 7 8 13 14 15 17 18 19
7 9 13 15 16 17 18 19
9 9 11 12 13 15 16 17 18 19
10 7 9 10 13 14 15 16 17 18 19
12 5 7 8 9 10 13 14 15 16 17 18 19
14 4 5 6 7 8 9 10 13 14 15 16 17 18 19
12 7 9 10 11 12 13 14 15 16 17 18 19
14 5 7 8 9 10 11 12 13 14 15 16 17 18 19
16 4 5 6 7 8 9 10 11 12 13 14 15 16 17 18 19
17 1 2 3 4 5 6 7 8 9 10 11 12 13 16 17 18 19
2 14 15
1 6
1 10
1 12
1 16
5 5 8 11 12 13
2 1 2
1 19
4 4 10 15 18
3 3 6 14
1 18
6 2 3 4 6 16 17
2 7 9
1 8
6 10 11 13 14 15 18
2 1 5
1 14
5 5 8 12 13 19
2 2 6
2 15 17
2 3 4
6 1 9 10 11 14 16
2 8 14
2 11 19
15 1 2 3 4 5 6 7 9 10 12 13 15 16 17 18
7 5 6 8 11 12 15 16
2 13 19
4 4 10 17 18
2 1 9
3 3 5 6
6 1 8 11 13 14 16
3 7 18 19
4 2 9 10 17
19 1 2 3 4 5 6 7 8 9 10 11 12 13 14 15 16 17 18 19
3 8 11 15
2 9 19
10 1 2 3 4 6 10 13 14 17 18
4 7 16 17 18
2 1 3
3 8 14 15
6 2 4 5 9 11 13
3 6 10 19
5 10 11 14 15 19
3 9 12 18
11 1 2 3 4 5 6 7 8 13 16 17
2 8 18
3 3 4 16
2 5 19
2 1 14
3 10 11 12
3 6 13 17
2 2 7
10 1 3 4 6 9 10 12 14 15 16
8 2 5 8 11 13 17 18 19
1 20
1 21
1 22
1 23
3 22 23 24
1 25
3 22 25 26
5 22 23 24 25 26
1 27
3 25 27 28
5 22 25 26 27 28
7 22 23 24 25 26 27 28
1 29
3 27 29 30
5 25 27 28 29 30
7 22 25 26 27 28 29 30
3 23 29 31
5 22 23 24 29 31
7 22 23 24 25 26 29 31
5 23 27 29 30 31
7 22 23 24 27 29 30 31
7 23 25 27 28 29 30 31
10 22 23 24 25 26 27 28 29 30 31
1 32
3 27 32 33
5 25 27 28 32 33
7 22 25 26 27 28 32 33
9 22 23 24 25 26 27 28 32 33
5 27 29 30 32 33
7 25 27 28 29 30 32 33
9 22 25 26 27 28 29 30 32 33
7 23 27 29 30 31 32 33
9 22 23 24 27 29 30 31 32 33
9 23 25 27 28 29 30 31 32 33
12 22 23 24 25 26 27 28 29 30 31 32 33
1 34
1 35
3 34 35 36
1 37
3 22 37 38
5 22 23 24 37 38
5 22 25 26 37 38
7 22 23 24 25 26 37 38
7 22 25 26 27 28 37 38
9 22 23 24 25 26 27 28 37 38
9 22 25 26 27 28 29 30 37 38
7 22 23 24 29 31 37 38
9 22 23 24 25 26 29 31 37 38
9 22 23 24 27 29 30 31 37 38
12 22 23 24 25 26 27 28 29 30 31 37 38
9 22 25 26 27 28 32 33 37 38
11 22 23 24 25 26 27 28 32 33 37 38
11 22 25 26 27 28 29 30 32 33 37 38
11 22 23 24 27 29 30 31 32 33 37 38
14 22 23 24 25 26 27 28 29 30 31 32 33 37 38
1 39
3 27 39 40
5 25 27 28 39 40
7 22 25 26 27 28 39 40
9 22 23 24 25 26 27 28 39 40
5 27 29 30 39 40
7 25 27 28 29 30 39 40
9 22 25 26 27 28 29 30 39 40
7 23 27 29 30 31 39 40
9 22 23 24 27 29 30 31 39 40
9 23 25 27 28 29 30 31 39 40
12 22 23 24 25 26 27 28 29 30 31 39 40
9 22 25 26 27 28 37 38 39 40
11 22 23 24 25 26 27 28 37 38 39 40
11 22 25 26 27 28 29 30 37 38 39 40
11 22 23 24 27 29 30 31 37 38 39 40
14 22 23 24 25 26 27 28 29 30 31 37 38 39 40
3 32 39 41
6 27 32 33 39 40 41
8 25 27 28 32 33 39 40 41
10 22 25 26 27 28 32 33 39 40 41
12 22 23 24 25 26 27 28 32 33 39 40 41
8 27 29 30 32 33 39 40 41
10 25 27 28 29 30 32 33 39 40 41
12 22 25 26 27 28 29 30 32 33 39 40 41
10 23 27 29 30 31 32 33 39 40 41
12 22 23 24 27 29 30 31 32 33 39 40 41
12 23 25 27 28 29 30 31 32 33 39 40 41
15 22 23 24 25 26 27 28 29 30 31 32 33 39 40 41
12 22 25 26 27 28 32 33 37 38 39 40 41
14 22 23 24 25 26 27 28 32 33 37 38 39 40 41
14 22 25 26 27 28 29 30 32 33 37 38 39 40 41
14 22 23 24 27 29 30 31 32 33 37 38 39 40 41
17 22 23 24 25 26 27 28 29 30 31 32 33 37 38 39 40 41
1 24
19 20 21 22 23 25 27 28 29 30 31 32 33 35 36 37 38 39 40 41
2 26 34
1 28
1 30
1 31
1 36
1 38
3 22 25 35
5 24 29 30 39 41
1 33
5 21 31 32 37 40
2 23 28
2 27 36
2 34 38
1 26
1 40
1 41
2 36 38
2 23 32
4 21 26 34 40
9 20 24 25 28 30 31 33 35 37
3 25 34 37
3 20 27 36
2 22 23
4 24 29 32 38
6 21 26 30 31 33 41
9 26 27 28 31 32 33 35 36 40
6 22 23 24 25 29 37
5 20 34 38 39 41
2 29 30
4 25 31 34 40
2 35 38
2 20 37
4 21 22 27 36
6 24 26 28 32 39 41
3 34 39 40
3 27 38 41
6 20 24 26 29 31 36
7 21 22 25 28 32 35 37
3 23 30 33
5 21 27 28 39 41
11 22 23 26 29 30 32 33 35 36 37 40
4 20 24 31 34
6 20 21 22 27 31 34
2 26 40
14 23 24 25 28 29 30 32 33 35 36 37 38 39 41
2 25 26
5 27 30 33 37 40
15 20 21 22 23 24 28 29 31 32 34 35 36 38 39 41
8 20 21 27 29 33 36 39 41
3 24 32 37
5 23 25 28 35 40
3 30 31 38
3 20 21 29
13 22 24 25 26 27 31 32 33 34 36 38 39 40
2 37 41
4 23 28 30 35
17 20 21 22 23 24 25 26 27 28 29 30 31 33 34 36 39 40
5 32 35 37 38 41
3 29 37 39
5 23 28 30 31 36
4 24 26 35 41
9 20 22 25 27 32 33 34 38 40
1 42
1 43
1 44
1 45
3 44 45 46
1 47
3 45 47 48
5 44 45 46 47 48
1 49
3 47 49 50
5 45 47 48 49 50
7 44 45 46 47 48 49 50
1 51
1 52
3 51 52 53
1 54
3 52 54 55
5 51 52 53 54 55
1 56
3 44 56 57
5 44 45 46 56 57
7 44 45 46 47 48 56 57
9 44 45 46 47 48 49 50 56 57
1 58
3 49 58 59
5 47 49 50 58 59
7 45 47 48 49 50 58 59
9 44 45 46 47 48 49 50 58 59
11 44 45 46 47 48 49 50 56 57 58 59
3 42 43 56
5 45 47 48 53 59
4 46 54 55 57
3 44 49 51
2 50 52
1 48
1 53
1 55
8 44 45 46 47 50 54 56 58
10 42 43 48 49 51 52 53 55 57 59
1 57
1 59
3 50 56 58
5 46 47 49 51 53
3 44 52 55
4 45 48 54 57
1 50
7 44 45 48 51 55 56 57
11 42 43 46 47 49 50 52 53 54 58 59
1 46
15 42 44 45 46 47 48 50 51 53 54 55 56 57 58 59
3 43 49 52
2 49 51
8 44 47 48 50 52 53 54 56
4 42 43 45 55
3 46 57 59
5 46 47 52 54 59
2 48 53
2 45 57
2 44 56
3 43 50 51
2 42 58
4 45 47 54 59
14 42 43 44 46 48 49 50 51 52 53 55 56 57 58
5 43 50 53 57 58
8 42 45 46 47 49 54 56 59
4 48 51 52 55
1 60
1 61
1 62
1 63
1 64
3 63 64 65
1 66
1 67
3 66 67 68
1 69
1 70
3 69 70 71
1 72
3 70 72 73
5 69 70 71 72 73
1 74
1 75
3 74 75 76
1 77
3 75 77 78
5 74 75 76 77 78
3 70 75 79
5 69 70 71 75 79
5 70 72 73 75 79
7 69 70 71 72 73 75 79
5 70 74 75 76 79
7 69 70 71 74 75 76 79
7 70 72 73 74 75 76 79
9 69 70 71 72 73 74 75 76 79
5 70 75 77 78 79
7 69 70 71 75 77 78 79
7 70 72 73 75 77 78 79
9 69 70 71 72 73 75 77 78 79
7 70 74 75 76 77 78 79
9 69 70 71 74 75 76 77 78 79
9 70 72 73 74 75 76 77 78 79
11 69 70 71 72 73 74 75 76 77 78 79
2 66 76
3 60 61 72
5 63 65 70 77 79
3 71 73 74
2 62 64
4 67 68 75 78
1 68
1 76
7 60 62 63 65 72 75 77
6 61 66 68 69 71 78
6 64 67 70 73 76 79
1 65
1 73
1 78
1 79
4 62 64 70 78
3 66 68 72
13 60 61 63 65 67 69 71 73 74 75 76 77 79
5 65 69 71 73 76
15 60 61 62 63 64 66 67 68 70 72 74 75 77 78 79
1 71
4 72 74 77 79
12 60 61 62 64 66 67 69 70 71 75 76 78
4 63 65 68 73
5 60 63 67 76 79
7 61 62 66 68 72 75 77
6 64 65 69 70 73 78
3 72 74 77
2 64 66
8 60 61 62 67 70 71 75 79
4 65 69 76 78
2 63 68
1 80
1 81
1 82
1 83
3 82 83 84
1 85
1 86
3 85 86 87
1 88
1 89
3 88 89 90
1 91
3 86 91 92
5 85 86 87 91 92
3 88 91 93
5 88 89 90 91 93
5 86 88 91 92 93
7 85 86 87 88 91 92 93
7 86 88 89 90 91 92 93
9 85 86 87 88 89 90 91 92 93
5 83 85 87 88 91
3 80 81 82
4 84 89 90 93
2 86 92
1 84
1 92
2 88 90
4 83 85 87 92
2 81 93
5 80 82 86 89 91
1 87
1 93
13 80 81 82 83 84 85 86 87 88 90 91 92 93
1 90
1 94
1 95
1 96
1 97
1 98
1 99
3 98 99 100
1 101
3 99 101 102
5 98 99 100 101 102
1 103
3 98 103 104
5 98 99 100 103 104
7 98 99 100 101 102 103 104
1 105
3 103 105 106
5 98 103 104 105 106
7 98 99 100 103 104 105 106
9 98 99 100 101 102 103 104 105 106
1 107
1 108
3 107 108 109
2 98 99
4 95 97 100 105
1 102
3 96 103 106
4 94 104 107 109
1 100
1 104
1 106
1 109
8 94 97 99 100 103 105 107 109
8 95 96 98 101 102 104 106 108
2 101 107
3 99 102 105
8 94 98 100 103 104 106 108 109
5 94 95 101 103 109
11 96 97 98 99 100 102 104 105 106 107 108
6 98 101 103 104 107 109
2 102 108
6 94 95 96 97 100 105
1 110
1 111
1 112
1 113
1 114
1 115
3 114 115 116
1 117
3 115 117 118
5 114 115 116 117 118
1 119
1 120
3 119 120 121
3 117 120 122
5 115 117 118 120 122
7 114 115 116 117 118 120 122
5 117 119 120 121 122
7 115 117 118 119 120 121 122
9 114 115 116 117 118 119 120 121 122
1 123
3 114 123 124
5 114 115 116 123 124
7 114 115 116 117 118 123 124
9 114 115 116 117 118 120 122 123 124
11 114 115 116 117 118 119 120 121 122 123 124
3 111 119 123
2 110 122
2 115 116
8 112 113 114 117 118 120 121 124
1 116
1 121
1 122
1 124
12 110 111 112 113 114 116 117 118 119 120 121 122
3 115 123 124
1 118
3 111 115 121
4 116 117 119 124
4 110 112 118 123
4 113 114 120 122
3 110 114 118
2 123 124
3 112 116 117
5 113 115 119 121 122
2 117 123
13 110 111 112 113 114 115 116 118 119 120 121 122 124
2 118 124
7 110 112 115 116 117 122 123
2 113 121
3 111 114 120
15 110 111 112 113 114 115 116 117 118 119 120 121 122 123 124
3 114 118 124
2 112 113
4 110 119 120 123
3 115 116 121
2 116 119
12 110 111 112 113 114 115 117 118 120 122 123 124
7 114 116 117 119 120 121 122
5 110 111 112 115 118
8 112 114 115 116 117 119 121 123
7 110 111 113 118 120 122 124
1 125
1 126
1 127
1 128
1 129
1 130
3 129 130 131
1 132
1 133
3 132 133 134
1 135
3 133 135 136
5 132 133 134 135 136
1 137
3 132 137 138
5 132 133 134 137 138
7 132 133 134 135 136 137 138
1 139
3 137 139 140
5 132 137 138 139 140
7 132 133 134 137 138 139 140
9 132 133 134 135 136 137 138 139 140
1 141
3 133 141 142
5 132 133 134 141 142
5 133 135 136 141 142
7 132 133 134 135 136 141 142
7 132 133 134 137 138 141 142
9 132 133 134 135 136 137 138 141 142
9 132 133 134 137 138 139 140 141 142
11 132 133 134 135 136 137 138 139 140 141 142
1 143
3 135 143 144
5 133 135 136 143 144
7 132 133 134 135 136 143 144
9 132 133 134 135 136 137 138 143 144
11 132 133 134 135 136 137 138 139 140 143 144
7 133 135 136 141 142 143 144
9 132 133 134 135 136 141 142 143 144
11 132 133 134 135 136 137 138 141 142 143 144
13 132 133 134 135 136 137 138 139 140 141 142 143 144
1 145
3 143 145 146
5 135 143 144 145 146
7 133 135 136 143 144 145 146
9 132 133 134 135 136 143 144 145 146
11 132 133 134 135 136 137 138 143 144 145 146
13 132 133 134 135 136 137 138 139 140 143 144 145 146
9 133 135 136 141 142 143 144 145 146
11 132 133 134 135 136 141 142 143 144 145 146
13 132 133 134 135 136 137 138 141 142 143 144 145 146
15 132 133 134 135 136 137 138 139 140 141 142 143 144 145 146
1 147
1 148
3 147 148 149
9 126 129 130 132 134 137 140 148 149
16 125 127 128 131 133 135 136 138 139 141 142 143 144 145 146 147
1 131
1 134
1 138
1 140
1 142
1 146
8 128 130 138 139 141 145 146 149
1 136
6 127 131 137 142 143 148
2 125 144
2 135 147
1 149
3 127 136 138
5 133 135 137 145 146
2 141 149
3 139 140 148
2 142 143
2 130 131
3 132 134 144
4 126 128 129 147
1 144
3 135 142 148
17 125 127 128 129 131 132 133 134 136 137 138 140 141 143 144 146 147
2 130 139
3 126 145 149
2 131 141
6 128 134 135 143 144 145
2 127 132
4 126 130 139 148
5 133 136 137 140 146
2 129 147
