157 1134
1 1
1 2
1 3
1 4
1 5
3 4 5 6
1 7
1 8
3 7 8 9
1 10
3 4 10 11
5 4 5 6 10 11
1 12
1 13
3 12 13 14
1 15
3 7 15 16
5 7 8 9 15 16
1 17
3 15 17 18
5 7 15 16 17 18
7 7 8 9 15 16 17 18
3 5 15 19
5 4 5 6 15 19
7 4 5 6 10 11 15 19
5 5 7 15 16 19
7 4 5 6 7 15 16 19
7 5 7 8 9 15 16 19
9 4 5 6 7 8 9 15 16 19
9 4 5 6 7 10 11 15 16 19
11 4 5 6 7 8 9 10 11 15 16 19
5 5 15 17 18 19
7 4 5 6 15 17 18 19
9 4 5 6 10 11 15 17 18 19
7 5 7 15 16 17 18 19
9 4 5 6 7 15 16 17 18 19
9 5 7 8 9 15 16 17 18 19
11 4 5 6 7 8 9 15 16 17 18 19
11 4 5 6 7 10 11 15 16 17 18 19
13 4 5 6 7 8 9 10 11 15 16 17 18 19
1 20
3 4 20 21
5 4 5 6 20 21
5 4 10 11 20 21
7 4 5 6 10 11 20 21
7 4 5 6 15 19 20 21
9 4 5 6 10 11 15 19 20 21
9 4 5 6 7 15 16 19 20 21
11 4 5 6 7 8 9 15 16 19 20 21
11 4 5 6 7 10 11 15 16 19 20 21
13 4 5 6 7 8 9 10 11 15 16 19 20 21
3 17 20 22
5 15 17 18 20 22
7 7 15 16 17 18 20 22
9 7 8 9 15 16 17 18 20 22
7 5 15 17 18 19 20 22
9 5 7 15 16 17 18 19 20 22
11 5 7 8 9 15 16 17 18 19 20 22
5 4 17 20 21 22
7 4 5 6 17 20 21 22
7 4 10 11 17 20 21 22
9 4 5 6 10 11 17 20 21 22
7 4 15 17 18 20 21 22
9 4 10 11 15 17 18 20 21 22
9 4 7 15 16 17 18 20 21 22
11 4 7 8 9 15 16 17 18 20 21 22
11 4 7 10 11 15 16 17 18 20 21 22
13 4 7 8 9 10 11 15 16 17 18 20 21 22
10 4 5 6 15 17 18 19 20 21 22
12 4 5 6 10 11 15 17 18 19 20 21 22
12 4 5 6 7 15 16 17 18 19 20 21 22
14 4 5 6 7 8 9 15 16 17 18 19 20 21 22
14 4 5 6 7 10 11 15 16 17 18 19 20 21 22
16 4 5 6 7 8 9 10 11 15 16 17 18 19 20 21 22
1 23
3 13 23 24
5 12 13 14 23 24
3 17 23 25
5 15 17 18 23 25
7 7 15 16 17 18 23 25
9 7 8 9 15 16 17 18 23 25
7 5 15 17 18 19 23 25
9 4 5 6 15 17 18 19 23 25
11 4 5 6 10 11 15 17 18 19 23 25
9 5 7 15 16 17 18 19 23 25
11 4 5 6 7 15 16 17 18 19 23 25
11 5 7 8 9 15 16 17 18 19 23 25
13 4 5 6 7 8 9 15 16 17 18 19 23 25
13 4 5 6 7 10 11 15 16 17 18 19 23 25
15 4 5 6 7 8 9 10 11 15 16 17 18 19 23 25
5 17 20 22 23 25
7 15 17 18 20 22 23 25
9 7 15 16 17 18 20 22 23 25
11 7 8 9 15 16 17 18 20 22 23 25
9 5 15 17 18 19 20 22 23 25
11 5 7 15 16 17 18 19 20 22 23 25
13 5 7 8 9 15 16 17 18 19 20 22 23 25
7 4 17 20 21 22 23 25
9 4 5 6 17 20 21 22 23 25
9 4 10 11 17 20 21 22 23 25
11 4 5 6 10 11 17 20 21 22 23 25
9 4 15 17 18 20 21 22 23 25
11 4 10 11 15 17 18 20 21 22 23 25
11 4 7 15 16 17 18 20 21 22 23 25
13 4 7 8 9 15 16 17 18 20 21 22 23 25
13 4 7 10 11 15 16 17 18 20 21 22 23 25
15 4 7 8 9 10 11 15 16 17 18 20 21 22 23 25
12 4 5 6 15 17 18 19 20 21 22 23 25
14 4 5 6 10 11 15 17 18 19 20 21 22 23 25
14 4 5 6 7 15 16 17 18 19 20 21 22 23 25
16 4 5 6 7 8 9 15 16 17 18 19 20 21 22 23 25
16 4 5 6 7 10 11 15 16 17 18 19 20 21 22 23 25
18 4 5 6 7 8 9 10 11 15 16 17 18 19 20 21 22 23 25
5 13 17 23 24 25
7 12 13 14 17 23 24 25
7 13 15 17 18 23 24 25
9 12 13 14 15 17 18 23 24 25
9 7 13 15 16 17 18 23 24 25
11 7 8 9 13 15 16 17 18 23 24 25
11 7 12 13 14 15 16 17 18 23 24 25
13 7 8 9 12 13 14 15 16 17 18 23 24 25
7 13 17 20 22 23 24 25
9 12 13 14 17 20 22 23 24 25
9 13 15 17 18 20 22 23 24 25
11 12 13 14 15 17 18 20 22 23 24 25
11 7 13 15 16 17 18 20 22 23 24 25
13 7 8 9 13 15 16 17 18 20 22 23 24 25
13 7 12 13 14 15 16 17 18 20 22 23 24 25
15 7 8 9 12 13 14 15 16 17 18 20 22 23 24 25
9 4 13 17 20 21 22 23 24 25
11 4 5 6 13 17 20 21 22 23 24 25
11 4 10 11 13 17 20 21 22 23 24 25
13 4 5 6 10 11 13 17 20 21 22 23 24 25
11 4 12 13 14 17 20 21 22 23 24 25
13 4 5 6 12 13 14 17 20 21 22 23 24 25
13 4 10 11 12 13 14 17 20 21 22 23 24 25
15 4 5 6 10 11 12 13 14 17 20 21 22 23 24 25
11 4 13 15 17 18 20 21 22 23 24 25
13 4 10 11 13 15 17 18 20 21 22 23 24 25
13 4 12 13 14 15 17 18 20 21 22 23 24 25
15 4 10 11 12 13 14 15 17 18 20 21 22 23 24 25
13 4 7 13 15 16 17 18 20 21 22 23 24 25
15 4 7 8 9 13 15 16 17 18 20 21 22 23 24 25
15 4 7 10 11 13 15 16 17 18 20 21 22 23 24 25
17 4 7 8 9 10 11 13 15 16 17 18 20 21 22 23 24 25
15 4 7 12 13 14 15 16 17 18 20 21 22 23 24 25
17 4 7 8 9 12 13 14 15 16 17 18 20 21 22 23 24 25
17 4 7 10 11 12 13 14 15 16 17 18 20 21 22 23 24 25
19 4 7 8 9 10 11 12 13 14 15 16 17 18 20 21 22 23 24 25
14 4 5 6 13 15 17 18 19 20 21 22 23 24 25
16 4 5 6 10 11 13 15 17 18 19 20 21 22 23 24 25
16 4 5 6 12 13 14 15 17 18 19 20 21 22 23 24 25
18 4 5 6 10 11 12 13 14 15 17 18 19 20 21 22 23 24 25
16 4 5 6 7 13 15 16 17 18 19 20 21 22 23 24 25
18 4 5 6 7 8 9 13 15 16 17 18 19 20 21 22 23 24 25
18 4 5 6 7 10 11 13 15 16 17 18 19 20 21 22 23 24 25
20 4 5 6 7 8 9 10 11 13 15 16 17 18 19 20 21 22 23 24 25
18 4 5 6 7 12 13 14 15 16 17 18 19 20 21 22 23 24 25
20 4 5 6 7 8 9 12 13 14 15 16 17 18 19 20 21 22 23 24 25
20 4 5 6 7 10 11 12 13 14 15 16 17 18 19 20 21 22 23 24 25
22 4 5 6 7 8 9 10 11 12 13 14 15 16 17 18 19 20 21 22 23 24 25
1 26
3 7 26 27
5 7 8 9 26 27
5 7 15 16 26 27
7 7 8 9 15 16 26 27
7 7 15 16 17 18 26 27
9 7 8 9 15 16 17 18 26 27
7 5 7 15 16 19 26 27
9 4 5 6 7 15 16 19 26 27
9 5 7 8 9 15 16 19 26 27
11 4 5 6 7 8 9 15 16 19 26 27
11 4 5 6 7 10 11 15 16 19 26 27
13 4 5 6 7 8 9 10 11 15 16 19 26 27
9 5 7 15 16 17 18 19 26 27
11 4 5 6 7 15 16 17 18 19 26 27
11 5 7 8 9 15 16 17 18 19 26 27
13 4 5 6 7 8 9 15 16 17 18 19 26 27
13 4 5 6 7 10 11 15 16 17 18 19 26 27
15 4 5 6 7 8 9 10 11 15 16 17 18 19 26 27
11 4 5 6 7 15 16 19 20 21 26 27
13 4 5 6 7 8 9 15 16 19 20 21 26 27
13 4 5 6 7 10 11 15 16 19 20 21 26 27
15 4 5 6 7 8 9 10 11 15 16 19 20 21 26 27
9 7 15 16 17 18 20 22 26 27
11 7 8 9 15 16 17 18 20 22 26 27
11 5 7 15 16 17 18 19 20 22 26 27
13 5 7 8 9 15 16 17 18 19 20 22 26 27
11 4 7 15 16 17 18 20 21 22 26 27
13 4 7 8 9 15 16 17 18 20 21 22 26 27
13 4 7 10 11 15 16 17 18 20 21 22 26 27
15 4 7 8 9 10 11 15 16 17 18 20 21 22 26 27
14 4 5 6 7 15 16 17 18 19 20 21 22 26 27
16 4 5 6 7 8 9 15 16 17 18 19 20 21 22 26 27
16 4 5 6 7 10 11 15 16 17 18 19 20 21 22 26 27
18 4 5 6 7 8 9 10 11 15 16 17 18 19 20 21 22 26 27
9 7 15 16 17 18 23 25 26 27
11 7 8 9 15 16 17 18 23 25 26 27
11 5 7 15 16 17 18 19 23 25 26 27
13 4 5 6 7 15 16 17 18 19 23 25 26 27
13 5 7 8 9 15 16 17 18 19 23 25 26 27
15 4 5 6 7 8 9 15 16 17 18 19 23 25 26 27
15 4 5 6 7 10 11 15 16 17 18 19 23 25 26 27
17 4 5 6 7 8 9 10 11 15 16 17 18 19 23 25 26 27
11 7 15 16 17 18 20 22 23 25 26 27
13 7 8 9 15 16 17 18 20 22 23 25 26 27
13 5 7 15 16 17 18 19 20 22 23 25 26 27
15 5 7 8 9 15 16 17 18 19 20 22 23 25 26 27
13 4 7 15 16 17 18 20 21 22 23 25 26 27
15 4 7 8 9 15 16 17 18 20 21 22 23 25 26 27
15 4 7 10 11 15 16 17 18 20 21 22 23 25 26 27
17 4 7 8 9 10 11 15 16 17 18 20 21 22 23 25 26 27
16 4 5 6 7 15 16 17 18 19 20 21 22 23 25 26 27
18 4 5 6 7 8 9 15 16 17 18 19 20 21 22 23 25 26 27
18 4 5 6 7 10 11 15 16 17 18 19 20 21 22 23 25 26 27
20 4 5 6 7 8 9 10 11 15 16 17 18 19 20 21 22 23 25 26 27
3 13 26 28
5 12 13 14 26 28
5 13 23 24 26 28
7 12 13 14 23 24 26 28
7 13 17 23 24 25 26 28
9 12 13 14 17 23 24 25 26 28
9 13 15 17 18 23 24 25 26 28
11 12 13 14 15 17 18 23 24 25 26 28
9 13 17 20 22 23 24 25 26 28
11 12 13 14 17 20 22 23 24 25 26 28
11 13 15 17 18 20 22 23 24 25 26 28
13 12 13 14 15 17 18 20 22 23 24 25 26 28
11 4 13 17 20 21 22 23 24 25 26 28
13 4 5 6 13 17 20 21 22 23 24 25 26 28
13 4 10 11 13 17 20 21 22 23 24 25 26 28
15 4 5 6 10 11 13 17 20 21 22 23 24 25 26 28
13 4 12 13 14 17 20 21 22 23 24 25 26 28
15 4 5 6 12 13 14 17 20 21 22 23 24 25 26 28
15 4 10 11 12 13 14 17 20 21 22 23 24 25 26 28
17 4 5 6 10 11 12 13 14 17 20 21 22 23 24 25 26 28
13 4 13 15 17 18 20 21 22 23 24 25 26 28
15 4 10 11 13 15 17 18 20 21 22 23 24 25 26 28
15 4 12 13 14 15 17 18 20 21 22 23 24 25 26 28
17 4 10 11 12 13 14 15 17 18 20 21 22 23 24 25 26 28
16 4 5 6 13 15 17 18 19 20 21 22 23 24 25 26 28
18 4 5 6 10 11 13 15 17 18 19 20 21 22 23 24 25 26 28
18 4 5 6 12 13 14 15 17 18 19 20 21 22 23 24 25 26 28
20 4 5 6 10 11 12 13 14 15 17 18 19 20 21 22 23 24 25 26 28
5 7 13 26 27 28
7 7 8 9 13 26 27 28
7 7 12 13 14 26 27 28
9 7 8 9 12 13 14 26 27 28
7 7 13 15 16 26 27 28
9 7 8 9 13 15 16 26 27 28
9 7 12 13 14 15 16 26 27 28
11 7 8 9 12 13 14 15 16 26 27 28
7 7 13 23 24 26 27 28
9 7 8 9 13 23 24 26 27 28
9 7 12 13 14 23 24 26 27 28
11 7 8 9 12 13 14 23 24 26 27 28
9 7 13 15 16 23 24 26 27 28
11 7 8 9 13 15 16 23 24 26 27 28
11 7 12 13 14 15 16 23 24 26 27 28
13 7 8 9 12 13 14 15 16 23 24 26 27 28
12 7 13 15 16 17 18 23 24 25 26 27 28
14 7 8 9 13 15 16 17 18 23 24 25 26 27 28
14 7 12 13 14 15 16 17 18 23 24 25 26 27 28
16 7 8 9 12 13 14 15 16 17 18 23 24 25 26 27 28
14 7 13 15 16 17 18 20 22 23 24 25 26 27 28
16 7 8 9 13 15 16 17 18 20 22 23 24 25 26 27 28
16 7 12 13 14 15 16 17 18 20 22 23 24 25 26 27 28
18 7 8 9 12 13 14 15 16 17 18 20 22 23 24 25 26 27 28
16 4 7 13 15 16 17 18 20 21 22 23 24 25 26 27 28
18 4 7 8 9 13 15 16 17 18 20 21 22 23 24 25 26 27 28
18 4 7 10 11 13 15 16 17 18 20 21 22 23 24 25 26 27 28
20 4 7 8 9 10 11 13 15 16 17 18 20 21 22 23 24 25 26 27 28
18 4 7 12 13 14 15 16 17 18 20 21 22 23 24 25 26 27 28
20 4 7 8 9 12 13 14 15 16 17 18 20 21 22 23 24 25 26 27 28
20 4 7 10 11 12 13 14 15 16 17 18 20 21 22 23 24 25 26 27 28
22 4 7 8 9 10 11 12 13 14 15 16 17 18 20 21 22 23 24 25 26 27 28
19 4 5 6 7 13 15 16 17 18 19 20 21 22 23 24 25 26 27 28
21 4 5 6 7 8 9 13 15 16 17 18 19 20 21 22 23 24 25 26 27 28
21 4 5 6 7 10 11 13 15 16 17 18 19 20 21 22 23 24 25 26 27 28
23 4 5 6 7 8 9 10 11 13 15 16 17 18 19 20 21 22 23 24 25 26 27 28
21 4 5 6 7 12 13 14 15 16 17 18 19 20 21 22 23 24 25 26 27 28
23 4 5 6 7 8 9 12 13 14 15 16 17 18 19 20 21 22 23 24 25 26 27 28
23 4 5 6 7 10 11 12 13 14 15 16 17 18 19 20 21 22 23 24 25 26 27 28
25 4 5 6 7 8 9 10 11 12 13 14 15 16 17 18 19 20 21 22 23 24 25 26 27 28
1 29
3 26 29 30
5 7 26 27 29 30
7 7 8 9 26 27 29 30
7 7 15 16 26 27 29 30
9 7 8 9 15 16 26 27 29 30
9 7 15 16 17 18 26 27 29 30
11 7 8 9 15 16 17 18 26 27 29 30
9 5 7 15 16 19 26 27 29 30
11 4 5 6 7 15 16 19 26 27 29 30
11 5 7 8 9 15 16 19 26 27 29 30
13 4 5 6 7 8 9 15 16 19 26 27 29 30
13 4 5 6 7 10 11 15 16 19 26 27 29 30
15 4 5 6 7 8 9 10 11 15 16 19 26 27 29 30
11 5 7 15 16 17 18 19 26 27 29 30
13 4 5 6 7 15 16 17 18 19 26 27 29 30
13 5 7 8 9 15 16 17 18 19 26 27 29 30
15 4 5 6 7 8 9 15 16 17 18 19 26 27 29 30
15 4 5 6 7 10 11 15 16 17 18 19 26 27 29 30
17 4 5 6 7 8 9 10 11 15 16 17 18 19 26 27 29 30
13 4 5 6 7 15 16 19 20 21 26 27 29 30
15 4 5 6 7 8 9 15 16 19 20 21 26 27 29 30
15 4 5 6 7 10 11 15 16 19 20 21 26 27 29 30
17 4 5 6 7 8 9 10 11 15 16 19 20 21 26 27 29 30
11 7 15 16 17 18 20 22 26 27 29 30
13 7 8 9 15 16 17 18 20 22 26 27 29 30
13 5 7 15 16 17 18 19 20 22 26 27 29 30
15 5 7 8 9 15 16 17 18 19 20 22 26 27 29 30
13 4 7 15 16 17 18 20 21 22 26 27 29 30
15 4 7 8 9 15 16 17 18 20 21 22 26 27 29 30
15 4 7 10 11 15 16 17 18 20 21 22 26 27 29 30
17 4 7 8 9 10 11 15 16 17 18 20 21 22 26 27 29 30
16 4 5 6 7 15 16 17 18 19 20 21 22 26 27 29 30
18 4 5 6 7 8 9 15 16 17 18 19 20 21 22 26 27 29 30
18 4 5 6 7 10 11 15 16 17 18 19 20 21 22 26 27 29 30
20 4 5 6 7 8 9 10 11 15 16 17 18 19 20 21 22 26 27 29 30
11 7 15 16 17 18 23 25 26 27 29 30
13 7 8 9 15 16 17 18 23 25 26 27 29 30
13 5 7 15 16 17 18 19 23 25 26 27 29 30
15 4 5 6 7 15 16 17 18 19 23 25 26 27 29 30
15 5 7 8 9 15 16 17 18 19 23 25 26 27 29 30
17 4 5 6 7 8 9 15 16 17 18 19 23 25 26 27 29 30
17 4 5 6 7 10 11 15 16 17 18 19 23 25 26 27 29 30
19 4 5 6 7 8 9 10 11 15 16 17 18 19 23 25 26 27 29 30
13 7 15 16 17 18 20 22 23 25 26 27 29 30
15 7 8 9 15 16 17 18 20 22 23 25 26 27 29 30
15 5 7 15 16 17 18 19 20 22 23 25 26 27 29 30
17 5 7 8 9 15 16 17 18 19 20 22 23 25 26 27 29 30
15 4 7 15 16 17 18 20 21 22 23 25 26 27 29 30
17 4 7 8 9 15 16 17 18 20 21 22 23 25 26 27 29 30
17 4 7 10 11 15 16 17 18 20 21 22 23 25 26 27 29 30
19 4 7 8 9 10 11 15 16 17 18 20 21 22 23 25 26 27 29 30
18 4 5 6 7 15 16 17 18 19 20 21 22 23 25 26 27 29 30
20 4 5 6 7 8 9 15 16 17 18 19 20 21 22 23 25 26 27 29 30
20 4 5 6 7 10 11 15 16 17 18 19 20 21 22 23 25 26 27 29 30
22 4 5 6 7 8 9 10 11 15 16 17 18 19 20 21 22 23 25 26 27 29 30
5 13 26 28 29 30
7 12 13 14 26 28 29 30
7 13 23 24 26 28 29 30
9 12 13 14 23 24 26 28 29 30
9 13 17 23 24 25 26 28 29 30
11 12 13 14 17 23 24 25 26 28 29 30
11 13 15 17 18 23 24 25 26 28 29 30
13 12 13 14 15 17 18 23 24 25 26 28 29 30
11 13 17 20 22 23 24 25 26 28 29 30
13 12 13 14 17 20 22 23 24 25 26 28 29 30
13 13 15 17 18 20 22 23 24 25 26 28 29 30
15 12 13 14 15 17 18 20 22 23 24 25 26 28 29 30
13 4 13 17 20 21 22 23 24 25 26 28 29 30
15 4 5 6 13 17 20 21 22 23 24 25 26 28 29 30
15 4 10 11 13 17 20 21 22 23 24 25 26 28 29 30
17 4 5 6 10 11 13 17 20 21 22 23 24 25 26 28 29 30
15 4 12 13 14 17 20 21 22 23 24 25 26 28 29 30
17 4 5 6 12 13 14 17 20 21 22 23 24 25 26 28 29 30
17 4 10 11 12 13 14 17 20 21 22 23 24 25 26 28 29 30
19 4 5 6 10 11 12 13 14 17 20 21 22 23 24 25 26 28 29 30
15 4 13 15 17 18 20 21 22 23 24 25 26 28 29 30
17 4 10 11 13 15 17 18 20 21 22 23 24 25 26 28 29 30
17 4 12 13 14 15 17 18 20 21 22 23 24 25 26 28 29 30
19 4 10 11 12 13 14 15 17 18 20 21 22 23 24 25 26 28 29 30
18 4 5 6 13 15 17 18 19 20 21 22 23 24 25 26 28 29 30
20 4 5 6 10 11 13 15 17 18 19 20 21 22 23 24 25 26 28 29 30
20 4 5 6 12 13 14 15 17 18 19 20 21 22 23 24 25 26 28 29 30
22 4 5 6 10 11 12 13 14 15 17 18 19 20 21 22 23 24 25 26 28 29 30
7 7 13 26 27 28 29 30
9 7 8 9 13 26 27 28 29 30
9 7 12 13 14 26 27 28 29 30
11 7 8 9 12 13 14 26 27 28 29 30
9 7 13 15 16 26 27 28 29 30
11 7 8 9 13 15 16 26 27 28 29 30
11 7 12 13 14 15 16 26 27 28 29 30
13 7 8 9 12 13 14 15 16 26 27 28 29 30
9 7 13 23 24 26 27 28 29 30
11 7 8 9 13 23 24 26 27 28 29 30
11 7 12 13 14 23 24 26 27 28 29 30
13 7 8 9 12 13 14 23 24 26 27 28 29 30
11 7 13 15 16 23 24 26 27 28 29 30
13 7 8 9 13 15 16 23 24 26 27 28 29 30
13 7 12 13 14 15 16 23 24 26 27 28 29 30
15 7 8 9 12 13 14 15 16 23 24 26 27 28 29 30
14 7 13 15 16 17 18 23 24 25 26 27 28 29 30
16 7 8 9 13 15 16 17 18 23 24 25 26 27 28 29 30
16 7 12 13 14 15 16 17 18 23 24 25 26 27 28 29 30
18 7 8 9 12 13 14 15 16 17 18 23 24 25 26 27 28 29 30
16 7 13 15 16 17 18 20 22 23 24 25 26 27 28 29 30
18 7 8 9 13 15 16 17 18 20 22 23 24 25 26 27 28 29 30
18 7 12 13 14 15 16 17 18 20 22 23 24 25 26 27 28 29 30
20 7 8 9 12 13 14 15 16 17 18 20 22 23 24 25 26 27 28 29 30
18 4 7 13 15 16 17 18 20 21 22 23 24 25 26 27 28 29 30
20 4 7 8 9 13 15 16 17 18 20 21 22 23 24 25 26 27 28 29 30
20 4 7 10 11 13 15 16 17 18 20 21 22 23 24 25 26 27 28 29 30
22 4 7 8 9 10 11 13 15 16 17 18 20 21 22 23 24 25 26 27 28 29 30
20 4 7 12 13 14 15 16 17 18 20 21 22 23 24 25 26 27 28 29 30
22 4 7 8 9 12 13 14 15 16 17 18 20 21 22 23 24 25 26 27 28 29 30
22 4 7 10 11 12 13 14 15 16 17 18 20 21 22 23 24 25 26 27 28 29 30
24 4 7 8 9 10 11 12 13 14 15 16 17 18 20 21 22 23 24 25 26 27 28 29 30
21 4 5 6 7 13 15 16 17 18 19 20 21 22 23 24 25 26 27 28 29 30
23 4 5 6 7 8 9 13 15 16 17 18 19 20 21 22 23 24 25 26 27 28 29 30
23 4 5 6 7 10 11 13 15 16 17 18 19 20 21 22 23 24 25 26 27 28 29 30
25 4 5 6 7 8 9 10 11 13 15 16 17 18 19 20 21 22 23 24 25 26 27 28 29 30
23 4 5 6 7 12 13 14 15 16 17 18 19 20 21 22 23 24 25 26 27 28 29 30
25 4 5 6 7 8 9 12 13 14 15 16 17 18 19 20 21 22 23 24 25 26 27 28 29 30
25 4 5 6 7 10 11 12 13 14 15 16 17 18 19 20 21 22 23 24 25 26 27 28 29 30
27 4 5 6 7 8 9 10 11 12 13 14 15 16 17 18 19 20 21 22 23 24 25 26 27 28 29 30
7 6 9 10 11 15 22 28
5 1 12 18 19 30
16 2 3 5 7 8 14 16 17 20 21 23 24 25 26 27 29
1 6
1 14
1 16
1 19
1 27
1 28
11 1 8 10 13 14 15 17 18 22 23 28
4 9 12 24 29
3 5 11 16
4 3 19 27 30
5 2 7 21 25 26
1 9
1 11
1 24
1 25
3 13 19 28
5 2 7 10 11 16
4 12 15 22 29
5 1 5 17 23 30
12 3 4 6 8 9 18 20 21 24 25 26 27
1 21
4 3 8 26 28
26 1 2 4 5 6 7 9 10 11 12 13 14 15 16 17 18 19 20 21 22 23 24 25 27 29 30
1 22
5 2 4 7 11 18
4 9 10 17 25
2 22 28
2 15 30
3 6 21 29
3 1 5 14
4 3 16 19 20
4 8 12 23 26
1 30
13 1 2 4 6 7 8 9 10 16 18 25 28 29
8 5 12 14 17 19 22 24 30
3 21 26 27
6 3 11 13 15 20 23
7 1 6 7 11 18 24 28
2 3 25
5 2 10 17 20 26
2 14 16
13 4 5 8 9 12 13 15 21 22 23 27 29 30
30 1 2 3 4 5 6 7 8 9 10 11 12 13 14 15 16 17 18 19 20 21 22 23 24 25 26 27 28 29 30
6 8 9 10 15 18 22
5 4 6 12 13 24
2 16 19
3 5 25 27
2 23 29
2 1 2
2 20 28
6 3 7 11 14 17 21
1 18
3 2 11 22
5 6 9 14 18 28
9 4 5 10 12 16 20 23 25 27
3 15 19 21
4 3 26 29 30
4 1 7 8 17
2 4 17
8 3 5 6 8 13 15 19 24
2 1 21
2 11 23
4 7 10 25 26
2 29 30
2 18 22
5 9 14 16 20 28
5 3 8 11 12 30
4 16 17 22 24
4 4 5 14 21
2 18 19
3 7 13 27
8 1 6 9 10 23 25 28 29
2 20 26
1 31
1 32
1 33
1 34
1 35
1 36
3 35 36 37
1 38
1 39
3 38 39 40
1 41
3 39 41 42
5 38 39 40 41 42
3 35 39 43
5 35 36 37 39 43
5 35 38 39 40 43
7 35 36 37 38 39 40 43
5 35 39 41 42 43
7 35 36 37 39 41 42 43
7 35 38 39 40 41 42 43
9 35 36 37 38 39 40 41 42 43
1 44
1 45
3 44 45 46
1 47
3 45 47 48
5 44 45 46 47 48
1 49
3 45 49 50
5 44 45 46 49 50
5 45 47 48 49 50
7 44 45 46 47 48 49 50
1 51
3 38 51 52
5 38 39 40 51 52
7 38 39 40 41 42 51 52
7 35 38 39 40 43 51 52
9 35 36 37 38 39 40 43 51 52
9 35 38 39 40 41 42 43 51 52
11 35 36 37 38 39 40 41 42 43 51 52
3 49 51 53
5 45 49 50 51 53
7 44 45 46 49 50 51 53
7 45 47 48 49 50 51 53
9 44 45 46 47 48 49 50 51 53
5 38 49 51 52 53
7 38 39 40 49 51 52 53
9 38 39 40 41 42 49 51 52 53
9 35 38 39 40 43 49 51 52 53
11 35 36 37 38 39 40 43 49 51 52 53
11 35 38 39 40 41 42 43 49 51 52 53
13 35 36 37 38 39 40 41 42 43 49 51 52 53
7 38 45 49 50 51 52 53
9 38 39 40 45 49 50 51 52 53
11 38 39 40 41 42 45 49 50 51 52 53
11 35 38 39 40 43 45 49 50 51 52 53
13 35 36 37 38 39 40 43 45 49 50 51 52 53
13 35 38 39 40 41 42 43 45 49 50 51 52 53
15 35 36 37 38 39 40 41 42 43 45 49 50 51 52 53
9 38 44 45 46 49 50 51 52 53
11 38 39 40 44 45 46 49 50 51 52 53
13 38 39 40 41 42 44 45 46 49 50 51 52 53
13 35 38 39 40 43 44 45 46 49 50 51 52 53
15 35 36 37 38 39 40 43 44 45 46 49 50 51 52 53
15 35 38 39 40 41 42 43 44 45 46 49 50 51 52 53
17 35 36 37 38 39 40 41 42 43 44 45 46 49 50 51 52 53
9 38 45 47 48 49 50 51 52 53
11 38 39 40 45 47 48 49 50 51 52 53
13 38 39 40 41 42 45 47 48 49 50 51 52 53
13 35 38 39 40 43 45 47 48 49 50 51 52 53
15 35 36 37 38 39 40 43 45 47 48 49 50 51 52 53
15 35 38 39 40 41 42 43 45 47 48 49 50 51 52 53
17 35 36 37 38 39 40 41 42 43 45 47 48 49 50 51 52 53
11 38 44 45 46 47 48 49 50 51 52 53
13 38 39 40 44 45 46 47 48 49 50 51 52 53
15 38 39 40 41 42 44 45 46 47 48 49 50 51 52 53
15 35 38 39 40 43 44 45 46 47 48 49 50 51 52 53
17 35 36 37 38 39 40 43 44 45 46 47 48 49 50 51 52 53
17 35 38 39 40 41 42 43 44 45 46 47 48 49 50 51 52 53
19 35 36 37 38 39 40 41 42 43 44 45 46 47 48 49 50 51 52 53
1 54
3 51 54 55
5 38 51 52 54 55
7 38 39 40 51 52 54 55
9 38 39 40 41 42 51 52 54 55
9 35 38 39 40 43 51 52 54 55
11 35 36 37 38 39 40 43 51 52 54 55
11 35 38 39 40 41 42 43 51 52 54 55
13 35 36 37 38 39 40 41 42 43 51 52 54 55
5 49 51 53 54 55
7 45 49 50 51 53 54 55
9 44 45 46 49 50 51 53 54 55
9 45 47 48 49 50 51 53 54 55
11 44 45 46 47 48 49 50 51 53 54 55
7 38 49 51 52 53 54 55
9 38 39 40 49 51 52 53 54 55
11 38 39 40 41 42 49 51 52 53 54 55
11 35 38 39 40 43 49 51 52 53 54 55
13 35 36 37 38 39 40 43 49 51 52 53 54 55
13 35 38 39 40 41 42 43 49 51 52 53 54 55
15 35 36 37 38 39 40 41 42 43 49 51 52 53 54 55
9 38 45 49 50 51 52 53 54 55
11 38 39 40 45 49 50 51 52 53 54 55
13 38 39 40 41 42 45 49 50 51 52 53 54 55
13 35 38 39 40 43 45 49 50 51 52 53 54 55
15 35 36 37 38 39 40 43 45 49 50 51 52 53 54 55
15 35 38 39 40 41 42 43 45 49 50 51 52 53 54 55
17 35 36 37 38 39 40 41 42 43 45 49 50 51 52 53 54 55
11 38 44 45 46 49 50 51 52 53 54 55
13 38 39 40 44 45 46 49 50 51 52 53 54 55
15 38 39 40 41 42 44 45 46 49 50 51 52 53 54 55
15 35 38 39 40 43 44 45 46 49 50 51 52 53 54 55
17 35 36 37 38 39 40 43 44 45 46 49 50 51 52 53 54 55
17 35 38 39 40 41 42 43 44 45 46 49 50 51 52 53 54 55
19 35 36 37 38 39 40 41 42 43 44 45 46 49 50 51 52 53 54 55
11 38 45 47 48 49 50 51 52 53 54 55
13 38 39 40 45 47 48 49 50 51 52 53 54 55
15 38 39 40 41 42 45 47 48 49 50 51 52 53 54 55
15 35 38 39 40 43 45 47 48 49 50 51 52 53 54 55
17 35 36 37 38 39 40 43 45 47 48 49 50 51 52 53 54 55
17 35 38 39 40 41 42 43 45 47 48 49 50 51 52 53 54 55
19 35 36 37 38 39 40 41 42 43 45 47 48 49 50 51 52 53 54 55
13 38 44 45 46 47 48 49 50 51 52 53 54 55
15 38 39 40 44 45 46 47 48 49 50 51 52 53 54 55
17 38 39 40 41 42 44 45 46 47 48 49 50 51 52 53 54 55
17 35 38 39 40 43 44 45 46 47 48 49 50 51 52 53 54 55
19 35 36 37 38 39 40 43 44 45 46 47 48 49 50 51 52 53 54 55
19 35 38 39 40 41 42 43 44 45 46 47 48 49 50 51 52 53 54 55
21 35 36 37 38 39 40 41 42 43 44 45 46 47 48 49 50 51 52 53 54 55
1 56
1 57
3 56 57 58
1 59
3 57 59 60
5 56 57 58 59 60
1 61
3 57 61 62
5 56 57 58 61 62
5 57 59 60 61 62
7 56 57 58 59 60 61 62
2 40 49
2 31 44
3 34 42 50
8 32 39 47 48 55 57 60 61
10 35 37 38 41 43 46 56 58 59 62
7 33 36 45 51 52 53 54
1 40
1 46
1 58
1 60
1 62
3 31 55 59
2 32 49
18 33 34 35 36 37 38 39 42 43 45 47 50 52 54 56 57 60 61
8 40 41 46 48 51 53 58 62
1 48
1 52
1 55
7 33 36 45 49 50 54 58
3 35 52 60
1 37
4 34 44 46 55
2 59 62
2 32 47
4 31 42 43 53
5 38 40 41 56 57
2 48 51
1 63
1 64
1 65
1 66
1 67
3 66 67 68
1 69
1 70
3 69 70 71
3 67 70 72
5 66 67 68 70 72
5 67 69 70 71 72
7 66 67 68 69 70 71 72
1 73
3 70 73 74
5 69 70 71 73 74
5 67 70 72 73 74
7 66 67 68 70 72 73 74
7 67 69 70 71 72 73 74
9 66 67 68 69 70 71 72 73 74
1 75
1 76
3 75 76 77
3 66 76 78
5 66 67 68 76 78
7 66 67 68 70 72 76 78
9 66 67 68 69 70 71 72 76 78
9 66 67 68 70 72 73 74 76 78
11 66 67 68 69 70 71 72 73 74 76 78
5 66 75 76 77 78
7 66 67 68 75 76 77 78
9 66 67 68 70 72 75 76 77 78
11 66 67 68 69 70 71 72 75 76 77 78
11 66 67 68 70 72 73 74 75 76 77 78
13 66 67 68 69 70 71 72 73 74 75 76 77 78
1 79
1 80
3 79 80 81
1 82
3 70 82 83
5 69 70 71 82 83
5 67 70 72 82 83
7 66 67 68 70 72 82 83
7 67 69 70 71 72 82 83
9 66 67 68 69 70 71 72 82 83
5 70 73 74 82 83
7 69 70 71 73 74 82 83
7 67 70 72 73 74 82 83
9 66 67 68 70 72 73 74 82 83
9 67 69 70 71 72 73 74 82 83
11 66 67 68 69 70 71 72 73 74 82 83
9 66 67 68 70 72 76 78 82 83
11 66 67 68 69 70 71 72 76 78 82 83
11 66 67 68 70 72 73 74 76 78 82 83
13 66 67 68 69 70 71 72 73 74 76 78 82 83
11 66 67 68 70 72 75 76 77 78 82 83
13 66 67 68 69 70 71 72 75 76 77 78 82 83
13 66 67 68 70 72 73 74 75 76 77 78 82 83
15 66 67 68 69 70 71 72 73 74 75 76 77 78 82 83
1 84
3 82 84 85
5 70 82 83 84 85
7 69 70 71 82 83 84 85
7 67 70 72 82 83 84 85
9 66 67 68 70 72 82 83 84 85
9 67 69 70 71 72 82 83 84 85
11 66 67 68 69 70 71 72 82 83 84 85
7 70 73 74 82 83 84 85
9 69 70 71 73 74 82 83 84 85
9 67 70 72 73 74 82 83 84 85
11 66 67 68 70 72 73 74 82 83 84 85
11 67 69 70 71 72 73 74 82 83 84 85
13 66 67 68 69 70 71 72 73 74 82 83 84 85
11 66 67 68 70 72 76 78 82 83 84 85
13 66 67 68 69 70 71 72 76 78 82 83 84 85
13 66 67 68 70 72 73 74 76 78 82 83 84 85
15 66 67 68 69 70 71 72 73 74 76 78 82 83 84 85
13 66 67 68 70 72 75 76 77 78 82 83 84 85
15 66 67 68 69 70 71 72 75 76 77 78 82 83 84 85
15 66 67 68 70 72 73 74 75 76 77 78 82 83 84 85
17 66 67 68 69 70 71 72 73 74 75 76 77 78 82 83 84 85
1 86
3 66 86 87
5 66 67 68 86 87
7 66 67 68 70 72 86 87
9 66 67 68 69 70 71 72 86 87
9 66 67 68 70 72 73 74 86 87
11 66 67 68 69 70 71 72 73 74 86 87
5 66 76 78 86 87
7 66 67 68 76 78 86 87
9 66 67 68 70 72 76 78 86 87
11 66 67 68 69 70 71 72 76 78 86 87
11 66 67 68 70 72 73 74 76 78 86 87
13 66 67 68 69 70 71 72 73 74 76 78 86 87
7 66 75 76 77 78 86 87
9 66 67 68 75 76 77 78 86 87
11 66 67 68 70 72 75 76 77 78 86 87
13 66 67 68 69 70 71 72 75 76 77 78 86 87
13 66 67 68 70 72 73 74 75 76 77 78 86 87
15 66 67 68 69 70 71 72 73 74 75 76 77 78 86 87
3 82 86 88
5 70 82 83 86 88
7 69 70 71 82 83 86 88
7 67 70 72 82 83 86 88
9 67 69 70 71 72 82 83 86 88
7 70 73 74 82 83 86 88
9 69 70 71 73 74 82 83 86 88
9 67 70 72 73 74 82 83 86 88
11 67 69 70 71 72 73 74 82 83 86 88
5 82 84 85 86 88
7 70 82 83 84 85 86 88
9 69 70 71 82 83 84 85 86 88
9 67 70 72 82 83 84 85 86 88
11 67 69 70 71 72 82 83 84 85 86 88
9 70 73 74 82 83 84 85 86 88
11 69 70 71 73 74 82 83 84 85 86 88
11 67 70 72 73 74 82 83 84 85 86 88
13 67 69 70 71 72 73 74 82 83 84 85 86 88
5 66 82 86 87 88
7 66 67 68 82 86 87 88
7 66 76 78 82 86 87 88
9 66 67 68 76 78 82 86 87 88
9 66 75 76 77 78 82 86 87 88
11 66 67 68 75 76 77 78 82 86 87 88
7 66 70 82 83 86 87 88
9 66 69 70 71 82 83 86 87 88
10 66 67 68 70 72 82 83 86 87 88
12 66 67 68 69 70 71 72 82 83 86 87 88
9 66 70 73 74 82 83 86 87 88
11 66 69 70 71 73 74 82 83 86 87 88
12 66 67 68 70 72 73 74 82 83 86 87 88
14 66 67 68 69 70 71 72 73 74 82 83 86 87 88
9 66 70 76 78 82 83 86 87 88
11 66 69 70 71 76 78 82 83 86 87 88
12 66 67 68 70 72 76 78 82 83 86 87 88
14 66 67 68 69 70 71 72 76 78 82 83 86 87 88
11 66 70 73 74 76 78 82 83 86 87 88
13 66 69 70 71 73 74 76 78 82 83 86 87 88
14 66 67 68 70 72 73 74 76 78 82 83 86 87 88
16 66 67 68 69 70 71 72 73 74 76 78 82 83 86 87 88
11 66 70 75 76 77 78 82 83 86 87 88
13 66 69 70 71 75 76 77 78 82 83 86 87 88
14 66 67 68 70 72 75 76 77 78 82 83 86 87 88
16 66 67 68 69 70 71 72 75 76 77 78 82 83 86 87 88
13 66 70 73 74 75 76 77 78 82 83 86 87 88
15 66 69 70 71 73 74 75 76 77 78 82 83 86 87 88
16 66 67 68 70 72 73 74 75 76 77 78 82 83 86 87 88
18 66 67 68 69 70 71 72 73 74 75 76 77 78 82 83 86 87 88
7 66 82 84 85 86 87 88
9 66 67 68 82 84 85 86 87 88
9 66 76 78 82 84 85 86 87 88
11 66 67 68 76 78 82 84 85 86 87 88
11 66 75 76 77 78 82 84 85 86 87 88
13 66 67 68 75 76 77 78 82 84 85 86 87 88
9 66 70 82 83 84 85 86 87 88
11 66 69 70 71 82 83 84 85 86 87 88
12 66 67 68 70 72 82 83 84 85 86 87 88
14 66 67 68 69 70 71 72 82 83 84 85 86 87 88
11 66 70 73 74 82 83 84 85 86 87 88
13 66 69 70 71 73 74 82 83 84 85 86 87 88
14 66 67 68 70 72 73 74 82 83 84 85 86 87 88
16 66 67 68 69 70 71 72 73 74 82 83 84 85 86 87 88
11 66 70 76 78 82 83 84 85 86 87 88
13 66 69 70 71 76 78 82 83 84 85 86 87 88
14 66 67 68 70 72 76 78 82 83 84 85 86 87 88
16 66 67 68 69 70 71 72 76 78 82 83 84 85 86 87 88
13 66 70 73 74 76 78 82 83 84 85 86 87 88
15 66 69 70 71 73 74 76 78 82 83 84 85 86 87 88
16 66 67 68 70 72 73 74 76 78 82 83 84 85 86 87 88
18 66 67 68 69 70 71 72 73 74 76 78 82 83 84 85 86 87 88
13 66 70 75 76 77 78 82 83 84 85 86 87 88
15 66 69 70 71 75 76 77 78 82 83 84 85 86 87 88
16 66 67 68 70 72 75 76 77 78 82 83 84 85 86 87 88
18 66 67 68 69 70 71 72 75 76 77 78 82 83 84 85 86 87 88
15 66 70 73 74 75 76 77 78 82 83 84 85 86 87 88
17 66 69 70 71 73 74 75 76 77 78 82 83 84 85 86 87 88
18 66 67 68 70 72 73 74 75 76 77 78 82 83 84 85 86 87 88
20 66 67 68 69 70 71 72 73 74 75 76 77 78 82 83 84 85 86 87 88
10 68 69 70 71 75 79 80 81 83 84
1 78
2 73 76
5 72 74 82 85 88
7 63 64 65 66 77 86 87
1 68
1 71
1 72
1 74
1 77
1 81
1 85
1 87
5 72 76 80 82 87
4 64 69 85 86
3 63 78 88
7 68 70 71 74 75 81 83
3 66 73 84
2 63 80
9 64 66 68 70 72 75 84 87 88
14 65 67 69 71 73 74 76 77 78 79 81 82 83 85
1 88
1 83
2 63 72
2 74 88
2 76 82
6 65 70 71 73 78 80
6 68 77 79 84 85 86
3 66 67 75
13 63 64 66 68 69 70 71 75 78 81 82 83 86
9 65 67 72 74 76 77 80 85 87
2 73 84
2 71 87
4 65 70 72 76
2 68 84
5 73 80 81 82 83
10 63 64 66 69 74 78 79 85 86 88
5 67 68 70 83 87
2 75 86
3 66 72 76
2 77 88
5 73 78 79 80 84
3 65 74 85
2 63 71
6 63 66 73 76 86 87
6 68 69 74 75 78 80
3 65 67 82
5 64 77 79 85 88
3 72 83 84
1 89
1 90
1 91
1 92
1 93
3 92 93 94
1 95
3 92 95 96
5 92 93 94 95 96
1 97
1 98
3 97 98 99
1 100
3 98 100 101
5 97 98 99 100 101
1 102
3 100 102 103
5 98 100 101 102 103
7 97 98 99 100 101 102 103
1 104
3 95 104 105
5 92 95 96 104 105
7 92 93 94 95 96 104 105
1 106
3 104 106 107
5 95 104 105 106 107
7 92 95 96 104 105 106 107
9 92 93 94 95 96 104 105 106 107
1 108
1 109
3 108 109 110
1 111
3 109 111 112
5 108 109 110 111 112
6 90 95 103 106 108 111
3 92 99 101
2 102 112
13 89 91 93 94 96 97 98 100 104 105 107 109 110
1 101
1 105
1 107
1 110
3 95 105 106
3 93 97 103
3 99 107 112
2 91 92
3 90 102 111
2 96 104
2 108 110
5 89 94 98 100 109
1 99
1 103
1 112
2 92 93
8 91 96 103 104 106 108 109 112
3 95 98 107
3 89 90 111
5 97 99 102 105 110
1 94
24 89 90 91 92 93 94 95 96 97 98 99 100 101 102 103 104 105 106 107 108 109 110 111 112
1 96
2 104 107
2 95 111
4 91 99 100 101
3 89 90 98
4 94 97 102 112
6 92 93 103 106 109 110
2 105 108
4 101 102 103 110
2 89 91
2 94 105
4 95 96 98 109
4 97 104 106 111
3 90 99 112
5 92 93 100 107 108
10 90 91 92 94 96 97 99 107 108 111
10 89 93 95 101 102 103 104 105 106 110
4 98 100 109 112
9 90 94 95 99 100 104 106 108 110
9 89 91 93 96 97 102 105 107 109
5 92 98 103 111 112
7 90 93 94 96 100 104 106
5 91 92 102 111 112
6 95 97 103 105 107 110
2 89 98
3 99 101 108
15 89 90 91 92 93 96 98 100 102 103 105 106 109 111 112
5 95 101 104 107 108
1 113
1 114
1 115
1 116
1 117
1 118
1 119
1 120
1 121
1 122
1 123
1 124
3 123 124 125
1 126
1 127
3 126 127 128
1 129
3 127 129 130
5 126 127 128 129 130
1 131
3 123 131 132
3 124 131 133
6 123 124 125 131 132 133
1 134
3 131 134 135
5 123 131 132 134 135
5 124 131 133 134 135
8 123 124 125 131 132 133 134 135
3 127 131 136
5 126 127 128 131 136
5 127 129 130 131 136
7 126 127 128 129 130 131 136
5 123 127 131 132 136
7 123 126 127 128 131 132 136
7 123 127 129 130 131 132 136
9 123 126 127 128 129 130 131 132 136
5 124 127 131 133 136
7 124 126 127 128 131 133 136
7 124 127 129 130 131 133 136
9 124 126 127 128 129 130 131 133 136
8 123 124 125 127 131 132 133 136
10 123 124 125 126 127 128 131 132 133 136
10 123 124 125 127 129 130 131 132 133 136
12 123 124 125 126 127 128 129 130 131 132 133 136
5 127 131 134 135 136
7 126 127 128 131 134 135 136
7 127 129 130 131 134 135 136
9 126 127 128 129 130 131 134 135 136
7 123 127 131 132 134 135 136
9 123 126 127 128 131 132 134 135 136
9 123 127 129 130 131 132 134 135 136
11 123 126 127 128 129 130 131 132 134 135 136
7 124 127 131 133 134 135 136
9 124 126 127 128 131 133 134 135 136
9 124 127 129 130 131 133 134 135 136
11 124 126 127 128 129 130 131 133 134 135 136
10 123 124 125 127 131 132 133 134 135 136
12 123 124 125 126 127 128 131 132 133 134 135 136
12 123 124 125 127 129 130 131 132 133 134 135 136
14 123 124 125 126 127 128 129 130 131 132 133 134 135 136
1 137
1 138
3 137 138 139
1 140
3 138 140 141
5 137 138 139 140 141
1 142
3 137 142 143
5 137 138 139 142 143
7 137 138 139 140 141 142 143
1 144
3 142 144 145
5 137 142 143 144 145
7 137 138 139 142 143 144 145
9 137 138 139 140 141 142 143 144 145
1 146
1 147
3 146 147 148
1 149
1 150
3 149 150 151
1 152
3 142 152 153
5 137 142 143 152 153
7 137 138 139 142 143 152 153
9 137 138 139 140 141 142 143 152 153
5 142 144 145 152 153
7 137 142 143 144 145 152 153
9 137 138 139 142 143 144 145 152 153
11 137 138 139 140 141 142 143 144 145 152 153
1 154
3 152 154 155
5 142 152 153 154 155
7 137 142 143 152 153 154 155
9 137 138 139 142 143 152 153 154 155
11 137 138 139 140 141 142 143 152 153 154 155
7 142 144 145 152 153 154 155
9 137 142 143 144 145 152 153 154 155
11 137 138 139 142 143 144 145 152 153 154 155
13 137 138 139 140 141 142 143 144 145 152 153 154 155
1 156
3 123 156 157
5 123 124 125 156 157
5 123 131 132 156 157
8 123 124 125 131 132 133 156 157
7 123 131 132 134 135 156 157
10 123 124 125 131 132 133 134 135 156 157
7 123 127 131 132 136 156 157
9 123 126 127 128 131 132 136 156 157
9 123 127 129 130 131 132 136 156 157
11 123 126 127 128 129 130 131 132 136 156 157
10 123 124 125 127 131 132 133 136 156 157
12 123 124 125 126 127 128 131 132 133 136 156 157
12 123 124 125 127 129 130 131 132 133 136 156 157
14 123 124 125 126 127 128 129 130 131 132 133 136 156 157
9 123 127 131 132 134 135 136 156 157
11 123 126 127 128 131 132 134 135 136 156 157
11 123 127 129 130 131 132 134 135 136 156 157
13 123 126 127 128 129 130 131 132 134 135 136 156 157
12 123 124 125 127 131 132 133 134 135 136 156 157
14 123 124 125 126 127 128 131 132 133 134 135 136 156 157
14 123 124 125 127 129 130 131 132 133 134 135 136 156 157
16 123 124 125 126 127 128 129 130 131 132 133 134 135 136 156 157
8 117 119 143 144 147 148 153 155
8 116 128 134 137 140 142 145 149
9 115 122 126 130 131 133 135 146 156
5 114 125 127 138 151
15 113 118 120 121 123 124 129 132 136 139 141 150 152 154 157
1 125
1 132
1 133
1 135
1 136
1 141
1 153
1 155
13 114 117 129 131 135 136 139 142 143 145 149 152 156
4 120 121 141 155
3 123 126 154
2 132 148
1 130
7 118 128 134 137 147 150 151
2 144 157
7 115 119 122 133 140 146 153
3 116 125 138
3 113 124 127
1 128
1 139
1 145
1 151
1 157
2 134 151
2 116 123
8 121 127 132 146 147 149 150 156
5 126 136 137 143 157
5 117 125 130 140 153
14 113 118 120 122 129 135 138 139 141 144 145 148 152 154
6 114 119 124 128 131 155
2 115 133
1 148
3 122 138 156
4 126 128 132 148
5 113 133 146 147 151
3 116 125 157
11 114 118 121 123 124 129 130 131 152 153 154
4 119 127 142 145
7 115 117 134 137 139 143 149
4 136 144 150 155
