82 278
1 1
1 2
1 3
3 2 3 4
1 5
1 6
3 5 6 7
1 8
3 2 8 9
5 2 3 4 8 9
3 6 8 10
5 5 6 7 8 10
5 2 6 8 9 10
7 2 3 4 6 8 9 10
7 2 5 6 7 8 9 10
9 2 3 4 5 6 7 8 9 10
4 1 2 4 6
6 3 5 7 8 9 10
1 4
1 7
1 9
1 10
8 1 2 3 4 5 6 7 8
2 1 7
2 8 9
2 2 10
5 4 6 8 9 10
3 1 2 5
2 4 7
4 3 5 8 9
1 11
1 12
3 11 12 13
1 14
3 12 14 15
5 11 12 13 14 15
1 16
1 17
3 16 17 18
2 11 14
4 15 16 17 18
1 13
1 15
2 11 18
2 14 15
4 12 13 16 17
1 18
6 12 13 15 16 17 18
3 12 14 16
4 11 13 15 18
8 11 12 13 14 15 16 17 18
4 12 14 17 18
3 13 15 18
4 12 14 16 17
2 11 12
2 14 17
2 16 18
1 19
1 20
1 21
3 20 21 22
1 23
3 21 23 24
5 20 21 22 23 24
1 25
1 26
3 25 26 27
1 28
3 26 28 29
5 25 26 27 28 29
3 20 23 27
2 22 25
2 21 26
1 24
2 19 29
1 22
1 27
1 29
11 19 20 21 22 23 24 25 26 27 28 29
2 21 22
2 19 28
2 26 27
4 20 23 24 25
5 19 20 24 26 29
6 21 22 23 25 27 28
2 20 26
3 19 22 23
2 21 25
2 27 29
2 25 27
6 19 21 23 24 28 29
5 19 21 22 24 26
2 23 27
2 20 29
5 19 20 22 23 24
3 21 28 29
1 30
1 31
3 30 31 32
1 33
1 34
3 33 34 35
1 36
3 34 36 37
5 33 34 35 36 37
1 38
3 36 38 39
5 34 36 37 38 39
7 33 34 35 36 37 38 39
1 40
3 36 40 41
5 34 36 37 40 41
7 33 34 35 36 37 40 41
5 36 38 39 40 41
7 34 36 37 38 39 40 41
9 33 34 35 36 37 38 39 40 41
2 34 41
5 32 33 36 38 40
1 35
1 37
2 30 39
1 32
2 33 34
1 39
3 31 32 37
6 30 35 36 38 40 41
4 31 34 39 40
8 30 32 33 35 36 37 38 41
3 31 35 38
3 32 37 39
1 41
3 37 38 41
4 30 31 36 40
5 32 33 34 35 39
12 30 31 32 33 34 35 36 37 38 39 40 41
3 31 33 41
3 34 36 38
3 37 39 40
2 36 39
4 30 31 40 41
5 32 33 34 37 38
4 33 36 39 41
6 30 31 35 37 38 40
2 32 34
1 42
1 43
1 44
3 43 44 45
1 46
3 44 46 47
5 43 44 45 46 47
1 48
3 46 48 49
5 44 46 47 48 49
7 43 44 45 46 47 48 49
4 42 45 48 49
1 45
1 47
1 49
3 44 47 49
3 43 45 46
2 42 48
8 42 43 44 45 46 47 48 49
7 42 43 45 46 47 48 49
1 50
1 51
1 52
3 51 52 53
1 54
3 52 54 55
5 51 52 53 54 55
1 56
3 52 56 57
5 51 52 53 56 57
3 54 56 58
6 52 54 55 56 57 58
8 51 52 53 54 55 56 57 58
1 57
2 53 56
3 50 51 54
1 58
1 55
9 50 51 52 53 54 55 56 57 58
1 53
2 53 54
2 50 56
2 51 58
2 52 57
8 50 51 53 54 55 56 57 58
4 50 51 55 57
5 52 53 54 56 58
6 50 51 52 53 55 56
2 54 57
2 56 57
2 52 54
5 50 51 53 55 58
4 51 53 55 56
5 50 52 54 57 58
2 50 51
5 52 54 55 57 58
3 53 55 57
3 50 51 58
2 53 55
4 50 51 54 57
3 52 53 54
3 52 55 58
6 51 53 54 55 57 58
2 52 56
8 50 51 52 53 54 56 57 58
2 50 55
3 51 56 57
1 59
1 60
1 61
3 60 61 62
1 63
3 61 63 64
5 60 61 62 63 64
1 65
3 63 65 66
5 61 63 64 65 66
7 60 61 62 63 64 65 66
1 67
3 65 67 68
5 63 65 66 67 68
7 61 63 64 65 66 67 68
9 60 61 62 63 64 65 66 67 68
6 60 61 64 66 67 68
4 59 62 63 65
2 59 60
2 62 68
2 61 65
1 64
2 66 67
1 62
4 61 63 67 68
2 62 65
3 59 60 66
1 66
1 68
2 64 68
2 59 65
3 60 62 63
10 59 60 61 62 63 64 65 66 67 68
2 62 66
2 59 67
2 65 68
4 61 64 66 67
1 69
1 70
1 71
1 72
1 73
3 72 73 74
1 75
3 73 75 76
5 72 73 74 75 76
1 77
1 78
3 77 78 79
1 80
1 81
3 80 81 82
7 70 71 72 75 77 78 81
7 69 73 74 76 79 80 82
1 79
7 70 73 75 76 77 78 80
4 69 71 79 82
3 72 74 81
1 74
1 76
1 82
2 69 77
4 70 73 78 79
2 71 75
5 74 76 80 81 82
3 69 71 76
7 70 73 74 75 77 78 82
