247 1196
1 1
1 2
3 1 2 3
1 4
3 2 4 5
5 1 2 3 4 5
1 6
3 2 6 7
5 1 2 3 6 7
5 2 4 5 6 7
7 1 2 3 4 5 6 7
1 8
3 6 8 9
5 2 6 7 8 9
7 1 2 3 6 7 8 9
7 2 4 5 6 7 8 9
9 1 2 3 4 5 6 7 8 9
1 10
3 6 10 11
5 2 6 7 10 11
7 1 2 3 6 7 10 11
7 2 4 5 6 7 10 11
9 1 2 3 4 5 6 7 10 11
5 6 8 9 10 11
7 2 6 7 8 9 10 11
9 1 2 3 6 7 8 9 10 11
9 2 4 5 6 7 8 9 10 11
11 1 2 3 4 5 6 7 8 9 10 11
1 12
3 1 12 13
5 1 2 3 12 13
7 1 2 3 4 5 12 13
7 1 2 3 6 7 12 13
9 1 2 3 4 5 6 7 12 13
9 1 2 3 6 7 8 9 12 13
11 1 2 3 4 5 6 7 8 9 12 13
9 1 2 3 6 7 10 11 12 13
11 1 2 3 4 5 6 7 10 11 12 13
11 1 2 3 6 7 8 9 10 11 12 13
13 1 2 3 4 5 6 7 8 9 10 11 12 13
1 14
3 10 14 15
5 6 10 11 14 15
7 2 6 7 10 11 14 15
9 1 2 3 6 7 10 11 14 15
9 2 4 5 6 7 10 11 14 15
11 1 2 3 4 5 6 7 10 11 14 15
7 6 8 9 10 11 14 15
9 2 6 7 8 9 10 11 14 15
11 1 2 3 6 7 8 9 10 11 14 15
11 2 4 5 6 7 8 9 10 11 14 15
13 1 2 3 4 5 6 7 8 9 10 11 14 15
11 1 2 3 6 7 10 11 12 13 14 15
13 1 2 3 4 5 6 7 10 11 12 13 14 15
13 1 2 3 6 7 8 9 10 11 12 13 14 15
15 1 2 3 4 5 6 7 8 9 10 11 12 13 14 15
1 16
3 12 16 17
5 1 12 13 16 17
7 1 2 3 12 13 16 17
9 1 2 3 4 5 12 13 16 17
9 1 2 3 6 7 12 13 16 17
11 1 2 3 4 5 6 7 12 13 16 17
11 1 2 3 6 7 8 9 12 13 16 17
13 1 2 3 4 5 6 7 8 9 12 13 16 17
11 1 2 3 6 7 10 11 12 13 16 17
13 1 2 3 4 5 6 7 10 11 12 13 16 17
13 1 2 3 6 7 8 9 10 11 12 13 16 17
15 1 2 3 4 5 6 7 8 9 10 11 12 13 16 17
3 14 16 18
5 10 14 15 16 18
7 6 10 11 14 15 16 18
9 2 6 7 10 11 14 15 16 18
11 1 2 3 6 7 10 11 14 15 16 18
11 2 4 5 6 7 10 11 14 15 16 18
13 1 2 3 4 5 6 7 10 11 14 15 16 18
9 6 8 9 10 11 14 15 16 18
11 2 6 7 8 9 10 11 14 15 16 18
13 1 2 3 6 7 8 9 10 11 14 15 16 18
13 2 4 5 6 7 8 9 10 11 14 15 16 18
15 1 2 3 4 5 6 7 8 9 10 11 14 15 16 18
5 12 14 16 17 18
7 1 12 13 14 16 17 18
9 1 2 3 12 13 14 16 17 18
11 1 2 3 4 5 12 13 14 16 17 18
11 1 2 3 6 7 12 13 14 16 17 18
13 1 2 3 4 5 6 7 12 13 14 16 17 18
13 1 2 3 6 7 8 9 12 13 14 16 17 18
15 1 2 3 4 5 6 7 8 9 12 13 14 16 17 18
7 10 12 14 15 16 17 18
9 6 10 11 12 14 15 16 17 18
11 2 6 7 10 11 12 14 15 16 17 18
13 2 4 5 6 7 10 11 12 14 15 16 17 18
11 6 8 9 10 11 12 14 15 16 17 18
13 2 6 7 8 9 10 11 12 14 15 16 17 18
15 2 4 5 6 7 8 9 10 11 12 14 15 16 17 18
9 1 10 12 13 14 15 16 17 18
11 1 2 3 10 12 13 14 15 16 17 18
13 1 2 3 4 5 10 12 13 14 15 16 17 18
11 1 6 10 11 12 13 14 15 16 17 18
14 1 2 3 6 7 10 11 12 13 14 15 16 17 18
16 1 2 3 4 5 6 7 10 11 12 13 14 15 16 17 18
13 1 6 8 9 10 11 12 13 14 15 16 17 18
16 1 2 3 6 7 8 9 10 11 12 13 14 15 16 17 18
18 1 2 3 4 5 6 7 8 9 10 11 12 13 14 15 16 17 18
2 4 9
2 8 11
2 3 16
8 1 5 6 7 12 13 14 17
1 15
1 18
1 3
1 5
1 9
1 13
1 17
6 1 3 7 13 14 15
3 5 9 12
7 2 4 6 8 10 16 18
2 11 17
1 7
12 1 4 5 6 7 8 12 13 14 16 17 18
5 3 9 10 11 15
4 2 10 11 15
11 1 3 4 5 6 8 9 12 14 17 18
3 7 13 16
4 3 4 7 10
13 1 2 5 6 8 9 11 12 13 14 15 16 18
3 4 7 15
2 5 17
2 6 8
7 2 3 10 11 13 14 18
1 11
8 1 2 4 6 7 10 13 18
4 3 8 9 12
4 11 14 16 17
3 2 13 16
3 9 12 14
3 3 8 17
9 1 4 5 6 7 10 11 15 18
6 2 5 8 11 16 17
3 4 6 12
8 1 3 7 9 10 13 14 18
6 3 5 12 13 14 15
12 1 2 4 6 7 8 9 10 11 16 17 18
2 4 6
7 1 3 7 9 14 17 18
5 5 8 12 13 16
8 1 2 4 6 10 12 16 17
2 5 8
2 3 7
2 11 15
4 2 12 14 18
2 7 8
2 1 6
5 3 11 13 15 17
3 4 10 16
7 7 8 9 11 13 15 17
3 1 3 4
2 6 16
2 2 12
3 4 8 12
5 2 5 7 13 14
10 1 3 6 9 10 11 15 16 17 18
2 12 17
5 5 7 10 15 18
3 4 9 13
3 3 8 14
1 19
1 20
3 19 20 21
1 22
3 20 22 23
5 19 20 21 22 23
1 24
3 22 24 25
5 20 22 23 24 25
7 19 20 21 22 23 24 25
1 26
1 27
3 26 27 28
1 29
3 27 29 30
5 26 27 28 29 30
1 31
3 27 31 32
5 26 27 28 31 32
5 27 29 30 31 32
7 26 27 28 29 30 31 32
1 33
3 29 33 34
5 27 29 30 33 34
7 26 27 28 29 30 33 34
3 31 33 35
5 27 31 32 33 35
7 26 27 28 31 32 33 35
5 29 31 33 34 35
8 27 29 30 31 32 33 34 35
10 26 27 28 29 30 31 32 33 34 35
1 36
3 29 36 37
5 27 29 30 36 37
7 26 27 28 29 30 36 37
7 27 29 30 31 32 36 37
9 26 27 28 29 30 31 32 36 37
5 29 33 34 36 37
7 27 29 30 33 34 36 37
9 26 27 28 29 30 33 34 36 37
7 29 31 33 34 35 36 37
10 27 29 30 31 32 33 34 35 36 37
12 26 27 28 29 30 31 32 33 34 35 36 37
1 38
3 36 38 39
5 29 36 37 38 39
7 27 29 30 36 37 38 39
9 26 27 28 29 30 36 37 38 39
9 27 29 30 31 32 36 37 38 39
11 26 27 28 29 30 31 32 36 37 38 39
7 29 33 34 36 37 38 39
9 27 29 30 33 34 36 37 38 39
11 26 27 28 29 30 33 34 36 37 38 39
9 29 31 33 34 35 36 37 38 39
12 27 29 30 31 32 33 34 35 36 37 38 39
14 26 27 28 29 30 31 32 33 34 35 36 37 38 39
1 40
3 38 40 41
5 36 38 39 40 41
7 29 36 37 38 39 40 41
9 27 29 30 36 37 38 39 40 41
11 26 27 28 29 30 36 37 38 39 40 41
11 27 29 30 31 32 36 37 38 39 40 41
13 26 27 28 29 30 31 32 36 37 38 39 40 41
9 29 33 34 36 37 38 39 40 41
11 27 29 30 33 34 36 37 38 39 40 41
13 26 27 28 29 30 33 34 36 37 38 39 40 41
11 29 31 33 34 35 36 37 38 39 40 41
14 27 29 30 31 32 33 34 35 36 37 38 39 40 41
16 26 27 28 29 30 31 32 33 34 35 36 37 38 39 40 41
4 23 25 27 30
2 28 29
2 33 38
4 20 21 40 41
7 19 22 24 31 32 34 35
3 26 36 39
1 37
1 25
1 30
1 32
1 41
18 19 20 21 22 23 24 25 26 28 29 30 31 33 35 37 39 40 41
5 27 32 34 36 38
1 21
1 23
1 35
1 39
13 21 23 24 27 28 30 32 33 35 36 39 40 41
10 19 20 22 25 26 29 31 34 37 38
1 28
9 20 21 24 26 27 29 31 37 38
14 19 22 23 25 28 30 32 33 34 35 36 39 40 41
1 34
17 20 21 22 23 24 25 27 28 29 30 33 34 36 38 39 40 41
4 19 26 31 32
5 26 31 33 34 35
5 22 23 32 36 40
2 37 39
2 24 27
7 19 20 25 29 30 38 41
3 20 24 41
2 31 33
2 35 36
2 22 26
3 19 29 37
3 25 28 30
5 23 27 32 34 40
2 21 38
23 19 20 21 22 23 24 25 26 27 28 29 30 31 32 33 34 35 36 37 38 39 40 41
3 21 25 31
4 26 37 38 39
15 19 20 22 23 24 27 28 29 30 33 34 35 36 40 41
14 19 20 22 25 28 29 30 31 34 35 36 37 39 41
7 24 26 27 32 33 38 40
2 23 35
4 21 22 24 39
3 19 27 32
5 26 30 36 37 41
4 20 25 28 29
6 25 27 31 34 36 37
17 19 20 21 22 23 24 26 28 29 30 32 33 35 38 39 40 41
2 24 41
2 33 37
2 28 30
4 22 25 27 34
3 21 31 39
3 23 35 38
4 20 26 29 40
2 19 36
2 22 28
2 20 37
15 19 21 23 24 26 27 29 30 31 32 33 34 36 38 39
2 35 40
2 25 41
1 42
1 43
1 44
3 43 44 45
1 46
3 43 46 47
5 43 44 45 46 47
1 48
3 46 48 49
5 43 46 47 48 49
7 43 44 45 46 47 48 49
1 50
3 48 50 51
5 46 48 49 50 51
7 43 46 47 48 49 50 51
9 43 44 45 46 47 48 49 50 51
1 52
3 48 52 53
5 46 48 49 52 53
7 43 46 47 48 49 52 53
9 43 44 45 46 47 48 49 52 53
3 50 52 54
6 48 50 51 52 53 54
8 46 48 49 50 51 52 53 54
10 43 46 47 48 49 50 51 52 53 54
12 43 44 45 46 47 48 49 50 51 52 53 54
1 55
3 52 55 56
5 48 52 53 55 56
7 46 48 49 52 53 55 56
9 43 46 47 48 49 52 53 55 56
11 43 44 45 46 47 48 49 52 53 55 56
5 50 52 54 55 56
8 48 50 51 52 53 54 55 56
10 46 48 49 50 51 52 53 54 55 56
12 43 46 47 48 49 50 51 52 53 54 55 56
14 43 44 45 46 47 48 49 50 51 52 53 54 55 56
1 57
3 52 57 58
5 48 52 53 57 58
7 46 48 49 52 53 57 58
9 43 46 47 48 49 52 53 57 58
11 43 44 45 46 47 48 49 52 53 57 58
5 50 52 54 57 58
8 48 50 51 52 53 54 57 58
10 46 48 49 50 51 52 53 54 57 58
12 43 46 47 48 49 50 51 52 53 54 57 58
14 43 44 45 46 47 48 49 50 51 52 53 54 57 58
5 52 55 56 57 58
7 48 52 53 55 56 57 58
9 46 48 49 52 53 55 56 57 58
11 43 46 47 48 49 52 53 55 56 57 58
13 43 44 45 46 47 48 49 52 53 55 56 57 58
7 50 52 54 55 56 57 58
10 48 50 51 52 53 54 55 56 57 58
12 46 48 49 50 51 52 53 54 55 56 57 58
14 43 46 47 48 49 50 51 52 53 54 55 56 57 58
16 43 44 45 46 47 48 49 50 51 52 53 54 55 56 57 58
1 59
3 55 59 60
5 52 55 56 59 60
7 48 52 53 55 56 59 60
9 46 48 49 52 53 55 56 59 60
11 43 46 47 48 49 52 53 55 56 59 60
13 43 44 45 46 47 48 49 52 53 55 56 59 60
7 50 52 54 55 56 59 60
10 48 50 51 52 53 54 55 56 59 60
12 46 48 49 50 51 52 53 54 55 56 59 60
14 43 46 47 48 49 50 51 52 53 54 55 56 59 60
16 43 44 45 46 47 48 49 50 51 52 53 54 55 56 59 60
7 52 55 56 57 58 59 60
9 48 52 53 55 56 57 58 59 60
11 46 48 49 52 53 55 56 57 58 59 60
13 43 46 47 48 49 52 53 55 56 57 58 59 60
15 43 44 45 46 47 48 49 52 53 55 56 57 58 59 60
9 50 52 54 55 56 57 58 59 60
12 48 50 51 52 53 54 55 56 57 58 59 60
14 46 48 49 50 51 52 53 54 55 56 57 58 59 60
16 43 46 47 48 49 50 51 52 53 54 55 56 57 58 59 60
18 43 44 45 46 47 48 49 50 51 52 53 54 55 56 57 58 59 60
1 61
1 62
3 61 62 63
4 45 53 55 61
4 50 56 60 62
3 42 54 57
4 48 49 51 63
4 44 47 58 59
3 43 46 52
1 45
1 47
1 53
1 54
1 56
1 58
6 47 49 51 55 56 57
3 44 50 52
6 45 48 53 54 60 61
5 42 43 46 59 63
1 51
1 60
1 63
2 46 62
2 42 47
3 44 48 58
6 49 52 53 54 60 61
2 43 45
2 50 51
4 55 56 59 63
3 52 58 59
8 42 45 46 47 48 51 55 57
6 44 49 53 56 60 63
5 43 50 54 61 62
1 49
4 51 56 57 60
3 42 44 46
5 49 53 54 58 61
5 45 47 52 55 59
3 43 48 50
21 42 43 44 45 46 47 48 49 50 51 52 54 55 56 57 58 59 60 61 62 63
5 47 50 55 61 63
4 42 49 53 59
2 48 57
8 45 46 51 52 56 58 60 62
2 43 54
11 45 46 49 50 52 53 54 55 56 57 60
5 44 51 58 61 62
2 42 43
5 43 47 52 60 62
4 44 46 48 54
4 50 57 58 59
4 42 45 51 56
5 49 53 55 61 63
4 43 48 61 63
2 46 60
11 42 44 45 49 50 51 52 53 54 56 58
8 42 43 45 46 49 50 58 61
2 48 56
3 52 57 60
3 44 47 51
2 62 63
22 42 43 44 45 46 47 48 49 50 51 52 53 54 55 56 57 58 59 60 61 62 63
7 47 48 53 57 59 60 61
9 42 44 45 46 50 51 54 58 62
2 56 63
3 43 49 55
15 42 43 44 45 47 49 50 51 52 53 54 56 59 61 63
5 48 55 57 60 62
1 64
1 65
1 66
1 67
1 68
1 69
1 70
3 69 70 71
1 72
3 70 72 73
5 69 70 71 72 73
1 74
1 75
3 74 75 76
3 70 75 77
5 69 70 71 75 77
5 70 72 73 75 77
7 69 70 71 72 73 75 77
5 70 74 75 76 77
7 69 70 71 74 75 76 77
7 70 72 73 74 75 76 77
9 69 70 71 72 73 74 75 76 77
1 78
3 74 78 79
5 74 75 76 78 79
7 70 74 75 76 77 78 79
9 69 70 71 74 75 76 77 78 79
9 70 72 73 74 75 76 77 78 79
11 69 70 71 72 73 74 75 76 77 78 79
1 80
3 78 80 81
5 74 78 79 80 81
7 74 75 76 78 79 80 81
9 70 74 75 76 77 78 79 80 81
11 69 70 71 74 75 76 77 78 79 80 81
11 70 72 73 74 75 76 77 78 79 80 81
13 69 70 71 72 73 74 75 76 77 78 79 80 81
1 82
3 80 82 83
5 78 80 81 82 83
7 74 78 79 80 81 82 83
9 74 75 76 78 79 80 81 82 83
11 70 74 75 76 77 78 79 80 81 82 83
13 69 70 71 74 75 76 77 78 79 80 81 82 83
13 70 72 73 74 75 76 77 78 79 80 81 82 83
15 69 70 71 72 73 74 75 76 77 78 79 80 81 82 83
4 70 75 78 83
1 81
4 74 76 77 80
2 64 71
5 66 67 69 73 79
2 72 82
1 71
1 73
16 64 65 66 69 70 71 72 73 75 77 78 79 80 81 82 83
4 67 68 74 76
1 76
1 77
1 83
20 64 65 66 67 68 69 70 71 72 73 74 75 76 77 78 79 80 81 82 83
1 79
2 65 76
5 68 72 77 78 82
3 70 73 80
4 74 75 79 83
2 71 81
3 64 67 74
2 75 83
6 69 70 73 76 80 81
2 72 79
3 65 71 77
4 64 72 74 77
6 67 68 71 73 76 79
8 65 66 69 70 75 78 80 81
8 65 66 67 71 74 77 79 83
12 64 68 69 70 72 73 75 76 78 80 81 82
5 73 75 79 81 82
2 67 83
2 64 78
2 69 70
2 66 77
4 65 71 74 80
1 84
1 85
1 86
1 87
1 88
3 87 88 89
1 90
3 88 90 91
5 87 88 89 90 91
1 92
3 88 92 93
5 87 88 89 92 93
5 88 90 91 92 93
7 87 88 89 90 91 92 93
1 94
1 95
3 94 95 96
1 97
1 98
3 97 98 99
1 100
3 97 100 101
3 98 100 102
6 97 98 99 100 101 102
1 103
3 100 103 104
5 97 100 101 103 104
5 98 100 102 103 104
8 97 98 99 100 101 102 103 104
2 97 104
10 85 86 88 89 91 94 96 99 101 103
2 87 90
5 92 93 98 100 102
1 89
1 93
1 96
1 99
1 101
1 102
1 104
4 84 88 90 103
5 95 100 101 102 104
1 91
2 89 97
8 86 87 92 93 94 96 98 99
4 84 93 99 102
3 91 97 101
2 90 94
4 85 98 103 104
7 87 88 89 92 95 96 100
8 86 90 95 96 98 99 102 104
4 85 88 92 103
9 84 87 89 91 93 94 97 100 101
1 105
1 106
3 105 106 107
1 108
3 106 108 109
5 105 106 107 108 109
1 110
3 108 110 111
5 106 108 109 110 111
7 105 106 107 108 109 110 111
1 112
3 110 112 113
5 108 110 111 112 113
7 106 108 109 110 111 112 113
9 105 106 107 108 109 110 111 112 113
1 114
1 115
3 114 115 116
1 117
3 114 117 118
3 115 117 119
6 114 115 116 117 118 119
1 120
3 117 120 121
5 114 117 118 120 121
5 115 117 119 120 121
8 114 115 116 117 118 119 120 121
1 122
3 120 122 123
5 117 120 121 122 123
7 114 117 118 120 121 122 123
7 115 117 119 120 121 122 123
10 114 115 116 117 118 119 120 121 122 123
1 124
1 125
3 124 125 126
3 122 125 127
5 120 122 123 125 127
7 117 120 121 122 123 125 127
9 114 117 118 120 121 122 123 125 127
9 115 117 119 120 121 122 123 125 127
12 114 115 116 117 118 119 120 121 122 123 125 127
5 122 124 125 126 127
7 120 122 123 124 125 126 127
9 117 120 121 122 123 124 125 126 127
11 114 117 118 120 121 122 123 124 125 126 127
11 115 117 119 120 121 122 123 124 125 126 127
14 114 115 116 117 118 119 120 121 122 123 124 125 126 127
1 128
3 125 128 129
5 124 125 126 128 129
5 122 125 127 128 129
7 120 122 123 125 127 128 129
9 117 120 121 122 123 125 127 128 129
11 114 117 118 120 121 122 123 125 127 128 129
11 115 117 119 120 121 122 123 125 127 128 129
14 114 115 116 117 118 119 120 121 122 123 125 127 128 129
7 122 124 125 126 127 128 129
9 120 122 123 124 125 126 127 128 129
11 117 120 121 122 123 124 125 126 127 128 129
13 114 117 118 120 121 122 123 124 125 126 127 128 129
13 115 117 119 120 121 122 123 124 125 126 127 128 129
16 114 115 116 117 118 119 120 121 122 123 124 125 126 127 128 129
15 106 108 109 110 112 113 115 116 118 120 121 122 123 126 128
10 105 107 111 114 117 119 124 125 127 129
1 111
1 116
1 118
1 129
4 107 110 112 128
10 106 109 111 114 117 118 119 122 125 126
10 105 108 113 116 120 121 123 124 127 129
1 123
1 126
1 127
2 113 114
6 107 109 110 118 121 125
2 106 129
2 120 124
5 105 117 119 126 127
3 111 116 123
3 112 122 128
1 130
1 131
1 132
1 133
1 134
3 133 134 135
1 136
1 137
3 136 137 138
1 139
3 137 139 140
5 136 137 138 139 140
1 141
1 142
3 141 142 143
3 132 138 139
2 135 137
4 130 133 136 143
3 140 141 142
1 135
1 143
10 130 131 132 134 135 139 140 141 142 143
4 133 136 137 138
1 140
7 131 132 133 134 135 137 141
6 130 136 138 139 140 143
2 133 134
12 130 131 132 135 136 137 138 139 140 141 142 143
14 130 131 132 133 134 135 136 137 138 139 140 141 142 143
7 130 131 132 133 138 142 143
7 134 135 136 137 139 140 141
1 144
1 145
1 146
1 147
1 148
1 149
1 150
3 149 150 151
1 152
3 150 152 153
5 149 150 151 152 153
1 154
1 155
3 154 155 156
1 157
3 154 157 158
5 154 155 156 157 158
1 159
1 160
3 159 160 161
1 162
3 152 162 163
5 150 152 153 162 163
7 149 150 151 152 153 162 163
3 148 152 160
10 144 145 150 151 155 157 158 159 161 162
2 147 153
3 146 149 163
1 156
1 158
4 146 150 157 162
12 144 145 148 151 152 153 154 155 156 160 161 163
3 147 158 159
1 151
1 153
1 161
1 163
2 146 150
12 144 147 149 151 155 156 157 158 160 161 162 163
6 146 148 156 159 160 161
2 154 157
11 144 145 147 149 151 152 153 155 158 162 163
14 146 147 148 151 152 153 154 155 156 158 159 160 162 163
6 144 145 149 150 157 161
6 144 148 150 157 158 163
4 146 147 152 154
5 149 153 156 161 162
3 145 159 160
2 162 163
5 147 153 154 155 158
13 144 145 146 148 149 150 151 152 156 157 159 160 161
1 164
1 165
1 166
1 167
1 168
3 167 168 169
1 170
1 171
3 170 171 172
3 167 171 173
5 167 168 169 171 173
5 167 170 171 172 173
7 167 168 169 170 171 172 173
1 174
1 175
3 174 175 176
3 171 175 177
5 170 171 172 175 177
5 167 171 173 175 177
7 167 168 169 171 173 175 177
7 167 170 171 172 173 175 177
9 167 168 169 170 171 172 173 175 177
5 171 174 175 176 177
7 170 171 172 174 175 176 177
7 167 171 173 174 175 176 177
9 167 168 169 171 173 174 175 176 177
9 167 170 171 172 173 174 175 176 177
11 167 168 169 170 171 172 173 174 175 176 177
3 171 174 176
2 165 167
7 164 166 169 172 173 175 177
1 172
1 173
1 176
2 164 174
2 167 168
5 172 173 175 176 177
3 166 170 171
1 169
1 177
2 164 173
4 166 170 172 174
2 169 177
3 167 171 176
2 165 175
12 164 165 166 167 168 169 170 172 173 174 175 176
2 171 177
4 164 169 170 176
4 167 173 174 175
3 165 172 177
4 166 170 176 177
3 164 168 174
3 165 169 171
2 172 175
2 167 173
14 164 165 166 167 168 169 170 171 172 173 174 175 176 177
1 178
1 179
1 180
3 179 180 181
1 182
1 183
3 182 183 184
1 185
1 186
3 185 186 187
1 188
3 182 188 189
5 182 183 184 188 189
1 190
3 186 190 191
5 185 186 187 190 191
1 192
3 190 192 193
5 186 190 191 192 193
7 185 186 187 190 191 192 193
1 194
3 183 194 195
5 182 183 184 194 195
7 182 183 184 188 189 194 195
1 196
3 180 196 197
5 179 180 181 196 197
1 198
3 196 198 199
5 180 196 197 198 199
7 179 180 181 196 197 198 199
1 184
2 178 181
3 186 195 198
3 188 197 199
2 180 187
9 182 185 189 190 191 192 193 194 196
1 181
1 187
1 189
1 191
1 193
1 197
1 199
21 178 180 181 182 183 184 185 186 187 188 189 190 191 192 193 194 195 196 197 198 199
1 195
18 178 179 180 182 183 185 186 187 188 189 190 193 194 195 196 197 198 199
3 184 191 192
22 178 179 180 181 182 183 184 185 186 187 188 189 190 191 192 193 194 195 196 197 198 199
7 179 184 188 195 196 197 198
2 180 186
2 183 189
2 181 191
3 190 193 199
4 185 187 192 194
2 178 182
3 188 189 195
7 179 180 181 183 192 194 197
2 182 193
7 184 185 187 191 196 198 199
6 180 183 192 195 198 199
10 184 185 186 188 189 190 191 194 196 197
6 178 179 181 182 187 193
2 187 192
3 184 197 199
5 182 185 195 196 198
5 183 189 191 193 194
2 188 190
2 179 186
2 183 190
8 178 179 182 188 191 193 194 196
2 184 192
4 180 187 189 197
6 181 185 186 195 198 199
1 200
1 201
1 202
1 203
1 204
3 203 204 205
1 206
3 204 206 207
5 203 204 205 206 207
1 208
3 206 208 209
5 204 206 207 208 209
7 203 204 205 206 207 208 209
1 210
3 208 210 211
5 206 208 209 210 211
7 204 206 207 208 209 210 211
9 203 204 205 206 207 208 209 210 211
1 212
3 208 212 213
5 206 208 209 212 213
7 204 206 207 208 209 212 213
9 203 204 205 206 207 208 209 212 213
5 208 210 211 212 213
7 206 208 209 210 211 212 213
9 204 206 207 208 209 210 211 212 213
11 203 204 205 206 207 208 209 210 211 212 213
1 214
3 212 214 215
5 208 212 213 214 215
7 206 208 209 212 213 214 215
9 204 206 207 208 209 212 213 214 215
11 203 204 205 206 207 208 209 212 213 214 215
7 208 210 211 212 213 214 215
9 206 208 209 210 211 212 213 214 215
11 204 206 207 208 209 210 211 212 213 214 215
13 203 204 205 206 207 208 209 210 211 212 213 214 215
1 216
3 208 216 217
5 206 208 209 216 217
7 204 206 207 208 209 216 217
9 203 204 205 206 207 208 209 216 217
5 208 210 211 216 217
7 206 208 209 210 211 216 217
9 204 206 207 208 209 210 211 216 217
11 203 204 205 206 207 208 209 210 211 216 217
5 208 212 213 216 217
7 206 208 209 212 213 216 217
9 204 206 207 208 209 212 213 216 217
11 203 204 205 206 207 208 209 212 213 216 217
7 208 210 211 212 213 216 217
9 206 208 209 210 211 212 213 216 217
11 204 206 207 208 209 210 211 212 213 216 217
13 203 204 205 206 207 208 209 210 211 212 213 216 217
3 214 216 218
5 212 214 215 216 218
5 208 214 216 217 218
7 206 208 209 214 216 217 218
9 204 206 207 208 209 214 216 217 218
11 203 204 205 206 207 208 209 214 216 217 218
7 208 210 211 214 216 217 218
9 206 208 209 210 211 214 216 217 218
11 204 206 207 208 209 210 211 214 216 217 218
13 203 204 205 206 207 208 209 210 211 214 216 217 218
8 208 212 213 214 215 216 217 218
10 206 208 209 212 213 214 215 216 217 218
12 204 206 207 208 209 212 213 214 215 216 217 218
14 203 204 205 206 207 208 209 212 213 214 215 216 217 218
10 208 210 211 212 213 214 215 216 217 218
12 206 208 209 210 211 212 213 214 215 216 217 218
14 204 206 207 208 209 210 211 212 213 214 215 216 217 218
16 203 204 205 206 207 208 209 210 211 212 213 214 215 216 217 218
1 219
3 208 219 220
5 206 208 209 219 220
7 204 206 207 208 209 219 220
9 203 204 205 206 207 208 209 219 220
5 208 210 211 219 220
7 206 208 209 210 211 219 220
9 204 206 207 208 209 210 211 219 220
11 203 204 205 206 207 208 209 210 211 219 220
5 208 212 213 219 220
7 206 208 209 212 213 219 220
9 204 206 207 208 209 212 213 219 220
11 203 204 205 206 207 208 209 212 213 219 220
7 208 210 211 212 213 219 220
9 206 208 209 210 211 212 213 219 220
11 204 206 207 208 209 210 211 212 213 219 220
13 203 204 205 206 207 208 209 210 211 212 213 219 220
7 208 212 213 214 215 219 220
9 206 208 209 212 213 214 215 219 220
11 204 206 207 208 209 212 213 214 215 219 220
13 203 204 205 206 207 208 209 212 213 214 215 219 220
9 208 210 211 212 213 214 215 219 220
11 206 208 209 210 211 212 213 214 215 219 220
13 204 206 207 208 209 210 211 212 213 214 215 219 220
15 203 204 205 206 207 208 209 210 211 212 213 214 215 219 220
5 208 216 217 219 220
7 206 208 209 216 217 219 220
9 204 206 207 208 209 216 217 219 220
11 203 204 205 206 207 208 209 216 217 219 220
7 208 210 211 216 217 219 220
9 206 208 209 210 211 216 217 219 220
11 204 206 207 208 209 210 211 216 217 219 220
13 203 204 205 206 207 208 209 210 211 216 217 219 220
7 208 212 213 216 217 219 220
9 206 208 209 212 213 216 217 219 220
11 204 206 207 208 209 212 213 216 217 219 220
13 203 204 205 206 207 208 209 212 213 216 217 219 220
9 208 210 211 212 213 216 217 219 220
11 206 208 209 210 211 212 213 216 217 219 220
13 204 206 207 208 209 210 211 212 213 216 217 219 220
15 203 204 205 206 207 208 209 210 211 212 213 216 217 219 220
7 208 214 216 217 218 219 220
9 206 208 209 214 216 217 218 219 220
11 204 206 207 208 209 214 216 217 218 219 220
13 203 204 205 206 207 208 209 214 216 217 218 219 220
9 208 210 211 214 216 217 218 219 220
11 206 208 209 210 211 214 216 217 218 219 220
13 204 206 207 208 209 210 211 214 216 217 218 219 220
15 203 204 205 206 207 208 209 210 211 214 216 217 218 219 220
10 208 212 213 214 215 216 217 218 219 220
12 206 208 209 212 213 214 215 216 217 218 219 220
14 204 206 207 208 209 212 213 214 215 216 217 218 219 220
16 203 204 205 206 207 208 209 212 213 214 215 216 217 218 219 220
12 208 210 211 212 213 214 215 216 217 218 219 220
14 206 208 209 210 211 212 213 214 215 216 217 218 219 220
16 204 206 207 208 209 210 211 212 213 214 215 216 217 218 219 220
18 203 204 205 206 207 208 209 210 211 212 213 214 215 216 217 218 219 220
3 203 211 213
18 200 201 202 204 205 206 207 208 209 210 212 214 215 216 217 218 219 220
1 211
1 217
1 218
1 220
4 200 205 208 210
2 215 220
6 201 202 203 206 212 217
4 207 209 211 216
4 204 213 214 218
1 205
1 207
1 209
1 213
1 215
5 202 205 207 208 210
4 204 211 213 217
5 201 203 206 209 216
2 200 220
12 200 201 205 209 211 212 214 215 216 217 218 220
2 208 219
2 203 206
3 202 204 207
21 200 201 202 203 204 205 206 207 208 209 210 211 212 213 214 215 216 217 218 219 220
5 206 211 216 217 218
5 200 203 204 205 208
3 201 202 207
3 213 219 220
3 204 212 219
2 202 208
5 207 214 216 218 220
2 215 217
3 206 210 211
2 203 205
2 201 213
20 200 201 202 203 204 205 206 207 208 209 210 211 212 213 214 216 217 218 219 220
11 202 205 208 211 212 213 214 215 216 217 220
2 204 206
8 200 201 203 207 209 210 218 219
4 205 206 215 218
7 201 204 207 209 210 214 219
5 200 202 208 213 216
5 203 211 212 217 220
5 200 208 211 214 215
8 201 202 203 205 212 213 219 220
5 204 206 216 217 218
2 207 210
1 221
1 222
1 223
1 224
3 223 224 225
1 226
3 224 226 227
5 223 224 225 226 227
1 228
3 226 228 229
5 224 226 227 228 229
7 223 224 225 226 227 228 229
1 230
1 231
3 230 231 232
1 233
3 231 233 234
5 230 231 232 233 234
1 235
3 230 235 236
5 230 231 232 235 236
7 230 231 232 233 234 235 236
1 237
3 235 237 238
5 230 235 236 237 238
7 230 231 232 235 236 237 238
9 230 231 232 233 234 235 236 237 238
1 239
3 237 239 240
5 235 237 238 239 240
7 230 235 236 237 238 239 240
9 230 231 232 235 236 237 238 239 240
11 230 231 232 233 234 235 236 237 238 239 240
1 241
3 235 241 242
5 230 235 236 241 242
7 230 231 232 235 236 241 242
9 230 231 232 233 234 235 236 241 242
5 235 237 238 241 242
7 230 235 236 237 238 241 242
9 230 231 232 235 236 237 238 241 242
11 230 231 232 233 234 235 236 237 238 241 242
3 239 241 243
5 237 239 240 241 243
5 235 239 241 242 243
7 230 235 236 239 241 242 243
9 230 231 232 235 236 239 241 242 243
11 230 231 232 233 234 235 236 239 241 242 243
8 235 237 238 239 240 241 242 243
10 230 235 236 237 238 239 240 241 242 243
12 230 231 232 235 236 237 238 239 240 241 242 243
14 230 231 232 233 234 235 236 237 238 239 240 241 242 243
1 244
3 241 244 245
5 235 241 242 244 245
7 230 235 236 241 242 244 245
9 230 231 232 235 236 241 242 244 245
11 230 231 232 233 234 235 236 241 242 244 245
7 235 237 238 241 242 244 245
9 230 235 236 237 238 241 242 244 245
11 230 231 232 235 236 237 238 241 242 244 245
13 230 231 232 233 234 235 236 237 238 241 242 244 245
5 239 241 243 244 245
7 237 239 240 241 243 244 245
7 235 239 241 242 243 244 245
9 230 235 236 239 241 242 243 244 245
11 230 231 232 235 236 239 241 242 243 244 245
13 230 231 232 233 234 235 236 239 241 242 243 244 245
10 235 237 238 239 240 241 242 243 244 245
12 230 235 236 237 238 239 240 241 242 243 244 245
14 230 231 232 235 236 237 238 239 240 241 242 243 244 245
16 230 231 232 233 234 235 236 237 238 239 240 241 242 243 244 245
1 246
3 244 246 247
5 241 244 245 246 247
7 235 241 242 244 245 246 247
9 230 235 236 241 242 244 245 246 247
11 230 231 232 235 236 241 242 244 245 246 247
13 230 231 232 233 234 235 236 241 242 244 245 246 247
9 235 237 238 241 242 244 245 246 247
11 230 235 236 237 238 241 242 244 245 246 247
13 230 231 232 235 236 237 238 241 242 244 245 246 247
15 230 231 232 233 234 235 236 237 238 241 242 244 245 246 247
7 239 241 243 244 245 246 247
9 237 239 240 241 243 244 245 246 247
9 235 239 241 242 243 244 245 246 247
11 230 235 236 239 241 242 243 244 245 246 247
13 230 231 232 235 236 239 241 242 243 244 245 246 247
15 230 231 232 233 234 235 236 239 241 242 243 244 245 246 247
12 235 237 238 239 240 241 242 243 244 245 246 247
14 230 235 236 237 238 239 240 241 242 243 244 245 246 247
16 230 231 232 235 236 237 238 239 240 241 242 243 244 245 246 247
18 230 231 232 233 234 235 236 237 238 239 240 241 242 243 244 245 246 247
4 225 231 244 247
3 228 238 243
15 222 224 226 229 230 232 233 234 235 236 237 239 240 241 245
2 227 246
2 223 242
1 229
1 232
1 234
1 247
2 221 231
5 227 235 236 237 246
7 223 226 233 240 242 243 245
3 222 228 241
2 225 230
2 224 229
3 234 244 247
2 232 239
1 238
1 225
1 227
1 236
1 242
1 245
4 228 230 236 246
3 223 225 232
2 237 241
12 221 222 224 226 234 235 238 239 242 243 245 247
3 227 233 240
3 229 231 244
1 240
1 243
7 222 225 228 229 230 234 245
9 221 223 226 227 232 237 242 243 247
8 224 233 235 236 238 239 240 246
2 231 244
2 229 245
2 222 239
3 226 227 237
9 224 228 231 236 238 240 241 244 246
2 225 242
8 221 223 230 232 234 235 243 247
2 231 236
7 221 225 229 235 240 243 246
4 223 233 234 237
2 230 245
3 224 238 242
3 222 226 227
