97 154
12 1 2 3 4 5 6 7 8 9 10 11 12
4 1 3 6 7
8 2 3 4 7 8 9 10 11
7 1 2 3 5 7 9 10
6 1 3 5 7 9 11
6 1 3 5 8 9 11
4 4 7 9 12
5 4 5 6 8 11
6 2 3 4 7 8 12
7 1 2 3 4 5 6 11
6 1 3 4 6 10 12
9 2 3 4 5 6 8 10 11 12
5 4 6 8 10 12
13 13 14 15 16 17 18 19 20 21 22 23 24 25
8 16 17 19 20 21 23 24 25
4 16 18 19 20
8 14 18 19 20 21 23 24 25
7 15 16 18 19 22 24 25
9 13 14 15 16 17 21 22 23 25
7 15 17 18 19 20 21 22
5 13 16 22 23 25
4 15 17 18 21
10 13 16 17 18 19 20 21 22 23 25
8 15 18 19 20 21 22 23 24
8 13 14 15 19 21 23 24 25
7 15 16 17 18 19 24 25
5 14 17 19 21 22
6 13 16 18 19 20 22
12 26 27 28 29 30 31 32 33 34 35 36 37
4 28 30 34 36
4 26 28 35 36
8 26 27 29 30 31 34 35 36
8 26 29 30 31 32 33 34 37
4 27 31 33 36
8 26 27 28 30 31 32 33 35
7 29 30 31 33 34 35 36
7 27 29 30 31 32 34 35
9 26 27 30 31 32 33 34 36 37
3 26 28 37
7 27 28 30 31 32 33 37
6 27 30 32 33 36 37
8 26 27 28 29 31 32 33 36
10 38 39 40 41 42 43 44 45 46 47
5 39 40 43 45 47
7 38 40 41 42 44 45 47
7 41 42 43 44 45 46 47
7 38 39 43 44 45 46 47
4 39 43 44 45
5 38 41 42 46 47
3 39 44 45
4 41 43 46 47
5 39 41 44 45 47
4 39 42 44 45
5 38 39 40 42 44
12 48 49 50 51 52 53 54 55 56 57 58 59
7 49 51 54 55 56 57 58
4 54 56 57 58
8 48 49 51 52 55 56 58 59
4 49 51 53 58
7 50 52 55 56 57 58 59
3 51 54 55
8 50 51 52 53 54 56 57 59
5 53 54 55 57 59
7 49 52 53 55 56 58 59
4 50 52 54 55
15 60 61 62 63 64 65 66 67 68 69 70 71 72 73 74
11 60 62 63 64 67 68 69 71 72 73 74
4 63 65 68 72
8 62 65 66 67 68 69 70 71
7 60 63 66 68 70 72 73
6 64 65 67 69 72 73
10 60 63 64 65 66 68 69 70 72 74
5 63 66 69 72 74
10 60 61 62 64 67 68 71 72 73 74
8 61 62 66 68 69 71 72 73
9 60 62 63 65 66 69 70 71 72
4 63 66 67 72
6 60 61 63 66 68 72
7 60 62 63 65 67 68 72
13 75 76 77 78 79 80 81 82 83 84 85 86 87
7 75 76 78 82 83 85 87
7 75 78 81 82 84 85 86
7 75 76 78 81 83 86 87
9 75 76 77 79 81 82 85 86 87
5 76 79 84 85 86
6 75 76 79 80 82 84
5 76 78 79 83 86
7 77 78 81 82 84 85 87
9 75 77 78 79 80 83 84 85 86
5 79 80 85 86 87
4 78 79 83 85
7 75 76 80 81 82 83 86
4 79 80 84 85
8 75 76 78 81 82 84 85 86
6 88 89 90 91 92 96
4 93 94 95 97
8 88 89 90 91 92 94 96 97
2 93 95
3 93 94 97
5 89 90 91 96 97
1 95
1 93
1 93
6 88 90 91 92 96 97
5 88 89 91 96 97
1 93
1 95
1 93
3 93 95 97
4 88 91 92 96
3 88 90 91
6 89 90 92 94 96 97
2 93 94
3 93 94 95
1 95
6 90 91 92 94 96 97
1 95
3 94 95 97
3 93 95 97
3 89 91 92
4 91 92 96 97
1 95
4 88 89 90 96
2 94 97
2 95 97
1 95
4 88 93 94 95
3 94 95 96
3 89 91 93
3 90 91 96
3 93 94 95
6 88 90 92 93 94 95
3 93 96 97
4 89 94 95 97
4 88 89 94 95
4 92 93 94 96
4 88 91 92 95
6 88 89 91 93 95 97
6 88 90 91 92 94 95
4 93 94 96 97
6 88 89 90 92 93 94
5 89 90 92 93 97
6 88 89 92 93 95 96
4 90 94 95 97
5 88 92 94 96 97
4 88 89 91 95
5 88 89 92 93 97
4 91 93 96 97
5 88 89 92 93 96
5 88 89 92 94 96
6 90 91 92 94 95 97
3 88 91 95
6 91 92 94 95 96 97
3 88 90 97
