80 152
14 1 2 3 4 5 6 7 8 9 10 11 12 13 14
6 1 2 3 5 10 12
4 7 8 11 14
4 1 2 5 7
4 1 2 4 12
10 1 2 3 6 7 9 11 12 13 14
5 1 4 5 13 14
8 1 2 6 7 8 9 12 13
7 1 2 6 7 8 10 12
7 2 3 5 6 9 12 13
7 1 3 7 9 10 12 13
10 1 2 4 5 7 8 9 11 12 13
4 2 5 7 11
5 1 3 6 9 14
9 1 2 5 6 7 10 11 12 14
11 15 16 17 18 19 20 21 22 23 24 25
6 17 18 19 21 24 25
5 16 19 20 23 25
5 15 17 18 20 22
5 17 18 20 22 25
3 19 20 23
4 15 17 21 25
5 16 17 22 23 25
3 20 21 24
3 16 19 25
8 15 17 18 19 21 22 24 25
4 17 19 23 24
14 26 27 28 29 30 31 32 33 34 35 36 37 38 39
6 26 27 28 29 33 35
7 26 29 30 32 33 36 38
4 26 28 34 36
8 26 27 28 29 31 32 36 38
8 26 30 31 32 34 36 38 39
8 27 29 30 31 32 33 34 35
4 27 32 33 38
10 26 28 29 30 31 34 35 36 37 38
10 27 28 29 30 31 32 34 35 37 38
8 28 29 31 32 33 34 35 36
9 26 27 28 31 32 33 35 36 39
8 28 29 33 34 36 37 38 39
5 27 28 30 34 35
7 28 33 34 36 37 38 39
12 40 41 42 43 44 45 46 47 48 49 50 51
9 41 42 43 44 46 48 49 50 51
3 47 49 51
7 40 41 42 43 45 46 49
6 40 42 48 49 50 51
4 43 45 50 51
3 43 47 50
6 40 41 42 47 48 50
8 40 41 43 44 45 48 49 51
8 42 43 44 45 46 48 49 51
5 41 42 43 47 51
8 41 42 43 44 46 48 50 51
6 40 42 43 44 49 50
14 52 53 54 55 56 57 58 59 60 61 62 63 64 65
10 52 53 55 56 57 60 61 62 63 65
7 52 53 56 58 59 62 65
9 52 53 54 58 59 60 62 63 65
8 52 55 56 61 62 63 64 65
9 53 54 57 58 59 60 61 63 64
8 52 54 55 56 58 59 60 63
5 53 54 57 60 64
4 53 54 60 61
9 52 55 58 59 60 61 63 64 65
6 53 56 57 58 59 61
10 52 54 55 56 57 58 60 61 63 65
6 66 71 74 76 78 80
2 69 72
6 66 67 69 73 74 80
6 70 71 72 76 77 78
9 67 68 69 70 72 73 75 77 79
8 68 70 73 75 77 78 79 80
5 66 67 71 74 76
3 68 75 79
4 70 76 77 78
3 72 76 77
1 69
6 68 70 75 77 79 80
1 69
1 72
5 66 71 74 76 78
7 67 68 70 72 75 77 79
4 66 69 73 74
7 67 68 72 73 75 77 79
7 67 68 69 72 73 75 79
4 68 78 79 80
2 68 75
3 70 71 72
3 66 71 74
5 70 72 76 77 78
4 70 71 76 78
4 66 67 74 76
5 67 68 73 77 79
2 66 76
5 70 71 72 76 78
3 66 67 73
7 68 69 70 72 73 75 79
7 67 68 69 72 75 77 79
4 68 73 75 79
5 69 70 73 75 77
5 66 74 76 78 80
4 70 75 79 80
3 66 74 80
4 71 74 76 80
1 72
1 69
4 68 75 77 80
1 69
3 69 73 74
6 68 69 70 72 73 77
1 79
1 72
6 67 70 74 75 76 79
9 66 67 68 69 72 73 76 79 80
8 66 68 70 72 76 77 78 79
7 69 72 73 75 76 79 80
9 67 68 69 70 71 72 73 77 80
5 70 74 75 77 79
8 66 69 70 71 75 77 78 79
6 67 68 70 73 76 79
7 66 67 73 74 75 76 80
8 66 67 68 69 70 75 76 77
4 70 71 73 76
9 68 70 71 73 74 75 76 77 79
9 66 68 70 71 73 76 77 78 80
9 66 67 68 71 72 74 76 79 80
8 67 69 70 71 74 75 77 80
8 66 70 71 72 74 75 76 80
9 66 67 68 69 70 71 74 76 79
9 68 70 71 72 74 75 78 79 80
8 69 70 71 72 73 75 78 79
9 66 67 68 69 70 72 73 77 79
6 66 67 70 72 74 76
6 66 67 74 76 77 78
6 66 68 69 71 74 78
6 72 75 76 77 79 80
6 67 70 72 73 75 77
6 68 69 71 72 73 80
5 72 74 75 78 79
7 67 69 73 74 75 78 80
9 66 70 71 72 76 77 78 79 80
5 68 71 74 76 80
5 67 69 74 75 76
5 71 73 77 78 80
6 66 67 69 74 75 77
5 69 70 75 78 80
9 66 67 68 69 74 75 76 78 79
5 69 70 74 77 80
5 66 67 74 77 79
8 66 68 70 71 72 75 76 80
7 66 68 70 71 76 78 79
