66 96
13 1 2 3 4 5 6 7 8 9 10 11 12 13
5 1 2 4 10 12
9 1 2 4 5 6 8 9 11 13
5 5 7 9 11 12
8 1 4 5 7 8 10 12 13
4 2 4 5 13
5 2 5 7 10 13
5 3 7 8 9 11
7 1 4 5 6 9 11 12
9 1 3 4 6 7 8 10 11 12
9 2 3 4 5 7 8 10 12 13
7 3 4 6 8 9 11 12
7 1 2 7 9 10 11 12
14 14 15 16 17 18 19 20 21 22 23 24 25 26 27
9 14 15 17 18 19 21 22 23 27
7 14 15 17 18 19 20 24
8 14 16 17 21 22 23 24 26
10 14 16 17 18 20 21 22 23 25 26
5 15 18 21 25 26
4 15 20 22 27
4 16 19 21 25
9 14 15 18 20 21 22 23 24 25
8 14 18 19 20 22 24 25 27
5 19 21 23 24 27
14 28 29 30 31 32 33 34 35 36 37 38 39 40 41
6 30 31 32 34 35 38
8 28 29 32 33 34 36 37 38
5 28 31 32 40 41
10 28 30 31 33 34 37 38 39 40 41
6 31 33 34 35 38 39
9 29 32 33 34 35 36 38 39 40
4 32 34 35 39
8 28 31 33 36 37 38 39 40
5 28 34 35 36 37
8 30 31 33 35 37 38 39 41
10 28 29 30 31 32 34 35 37 39 40
4 30 31 38 39
9 29 31 32 33 34 36 37 39 40
10 42 43 44 45 46 47 48 49 50 51
5 42 43 45 49 51
4 42 47 48 49
7 42 44 45 46 47 48 49
4 43 47 49 51
4 43 45 50 51
4 42 43 45 49
5 45 46 47 48 51
6 42 43 47 48 49 50
3 45 46 47
7 43 44 45 47 48 49 50
4 43 45 47 50
5 43 44 45 47 48
4 52 56 57 60
3 57 59 61
2 55 59
6 52 53 62 63 64 65
7 53 54 58 59 61 64 66
11 53 54 56 58 60 61 62 63 64 65 66
2 52 57
4 55 62 63 65
6 54 55 56 58 60 66
4 53 62 63 64
1 55
3 52 56 57
5 54 55 58 60 66
2 52 60
6 56 58 61 62 63 64
3 55 63 65
5 58 60 61 62 66
2 63 65
3 52 56 60
6 54 56 60 61 63 65
4 55 56 58 60
9 53 54 56 58 60 61 62 65 66
4 53 59 61 66
1 55
4 55 56 58 66
1 57
3 55 63 65
8 52 56 57 58 59 62 64 65
8 55 56 57 60 61 62 64 66
6 52 53 55 56 60 64
6 57 60 61 63 64 65
8 52 54 55 56 58 59 64 65
5 52 53 58 59 66
5 52 55 59 62 64
5 55 56 57 59 60
4 55 61 64 66
6 54 57 59 61 63 66
4 52 60 62 66
8 54 55 56 57 58 60 62 66
8 53 54 57 60 61 63 64 66
10 53 54 57 59 60 61 62 64 65 66
10 53 54 57 59 60 61 62 63 64 65
8 52 55 56 58 59 62 63 66
7 52 54 57 59 61 62 65
5 54 55 57 60 62
