53 76
15 1 2 3 4 5 6 7 8 9 10 11 12 13 14 15
6 2 6 7 10 12 13
6 3 6 8 10 11 15
6 1 4 6 10 11 13
10 4 6 7 8 10 11 12 13 14 15
5 4 5 11 14 15
10 1 2 3 6 8 10 12 13 14 15
5 2 5 8 11 13
7 4 5 7 8 10 11 12
7 1 2 5 6 8 12 15
5 7 9 11 12 15
15 16 17 18 19 20 21 22 23 24 25 26 27 28 29 30
7 16 18 22 26 28 29 30
10 16 18 19 20 21 22 23 26 27 30
6 16 17 20 25 26 28
10 16 17 18 20 23 24 25 27 28 30
8 16 17 18 19 20 21 22 24
10 16 21 22 24 25 26 27 28 29 30
6 16 17 21 23 26 27
6 20 22 23 25 27 30
9 17 18 23 24 25 26 28 29 30
9 16 19 20 23 24 25 28 29 30
13 31 32 33 34 35 36 37 38 39 40 41 42 43
9 31 32 33 36 37 40 41 42 43
7 31 32 35 37 38 40 41
9 31 32 34 35 36 38 40 41 42
6 31 32 33 36 42 43
4 31 32 35 40
6 33 34 36 39 41 42
6 33 36 37 40 41 42
4 33 36 37 38
10 31 32 33 35 36 37 38 40 42 43
6 31 34 36 37 42 43
4 35 36 38 41
9 31 32 33 34 35 36 37 38 39
4 31 33 36 40
3 31 32 42
6 44 46 48 50 51 53
4 45 47 49 52
6 45 46 48 49 52 53
4 44 47 50 51
2 47 49
3 44 47 50
5 46 48 49 52 53
2 44 47
4 44 46 48 50
3 44 50 51
4 45 46 52 53
3 44 47 51
2 45 49
5 45 46 48 49 52
4 46 48 50 51
3 45 47 49
2 45 47
3 45 49 52
2 47 50
3 45 47 52
2 45 52
3 48 51 52
5 44 46 48 49 52
3 45 48 51
5 46 48 50 51 53
4 44 45 46 47
5 44 45 48 50 52
6 45 47 50 51 52 53
6 46 47 48 50 52 53
4 44 48 49 51
3 45 48 49
6 44 45 47 49 50 53
5 44 48 49 50 52
6 45 46 49 50 52 53
3 47 48 50
4 47 49 50 51
6 44 46 47 48 51 52
3 44 50 51
3 46 48 53
