576 2545
5 546 548 559 560 574
1 453
2 514 515
9 343 346 347 350 357 360 365 369 372
4 452 456 459 467
1 59
5 172 173 181 185 188
4 213 214 222 235
2 397 408
3 294 305 307
4 19 27 39 40
3 97 100 113
3 102 108 114
9 521 524 532 533 534 535 538 541 542
3 80 87 90
7 241 246 250 252 258 261 263
3 252 254 258
1 85
6 419 424 431 435 436 444
3 342 358 359
5 554 556 557 562 567
5 395 400 407 408 410
4 215 216 224 234
5 1 4 5 6 14
3 492 502 504
1 114
4 352 354 363 374
4 195 201 208 211
6 376 380 381 384 386 393
1 210
3 350 351 365
1 467
3 103 109 112
6 189 193 198 202 203 211
4 20 22 25 35
6 413 430 432 435 437 447
3 451 469 470
6 348 357 358 362 365 373
3 482 492 508
3 222 235 236
2 128 144
3 28 32 40
2 346 370
1 314
3 395 401 404
5 216 225 226 228 237
6 41 42 54 59 63 69
1 468
2 460 469
8 481 487 491 492 494 500 504 508
1 73
2 257 267
1 453
2 322 323
2 208 211
2 189 193
2 353 373
4 422 423 430 440
6 511 514 516 521 523 531
2 543 560
1 29
2 421 444
3 394 402 406
1 212
4 510 513 514 528
2 493 502
5 473 489 498 502 505
8 544 546 547 548 549 559 572 573
3 97 108 117
2 303 308
7 456 457 458 461 463 465 470
3 224 230 234
3 483 485 491
2 347 374
3 343 357 366
2 10 11
1 181
5 75 76 80 81 83
1 273
3 453 459 466
1 563
4 384 386 391 392
2 475 481
3 19 27 39
2 25 36
5 526 527 530 531 537
1 109
4 190 191 195 202
4 415 443 447 449
4 394 395 396 409
7 19 24 28 29 31 33 39
4 192 195 205 206
1 143
1 455
5 119 137 139 141 151
1 86
1 440
6 423 430 431 433 439 449
4 395 401 406 412
6 122 123 130 132 134 149
9 126 129 131 140 146 148 152 155 157
5 512 513 515 526 541
9 215 224 226 230 231 232 233 234 237
3 220 233 238
6 509 511 520 524 525 530
1 219
3 314 327 331
8 317 320 321 333 334 335 336 341
2 527 529
2 72 96
3 125 131 132
2 355 370
4 310 317 320 332
8 483 488 490 491 495 501 505 506
6 70 74 77 84 92 95
2 495 502
3 4 9 10
3 1 5 15
2 32 35
3 407 408 412
2 190 194
7 344 356 360 361 365 371 375
1 382
5 134 140 149 151 153
1 478
1 175
1 159
1 323
1 328
4 543 544 547 562
4 457 464 468 472
1 391
4 191 194 197 202
12 414 416 418 419 420 428 429 437 439 442 444 446
6 194 197 204 205 208 209
3 194 198 212
3 23 29 32
6 43 51 62 63 66 69
2 74 96
2 350 371
2 214 233
7 160 164 165 172 175 177 183
10 120 127 133 137 139 140 145 153 155 157
10 158 159 168 169 170 172 179 183 185 188
7 478 489 491 496 497 502 508
3 419 433 450
5 452 454 456 460 469
1 5
4 346 348 351 361
2 511 527
1 393
6 343 349 352 365 367 375
4 102 104 109 114
5 352 353 357 366 375
10 118 121 131 132 135 138 148 155 156 157
1 7
2 171 178
3 394 401 412
4 284 302 303 304
9 124 130 133 135 141 149 151 154 156
5 310 320 325 333 338
4 342 359 367 368
5 54 59 61 64 65
4 79 88 90 94
4 396 397 405 406
5 119 136 138 145 147
2 26 27
1 283
2 77 79
5 118 132 144 145 148
6 101 103 104 106 109 113
9 158 163 164 167 168 171 173 187 188
2 527 535
1 175
3 2 6 12
5 17 26 28 32 40
1 456
10 520 521 524 526 527 529 530 534 535 540
6 518 523 525 532 533 542
7 1 7 8 11 12 13 15
3 351 374 375
1 129
1 537
2 528 541
2 431 436
3 202 208 210
9 1 2 3 4 5 7 9 10 12
5 478 498 499 505 506
3 97 99 114
7 124 129 130 136 137 155 157
10 473 475 482 487 491 498 500 504 505 506
1 339
1 456
2 29 35
2 352 361
5 161 163 166 168 175
5 71 82 89 90 93
4 352 369 371 374
8 162 163 164 167 168 170 181 188
3 475 493 508
1 269
1 522
3 244 246 267
1 406
2 218 219
9 418 423 430 435 438 439 444 448 449
4 457 465 470 472
6 277 288 293 296 300 302
3 473 487 497
1 221
4 376 379 385 392
1 204
7 346 351 352 354 357 373 375
1 4
4 97 102 104 116
1 353
2 192 198
1 117
6 510 515 524 528 535 541
3 253 259 262
3 46 48 68
1 502
2 466 467
1 521
3 563 574 575
8 518 521 523 524 525 532 533 542
3 22 38 39
2 460 472
1 1
6 190 194 200 201 202 210
2 376 384
2 400 411
3 475 487 497
3 99 103 114
7 452 455 456 462 466 468 472
2 545 559
2 196 205
7 71 75 81 82 88 89 91
5 193 198 200 207 212
4 561 569 570 571
6 214 222 225 235 236 238
2 13 14
6 43 50 57 60 61 62
1 258
4 42 59 60 64
5 416 419 431 445 450
2 262 263
1 44
9 476 484 487 496 497 499 503 507 508
5 345 346 357 360 371
2 1 9
3 215 216 230
9 97 99 100 107 108 109 112 115 117
8 213 215 219 222 223 234 237 238
5 484 486 491 503 505
5 98 99 110 111 113
4 123 126 137 141
4 4 6 11 13
4 16 18 29 34
2 546 553
2 31 40
2 293 297
6 453 456 466 467 468 470
2 569 571
2 426 437
7 242 247 256 266 269 271 272
4 26 27 32 37
7 18 21 24 31 34 35 37
1 385
2 6 12
1 528
1 49
4 431 437 443 445
5 510 512 516 531 542
4 163 166 181 183
10 473 474 481 490 492 493 498 501 503 505
1 467
9 71 78 82 83 85 86 89 95 96
3 382 387 392
5 350 360 363 366 374
10 119 124 128 129 134 140 142 146 149 151
1 463
1 168
1 425
3 79 86 93
4 553 558 564 568
5 474 490 500 501 505
1 74
1 519
2 455 467
6 418 431 432 443 447 448
3 42 65 66
1 19
1 456
5 161 162 167 180 182
8 43 51 56 60 61 64 65 66
5 97 106 108 112 114
4 256 265 271 272
2 552 566
7 315 316 317 321 324 329 341
2 222 235
1 147
2 501 503
7 167 173 175 180 181 182 186
2 474 487
3 422 434 443
2 484 502
5 41 48 51 52 63
5 46 52 54 60 64
5 456 457 467 470 472
2 416 438
3 316 335 336
10 274 279 282 284 287 290 300 302 303 304
2 525 534
1 529
5 551 556 560 562 569
10 4 5 6 7 8 9 11 12 14 15
1 531
5 311 315 326 327 338
1 7
9 1 2 3 4 6 9 10 13 15
2 380 392
2 562 571
3 28 29 35
10 514 515 526 527 528 530 534 538 539 540
6 342 354 368 369 370 373
1 148
2 195 209
4 316 333 334 340
6 43 45 52 56 57 63
3 417 449 450
1 79
7 511 513 517 518 520 536 537
7 189 190 194 201 207 211 212
7 193 195 200 204 206 210 212
1 117
2 561 570
3 451 468 469
4 278 282 288 309
9 312 313 321 327 328 329 331 333 335
5 531 535 537 538 541
6 344 347 352 362 366 370
4 198 199 206 209
4 216 217 230 237
9 121 122 127 129 131 135 146 152 155
2 458 463
1 411
3 376 379 391
1 202
1 390
9 240 244 247 249 251 254 255 267 270
4 275 285 290 309
2 3 6
3 434 441 450
7 310 313 326 330 332 339 340
5 510 517 535 536 538
3 118 135 153
6 2 5 7 9 10 13
5 161 174 182 183 185
3 281 286 305
6 344 345 351 355 364 365
3 274 283 302
4 127 128 137 153
3 251 258 261
5 453 458 461 465 470
5 216 219 227 231 237
2 191 206
3 480 495 506
3 178 180 182
3 189 194 200
6 42 47 52 53 60 67
6 322 324 327 330 333 336
2 175 181
6 343 346 352 367 372 374
3 191 193 208
3 389 390 391
1 274
3 102 104 105
4 349 353 362 375
1 329
2 105 114
6 394 400 405 406 408 409
3 52 54 60
10 118 131 132 135 140 142 148 153 155 156
1 356
2 110 115
4 122 123 136 149
2 121 124
6 18 21 24 31 35 37
1 203
2 279 287
3 213 214 232
8 509 513 516 518 519 525 530 540
1 404
3 378 388 391
5 196 197 200 201 211
9 476 479 484 485 486 488 489 496 505
1 424
2 397 403
1 466
1 401
10 70 73 74 76 78 84 85 87 90 91
6 240 243 255 256 266 267
7 346 347 354 371 372 373 374
7 21 22 24 30 31 38 40
5 21 26 31 36 38
1 145
1 457
1 334
1 2
1 142
3 453 455 468
3 547 564 567
1 208
3 8 12 15
4 557 565 568 572
4 194 201 207 210
3 525 532 539
3 554 558 559
2 485 503
4 120 124 152 155
5 125 129 133 151 156
1 433
1 102
2 395 408
3 225 227 236
7 159 163 166 167 170 174 184
6 518 525 528 529 531 532
2 461 465
3 2 7 13
6 190 196 202 203 205 208
3 61 62 69
5 475 478 480 491 505
6 377 380 382 385 388 393
4 195 199 202 212
4 83 88 91 94
5 194 197 199 207 209
3 162 174 186
4 99 102 105 108
5 256 257 260 265 266
6 215 222 231 233 235 238
4 523 525 530 531
7 521 523 524 525 532 533 542
2 391 393
2 358 368
1 422
9 41 44 48 52 55 57 59 61 66
2 219 233
3 545 547 570
3 82 84 85
4 553 554 556 560
6 552 554 555 567 575 576
9 240 249 254 257 260 261 264 267 268
5 194 198 200 204 208
1 315
2 399 405
6 189 190 191 198 204 210
4 241 252 254 264
4 103 111 112 117
2 189 209
2 219 234
7 348 350 352 358 361 362 374
2 458 462
4 396 397 399 407
1 369
6 159 165 174 181 184 186
1 107
7 159 160 169 172 182 184 185
1 62
2 241 251
1 191
2 241 266
2 310 319
1 136
6 274 283 290 295 298 303
7 378 379 380 385 386 391 392
2 263 272
1 13
8 348 350 352 358 361 362 369 374
2 100 110
3 414 432 450
2 462 466
6 195 199 203 204 206 211
2 279 288
3 454 458 463
3 460 461 462
2 319 337
1 326
1 202
6 2 5 6 9 10 11
1 181
5 342 354 368 370 373
2 86 87
8 20 23 24 26 35 37 38 40
5 358 362 363 364 372
1 493
4 511 521 533 534
5 419 424 426 429 446
8 215 221 226 227 229 231 234 238
5 273 300 306 308 309
3 256 261 269
3 2 4 13
4 200 207 208 210
2 228 233
2 2 12
8 512 516 527 528 530 531 537 540
6 163 170 171 176 180 181
5 547 552 561 565 574
2 176 177
7 16 20 25 27 30 36 38
6 462 465 466 467 468 470
8 17 18 23 25 26 27 35 36
4 427 437 438 445
5 41 47 50 53 60
1 81
8 74 75 77 79 83 84 85 87
8 342 349 353 354 358 361 372 373
2 122 150
1 110
3 484 494 508
3 257 262 263
1 463
2 149 154
3 452 457 461
2 61 63
3 129 139 151
2 254 270
6 473 480 481 490 497 498
4 397 402 403 410
5 158 168 171 173 179
10 118 121 131 132 138 140 144 148 155 156
3 473 474 486
5 473 474 484 493 507
2 104 107
1 200
2 122 154
6 417 427 437 439 441 443
5 273 278 279 281 296
1 451
3 1 10 12
6 189 190 192 195 204 211
5 478 484 490 495 503
1 66
3 159 176 186
9 317 320 321 331 333 334 335 336 341
2 381 387
3 133 153 154
10 513 518 519 520 524 529 532 534 539 542
4 511 514 523 529
5 249 256 258 262 267
9 213 216 219 222 224 226 229 234 235
9 417 420 427 434 435 436 437 438 448
4 396 402 406 410
1 237
5 190 199 200 206 211
2 124 147
2 343 366
2 2 5
2 258 262
3 418 426 429
1 393
1 352
1 101
3 44 52 68
2 53 58
2 524 526
1 17
8 158 166 170 173 174 178 180 182
2 316 335
8 246 249 250 251 253 266 268 271
4 44 46 47 54
9 122 123 134 135 136 144 149 155 156
4 217 218 225 235
6 397 399 400 401 404 408
2 32 37
2 400 411
6 98 100 102 106 110 117
4 521 525 541 542
1 399
11 550 553 554 556 563 565 569 570 571 572 575
2 391 393
6 119 128 142 149 152 155
2 415 447
5 475 477 488 493 496
5 1 4 5 11 13
4 348 356 357 366
4 78 88 89 92
3 311 312 329
2 556 576
8 543 545 547 550 557 561 566 576
1 273
1 141
2 72 79
6 121 135 136 137 142 147
1 446
4 416 433 441 449
1 162
3 356 361 368
3 483 489 501
6 100 101 104 105 108 114
5 241 248 249 260 264
3 381 387 391
8 344 345 351 353 355 364 365 367
3 100 110 114
3 397 405 410
6 395 398 399 402 403 404
1 53
3 513 524 540
5 343 361 363 366 375
4 452 454 463 471
7 16 19 21 25 30 31 34
1 200
8 550 553 554 556 569 570 571 572
5 45 48 50 62 66
3 193 196 199
3 388 389 391
1 330
3 273 281 295
4 545 559 565 568
1 236
2 22 29
4 97 100 106 111
1 186
1 186
7 191 200 201 202 207 208 210
5 345 347 353 369 370
1 219
4 281 287 305 307
2 165 176
6 476 484 485 490 503 507
8 72 76 77 79 83 92 94 96
2 474 506
6 413 416 424 426 429 446
2 109 115
6 243 245 250 259 268 270
5 118 119 144 145 153
7 239 250 253 260 262 266 269
1 202
5 529 534 536 538 539
9 119 123 134 136 138 142 143 144 147
2 406 409
2 401 406
2 377 388
3 6 7 14
9 510 515 517 518 526 528 530 534 538
5 98 101 106 110 115
4 479 481 496 503
1 394
1 340
3 458 461 472
7 510 518 522 532 533 537 540
5 318 319 324 326 334
3 355 356 370
3 47 53 69
1 256
6 118 121 127 137 150 153
6 475 493 497 498 499 505
5 219 220 223 227 229
6 70 85 87 93 94 96
10 240 243 244 256 257 260 264 266 267 272
6 158 166 170 179 185 188
6 4 5 8 9 10 11
2 189 206
3 343 345 371
1 450
3 483 498 502
2 456 465
3 351 361 363
1 186
2 283 291
4 45 54 61 63
8 161 163 168 172 177 179 182 186
2 414 443
2 74 94
4 239 245 263 272
2 387 393
5 124 130 135 141 156
5 395 397 398 400 402
3 416 440 450
5 159 163 166 175 184
4 359 366 369 375
2 196 201
1 530
5 512 527 530 533 537
7 553 557 561 565 566 571 573
5 240 244 246 252 264
7 552 554 564 566 569 571 575
5 424 428 437 441 444
2 2 6
11 276 277 278 279 284 288 289 291 295 301 303
4 276 285 294 302
5 123 129 133 136 149
8 99 101 104 108 111 112 115 117
2 297 309
5 320 322 324 326 332
4 417 433 439 440
13 310 311 316 317 318 319 330 334 337 338 339 340 341
2 544 574
4 463 465 466 468
1 469
2 22 24
1 208
4 553 562 565 569
2 355 371
6 119 120 125 137 142 146
3 377 379 388
7 163 164 165 167 173 176 184
7 280 284 288 295 296 303 304
6 97 103 107 111 112 117
4 239 261 263 265
6 161 162 165 171 174 175
4 214 216 224 238
7 99 100 104 107 108 115 117
1 71
5 3 7 8 12 13
2 118 144
6 310 312 320 330 338 341
9 548 550 551 552 556 558 562 566 573
1 328
11 476 480 484 485 487 496 497 499 503 507 508
5 97 100 106 111 113
6 214 220 223 227 228 238
6 474 478 488 490 502 508
4 245 260 264 266
4 474 479 489 504
3 431 440 445
10 310 314 315 326 327 331 332 338 339 341
5 160 167 172 183 184
1 202
12 118 121 131 132 135 138 140 144 148 155 156 157
4 274 298 302 307
3 401 405 409
1 343
13 544 546 548 552 555 558 559 560 561 562 573 574 576
6 123 127 130 139 142 145
8 242 253 255 256 258 259 260 267
3 216 234 236
9 547 548 550 552 558 561 566 573 575
2 519 528
4 283 295 300 306
4 120 144 152 155
1 184
7 239 242 245 246 251 261 271
3 489 495 502
10 73 79 83 86 87 89 90 93 95 96
3 256 269 272
2 205 209
2 87 95
6 243 245 255 259 268 270
2 107 116
2 397 410
2 380 383
5 101 106 113 115 117
9 245 247 249 251 254 257 259 270 271
8 240 244 246 247 254 256 265 266
8 275 277 278 279 285 299 300 306
8 425 426 427 436 438 440 443 446
2 377 390
12 276 277 278 279 284 288 289 291 295 296 301 303
1 529
5 413 418 420 428 444
3 97 106 112
5 239 240 251 258 261
2 196 197
2 205 209
6 119 121 131 134 135 143
3 200 202 209
3 192 195 208
1 518
6 1 8 10 13 14 15
4 250 257 264 266
4 120 121 135 141
7 1 2 5 8 9 13 14
1 512
4 172 173 178 188
5 43 44 46 51 69
1 470
1 83
4 561 569 570 571
5 451 452 458 462 463
3 310 313 317
6 246 248 250 257 262 268
7 160 164 167 168 173 178 188
1 109
3 54 60 64
1 446
9 550 553 554 563 569 570 571 572 575
3 385 391 393
2 555 560
6 453 455 457 464 471 472
8 426 429 433 434 436 437 449 450
2 349 360
3 23 31 32
1 109
6 1 6 7 8 10 15
5 285 290 300 308 309
1 388
5 518 521 528 532 542
1 56
4 16 24 27 28
1 9
8 311 316 317 329 335 338 340 341
2 459 472
1 92
2 218 237
5 394 397 403 404 410
4 275 282 297 301
1 382
3 54 56 64
4 557 565 568 572
1 408
4 202 205 210 211
9 276 282 289 290 292 294 300 302 309
2 78 93
2 347 374
3 348 357 375
5 275 277 283 289 301
6 550 551 554 557 566 569
4 395 399 400 403
7 275 282 285 298 304 308 309
3 344 356 362
3 162 170 187
2 383 384
3 200 201 211
4 454 458 470 472
6 476 482 483 486 497 500
4 427 432 441 449
3 422 427 446
7 553 554 563 569 571 572 575
3 414 429 434
2 220 223
2 230 237
3 357 360 368
1 213
6 281 287 294 304 305 307
3 514 538 542
2 125 132
2 430 439
8 473 476 482 485 489 493 494 505
4 254 256 270 271
4 548 551 562 575
1 284
3 122 128 136
4 174 178 181 183
6 312 314 328 330 334 336
1 531
5 509 520 522 530 538
3 485 491 494
1 271
5 189 192 199 211 212
1 533
4 16 17 27 34
4 98 104 105 114
2 481 502
4 3 5 13 15
3 297 305 308
4 214 219 235 237
6 43 47 60 63 64 66
8 119 123 134 136 142 143 144 147
9 213 216 219 221 225 233 234 236 237
1 1
2 97 101
1 113
2 17 40
3 122 132 141
7 43 51 55 57 59 63 68
1 117
1 70
1 15
2 189 212
3 1 12 15
3 280 286 292
5 314 315 317 335 340
6 454 455 460 463 468 472
3 399 409 411
1 444
2 45 56
1 224
1 195
2 561 572
2 105 107
4 74 79 94 96
3 241 253 256
2 402 408
4 1 5 8 10
2 403 404
1 469
2 193 212
1 115
10 342 343 349 357 358 365 366 369 372 375
10 41 42 46 48 49 51 52 56 61 68
6 122 123 124 134 139 151
3 380 391 392
1 196
1 221
6 397 401 402 403 408 412
1 357
2 166 171
8 509 511 514 520 522 527 529 535
3 227 228 233
1 451
2 531 542
7 344 345 353 355 364 365 367
1 344
1 450
2 163 186
1 24
7 414 423 429 430 439 445 449
3 193 208 211
5 158 166 167 173 188
7 282 284 290 292 300 302 304
9 311 319 322 324 325 327 330 338 339
3 342 365 371
6 45 53 57 63 65 69
7 543 544 545 558 566 570 571
1 409
4 24 25 30 35
1 95
4 193 200 204 207
7 41 44 56 58 61 65 67
5 516 536 537 541 542
1 11
5 5 6 10 12 13
2 336 341
2 523 536
3 1 8 12
3 311 314 340
9 544 548 561 564 566 569 573 574 575
5 511 516 519 534 541
5 17 24 29 31 36
2 58 67
3 312 317 337
3 219 220 229
5 125 126 131 140 157
6 191 193 194 200 202 204
3 102 110 115
2 531 533
2 200 209
1 54
4 159 167 168 177
5 315 316 318 324 329
8 162 165 170 173 174 181 184 186
5 481 487 492 494 508
5 49 59 63 66 68
5 192 193 203 204 205
1 193
5 122 123 133 149 153
2 399 411
4 100 104 111 117
4 98 102 110 113
3 515 521 542
2 519 541
1 9
5 378 379 383 390 393
3 73 82 85
1 359
3 378 381 389
3 400 404 409
5 73 80 86 87 91
6 189 193 195 199 205 209
5 74 75 77 81 85
9 239 243 251 255 257 264 266 268 270
3 244 254 255
6 1 6 7 9 11 12
3 7 13 14
9 413 417 424 426 431 434 438 441 443
6 82 84 87 89 90 94
1 504
2 2 9
6 127 128 129 130 143 145
1 447
1 317
4 47 56 65 68
7 345 350 355 359 362 364 371
1 152
6 16 19 20 25 34 40
4 481 490 492 495
3 201 206 210
1 505
6 18 23 25 30 39 40
2 222 225
2 573 576
1 396
9 192 193 197 198 199 200 202 207 209
8 478 482 497 498 499 501 505 506
4 425 427 441 445
4 218 221 224 234
10 160 161 165 170 171 174 179 184 185 186
2 254 272
8 543 545 547 549 557 564 566 568
1 234
2 452 464
2 242 246
6 122 133 136 149 153 154
6 451 458 466 468 470 471
1 502
1 385
1 384
5 102 105 109 114 116
3 546 563 564
1 260
1 361
2 163 165
6 451 453 457 463 468 469
1 531
1 78
1 75
2 362 374
2 377 383
3 395 396 407
4 423 437 444 445
7 161 170 171 179 180 181 188
1 432
4 103 106 116 117
3 3 10 11
6 72 78 79 83 84 95
4 3 7 14 15
2 512 527
6 276 285 290 293 298 300
4 368 370 371 374
10 240 245 250 253 258 262 264 266 270 271
1 433
4 515 520 531 534
3 397 405 406
1 328
4 473 480 494 498
3 193 201 210
5 20 30 32 35 37
5 169 173 174 176 184
6 344 347 348 351 353 373
8 97 101 103 105 106 112 113 115
2 455 470
6 313 316 328 336 337 341
2 277 294
1 43
2 100 117
2 380 381
7 160 161 168 172 177 182 184
1 380
8 16 21 22 30 31 34 36 40
5 316 321 327 328 331
3 48 51 63
2 322 327
1 196
4 162 166 173 184
2 474 492
10 158 159 160 164 166 171 179 185 186 188
9 473 478 482 493 497 498 502 504 508
1 404
7 241 245 253 259 260 262 263
1 60
2 417 448
6 310 311 315 316 325 331
1 376
5 49 51 64 66 68
8 240 244 245 255 259 261 265 272
6 101 103 104 108 111 117
4 190 199 201 208
5 18 19 32 33 38
6 454 455 458 460 464 471
1 568
1 73
4 160 164 166 181
1 393
3 547 559 564
1 111
2 359 375
3 23 24 25
5 71 73 74 77 86
2 292 309
3 347 351 353
9 476 477 482 488 495 496 497 498 499
1 2
2 455 468
9 415 418 423 425 429 440 444 447 448
2 516 523
2 3 11
5 129 146 148 152 155
1 99
3 18 30 40
5 106 107 113 115 117
9 192 193 197 200 203 204 208 211 212
2 21 31
1 256
4 16 23 25 34
5 43 48 49 65 68
3 1 10 13
2 285 292
2 3 8
4 129 140 145 149
3 170 180 184
3 346 358 366
1 22
1 218
1 158
5 477 478 483 489 506
4 98 101 104 110
2 101 106
4 419 425 439 445
1 435
2 264 269
4 433 436 439 448
3 221 227 232
3 215 216 228
2 399 412
6 453 456 457 458 460 466
2 377 379
9 479 482 493 494 498 499 502 503 508
2 44 68
3 165 175 176
1 17
2 419 422
6 97 98 100 106 107 113
2 388 391
3 420 421 447
1 397
2 453 462
4 41 43 48 63
1 175
4 342 347 366 368
2 137 146
1 9
1 456
2 241 262
5 348 356 357 363 366
3 48 62 66
5 142 147 148 150 152
1 264
7 214 220 223 226 228 234 235
10 479 481 482 488 493 494 497 500 501 503
3 398 400 407
4 544 563 574 575
4 455 458 467 470
1 465
6 189 191 193 203 204 207
1 461
6 517 523 529 531 534 539
4 356 357 369 374
6 342 355 359 365 369 375
1 44
6 398 401 405 408 409 410
7 214 217 223 226 229 231 237
3 275 283 301
8 118 126 131 132 137 141 142 150
3 311 331 339
7 474 478 482 492 494 498 500
4 158 167 168 188
2 422 433
2 444 450
1 181
1 443
2 21 40
3 21 34 36
1 7
5 196 197 201 210 211
3 54 55 69
2 316 340
10 473 476 479 481 486 487 492 493 496 498
8 414 416 418 419 421 425 428 434
4 9 12 14 15
1 462
9 72 74 75 79 80 81 83 84 93
1 301
1 210
3 224 226 233
2 240 267
5 189 192 194 198 200
9 474 478 482 484 489 490 492 503 504
2 461 472
2 194 210
6 555 563 564 565 569 576
11 119 124 125 126 137 139 141 146 147 148 151
9 395 397 403 404 408 409 410 411 412
3 554 563 574
4 239 245 271 272
2 191 202
1 390
2 97 101
4 509 527 532 542
3 314 325 331
1 313
1 2
7 97 99 100 101 107 112 114
2 124 147
3 102 108 113
1 443
1 45
6 481 488 490 501 506 507
1 361
11 342 343 348 357 358 360 366 367 368 371 372
6 127 129 134 137 151 153
4 140 148 152 157
5 119 132 134 136 138
3 20 32 35
2 458 463
4 314 327 335 338
2 487 508
4 248 249 260 264
4 19 23 29 39
4 42 48 49 58
1 40
3 347 350 356
3 23 25 30
2 158 186
5 462 464 467 470 471
1 197
4 317 322 323 337
6 2 4 5 7 12 14
4 510 519 522 528
7 553 556 563 565 570 571 572
6 77 80 85 89 90 93
1 353
3 454 455 471
2 364 374
3 543 561 571
2 31 37
2 312 324
1 166
3 55 66 68
4 190 193 195 207
2 461 464
2 413 438
3 482 485 505
3 104 106 116
2 315 325
5 98 107 110 113 114
5 345 346 349 365 371
6 479 482 495 499 502 508
4 416 433 435 437
5 288 289 293 298 306
3 73 75 92
8 420 421 425 428 432 433 443 450
8 3 4 5 7 9 11 14 15
1 427
3 159 160 168
6 189 193 199 200 207 209
1 450
3 43 46 67
2 111 112
6 219 225 226 227 230 238
6 194 199 205 208 210 211
7 41 47 52 53 57 67 68
4 23 36 37 39
1 501
2 441 443
2 453 465
2 285 309
2 79 86
8 473 481 487 494 500 503 504 507
8 41 45 46 57 60 62 65 68
4 197 200 201 211
3 377 386 390
3 103 108 113
2 50 68
6 242 253 256 261 264 265
1 388
2 316 321
6 394 397 401 404 408 412
4 488 490 491 497
1 73
2 458 471
3 483 490 503
2 478 484
11 274 279 282 284 287 290 292 300 302 303 304
2 483 486
1 477
6 381 383 386 390 391 393
4 189 195 196 201
5 191 192 206 209 211
8 413 416 418 419 426 429 446 449
1 223
3 192 198 211
1 561
5 376 382 385 386 391
2 11 12
9 190 191 200 202 203 207 208 209 212
1 238
9 311 316 318 330 334 338 339 340 341
4 16 19 33 38
1 521
2 495 506
5 509 525 526 529 536
3 123 142 143
4 241 259 262 263
4 78 81 87 92
3 510 524 531
2 443 450
2 289 293
6 76 77 83 90 94 96
1 392
2 53 69
3 123 149 153
1 431
7 548 550 556 558 566 568 573
5 43 64 67 68 69
2 464 468
1 17
6 314 320 326 335 338 340
6 483 490 491 495 501 506
9 511 514 515 516 517 518 519 534 542
6 474 476 494 500 501 508
10 278 280 286 291 293 296 298 299 306 307
3 386 389 392
5 413 417 421 424 434
5 16 25 27 36 38
5 192 193 195 199 201
4 426 431 439 442
6 475 479 490 495 496 508
5 511 514 523 529 533
8 161 163 168 172 177 179 181 186
9 310 313 315 320 323 331 332 336 341
2 400 408
2 4 13
6 342 344 348 365 367 371
6 240 241 251 252 259 267
1 370
2 273 277
1 60
6 348 356 357 363 366 375
6 2 3 6 9 10 15
2 433 450
5 511 513 520 536 537
9 119 121 123 125 128 132 139 143 157
4 120 130 135 141
2 288 297
5 51 55 57 59 68
3 78 89 91
4 3 10 11 14
1 82
4 455 463 470 471
5 376 379 384 386 387
2 544 575
7 240 242 247 249 260 264 265
3 351 364 367
3 70 91 95
3 399 403 406
6 475 492 496 497 502 508
4 104 105 113 114
4 416 446 447 449
5 197 202 203 208 209
1 115
1 358
6 416 425 426 437 443 447
1 253
2 351 354
1 527
2 494 506
1 93
7 546 549 554 557 562 563 569
2 382 393
1 58
3 125 139 145
5 344 346 354 358 374
1 194
3 120 139 146
1 441
3 46 57 69
4 394 395 397 409
5 161 165 173 177 185
6 482 483 489 492 503 504
3 278 281 285
3 204 208 210
7 544 553 557 563 568 572 576
3 565 569 571
4 394 403 410 412
3 418 439 445
1 175
1 109
2 21 36
6 273 288 289 295 297 305
1 390
5 313 328 329 332 338
2 126 155
10 118 122 123 126 131 134 135 138 141 145
2 99 107
2 109 111
1 436
5 476 484 485 490 507
12 415 419 422 423 424 428 430 431 432 436 440 444
1 206
8 244 247 248 249 252 267 268 272
2 2 11
2 16 32
2 196 199
7 515 523 524 526 532 533 541
3 246 256 269
3 105 108 116
3 451 466 472
4 97 101 106 111
4 344 347 348 353
2 414 429
1 575
6 420 426 439 442 445 446
5 280 282 286 292 299
9 395 396 397 398 400 405 407 411 412
6 397 399 400 403 404 406
8 76 82 86 87 90 92 93 94
1 6
1 150
6 214 220 228 231 233 235
7 118 121 127 128 137 150 153
1 8
4 273 281 287 294
6 250 251 253 254 255 262
5 120 125 132 139 145
3 165 168 177
7 193 194 204 207 208 209 212
5 4 5 7 10 14
1 68
2 422 435
1 383
2 478 484
3 192 193 204
6 394 395 402 403 405 409
6 121 122 132 134 136 152
6 381 382 383 387 389 392
4 519 523 533 540
3 47 54 55
1 46
5 164 165 173 176 184
4 164 171 172 177
7 17 21 24 25 27 28 30
3 2 3 13
3 434 443 450
2 159 163
2 112 113
5 545 547 559 564 567
4 214 222 224 229
5 119 131 138 141 157
3 478 490 496
3 70 79 85
4 473 484 503 508
6 161 162 163 166 182 188
1 7
1 107
2 457 470
7 515 517 518 526 534 539 541
2 219 221
4 243 250 259 270
1 524
3 164 176 181
1 551
6 544 551 558 559 564 570
1 531
2 7 10
3 443 447 449
4 160 164 167 184
5 47 52 53 63 69
2 94 95
1 574
3 79 80 81
2 254 256
6 73 74 77 85 88 90
5 520 529 533 539 542
5 16 28 33 38 40
1 389
3 100 116 117
6 100 105 108 110 111 117
6 550 551 552 562 566 573
2 190 208
6 515 518 519 523 537 539
1 315
3 132 152 154
10 70 71 73 74 76 77 80 86 95 96
4 473 476 478 492
3 377 381 384
6 192 196 204 205 207 209
1 392
4 342 349 358 362
2 204 205
8 190 194 197 198 201 202 203 205
9 41 44 47 51 52 61 62 64 65
3 287 297 306
4 53 59 67 68
1 426
2 399 411
5 377 380 382 384 393
1 567
5 193 200 203 211 212
7 481 487 491 492 500 504 508
6 18 19 25 30 34 37
1 494
4 244 246 251 267
7 549 553 557 565 568 572 576
4 118 129 135 153
1 9
1 258
2 50 66
5 16 27 30 36 38
7 427 434 443 444 445 446 448
5 120 125 139 146 150
3 378 388 389
2 258 271
1 243
2 158 173
4 104 106 107 113
1 323
1 512
7 122 123 133 136 149 153 154
1 479
5 199 202 205 210 212
6 413 418 424 429 446 449
8 273 282 289 291 296 300 301 305
5 451 452 458 466 468
8 217 221 223 225 226 227 232 236
8 190 192 197 202 205 207 210 211
2 289 301
8 97 99 103 104 105 109 116 117
2 7 14
3 377 379 388
6 380 383 385 386 388 390
7 119 121 126 136 141 146 148
1 269
3 356 364 372
8 189 191 192 195 196 198 205 208
2 20 31
3 290 300 306
2 513 541
2 434 441
1 555
2 318 325
3 521 525 529
3 99 109 116
1 527
1 466
5 2 11 12 14 15
4 398 409 410 412
7 119 125 137 142 146 150 151
3 509 533 536
8 240 241 244 246 249 252 264 271
3 513 515 526
6 1 5 8 12 13 14
6 474 478 486 491 497 505
3 254 257 264
6 215 217 219 226 231 234
4 344 347 353 373
3 3 5 15
1 395
3 119 127 128
1 400
1 228
2 30 33
4 196 197 200 211
1 359
5 129 131 140 148 155
3 376 377 390
10 273 274 279 280 283 292 294 297 305 308
2 193 209
8 273 283 284 293 297 299 301 304
1 234
1 266
4 401 403 411 412
4 524 529 531 539
6 511 517 519 520 524 535
3 399 403 407
7 41 44 45 51 62 64 67
2 169 171
4 46 52 54 60
1 175
3 349 355 358
2 423 430
8 547 548 550 562 564 566 573 575
5 418 421 424 449 450
3 543 555 560
6 189 192 196 206 207 208
4 16 25 32 36
1 531
4 344 356 360 362
1 63
1 99
4 215 217 218 231
6 239 257 261 262 263 265
1 13
1 261
11 413 417 421 424 426 431 434 435 436 438 448
2 570 571
7 514 517 518 520 526 530 537
2 44 65
6 127 129 135 141 145 155
6 45 47 50 52 58 66
1 128
4 70 72 87 95
1 254
6 241 246 252 258 270 272
3 521 525 542
1 475
1 358
3 130 131 137
1 481
7 320 322 323 324 326 332 336
10 274 279 282 284 287 290 292 300 303 304
2 218 231
5 376 377 381 385 392
1 33
9 123 124 135 138 142 144 145 148 153
2 56 58
1 407
2 295 296
3 195 205 209
3 190 206 210
4 98 103 116 117
6 191 196 199 206 208 212
4 403 406 407 410
3 458 462 468
2 2 4
6 194 197 202 208 210 212
6 98 99 100 107 109 116
3 194 196 201
1 197
8 126 129 131 140 146 148 152 157
2 192 198
5 346 349 351 371 375
6 158 161 173 174 184 187
2 443 447
2 399 411
6 245 248 259 263 265 267
7 240 245 253 256 258 260 264
6 414 418 421 429 431 435
2 461 468
10 514 516 521 523 529 531 536 538 539 540
1 68
6 280 288 292 293 299 308
2 315 333
2 367 370
4 99 103 109 112
5 513 520 534 536 540
6 120 122 125 132 133 155
1 468
5 119 123 136 143 147
8 162 163 168 174 177 181 184 188
2 10 14
1 427
2 552 555
1 22
2 109 112
7 97 98 102 108 110 116 117
1 7
5 98 101 106 109 112
1 328
6 514 516 517 520 522 525
3 200 201 206
4 275 277 283 289
3 218 233 237
6 313 314 327 332 335 338
4 514 518 519 523
2 416 432
1 68
4 397 403 410 412
5 198 199 201 209 212
6 70 71 72 76 82 91
1 109
1 386
1 212
1 98
2 435 441
3 17 28 40
6 3 4 6 12 13 15
2 119 147
3 26 27 37
6 42 44 55 56 57 69
2 276 308
2 6 9
4 515 533 538 541
8 46 48 51 53 55 58 64 67
2 287 307
2 18 40
1 65
1 544
5 395 396 402 406 412
3 221 228 230
9 159 160 164 169 173 174 178 185 188
10 509 510 511 513 519 521 523 531 538 540
5 102 103 104 107 110
4 217 219 231 234
3 16 23 25
1 272
3 418 427 438
2 162 186
1 203
3 402 407 408
3 24 31 34
4 170 172 185 187
4 545 551 559 571
2 103 114
4 345 350 356 364
2 158 172
3 124 127 152
1 377
3 160 171 180
1 309
1 230
3 434 441 450
8 451 453 454 457 460 465 466 471
2 289 301
9 474 480 486 488 494 497 498 503 508
11 547 548 550 553 556 557 565 568 570 572 575
10 122 125 126 130 131 136 137 140 152 155
1 454
3 2 12 15
3 529 536 539
2 479 488
2 190 208
2 42 69
1 88
3 159 168 188
2 376 392
5 159 162 166 169 178
15 509 510 512 514 515 522 526 527 528 530 532 533 534 535 538
4 82 89 94 96
4 82 87 89 94
5 2 6 10 12 13
6 423 427 433 443 448 449
4 72 78 83 95
1 116
2 406 409
4 553 560 566 571
1 187
4 526 532 539 542
4 135 149 152 156
2 101 106
2 515 519
8 376 377 382 383 386 387 390 391
3 457 462 470
2 418 432
2 159 166
2 100 104
6 98 103 110 113 115 116
6 417 421 436 444 447 450
5 486 495 496 501 508
4 70 83 85 93
6 414 429 431 433 443 449
1 331
2 493 505
5 17 22 31 35 36
10 128 129 136 139 142 146 149 150 151 155
2 357 375
3 453 455 465
3 322 328 340
1 105
2 419 424
10 158 159 168 169 172 173 175 181 186 188
1 538
1 299
3 245 256 258
3 192 196 203
2 133 149
2 193 208
10 1 2 3 4 5 6 7 8 12 15
2 119 120
1 114
5 479 480 490 503 507
6 310 315 316 320 328 340
9 413 416 418 419 424 426 429 446 449
3 451 453 456
1 414
1 460
5 544 549 551 559 575
6 75 81 83 87 92 94
4 380 382 385 386
10 413 422 425 433 439 440 441 443 444 446
1 540
8 414 415 421 423 430 435 441 443
1 375
5 511 514 520 523 529
6 50 59 62 63 67 69
5 72 74 85 88 93
4 195 206 207 211
6 2 3 5 6 9 11
3 519 523 527
7 418 419 431 439 441 443 445
4 376 381 384 388
9 159 162 164 168 170 174 181 186 188
1 189
5 395 397 405 410 411
3 23 34 36
2 97 99
2 190 194
3 99 102 104
1 349
1 327
4 434 441 443 450
3 342 370 373
5 21 25 30 34 36
3 462 466 472
2 89 91
3 315 318 332
8 474 477 481 483 484 491 494 498
2 452 459
9 3 4 5 6 7 9 10 12 15
1 47
6 545 548 552 566 567 568
2 360 367
6 190 194 202 203 207 208
5 548 553 560 566 575
6 415 428 430 439 440 448
2 376 392
1 216
3 56 65 68
2 376 390
3 190 194 208
1 133
8 479 484 485 486 488 489 496 505
3 72 84 95
2 511 529
5 240 242 247 261 265
6 192 193 203 207 208 210
4 76 83 90 94
8 213 214 218 219 223 225 237 238
2 161 186
2 529 536
5 543 547 553 555 570
1 92
3 198 203 211
2 560 568
1 55
5 219 221 232 234 237
7 545 547 548 551 554 566 573
2 5 15
12 415 418 419 424 429 431 432 438 439 440 442 444
1 174
8 273 275 285 298 300 306 308 309
5 239 243 253 261 272
3 520 533 537
3 79 85 91
3 349 356 363
2 286 308
4 511 521 525 538
4 77 84 92 95
7 247 253 261 262 264 270 272
4 380 381 385 387
10 342 343 346 353 354 357 358 360 363 369
1 13
7 190 192 194 200 202 203 210
4 319 320 324 329
1 87
2 477 481
2 12 14
2 1 7
3 560 565 572
2 49 57
8 546 548 552 554 555 557 570 572
1 193
2 45 54
1 405
1 331
3 376 383 387
2 377 382
4 196 197 200 211
2 328 330
2 516 531
4 513 525 530 537
2 99 105
6 29 30 33 34 37 38
4 119 122 126 144
4 276 297 305 308
1 383
1 177
3 378 380 381
1 87
1 190
6 1 2 5 11 13 14
10 159 161 163 168 176 179 181 183 186 187
1 466
4 195 199 202 204
1 378
4 515 526 535 540
4 376 377 379 388
4 104 108 109 111
10 342 344 347 352 354 356 368 371 372 375
1 477
4 191 193 197 205
5 477 488 496 497 500
4 361 368 372 374
12 413 415 418 419 422 428 431 432 434 438 440 442
4 24 31 36 38
2 106 111
2 515 534
1 408
2 47 55
2 553 565
2 353 359
4 7 8 10 11
7 278 287 290 291 297 298 302
9 161 163 168 172 177 179 181 182 186
4 193 203 204 205
2 162 187
5 320 323 327 330 335
1 240
8 419 422 423 425 427 430 440 444
5 119 136 146 149 152
4 379 386 392 393
1 86
1 542
5 348 354 363 369 370
3 319 324 335
1 101
2 487 505
5 223 228 230 231 237
9 413 416 425 435 437 441 443 447 448
3 344 351 353
2 72 73
2 126 147
7 215 219 220 222 232 233 236
7 362 363 367 368 369 372 374
1 376
3 314 319 331
2 21 34
1 108
6 41 48 53 54 63 68
4 398 404 407 412
5 190 191 200 208 210
5 454 457 459 463 469
7 1 2 4 7 10 11 14
6 99 101 104 113 115 116
4 98 104 107 108
1 105
2 221 222
4 98 103 115 117
5 396 397 398 400 409
2 486 505
1 162
1 90
1 565
5 312 317 324 329 331
2 242 257
2 446 448
8 312 313 320 323 324 332 335 336
5 127 141 150 153 155
3 521 541 542
2 414 444
1 114
6 16 17 23 24 27 35
2 377 389
5 9 10 11 12 13
1 493
11 119 120 125 134 137 139 141 142 146 150 151
1 379
2 80 96
5 220 228 229 230 238
1 360
2 111 115
2 194 199
6 284 288 293 294 296 301
5 353 356 358 368 372
3 126 147 154
1 539
6 97 100 103 106 107 113
2 196 201
3 97 99 105
2 480 494
7 158 165 171 173 182 185 186
2 422 433
1 370
2 379 382
6 216 221 224 226 232 234
1 3
7 413 416 418 419 424 446 449
2 534 539
6 216 218 224 231 232 233
2 244 251
1 454
4 455 457 461 467
3 452 460 467
10 190 191 195 198 201 202 207 210 211 212
8 415 427 431 432 436 439 446 449
5 198 200 202 205 210
4 473 474 483 486
7 245 247 253 256 257 259 268
1 3
4 561 564 566 567
6 451 454 455 461 464 469
1 11
3 159 164 167
5 396 398 399 400 404
5 517 527 529 536 537
2 99 116
1 554
2 134 152
1 268
10 414 416 420 428 435 437 442 445 446 447
2 524 525
2 519 534
4 275 277 283 289
1 136
1 294
4 420 421 432 447
2 556 575
2 162 172
3 133 153 154
4 480 485 490 507
1 380
5 70 88 90 93 96
2 383 392
1 356
2 135 151
7 43 49 50 57 60 61 62
1 389
6 189 190 198 202 203 211
5 196 198 203 206 210
6 276 278 280 285 300 303
5 240 251 265 267 268
1 503
6 20 22 25 33 35 39
5 190 191 197 207 210
11 240 244 247 249 251 252 254 255 259 267 270
7 43 47 52 57 58 63 69
3 132 136 143
1 378
7 1 5 6 7 8 11 12
1 62
7 246 249 251 252 258 265 272
6 396 397 399 402 407 410
4 284 293 300 309
1 68
2 85 93
1 14
1 501
7 118 124 127 130 139 143 151
4 394 398 406 411
5 127 128 130 143 145
2 437 447
8 420 421 426 433 439 442 445 446
1 540
4 286 290 296 308
8 2 3 5 6 12 13 14 15
5 320 333 334 336 341
3 242 243 246
1 425
2 454 471
2 5 9
6 43 50 57 60 61 62
3 7 10 14
6 43 51 59 63 68 69
1 4
5 323 326 331 335 338
1 66
1 388
7 170 177 178 180 182 184 188
3 348 349 361
2 247 250
6 189 195 199 208 209 212
5 101 102 105 108 116
6 416 428 430 435 439 442
1 57
1 388
4 43 49 55 59
3 3 4 11
4 314 317 328 341
4 344 352 359 374
14 510 514 515 522 523 526 527 531 532 535 537 538 539 542
4 421 424 435 448
4 23 24 33 39
1 402
3 72 76 82
2 112 115
9 343 346 351 352 354 357 364 373 375
7 315 318 319 320 321 323 324
2 10 14
3 500 501 504
1 102
4 415 422 430 448
1 36
5 169 170 183 185 187
9 475 484 485 491 496 497 500 504 506
5 162 167 170 180 187
3 109 110 117
1 355
5 102 103 109 115 116
3 189 199 212
3 163 165 176
3 346 365 368
2 360 366
3 6 9 11
3 219 220 229
9 452 454 457 458 459 460 461 468 471
9 342 343 345 351 355 361 363 366 372
7 17 18 20 23 31 35 39
1 218
2 426 437
4 240 260 265 270
1 131
1 406
3 492 500 504
2 394 408
8 473 478 482 490 491 493 502 504
1 429
5 280 286 291 299 308
4 422 424 443 445
1 382
1 409
2 555 560
2 126 147
2 43 46
3 247 248 266
2 189 199
3 193 194 203
6 423 427 437 438 444 445
7 121 131 137 140 148 150 155
2 164 169
4 417 425 435 442
10 118 119 123 124 127 136 139 144 146 147
2 134 155
3 100 101 114
4 240 245 262 271
4 352 354 358 373
5 452 464 466 468 471
11 279 280 281 284 289 291 293 301 303 306 309
2 497 502
2 343 366
8 18 21 22 26 29 31 33 38
2 20 30
2 563 574
6 394 396 397 403 405 411
1 235
4 192 205 206 211
4 480 488 493 495
2 162 184
2 175 178
1 505
6 160 165 166 174 175 184
5 514 523 526 536 542
2 427 433
10 122 128 132 133 136 137 141 145 150 155
2 511 525
2 161 186
2 170 188
5 346 357 359 361 364
1 560
8 512 515 526 528 530 532 533 538
2 77 92
4 357 365 367 375
2 170 175
1 503
5 416 417 421 436 447
1 388
3 529 536 538
2 138 155
6 161 163 168 169 177 181
4 42 61 64 65
6 511 523 527 528 536 538
9 273 275 285 290 298 300 306 308 309
2 189 212
5 312 317 321 326 337
1 483
1 368
8 415 421 422 425 428 447 448 449
5 242 253 261 264 265
2 199 212
3 45 56 66
1 355
3 1 6 7
4 120 125 132 145
6 416 424 428 429 437 441
2 345 373
6 76 78 82 87 92 94
2 254 258
9 118 121 131 135 138 140 144 156 157
4 455 456 458 460
1 224
3 124 126 147
1 360
2 11 15
6 70 72 74 81 84 95
3 510 534 535
6 49 56 61 64 67 69
5 475 480 493 495 498
3 513 514 542
10 120 125 129 136 138 143 144 147 152 153
3 314 332 339
4 379 387 391 393
6 316 319 324 329 335 336
2 549 567
7 190 194 202 206 207 209 211
2 511 530
3 158 166 171
8 395 399 400 402 403 405 411 412
6 2 4 6 9 12 15
2 106 108
3 367 370 375
2 8 15
2 45 66
8 274 282 288 290 295 297 302 306
5 45 46 48 60 61
6 548 551 557 561 565 574
6 101 102 104 105 108 116
1 512
4 422 423 431 441
3 190 191 199
3 313 318 337
9 190 191 194 200 201 202 207 208 210
3 6 9 11
4 119 137 148 155
1 34
2 280 289
2 361 372
3 465 466 469
9 378 379 381 382 383 384 385 387 389
9 44 45 46 48 50 51 55 59 68
4 73 74 83 91
3 47 54 57
5 72 79 81 83 84
4 198 200 207 210
1 395
1 150
2 16 27
1 433
3 362 368 370
3 18 32 36
1 514
4 435 436 437 449
2 524 526
2 26 33
2 514 522
5 419 420 427 432 439
1 109
7 19 25 27 32 33 35 36
7 118 124 126 129 140 141 149
1 14
5 454 457 460 468 470
8 510 521 522 527 532 533 535 540
1 132
13 473 475 478 482 490 491 493 497 498 500 502 504 508
2 398 400
1 398
2 381 389
6 16 30 32 36 39 40
4 82 88 89 91
1 454
3 316 328 330
4 100 101 105 114
3 6 9 14
1 288
4 192 196 197 201
1 269
6 313 320 325 327 328 341
2 166 182
4 18 20 24 27
6 190 191 192 195 196 207
1 475
1 124
1 98
1 87
1 538
4 53 61 63 67
5 548 554 562 563 569
3 169 180 182
6 556 563 564 570 573 574
9 453 455 460 462 463 464 468 470 472
1 535
1 489
3 394 397 408
6 413 416 429 439 444 448
3 100 112 115
2 22 33
5 99 105 107 112 116
4 246 249 250 270
6 17 19 26 31 32 36
2 202 212
7 118 125 129 131 132 137 143
2 43 57
1 196
4 556 560 562 571
1 461
2 131 146
2 189 193
8 544 551 552 559 567 569 571 575
4 452 458 466 467
8 551 557 560 565 569 571 573 576
2 316 317
4 190 194 197 211
3 192 209 211
2 397 405
3 322 325 332
2 383 391
8 546 552 567 572 573 574 575 576
5 192 198 203 204 211
1 174
6 379 382 384 385 386 392
3 537 539 542
2 101 110
6 17 20 21 36 37 40
10 451 453 456 457 458 460 464 466 468 472
2 17 28
8 414 420 429 433 435 439 441 447
1 464
2 65 66
10 473 474 482 486 489 492 494 498 500 504
2 25 36
3 124 147 151
6 118 121 140 147 151 152
9 545 552 555 556 565 570 571 572 575
10 343 344 345 347 354 357 363 364 365 372
4 312 313 318 337
1 368
8 514 516 517 518 519 523 528 537
1 330
5 198 199 206 209 210
8 239 250 253 260 262 266 269 272
7 119 122 124 128 133 143 149
6 381 384 385 386 387 390
3 198 199 210
2 85 86
11 158 159 166 168 169 170 172 179 183 185 188
3 419 425 440
2 383 388
7 163 170 171 179 181 182 186
3 529 535 536
9 312 313 321 325 329 332 334 337 339
4 158 166 171 183
1 221
5 134 139 141 146 151
3 75 91 93
9 216 219 221 222 223 225 226 228 238
9 215 218 219 223 225 226 230 237 238
2 139 142
3 279 292 306
5 550 554 556 569 575
1 325
6 46 47 55 58 61 69
4 511 524 533 535
9 548 552 558 562 563 564 569 575 576
5 162 169 170 172 176
1 122
5 161 163 168 172 186
2 23 25
2 168 181
2 263 272
1 47
6 101 103 109 111 113 114
5 243 251 267 269 272
2 162 186
6 311 318 323 335 338 341
9 213 214 217 219 220 221 226 234 235
3 557 565 568
3 24 36 37
3 512 518 536
3 376 379 381
6 314 318 319 332 338 339
3 523 529 532
2 328 330
6 160 161 171 178 180 182
10 509 513 518 519 521 527 528 533 537 539
6 342 349 354 355 358 361
8 550 551 552 556 558 562 566 573
2 518 531
3 195 203 211
1 196
5 48 50 53 54 69
1 46
3 3 11 14
2 380 392
3 342 354 369
1 353
3 80 84 90
2 347 372
3 193 203 204
1 68
5 104 105 109 111 114
6 474 475 476 481 482 492
3 376 377 393
6 241 247 265 266 267 269
3 396 398 402
1 480
2 201 208
2 47 54
3 190 193 202
1 297
1 401
5 451 456 460 463 467
1 66
7 275 283 288 291 297 306 308
6 512 517 527 529 536 537
1 254
4 553 557 560 571
1 36
1 202
1 528
7 273 275 285 298 305 307 308
5 544 550 560 563 569
3 358 364 372
2 189 207
2 276 305
3 521 530 535
4 217 227 228 233
2 477 501
1 529
4 216 222 229 230
1 358
4 476 492 496 499
8 127 128 129 134 139 150 154 156
7 97 101 103 104 105 107 114
1 232
3 44 55 60
4 437 441 447 448
4 518 523 525 529
1 420
1 5
3 417 425 434
1 53
1 441
10 476 477 478 480 484 487 495 498 499 506
4 458 463 464 471
1 261
3 164 180 184
3 7 8 9
1 382
3 350 355 356
1 408
7 245 248 258 259 263 265 267
7 509 513 515 518 519 525 541
2 207 212
1 4
4 355 356 359 362
3 249 258 260
1 517
9 46 51 56 58 60 63 64 65 66
1 196
6 473 480 486 487 490 503
4 253 257 261 265
2 390 391
4 133 139 148 153
6 543 555 556 561 569 571
1 281
1 432
2 138 147
2 220 223
1 56
1 346
4 403 405 406 409
5 345 352 361 370 372
6 2 4 7 9 12 13
1 361
1 299
2 526 539
2 5 12
5 21 31 34 35 37
6 102 104 107 111 114 116
5 546 561 569 570 571
4 17 25 28 29
11 416 418 424 429 430 439 440 442 444 446 447
6 510 514 531 535 537 539
9 478 483 485 496 497 498 501 502 506
2 32 37
2 402 409
8 415 420 424 439 445 447 449 450
1 314
11 414 427 428 429 430 435 437 439 444 445 448
7 243 245 250 255 259 268 270
2 3 4
5 351 357 361 364 365
10 476 478 482 483 484 487 488 491 500 508
3 501 503 508
1 124
5 455 460 462 466 472
4 168 170 185 188
5 545 554 557 570 575
1 42
3 41 44 46
4 347 350 355 356
10 118 132 135 138 140 144 148 155 156 157
5 526 532 537 539 542
2 414 431
7 79 80 81 84 85 86 92
5 5 6 7 11 14
10 475 482 486 488 494 496 497 501 502 503
7 452 457 459 464 466 468 471
1 427
4 347 353 369 370
1 207
5 250 255 257 265 266
8 41 48 53 55 56 57 61 66
1 446
2 361 369
2 216 225
10 509 511 514 516 518 526 531 532 536 540
2 552 569
8 242 243 247 251 255 257 268 270
6 121 122 125 137 139 157
8 1 2 3 5 7 12 13 14
5 213 216 217 235 237
8 417 419 423 429 431 441 445 448
4 482 495 498 505
1 207
8 99 104 105 108 109 111 112 113
2 89 91
6 311 316 318 331 336 338
4 453 455 460 462
4 310 319 324 340
6 98 99 100 102 113 114
2 381 392
6 343 344 349 357 361 371
4 163 164 179 184
1 85
5 310 316 333 334 340
4 515 529 533 538
3 125 126 131
6 344 348 351 361 367 374
6 239 246 253 256 266 267
6 165 167 168 173 177 182
3 545 554 569
4 246 251 253 262
6 452 454 459 463 470 471
1 454
2 345 347
1 192
7 121 131 134 139 143 144 156
2 244 269
1 523
1 501
4 485 488 493 505
2 515 526
2 543 553
2 82 85
8 414 416 426 429 439 442 446 447
5 456 457 461 462 464
6 120 129 130 140 144 157
1 501
6 241 246 255 256 266 268
2 415 439
4 377 379 380 389
2 343 350
4 516 520 523 533
2 565 572
1 560
4 342 350 370 373
3 456 459 467
2 205 206
4 362 367 369 370
6 123 133 134 137 149 153
6 101 102 104 105 107 109
2 251 268
4 127 129 130 143
3 319 328 332
2 22 32
1 517
5 454 455 458 460 467
4 510 512 514 515
1 475
1 472
4 123 127 151 152
8 474 477 481 483 487 492 499 507
1 501
4 478 497 499 505
3 30 32 35
5 484 487 488 492 502
