597 2720
2 276 310
1 120
4 188 195 200 202
5 357 364 375 384 388
2 218 220
2 564 576
1 323
8 278 281 289 294 295 296 300 303
1 383
2 298 301
1 437
4 107 114 115 119
6 359 363 365 374 377 387
1 337
3 70 72 79
8 284 287 289 291 293 296 304 314
6 62 68 71 74 76 77
5 522 524 525 529 542
1 239
5 239 243 251 259 275
2 39 60
1 120
5 584 588 589 594 597
5 88 90 93 94 95
2 515 546
4 421 423 427 449
9 353 360 370 376 379 380 383 385 388
1 70
10 484 485 488 489 494 495 496 500 501 505
1 568
1 193
2 159 172
2 332 351
5 187 188 190 199 205
1 35
3 89 103 106
4 395 403 406 414
5 42 43 54 58 61
2 397 414
4 194 198 202 204
2 175 181
9 154 155 158 161 164 166 172 175 178
1 211
1 575
1 190
2 324 344
2 39 44
4 321 328 331 348
6 555 558 564 573 574 581
7 247 259 262 263 266 269 275
1 64
1 512
6 123 129 131 133 138 148
1 583
1 204
1 556
1 433
14 279 280 284 286 287 289 291 293 296 303 304 309 312 314
5 7 11 19 29 34
4 154 168 172 183
4 356 357 362 372
2 153 167
4 248 249 268 269
3 483 499 509
1 113
1 468
6 484 486 490 494 500 501
6 276 283 291 300 304 305
6 319 325 326 333 335 352
2 515 528
1 238
1 167
2 425 432
3 515 527 528
4 513 532 533 544
1 515
10 37 39 40 43 52 53 54 56 60 61
6 151 154 155 156 173 176
8 316 324 327 329 330 333 340 341
6 422 426 429 437 441 444
3 460 464 465
2 320 328
6 1 14 17 22 23 24
5 393 399 408 412 417
3 458 463 466
5 514 531 538 541 549
2 118 121
1 596
2 521 522
2 97 100
6 6 7 8 13 20 24
1 44
2 107 113
7 484 486 492 493 504 508 509
9 317 318 321 327 337 338 340 342 343
2 191 200
2 341 347
1 461
2 435 448
4 319 332 335 341
8 390 395 400 401 402 407 410 415
5 84 99 101 102 106
4 515 523 534 546
8 394 396 405 407 411 412 413 414
2 151 174
7 367 368 372 373 383 384 387
6 124 127 135 137 138 141
2 239 265
1 472
6 512 517 523 537 544 548
10 513 522 523 525 528 532 541 543 544 546
2 52 57
3 164 166 178
2 15 16
4 122 133 135 148
8 62 67 68 69 71 72 76 79
6 482 483 486 487 488 505
6 155 158 168 172 180 181
2 528 546
2 332 345
2 458 464
3 356 357 385
5 240 266 268 269 272
4 362 366 379 386
1 10
8 278 282 289 295 300 301 306 307
4 37 44 46 56
2 219 234
1 157
1 52
5 431 433 438 443 449
3 41 42 56
2 195 200
7 211 215 216 217 221 227 232
5 323 331 334 338 345
6 512 517 519 523 534 541
8 186 190 192 194 195 197 199 201
12 389 391 396 397 399 400 401 408 411 412 417 420
5 485 490 492 504 509
1 115
2 107 116
4 329 335 336 350
3 260 263 271
4 161 172 176 183
1 340
6 451 454 458 462 469 477
2 430 440
3 318 325 340
4 397 399 404 415
4 584 589 591 596
2 193 204
3 291 306 307
5 429 431 434 438 443
9 318 319 325 334 335 346 347 349 352
5 450 457 467 475 476
3 63 79 80
14 318 319 320 322 325 326 327 328 329 333 336 341 343 349
1 267
5 38 49 50 56 59
2 389 390
1 74
4 363 378 380 388
8 37 46 47 48 49 53 56 59
1 411
1 390
9 281 282 288 293 301 304 306 307 313
4 240 252 253 270
4 360 361 362 388
4 432 434 444 446
2 189 197
3 354 356 368
1 69
6 184 189 194 198 200 201
1 199
7 357 359 361 371 377 382 386
7 455 456 459 462 472 473 478
4 210 213 232 238
9 206 210 214 218 220 227 231 234 235
6 426 427 431 437 441 443
9 321 323 324 330 333 340 342 349 351
1 373
5 243 246 252 255 264
2 39 58
7 276 277 279 283 292 305 315
4 40 50 52 61
6 451 461 465 469 476 477
4 247 256 262 274
5 494 495 496 499 504
4 515 517 541 545
2 153 180
2 285 304
2 154 161
3 38 52 58
6 458 462 465 470 473 475
5 151 155 156 173 176
1 348
3 63 71 80
1 101
1 348
9 108 110 111 114 115 116 117 118 119
3 62 67 81
1 564
4 357 371 377 386
3 453 460 461
5 484 489 491 500 502
3 517 524 525
4 154 161 167 181
8 190 191 193 194 195 199 203 204
1 81
1 52
2 243 261
6 513 516 522 538 545 546
4 45 51 53 61
7 123 126 131 133 136 138 140
5 184 193 195 198 204
2 320 330
4 551 553 561 578
2 226 230
1 406
1 129
7 483 485 486 490 492 501 503
2 415 419
3 421 427 449
7 188 193 198 199 201 203 204
6 328 330 334 338 349 352
1 76
8 513 516 521 523 527 529 548 550
9 522 524 525 528 532 533 544 545 549
1 387
3 125 127 147
1 13
4 425 427 431 435
5 317 318 327 337 343
7 453 454 460 463 465 467 474
3 108 111 121
3 40 44 49
6 47 53 54 58 59 61
4 107 108 114 117
2 459 473
8 276 277 288 290 291 295 303 305
6 483 487 489 493 505 506
4 584 592 595 597
1 495
3 184 197 199
7 512 515 516 527 530 532 533
8 355 360 364 375 376 380 384 387
1 181
11 355 364 365 369 374 377 381 385 386 387 388
5 460 465 467 468 479
2 48 60
2 492 510
1 426
1 228
1 190
4 194 200 201 202
5 557 563 573 574 575
1 211
8 482 485 487 489 492 505 507 509
4 521 538 539 547
5 87 92 98 105 106
3 522 528 545
3 318 338 343
7 522 524 528 533 540 541 543
3 202 204 205
1 549
3 239 246 251
9 279 280 284 286 287 289 293 296 314
4 107 117 119 120
6 64 67 71 75 76 78
3 423 440 446
5 583 585 589 590 596
5 323 328 329 346 349
2 528 550
3 48 49 58
3 513 540 541
2 116 118
7 460 462 464 465 469 478 479
2 556 563
4 295 304 312 315
3 324 335 345
2 166 175
5 278 290 295 299 311
6 207 210 215 216 227 237
3 514 543 546
5 451 455 469 475 477
7 423 427 428 432 437 438 447
8 482 484 493 497 498 501 504 505
6 553 554 570 577 580 582
4 185 186 198 200
8 316 318 323 325 327 334 336 349
2 426 431
1 562
4 463 475 476 477
1 442
5 397 400 401 410 417
4 483 486 492 497
3 152 160 171
1 574
1 122
4 423 424 428 442
2 244 270
2 426 427
7 389 398 400 402 403 406 415
1 35
1 504
4 109 112 116 117
5 254 259 261 263 273
1 339
2 92 102
3 72 73 75
1 185
3 71 77 78
7 128 134 138 141 145 149 150
10 282 283 285 292 297 299 301 303 305 313
2 286 309
1 471
4 455 463 467 471
4 206 207 225 228
4 293 303 306 313
6 63 68 70 75 77 78
7 206 209 212 214 218 222 234
1 408
3 333 342 349
2 594 597
3 158 160 179
2 552 556
1 307
4 355 363 364 366
3 424 426 445
11 318 321 323 328 329 330 336 340 342 343 349
2 18 19
1 171
7 391 395 399 401 403 405 416
5 107 110 114 115 119
10 152 154 157 163 168 170 173 174 180 181
6 421 424 434 437 441 448
4 39 44 55 58
6 278 294 295 298 309 311
3 436 442 449
6 356 367 370 373 380 383
2 107 112
3 485 498 504
1 49
2 369 386
2 138 143
3 563 564 568
1 535
2 53 60
5 451 452 453 457 467
5 422 443 444 445 446
7 512 514 521 523 534 536 547
3 455 456 480
5 14 15 17 19 27
3 521 536 539
4 70 78 80 81
5 421 436 443 447 449
4 162 164 180 183
3 532 533 548
3 244 251 266
5 359 362 368 372 379
8 280 283 284 286 306 308 312 315
2 93 102
2 158 175
7 276 278 281 297 299 307 315
8 554 562 565 567 568 569 570 578
3 68 73 74
4 194 196 197 201
1 422
3 361 374 381
8 451 452 455 459 463 474 475 481
3 491 494 509
6 132 134 138 140 143 148
4 265 268 270 272
1 105
3 431 434 446
1 584
1 163
2 43 53
1 65
3 525 532 533
4 40 53 55 59
2 366 376
5 124 125 133 141 149
3 129 143 148
9 240 244 246 255 258 262 264 269 274
2 390 416
5 14 17 27 31 35
3 513 545 546
2 426 447
1 274
1 496
9 425 426 428 430 434 435 436 441 442
4 421 428 442 449
3 318 324 348
1 580
2 85 91
2 54 58
4 123 126 129 135
5 483 490 494 499 506
4 422 429 439 447
2 384 386
1 496
3 319 335 341
4 124 130 133 137
2 571 574
1 260
9 317 325 327 328 330 337 342 343 347
3 252 256 267
2 276 292
2 160 170
5 189 190 191 194 198
7 10 13 16 19 23 32 33
3 37 43 60
6 583 589 593 594 595 596
6 389 392 393 400 411 412
2 184 190
1 433
3 41 47 59
9 37 38 41 42 43 45 46 49 50
3 50 53 54
10 353 354 355 363 373 378 381 383 386 388
6 209 210 216 220 231 232
5 91 96 97 104 106
5 493 496 497 501 509
5 320 327 328 336 341
5 107 108 112 114 117
1 219
8 485 493 495 496 498 503 506 511
1 587
9 152 154 160 162 167 171 172 173 179
4 485 498 500 511
2 393 414
3 513 522 545
8 513 524 528 533 540 541 543 545
2 158 180
5 108 109 111 113 117
4 64 67 71 72
1 461
1 63
2 50 56
3 522 540 545
2 459 471
1 555
1 511
5 456 459 471 479 480
3 428 436 448
10 2 5 11 12 15 16 20 28 31 33
2 186 187
2 504 507
6 38 41 42 47 53 55
6 184 188 191 193 194 199
5 186 187 188 190 192
11 206 207 209 211 214 216 221 224 226 230 237
7 244 249 255 258 262 266 274
7 5 15 18 22 25 30 36
1 108
1 199
2 185 197
3 554 557 581
1 409
1 195
1 347
4 428 432 438 440
2 240 261
6 423 424 425 428 434 442
1 404
2 515 516
1 400
1 48
6 454 458 459 463 470 474
1 228
1 477
7 514 519 520 521 529 536 539
8 453 456 460 462 463 464 472 478
2 208 223
6 208 222 225 231 232 237
4 240 250 268 269
8 123 125 127 137 138 141 143 149
4 65 70 76 79
5 185 186 194 202 205
7 364 367 368 370 379 380 383
3 525 527 532
6 188 190 191 194 200 204
6 357 364 371 379 383 388
6 62 65 66 74 75 81
9 513 517 523 525 530 536 540 544 548
1 461
1 504
5 188 191 198 199 201
9 277 286 292 295 297 301 307 310 311
2 187 194
4 429 431 441 447
8 450 451 454 466 474 475 477 481
6 207 216 220 229 236 238
8 319 331 337 341 345 346 347 350
10 246 252 258 262 263 264 267 269 270 271
8 41 42 43 48 51 58 59 60
1 77
10 355 359 362 364 366 368 381 384 385 388
1 363
4 190 194 197 205
3 108 109 111
4 423 424 425 428
15 482 483 487 488 491 493 496 497 499 500 501 503 505 509 511
2 591 594
2 7 28
3 87 88 106
4 427 438 440 447
6 485 488 495 496 501 505
3 588 592 595
6 316 320 327 345 348 350
3 188 198 199
1 478
2 126 137
1 120
7 515 521 525 531 533 536 548
3 157 178 179
5 427 432 434 435 447
11 241 248 249 250 253 256 266 267 272 273 275
7 188 190 193 196 197 199 200
1 589
2 219 220
6 38 42 48 50 55 59
2 132 136
4 482 490 493 498
5 153 158 160 171 179
1 142
3 257 260 274
7 185 187 189 192 197 200 204
3 196 202 203
3 245 258 273
1 154
3 62 63 73
1 591
8 86 88 89 95 96 99 102 104
1 417
6 512 516 517 523 537 544
2 369 377
7 320 321 323 328 349 350 351
6 360 370 371 372 375 388
1 195
1 486
4 450 468 470 473
6 516 522 526 532 533 539
5 583 584 586 589 593
9 451 463 464 468 469 471 472 473 481
3 166 167 171
11 353 354 356 362 363 367 368 369 372 383 385
2 560 568
2 166 180
1 481
2 325 336
6 482 484 490 495 506 508
3 160 170 174
6 37 38 40 52 56 60
3 86 94 96
2 285 308
3 86 94 96
6 356 363 367 369 382 388
5 421 423 427 443 449
4 422 423 424 431
4 485 489 497 508
3 189 197 204
1 123
2 94 101
5 247 251 263 271 274
3 426 439 440
3 515 536 538
6 455 460 469 472 473 479
2 38 53
1 120
10 240 241 246 250 255 256 264 269 274 275
6 185 191 193 196 203 205
2 438 446
2 6 35
6 428 432 437 438 440 445
3 246 247 259
8 5 7 10 13 21 28 29 34
5 457 458 459 478 480
3 407 410 417
4 40 46 54 56
1 224
8 39 40 45 47 51 52 56 60
6 353 362 363 368 376 385
8 245 253 257 263 264 266 271 273
6 4 5 9 22 24 36
3 535 540 542
1 566
4 152 154 178 180
5 124 127 131 142 146
4 111 116 118 121
3 379 382 385
2 166 167
3 319 322 333
3 337 340 350
8 153 156 165 171 172 177 179 180
1 515
1 197
5 421 427 442 445 446
1 352
5 513 519 522 531 533
3 251 257 267
3 112 114 119
2 173 176
5 239 249 252 256 270
6 316 334 346 347 349 352
1 304
9 554 558 559 568 569 571 576 581 582
2 159 179
1 95
15 277 278 281 283 288 290 294 299 300 305 306 307 311 313 315
2 459 473
4 154 156 158 170
6 108 110 111 112 117 121
5 88 92 93 95 102
5 84 87 90 96 103
1 519
3 459 471 473
6 493 494 500 503 507 511
3 211 229 233
2 245 275
6 108 110 111 112 114 115
9 552 553 558 561 565 573 574 577 581
8 107 111 112 114 115 118 119 120
3 490 495 502
1 517
9 124 126 130 133 134 136 141 147 150
2 589 593
5 561 564 571 572 576
2 317 350
4 316 322 337 346
1 461
5 458 467 469 470 476
1 417
10 423 428 430 434 435 441 443 444 445 446
8 4 10 12 16 19 20 26 34
4 284 291 306 307
3 527 542 544
3 333 338 339
3 518 532 548
2 455 458
2 167 173
8 326 331 333 335 338 344 347 349
2 220 225
3 487 495 499
4 325 331 346 351
2 421 449
7 155 160 168 169 174 178 182
5 193 194 196 202 203
2 544 545
3 45 52 57
5 37 40 45 50 56
7 552 557 558 562 570 572 578
3 45 48 55
7 156 157 163 169 172 181 182
2 585 591
5 276 281 282 307 311
1 126
8 37 39 45 52 53 56 58 61
2 252 265
5 241 242 254 258 268
2 113 120
15 318 319 320 322 325 326 327 328 329 333 336 338 341 343 349
2 528 550
3 207 223 234
2 44 57
2 196 197
4 454 470 475 481
5 456 464 469 473 477
2 453 454
2 468 479
8 123 125 127 133 139 141 142 145
1 346
4 454 460 465 467
2 220 230
2 584 591
3 185 186 205
3 196 197 205
7 157 160 161 164 165 174 182
5 485 493 495 501 502
10 483 487 491 493 499 500 501 503 505 506
4 213 223 226 237
7 484 485 486 489 492 494 508
7 450 451 454 455 456 458 464
5 360 364 380 386 387
2 515 535
3 6 8 29
6 484 489 490 495 502 507
3 42 45 57
5 399 401 405 410 418
1 134
4 41 42 48 51
2 68 75
12 279 285 287 291 295 296 298 301 302 309 313 314
5 111 115 116 117 121
4 130 138 143 145
1 43
2 457 476
2 155 163
5 159 169 172 178 180
6 123 126 131 137 142 147
3 83 86 99
9 82 83 90 92 94 98 101 103 104
3 1 16 36
2 355 387
3 154 166 174
7 86 88 92 94 97 104 105
6 87 89 95 98 99 101
2 198 202
2 483 501
2 426 436
9 353 356 367 370 372 373 378 380 383
2 421 449
4 64 68 71 73
5 484 492 502 506 511
2 88 103
5 43 48 52 57 60
3 356 365 382
4 152 179 182 183
4 246 252 262 272
8 241 248 250 251 255 256 266 275
1 480
3 587 589 595
7 151 153 156 160 178 179 182
5 156 157 162 169 180
6 84 85 86 93 103 106
4 164 165 166 167
3 161 166 168
2 110 117
3 85 89 93
2 588 595
5 248 256 266 267 275
5 454 455 471 475 477
3 323 325 351
5 422 427 444 446 448
1 418
1 506
1 330
7 253 254 256 267 269 272 274
2 252 275
4 484 488 500 501
2 92 102
6 423 426 427 440 443 446
3 458 461 480
4 247 255 274 275
8 278 284 286 287 295 300 303 314
2 71 75
2 365 387
9 353 357 360 364 369 371 382 385 387
9 357 364 366 368 370 377 379 382 386
1 481
8 206 207 213 218 227 229 230 232
12 316 321 323 324 329 330 333 335 340 342 349 351
1 279
6 484 492 494 504 507 508
1 372
4 403 406 409 416
4 239 253 256 258
6 421 425 434 435 440 449
7 156 158 159 165 167 169 183
2 48 58
2 157 173
4 47 49 50 52
1 161
6 359 361 371 377 382 386
4 42 43 58 61
6 453 454 455 460 461 472
2 317 342
1 494
3 63 65 67
7 486 487 491 492 497 508 510
6 554 555 559 560 561 570
6 395 403 404 416 417 419
5 191 193 194 201 204
7 552 553 555 562 566 567 577
11 483 487 491 493 496 497 499 501 503 505 509
2 354 387
2 245 268
1 222
4 108 111 119 120
1 215
3 281 285 295
8 241 245 247 254 256 260 264 272
1 167
2 429 441
2 161 170
2 159 172
7 389 396 406 409 415 416 417
4 206 221 235 238
4 554 557 579 580
1 536
6 38 42 44 46 50 53
1 575
7 360 361 362 363 364 367 384
5 239 248 253 258 272
2 239 243
3 123 132 145
1 189
5 107 110 119 120 121
8 483 484 495 496 500 501 505 508
1 155
6 287 296 298 310 314 315
2 422 442
2 527 539
2 161 170
6 239 246 262 263 273 275
3 41 48 58
2 359 385
3 521 534 547
5 108 110 115 116 120
8 67 68 73 74 75 76 78 80
1 355
10 152 153 155 156 158 162 163 168 175 177
2 518 547
6 39 47 54 55 60 61
1 548
3 193 198 201
2 185 198
1 29
5 184 189 190 192 201
4 136 140 141 149
6 1 7 8 9 12 21
3 525 532 548
4 186 195 201 203
6 84 86 88 92 101 106
6 452 463 469 473 476 480
2 554 564
1 535
6 254 257 265 267 269 271
1 360
2 465 476
3 288 298 315
2 252 260
5 86 92 96 100 103
5 3 8 25 26 32
6 433 436 440 441 444 447
2 433 440
4 323 324 342 349
4 187 189 192 195
4 48 51 53 54
2 586 597
1 502
1 194
4 110 112 115 117
3 42 43 58
5 320 321 335 339 343
12 514 519 520 521 525 527 529 531 536 539 542 550
6 391 400 402 404 415 419
4 62 65 69 76
5 359 360 364 383 388
4 490 495 498 506
2 459 471
3 191 198 205
4 196 201 202 203
5 4 6 11 19 31
4 93 95 104 105
3 276 294 295
8 209 210 214 218 221 230 235 238
2 126 143
3 587 591 596
3 353 363 377
1 39
6 318 319 328 331 343 345
8 153 158 160 165 171 177 178 179
4 154 160 168 179
4 72 74 78 81
1 597
10 517 519 520 525 529 539 542 544 549 550
5 358 374 381 382 388
11 317 319 320 321 322 324 327 331 333 340 345
6 325 331 336 346 349 351
3 110 115 117
1 436
2 39 48
2 63 65
2 327 330
2 527 528
2 518 530
3 398 400 413
8 318 319 322 328 329 338 341 343
2 455 470
3 432 438 449
12 486 488 491 492 496 499 500 502 503 505 507 511
4 185 187 190 198
1 52
3 450 458 474
7 320 325 326 331 338 339 349
8 206 207 209 214 216 221 224 226
1 515
6 122 123 128 133 140 149
1 417
2 322 339
7 513 514 522 532 535 536 540
3 393 403 412
1 232
2 424 434
1 102
4 110 115 120 121
1 119
2 458 468
1 478
5 322 337 343 348 351
2 230 231
2 91 105
7 489 490 494 497 499 508 510
2 422 442
3 330 339 344
8 239 242 246 248 251 261 266 272
2 555 561
6 187 190 193 196 198 201
7 450 452 454 474 476 477 481
3 356 374 387
6 124 126 130 131 134 138
2 339 344
7 512 516 517 523 537 544 548
3 457 461 466
1 243
1 354
4 316 322 326 350
8 423 428 429 431 435 437 440 448
3 42 58 61
1 308
2 152 161
6 427 431 436 443 446 448
2 38 49
2 517 543
2 156 162
8 62 64 67 68 69 73 75 76
6 65 66 70 72 76 77
7 318 325 330 335 347 349 352
5 210 213 230 231 238
5 134 136 145 146 150
7 4 11 12 13 29 33 34
6 243 244 257 260 266 272
2 114 120
4 281 292 307 314
1 585
2 63 78
2 365 388
5 512 516 517 537 544
5 84 91 93 95 103
1 337
2 44 49
2 40 59
6 553 559 577 579 580 582
1 584
1 18
1 195
11 320 322 326 327 328 329 333 336 338 343 349
5 207 213 215 230 233
2 112 121
5 83 84 94 98 104
5 421 430 432 434 448
7 62 63 69 73 75 79 80
1 268
2 332 341
4 490 493 499 511
5 426 431 432 435 447
1 196
10 289 295 300 302 304 307 309 310 313 315
6 551 552 567 569 575 578
6 151 153 156 157 171 181
7 422 426 428 435 436 437 447
9 184 185 186 190 191 192 198 201 202
8 186 189 194 196 199 200 202 203
10 452 456 458 464 466 468 471 474 478 480
6 364 368 370 379 380 383
3 46 50 53
6 325 327 336 339 340 341
4 483 490 495 497
2 423 429
3 161 165 170
2 252 258
3 246 255 273
4 126 128 138 145
4 423 427 443 449
2 177 181
9 37 38 39 47 49 50 58 59 61
2 322 343
6 421 428 429 441 446 449
6 397 398 399 407 408 414
2 356 382
10 239 245 248 252 253 258 262 265 268 272
6 551 560 561 570 578 579
1 195
2 457 481
6 8 10 20 29 34 36
2 464 468
7 316 321 334 337 339 340 350
2 453 477
10 322 325 327 328 334 336 339 343 344 352
1 133
2 206 221
6 389 399 410 415 418 419
3 423 424 440
7 422 427 443 444 445 446 448
3 427 429 435
3 323 326 342
2 424 434
4 282 285 295 302
3 157 181 182
3 115 117 120
6 37 41 43 50 56 61
3 558 559 576
4 184 186 192 199
2 252 260
3 281 296 309
2 42 59
4 72 73 77 81
4 216 221 232 237
5 354 362 366 376 385
6 515 518 538 540 542 550
1 220
1 20
1 368
8 42 43 45 51 53 55 57 60
2 360 365
3 154 163 176
3 117 120 121
1 128
3 163 173 180
2 17 20
3 504 506 507
2 282 313
2 6 15
3 189 196 197
6 453 461 462 473 474 475
8 515 516 518 532 533 541 543 546
1 164
4 184 186 199 200
6 160 161 170 171 172 183
2 186 195
3 52 55 57
6 320 329 333 334 341 348
7 207 215 219 224 225 229 232
5 184 186 191 192 199
8 151 162 165 167 173 175 179 183
5 107 112 115 118 119
2 49 51
5 399 402 403 411 418
4 216 218 226 232
3 519 525 526
9 483 487 489 496 497 501 506 509 511
3 107 113 121
6 122 135 137 139 141 148
10 186 187 189 190 192 193 197 199 202 204
1 205
10 514 518 529 530 535 537 539 543 544 548
4 463 470 479 480
3 67 68 76
2 499 505
6 152 155 160 171 174 176
4 421 427 443 449
2 97 105
1 1
5 288 303 304 306 313
1 589
3 261 266 269
6 241 247 250 254 260 270
5 515 518 529 541 545
1 41
3 132 141 143
10 87 90 91 92 93 99 100 101 104 106
1 312
3 523 526 530
1 472
3 553 561 578
1 16
6 207 216 218 221 222 228
1 164
4 323 325 332 351
1 353
5 62 63 66 75 77
3 139 143 147
2 39 59
11 316 318 319 325 330 334 335 346 347 349 352
11 207 209 214 221 223 224 230 231 233 235 238
7 211 212 218 223 234 235 238
3 189 201 204
2 461 478
2 317 348
1 222
6 583 584 585 587 591 594
5 425 433 438 441 447
4 158 166 175 181
2 285 302
3 1 18 26
2 27 35
6 426 435 441 442 443 444
6 355 356 363 368 378 380
8 562 563 566 571 572 574 578 580
1 44
2 188 194
2 556 580
1 114
7 122 127 136 142 146 149 150
1 148
2 452 459
6 184 186 187 189 193 205
3 125 133 144
4 84 89 98 100
6 153 154 158 167 174 183
1 405
4 423 424 434 442
1 142
5 427 428 429 443 448
2 586 593
1 77
6 422 426 429 438 446 448
2 502 503
4 357 371 376 381
1 357
10 184 186 189 191 194 195 197 198 202 203
8 2 3 19 21 22 24 28 36
6 244 249 250 259 269 274
11 353 356 357 366 367 370 379 380 381 385 387
1 130
5 487 492 497 508 511
3 99 102 104
2 503 506
1 120
3 192 198 200
2 257 263
6 354 360 368 379 382 385
2 259 270
3 515 519 548
4 557 563 573 575
9 4 7 10 13 18 19 29 30 34
9 207 211 218 219 225 227 231 234 237
6 1 4 16 29 33 35
5 125 127 134 141 147
3 363 369 382
2 585 589
5 84 86 88 102 105
3 218 220 227
1 228
3 8 26 29
3 239 265 266
1 164
7 512 515 520 529 530 532 536
3 191 201 203
1 57
3 47 51 59
5 512 519 530 531 538
1 446
7 353 360 362 363 364 372 379
1 146
8 483 491 492 496 498 499 504 506
4 529 530 541 546
6 158 161 167 168 174 181
5 239 242 256 267 274
3 92 99 104
3 133 139 140
6 163 164 165 168 171 183
6 391 397 401 404 405 410
4 158 161 172 173
6 452 457 461 462 470 481
2 171 173
4 517 524 543 545
1 27
7 241 250 253 256 267 273 275
2 7 9
3 592 593 597
1 202
3 43 46 53
1 481
1 135
1 247
5 485 496 502 505 508
3 62 66 76
1 130
10 151 153 154 158 159 162 165 172 178 179
4 583 584 590 594
4 108 109 116 120
5 251 256 263 269 275
1 583
2 191 200
2 98 105
2 19 32
4 240 262 264 275
2 38 56
2 412 417
6 453 455 470 477 478 479
6 557 561 564 565 572 574
5 586 587 590 592 593
1 103
1 94
4 583 585 592 596
4 38 44 54 61
3 137 145 149
1 122
10 42 45 46 48 50 52 56 58 60 61
2 241 262
1 164
6 584 586 587 588 592 594
3 191 192 198
2 390 399
8 422 427 439 443 444 445 446 448
7 320 327 328 333 336 341 348
5 428 429 436 444 448
4 450 451 462 468
8 514 518 521 529 537 543 545 546
9 208 210 217 225 227 228 229 233 235
2 570 575
4 163 164 165 171
6 189 191 195 201 203 204
4 360 371 378 388
6 3 6 8 12 22 27
5 68 70 71 72 77
3 454 465 474
5 553 565 570 573 578
1 57
4 187 191 195 198
1 421
6 286 288 289 291 296 298
3 512 523 545
3 450 461 465
1 587
1 215
5 512 522 538 547 550
7 278 282 287 290 297 311 314
5 583 584 585 590 594
2 184 185
2 204 205
7 2 4 10 15 16 33 36
6 107 110 113 115 117 118
2 128 145
3 184 198 203
8 426 427 430 437 443 444 448 449
7 359 363 365 371 374 377 387
4 209 218 219 220
3 513 518 549
3 82 88 101
2 62 81
4 555 572 576 577
2 199 201
1 276
1 190
4 424 425 434 442
2 111 118
6 583 584 586 590 593 596
2 109 119
2 261 266
2 515 528
2 355 362
2 468 472
9 515 516 519 528 539 540 541 544 546
2 342 343
5 108 111 113 114 118
4 485 488 489 496
3 162 167 170
1 251
7 184 186 187 190 195 196 198
1 122
1 111
4 37 40 50 56
6 280 284 286 306 308 315
1 361
1 342
1 553
2 274 275
1 257
5 390 398 403 405 414
3 91 103 105
5 186 194 199 200 204
9 1 4 7 8 9 12 18 21 26
3 395 397 420
10 83 86 88 90 91 94 98 100 102 105
7 1 5 9 14 25 30 31
5 42 43 45 47 60
8 453 459 461 462 466 467 468 472
4 85 95 99 105
1 392
3 424 427 442
8 513 514 517 523 531 533 542 543
1 110
2 459 471
5 210 213 226 233 236
1 214
6 156 157 158 163 166 172
4 317 330 340 350
5 458 463 466 476 477
5 483 493 506 507 509
2 389 396
2 431 432
1 21
1 132
4 152 155 160 181
1 509
1 212
1 196
6 457 459 469 472 477 480
3 5 6 15
4 152 155 168 173
5 317 318 319 339 346
1 476
3 191 195 205
3 317 332 339
4 242 260 263 271
6 239 246 255 262 267 271
13 318 319 320 326 331 332 337 338 341 345 346 347 350
6 243 245 247 254 255 272
5 457 465 468 470 472
2 46 56
6 108 109 110 111 118 121
6 318 337 339 343 344 346
2 110 118
10 151 159 162 165 167 170 173 175 179 183
3 512 525 539
2 373 374
6 512 522 533 541 543 547
10 242 251 253 256 260 261 263 266 269 273
3 421 423 447
6 151 159 162 167 173 175
1 74
3 358 364 368
4 84 90 95 98
2 397 405
4 38 49 51 55
6 152 153 158 160 169 177
2 37 48
8 556 562 569 572 574 577 579 582
4 13 17 29 33
5 518 532 547 548 549
5 67 68 76 79 80
8 554 558 559 569 571 576 581 582
8 394 396 401 407 412 417 419 420
3 63 69 80
3 125 135 140
1 433
1 292
3 19 21 36
2 85 98
1 44
4 46 49 51 58
8 482 483 485 489 492 493 494 508
2 241 253
1 193
3 467 476 479
2 463 480
1 83
2 586 588
6 514 516 526 534 536 547
3 244 246 259
2 322 329
3 129 131 135
8 282 283 292 299 301 303 305 313
2 483 495
4 213 218 221 226
7 453 455 457 459 463 466 471
6 460 462 464 465 469 479
1 206
2 110 120
6 206 207 213 215 229 238
6 329 330 334 338 343 344
4 185 194 198 202
3 88 94 105
3 461 463 474
4 208 210 228 235
8 184 187 190 192 194 195 198 203
4 454 457 467 472
2 160 168
5 485 486 490 492 504
5 428 436 437 440 448
1 212
5 514 521 534 536 547
3 395 411 414
2 587 596
6 324 326 339 343 346 348
10 482 490 492 494 495 497 498 505 507 509
2 242 255
1 346
2 188 199
2 211 217
2 554 557
4 107 110 111 117
4 189 194 198 200
3 590 592 595
7 213 218 221 222 224 229 231
1 467
4 516 535 540 544
2 390 412
3 72 75 79
7 485 488 489 494 495 501 505
2 44 45
8 281 282 287 289 290 297 298 309
2 358 361
5 151 157 158 165 167
9 283 288 292 296 298 299 304 313 315
5 151 162 167 178 181
3 110 112 115
7 4 8 10 15 19 30 34
1 136
5 112 114 115 117 118
1 346
1 342
6 82 87 88 93 96 106
1 365
3 185 187 202
5 512 524 532 536 547
8 242 248 249 257 265 267 268 269
3 139 145 146
1 370
2 434 446
4 450 458 476 477
2 25 30
6 561 566 570 571 575 582
3 346 351 352
6 245 250 254 260 267 268
4 171 176 177 183
9 124 126 130 132 135 142 144 147 148
2 89 106
5 89 90 91 98 102
1 312
3 513 514 527
7 107 108 109 117 118 120 121
3 484 494 501
3 242 272 275
1 180
3 424 437 447
2 533 544
3 329 340 351
4 242 251 263 271
9 62 64 66 68 69 71 73 74 79
1 38
7 187 189 190 199 201 202 205
4 40 41 56 61
1 459
6 206 207 210 228 232 234
3 46 49 59
6 185 189 190 197 203 204
4 392 394 402 406
4 41 44 52 53
3 515 524 543
5 552 560 568 571 576
6 513 517 534 541 547 550
2 62 79
11 514 519 520 521 525 527 529 531 539 542 550
3 241 246 254
1 241
4 246 250 260 270
9 356 362 363 364 370 373 379 382 384
5 518 532 544 547 549
4 423 432 435 447
2 113 115
2 355 388
4 94 99 100 102
5 82 87 88 96 106
5 65 67 68 72 75
4 427 439 440 446
6 293 299 306 307 308 313
1 268
4 207 210 233 237
12 394 396 397 401 404 405 407 408 412 417 419 420
3 400 406 415
1 164
8 552 553 563 565 568 569 571 572
11 358 359 360 362 366 369 373 374 375 378 386
2 223 224
4 396 407 417 418
2 389 417
8 487 495 496 497 498 501 505 508
1 505
4 353 361 382 387
2 589 590
4 71 73 78 80
8 206 207 209 214 221 224 226 237
10 559 562 563 564 565 566 571 572 579 582
6 184 189 193 196 197 203
3 226 231 235
12 391 392 393 395 398 400 402 410 413 414 415 418
2 47 59
2 110 114
1 186
6 242 245 251 260 263 271
2 425 430
5 483 491 496 507 509
3 594 596 597
1 520
4 318 337 339 344
2 458 468
5 107 109 116 120 121
4 125 132 144 150
9 186 187 189 190 192 197 201 202 205
6 122 127 140 142 143 150
1 49
6 281 289 290 297 302 307
2 1 20
2 159 175
2 187 202
3 400 406 408
2 358 381
1 236
3 397 404 413
1 296
6 253 256 260 264 268 271
1 195
10 207 211 214 217 220 222 224 226 231 237
1 378
7 153 158 159 172 174 177 178
9 85 86 87 88 97 99 101 104 106
2 166 181
1 535
4 206 214 220 228
1 105
5 359 360 378 380 384
10 485 488 489 496 497 498 501 504 505 510
2 247 259
5 353 358 372 380 382
1 246
4 241 246 263 270
1 410
1 58
7 194 195 196 201 202 203 205
4 82 88 100 104
2 201 203
5 188 191 192 198 200
4 551 560 561 578
2 269 271
3 435 436 448
2 294 295
8 394 396 397 404 405 407 412 419
5 422 424 426 442 448
5 317 325 330 331 351
8 157 158 163 166 169 170 171 182
3 586 594 597
3 155 181 183
6 514 516 522 538 542 548
1 592
4 107 109 116 118
3 362 365 375
1 375
3 457 471 478
6 318 321 332 333 334 345
5 10 13 14 15 18
7 583 584 586 590 591 595 597
3 83 85 90
1 195
1 109
1 239
2 575 576
7 484 485 486 489 494 504 508
8 279 281 284 294 305 307 308 313
2 487 493
3 69 77 78
9 206 207 208 210 212 224 230 233 237
5 185 188 194 202 203
2 479 481
3 157 163 169
3 464 474 476
7 240 244 246 254 262 264 269
1 249
5 355 361 362 364 381
3 247 259 268
2 434 442
2 40 53
4 557 563 574 575
4 277 279 283 288
5 65 68 69 73 76
1 154
5 64 73 77 80 81
2 404 413
4 554 571 573 575
1 181
1 404
3 225 235 237
4 157 164 182 183
1 499
3 456 458 480
1 72
1 590
6 518 526 530 532 547 549
3 316 327 335
2 404 406
4 247 259 266 274
4 423 424 428 434
1 467
9 513 522 524 528 533 540 541 543 545
1 440
3 67 74 77
3 324 329 330
5 246 247 250 259 265
6 553 556 561 565 566 568
5 216 222 224 226 236
5 359 363 370 376 379
1 223
5 188 191 197 200 202
1 563
1 555
2 38 52
3 144 147 148
3 166 173 181
6 584 585 586 588 589 592
10 152 156 165 166 167 172 173 174 176 177
1 434
7 187 191 195 196 198 202 203
3 591 594 595
2 89 103
2 245 261
1 416
7 282 284 290 294 296 299 305
6 14 17 27 30 31 35
4 39 50 56 61
4 125 135 140 142
4 115 117 118 119
4 107 112 118 121
8 483 491 493 497 499 500 501 505
8 356 362 363 373 380 382 383 387
2 425 428
3 443 444 445
3 453 463 467
13 390 392 399 400 401 402 405 407 410 415 418 419 420
2 225 228
4 129 130 138 145
2 306 307
3 286 292 293
3 584 586 590
3 353 360 376
3 286 307 309
1 184
6 4 19 23 24 28 35
2 114 116
1 399
4 390 405 409 414
7 244 246 254 255 258 269 274
5 67 68 72 79 80
9 277 279 291 295 299 300 303 305 310
1 47
2 48 56
13 554 555 557 563 564 565 566 567 568 572 575 581 582
4 393 408 412 419
2 317 329
2 591 597
2 399 403
6 522 535 539 540 542 548
1 438
2 558 567
2 83 98
7 353 357 362 363 368 378 383
4 210 225 230 231
3 391 401 414
2 525 530
4 247 252 261 270
7 353 354 356 362 367 369 372
3 191 195 200
3 85 90 91
9 62 64 67 70 71 72 75 76 79
4 488 491 492 497
4 584 589 594 595
4 185 194 202 203
1 351
4 63 65 76 79
1 211
5 125 126 142 143 147
3 66 70 76
6 2 20 22 24 31 34
4 85 87 96 101
5 422 425 439 446 449
5 155 159 160 176 182
4 41 42 43 45
3 171 176 177
7 45 46 53 55 56 58 60
2 488 491
6 65 68 70 72 77 78
2 280 285
3 334 339 346
1 429
14 280 281 286 287 288 289 290 293 296 300 302 308 310 315
4 68 73 75 78
1 220
1 301
3 485 489 492
5 584 586 591 596 597
11 289 290 294 296 297 298 299 302 309 310 311
3 224 232 234
4 586 591 592 595
3 39 41 56
4 324 338 345 348
2 7 13
2 463 480
6 107 111 112 113 119 121
6 184 185 189 191 202 205
6 395 403 406 409 414 416
2 323 339
4 327 328 336 344
1 583
4 364 370 380 383
3 112 120 121
10 152 153 155 158 160 168 171 174 176 180
8 484 485 489 494 495 496 501 505
5 426 434 438 440 449
1 121
3 241 259 275
1 95
2 303 306
5 83 87 91 92 94
1 207
8 319 324 330 336 338 345 346 347
1 252
6 123 128 131 132 136 139
9 208 209 211 217 229 232 233 234 238
9 151 152 154 156 160 165 167 169 177
4 64 68 75 80
2 206 209
5 86 92 97 100 103
1 503
2 128 135
1 75
8 185 187 191 193 196 197 199 204
2 494 495
1 593
6 62 65 71 75 77 80
5 423 433 440 441 447
1 192
1 81
5 37 40 43 46 57
3 37 44 46
4 496 503 504 506
2 15 30
9 40 41 42 44 46 48 51 54 58
1 104
5 190 194 198 199 204
2 249 268
2 21 36
9 514 519 520 521 527 531 536 539 550
3 37 52 54
6 453 455 457 463 467 470
2 591 597
14 354 355 358 359 361 367 369 374 376 377 381 382 385 387
3 207 225 229
5 247 249 255 262 270
4 93 94 99 102
9 520 522 524 525 529 533 534 542 543
3 395 409 420
4 39 50 53 60
2 585 593
2 65 67
3 465 469 479
7 424 428 429 435 436 444 448
3 593 595 597
2 459 471
2 515 528
5 193 196 198 200 201
4 393 410 412 414
3 327 337 343
6 421 423 431 438 443 448
3 62 65 74
9 239 242 246 249 250 253 261 271 275
1 462
10 242 244 247 258 260 264 267 268 269 270
1 329
1 525
1 564
3 51 52 53
1 136
2 459 473
5 43 48 49 53 55
8 484 485 486 489 492 494 504 508
2 127 129
2 312 314
1 72
2 32 35
4 82 95 102 103
5 392 394 402 406 408
2 396 398
5 39 41 43 49 61
7 522 528 533 540 541 543 545
6 5 6 8 18 25 26
1 106
2 285 308
4 391 393 394 411
2 515 536
2 90 98
1 224
2 231 236
4 70 72 75 79
1 85
2 490 495
4 246 254 267 269
1 192
4 438 443 444 449
1 44
9 241 248 249 250 256 266 267 273 275
4 90 93 95 102
4 159 166 167 171
3 460 468 469
1 195
2 368 377
7 187 190 193 196 198 200 201
11 321 323 324 326 331 337 338 343 344 345 350
4 112 113 115 117
2 239 257
4 188 193 195 201
4 132 138 146 149
2 494 502
2 392 416
2 355 373
5 515 520 529 534 545
9 184 185 191 193 195 196 197 200 203
6 13 15 17 27 32 36
14 277 278 281 285 288 290 294 297 299 301 305 307 313 314
6 516 518 519 527 539 540
3 187 188 191
1 111
4 155 161 182 183
6 389 390 396 407 413 417
3 432 435 438
1 78
3 64 72 79
4 276 292 294 304
7 560 562 570 573 577 579 580
3 84 85 92
4 39 43 48 55
5 212 216 219 224 234
6 184 185 189 198 203 204
8 37 43 44 45 47 49 51 54
1 250
3 584 589 594
3 239 260 269
3 62 67 72
1 556
1 137
5 70 74 76 78 80
1 305
5 515 521 522 530 536
5 37 45 46 51 57
5 2 10 16 26 33
1 535
2 101 104
1 430
5 110 114 115 116 118
2 4 10
1 210
5 122 123 127 133 150
3 482 493 511
8 492 493 494 495 498 501 502 505
3 244 258 274
3 246 249 257
4 247 251 266 269
2 592 596
3 464 469 478
1 476
9 512 516 535 537 541 542 543 549 550
5 157 163 170 174 181
6 321 328 332 335 338 340
4 86 88 92 96
1 594
6 45 49 51 54 56 60
4 587 588 589 596
5 514 518 525 535 546
1 120
4 525 532 533 548
1 181
1 428
4 485 487 488 503
2 488 508
6 123 128 132 133 143 149
2 9 27
1 117
2 458 464
11 152 153 155 156 158 159 163 169 172 174 176
5 125 141 143 145 148
7 243 244 246 252 256 259 264
5 590 592 593 594 595
3 7 24 28
2 139 150
4 317 333 340 344
7 490 495 498 502 506 507 510
3 72 77 81
1 592
8 62 64 66 68 69 74 76 79
1 120
4 39 50 59 61
1 57
4 1 17 24 33
4 62 70 71 81
9 242 249 250 253 256 264 265 270 273
3 191 197 202
4 39 45 47 48
11 319 321 325 328 329 330 334 339 346 347 352
2 211 218
2 490 506
3 186 202 205
5 461 468 470 471 479
2 109 113
3 586 587 590
6 319 321 322 324 341 346
2 515 534
3 553 568 571
7 353 356 367 370 372 373 381
3 213 236 238
4 39 44 52 59
2 189 203
5 357 364 377 384 386
5 185 189 194 198 201
5 5 14 18 25 32
3 87 92 102
1 185
5 428 429 433 440 449
5 454 455 471 472 481
5 328 330 334 349 352
1 322
3 584 586 595
1 129
8 483 486 487 491 492 497 508 510
3 157 161 163
4 460 465 469 478
3 278 287 311
4 398 399 411 414
1 157
1 68
1 61
2 535 538
5 246 251 262 266 274
2 457 470
2 126 138
1 366
4 185 186 192 193
3 517 532 537
3 280 285 308
2 219 225
6 152 161 166 169 175 180
4 484 498 499 506
6 154 159 166 175 179 180
1 110
10 240 244 246 254 255 258 262 264 269 274
1 439
3 354 358 372
6 316 317 319 327 331 341
5 127 129 137 141 145
9 429 430 432 438 439 442 445 446 448
2 429 441
3 494 503 509
3 206 211 213
2 122 146
10 485 486 487 488 489 494 495 505 507 510
2 583 594
2 189 200
6 239 247 257 258 268 271
3 321 338 348
4 66 69 70 76
6 214 215 226 227 231 235
6 450 451 464 471 474 476
1 591
7 323 324 327 339 345 348 350
1 326
4 518 530 534 547
4 188 193 194 198
3 277 288 293
3 326 345 347
1 218
9 151 153 160 163 171 173 175 176 177
5 360 363 368 369 378
4 83 94 104 105
1 193
7 322 330 339 343 344 348 351
2 215 232
3 189 193 204
8 241 249 255 258 261 262 266 272
3 38 46 60
4 584 588 591 592
8 37 41 43 47 48 50 56 61
2 430 437
1 249
3 188 198 201
5 278 287 299 307 315
4 15 22 26 35
1 385
9 457 464 466 470 471 472 473 478 480
2 558 574
2 551 578
3 389 396 398
5 111 112 114 116 117
4 329 331 341 348
6 155 167 168 169 170 171
3 40 45 53
2 3 7
6 241 253 254 266 271 273
5 107 110 115 116 118
5 289 293 298 301 313
2 328 342
4 42 43 58 61
7 82 83 84 86 94 97 99
7 241 247 252 255 264 265 271
2 253 271
3 455 456 475
4 63 70 72 78
7 321 324 334 341 345 347 352
1 32
4 66 68 73 79
6 108 114 115 116 117 118
4 353 359 360 377
7 108 109 114 115 116 119 120
6 552 557 560 566 571 572
7 13 21 22 23 24 31 32
1 237
2 588 592
4 184 186 194 201
8 551 556 560 565 568 569 574 575
6 452 458 461 462 471 481
4 482 486 491 507
6 456 457 460 464 469 479
3 63 67 79
1 38
1 457
6 515 518 519 527 536 540
6 47 52 53 57 60 61
6 318 321 328 329 331 342
9 244 251 254 258 261 267 268 269 275
1 504
10 184 190 192 194 199 200 202 203 204 205
3 356 369 374
6 64 71 72 73 78 80
2 191 200
2 10 35
9 353 354 356 363 367 368 372 383 385
4 185 187 202 205
4 488 500 504 508
6 354 358 374 376 381 386
2 523 537
2 437 449
1 389
3 354 362 381
1 237
1 272
5 560 572 575 581 582
6 241 247 250 254 262 270
3 198 201 204
5 38 48 53 55 60
2 437 439
5 456 467 468 475 480
1 471
5 398 406 409 410 416
1 486
2 515 528
4 189 195 197 204
2 487 500
4 281 297 305 313
1 433
7 393 394 396 401 404 408 420
6 490 491 502 504 508 509
3 164 172 182
1 60
4 188 193 203 204
4 460 465 469 478
2 140 141
2 269 275
2 71 73
3 322 326 350
3 186 199 202
2 134 140
8 242 250 252 256 257 258 259 272
1 519
2 13 19
2 486 494
2 64 76
1 594
2 242 274
2 163 165
6 321 324 329 342 345 352
1 464
4 364 375 384 388
9 356 358 367 373 374 378 380 381 387
2 361 384
4 563 567 574 577
2 514 547
4 85 87 90 91
3 403 417 420
2 44 50
3 460 469 475
5 322 324 332 333 336
5 186 194 195 201 205
3 324 337 342
1 334
3 583 587 588
1 101
1 168
1 596
1 84
4 130 143 144 146
7 3 11 14 17 28 35 36
2 525 532
6 557 560 571 577 579 581
1 546
1 535
10 37 39 40 41 47 48 50 51 52 59
4 244 249 255 274
3 82 87 106
8 485 486 490 492 506 508 510 511
4 190 191 194 199
2 423 436
5 283 299 303 305 307
1 176
6 516 522 529 535 539 549
7 40 43 45 52 54 56 60
6 428 429 434 436 440 442
2 64 80
1 288
1 483
3 83 90 103
10 450 451 452 454 466 474 475 476 477 481
1 196
1 490
1 48
9 123 124 129 131 137 142 144 148 149
2 195 200
3 461 475 481
7 65 68 75 78 79 80 81
4 316 339 341 352
1 112
5 154 164 173 176 179
4 73 74 76 77
1 258
1 329
5 331 332 344 347 348
1 381
4 187 193 195 200
6 426 431 433 434 442 445
1 543
2 86 101
6 490 495 502 506 507 510
5 366 372 375 378 381
2 531 546
2 94 99
1 257
7 431 434 437 438 446 448 449
1 30
7 518 526 530 532 534 547 549
9 516 522 535 537 539 540 542 544 549
6 84 96 97 98 101 102
3 240 261 269
1 318
1 490
5 163 173 174 179 180
6 210 213 219 221 227 232
8 512 513 523 527 530 535 536 540
5 584 586 589 592 596
3 587 592 594
3 164 180 181
1 186
1 51
1 595
6 38 39 44 52 55 59
2 31 35
1 223
1 448
4 243 247 272 275
1 150
1 67
3 209 219 231
7 323 328 333 345 347 348 352
4 111 112 115 118
1 555
1 583
2 42 61
3 44 45 51
6 243 246 248 249 261 275
1 9
4 551 570 578 581
5 108 112 117 120 121
1 474
5 184 186 195 196 200
1 109
1 16
2 253 257
6 423 425 438 441 448 449
1 161
5 515 524 533 540 545
2 271 274
1 209
3 43 58 61
4 220 229 234 236
3 11 21 34
10 392 394 398 400 405 411 412 413 414 417
1 317
5 209 219 225 236 237
4 255 258 268 271
10 551 552 556 562 563 570 574 575 577 582
5 424 426 431 432 441
1 234
2 63 64
1 150
1 430
1 82
1 205
4 583 585 595 596
2 567 580
3 432 435 436
5 584 586 591 595 597
5 193 198 199 203 204
5 430 435 439 448 449
6 86 89 90 91 94 97
2 133 144
6 432 437 439 442 443 449
5 63 76 79 80 81
2 571 581
2 189 193
4 86 89 103 104
5 397 404 408 414 420
2 433 447
2 186 187
1 220
4 585 591 594 596
1 98
3 243 246 263
3 246 247 268
1 330
6 424 430 433 438 441 449
4 317 323 325 329
5 359 363 369 382 385
6 484 490 495 507 508 510
5 285 288 296 310 313
6 123 128 132 134 144 147
7 489 490 496 503 507 509 510
9 241 243 248 253 258 259 262 266 274
6 321 323 330 338 339 347
5 240 253 262 272 275
4 450 462 469 481
5 551 554 557 565 576
1 422
1 79
6 91 97 98 100 102 106
2 21 34
4 358 370 379 388
3 37 55 59
1 257
4 184 189 191 196
1 456
9 64 65 66 67 68 69 71 77 79
3 519 521 550
2 430 435
9 357 370 371 373 375 378 380 383 388
7 249 250 259 260 266 267 268
5 284 291 295 296 305
5 422 423 429 434 438
9 240 241 243 247 257 260 262 268 271
3 245 260 271
8 62 64 66 67 69 77 79 81
17 277 279 284 285 287 291 295 296 298 300 301 302 303 309 312 313 314
8 152 155 160 168 169 174 178 182
8 451 455 457 471 473 475 476 477
4 239 241 256 265
3 41 42 51
5 83 90 92 98 104
1 507
1 538
3 390 396 409
1 53
7 324 329 340 342 345 349 351
1 356
2 73 75
2 495 496
1 521
7 391 396 401 406 409 416 417
12 277 279 286 287 295 296 300 301 303 309 312 313
2 338 348
10 276 292 293 294 296 298 301 303 313 314
4 132 133 136 140
2 83 101
5 65 67 74 77 81
7 208 212 214 228 233 236 238
5 3 8 21 24 34
3 223 231 234
1 89
9 482 485 486 492 494 495 497 506 508
6 62 71 72 77 78 81
3 468 473 478
6 457 458 463 470 474 479
1 47
2 161 165
9 584 587 588 590 593 594 595 596 597
2 460 465
1 178
3 499 502 504
1 481
2 63 68
5 64 65 66 67 72
2 215 222
10 514 519 520 521 529 531 536 539 542 550
3 223 228 231
3 456 463 476
1 186
2 466 480
1 178
1 319
3 318 337 343
2 247 268
2 500 511
7 427 430 433 435 440 444 448
3 43 51 54
2 457 464
8 164 165 170 171 176 177 179 183
3 561 570 578
8 514 517 523 531 538 541 544 546
5 43 44 46 53 54
1 389
1 261
4 367 371 377 387
7 483 486 487 491 497 508 510
4 41 47 51 59
5 134 140 142 144 147
1 62
3 329 342 351
8 43 45 46 47 49 50 51 60
5 516 517 523 528 544
2 220 228
2 83 84
2 53 56
5 359 362 364 370 372
9 38 42 43 45 51 53 55 57 60
2 190 204
2 587 591
3 558 559 575
13 239 242 245 248 253 257 258 265 267 268 271 272 273
5 555 556 564 566 573
4 451 457 465 474
3 493 495 510
4 252 255 264 270
1 470
2 187 194
4 586 591 592 594
1 177
2 488 502
1 584
8 42 44 46 48 50 54 57 60
4 585 589 590 595
2 113 117
4 393 407 415 417
6 187 189 192 198 201 202
1 307
4 9 12 21 22
1 227
4 66 70 76 77
8 519 521 529 530 531 539 542 547
2 589 592
2 212 230
3 152 161 179
1 100
5 206 220 222 224 236
3 518 529 538
6 453 460 463 465 467 474
4 87 97 100 104
1 424
8 551 556 562 567 569 579 580 581
6 482 490 492 494 499 502
5 325 335 342 346 349
3 189 195 197
4 424 442 444 448
5 163 165 168 175 183
1 143
2 111 116
12 280 282 283 288 289 290 294 305 306 308 310 311
1 469
3 18 31 36
8 37 40 46 47 52 54 56 58
7 553 563 568 569 575 580 581
2 421 449
1 275
3 210 225 234
2 160 166
1 509
1 584
1 335
6 555 556 573 574 581 582
6 521 523 533 538 544 548
6 126 130 135 137 143 147
5 513 519 526 530 539
5 109 112 113 114 119
3 524 543 548
6 453 454 457 462 468 474
5 155 162 163 174 182
1 67
3 423 443 449
3 2 16 27
4 112 113 114 119
5 212 220 228 237 238
4 40 48 56 57
2 41 48
6 211 214 219 223 230 233
4 184 186 193 198
4 156 163 169 182
6 422 428 429 438 443 449
3 138 145 148
7 241 247 250 254 260 262 270
2 554 566
10 322 323 325 327 328 330 339 344 348 352
1 388
3 84 94 103
5 123 140 147 149 150
6 242 257 258 267 268 273
6 153 157 160 174 177 182
7 107 108 109 111 113 115 120
1 81
7 186 188 198 199 200 201 205
10 353 356 367 370 372 373 378 380 381 383
2 166 176
8 151 154 164 172 173 178 179 180
6 482 485 488 489 498 501
4 83 88 102 105
6 489 490 500 501 504 511
6 373 374 376 377 378 380
4 185 188 194 202
10 279 286 287 289 293 296 303 309 312 314
2 162 167
1 111
7 357 362 364 365 372 376 384
3 422 431 432
12 513 518 519 520 526 529 530 531 538 541 546 550
7 185 186 187 192 194 202 205
1 190
1 361
2 459 481
9 208 210 217 221 226 230 231 233 235
2 91 100
2 316 347
3 62 72 78
3 551 564 566
3 107 109 116
1 141
5 151 160 166 175 179
2 393 414
5 423 430 433 435 446
4 438 440 442 443
10 1 2 6 12 15 16 24 26 35 36
6 355 361 362 365 373 385
2 117 120
4 354 368 379 382
8 187 190 191 193 196 199 201 204
6 13 16 19 23 32 33
3 288 297 315
1 39
2 104 106
2 78 80
1 342
5 186 187 194 204 205
2 393 408
2 127 145
9 394 396 401 405 407 408 412 417 419
8 241 248 249 250 253 272 273 275
5 82 83 84 87 91
1 48
1 265
2 83 89
4 126 138 139 145
4 279 289 308 310
1 423
1 569
7 316 326 329 335 336 342 350
3 20 24 35
1 509
6 41 42 49 52 56 57
3 316 324 331
2 280 305
2 111 119
4 122 135 138 146
8 159 166 167 170 173 175 178 183
3 389 404 410
2 18 26
8 42 45 46 49 51 54 57 58
2 43 60
6 391 394 401 409 410 414
5 185 191 194 198 199
3 451 475 478
5 124 125 130 137 148
2 404 413
1 587
6 426 428 429 437 446 448
1 168
3 587 590 594
1 491
6 359 363 371 374 377 387
4 82 86 96 99
1 399
3 241 249 273
7 280 283 290 305 308 310 311
2 155 163
4 498 502 506 510
7 124 126 131 133 136 139 141
1 538
4 432 435 436 438
1 75
3 190 200 204
5 278 284 286 300 303
3 421 437 449
1 595
4 276 277 279 304
1 40
5 247 252 254 256 263
9 152 153 156 158 160 168 169 177 183
8 213 216 218 221 223 226 227 235
7 64 70 71 72 73 75 79
1 122
8 555 567 570 572 574 575 580 581
7 40 41 43 45 50 53 60
7 318 319 326 334 337 341 352
4 389 398 402 403
6 324 328 337 345 349 352
8 390 393 394 396 402 406 411 414
5 188 194 202 204 205
2 110 112
1 468
1 164
2 472 475
7 242 243 245 246 260 264 271
5 42 46 51 57 58
2 156 164
2 69 77
2 107 121
8 206 207 211 216 217 221 225 226
2 422 449
2 157 161
2 140 143
4 62 66 69 77
3 320 329 334
2 189 195
6 156 161 168 170 177 178
4 462 464 465 479
2 489 506
4 184 185 187 199
9 107 109 110 111 112 116 117 118 121
5 3 7 25 26 33
3 484 493 496
1 567
4 488 504 506 508
2 502 510
5 158 161 168 174 179
1 140
4 3 20 22 36
4 358 362 375 378
1 243
1 310
6 488 490 494 498 506 510
4 67 68 79 80
3 430 437 449
12 278 281 283 290 299 300 305 306 307 311 313 315
4 400 402 412 417
2 162 170
2 337 350
1 508
5 424 428 429 439 440
4 186 198 199 203
3 170 172 179
4 43 49 58 59
1 333
5 484 489 491 493 509
3 495 498 510
1 369
3 68 76 79
2 156 176
3 107 108 118
3 247 250 262
1 212
3 127 145 150
6 210 214 216 220 224 229
4 457 465 474 481
5 356 357 370 386 387
4 389 390 398 416
4 187 196 198 202
7 37 40 41 44 46 58 60
6 292 297 298 301 308 310
2 551 561
2 502 509
2 83 102
3 321 335 344
2 469 479
2 66 69
2 406 408
6 6 10 14 19 26 30
6 82 84 98 102 103 105
4 1 5 25 30
2 357 364
4 525 538 546 549
4 108 109 114 120
1 96
2 583 586
3 211 214 234
1 213
4 215 226 231 235
3 39 59 61
2 276 304
2 364 370
5 62 73 74 78 80
2 88 102
3 184 193 195
10 353 354 355 360 362 365 366 370 376 386
3 247 265 272
1 455
3 153 158 159
7 184 189 193 196 200 203 204
1 331
6 551 555 559 560 566 572
9 240 244 246 254 255 258 262 264 274
8 107 109 111 112 116 117 119 120
5 421 424 435 436 443
8 512 513 517 534 543 545 546 548
3 71 74 78
3 93 100 104
1 99
2 110 120
9 391 393 394 397 404 410 411 418 420
6 325 327 328 336 339 352
5 492 494 503 509 511
3 247 259 268
3 402 408 419
4 252 255 257 263
3 482 488 503
7 39 42 51 54 56 58 61
1 377
1 324
5 391 394 401 409 410
4 45 49 51 54
5 44 48 49 53 58
6 38 45 49 55 56 57
2 408 412
2 289 310
1 351
4 368 370 379 383
3 460 473 477
4 426 439 440 445
4 551 570 578 579
3 240 255 269
4 452 454 472 473
3 47 57 60
1 532
3 425 434 449
3 19 32 35
8 155 158 163 169 170 171 174 182
10 450 452 459 462 466 470 471 472 473 480
5 152 169 172 180 183
5 551 553 557 579 580
4 493 496 500 507
2 63 76
6 240 255 261 263 266 269
1 523
2 591 594
5 585 586 592 595 596
1 373
2 136 141
3 246 261 271
2 221 235
6 450 452 454 468 480 481
2 219 237
6 240 242 243 258 267 272
8 151 156 162 165 167 170 175 176
5 151 162 169 175 176
1 519
11 358 359 364 367 368 374 376 377 381 383 387
5 391 396 401 412 414
4 122 126 129 133
2 132 144
6 4 10 18 29 30 34
1 200
1 565
1 73
4 85 86 88 100
6 151 152 164 171 179 182
1 42
2 52 61
6 207 208 217 218 219 236
1 375
9 213 216 218 221 222 223 226 227 235
6 486 490 495 496 502 508
5 321 328 337 345 352
3 426 439 440
4 42 49 51 58
3 65 72 80
1 36
2 504 506
3 191 197 199
4 247 259 268 270
8 483 484 488 498 503 504 505 506
1 435
7 317 328 330 332 338 344 347
3 458 464 468
6 68 69 71 74 76 79
3 166 167 171
6 3 10 14 15 18 35
4 111 114 118 121
8 3 5 11 20 23 27 29 32
1 556
3 356 365 366
3 153 160 174
3 588 595 596
10 514 519 520 525 529 531 536 539 542 550
5 514 515 521 540 549
3 1 20 23
2 212 232
6 357 371 376 381 384 385
4 153 157 174 182
6 109 111 113 114 120 121
1 77
4 329 340 342 351
1 428
6 155 158 159 164 166 169
2 291 312
1 116
3 13 17 23
6 450 456 463 470 472 477
3 185 192 195
3 128 143 149
1 572
4 92 99 105 106
2 464 479
1 18
8 554 558 559 569 571 576 581 582
6 280 305 306 310 312 315
5 326 332 334 335 346
1 60
2 515 528
1 56
5 518 526 532 547 549
6 319 329 333 335 336 350
5 163 164 168 171 183
1 91
2 458 468
1 63
1 589
9 389 392 400 408 409 412 413 419 420
8 289 295 299 302 303 304 309 310
5 318 337 339 343 346
