556 2756
7 353 358 361 364 366 369 370
2 118 122
5 376 379 380 387 389
5 3 9 11 12 18
6 177 178 179 185 186 189
4 356 362 364 374
7 118 121 124 127 129 130 132
4 32 36 38 47
4 225 228 230 235
1 441
1 111
9 70 72 73 78 80 86 88 94 98
1 393
6 262 263 266 276 279 280
5 193 197 200 201 208
3 156 159 169
2 348 352
7 282 286 289 297 298 302 304
2 101 105
6 101 103 110 111 112 114
5 361 365 369 370 374
2 283 299
1 84
2 465 491
1 534
1 126
2 426 436
4 539 552 554 555
5 191 196 202 204 210
1 376
3 246 255 259
3 237 254 257
5 26 33 35 45 56
2 476 488
2 250 255
9 3 7 8 12 13 14 15 17 19
1 18
5 375 378 379 389 392
10 422 424 427 433 437 438 439 440 445 448
1 279
3 103 109 115
2 121 133
2 458 477
5 427 443 451 452 454
2 104 113
2 199 209
5 221 223 224 230 235
2 5 20
6 395 396 399 406 411 419
1 242
1 218
2 142 172
3 1 15 22
5 395 401 402 403 409
5 191 202 205 207 210
1 69
8 281 283 284 289 291 294 296 301
3 379 389 392
9 492 494 495 496 500 504 512 514 528
1 428
5 28 33 37 48 61
1 122
3 101 108 116
6 328 330 333 338 340 344
1 1
3 357 358 368
2 29 41
1 79
8 197 201 202 205 206 207 208 212
10 310 312 314 317 326 334 336 340 344 345
4 193 198 200 202
1 424
2 267 270
6 281 288 299 303 307 308
2 437 454
2 241 259
4 284 298 306 309
4 260 264 267 277
2 403 409
5 459 462 465 483 485
1 273
4 149 152 158 170
4 191 195 198 207
1 311
6 215 222 224 225 226 227
3 141 157 173
3 31 32 35
5 317 321 327 331 333
4 127 130 132 136
4 101 111 112 116
3 261 263 278
7 427 436 439 443 447 449 456
2 119 131
3 473 482 484
2 376 378
7 495 503 505 510 514 517 520
2 201 211
1 7
4 531 533 534 547
13 63 67 68 71 72 73 74 77 79 82 86 87 100
4 358 360 361 371
3 281 288 296
1 318
2 328 341
8 422 424 433 437 443 445 448 454
3 395 412 417
2 139 140
5 242 247 251 254 257
3 218 230 232
4 284 294 296 303
1 124
2 215 225
1 249
5 533 535 539 541 555
4 503 512 522 530
4 459 469 476 488
2 497 515
2 433 438
4 282 288 295 296
2 127 132
1 61
5 398 402 409 411 412
10 311 315 316 317 321 327 331 333 336 340
1 396
4 425 434 441 452
4 465 467 470 481
3 264 271 276
6 535 538 542 548 550 553
3 347 348 360
3 293 299 308
6 314 315 317 318 324 332
2 254 255
7 496 500 504 520 524 527 528
2 462 477
7 219 222 224 228 229 233 235
4 494 495 506 528
12 460 463 465 466 467 468 471 472 474 478 485 491
7 531 533 538 542 547 554 555
4 140 157 172 173
1 328
4 435 439 442 451
5 347 355 357 358 368
5 466 473 477 480 485
3 412 414 415
5 347 349 360 363 364
3 319 325 341
4 539 547 548 550
4 376 388 390 392
5 119 124 127 129 130
2 350 353
1 299
10 282 284 290 294 295 301 302 305 306 307
5 119 120 121 124 134
3 290 297 303
2 47 54
2 346 363
1 35
8 402 403 405 408 410 411 413 416
1 351
3 396 401 414
2 15 22
5 346 349 355 364 369
1 122
5 281 287 290 291 296
5 102 109 111 114 116
2 505 515
6 191 193 197 202 207 210
3 102 110 112
1 198
6 63 64 66 69 79 89
1 67
9 143 145 146 150 154 166 171 172 173
1 427
2 208 212
2 272 279
4 1 8 9 24
4 496 498 510 526
5 120 128 134 135 136
5 194 197 198 206 212
2 106 109
1 136
1 448
4 6 7 8 17
2 376 386
5 457 470 481 484 489
9 458 460 464 469 471 473 482 486 489
5 434 435 440 446 456
6 424 427 428 435 440 455
2 11 12
7 218 220 225 227 229 231 232
3 500 515 525
2 264 265
3 3 16 23
3 535 543 548
1 339
5 101 103 105 111 115
3 220 222 231
8 395 399 402 410 411 414 415 420
1 473
1 255
5 78 82 87 89 98
1 215
1 484
2 241 243
5 311 321 336 339 344
6 499 502 504 514 516 526
6 66 77 78 79 83 91
3 498 521 523
1 529
2 152 174
2 277 278
3 376 384 393
1 466
6 380 385 388 389 390 392
1 211
3 265 268 270
7 40 41 42 43 44 52 55
3 362 371 374
5 310 312 314 329 331
4 462 479 482 487
9 500 503 504 508 509 513 521 522 523
6 353 362 364 367 368 374
1 425
2 159 173
7 532 541 547 550 554 555 556
2 180 185
2 119 130
3 101 103 104
2 131 133
3 106 114 116
9 236 237 240 243 252 253 254 255 256
6 355 357 363 365 366 372
2 264 278
5 532 534 541 545 548
3 184 186 189
6 462 469 475 477 482 491
2 76 77
5 137 144 158 159 170
2 66 74
1 512
1 549
4 78 87 89 98
6 138 140 144 155 159 166
1 140
1 121
1 453
4 281 287 293 300
1 217
4 1 5 8 23
1 15
4 122 129 130 134
3 502 512 523
8 346 347 349 355 360 363 364 369
2 94 100
3 498 504 527
4 504 505 521 529
4 194 198 202 205
4 247 249 251 259
7 281 284 290 293 297 303 305
1 47
1 536
10 118 120 121 122 124 126 129 131 134 135
2 29 51
4 34 51 55 61
3 27 39 60
7 145 147 151 157 159 165 171
11 492 495 497 498 502 503 505 507 508 520 530
4 429 438 443 449
2 222 228
6 531 536 543 544 546 552
5 190 194 203 206 213
7 137 147 152 166 167 173 174
1 348
2 120 123
4 534 542 546 547
2 28 47
3 121 123 129
1 111
2 378 379
7 26 29 32 36 50 60 61
8 138 139 144 148 151 154 156 163
5 4 5 7 14 18
3 461 462 477
3 101 104 107
1 326
3 218 227 229
5 176 179 182 185 186
1 320
2 303 307
3 218 222 232
9 260 261 264 268 269 270 275 276 278
8 460 461 465 467 468 469 479 483
2 268 269
2 155 163
5 236 238 241 251 256
3 360 367 368
2 544 551
1 409
2 90 97
2 230 232
5 26 29 36 40 49
1 297
2 382 390
1 228
6 403 409 416 418 419 420
2 430 437
5 5 11 12 17 21
5 190 192 193 199 201
1 532
1 31
4 348 359 369 372
5 260 265 267 276 277
6 396 398 399 400 404 419
1 23
5 263 264 267 269 272
2 406 409
1 162
2 127 130
1 359
7 347 360 365 366 367 368 372
8 532 535 544 546 548 552 553 555
3 198 208 212
1 107
2 363 364
4 493 498 511 524
2 387 389
7 287 292 299 300 305 306 308
3 533 548 549
9 421 425 426 428 434 441 446 449 456
2 247 249
2 461 484
3 244 252 258
1 206
4 287 296 301 304
1 289
1 71
3 4 10 17
8 120 124 126 130 131 133 134 136
1 540
4 69 78 92 100
3 421 450 454
4 224 226 227 234
2 497 521
1 294
3 262 270 276
1 370
3 194 199 201
2 346 360
4 101 104 105 116
5 539 542 544 546 551
1 285
3 130 133 134
3 122 123 132
10 376 377 379 380 381 383 384 386 387 389
6 66 77 83 90 94 96
4 104 105 110 115
1 509
3 375 379 386
7 66 67 70 71 78 79 85
6 63 74 76 77 89 97
3 177 181 188
3 395 407 409
4 65 80 87 93
1 136
3 118 121 122
5 137 149 152 159 163
4 193 197 207 210
5 28 42 45 50 56
3 263 274 279
1 215
4 154 161 167 173
6 399 402 403 409 413 417
1 502
1 366
3 102 103 113
1 182
6 531 533 546 550 552 554
2 1 24
9 312 318 328 329 336 339 340 342 344
5 219 223 224 232 233
2 265 276
3 281 284 290
6 375 379 382 383 388 389
2 42 58
1 390
5 283 288 298 301 305
6 262 264 270 272 274 276
1 283
6 539 547 548 549 550 553
3 483 486 487
5 216 218 221 227 229
2 176 181
2 546 556
2 324 330
3 492 512 519
1 465
7 5 7 8 14 17 21 22
8 458 467 473 476 481 483 488 489
1 235
2 397 413
3 282 285 286
5 118 123 124 131 135
2 324 334
4 219 230 232 235
1 349
4 536 540 545 550
5 421 426 434 436 444
1 529
2 41 42
6 532 537 539 543 546 553
3 121 123 126
3 225 226 228
2 244 258
1 422
4 122 126 128 131
4 118 121 124 136
1 428
1 517
2 517 525
2 200 207
10 493 497 498 501 506 508 511 519 522 529
5 282 285 289 291 301
7 146 147 150 153 156 158 165
10 140 143 150 152 155 157 159 161 167 174
3 281 293 298
3 394 406 407
1 116
4 532 536 550 555
5 283 297 305 306 307
1 378
3 219 222 230
3 121 125 132
1 115
4 457 462 467 491
10 349 352 354 356 357 358 359 364 365 367
7 25 26 28 29 38 51 59
5 536 540 542 544 550
1 96
2 473 475
6 190 193 201 203 206 208
6 499 500 502 514 521 524
1 287
3 195 208 213
3 421 434 436
4 32 42 46 61
6 218 220 223 225 233 234
4 45 50 56 61
3 383 386 392
6 137 140 155 163 165 171
4 119 121 126 133
6 101 103 106 107 109 110
5 263 265 268 271 279
6 260 264 269 271 273 275
1 183
5 180 181 185 186 188
1 407
1 103
3 537 538 548
1 299
4 532 536 546 555
1 482
5 104 105 106 115 117
6 519 523 524 525 528 530
3 539 548 551
2 119 120
4 121 132 135 136
6 101 105 108 111 114 117
3 322 327 330
2 140 145
2 67 90
1 136
2 1 17
1 294
1 119
1 294
7 536 539 540 544 545 550 553
3 218 225 230
1 296
2 157 160
8 492 495 498 502 503 505 508 530
13 458 460 463 468 471 475 476 477 479 480 484 486 488
7 177 181 182 184 185 186 187
10 493 497 498 501 502 509 519 522 525 528
2 199 200
4 376 381 384 393
1 175
2 78 91
4 205 210 211 214
4 217 228 230 235
6 10 18 19 20 21 23
3 109 110 114
8 261 262 263 267 270 276 279 280
4 397 400 403 410
4 80 84 93 96
6 464 469 472 482 483 490
4 108 109 114 115
5 102 111 113 115 116
2 423 448
6 376 378 385 389 391 392
7 64 68 72 82 88 93 98
2 384 386
6 120 121 124 126 127 136
2 429 440
3 149 150 156
1 30
3 457 482 487
4 499 503 508 514
2 283 291
4 179 180 181 183
5 532 535 536 543 548
3 260 261 271
7 533 540 542 545 551 554 555
6 103 108 111 112 116 117
1 35
6 282 289 298 305 306 308
2 348 350
4 537 540 547 549
1 204
1 466
1 108
3 205 212 213
5 198 201 203 206 209
1 393
2 546 556
2 542 549
4 377 380 387 393
10 376 377 379 380 382 383 385 387 392 393
4 281 288 290 296
2 531 543
15 310 311 320 322 323 325 327 328 330 332 333 335 336 337 341
8 395 396 408 409 410 411 412 417
3 283 288 289
1 41
9 375 376 379 380 386 387 388 391 393
2 427 445
6 217 223 224 229 230 231
4 424 445 449 451
1 188
2 424 432
4 84 89 90 96
2 239 248
3 425 447 452
5 347 365 366 368 372
8 457 464 467 469 472 482 483 490
2 352 373
9 143 146 147 150 152 154 166 172 173
3 459 460 469
3 269 271 278
1 181
1 442
4 250 254 257 259
4 220 226 231 232
3 427 430 451
1 445
3 546 555 556
2 65 75
11 63 64 69 70 74 75 78 90 91 95 98
1 214
2 534 556
3 459 461 465
6 284 287 289 293 297 305
3 9 11 24
4 395 404 412 420
6 26 28 38 39 41 59
1 121
2 1 10
1 332
6 176 181 183 184 185 188
5 351 355 362 364 366
3 26 59 62
1 538
6 314 315 322 324 330 344
10 260 261 262 265 268 270 272 275 277 279
3 90 94 100
8 494 497 499 503 504 513 516 523
2 539 552
7 25 27 29 53 54 56 62
3 493 505 528
5 140 145 153 164 172
13 315 316 318 321 322 324 327 333 334 335 339 341 342
1 167
2 228 235
3 109 110 116
1 12
1 274
1 196
1 498
5 190 196 205 206 214
4 64 71 90 91
2 26 58
10 283 287 295 297 301 302 303 306 308 309
1 307
1 436
4 128 130 134 136
3 506 509 510
4 539 548 550 551
1 535
1 377
1 35
5 432 433 442 451 454
3 44 47 52
1 151
1 190
2 383 393
4 302 303 306 307
1 35
1 305
5 377 379 382 386 388
6 433 434 438 447 450 453
1 407
4 282 290 292 296
1 370
1 66
6 398 402 405 408 411 415
9 260 261 263 265 266 269 272 273 276
3 401 407 418
5 30 36 37 40 57
1 378
7 396 400 401 406 410 414 418
2 13 16
4 148 153 161 168
6 262 263 267 269 270 277
3 5 13 15
2 35 46
3 542 551 555
1 120
3 402 410 416
3 247 250 256
7 1 9 10 11 15 19 22
6 462 468 470 474 481 489
4 394 397 409 414
4 261 269 276 279
9 311 312 314 321 327 330 334 343 345
7 493 498 501 508 511 519 529
2 468 480
5 118 125 127 129 133
1 479
7 191 193 197 202 205 207 210
4 5 10 13 16
5 238 239 242 251 253
1 518
4 123 131 132 133
3 239 242 252
2 388 393
2 226 227
3 398 399 404
4 429 433 435 450
3 238 250 258
12 69 70 74 75 78 83 86 87 89 90 92 96
4 320 323 330 345
1 179
1 388
1 216
1 482
3 494 496 526
6 262 270 271 272 278 279
6 428 435 438 444 445 456
9 494 495 498 504 506 507 519 524 526
7 215 222 223 225 226 231 232
6 316 321 325 327 331 338
3 176 185 189
5 35 38 45 56 62
2 236 243
5 394 395 397 415 420
1 178
1 163
6 237 241 244 248 254 257
1 111
5 499 501 506 511 529
1 275
3 30 31 38
4 377 386 387 391
3 533 537 551
7 26 32 36 38 50 53 54
2 8 20
2 228 233
3 287 291 301
3 175 182 188
3 261 264 267
2 375 381
3 500 519 522
2 347 365
3 376 379 381
3 468 473 480
3 264 266 272
1 386
6 104 105 108 112 114 117
4 378 382 386 388
9 281 283 287 289 297 302 306 308 309
4 215 224 225 226
4 101 106 113 117
4 142 143 145 146
8 492 496 500 502 510 512 518 519
2 111 113
3 505 515 526
5 66 68 74 75 93
6 539 540 544 545 550 553
3 317 337 345
1 236
4 282 283 292 296
1 503
6 2 3 13 14 18 23
6 313 320 331 339 342 343
6 538 539 541 546 548 550
4 216 217 219 234
6 141 143 149 155 158 170
1 139
2 460 473
3 355 365 374
2 291 300
5 237 245 247 249 259
2 538 540
1 364
5 507 512 513 517 529
3 261 274 276
6 531 538 542 543 544 554
1 128
8 503 504 505 513 515 525 527 529
1 490
1 390
5 261 264 267 273 278
3 384 386 390
1 392
7 346 355 359 360 369 371 374
5 264 265 273 278 280
5 120 121 123 125 132
10 261 264 266 268 272 273 274 275 276 278
1 106
4 538 542 547 555
2 30 45
3 407 417 420
1 230
7 347 351 353 364 365 367 371
1 25
4 495 507 520 530
4 120 122 123 129
2 537 546
1 442
7 398 404 406 412 414 417 418
1 552
1 309
2 457 469
2 404 420
2 267 268
4 400 404 408 416
4 8 9 11 14
5 118 126 127 128 130
3 265 277 278
8 63 65 76 77 85 92 97 99
1 131
2 398 419
3 409 413 417
1 546
2 395 420
3 27 35 55
3 376 379 380
3 313 334 336
4 101 108 114 116
3 215 221 223
4 107 111 113 115
2 385 393
5 376 378 380 389 391
3 380 382 387
7 394 395 398 408 413 418 419
2 134 136
4 394 399 406 419
12 495 497 504 505 510 511 513 515 518 521 524 529
2 102 107
6 261 262 269 276 278 280
10 460 463 466 467 468 474 482 486 489 491
3 493 496 516
1 136
10 175 176 177 178 182 184 185 187 188 189
1 16
3 4 11 17
2 110 114
4 118 126 128 130
4 396 399 416 418
4 353 361 363 364
2 380 383
4 30 33 50 57
10 375 377 379 382 383 384 386 387 389 391
4 378 379 380 386
4 192 193 196 214
3 109 115 116
2 14 17
1 462
5 265 268 269 275 280
4 175 182 188 189
1 140
8 497 498 499 508 512 513 515 524
8 2 5 11 15 16 20 22 23
2 387 392
3 139 152 162
3 290 302 307
2 107 111
1 271
1 392
3 119 120 129
2 80 82
6 458 459 460 468 482 483
3 512 518 530
3 502 518 529
2 475 484
1 118
2 473 483
1 452
2 474 487
2 496 528
5 349 351 352 356 370
1 218
3 400 403 411
5 395 403 404 406 418
1 265
1 413
1 126
6 101 102 105 111 115 117
2 194 203
8 29 31 36 37 44 52 53 57
3 346 352 356
1 41
3 28 31 60
6 281 286 290 298 302 304
3 327 329 341
1 387
2 271 275
4 498 503 504 527
5 64 80 81 92 95
5 190 192 198 200 210
1 133
3 376 384 391
5 218 219 226 228 235
1 437
3 516 526 528
5 533 537 545 547 553
4 102 110 112 117
1 351
5 457 461 474 479 491
5 25 27 31 38 43
8 492 495 496 502 510 524 526 528
1 475
3 125 129 133
3 102 105 115
7 6 7 12 14 19 21 24
1 523
6 377 379 381 385 386 390
11 492 496 500 504 507 513 514 520 524 527 528
9 460 464 466 467 471 474 476 489 491
1 222
1 55
4 241 243 245 254
2 536 538
3 122 125 136
3 216 222 227
1 22
3 270 276 280
3 141 169 172
1 314
5 191 200 201 209 211
1 42
1 390
2 408 416
4 422 427 449 451
6 355 363 364 367 371 372
2 155 164
6 282 283 285 302 305 307
1 152
8 459 460 462 468 471 477 479 489
2 376 388
5 281 290 291 302 309
1 111
5 179 183 184 187 188
1 389
2 376 386
3 7 13 17
9 260 262 264 268 270 273 275 277 278
4 426 443 452 454
4 124 130 131 132
2 377 380
1 486
8 493 497 498 501 506 508 519 529
6 533 534 538 540 541 550
7 535 536 537 538 548 550 553
2 104 105
1 399
5 381 382 384 387 388
5 152 154 159 171 172
3 120 125 133
6 458 462 472 473 475 477
2 328 329
6 494 497 506 514 515 519
3 379 380 382
1 135
2 306 307
5 219 224 227 231 234
5 1 5 14 23 24
4 4 11 19 21
4 175 182 185 186
6 281 282 287 291 305 308
1 201
3 322 324 334
4 537 540 551 555
1 228
6 397 405 411 416 417 418
4 346 352 356 373
3 323 327 335
6 399 408 409 412 415 420
2 143 155
6 283 284 290 297 300 308
3 506 509 526
2 101 111
3 105 107 110
6 498 500 501 508 512 517
5 375 377 379 388 392
3 50 61 62
8 398 399 400 408 410 415 417 418
2 407 417
4 427 439 442 447
1 239
2 377 390
2 125 129
1 468
1 396
3 177 178 180
3 69 78 94
3 463 470 490
1 35
5 533 537 544 545 556
6 497 500 501 505 514 520
7 494 508 513 515 516 523 524
5 535 541 543 551 556
5 311 312 338 340 345
1 304
2 216 234
6 260 263 271 272 277 278
6 379 384 385 389 390 392
5 380 381 382 385 391
4 223 224 229 234
2 347 360
5 191 194 199 206 211
2 283 290
4 270 271 276 278
3 220 223 235
4 198 201 202 212
1 48
4 405 406 407 418
3 377 387 393
3 293 298 306
1 252
1 54
3 261 266 275
1 114
10 421 422 425 434 437 442 445 449 450 455
2 120 128
5 347 348 351 360 368
4 29 30 41 52
4 377 379 390 392
1 101
2 311 332
1 268
3 376 388 391
2 446 454
3 510 515 522
6 191 192 197 200 203 209
7 457 459 461 474 479 485 491
7 281 290 291 296 300 302 303
7 236 237 240 241 247 250 254
4 281 285 299 309
10 137 144 146 156 159 161 163 165 169 173
4 282 285 289 303
4 191 192 210 212
2 118 124
2 375 391
1 519
3 101 106 111
2 181 184
8 496 500 501 505 511 514 520 527
4 101 103 109 114
4 238 245 251 256
6 284 285 286 294 303 304
3 247 250 251
2 185 188
1 123
7 26 27 39 40 43 59 62
5 537 541 544 549 553
5 381 382 385 387 392
3 358 365 374
1 541
5 5 6 9 16 24
6 217 218 222 223 224 231
1 129
1 380
2 218 223
4 101 102 105 115
3 124 128 133
5 25 26 28 29 38
4 353 362 367 374
6 155 158 164 165 169 170
2 463 470
1 556
8 284 286 287 293 295 296 300 309
5 237 242 248 257 258
3 139 167 171
9 284 288 291 292 296 299 300 301 308
7 395 404 412 414 416 418 420
8 492 496 502 510 519 520 524 527
1 409
5 140 153 159 160 162
4 395 403 415 418
3 127 130 136
6 375 377 383 388 390 391
5 12 14 19 21 24
4 237 243 251 254
4 177 181 184 186
6 377 381 388 389 391 392
1 96
3 330 338 340
4 346 354 361 370
7 144 147 153 156 162 165 170
5 352 353 367 372 373
5 349 350 355 357 363
7 400 405 406 408 414 416 419
1 117
1 276
1 351
5 536 540 544 545 553
3 118 132 134
6 286 288 289 294 304 307
1 373
5 175 176 177 180 181
1 216
4 395 397 404 406
2 314 334
1 134
6 178 179 181 183 188 189
2 216 221
1 258
1 468
2 405 413
2 66 71
5 243 245 251 255 256
6 349 350 354 355 357 363
6 176 179 181 186 187 189
5 394 397 399 404 419
2 317 330
4 281 293 302 304
10 101 103 104 105 106 108 109 111 114 117
1 483
2 429 430
5 313 324 326 330 344
7 423 424 427 429 431 435 436
2 289 304
4 347 349 354 355
6 121 122 123 130 135 136
2 123 131
10 457 464 465 467 482 486 487 489 490 491
2 69 87
5 71 86 88 95 99
1 143
2 351 354
1 220
1 103
6 422 423 426 434 444 453
4 65 66 74 78
3 102 103 112
6 460 461 471 476 480 484
10 499 504 507 516 519 523 524 525 528 530
1 338
3 15 18 21
4 287 288 306 309
3 377 380 392
2 121 127
3 315 318 340
2 260 264
7 534 537 540 541 542 545 546
4 120 127 128 129
3 215 216 226
3 296 301 304
3 500 503 510
2 161 166
6 284 285 292 294 302 309
3 124 125 129
2 425 430
4 457 460 478 479
1 468
1 378
2 63 78
4 498 508 511 527
7 64 72 73 75 77 79 83
2 285 289
2 260 271
1 418
5 495 499 502 517 528
3 221 227 228
1 198
1 70
2 358 370
4 119 120 123 128
2 313 325
1 391
1 426
1 552
2 118 130
4 217 221 230 235
2 205 210
4 106 108 110 111
1 506
2 199 206
1 116
4 348 349 354 361
5 376 381 388 390 392
8 424 431 435 437 444 446 451 454
1 549
6 30 37 57 58 60 62
3 427 446 451
2 105 107
2 50 61
3 459 469 478
1 204
5 379 384 386 391 393
1 232
3 148 170 174
2 126 135
3 286 299 307
3 6 12 23
2 246 259
5 3 9 12 14 24
2 407 417
1 298
8 137 138 141 156 159 162 169 172
4 118 121 125 136
8 65 66 70 75 89 95 96 100
8 146 147 150 152 157 158 168 174
2 77 95
7 138 140 142 149 151 159 168
7 282 291 295 296 299 304 305
1 413
4 249 250 254 256
9 457 460 461 462 468 473 480 484 490
4 500 502 528 530
5 191 194 197 202 212
1 475
1 142
3 120 123 128
3 500 504 506
1 540
2 493 504
4 288 291 298 309
4 192 202 204 212
4 194 203 206 213
1 204
3 260 268 270
3 537 549 556
1 213
1 278
2 103 109
4 195 200 206 214
1 42
6 282 283 290 292 294 296
3 481 485 489
3 404 412 418
4 8 10 14 23
3 531 553 554
3 178 188 189
4 492 496 518 519
3 379 388 391
5 1 9 11 19 22
4 462 463 474 479
5 68 69 70 80 85
4 219 222 227 230
2 503 520
1 60
3 421 444 454
2 184 187
4 281 290 294 305
5 190 191 201 208 209
6 492 493 497 508 510 515
2 284 308
1 363
4 535 541 543 551
3 323 335 345
7 237 239 246 248 253 255 258
3 497 517 521
7 63 67 68 71 73 74 79
5 26 33 38 39 50
2 101 108
6 65 78 86 91 92 98
7 175 176 181 182 186 187 188
1 122
4 124 125 129 131
8 424 426 434 436 451 452 454 455
1 275
1 366
7 101 102 106 108 110 111 115
5 423 430 443 444 453
3 218 225 233
1 173
5 261 264 267 268 274
4 118 122 128 136
10 422 424 430 432 433 436 437 441 446 448
3 400 405 417
1 54
10 460 462 464 466 469 470 471 478 486 490
3 397 401 409
10 422 428 431 434 442 445 447 451 453 454
1 316
1 278
5 63 69 85 97 98
3 290 293 297
1 332
8 423 425 435 439 447 449 450 451
4 429 433 451 454
2 464 488
10 144 145 149 151 153 155 161 164 165 171
1 412
3 112 113 116
4 190 199 200 212
4 533 536 550 553
7 137 141 144 145 166 171 173
4 6 7 14 21
5 296 297 301 305 306
6 394 397 398 401 403 408
12 65 71 76 84 86 88 91 93 94 95 97 100
8 532 533 539 542 544 546 547 552
5 236 243 245 246 248
2 462 482
6 375 376 380 382 387 388
6 351 353 359 369 371 374
2 108 116
1 202
5 64 75 80 88 95
7 66 67 74 86 87 93 97
1 410
7 497 498 512 513 517 525 528
3 441 444 456
1 548
3 262 269 279
8 63 64 71 81 84 90 91 99
2 29 43
1 244
4 425 429 441 452
8 349 351 352 355 358 363 365 371
1 351
4 282 292 302 305
2 394 399
6 352 353 356 367 372 373
3 125 128 136
6 286 299 302 303 308 309
2 190 204
5 45 49 50 56 61
1 406
3 288 290 292
1 388
3 421 428 453
2 375 378
4 25 33 47 52
3 177 180 181
5 516 519 524 528 530
4 190 197 198 211
3 192 204 207
3 266 268 270
2 196 209
1 406
6 376 381 383 387 388 391
3 26 32 34
1 275
5 138 162 163 171 172
6 123 124 125 126 129 136
11 423 427 435 439 440 442 448 449 451 455 456
4 137 145 162 170
1 280
2 128 129
4 470 474 478 485
2 428 433
1 462
1 182
2 73 78
5 216 217 218 226 231
6 35 42 45 48 57 58
5 26 37 39 41 60
6 531 539 546 549 550 553
1 547
3 151 155 164
6 458 461 472 474 482 488
1 396
11 460 462 463 464 466 469 470 471 478 486 490
3 241 257 258
1 272
5 429 434 438 441 452
4 237 240 247 254
4 435 441 442 452
5 492 515 527 528 530
1 445
1 20
3 375 381 389
2 218 230
6 327 328 329 332 334 341
2 360 362
1 197
4 378 380 383 391
1 158
6 313 319 322 325 339 342
1 180
8 534 535 539 545 546 552 554 556
12 138 140 142 149 151 156 158 159 160 168 169 174
13 69 70 74 75 78 83 86 87 89 90 92 96 100
6 282 286 289 292 295 303
5 316 328 332 336 342
1 102
2 47 48
1 306
5 532 540 541 550 551
5 124 126 132 134 136
7 103 105 107 110 113 116 117
3 176 184 189
4 424 437 445 454
2 157 167
5 457 459 465 477 485
5 428 439 448 449 455
5 7 11 14 20 23
3 395 412 416
1 364
2 549 553
3 413 414 415
4 541 545 549 552
3 196 199 209
3 384 392 393
2 400 410
2 465 466
4 1 8 11 12
6 267 269 274 275 276 280
6 403 410 411 415 416 417
4 193 199 203 207
3 265 268 274
7 119 124 125 129 130 132 133
5 310 311 314 316 343
6 348 349 350 363 366 373
6 195 198 206 209 210 214
1 332
6 375 379 388 391 392 393
3 550 551 554
3 45 49 61
5 125 126 128 133 134
4 236 250 254 258
3 268 274 277
2 127 132
1 115
2 336 339
1 265
5 192 196 200 206 213
2 141 160
4 347 360 365 368
3 63 74 89
3 495 499 514
3 376 384 392
3 226 234 235
5 320 323 330 335 345
2 103 104
9 176 177 179 182 183 185 187 188 189
2 240 245
1 133
2 255 257
3 355 359 365
3 193 197 201
5 375 380 383 384 392
2 108 114
5 394 396 399 412 414
1 48
3 111 113 115
1 260
5 282 285 295 300 308
1 276
1 493
3 509 512 519
7 33 35 40 50 51 61 62
1 111
2 324 343
9 175 176 177 178 180 181 182 184 189
6 139 147 154 155 163 169
2 108 113
10 138 142 143 157 160 161 163 167 168 172
1 324
1 260
3 190 194 213
10 312 313 316 317 323 327 330 334 340 342
8 493 495 505 509 510 515 527 528
1 212
4 139 143 147 148
3 402 413 415
1 262
1 169
2 319 327
4 458 463 467 473
2 294 302
6 190 195 196 206 209 212
8 493 497 499 513 514 516 525 526
6 177 178 179 180 185 187
4 196 202 211 213
1 333
6 534 535 540 541 543 552
6 175 178 179 184 186 188
1 366
8 395 397 402 406 408 413 414 419
5 408 410 412 413 420
7 239 240 244 246 247 251 258
5 394 399 406 407 419
2 102 111
2 387 390
6 402 403 411 412 415 419
1 326
2 35 48
1 413
3 432 433 446
9 27 29 32 40 45 53 56 57 61
7 318 323 324 334 335 336 340
1 294
6 197 201 205 206 208 214
1 34
1 120
8 137 138 148 155 159 162 166 167
4 424 433 445 450
1 1
1 370
10 532 535 537 538 543 545 547 552 553 554
5 422 427 428 445 449
4 196 200 206 213
2 401 419
2 252 258
2 544 549
3 227 232 234
2 534 542
7 103 104 108 109 110 112 114
1 92
3 433 437 441
2 380 381
4 245 248 252 258
3 27 36 55
6 137 147 149 155 165 168
4 175 178 179 188
4 291 294 304 309
1 506
6 469 474 475 478 479 480
5 145 157 161 165 171
14 495 497 503 504 505 506 507 511 513 515 520 525 527 529
5 533 537 544 547 556
8 27 30 36 37 57 58 60 62
2 401 420
5 137 149 156 158 173
9 311 312 320 324 331 336 340 343 344
9 216 217 218 222 223 226 231 233 234
3 102 103 109
2 284 301
3 1 4 15
11 423 424 428 431 435 440 441 444 447 451 453
3 10 22 23
1 378
4 265 271 273 277
3 238 251 259
11 310 312 313 318 321 329 334 336 341 343 345
3 82 95 100
1 499
5 73 80 84 90 91
3 543 551 556
2 246 255
6 424 429 438 443 446 452
1 474
2 283 302
4 396 398 410 418
1 463
5 347 348 360 365 367
2 8 11
3 182 187 188
5 104 105 107 108 117
9 65 67 76 77 83 85 87 96 97
3 434 438 452
4 102 110 112 117
2 284 297
3 29 41 51
5 76 80 81 86 95
5 531 536 538 540 543
1 367
2 287 296
3 398 408 411
3 179 180 184
2 509 529
6 283 284 290 297 300 307
6 288 295 297 305 306 309
8 493 494 507 508 509 515 520 525
3 231 234 235
1 134
3 429 439 446
1 387
5 236 243 244 249 254
2 426 437
2 152 172
1 309
5 495 509 510 513 524
2 39 60
2 215 235
5 287 288 293 296 300
5 347 349 351 368 371
10 191 192 193 194 198 201 205 210 213 214
4 499 514 515 526
13 137 139 141 142 146 148 153 154 160 161 164 170 172
3 66 81 99
5 352 354 356 359 365
1 176
3 106 109 113
3 241 243 253
4 355 367 370 372
1 461
5 263 266 267 271 280
1 377
3 293 303 309
5 118 121 124 125 130
2 348 364
3 288 298 309
2 384 392
3 220 222 232
1 359
7 422 423 425 426 435 444 448
2 125 132
5 26 38 50 53 54
6 191 198 206 211 213 214
7 262 263 266 270 276 279 280
3 500 513 516
6 537 544 550 552 553 555
6 26 40 42 52 54 62
3 243 244 257
3 432 446 453
7 471 473 478 479 482 486 490
6 118 119 127 129 130 131
1 186
2 286 307
2 287 304
3 238 245 256
1 22
2 406 414
3 467 468 469
1 61
3 260 266 268
5 494 505 506 519 520
1 550
3 260 261 271
3 193 200 208
1 424
9 28 39 42 49 53 56 57 58 59
4 494 499 514 522
2 261 278
9 118 121 122 123 125 127 128 129 136
6 376 381 384 387 389 391
3 246 248 256
2 382 392
4 108 110 113 116
2 287 300
4 501 508 515 524
1 124
6 191 192 198 203 204 208
7 543 545 546 547 549 551 554
12 143 145 146 147 150 152 154 165 166 171 172 173
6 397 400 401 403 409 410
2 26 54
10 175 177 179 182 183 185 186 187 188 189
2 1 17
3 433 444 452
1 139
3 427 436 455
7 459 463 467 470 471 472 488
6 495 499 508 509 510 525
1 202
2 262 277
5 262 268 270 275 277
1 221
4 496 505 511 520
2 101 117
2 230 235
3 305 306 309
4 225 228 233 234
4 348 350 357 368
7 217 224 226 227 231 232 234
2 338 340
4 473 474 481 483
2 521 526
6 289 290 293 299 304 308
2 101 107
9 66 67 68 73 84 93 94 98 99
1 202
2 128 136
2 2 22
2 403 416
1 113
8 193 194 203 206 207 208 210 213
1 321
6 376 377 378 380 385 390
7 191 199 202 204 207 211 212
2 446 452
2 412 417
3 216 217 233
2 157 163
5 285 291 295 300 302
1 119
1 102
2 224 235
3 437 440 456
1 556
12 75 76 77 83 84 85 86 88 93 94 95 100
6 118 121 128 129 135 136
7 492 495 496 502 524 526 528
1 47
10 190 196 197 198 199 201 202 203 204 211
3 495 506 513
1 46
5 375 377 383 387 391
5 260 262 277 279 280
7 144 149 152 161 164 168 171
12 137 139 141 144 148 153 155 161 162 164 167 170
3 236 255 257
5 533 542 544 551 553
1 285
2 202 212
12 495 496 503 504 505 508 512 513 515 521 525 528
6 494 506 513 515 527 528
6 141 149 152 157 165 174
10 140 142 149 151 159 160 161 162 167 170
3 285 295 300
3 377 387 391
1 551
2 28 38
6 118 121 125 132 133 136
1 549
5 494 497 508 524 525
5 102 109 110 112 117
5 147 153 154 160 161
5 386 388 389 390 392
1 157
6 262 264 265 272 274 280
4 347 354 355 371
9 496 500 509 512 516 519 522 525 526
2 312 325
3 4 17 21
5 175 176 184 185 189
5 27 37 57 60 62
5 12 14 19 21 24
4 314 322 324 334
2 195 199
3 361 365 374
3 423 446 455
1 291
1 190
3 137 161 171
4 63 74 80 87
2 290 294
3 162 163 165
2 79 85
3 137 147 167
1 106
7 137 138 143 144 146 148 161
2 325 338
3 477 481 485
2 379 391
2 170 173
3 1 11 17
4 265 269 271 278
2 509 519
6 190 191 195 199 203 204
6 349 359 361 364 371 373
4 346 363 365 368
3 6 14 21
1 503
1 196
1 129
16 314 315 316 318 321 322 324 327 330 333 334 335 339 341 342 344
3 2 6 24
5 72 73 82 87 96
3 104 110 117
2 263 270
2 147 174
9 216 217 220 221 224 225 227 229 230
14 312 315 316 317 319 326 329 331 338 339 340 342 344 345
7 1 2 4 15 17 22 23
3 375 377 389
3 27 35 46
3 494 499 505
3 266 272 280
1 252
4 69 70 80 85
3 378 379 387
4 496 510 516 517
5 381 382 386 388 389
2 239 253
6 354 359 361 365 371 374
7 427 438 439 443 452 454 456
10 375 381 382 384 386 387 389 391 392 393
6 496 500 509 519 525 528
4 260 262 276 280
8 285 287 300 301 302 305 307 309
4 353 364 367 368
2 493 505
12 346 349 350 354 355 358 360 361 363 365 370 371
2 505 506
6 103 105 106 109 111 116
1 313
1 347
4 428 431 444 454
4 238 239 255 258
6 121 125 127 131 132 136
2 387 390
3 378 380 391
3 119 120 123
8 464 467 471 472 473 476 481 488
1 304
3 293 300 302
2 395 397
3 467 473 481
2 319 323
9 493 497 498 501 508 511 519 522 529
3 41 45 47
1 385
2 538 541
1 478
1 202
1 379
3 286 287 300
1 266
3 217 222 235
6 536 537 544 547 552 556
6 101 103 109 110 114 115
4 226 231 234 235
3 6 9 21
7 376 378 380 382 383 385 391
2 531 552
1 374
9 429 431 436 442 447 450 451 454 455
3 118 123 134
3 184 185 187
3 127 128 130
4 108 109 115 116
1 363
2 153 164
6 190 194 200 203 206 208
7 402 403 405 408 410 411 416
2 164 172
4 4 14 20 24
1 485
6 175 177 179 184 186 188
7 1 4 6 17 21 22 24
5 316 330 334 335 344
4 312 334 340 344
1 389
6 494 495 506 513 521 526
1 104
1 245
6 399 402 408 412 416 418
6 282 283 291 295 306 308
4 425 428 433 455
2 430 450
3 347 349 352
8 310 313 317 320 331 336 337 343
2 89 92
2 384 388
1 537
6 348 351 355 357 362 365
2 362 364
4 26 56 57 58
8 101 104 106 110 114 115 116 117
1 472
1 225
3 350 351 374
6 28 35 48 53 60 61
2 397 415
1 324
2 431 449
1 131
4 175 186 187 189
10 492 498 502 503 507 509 516 517 519 527
2 460 475
5 501 511 524 528 530
5 346 349 358 361 372
3 33 52 60
4 223 228 229 232
3 227 230 235
4 321 326 327 342
1 32
3 348 354 364
8 346 348 350 354 357 362 369 374
2 239 247
3 540 550 552
5 29 35 51 58 60
3 401 412 418
2 295 302
3 176 177 185
2 521 523
2 215 230
1 203
4 427 447 448 453
9 118 119 122 127 128 129 130 135 136
1 263
4 494 499 521 530
6 4 7 15 19 20 23
5 145 147 159 161 170
6 217 221 223 224 230 233
1 139
6 72 73 78 80 86 88
1 517
2 359 370
1 159
2 537 544
1 370
2 382 388
2 381 383
1 327
5 238 242 252 255 259
5 459 464 470 482 484
4 101 103 112 113
1 473
1 409
5 262 263 266 270 279
3 8 18 20
6 375 376 380 381 384 386
6 191 192 193 194 198 204
3 175 182 189
1 46
3 120 123 132
6 531 536 539 540 554 555
5 101 102 107 110 111
3 127 130 136
6 352 353 361 363 366 368
5 29 30 41 44 57
6 433 437 443 444 446 453
6 347 358 363 366 370 373
5 137 142 153 168 173
5 348 352 355 356 362
1 413
3 505 508 509
3 101 107 114
3 379 387 389
8 194 200 203 205 209 211 212 214
7 496 505 506 516 517 518 521
4 141 157 168 170
5 427 428 437 444 447
3 216 219 234
4 312 313 324 333
11 63 67 68 72 74 77 79 82 86 87 100
4 177 179 181 188
7 501 508 516 517 524 526 528
7 429 434 446 449 450 453 454
1 196
1 409
8 260 264 265 266 267 269 277 279
9 398 404 409 410 411 412 413 414 417
3 384 385 390
5 191 197 202 205 207
6 423 432 441 443 444 446
1 112
5 63 64 79 89 98
3 6 9 13
3 531 538 543
5 71 72 73 75 86
4 406 414 417 419
5 192 201 206 211 214
5 107 108 109 110 116
1 392
2 218 234
6 351 356 361 362 366 374
6 346 353 355 363 369 373
1 362
8 352 356 357 364 369 370 372 374
8 219 220 223 224 225 229 231 234
1 296
6 346 354 356 371 373 374
1 494
6 219 223 224 225 232 233
8 531 533 537 538 543 547 549 550
6 192 196 197 201 202 209
3 503 509 519
4 220 222 232 233
5 377 378 382 384 385
3 483 486 490
4 421 428 443 452
4 2 9 17 18
2 429 446
3 532 534 548
1 389
8 458 469 474 475 477 478 479 480
1 437
3 400 402 406
1 213
1 426
1 103
7 216 218 221 228 229 232 234
5 286 290 297 302 306
3 353 359 369
3 176 178 189
1 199
2 405 408
2 410 417
7 398 399 403 405 407 414 420
1 114
6 532 534 546 547 550 556
6 310 318 323 324 325 332
4 501 505 513 529
4 2 16 18 24
1 198
1 319
3 223 229 234
3 3 11 20
2 11 13
5 283 287 291 295 309
4 72 82 87 96
3 317 324 335
2 396 408
2 18 21
8 138 139 145 146 151 163 166 171
1 362
2 493 507
1 93
4 120 121 130 131
5 193 202 205 206 211
1 299
3 123 129 130
2 118 133
1 188
8 316 318 321 324 333 335 336 344
4 27 32 48 54
3 18 21 23
2 385 389
7 177 178 180 185 186 187 189
5 41 44 50 55 57
1 5
9 236 237 240 243 246 248 249 256 257
4 423 430 443 453
3 178 181 184
2 535 546
1 401
6 348 352 355 365 366 370
8 535 537 542 544 550 551 553 554
2 383 389
1 163
7 395 402 405 406 412 414 419
2 457 460
6 101 106 109 112 115 116
3 263 267 278
1 41
2 237 242
3 473 478 491
1 135
1 522
1 408
5 140 156 158 162 163
3 288 291 298
2 356 374
2 272 275
1 497
5 146 150 153 158 165
5 101 104 105 107 115
4 347 350 355 374
2 457 470
4 6 9 16 17
3 432 441 445
1 229
10 281 282 283 287 293 294 298 302 307 309
1 523
3 286 291 306
1 389
5 402 403 408 412 416
1 351
1 403
6 118 119 124 131 132 136
2 142 169
5 384 387 389 390 391
4 147 150 167 174
4 266 267 270 279
4 198 208 209 212
3 123 124 135
4 220 223 231 235
2 242 243
3 427 440 455
3 137 169 172
5 375 378 379 392 393
5 25 33 44 47 52
6 313 314 316 324 329 345
2 103 107
5 125 127 132 134 136
2 15 23
6 535 538 540 546 549 554
5 103 105 107 114 116
1 240
1 449
6 347 348 360 364 366 371
2 500 519
7 121 123 124 130 131 132 134
5 459 465 466 472 479
6 190 194 195 197 199 210
3 288 295 305
10 4 5 8 9 10 11 21 22 23 24
10 310 312 315 317 323 325 336 339 341 344
3 421 449 450
2 6 12
2 405 415
3 458 479 490
9 118 120 125 126 130 132 133 134 135
8 346 347 348 351 357 359 360 362
2 17 23
2 261 269
4 6 11 13 18
6 534 539 540 544 548 550
5 318 327 328 330 339
6 310 311 315 337 341 343
3 126 131 134
4 244 250 252 258
4 4 6 17 20
2 319 321
9 421 429 432 434 439 441 447 452 455
2 264 277
2 376 391
1 299
3 381 389 392
3 350 366 368
4 263 266 274 279
1 470
2 325 342
1 207
4 384 386 389 390
1 489
6 533 540 545 548 552 553
10 495 497 499 500 505 508 517 520 526 530
2 267 273
1 272
2 246 256
6 317 318 322 324 338 343
6 499 506 511 514 516 523
1 341
8 346 347 348 358 363 370 371 374
1 326
3 197 199 207
1 512
8 423 434 437 438 440 444 447 451
2 240 248
8 5 6 7 11 13 17 18 20
2 534 548
2 509 522
2 107 114
2 242 255
7 286 287 294 295 296 305 308
5 502 510 520 521 529
1 489
8 102 104 106 107 109 112 113 117
2 349 351
1 63
3 398 402 405
1 539
2 42 61
1 164
6 64 76 84 85 97 99
2 348 350
2 125 134
3 430 447 454
2 396 399
3 442 455 456
9 457 463 467 469 471 476 482 488 491
10 500 501 502 503 516 519 520 524 526 528
4 126 127 128 130
10 215 216 218 219 221 222 223 224 225 231
2 176 177
10 377 380 381 383 384 386 387 390 392 393
2 148 173
1 555
9 137 145 149 151 152 163 165 171 174
2 37 39
6 375 377 382 387 390 391
3 40 41 43
6 67 72 77 79 82 97
3 217 218 231
2 411 414
5 119 120 124 126 131
1 384
2 452 454
2 291 309
6 138 139 145 146 164 165
1 233
4 119 124 133 136
3 244 251 254
5 532 536 540 548 556
4 360 362 365 374
14 311 315 316 319 320 322 323 325 326 327 331 337 339 342
5 36 46 48 52 58
3 427 440 453
8 439 440 441 443 445 446 452 454
5 215 223 229 231 235
1 362
2 542 549
6 1 5 8 16 23 24
1 389
2 107 110
3 291 303 309
5 426 435 436 439 447
1 174
2 5 10
8 495 503 509 510 516 517 518 525
8 284 287 288 295 297 299 308 309
5 376 380 383 385 388
2 40 47
2 283 290
1 447
1 418
4 405 406 408 413
5 395 403 409 414 415
2 411 413
4 265 268 269 270
1 106
6 470 473 479 480 485 486
4 458 459 479 481
5 195 197 210 212 213
6 65 72 74 76 77 93
2 465 476
10 262 265 266 267 270 274 275 278 279 280
4 539 541 547 549
9 30 39 41 42 43 45 50 51 55
2 549 550
1 477
1 522
9 137 138 142 145 151 154 162 165 169
4 269 271 272 277
1 197
4 71 73 75 91
2 346 370
7 427 435 439 440 449 455 456
3 84 94 99
2 348 363
4 348 353 356 368
2 120 124
3 217 224 229
2 266 276
7 286 287 292 293 294 295 306
5 532 534 535 552 556
10 215 217 220 223 225 229 230 231 232 235
8 315 316 317 324 326 328 339 345
1 180
4 390 391 392 393
7 35 36 45 52 53 56 59
3 101 104 117
1 254
1 531
1 383
2 30 60
1 157
10 143 145 147 152 153 156 159 168 169 174
5 361 362 364 373 374
5 34 35 51 56 58
3 266 271 277
1 421
4 120 123 131 136
2 301 303
1 121
3 243 248 252
6 260 261 264 269 272 279
5 467 477 482 484 491
1 542
1 358
5 493 502 512 518 522
1 284
6 350 353 355 361 366 370
4 260 263 266 275
6 140 142 153 154 157 171
1 142
6 394 395 397 415 417 420
6 421 424 425 431 440 445
3 398 399 400
3 45 49 56
3 9 13 18
7 27 38 39 44 55 60 62
2 222 235
4 64 75 80 95
9 137 139 152 157 160 162 165 166 169
1 17
2 108 115
3 32 34 56
5 531 539 547 551 552
3 238 245 255
1 555
3 382 384 392
9 63 64 68 69 70 84 85 93 100
1 517
1 512
1 544
1 112
4 493 495 516 525
2 224 232
1 302
4 395 398 413 414
2 142 163
1 245
7 457 458 467 469 472 473 486
10 424 427 428 431 433 441 444 451 453 456
8 6 8 11 13 14 15 17 23
1 481
5 119 123 126 127 133
8 281 285 289 292 295 301 303 308
6 236 239 242 243 244 246
4 501 504 516 519
5 175 179 183 186 187
12 310 315 322 326 327 330 331 335 337 340 341 344
2 540 552
3 406 418 419
3 270 275 277
1 17
2 215 218
4 126 130 132 136
1 179
6 281 284 290 298 303 308
4 349 353 365 370
3 194 201 211
1 380
5 357 362 364 365 371
9 310 311 325 328 330 332 333 336 341
4 33 38 57 58
1 225
2 277 278
6 458 469 470 478 485 486
2 219 225
4 289 291 293 301
4 531 545 553 554
1 362
5 494 497 509 517 528
1 140
5 154 155 159 170 174
3 377 381 385
4 221 228 233 235
11 66 69 70 83 89 90 91 92 94 96 98
3 12 13 20
1 323
4 354 362 367 373
4 32 33 39 53
5 281 282 289 290 293
4 428 430 443 448
5 145 146 147 152 158
1 193
6 535 541 543 551 552 556
2 438 446
4 102 109 110 112
5 457 460 464 476 490
2 391 393
3 460 462 480
1 556
6 531 533 542 547 550 553
4 29 37 41 51
2 30 38
6 218 219 224 227 230 233
1 42
6 76 77 79 84 87 94
4 377 382 383 388
1 324
4 325 329 334 344
9 196 201 204 205 207 208 210 212 213
1 393
3 457 479 486
4 346 349 355 363
6 178 180 185 186 187 189
4 394 396 406 416
7 496 500 510 514 524 527 528
4 354 361 366 374
4 147 160 167 169
3 70 73 96
4 11 12 15 24
8 64 65 78 79 82 89 92 95
2 120 122
1 80
5 36 43 46 53 55
2 437 444
1 316
2 376 384
3 430 432 441
2 239 249
3 106 107 109
5 293 296 300 303 304
2 252 253
3 5 13 16
2 111 117
1 445
5 65 78 91 94 96
3 101 108 115
7 67 72 73 81 82 86 87
1 466
3 422 443 456
5 496 498 505 512 517
4 317 335 337 345
9 1 4 5 10 12 13 15 20 24
6 3 8 14 15 22 24
6 375 379 383 384 389 390
3 148 154 160
2 549 550
1 304
2 432 440
2 466 489
2 371 374
4 537 545 555 556
11 460 463 466 468 470 471 472 474 478 479 484
2 542 556
2 349 374
1 299
3 384 388 391
1 99
4 350 357 365 367
3 436 437 446
3 284 290 297
4 118 126 128 130
5 105 107 111 113 114
5 120 128 129 131 136
4 176 177 181 183
10 395 397 403 408 410 411 412 413 419 420
5 401 407 412 414 418
4 3 15 18 21
5 145 146 149 168 170
6 377 382 386 391 392 393
8 493 501 504 510 511 517 521 524
1 316
4 430 433 450 454
3 178 183 185
1 272
5 313 316 319 341 342
5 140 160 166 167 168
7 295 296 300 302 304 306 309
1 257
1 447
14 28 31 34 40 43 45 46 49 55 56 57 58 59 62
1 406
4 281 289 290 294
2 18 20
4 239 244 249 258
1 364
1 77
2 165 170
5 375 384 386 387 393
5 4 6 17 19 20
3 38 47 50
2 435 452
6 123 124 126 130 133 136
2 15 18
1 112
1 442
3 155 166 169
3 245 248 250
3 26 53 58
2 254 257
1 295
2 292 306
1 489
1 43
1 382
2 514 523
9 494 499 500 505 510 512 516 517 521
4 178 182 183 185
1 275
1 304
1 243
2 395 404
1 267
6 532 538 539 544 547 555
1 126
3 314 324 334
2 264 280
2 161 171
8 145 147 150 152 165 166 172 173
1 183
1 302
10 141 142 145 146 147 154 155 168 172 174
6 119 120 124 128 129 132
6 176 178 179 180 181 189
3 4 17 19
5 494 509 521 525 528
4 2 14 18 22
7 353 356 359 360 362 368 371
6 176 177 179 181 184 186
3 195 198 207
6 533 536 546 551 553 556
10 65 69 71 75 76 80 87 90 92 97
7 118 121 123 125 128 129 133
6 378 379 383 389 390 391
8 458 462 481 482 483 486 487 490
3 378 384 392
4 215 217 220 230
7 142 146 150 161 168 169 171
6 348 359 362 363 364 370
3 322 326 341
5 237 241 244 252 258
4 35 41 58 59
11 458 464 470 480 481 482 483 484 486 487 490
2 479 489
1 283
6 468 473 474 476 479 481
5 27 31 32 47 62
3 104 105 112
4 424 433 439 445
2 285 306
4 103 107 111 114
7 137 139 144 148 153 155 161
4 224 225 232 233
1 530
7 376 381 385 386 387 391 393
3 237 251 256
2 432 439
4 501 508 516 524
3 222 225 233
1 48
5 176 180 184 187 189
8 492 503 512 513 514 521 522 523
6 458 464 473 474 483 484
2 312 329
7 376 377 383 384 386 390 392
1 533
3 541 544 547
6 458 469 473 474 478 480
1 97
2 141 143
4 506 511 514 516
1 264
3 12 20 21
4 379 380 383 387
4 375 379 386 390
9 423 431 432 440 447 448 449 450 455
1 529
1 1
2 498 525
6 27 32 33 34 45 50
6 375 385 387 388 390 391
2 292 296
10 376 377 379 380 381 382 385 386 387 393
4 394 398 402 416
2 439 449
12 64 72 76 79 80 81 82 85 88 91 95 97
4 176 180 184 187
7 141 143 149 155 158 165 170
2 102 112
3 397 400 401
2 4 17
5 282 283 290 294 296
3 147 152 174
3 378 379 380
7 538 539 545 546 547 551 552
4 351 365 370 372
2 543 548
1 199
3 112 113 115
1 65
4 398 401 417 419
1 417
3 396 403 405
4 241 253 256 257
3 15 18 21
2 433 448
3 236 238 239
6 348 349 355 361 363 373
1 23
3 282 284 289
5 284 291 301 303 308
2 347 365
1 457
7 4 6 12 13 14 15 19
5 285 287 288 299 304
3 32 33 53
3 265 272 274
8 313 317 321 325 327 331 333 338
3 282 290 296
3 327 332 339
3 101 104 116
3 217 218 231
2 325 332
2 36 55
4 128 132 133 135
1 362
5 219 223 224 225 232
4 145 147 152 159
4 177 178 186 187
2 376 387
6 27 31 35 51 55 61
2 190 203
3 138 139 163
1 17
3 475 483 490
2 496 523
5 25 27 30 34 35
2 324 331
2 525 527
1 253
3 248 253 257
4 121 123 125 132
4 406 415 417 420
2 502 529
4 145 152 166 171
5 118 122 130 132 136
2 494 499
7 192 199 201 202 208 210 214
2 32 38
5 260 262 263 264 279
3 146 160 170
6 511 521 524 525 527 530
4 163 166 170 173
6 121 128 132 134 135 136
3 535 542 548
2 435 442
2 64 83
3 120 128 134
2 11 15
2 376 385
2 118 134
8 492 494 503 509 512 513 521 524
4 177 181 186 188
2 217 223
6 348 351 357 366 369 372
5 263 273 274 275 278
8 236 240 241 243 246 250 253 255
1 52
5 78 80 81 93 95
1 189
10 120 121 124 125 126 128 129 131 132 133
6 282 285 288 294 299 304
2 306 307
7 464 480 482 483 484 486 490
9 1 2 3 10 14 17 20 22 23
2 7 18
5 31 37 38 52 60
4 41 44 46 47
4 239 241 247 248
2 382 387
5 216 218 221 228 230
10 26 28 32 39 40 42 52 57 58 60
4 175 176 180 181
1 379
6 406 408 410 413 414 417
1 2
8 78 82 83 90 91 92 94 98
7 67 68 69 81 83 93 99
4 289 290 305 309
2 39 42
6 311 319 323 331 333 342
7 119 121 124 127 128 132 133
6 262 270 273 277 278 279
2 42 51
8 1 3 6 7 13 16 17 19
2 124 130
4 407 411 413 420
2 45 47
5 149 150 151 160 172
1 413
1 375
6 281 287 293 298 300 302
3 45 50 56
2 1 11
1 88
1 4
6 421 426 427 446 449 454
1 154
1 475
2 369 374
4 377 378 380 392
5 215 216 217 220 228
6 539 541 544 547 549 553
2 220 232
5 68 69 85 91 100
4 262 263 278 279
10 6 8 10 11 12 14 15 20 22 24
5 284 289 292 294 299
4 425 439 441 451
3 348 357 368
6 500 510 515 517 520 522
1 279
5 2 9 10 14 22
3 377 380 385
2 3 23
2 539 542
1 383
1 9
4 286 292 306 307
1 376
2 351 366
2 265 269
3 217 224 226
5 282 283 290 305 308
2 120 132
1 222
2 146 152
1 133
1 35
4 346 350 355 362
2 406 414
1 85
2 201 209
4 283 285 300 307
1 358
4 220 225 226 230
6 424 427 433 439 440 453
2 193 200
2 272 279
1 356
2 485 491
11 138 142 143 149 157 160 161 163 167 168 172
3 31 55 60
4 121 130 132 135
3 398 404 419
5 118 121 125 127 136
2 193 214
7 396 400 401 403 409 412 413
3 142 150 158
1 414
7 28 33 36 46 50 60 62
2 291 303
3 65 95 100
1 409
3 281 287 300
8 108 109 110 111 112 113 115 117
1 117
2 40 48
3 192 193 205
5 63 66 74 81 99
2 130 132
1 106
8 261 264 268 271 274 275 276 277
8 310 317 323 326 328 332 338 341
1 361
3 408 418 420
1 225
1 487
3 231 234 235
4 261 264 267 272
2 102 112
10 496 500 502 508 512 517 521 525 526 527
3 395 414 416
5 314 316 321 333 338
3 9 10 22
1 14
4 285 290 293 309
4 64 67 93 95
1 333
1 553
3 352 372 373
5 493 499 505 508 509
6 101 103 105 106 109 111
4 184 185 187 189
1 279
5 31 33 51 53 57
1 157
4 120 128 130 134
6 5 7 11 14 16 19
3 399 406 407
2 101 102
4 291 293 299 309
4 63 71 78 89
11 310 315 318 322 323 326 330 336 338 340 344
5 395 396 408 412 413
3 538 541 549
5 191 193 197 202 207
3 106 107 110
5 223 228 229 231 234
1 366
2 154 160
4 533 545 550 552
1 413
7 422 431 436 437 443 444 446
1 546
2 431 444
1 123
7 139 141 144 148 161 164 167
7 495 503 509 510 519 523 525
3 120 121 127
2 426 448
9 141 142 148 150 158 165 169 171 174
1 432
1 133
2 291 300
5 492 495 500 504 529
1 521
1 275
1 351
2 400 412
1 364
1 135
4 154 160 162 164
1 512
2 6 14
6 310 311 328 331 340 345
1 391
1 494
7 148 152 159 165 168 171 173
3 540 547 556
1 547
2 436 453
2 269 272
2 524 528
4 125 128 133 134
5 26 45 57 60 62
3 132 133 136
2 299 307
1 261
1 548
6 425 429 434 438 441 452
4 3 6 7 9
1 377
1 414
2 135 136
2 180 187
1 392
8 421 426 429 434 438 440 443 452
1 217
7 395 398 400 404 406 418 420
8 422 426 431 436 437 443 444 446
6 501 505 509 512 522 523
8 64 72 76 77 80 85 91 99
3 493 498 503
3 536 546 549
2 466 468
4 269 270 279 280
8 138 143 145 152 154 167 168 173
3 266 268 272
1 240
4 285 298 302 309
5 191 195 196 211 214
9 177 178 179 180 182 184 185 186 189
1 406
5 424 436 437 442 455
6 536 540 544 547 551 553
5 516 517 524 526 528
5 267 268 269 273 274
3 5 16 21
5 352 353 356 367 373
2 512 517
2 155 164
2 229 230
4 216 218 226 231
5 284 286 287 294 296
3 282 283 290
3 103 104 111
8 470 480 481 482 484 486 487 490
5 140 148 149 166 172
1 157
1 302
3 359 369 374
2 28 35
2 176 185
3 383 391 393
2 244 251
2 539 549
3 267 268 270
4 469 477 483 486
1 251
5 458 467 473 483 488
2 287 301
6 29 50 56 59 60 61
6 147 163 167 171 173 174
6 198 200 203 207 208 213
4 282 290 296 302
3 118 121 122
6 141 143 147 152 173 174
6 147 151 152 170 173 174
4 538 541 547 550
2 316 326
1 61
