1376 1295
4 77 78 79 81
4 5 12 23 24
2 83 86
7 3 5 6 9 15 20 22
9 2 8 9 12 13 14 19 20 21
6 53 59 62 67 69 70
7 76 77 78 79 80 81 82
5 5 6 20 23 24
5 57 59 65 71 74
7 52 56 58 61 64 74 75
1 2
4 31 41 44 47
2 82 86
1 11
5 52 53 57 65 72
3 76 77 78
6 51 59 66 71 73 74
3 51 67 70
5 34 37 38 40 46
2 3 12
5 80 81 84 85 88
2 1 17
2 13 15
3 1 3 25
1 44
5 32 40 41 48 49
1 57
5 59 62 68 69 70
2 62 74
3 82 83 88
3 52 62 63
4 63 64 72 74
2 56 59
1 2
9 1 2 3 4 8 11 12 15 23
6 28 32 36 43 45 46
1 28
1 83
2 42 43
3 77 82 83
4 34 35 46 50
1 4
1 88
8 9 10 11 12 14 15 20 24
6 29 33 36 44 45 49
3 27 36 39
3 4 6 8
1 88
2 4 5
2 29 45
10 7 10 11 12 14 15 21 22 24 25
2 32 50
5 27 35 36 46 47
2 76 80
7 57 61 62 70 73 74 75
1 8
2 30 41
6 53 59 66 67 70 74
4 56 62 69 71
2 51 64
4 1 7 14 25
3 9 17 23
4 40 42 44 48
8 53 54 57 60 61 62 63 72
1 5
5 52 53 62 63 64
6 3 12 15 18 19 23
2 19 22
2 31 38
9 51 55 57 58 63 66 69 70 73
10 58 59 60 62 68 69 70 72 73 74
3 78 85 88
2 5 15
3 12 18 20
6 57 62 65 66 72 74
1 67
6 27 29 41 43 45 47
1 28
4 62 67 74 75
3 34 37 44
3 3 4 17
1 69
5 56 60 68 73 75
5 77 79 82 84 87
1 1
3 76 77 80
3 55 60 75
10 51 52 53 55 59 61 66 67 73 74
2 33 36
5 4 8 9 17 23
1 35
6 32 33 35 37 45 46
1 17
4 77 81 86 87
3 34 36 39
1 21
1 5
9 27 28 30 34 38 42 43 46 49
2 58 70
1 80
1 30
5 28 33 42 45 46
4 11 19 22 25
1 84
8 3 8 14 15 16 20 22 25
2 56 65
7 29 32 33 39 41 42 45
9 53 54 57 62 64 66 68 70 71
2 35 42
10 77 78 79 81 83 84 85 86 87 88
1 30
4 4 5 6 8
5 5 10 12 16 24
6 26 34 38 42 45 49
1 42
2 6 25
6 76 78 80 81 83 88
3 80 82 85
1 28
1 69
1 16
3 3 8 23
9 51 52 56 58 62 64 67 69 73
5 79 82 83 84 87
1 14
8 27 29 33 40 41 43 45 47
1 11
5 56 61 65 67 68
2 56 73
4 28 32 33 36
5 28 32 38 41 45
2 2 25
4 26 37 38 39
5 4 14 18 22 24
1 48
1 17
5 51 55 59 61 75
1 86
4 58 59 60 68
3 6 10 23
6 33 36 38 40 41 46
3 9 21 23
4 52 55 59 70
3 4 8 19
3 6 9 16
3 9 14 23
1 79
4 29 32 47 50
2 81 86
2 41 45
1 52
3 35 39 49
3 80 81 85
1 79
1 27
2 35 36
4 52 55 62 66
1 68
1 49
2 77 81
7 5 8 9 11 19 20 25
4 1 11 14 17
2 52 68
6 3 8 12 14 18 20
1 2
3 76 77 86
2 27 41
3 43 45 50
6 29 40 42 44 47 48
9 27 29 30 35 36 42 45 46 49
1 6
4 76 81 83 87
3 3 6 24
3 53 64 71
7 5 6 9 10 19 21 24
1 65
5 4 5 6 8 10
4 1 2 5 21
1 56
1 49
5 57 61 66 69 75
5 26 29 32 35 50
5 26 28 36 39 46
5 57 58 61 63 65
1 42
3 79 82 84
5 78 80 81 85 87
1 47
7 29 30 34 37 47 48 49
4 51 65 70 71
4 51 68 70 71
10 52 61 62 64 66 67 68 70 73 75
6 4 5 10 20 21 23
1 88
2 56 69
3 57 62 74
1 78
1 63
2 40 42
5 2 4 7 9 21
5 61 64 65 70 72
2 34 38
9 51 61 62 63 64 65 68 71 74
1 74
3 56 66 68
4 28 44 48 50
1 36
2 35 50
3 28 45 49
1 30
5 77 81 86 87 88
1 74
2 82 83
2 4 15
2 81 87
2 26 29
2 52 59
4 53 54 65 72
1 31
1 2
1 28
1 55
4 8 20 21 22
6 34 38 39 47 48 50
2 5 25
5 29 30 32 36 43
4 85 86 87 88
1 17
7 30 32 36 39 45 48 50
2 43 44
2 65 70
2 78 79
5 57 64 68 70 72
1 13
8 26 33 34 40 46 48 49 50
1 25
2 9 14
2 82 88
6 27 37 40 41 44 46
5 30 31 37 38 40
5 76 82 83 86 88
5 56 60 62 64 66
9 57 61 62 63 65 66 71 74 75
5 36 37 38 44 45
3 4 5 24
4 52 55 60 71
3 4 5 8
5 26 32 36 40 43
2 57 70
1 11
6 28 29 30 42 43 47
5 26 29 40 43 47
3 4 17 24
1 16
1 21
6 3 4 6 14 20 25
3 30 38 50
8 52 53 54 59 61 64 67 69
1 81
5 28 42 45 47 50
2 54 64
7 7 8 11 13 15 17 18
6 59 60 61 62 63 65
4 76 81 84 87
1 85
1 58
6 6 7 11 12 20 24
2 26 44
4 62 69 73 74
2 59 61
9 51 54 55 56 60 61 66 67 70
3 14 20 23
5 52 55 59 62 73
7 27 34 38 41 46 47 48
4 80 84 85 88
1 88
5 28 32 44 46 47
2 53 72
4 65 69 70 73
2 10 23
8 51 52 56 64 66 71 73 75
4 33 35 46 50
2 84 85
5 51 53 59 61 66
4 58 64 65 72
5 11 19 22 24 25
1 57
1 87
3 53 58 67
8 55 59 61 62 63 64 67 73
3 1 3 14
3 2 16 24
2 17 19
2 42 44
6 53 56 60 64 68 70
2 58 62
5 78 82 83 84 88
2 53 58
5 30 36 38 39 49
1 1
3 4 9 13
5 26 27 35 37 41
6 1 3 10 15 17 24
2 26 45
2 11 13
1 19
2 27 48
3 26 29 45
4 77 78 79 82
5 79 84 85 86 87
2 68 74
1 88
6 26 28 34 43 46 50
2 77 80
2 54 56
6 77 78 79 84 85 86
3 60 63 68
6 58 63 65 70 71 75
4 26 27 34 48
5 51 59 60 65 71
1 83
1 7
2 55 64
6 59 60 65 68 70 75
6 51 63 65 66 67 73
3 59 62 75
2 34 44
6 26 32 37 38 44 48
2 33 40
4 56 60 62 64
1 81
1 67
2 7 17
1 29
1 25
2 16 21
2 29 45
2 15 17
2 1 4
2 67 69
4 29 31 45 47
2 2 12
1 78
1 35
2 5 11
3 53 58 72
4 1 13 14 19
2 76 80
1 88
4 76 77 78 82
5 27 32 38 44 50
4 56 61 67 71
2 42 45
3 6 7 19
3 29 33 38
5 26 27 29 39 40
2 53 68
6 76 81 82 85 87 88
3 52 67 74
1 74
5 26 33 36 37 47
7 52 55 62 64 65 66 73
2 65 70
1 37
1 12
1 68
3 36 37 42
2 27 48
4 76 77 79 81
1 32
1 52
11 52 56 57 58 61 62 64 69 73 74 75
5 15 18 19 23 25
2 54 74
2 53 65
2 26 29
2 21 22
2 79 80
3 1 12 21
2 30 36
2 27 47
5 52 54 56 61 68
10 1 5 6 8 13 16 18 19 21 23
2 3 14
1 88
6 4 6 13 22 23 25
4 76 78 79 84
7 29 32 41 42 44 46 50
5 1 8 17 18 25
7 28 32 39 40 46 47 50
4 27 40 41 45
3 36 37 39
2 77 79
2 11 19
8 2 7 9 11 15 16 24 25
3 32 33 36
1 86
3 83 84 88
1 22
1 7
4 17 22 24 25
1 17
3 26 46 47
2 62 70
2 76 79
2 27 45
4 26 30 32 35
4 54 57 58 65
5 4 6 12 19 24
5 26 28 32 33 34
1 16
2 82 84
3 56 58 73
1 25
4 64 68 70 72
3 52 58 64
5 53 64 66 67 74
6 57 60 70 71 72 75
3 76 80 82
1 23
3 54 63 71
6 54 57 58 61 62 69
1 37
3 1 14 20
1 88
3 68 70 74
1 69
2 31 35
2 28 36
10 51 57 60 61 62 66 68 70 71 73
9 53 56 61 63 65 68 72 73 74
2 26 29
3 52 59 70
1 51
1 58
2 65 75
2 37 48
2 77 79
3 9 18 20
3 77 83 86
1 36
7 53 55 56 59 62 64 66
10 26 27 30 32 33 36 39 40 43 44
3 53 55 65
2 31 47
1 71
2 83 85
9 76 79 81 82 83 84 85 87 88
5 51 53 65 66 68
2 1 15
1 37
1 5
2 27 35
4 9 14 21 23
1 25
6 11 13 17 19 21 22
2 3 15
3 7 14 19
9 1 6 8 9 14 16 17 24 25
7 3 4 5 6 8 11 24
8 26 27 34 37 40 41 44 48
2 62 70
1 17
1 64
2 60 62
1 11
1 87
2 77 79
2 41 46
3 3 14 23
2 13 22
3 55 61 63
2 22 24
2 1 15
6 77 78 79 84 85 87
2 7 19
1 73
9 2 4 9 11 16 17 18 19 20
1 86
1 87
2 44 50
4 35 39 49 50
8 76 80 81 83 84 85 86 88
1 86
1 11
7 7 9 11 15 17 18 22
8 34 37 38 39 40 46 48 50
3 5 16 24
5 2 5 12 13 16
1 76
2 11 25
1 32
2 12 15
4 59 63 70 72
1 63
6 7 11 12 19 21 22
1 1
2 54 72
4 61 69 72 75
3 51 52 68
4 33 35 44 49
1 76
1 74
4 9 21 22 25
1 2
4 6 16 20 24
6 51 53 56 68 71 74
2 9 15
2 3 14
8 28 29 30 35 40 42 48 49
1 69
3 37 38 40
6 76 79 85 86 87 88
5 31 40 43 45 46
4 4 9 20 23
3 57 60 64
4 77 82 86 87
10 26 27 29 34 35 36 42 43 44 49
4 80 83 86 87
5 1 2 18 22 24
3 79 82 88
1 65
4 76 77 79 82
5 7 11 17 21 22
3 19 20 24
6 77 78 81 82 85 86
1 14
1 67
2 85 87
6 55 60 62 64 67 74
2 52 63
4 5 6 9 14
2 55 74
3 60 64 66
1 11
5 1 6 14 21 23
1 87
1 35
5 6 8 15 17 23
6 27 32 34 35 38 47
2 29 45
6 27 31 34 42 44 50
1 65
2 1 2
9 76 78 79 80 81 83 85 86 87
2 28 47
5 26 31 33 44 46
1 17
2 2 10
5 1 7 11 12 25
4 57 63 65 70
4 80 82 86 88
6 77 79 80 82 85 88
5 77 79 83 85 87
4 52 68 71 73
4 27 32 35 42
2 58 68
2 60 66
2 4 13
4 30 35 39 45
7 27 29 33 40 41 43 47
3 51 65 71
2 1 24
3 29 31 45
10 5 6 10 11 13 14 16 17 20 23
2 78 79
2 77 78
3 26 30 33
5 55 61 63 69 75
2 76 83
2 13 15
1 41
6 8 10 11 12 18 22
7 53 56 66 67 69 70 75
2 17 18
4 8 10 18 25
1 83
3 1 9 11
4 53 65 68 72
4 79 80 81 86
2 78 79
6 5 7 9 12 21 22
2 51 67
1 77
3 51 52 67
1 36
5 54 57 66 67 72
3 52 61 68
2 45 47
8 26 28 29 36 38 39 42 46
7 52 57 60 63 71 72 75
1 22
1 41
2 63 74
6 28 29 40 42 45 49
6 34 36 37 39 41 45
4 81 83 86 87
7 56 59 61 64 67 73 74
2 55 65
2 28 35
8 26 27 30 34 35 36 39 47
5 77 78 83 84 88
1 1
2 82 83
4 6 20 23 24
1 4
1 26
3 27 34 36
3 62 66 68
6 78 80 81 82 83 84
3 2 13 19
6 31 37 38 42 48 50
6 4 5 12 18 21 24
1 5
3 35 47 49
2 51 67
1 28
2 34 40
3 76 79 82
2 7 19
2 27 48
5 53 58 64 67 70
4 3 8 23 24
2 30 31
4 26 35 40 41
6 77 81 82 86 87 88
1 20
1 69
3 8 11 24
6 27 29 40 41 45 47
3 27 38 43
4 7 11 16 24
1 66
4 76 80 85 88
2 71 74
1 77
4 81 83 84 86
1 79
10 1 2 3 4 9 12 16 18 19 25
8 51 54 62 63 64 70 72 75
7 34 37 39 40 46 48 50
5 1 7 9 18 19
2 36 42
2 86 87
5 51 54 67 68 71
3 58 60 72
5 77 80 81 83 88
5 58 59 65 72 74
6 78 79 80 85 86 88
4 77 78 79 86
4 52 64 65 68
2 80 86
1 22
6 3 6 13 14 19 21
1 82
2 13 14
1 88
2 81 87
5 52 58 59 62 71
2 41 48
6 29 30 32 34 42 50
2 14 20
7 4 6 12 16 17 22 23
1 1
5 32 38 39 45 50
2 26 41
3 27 39 47
1 83
3 83 84 86
3 77 79 87
3 10 15 22
4 51 55 63 72
1 85
2 76 79
4 57 62 72 73
5 4 5 12 16 22
2 35 46
3 2 3 13
3 13 15 25
1 81
4 76 78 82 84
2 23 25
3 54 56 64
8 76 78 79 81 82 85 86 87
1 88
4 51 61 65 66
3 56 62 64
3 38 42 43
1 27
1 46
2 61 64
6 27 42 45 46 47 48
7 59 60 62 63 69 73 74
2 29 42
2 63 70
3 79 80 81
1 22
1 83
5 52 58 67 73 74
1 17
1 72
6 30 40 41 43 48 49
2 9 12
1 75
1 50
8 26 39 42 44 45 46 47 48
2 2 22
4 66 73 74 75
4 77 82 84 85
2 29 31
3 38 39 46
9 26 29 32 35 36 41 42 44 50
6 78 79 83 84 85 87
2 68 70
6 76 78 80 82 83 88
7 55 57 58 62 63 71 73
2 78 84
5 53 54 60 62 70
4 52 55 64 74
8 51 54 57 65 69 70 72 74
5 28 38 39 41 46
10 26 33 34 35 37 38 39 40 41 45
1 42
1 31
6 52 56 59 60 67 72
5 51 55 60 71 73
1 69
6 3 6 11 13 19 24
2 79 83
5 5 10 14 23 24
1 83
1 1
1 25
5 27 29 41 44 50
6 79 81 82 83 85 86
1 7
5 12 14 15 17 21
3 10 21 25
5 27 29 31 33 49
3 4 17 25
5 5 9 12 14 24
6 57 65 69 71 73 75
4 56 57 64 66
5 55 57 58 69 70
1 83
1 79
1 33
1 81
6 51 63 65 70 71 73
5 77 81 85 87 88
1 11
4 35 37 48 49
2 8 11
2 36 50
2 35 49
1 78
3 78 82 83
2 62 71
2 31 43
6 76 78 80 81 84 86
6 80 83 84 85 86 88
2 35 49
5 52 53 57 59 71
2 55 57
6 57 62 67 70 72 74
2 52 65
6 27 35 39 46 47 49
1 82
1 86
3 76 81 86
1 58
1 71
4 4 18 23 24
6 7 12 16 18 19 21
1 46
4 4 6 12 23
6 52 53 56 57 63 69
3 52 53 73
2 11 16
5 4 5 8 10 24
2 27 48
3 5 14 17
3 76 77 87
1 69
1 86
7 51 56 59 66 68 70 73
4 77 79 81 87
2 4 14
6 77 81 83 84 87 88
4 7 16 19 21
2 76 82
2 83 88
1 77
1 7
3 77 81 88
2 70 75
1 48
7 80 81 82 84 86 87 88
3 79 80 81
6 76 81 82 83 84 88
2 11 12
3 4 8 22
2 76 88
2 29 47
1 80
1 86
7 78 79 81 83 86 87 88
1 25
5 51 67 73 74 75
3 34 44 50
3 26 37 38
3 12 18 21
5 6 13 16 21 24
3 54 63 73
6 51 53 55 59 66 73
2 29 45
2 80 82
2 63 72
3 54 66 71
4 82 83 85 86
1 2
2 67 71
1 16
5 4 5 6 8 24
1 56
2 9 12
4 54 55 61 65
2 9 13
9 57 58 59 61 62 63 65 69 74
1 1
3 79 85 86
2 52 64
7 51 59 64 66 72 73 75
6 77 80 81 82 83 86
2 63 69
3 3 20 23
2 28 41
6 26 27 28 34 39 40
1 2
1 48
2 2 19
3 32 33 36
4 60 62 64 66
3 28 30 31
2 78 81
5 29 36 38 43 49
1 11
1 80
1 58
4 60 62 64 66
2 10 22
4 8 11 14 22
2 46 50
2 51 67
1 36
2 17 22
1 67
7 26 27 33 36 40 43 44
6 54 55 67 68 70 72
4 54 62 66 70
2 54 73
2 6 22
10 76 77 78 79 80 81 83 86 87 88
5 28 29 34 36 47
2 42 47
1 78
3 34 46 49
1 34
2 64 67
4 62 63 65 74
6 28 41 42 44 46 50
6 30 31 33 38 40 44
2 53 61
5 53 57 59 64 72
2 60 68
2 80 84
1 87
2 32 37
1 68
2 39 49
2 64 72
3 76 80 83
2 28 33
4 27 35 47 49
3 76 77 85
9 1 3 5 6 7 12 16 22 25
7 51 53 55 61 66 67 74
9 1 13 14 15 18 20 22 24 25
1 38
2 83 85
1 80
4 9 11 14 22
1 88
7 7 9 12 16 18 19 21
1 25
2 35 46
2 60 72
1 50
4 58 63 67 72
2 13 15
9 4 9 11 12 16 19 20 22 23
3 2 11 25
4 39 42 46 48
4 76 79 81 82
3 52 64 65
3 61 63 68
5 76 77 79 85 87
1 87
4 77 81 83 85
4 51 55 59 60
1 42
3 1 11 16
6 5 9 16 17 23 25
2 68 73
1 5
2 12 20
2 35 49
2 55 65
1 61
6 7 11 12 15 16 18
1 88
3 27 35 49
3 79 86 88
4 5 8 12 14
5 78 79 81 83 86
1 74
5 26 27 32 34 37
5 57 59 67 73 75
1 15
1 38
4 64 65 72 75
4 42 43 44 45
1 16
6 4 7 8 13 21 22
1 74
3 33 34 46
1 11
2 51 62
2 57 58
5 1 2 5 7 11
4 58 64 68 71
3 78 79 81
7 52 56 58 61 62 64 73
1 87
1 17
3 5 12 25
3 52 65 69
1 38
2 30 45
5 26 32 37 38 44
7 27 33 40 41 43 45 47
1 79
5 76 79 82 83 87
10 51 54 56 62 64 68 69 71 74 75
1 48
1 81
3 76 79 82
1 32
3 26 34 50
9 56 57 58 61 62 64 69 73 74
2 26 36
4 6 13 15 19
2 70 74
2 12 23
1 34
6 51 56 64 66 67 70
1 79
1 30
4 54 66 68 71
2 3 14
4 31 32 36 44
1 25
2 3 24
4 35 43 49 50
5 29 31 42 43 49
2 79 86
2 42 49
2 21 22
6 6 8 9 10 15 25
2 83 86
6 28 39 40 42 43 44
1 37
4 33 38 44 47
3 30 39 44
3 81 82 84
2 29 34
1 46
10 28 29 30 31 35 36 37 42 44 50
9 76 77 78 79 81 84 85 86 88
1 58
3 1 4 23
1 56
1 57
2 52 68
10 51 54 55 57 58 64 68 73 74 75
1 25
2 76 85
3 9 19 21
5 76 78 83 84 88
3 63 64 75
1 88
1 69
5 6 10 15 21 22
3 27 35 47
2 4 9
2 84 87
4 4 13 19 24
2 1 4
1 5
1 60
5 28 38 44 45 49
3 31 45 47
2 5 9
3 2 8 12
1 69
4 36 37 39 45
1 80
2 31 45
4 56 62 73 75
2 14 20
3 52 60 66
5 28 35 38 39 45
5 26 30 33 39 45
2 81 88
6 4 5 6 8 10 24
2 57 67
3 76 79 83
6 76 79 81 86 87 88
3 55 62 65
3 8 23 24
2 44 49
1 62
2 82 88
5 51 60 62 65 66
10 51 55 57 59 61 63 64 69 71 74
7 1 10 13 16 18 19 24
4 32 35 44 47
3 31 42 43
6 3 9 13 16 17 25
4 4 5 10 16
5 52 58 62 68 69
1 46
5 28 36 41 43 44
4 54 58 60 75
4 60 69 72 73
3 77 83 88
8 28 34 35 40 41 42 44 45
5 77 79 81 82 87
1 81
9 76 77 79 80 81 82 83 86 88
1 54
1 81
2 64 68
9 2 5 8 9 13 16 18 21 23
5 26 30 31 37 42
5 52 62 65 66 67
1 78
4 77 78 82 85
6 28 32 35 37 45 49
1 77
6 5 7 13 18 22 23
4 51 57 63 75
4 6 9 10 15
2 1 13
4 53 59 69 71
5 55 57 58 59 72
6 53 58 61 64 70 75
2 56 73
2 77 86
1 54
9 4 6 8 15 16 18 19 20 22
5 34 35 41 44 50
4 55 56 59 60
5 52 54 60 64 66
5 52 53 60 70 73
2 69 71
4 34 41 46 49
6 76 78 81 82 83 86
1 50
1 84
6 33 40 41 43 44 50
9 1 4 9 10 14 17 18 19 21
1 6
10 52 56 57 58 61 62 64 69 73 75
4 6 12 17 21
1 62
3 57 60 62
3 35 47 49
5 27 36 38 42 45
6 1 3 4 10 11 25
3 84 85 86
8 1 2 6 11 12 19 21 25
1 1
8 2 3 6 15 16 18 19 20
3 79 84 87
5 53 55 68 72 74
4 26 32 33 35
3 51 62 66
1 52
4 60 66 68 74
2 14 17
4 32 37 44 48
9 52 56 57 58 61 65 72 74 75
1 87
3 76 77 82
1 17
4 29 30 45 48
4 28 34 41 46
10 53 54 55 57 58 60 61 62 63 72
1 84
4 3 14 20 23
1 88
1 84
5 77 83 84 85 87
5 28 33 41 47 49
3 66 69 71
5 76 77 78 82 87
1 30
6 1 4 5 16 19 21
1 11
4 1 4 12 25
3 54 60 75
4 78 81 85 88
2 2 22
1 55
3 30 41 47
6 33 35 37 42 48 50
5 3 7 9 12 22
8 28 30 31 32 37 38 45 49
2 76 77
6 51 67 70 73 74 75
6 26 31 35 36 39 42
9 3 5 7 10 11 15 17 19 23
7 76 78 79 81 82 84 86
1 17
3 11 22 24
4 52 59 72 75
3 3 14 22
1 44
5 78 79 81 83 84
5 29 38 39 45 50
5 26 30 32 41 48
2 55 66
5 6 8 14 16 23
4 13 14 16 24
2 51 59
2 8 17
1 48
5 56 61 62 67 75
1 28
3 28 45 50
1 74
9 26 27 31 34 39 42 46 48 50
4 9 12 18 20
5 82 84 85 87 88
4 52 56 59 72
4 65 66 67 73
4 54 59 62 67
2 39 50
8 52 53 59 60 63 70 72 74
5 1 11 13 14 16
1 51
3 27 40 42
7 26 31 39 46 47 48 49
6 51 62 63 67 69 75
1 79
1 26
8 27 28 30 34 38 47 48 50
4 11 16 20 23
1 84
2 3 23
4 5 7 10 19
2 3 7
6 28 34 41 46 49 50
1 35
4 3 8 9 25
5 9 13 17 20 21
3 58 61 66
1 28
2 19 23
1 78
6 76 81 82 84 85 88
7 78 82 83 84 85 86 88
3 53 58 68
2 65 68
1 57
9 2 6 8 11 13 14 20 23 24
1 86
5 77 78 82 85 87
3 4 6 25
4 34 41 46 50
1 77
1 25
3 16 17 18
6 29 35 36 40 46 48
3 76 80 85
5 77 82 85 86 87
2 28 41
6 53 56 57 61 64 73
6 76 77 79 83 85 86
4 79 82 83 85
4 30 42 45 46
5 26 32 43 49 50
4 2 10 12 16
2 9 23
2 19 20
10 28 34 35 38 39 40 43 44 48 49
2 27 30
1 78
6 6 9 10 12 18 23
5 52 53 59 72 75
1 5
2 58 64
3 32 40 48
2 58 65
5 13 14 15 19 23
2 80 83
4 11 18 19 23
3 60 65 73
4 29 32 36 46
2 45 47
4 34 41 46 50
8 32 33 35 37 38 42 47 48
8 26 27 28 33 41 43 46 49
2 53 75
10 4 6 7 8 11 12 14 16 17 23
1 87
1 42
6 4 7 8 21 22 24
4 52 53 59 72
2 2 11
1 67
2 79 84
9 2 5 6 7 13 19 20 23 24
5 78 80 83 84 85
1 83
6 26 33 34 36 38 40
1 7
2 31 45
7 26 32 33 34 40 45 47
6 54 58 59 67 69 75
6 54 56 58 60 62 70
7 26 28 31 32 33 37 39
4 34 38 43 48
9 53 61 62 64 69 70 72 74 75
4 27 30 35 46
5 30 34 41 42 49
1 77
7 27 29 33 36 38 41 42
1 85
1 83
3 59 63 70
4 3 7 9 25
6 77 79 80 84 85 88
1 76
4 35 41 42 43
5 56 59 66 69 71
3 52 59 72
2 51 70
1 2
5 78 79 81 83 85
2 10 22
1 54
2 6 10
3 7 9 12
2 52 53
5 4 10 14 22 23
1 43
4 28 43 44 46
3 54 66 71
10 76 77 80 81 82 83 84 85 86 87
5 52 60 63 69 71
2 26 50
3 68 71 75
5 2 3 7 12 17
2 30 41
2 44 46
7 76 77 80 82 84 86 88
6 57 59 60 62 74 75
7 4 6 12 14 16 23 25
2 15 25
6 10 17 19 21 22 23
1 71
3 1 13 15
1 3
1 42
6 53 54 57 62 64 72
1 1
3 14 21 22
1 56
2 62 64
2 13 14
4 55 60 62 66
4 3 8 12 20
7 51 53 61 62 64 69 75
