171 203
2 25 26
5 119 125 127 130 135
1 165
1 148
2 103 116
1 123
2 108 111
5 102 103 110 111 114
2 31 32
3 39 43 47
1 168
1 70
2 102 104
3 74 75 79
2 161 166
1 135
2 100 101
4 91 95 99 101
5 55 57 61 66 67
1 169
3 109 113 114
2 17 28
4 57 62 64 66
4 139 149 150 151
3 4 7 8
1 143
3 56 61 67
3 1 10 14
1 3
1 150
1 88
3 103 106 107
2 26 29
5 88 91 94 100 101
8 90 91 92 94 95 99 100 101
2 71 85
3 156 161 162
1 97
1 73
5 19 25 28 31 32
3 7 11 15
2 58 64
1 157
1 146
1 83
1 48
1 157
1 113
5 156 158 160 163 171
5 136 142 146 149 152
1 77
2 136 153
4 139 145 150 152
1 64
2 142 152
2 154 170
3 118 132 133
4 68 78 81 83
2 7 8
2 88 97
2 155 161
5 53 59 60 63 67
4 70 74 75 76
4 53 56 58 64
1 84
3 38 48 49
2 76 78
6 3 6 7 10 12 15
1 38
2 43 48
3 68 69 79
1 65
3 54 57 63
7 154 155 160 161 166 168 171
6 5 7 8 11 15 16
2 74 81
1 105
6 34 36 44 49 51 52
1 89
5 89 93 96 98 100
4 56 58 59 67
4 37 46 48 50
1 19
1 54
1 102
1 104
1 155
1 167
2 41 43
5 53 55 60 63 65
1 154
1 134
4 143 149 151 152
4 140 141 144 145
4 110 111 112 115
3 123 124 133
1 55
2 82 84
2 35 42
1 26
3 71 75 81
1 167
4 35 36 41 49
2 58 63
3 54 60 62
1 13
4 86 87 90 94
2 96 98
2 21 31
2 40 42
5 18 22 24 27 28
3 159 163 167
1 162
1 31
1 132
1 120
4 90 94 100 101
2 141 144
3 137 145 153
2 35 52
3 129 131 134
7 33 35 37 41 43 45 52
1 1
5 2 4 10 12 14
6 156 159 160 162 167 170
4 156 161 167 171
2 57 66
1 108
1 4
1 88
4 136 145 146 153
3 1 2 13
2 138 150
1 32
4 72 73 76 80
3 42 46 50
1 136
1 17
1 35
3 5 7 13
6 86 94 95 98 100 101
3 118 122 129
4 1 2 15 16
1 47
1 69
4 139 144 147 148
2 12 14
6 157 165 166 167 168 171
5 117 119 125 127 130
5 57 59 63 64 67
1 164
2 162 167
2 23 29
3 71 80 85
1 59
2 124 131
1 53
1 72
4 137 138 147 153
4 156 169 170 171
2 88 92
1 93
1 54
5 105 107 110 114 115
2 105 112
1 133
1 142
4 118 126 128 132
2 20 30
5 104 105 110 113 116
3 105 111 114
1 74
2 119 130
1 6
1 137
5 5 9 11 13 15
1 39
3 157 159 164
2 103 106
1 10
1 63
7 117 119 122 123 125 131 132
1 82
3 120 121 122
2 165 166
1 45
2 87 89
4 87 97 100 101
1 33
1 63
2 140 141
5 102 105 106 108 115
2 3 9
5 57 61 62 64 66
4 117 121 126 128
1 41
2 42 45
3 70 80 85
6 34 36 39 40 44 51
5 2 7 11 13 14
1 86
2 156 167
4 103 106 107 116
