176 210
3 19 24 26
2 148 152
1 150
2 3 9
6 92 94 96 102 104 106
3 19 27 28
1 119
3 125 127 138
2 109 115
1 71
2 147 157
1 25
3 21 23 30
1 4
1 20
3 44 46 47
4 3 5 7 16
2 36 43
2 40 44
3 93 94 99
1 153
2 39 47
7 33 35 40 44 46 48 52
6 124 127 128 136 137 138
1 134
5 36 37 38 39 46
1 133
3 112 113 120
2 82 85
3 23 24 26
4 56 65 69 70
3 125 127 139
1 90
2 108 120
3 39 41 42
1 11
1 151
1 127
6 33 41 46 47 48 49
1 42
1 80
5 54 55 57 67 71
1 105
4 35 40 42 43
2 117 119
5 53 54 55 62 66
2 92 96
2 160 174
3 126 132 139
4 163 166 167 169
1 62
3 36 38 43
1 1
5 4 12 15 16 17
1 137
3 127 136 137
2 19 26
5 162 165 166 173 174
3 91 104 106
2 104 106
2 63 69
1 30
1 144
1 31
2 95 103
1 32
1 59
3 56 64 65
1 162
3 130 133 138
3 107 111 122
3 55 61 70
4 94 97 98 100
10 54 56 60 61 62 64 65 66 68 71
3 3 4 6
3 125 131 140
1 161
1 26
5 127 129 135 136 139
2 168 170
2 18 29
5 38 39 42 43 48
1 92
1 37
4 18 23 30 32
1 125
3 95 101 103
3 109 110 117
2 143 158
2 129 136
1 5
1 176
5 53 54 58 63 64
1 96
3 20 27 28
1 102
2 97 100
1 142
1 110
2 111 122
2 77 89
2 99 102
2 155 156
3 73 77 85
2 116 123
3 162 168 170
2 75 90
6 57 59 61 65 69 71
1 146
3 72 87 89
3 23 30 31
1 84
5 160 161 164 169 172
9 160 165 166 168 170 171 172 173 176
1 21
2 4 8
1 107
2 124 127
1 118
3 33 37 49
2 6 16
6 125 126 132 135 138 140
5 5 6 8 12 13
6 53 58 59 63 68 69
1 78
1 89
2 149 159
7 21 22 23 24 25 27 30
3 93 97 102
1 16
1 132
2 113 123
5 124 129 130 132 141
4 2 6 7 16
2 62 66
4 37 42 47 49
2 76 83
4 165 171 172 173
2 22 32
4 143 148 153 158
1 60
1 128
5 34 36 39 42 44
4 114 115 116 118
4 163 165 174 175
5 36 39 43 45 51
2 108 114
1 34
4 55 57 67 70
4 54 56 64 65
1 68
1 39
1 164
1 145
5 73 84 87 88 90
2 63 70
2 53 57
4 12 13 14 17
4 161 163 167 173
1 132
3 58 63 67
4 128 134 135 137
4 21 24 29 32
1 37
5 124 129 132 136 141
2 57 68
3 128 135 137
1 112
6 94 95 97 99 100 106
1 21
5 5 7 12 14 15
1 76
3 131 136 139
1 13
1 40
5 34 41 45 50 51
5 129 132 135 136 139
1 121
4 58 63 67 69
4 23 26 27 29
3 126 135 137
2 1 6
2 35 40
5 33 46 47 48 49
1 61
1 97
1 16
4 20 25 28 32
5 163 164 166 174 176
2 38 52
3 128 133 140
3 42 44 50
1 82
3 79 81 86
2 10 11
1 98
5 96 97 98 100 102
3 119 121 122
3 160 162 169
3 4 11 15
1 15
1 141
5 22 24 25 29 31
1 64
9 91 94 95 97 100 101 103 105 106
2 74 88
1 154
2 42 46
2 132 134
1 175
