179 203
5 160 166 170 176 178
1 15
1 126
2 63 71
6 106 115 117 118 119 122
1 36
1 168
1 122
1 105
1 173
1 22
4 129 131 132 138
1 96
4 109 111 113 119
1 57
1 23
1 30
4 129 130 134 136
2 26 30
2 67 69
3 160 164 169
5 19 21 24 25 27
1 131
3 170 177 179
3 124 127 134
2 82 87
1 108
3 151 153 159
1 147
1 17
8 18 20 21 22 25 26 32 33
6 140 141 146 148 152 155
3 48 52 56
5 106 109 111 118 120
1 61
4 75 76 84 88
8 57 61 62 64 65 68 69 70
2 57 69
2 79 85
1 179
1 121
1 176
5 1 4 5 11 16
6 123 125 131 132 134 138
2 99 102
3 149 150 154
1 154
2 60 71
3 17 34 36
2 61 69
7 126 128 130 131 134 135 136
1 57
6 1 2 4 14 15 16
2 24 33
2 107 122
2 100 103
6 24 27 28 29 31 35
1 97
2 38 45
4 161 163 166 172
2 37 52
7 106 107 108 110 112 118 119
1 56
1 174
4 141 143 147 148
6 17 18 22 26 27 28
7 20 22 23 25 27 31 36
2 20 25
2 68 72
3 4 8 12
3 90 103 105
3 4 7 9
3 123 126 130
1 136
1 177
6 162 165 167 171 175 178
2 74 77
2 97 101
1 23
1 63
2 78 86
4 61 69 70 72
4 61 63 67 69
9 107 108 110 111 113 114 116 118 119
3 91 104 105
1 18
3 5 9 16
3 132 133 134
3 94 95 104
5 113 115 116 117 121
2 150 158
4 37 39 41 47
2 140 151
2 74 87
1 79
5 126 133 134 135 139
6 106 107 108 117 118 122
2 3 14
4 43 45 51 55
1 11
3 19 32 35
1 142
6 58 62 66 69 70 73
4 115 116 117 121
1 44
4 123 124 134 139
2 128 137
1 28
1 117
4 161 162 163 173
5 1 6 8 12 16
7 4 5 6 10 12 13 15
3 80 85 86
6 21 24 27 28 32 35
1 139
4 5 6 9 13
3 90 93 99
3 41 42 54
2 78 89
1 49
1 114
1 65
4 145 147 149 157
6 140 144 146 148 153 155
1 144
2 66 73
3 124 130 132
2 51 53
7 58 59 62 63 67 71 72
1 119
1 97
3 38 40 46
1 7
5 90 98 99 102 105
3 41 47 54
1 21
1 70
1 2
4 167 171 172 174
3 17 30 36
4 58 61 68 72
2 62 65
3 10 11 16
6 106 108 109 116 117 120
2 81 88
6 142 145 148 150 151 153
4 106 107 117 119
2 75 84
2 153 156
6 106 113 114 115 116 118
3 96 101 102
6 39 40 43 44 46 48
2 17 36
2 61 70
6 123 124 125 127 135 139
2 32 34
1 81
1 59
5 90 97 98 102 105
1 129
5 1 3 7 15 16
2 112 119
3 143 144 151
1 138
1 26
2 30 32
2 83 89
3 90 99 102
2 82 89
2 91 98
3 63 64 70
5 125 126 130 131 137
3 42 50 55
3 76 77 80
1 6
3 164 169 175
1 154
1 159
4 91 92 93 98
1 77
1 143
2 28 33
2 19 23
1 58
4 126 127 133 135
1 83
2 165 168
1 156
1 129
2 123 129
1 1
1 67
1 66
3 39 47 53
7 17 18 20 23 25 33 34
1 107
3 128 134 137
5 60 62 64 66 73
2 110 114
1 78
2 37 50
4 17 21 29 34
1 125
