172 200
2 43 47
5 2 3 5 9 11
1 122
4 48 54 55 58
2 131 138
3 20 31 32
3 70 75 77
6 140 143 145 149 151 156
5 1 7 8 13 14
4 159 161 162 170
1 70
1 83
1 15
3 87 89 96
2 2 14
6 84 88 93 94 95 98
2 58 64
3 159 162 171
2 163 168
1 158
1 25
2 122 135
2 158 164
2 40 42
4 68 69 75 82
2 106 117
1 31
3 33 38 40
4 49 53 61 62
1 45
3 105 109 112
3 102 107 109
4 68 73 76 80
2 52 59
2 60 63
1 37
2 83 97
2 35 44
2 168 172
1 5
3 72 78 79
1 16
2 92 97
2 120 133
3 104 110 115
3 101 106 117
5 146 147 153 155 157
2 163 169
1 58
5 1 9 10 12 15
3 49 57 62
1 172
2 66 82
2 22 29
2 110 111
4 6 7 9 13
3 2 12 14
1 129
4 121 130 132 137
4 5 11 13 14
1 25
1 60
3 34 37 44
1 83
2 100 118
8 1 3 6 8 10 12 13 15
5 158 161 162 167 172
3 148 149 156
5 103 111 112 116 118
4 86 87 90 95
3 50 51 64
2 162 168
1 33
1 34
4 162 163 169 171
3 65 67 81
1 161
1 59
5 65 69 71 72 77
1 172
2 8 10
2 54 58
4 159 160 165 166
2 3 4
2 51 59
3 17 27 28
5 50 52 56 60 62
1 154
1 149
1 73
3 68 73 76
5 68 70 73 78 82
2 16 30
2 22 26
1 21
2 76 78
1 97
2 74 82
1 141
3 85 98 99
4 141 145 146 156
6 37 41 43 44 45 46
2 114 119
5 162 163 167 169 171
7 159 162 166 167 168 171 172
1 119
1 46
2 142 152
5 159 160 165 169 170
4 1 3 4 5
1 105
2 36 39
3 162 163 171
9 2 4 5 6 7 9 10 12 14
5 83 84 87 88 95
1 147
2 123 125
1 42
1 152
2 21 25
2 48 50
3 165 167 172
5 88 91 93 97 99
4 24 26 28 29
2 83 84
5 160 165 168 171 172
4 140 143 144 145
7 3 5 7 9 11 14 15
1 69
4 55 58 61 63
1 10
4 120 127 135 136
8 48 50 58 60 61 62 63 64
2 101 103
4 51 52 54 60
2 59 64
1 86
1 41
3 124 125 129
1 128
3 19 24 29
2 139 151
1 100
1 90
2 56 62
1 91
3 140 143 154
3 121 127 132
3 142 144 151
2 2 10
2 126 137
3 124 136 138
1 35
2 39 46
3 148 150 157
5 158 164 166 168 169
1 20
5 102 104 107 108 116
1 95
1 150
4 5 7 8 10
2 18 30
2 36 38
2 126 134
2 11 15
2 59 64
5 19 20 28 30 31
1 57
3 56 59 63
2 100 107
5 84 85 88 92 99
4 53 55 56 61
1 134
1 8
2 130 131
3 85 92 94
1 21
3 86 90 94
1 98
1 170
3 123 128 133
4 113 114 115 119
3 89 93 96
3 48 50 63
4 66 70 75 77
2 52 61
4 33 40 41 43
1 36
2 108 113
2 52 56
3 139 153 155
1 71
3 158 161 164
3 43 46 47
1 13
1 13
2 38 41
4 50 51 59 64
3 49 57 61
3 16 23 32
