100 9508
6 1 2 3 5 6 11
1 4
1 7
6 8 19 23 25 26 29
4 9 13 15 17
2 10 12
2 14 16
1 18
2 20 21
1 22
1 24
1 27
1 28
1 30
1 31
7 1 2 3 5 6 10 11
4 4 9 13 20
3 7 12 14
2 8 19
1 15
1 16
1 17
2 18 22
2 21 28
1 23
4 24 26 27 30
1 25
1 29
1 31
6 1 2 3 4 5 6
3 7 11 12
2 8 16
3 9 15 20
1 10
2 13 14
1 17
2 18 22
1 19
1 21
1 23
1 24
2 25 28
2 26 27
1 29
1 30
1 31
5 1 2 3 4 5
2 6 11
1 7
4 8 14 16 20
2 9 15
1 10
1 12
1 13
1 17
2 18 22
1 19
2 21 28
1 23
1 24
2 25 29
2 26 27
1 30
1 31
5 1 2 3 4 5
2 6 14
3 7 10 17
3 8 16 20
4 9 11 15 22
1 12
1 13
1 18
1 19
1 21
1 23
1 24
3 25 28 30
2 26 27
1 29
1 31
7 1 2 3 4 5 13 15
3 6 12 14
1 7
2 8 19
2 9 16
2 10 17
1 11
3 18 21 22
1 20
1 23
1 24
4 25 26 27 30
1 28
1 29
1 31
6 1 2 3 4 5 8
1 6
1 7
2 9 20
2 10 15
2 11 22
4 12 17 19 23
1 13
1 14
1 16
1 18
1 21
1 24
2 25 29
2 26 27
2 28 30
1 31
4 1 2 3 8
3 4 9 20
1 5
2 6 11
4 7 12 14 17
1 10
1 13
1 15
1 16
2 18 22
2 19 23
1 21
1 24
2 25 26
1 27
2 28 29
1 30
1 31
6 1 2 3 8 16 20
3 4 13 15
1 5
2 6 11
2 7 22
1 9
4 10 17 19 23
2 12 14
1 18
1 21
1 24
3 25 26 29
1 27
2 28 30
1 31
9 1 2 3 8 12 16 19 20 23
2 4 15
4 5 6 11 21
2 7 17
1 9
1 10
1 13
1 14
3 18 22 24
3 25 26 30
1 27
1 28
1 29
1 31
4 1 2 3 8
3 4 9 20
6 5 6 11 13 16 22
2 7 17
4 10 12 19 23
1 14
1 15
1 18
1 21
1 24
3 25 29 30
1 26
1 27
1 28
1 31
5 1 2 3 5 6
2 4 14
3 7 11 15
1 8
3 9 16 20
3 10 12 17
1 13
2 18 24
2 19 23
1 21
1 22
2 25 26
1 27
2 28 30
1 29
1 31
4 1 2 3 7
3 4 13 14
1 5
2 6 17
1 8
2 9 16
2 10 12
2 11 22
1 15
1 18
1 19
1 20
1 21
1 23
1 24
3 25 29 30
1 26
1 27
1 28
1 31
6 1 2 3 4 5 8
2 6 16
3 7 11 17
3 9 14 20
3 10 15 22
1 12
1 13
1 18
1 19
1 21
1 23
1 24
3 25 29 30
1 26
1 27
1 28
1 31
7 1 2 3 5 6 11 15
1 4
2 7 16
2 8 14
2 9 13
1 10
1 12
1 17
2 18 22
2 19 23
1 20
1 21
1 24
2 25 29
2 26 27
1 28
1 30
1 31
5 4 5 6 12 15
2 14 20
2 16 20
7 20 21 23 25 26 28 29
5 3 8 19 20 23
3 9 12 15
2 10 11
1 9
3 3 4 5
3 4 6 7
3 8 9 14
2 9 15
2 14 16
2 9 17
4 3 5 6 11
2 10 21
3 8 12 19
5 3 4 5 6 7
2 16 20
1 16
3 12 18 22
2 15 18
8 6 9 14 15 20 23 25 26
2 12 17
3 7 11 21
4 7 11 14 22
5 3 4 6 7 11
4 3 5 6 16
1 17
3 19 23 26
3 9 15 20
5 4 8 16 18 22
6 8 9 16 17 19 20
5 16 20 21 22 28
4 4 5 13 15
1 8
1 9
3 11 16 22
2 11 16
5 7 11 16 17 23
5 6 8 11 16 19
1 10
2 7 12
5 12 16 17 19 23
2 9 16
6 1 2 3 4 5 13
4 16 17 20 23
7 3 4 5 7 11 13 29
3 9 13 15
1 20
4 2 3 4 5
2 9 17
3 10 13 21
3 4 6 13
3 7 11 21
4 20 23 26 27
1 9
6 1 2 3 4 5 13
4 8 13 16 22
3 9 20 23
2 8 14
3 9 13 15
2 10 12
2 9 15
4 18 21 22 28
1 12
4 6 11 16 22
3 6 11 22
2 16 20
2 15 18
2 11 21
3 4 11 15
5 4 11 13 15 22
2 4 15
2 15 18
5 3 7 11 16 20
3 8 10 19
3 10 12 14
3 17 23 26
2 14 16
3 6 11 15
2 8 19
2 10 17
3 13 15 21
3 14 16 17
2 16 20
4 2 3 4 5
5 5 6 11 16 20
2 7 12
2 9 17
2 8 16
2 9 17
2 13 14
5 7 11 13 16 22
3 4 13 17
3 9 16 20
3 11 18 22
1 20
3 9 13 15
4 11 13 15 21
5 4 6 7 11 12
2 16 22
1 12
1 12
4 16 20 21 28
4 4 6 13 17
3 17 23 26
6 19 23 25 26 30 31
2 4 6
4 2 3 5 6
2 10 19
6 11 16 22 25 26 30
1 4
2 4 6
4 12 19 23 26
5 11 16 20 21 22
2 10 11
1 14
4 9 17 20 23
3 6 7 11
2 14 17
2 6 9
5 4 13 15 16 20
6 13 17 18 22 23 26
6 8 14 16 22 25 30
3 25 26 30
4 4 6 7 11
3 4 20 23
3 7 11 21
3 2 3 8
4 19 24 26 27
1 8
4 9 17 20 23
3 17 23 26
1 8
2 9 20
1 17
1 7
3 8 14 16
5 3 4 5 8 13
2 14 16
4 2 3 4 5
2 9 20
3 7 11 16
2 12 14
4 9 14 15 20
2 16 22
1 8
3 13 18 22
4 11 16 21 22
1 10
5 12 16 17 20 23
6 3 4 5 7 11 13
5 8 13 14 15 16
3 19 20 23
2 4 13
2 5 6
1 14
5 20 23 25 26 28
4 4 6 12 18
2 22 30
2 12 17
3 10 12 19
4 3 5 7 11
1 17
2 5 6
2 17 23
5 7 11 12 15 17
3 4 6 15
4 5 6 11 22
4 8 14 19 23
6 16 20 23 24 26 27
2 14 17
4 22 25 26 30
3 6 11 17
3 9 15 18
4 4 6 9 15
1 10
1 8
3 3 7 8
3 6 11 14
2 9 20
1 21
3 11 16 22
2 9 15
3 13 15 16
3 12 14 15
2 10 12
5 8 12 18 19 24
2 14 20
5 4 6 11 15 22
2 8 16
5 20 23 24 26 27
2 16 20
4 4 5 6 7
6 3 5 6 7 11 17
3 8 13 16
6 16 20 22 23 26 27
3 10 11 22
3 9 13 17
3 10 18 19
1 14
3 6 11 16
4 10 12 19 21
3 9 16 20
1 6
3 13 15 18
4 2 3 7 12
3 3 4 5
5 9 12 15 16 20
2 12 19
3 8 11 16
2 16 20
1 12
3 6 11 15
3 18 22 24
4 2 3 5 6
2 9 15
4 7 11 17 29
2 8 19
3 4 5 6
3 3 4 5
5 13 14 16 20 22
3 9 12 15
2 8 18
3 13 22 30
2 13 15
2 16 22
1 17
1 15
3 3 7 12
3 3 4 5
5 18 24 25 26 27
6 8 14 16 17 20 23
2 4 13
3 9 15 20
2 10 12
3 8 9 14
2 11 16
3 7 11 21
4 8 16 19 24
1 9
1 12
3 6 11 29
3 6 9 15
4 8 19 24 27
2 9 15
2 21 28
2 8 16
2 9 13
3 6 7 11
3 3 7 15
3 3 7 11
4 16 22 30 31
4 11 22 29 30
1 9
4 8 9 16 20
4 6 9 11 20
5 8 16 19 23 26
1 13
3 4 6 9
9 11 16 19 20 22 23 25 29 30
3 2 3 7
1 10
1 9
4 8 11 16 29
4 8 18 19 24
1 16
2 9 13
4 12 14 16 17
3 4 8 14
4 3 4 5 8
4 10 16 21 22
1 16
3 6 11 21
4 12 17 19 23
3 4 9 20
8 11 16 17 20 23 25 26 29
5 16 17 19 22 23
6 9 20 21 25 28 29
6 10 17 23 25 26 28
5 8 12 14 16 17
3 11 22 30
3 9 20 23
2 9 22
2 16 22
3 9 15 20
3 8 14 16
3 8 19 23
3 9 16 20
1 20
4 10 17 19 23
2 13 15
2 9 15
2 14 16
2 4 7
7 3 5 6 8 19 20 23
1 14
4 11 16 20 22
4 8 11 16 22
2 14 15
2 10 11
2 19 23
2 8 16
1 9
2 16 22
3 3 5 7
3 6 11 21
2 14 16
2 9 20
2 8 16
2 8 16
4 4 6 10 11
3 13 15 18
1 17
3 16 20 22
1 10
1 20
2 4 6
3 8 12 19
1 17
5 16 20 22 30 31
2 9 16
4 9 14 16 20
2 7 16
3 12 14 17
5 3 4 5 6 8
5 3 5 6 11 15
1 17
4 9 19 20 23
1 9
2 14 17
1 14
2 14 20
1 14
2 9 17
2 11 16
4 11 15 18 24
1 10
3 4 6 11
4 8 16 19 20
3 9 12 17
4 11 16 21 22
4 2 3 8 10
4 9 17 19 23
2 8 14
2 7 11
4 8 12 18 19
2 10 12
2 4 7
4 9 17 19 23
1 14
3 6 13 15
4 8 12 14 16
2 9 15
1 17
3 6 11 21
5 18 22 25 28 30
2 4 13
5 9 16 19 20 23
2 7 15
3 16 18 22
3 9 16 20
2 4 15
5 11 16 19 23 29
3 3 5 7
3 4 5 13
4 12 19 24 27
3 3 7 17
3 13 18 22
2 8 14
5 11 16 19 20 23
3 4 5 6
2 4 6
2 21 28
3 14 16 22
7 7 11 19 23 25 26 29
3 6 7 11
4 2 3 8 14
1 14
6 4 5 6 11 16 19
2 9 17
2 15 16
6 12 18 24 25 26 27
3 12 18 24
5 7 11 18 22 24
3 4 5 13
4 7 10 21 28
1 10
3 5 6 7
4 14 17 23 26
1 9
3 14 16 20
2 12 18
1 7
2 9 17
2 11 16
2 8 14
5 11 14 16 25 29
7 8 12 14 17 19 23 26
3 8 13 14
8 10 11 16 19 20 22 23 30
3 9 14 15
7 11 15 17 23 25 26 29
3 8 10 19
4 14 17 19 23
2 14 16
2 12 19
4 1 2 3 7
2 14 16
1 3
1 9
2 13 15
2 6 7
1 17
7 10 18 19 23 24 26 27
2 11 16
1 7
2 7 11
4 12 13 15 17
1 22
2 9 13
4 18 22 24 27
2 10 11
3 9 12 15
7 18 22 24 25 26 27 28
3 7 11 22
4 8 10 19 21
4 2 3 8 14
4 13 15 22 30
2 4 6
3 3 5 6
3 4 18 24
2 16 22
1 13
2 12 17
3 8 14 19
6 10 11 25 26 27 29
5 14 16 17 20 23
1 18
4 18 22 30 31
4 6 11 14 22
2 9 20
4 8 10 15 19
5 11 22 25 28 30
1 10
3 8 12 19
4 3 4 5 8
4 4 7 13 17
4 4 6 9 15
4 9 11 15 22
3 11 18 22
4 6 11 25 29
3 3 5 6
5 6 7 11 16 22
5 12 14 18 20 21
2 9 20
4 3 4 5 7
3 4 5 6
2 10 12
3 12 14 18
2 13 15
1 9
3 10 16 19
4 7 11 14 15
4 8 12 14 17
3 7 13 15
3 8 14 17
3 17 20 23
6 11 22 25 28 29 30
1 9
5 9 17 22 30 31
4 8 17 19 23
5 4 8 12 13 19
2 7 13
2 13 20
1 9
7 3 7 8 9 15 19 23
2 10 12
4 3 8 14 16
3 6 14 17
2 8 14
2 8 16
4 8 10 15 16
1 7
3 2 3 7
2 16 20
4 3 5 6 8
1 12
5 9 15 18 24 27
2 16 20
3 10 12 17
6 12 16 17 19 20 23
4 3 4 5 8
1 14
1 15
3 11 16 22
1 14
3 9 13 15
1 14
5 10 14 19 20 23
4 9 13 15 20
2 12 15
2 10 19
2 10 11
2 5 6
2 18 24
7 8 10 11 25 26 27 29
2 18 22
4 6 10 11 15
1 8
2 4 13
5 8 9 14 16 20
1 8
3 11 13 15
2 4 6
4 7 12 14 17
2 8 14
2 15 18
3 16 21 28
7 3 7 9 11 14 15 16
4 18 24 26 27
4 3 5 6 8
5 7 10 11 14 17
1 18
5 15 16 19 20 23
4 4 6 11 22
3 11 13 15
3 12 19 23
4 4 5 6 18
3 16 20 22
2 10 12
1 8
4 7 9 11 20
2 12 18
3 11 14 16
3 11 16 20
2 16 22
4 8 10 15 19
3 8 15 16
5 3 7 11 16 22
2 9 20
6 13 14 21 25 28 29
3 4 7 11
2 14 17
3 7 8 14
6 6 11 17 20 21 23
2 7 11
8 18 21 22 24 25 26 27 28
3 12 13 15
2 4 15
5 8 13 14 15 17
1 17
2 9 20
4 6 15 18 24
2 9 17
1 16
4 11 16 18 22
2 4 13
3 9 16 20
3 9 14 15
8 9 15 16 20 23 24 26 27
3 8 14 20
4 7 11 25 29
3 9 21 28
4 7 17 20 23
1 21
3 3 7 8
3 12 15 17
3 11 12 15
2 16 20
5 10 19 23 26 27
6 6 10 11 12 15 29
4 3 4 5 7
2 13 20
3 10 12 15
1 13
2 4 20
2 9 13
3 10 11 22
3 7 10 11
2 4 5
2 10 12
2 17 23
2 11 22
3 6 7 11
2 7 17
3 8 19 24
4 9 17 20 23
6 11 19 23 25 26 29
4 6 11 22 30
2 18 22
1 14
4 12 18 22 30
2 8 17
3 9 11 15
5 3 5 6 13 15
7 4 7 11 12 13 14 15
4 17 23 25 26
3 6 11 22
2 10 12
4 10 13 15 21
5 11 16 22 25 29
4 14 15 17 23
3 8 10 19
10 11 16 19 20 21 22 23 25 28 29
4 4 5 6 8
1 6
2 8 19
5 11 16 25 29 30
4 10 19 24 27
3 9 13 15
4 3 8 10 19
10 3 7 8 11 15 19 22 23 26 27
4 4 9 13 20
5 1 2 3 4 5
3 17 20 23
2 6 15
4 9 17 20 23
6 3 4 5 11 16 21
5 3 5 7 11 15
5 12 14 17 19 23
6 6 7 11 17 19 23
1 13
1 17
2 15 16
1 12
2 10 21
2 12 14
1 10
4 7 11 16 20
3 9 13 15
3 19 20 23
1 14
3 4 13 17
2 4 13
3 17 20 23
4 16 20 23 26
2 12 14
5 11 16 25 26 29
3 19 20 23
3 10 11 14
3 4 5 6
3 9 20 23
1 21
4 10 17 19 23
1 6
3 8 9 14
3 7 10 11
7 4 5 6 11 22 30 31
2 11 15
5 3 7 8 13 15
2 4 13
3 17 19 23
4 4 5 6 14
3 9 17 20
6 10 18 23 24 26 27
3 7 11 16
3 4 5 6
2 22 30
3 2 3 7
2 4 13
2 11 16
3 17 19 23
4 9 11 13 15
4 9 15 20 21
3 4 13 22
5 8 16 17 19 23
4 8 17 19 23
1 9
2 7 14
2 7 17
2 8 13
4 8 16 18 24
3 6 11 21
2 9 20
2 13 14
7 2 3 7 11 25 26 29
3 8 16 20
5 4 5 6 7 11
1 21
4 9 11 16 20
3 10 12 18
2 14 17
2 14 16
2 4 13
4 3 4 5 7
2 9 16
5 4 6 11 25 29
2 16 22
2 9 14
4 12 15 18 19
2 13 15
2 4 6
4 11 15 16 29
4 8 13 15 18
1 14
2 4 13
2 8 14
1 6
2 20 21
2 10 18
1 6
3 14 16 20
1 4
2 10 18
4 20 23 26 27
5 3 5 7 11 29
2 4 7
4 3 6 7 11
1 9
6 9 17 23 24 26 27
2 12 15
2 16 20
1 17
2 13 15
1 9
3 14 20 21
2 7 12
3 10 18 21
2 14 16
2 15 18
6 8 9 15 19 20 23
6 8 16 22 25 26 30
2 8 17
1 10
3 9 10 12
4 13 15 22 30
2 9 15
4 4 9 13 20
4 11 13 15 21
4 16 21 22 28
2 8 14
3 12 13 17
5 9 22 25 29 30
2 12 15
3 8 12 14
2 9 20
2 9 20
3 9 13 15
4 6 9 16 20
1 7
5 2 3 8 10 19
2 8 17
7 10 20 21 23 25 26 28
4 7 10 11 15
4 16 18 22 24
3 10 11 15
1 14
3 11 15 29
3 11 15 22
4 11 16 20 22
3 11 13 22
2 16 22
4 10 12 17 18
2 9 21
2 11 21
4 16 20 22 23
5 21 22 25 28 30
2 8 16
4 11 22 25 30
2 14 16
4 12 14 15 17
4 10 12 18 24
4 4 5 6 15
1 7
2 9 20
7 11 16 24 25 26 27 29
2 9 20
3 17 20 23
1 14
1 14
5 4 6 7 11 16
2 13 15
5 9 17 19 22 23
4 10 17 19 23
4 8 14 16 18
5 6 9 15 20 21
1 14
1 9
3 12 14 17
2 16 20
2 13 15
2 10 17
3 4 9 15
3 8 14 16
1 7
2 6 14
2 11 21
3 6 13 15
2 8 19
2 8 16
3 4 13 17
2 6 15
5 8 14 17 19 23
1 10
2 10 11
5 7 12 17 18 22
5 4 6 11 18 21
2 12 15
4 10 12 17 19
3 3 7 11
2 16 22
2 9 20
2 9 16
5 4 7 9 13 15
1 14
1 10
2 8 10
3 22 30 31
4 17 23 26 27
7 3 4 5 9 13 15 20
6 9 11 15 25 29 30
4 16 22 24 27
6 18 22 23 24 26 27
8 4 5 6 9 10 11 13 20
2 9 15
2 13 17
2 9 20
4 1 2 3 8
1 4
2 4 6
1 14
2 7 11
1 12
3 15 18 24
4 9 15 20 21
1 8
3 8 10 19
3 6 7 11
2 7 14
1 14
4 16 22 30 31
7 9 11 20 23 25 26 29
2 14 15
2 16 20
3 7 12 18
5 3 7 9 20 23
4 3 4 5 7
4 10 12 15 16
2 14 17
4 8 17 19 23
1 21
6 4 5 6 10 11 13
4 23 25 26 29
1 17
2 13 14
4 9 15 18 24
2 10 12
5 2 3 5 6 17
4 8 10 12 19
2 4 20
5 3 4 5 7 13
6 11 16 20 22 23 26
2 8 19
7 11 20 21 23 25 26 30
2 21 28
2 21 28
2 9 15
2 8 14
3 4 13 22
1 14
4 6 11 16 22
1 12
4 2 3 8 18
6 18 24 25 26 27 29
3 9 14 17
3 10 12 21
8 1 2 3 4 5 6 13 14
2 18 22
3 5 6 11
2 9 15
4 9 19 20 23
4 8 9 16 18
2 6 14
1 12
4 4 5 18 22
1 14
2 10 12
1 20
2 9 20
3 11 15 22
4 5 6 13 15
2 9 17
6 3 4 5 6 9 15
1 9
5 4 5 6 11 22
2 10 17
4 10 11 16 22
2 12 19
2 13 20
3 17 20 23
2 10 15
4 9 17 20 23
2 12 17
3 4 5 13
5 8 11 13 15 16
3 10 12 19
2 14 17
4 4 9 13 20
3 11 16 21
5 11 21 25 28 29
5 20 23 25 26 30
3 3 4 5
1 9
6 17 21 23 25 26 28
4 7 11 15 16
3 7 9 20
3 9 20 21
2 8 16
3 9 10 12
3 12 18 24
1 8
1 13
1 6
3 16 20 22
1 9
2 16 22
2 11 22
1 14
1 14
4 15 18 22 30
4 3 5 6 7
1 4
4 6 11 15 16
3 7 11 21
2 6 15
5 24 25 26 27 30
4 11 16 18 24
3 11 22 29
2 9 20
3 4 5 6
2 14 16
1 14
5 17 23 24 26 27
4 3 5 8 14
3 24 26 27
3 7 10 11
2 12 18
3 11 14 16
5 12 15 16 18 22
3 7 11 22
3 22 25 30
2 16 22
3 15 16 20
3 12 14 18
2 7 17
6 3 7 8 11 14 16
3 12 17 23
2 9 14
4 4 5 6 11
3 13 17 22
2 7 14
6 3 5 6 8 9 15
6 4 5 8 13 14 19
3 3 7 17
3 11 21 22
2 13 17
4 7 12 15 18
3 9 12 14
3 17 20 23
6 17 21 23 25 26 28
2 4 6
1 9
1 11
3 8 10 19
5 16 20 21 22 28
3 7 10 12
8 4 9 13 15 20 23 26 27
1 17
3 17 23 26
3 10 12 15
2 16 20
1 12
4 8 11 16 22
4 4 5 6 13
3 6 11 15
2 4 6
4 16 19 22 23
2 4 8
4 9 20 23 26
4 17 23 25 26
2 8 16
4 9 20 23 26
5 3 4 5 8 16
4 11 20 21 22
2 7 9
4 4 6 12 17
3 7 12 14
3 17 23 26
3 13 21 28
4 7 17 20 23
4 8 13 16 22
4 9 16 20 22
2 10 21
2 8 14
6 14 20 21 25 28 29
7 4 5 6 11 25 29 30
4 9 13 15 21
6 15 16 18 19 20 23
2 13 21
4 8 10 14 19
4 8 17 19 23
7 7 11 18 22 25 29 30
3 16 20 21
1 13
2 11 22
2 4 6
4 8 16 19 23
4 20 23 25 26
4 10 17 19 23
2 14 16
5 4 5 6 13 15
1 8
6 9 15 20 23 25 26
1 6
1 6
4 11 16 20 23
4 9 15 16 20
3 10 12 14
4 9 11 16 22
5 8 10 14 16 19
3 17 20 23
4 11 18 22 24
2 7 15
3 3 4 5
2 8 16
6 11 16 22 25 26 30
3 11 12 15
4 8 12 14 19
5 4 13 17 23 26
6 11 20 23 25 26 29
3 11 16 21
2 9 15
3 2 3 7
2 21 22
2 9 17
4 9 13 15 17
4 11 16 20 22
5 4 6 11 13 16
4 13 20 23 26
4 19 20 21 23
2 4 5
2 10 19
4 8 10 17 19
5 4 8 13 14 16
3 9 15 17
2 7 11
4 10 11 13 15
1 6
5 8 16 19 23 26
3 19 23 24
2 12 18
5 8 12 14 19 23
1 13
3 8 12 19
5 3 7 8 10 19
3 10 13 21
2 8 13
2 9 10
2 10 11
2 9 15
3 9 16 20
1 13
9 8 12 14 18 24 25 26 27 28
3 3 8 16
3 9 20 23
3 14 16 20
9 4 5 6 11 16 20 21 22 28
2 13 14
4 6 10 11 15
5 8 14 16 20 23
3 9 15 18
2 4 18
2 8 14
2 9 20
3 4 6 8
3 12 15 17
5 3 4 5 6 11
7 8 10 11 12 18 19 22
4 9 13 14 15
3 2 3 7
5 22 23 25 26 30
4 2 3 5 6
1 14
2 9 21
2 8 14
5 8 11 14 16 20
4 14 16 22 30
4 20 23 26 27
3 11 21 22
3 8 14 19
2 9 15
4 2 3 4 5
3 6 7 11
4 4 6 8 19
6 6 10 16 17 20 23
7 6 8 14 16 17 20 23
4 3 5 6 8
5 3 7 10 11 19
1 14
3 25 26 29
4 10 11 12 16
4 16 19 22 30
4 9 17 20 23
1 7
3 14 16 20
2 7 11
5 2 3 8 16 20
3 12 13 15
3 7 9 13
4 4 11 13 15
5 11 14 15 25 29
2 13 14
2 13 14
2 6 11
3 17 23 26
1 14
2 13 17
1 14
5 9 13 15 18 22
2 9 15
3 3 5 8
1 13
3 16 20 21
4 3 7 8 14
4 17 23 26 27
1 21
3 5 6 9
2 12 15
2 7 10
2 10 21
6 10 18 23 24 26 27
3 6 11 22
4 8 11 14 16
1 20
3 7 11 16
1 9
3 16 19 20
5 11 16 21 22 28
1 7
1 7
3 5 6 14
1 14
3 7 11 15
1 17
2 7 12
2 7 14
3 12 15 16
4 9 14 16 20
3 8 14 20
2 14 16
3 9 12 15
2 10 21
3 16 18 24
1 14
4 10 16 18 22
7 3 5 6 8 11 18 22
3 8 12 19
5 8 11 13 15 16
2 13 17
4 6 9 11 21
4 21 25 26 28
6 19 20 23 24 26 27
3 16 18 22
3 10 17 23
4 2 3 4 5
3 4 14 16
2 14 17
2 9 21
8 16 18 19 22 23 24 26 27
2 8 10
5 6 11 16 18 24
5 7 10 17 19 23
3 16 20 23
4 8 17 19 23
3 11 22 30
4 7 9 13 15
3 10 11 19
2 12 15
4 4 6 13 17
3 15 16 22
2 13 15
4 4 13 18 22
1 20
4 3 4 7 8
5 8 14 17 19 23
4 9 17 19 23
4 9 13 14 15
3 7 11 15
2 6 11
3 11 15 16
4 11 22 25 29
3 9 16 20
1 9
3 9 15 20
2 8 14
2 13 15
4 8 10 14 19
2 9 13
4 8 16 18 22
4 13 16 20 22
3 9 14 20
2 4 5
1 14
3 4 5 15
1 14
9 5 6 9 11 12 15 19 20 23
5 7 8 11 14 16
2 8 14
2 18 22
2 13 15
2 4 6
6 11 15 18 24 26 27
1 9
5 12 17 18 24 27
2 12 19
2 10 21
3 8 16 19
3 22 30 31
3 8 14 16
3 9 12 15
3 17 19 23
2 10 21
3 7 11 12
3 19 20 23
1 17
2 7 11
3 12 17 23
2 16 22
4 9 14 16 20
3 3 8 14
4 10 12 14 19
4 9 14 16 20
3 8 14 19
2 13 21
1 9
6 2 3 4 5 7 11
2 11 15
3 8 9 14
3 10 13 21
4 10 11 12 29
3 8 12 19
2 16 20
1 6
2 10 12
1 21
2 9 15
9 1 2 3 8 12 16 19 20 23
4 4 6 15 18
3 2 3 7
2 8 16
2 6 11
5 21 25 28 30 31
4 12 13 15 17
2 14 16
2 13 15
2 11 21
2 6 10
4 18 24 26 27
3 8 14 16
2 9 20
4 10 12 21 22
2 3 7
4 4 6 11 13
4 2 3 8 14
6 7 11 12 22 30 31
3 17 20 23
2 14 16
4 8 12 14 18
4 8 10 19 21
3 16 20 22
5 16 17 19 20 23
4 16 20 24 27
3 11 16 22
2 12 15
3 9 14 20
4 7 11 16 22
6 8 14 17 23 25 26
5 12 15 18 19 24
3 3 4 5
4 6 11 17 29
4 12 13 15 21
1 4
1 16
3 7 11 15
1 9
3 8 16 20
6 1 2 3 4 5 13
4 3 5 6 11
4 3 4 5 14
5 4 5 6 7 11
1 14
5 9 10 17 19 23
3 16 20 23
2 12 18
4 16 18 20 24
4 16 18 22 24
2 10 19
5 10 11 16 19 23
4 7 11 14 16
2 4 15
3 9 13 17
3 16 18 22
1 14
4 20 22 30 31
3 8 14 18
6 8 10 19 21 25 28
1 9
3 8 14 19
6 4 9 13 17 20 23
5 6 8 10 16 19
2 8 14
3 11 12 15
4 10 11 18 22
2 13 21
3 19 20 23
6 11 18 22 25 29 30
3 9 13 17
1 13
1 10
4 11 16 20 29
4 11 13 15 16
1 6
4 2 3 5 6
2 11 16
4 16 18 20 22
3 8 14 16
6 6 9 15 17 20 23
7 2 3 7 12 17 19 23
2 13 15
3 10 12 14
1 15
4 10 13 15 17
2 7 11
4 5 6 11 22
4 16 19 20 23
3 8 16 22
4 9 16 20 22
3 13 15 16
1 6
2 6 17
1 8
4 12 15 17 23
3 8 14 16
2 10 12
3 4 5 6
1 8
3 6 11 16
6 4 5 6 13 22 30
3 4 13 14
2 16 22
3 4 7 13
2 8 16
2 7 11
3 8 16 17
5 4 5 7 13 15
3 6 10 11
3 10 19 23
2 6 17
4 5 6 11 16
3 8 16 22
2 10 14
2 9 15
2 9 17
1 10
3 12 13 17
3 9 14 17
3 16 18 22
4 4 8 13 14
2 8 14
4 9 19 20 23
4 10 12 18 24
2 4 13
2 4 14
4 22 25 28 30
2 13 15
3 12 13 17
1 6
8 5 6 11 16 17 20 23 29
3 8 14 17
4 16 17 20 23
3 8 16 22
1 12
4 7 9 11 15
2 4 8
2 11 16
2 21 28
2 10 12
1 14
4 8 12 16 19
5 13 21 25 28 30
2 10 12
2 7 14
3 16 18 22
3 16 19 22
4 7 11 15 21
3 12 17 18
4 4 8 14 16
2 10 21
3 17 20 23
6 3 7 11 25 29 30
2 13 14
3 8 9 14
1 13
1 9
3 9 13 15
2 14 16
1 9
2 4 13
3 19 23 26
3 11 16 22
2 10 12
7 6 8 11 16 19 20 23
3 4 5 6
2 4 15
4 5 6 11 15
2 9 17
2 12 19
1 4
1 9
3 21 22 28
1 17
2 8 19
4 9 13 14 15
4 7 9 11 15
4 4 6 11 14
2 6 17
3 13 14 15
5 7 11 22 30 31
1 4
5 12 18 19 22 24
4 9 14 17 20
1 17
3 11 16 20
2 10 12
2 9 21
1 9
3 4 8 14
2 16 20
2 12 14
1 14
2 14 17
2 21 28
1 17
2 3 8
2 8 14
3 3 7 8
2 8 14
4 3 7 11 16
3 16 22 30
2 8 16
6 7 9 11 15 16 20
4 9 10 19 20
5 19 23 25 26 30
3 11 20 21
3 3 7 14
4 8 11 16 22
3 9 16 20
3 11 16 22
1 17
4 12 17 19 23
2 14 16
3 7 11 16
8 4 6 11 13 25 26 27 29
3 11 21 29
3 11 15 21
2 16 22
1 17
5 3 5 8 14 16
5 10 12 14 19 23
3 13 18 22
2 9 15
4 6 11 16 20
2 9 15
3 4 5 6
3 4 9 15
4 4 5 6 15
3 19 24 27
1 14
3 7 10 11
1 16
3 7 10 12
6 4 5 6 17 20 23
5 3 4 5 7 13
2 4 18
6 7 11 15 17 20 23
1 7
1 9
4 11 16 22 29
3 8 16 19
2 8 14
3 8 15 18
2 9 13
5 4 13 14 15 17
2 16 20
1 9
1 6
3 12 15 19
5 2 3 8 19 23
3 13 15 21
5 7 11 16 17 22
4 6 11 25 29
2 16 20
2 10 12
3 8 16 20
2 10 17
4 10 12 13 15
3 9 10 15
3 6 10 11
1 9
5 8 13 14 15 16
3 9 14 17
2 13 15
2 4 6
7 6 9 15 17 20 23 26
3 4 5 6
4 7 12 17 23
2 8 14
2 9 15
1 4
4 7 11 25 29
3 4 13 17
2 6 9
3 11 16 20
5 8 11 14 16 22
2 12 14
1 13
1 13
1 7
3 9 17 20
2 7 17
3 10 11 29
3 9 12 15
4 3 5 8 16
7 3 7 10 11 19 20 23
3 9 14 15
4 9 11 15 16
2 9 15
4 9 10 12 15
1 13
1 9
5 8 19 23 25 26
2 14 17
2 8 19
5 17 23 25 26 30
3 10 17 23
2 4 13
3 9 16 20
3 9 14 15
3 4 5 6
5 7 11 22 25 30
2 7 11
4 4 12 13 15
4 3 7 11 16
2 4 8
2 11 21
2 14 20
2 9 20
3 6 11 16
4 11 13 15 16
2 13 15
4 3 5 7 12
2 9 15
6 4 6 11 12 18 22
2 12 15
2 6 7
3 12 14 15
1 12
1 8
2 8 16
2 21 28
2 16 20
3 8 14 19
3 9 16 20
6 7 11 17 22 30 31
2 14 17
2 11 21
2 16 22
2 12 14
5 4 7 9 13 15
6 4 7 11 25 29 30
2 6 11
6 16 22 25 26 27 30
4 21 25 28 30
3 11 16 22
4 3 4 5 6
3 18 22 24
3 20 21 28
2 6 15
3 9 15 20
2 16 20
8 8 9 12 16 18 19 20 22
2 3 7
4 8 16 19 20
2 12 18
2 9 13
2 7 9
2 7 17
3 11 21 29
2 9 17
1 17
4 8 10 12 17
3 9 14 17
5 10 12 18 19 24
3 7 11 12
2 9 13
2 7 15
5 11 15 16 22 29
4 8 9 16 20
4 8 12 14 17
3 8 17 19
3 3 7 12
3 4 9 20
7 6 11 13 15 22 25 30
2 7 14
7 3 5 6 8 11 16 22
5 6 11 13 15 21
8 8 14 16 17 23 24 26 27
2 4 13
4 4 9 13 15
4 3 7 8 14
1 10
3 17 20 23
2 8 16
5 10 11 18 22 29
4 3 4 5 7
4 11 16 25 29
2 7 11
2 9 15
3 13 15 16
3 10 11 17
1 14
1 8
2 14 17
3 6 12 15
3 19 20 23
5 2 3 4 5 13
2 12 15
2 3 7
4 2 3 8 19
2 4 14
2 12 18
5 7 10 12 14 15
4 2 3 4 5
6 9 15 18 24 26 27
5 10 21 25 26 28
6 3 5 6 7 11 16
7 9 16 20 22 25 29 30
1 16
5 8 10 19 21 28
1 13
2 11 16
1 14
4 7 9 11 15
3 18 19 24
1 17
4 8 19 23 26
2 8 16
4 8 14 16 19
2 7 17
2 4 13
2 10 18
1 13
3 9 15 20
4 7 10 11 12
3 11 15 22
4 4 16 18 20
2 3 8
1 9
3 7 12 14
4 16 17 20 23
2 11 22
2 11 21
2 8 14
2 9 20
4 8 17 20 23
5 8 16 19 24 27
7 4 9 14 15 16 18 24
3 4 5 13
5 3 5 6 7 16
2 8 14
1 6
7 7 11 18 22 25 29 30
2 7 11
3 10 18 22
1 16
4 17 23 26 27
5 24 25 26 27 30
4 7 10 11 21
4 11 13 15 22
1 15
3 10 12 18
4 12 13 15 17
2 3 7
5 9 13 15 17 23
4 7 11 14 16
8 3 7 8 11 19 25 26 29
1 4
4 3 4 5 7
1 14
5 14 20 23 26 27
1 20
7 11 16 22 23 25 26 29
5 20 23 24 26 27
5 4 5 6 8 16
4 9 16 20 21
7 19 20 23 24 25 26 27
1 4
1 14
3 6 11 22
5 17 23 24 26 27
3 9 11 15
3 9 15 21
5 12 15 17 19 23
1 4
3 4 6 13
4 4 5 9 15
6 16 19 20 23 24 27
1 13
2 8 16
3 9 13 15
6 16 20 23 25 26 28
4 16 17 20 23
4 21 25 28 30
3 8 16 21
2 9 15
1 14
3 12 19 23
3 14 16 22
2 4 14
5 11 23 25 26 29
3 7 11 16
3 4 7 13
2 13 21
3 8 14 18
4 21 25 28 30
1 9
7 3 4 5 6 8 13 14
4 16 17 20 23
3 6 11 14
2 14 20
2 11 15
3 9 14 20
4 2 3 4 7
5 3 5 8 14 16
3 7 11 17
3 6 11 15
2 9 10
1 14
4 10 11 12 16
5 6 9 10 12 15
9 10 12 17 21 22 23 25 26 30
3 6 10 11
2 9 16
4 4 6 10 11
2 4 15
4 3 4 5 13
5 16 20 23 25 26
7 16 18 19 22 23 24 26
4 11 15 16 22
3 13 14 15
1 15
1 7
4 16 22 25 30
6 4 18 23 24 26 27
2 10 11
3 10 12 17
2 15 18
4 9 14 16 20
2 8 18
3 11 15 16
4 3 4 5 18
6 6 12 14 16 18 22
6 4 7 13 17 20 23
6 8 14 17 23 26 27
7 11 13 16 17 20 23 29
4 4 5 6 13
2 4 6
4 7 8 11 16
3 11 15 16
1 14
2 9 15
5 3 5 6 7 15
4 11 16 22 29
3 12 15 19
1 14
2 12 17
3 8 12 14
3 9 16 20
4 8 16 19 24
1 14
4 9 16 20 21
5 18 22 24 26 27
2 7 17
4 4 5 6 13
5 13 15 17 19 23
5 6 11 25 26 29
4 12 16 19 22
3 9 20 21
5 3 7 8 18 22
2 9 20
5 4 5 6 11 16
2 10 14
2 11 29
3 25 29 30
3 10 16 19
7 6 11 13 15 22 25 30
5 18 22 25 26 30
2 9 13
4 10 17 19 23
4 9 10 12 16
4 9 10 13 21
4 15 18 24 27
2 13 21
7 16 18 19 20 22 23 24
4 16 19 20 23
1 17
1 10
3 7 8 14
4 10 21 25 28
3 11 14 16
3 9 14 16
4 4 9 13 15
2 13 15
3 17 19 23
2 9 13
2 8 14
2 14 17
3 8 10 18
3 7 11 22
2 12 14
5 20 23 24 26 27
5 18 24 25 26 27
3 8 14 19
1 6
2 9 15
4 9 11 16 22
11 4 5 6 11 13 15 20 23 25 26 29
2 10 15
2 4 6
6 9 15 18 24 26 27
3 8 11 16
3 9 12 15
3 9 17 20
1 12
5 20 23 25 26 30
6 10 12 17 19 20 23
1 18
2 9 20
2 4 6
3 9 20 21
2 9 21
3 17 19 23
5 8 14 20 23 26
6 8 16 18 19 22 24
1 17
4 9 10 12 15
1 7
2 12 15
1 10
7 11 16 20 22 25 28 30
3 16 22 30
6 16 19 21 22 23 28
2 16 20
4 4 5 13 15
2 16 20
4 14 16 18 22
6 3 7 11 21 25 28
4 13 14 16 22
2 10 11
3 9 12 18
4 11 16 20 29
6 11 22 25 29 30 31
7 9 11 15 18 20 21 22
1 20
1 21
4 8 18 24 27
3 4 13 15
3 4 13 21
4 14 16 17 23
2 9 10
2 12 14
1 17
2 9 15
2 8 16
3 9 15 18
3 8 16 19
5 3 4 5 7 14
4 10 11 12 15
1 20
2 8 14
2 7 12
1 21
2 8 14
2 5 6
2 8 14
4 8 10 19 21
2 9 10
2 7 14
3 7 11 22
2 10 18
6 4 5 6 9 13 15
3 7 11 15
2 8 14
3 13 14 15
3 16 18 22
6 19 21 23 25 26 28
6 3 5 6 8 11 15
2 8 14
3 6 7 11
3 13 21 28
3 7 11 22
3 13 22 30
7 4 11 16 25 29 30 31
2 16 22
3 14 15 18
4 19 23 25 26
1 10
3 2 3 7
1 17
3 6 11 21
1 17
4 8 19 20 23
4 21 25 28 29
2 8 16
6 8 14 16 18 22 24
6 2 3 4 5 9 16
4 12 18 21 22
4 9 11 15 29
5 18 22 24 25 30
6 6 11 22 25 29 30
4 9 13 15 20
7 9 12 14 16 18 20 24
2 14 16
2 8 14
3 11 22 29
5 11 22 25 28 29
1 9
6 11 18 22 24 25 29
2 14 15
1 14
2 4 13
3 8 9 14
1 8
3 6 11 15
2 14 17
4 9 13 14 15
2 7 17
1 17
1 14
2 9 20
2 15 18
6 4 7 11 13 22 30
2 4 14
3 4 13 21
3 3 7 12
2 9 16
2 9 15
2 3 8
4 3 7 8 19
2 10 21
3 13 14 15
4 3 4 7 13
3 18 22 24
3 6 11 15
1 6
2 9 13
4 8 16 19 20
3 10 18 22
4 3 7 8 14
1 14
4 9 13 15 17
3 10 12 21
1 14
1 17
1 15
3 13 14 15
3 9 13 15
3 9 17 22
4 3 7 11 15
3 13 14 17
2 8 14
2 8 14
3 11 16 22
4 4 5 6 11
5 12 16 17 20 23
4 22 25 28 30
4 4 5 6 14
4 15 18 24 27
3 5 6 17
5 24 25 26 27 29
1 17
7 16 17 18 20 22 23 24
2 16 22
1 17
4 12 17 19 23
4 13 14 16 22
8 4 13 15 18 23 24 26 27
2 9 15
2 7 11
6 17 18 23 24 26 27
3 4 6 13
2 21 28
4 4 5 6 11
5 9 10 12 16 17
2 14 17
5 12 16 18 19 22
2 9 20
5 8 13 14 16 22
1 13
2 4 13
1 12
1 17
4 8 14 20 23
2 16 22
4 12 17 19 23
7 6 12 14 16 18 20 22
3 13 16 22
1 12
4 7 11 14 29
1 14
6 3 4 5 7 11 22
3 16 22 24
5 11 21 25 26 28
2 22 30
4 4 13 15 20
4 8 9 16 20
3 9 12 17
3 16 20 22
5 15 18 22 25 30
4 13 14 15 16
2 18 22
4 11 13 15 16
2 14 17
4 4 10 13 15
2 6 15
2 20 21
4 2 3 7 11
3 4 5 15
4 10 11 22 30
3 12 15 17
3 3 8 18
3 8 18 24
3 6 11 16
4 16 18 22 24
3 9 20 23
4 6 11 13 15
1 17
2 8 16
4 1 2 3 7
3 4 6 17
2 17 23
1 14
3 9 16 20
1 13
8 11 16 18 22 24 25 29 30
2 9 15
3 9 13 20
2 14 15
2 8 14
6 8 16 19 20 22 23
1 17
4 8 17 19 23
4 7 8 12 14
1 9
4 8 11 15 16
2 4 13
4 9 17 20 23
2 13 14
3 16 19 20
2 16 22
3 6 11 21
2 9 17
3 20 23 26
7 6 11 16 17 20 23 26
5 17 23 25 26 30
3 10 19 23
2 20 21
4 9 13 15 17
2 4 6
3 12 18 22
2 8 14
6 3 7 8 11 13 15
3 13 15 17
1 6
4 10 16 19 22
4 18 22 24 27
2 16 22
1 4
6 11 18 22 24 27 29
2 15 16
4 10 12 14 18
2 13 15
6 3 5 7 11 25 29
1 8
2 12 14
2 13 21
1 6
3 7 8 14
4 12 17 19 23
1 4
3 9 15 16
10 8 9 12 14 15 19 21 25 28 30
1 14
6 9 12 15 19 20 23
2 11 22
5 9 15 16 20 22
2 9 20
3 15 18 22
3 10 19 23
4 20 21 25 28
2 9 17
3 9 16 20
3 10 12 14
2 14 15
9 8 11 12 14 18 19 22 24 27
6 2 3 7 10 11 19
3 9 13 15
3 17 20 23
4 6 11 18 22
4 9 11 16 20
4 11 16 24 29
1 15
3 9 17 23
2 16 22
4 18 22 24 27
1 14
4 8 12 18 19
2 10 11
5 9 13 15 16 22
3 11 16 20
3 4 13 15
2 14 17
8 4 5 17 18 23 24 26 27
3 2 3 7
3 7 9 13
2 9 14
2 4 16
3 4 5 6
4 13 15 18 24
3 7 14 17
2 13 20
5 17 23 24 26 27
4 14 17 23 26
4 11 14 15 16
4 2 3 4 5
4 8 16 18 22
7 11 16 22 25 29 30 31
4 4 5 6 15
1 17
1 20
3 9 15 16
2 13 15
1 14
2 6 16
1 14
3 13 15 16
4 17 23 26 27
2 10 15
4 7 17 19 23
3 10 19 23
2 8 14
3 9 16 20
3 17 20 23
2 10 12
4 11 21 22 28
2 9 20
3 8 14 18
3 9 14 16
5 12 18 19 22 24
4 3 4 5 7
4 10 11 18 22
2 10 12
3 16 18 22
3 13 14 15
3 14 16 17
3 9 15 16
4 6 11 13 22
2 7 9
4 9 11 16 20
2 16 21
4 5 6 17 23
4 9 13 14 15
3 10 12 18
2 7 10
3 4 9 20
5 9 17 19 20 23
4 4 10 13 15
3 3 8 17
3 22 25 30
3 4 6 17
4 4 8 13 19
1 8
3 6 11 29
4 4 6 8 14
4 8 14 16 17
2 4 13
3 11 14 16
2 4 13
1 10
3 7 13 14
3 12 18 22
4 7 11 17 23
1 9
4 6 7 11 15
7 10 15 19 23 24 26 27
1 18
1 14
2 8 14
5 8 14 16 19 24
5 11 21 25 28 29
4 3 4 5 13
6 1 2 3 7 12 18
1 8
2 8 16
4 7 11 18 22
2 6 15
2 13 17
3 11 16 21
5 5 6 11 16 20
3 17 20 23
3 3 5 6
2 15 16
1 13
2 8 19
3 7 9 15
2 8 16
3 7 9 17
3 6 11 14
2 9 15
5 17 23 25 26 28
4 3 7 8 14
3 9 20 21
2 14 17
3 4 18 22
3 2 3 8
3 12 14 19
5 13 17 18 22 23
3 21 22 28
2 8 16
4 3 5 8 16
2 8 14
4 3 7 8 19
4 21 25 26 28
3 8 16 17
3 11 16 29
1 13
4 6 9 11 15
3 8 12 14
1 17
6 19 20 21 23 25 28
2 12 15
3 9 13 21
3 9 10 21
3 3 5 6
1 4
1 17
3 16 21 22
1 14
4 4 11 13 22
2 8 14
2 11 15
2 3 7
4 11 13 15 22
4 13 15 18 22
3 9 14 20
3 9 15 20
5 20 23 25 26 29
1 13
3 22 30 31
3 14 16 20
3 9 16 20
1 14
2 10 21
4 3 7 8 16
3 8 16 17
6 4 13 21 25 26 28
2 7 17
7 12 17 23 25 26 30 31
2 6 17
10 9 15 16 18 20 22 23 24 26 27
2 17 23
1 4
1 17
3 11 15 21
1 13
4 11 15 16 22
1 14
2 7 11
1 11
6 3 4 5 13 20 21
1 14
3 12 19 24
3 6 10 11
1 10
6 12 16 18 19 23 24
4 3 5 6 7
2 16 20
4 9 11 15 22
3 21 25 28
1 17
2 14 20
3 8 14 19
4 1 2 3 7
2 17 23
7 11 14 16 21 25 28 29
2 3 7
1 14
2 8 16
5 6 7 8 11 14
3 6 13 15
2 9 14
5 10 12 17 20 23
1 14
3 7 11 16
2 14 16
3 17 20 23
2 12 14
2 16 22
5 3 7 9 12 15
1 14
2 9 15
1 7
2 10 19
5 12 14 19 20 23
4 11 14 15 16
1 6
3 19 20 23
4 4 6 13 14
6 17 19 23 24 26 27
4 11 16 20 21
3 6 11 16
5 7 11 18 22 24
3 4 9 20
3 9 11 15
2 14 17
4 11 16 22 29
3 6 11 15
4 4 5 6 11
5 19 23 24 26 27
4 18 22 30 31
6 12 14 17 18 21 22
3 7 11 21
2 10 12
3 17 19 23
2 4 6
5 10 11 13 18 22
3 11 21 22
2 9 14
5 3 6 7 8 15
1 6
2 9 20
3 21 25 28
4 4 6 13 17
4 8 9 14 15
3 4 8 19
2 3 7
4 11 16 18 22
1 4
3 7 14 17
3 20 23 26
7 3 5 6 7 15 16 22
4 14 20 23 26
4 4 5 6 13
3 7 11 22
3 14 15 16
1 21
1 9
1 14
3 8 14 18
2 8 14
2 22 30
2 9 15
5 14 16 17 19 23
3 6 13 15
3 3 7 8
6 8 10 13 15 16 19
5 8 16 19 20 23
4 9 10 12 15
5 4 6 7 11 15
6 8 14 19 23 26 27
2 21 22
3 3 4 5
3 12 14 17
3 9 15 18
2 7 14
1 13
3 7 11 12
5 6 11 16 18 22
9 13 15 16 20 22 23 25 26 30
2 7 14
6 8 19 23 25 26 28
3 4 13 15
4 7 17 19 23
6 6 10 11 12 15 17
9 7 10 11 15 16 17 19 20 23
2 8 16
2 12 15
1 16
3 3 5 6
2 21 22
3 4 9 13
2 8 14
2 4 14
2 14 16
2 4 13
2 8 14
3 3 7 12
2 11 15
1 10
2 9 13
2 7 10
1 17
4 10 18 21 24
2 8 16
4 6 14 15 17
1 17
2 13 17
3 8 14 16
2 8 16
4 7 11 17 23
5 8 11 16 25 29
1 8
3 8 16 20
5 4 10 13 19 21
4 11 21 22 28
3 6 15 17
5 12 14 17 19 23
3 18 24 27
4 4 6 8 16
5 11 25 29 30 31
1 12
6 10 18 23 24 26 27
3 17 19 23
2 13 15
3 8 11 16
3 3 5 7
4 10 19 24 27
3 4 13 15
5 8 14 17 19 23
4 6 10 11 12
4 3 7 11 22
3 7 11 21
2 9 20
3 8 16 22
5 8 9 11 15 16
3 7 9 11
4 9 12 15 19
1 14
4 16 18 22 24
3 10 13 21
1 7
1 8
3 11 15 16
3 9 12 15
3 9 14 17
4 8 17 19 23
3 10 13 21
1 12
4 3 5 8 14
2 8 14
1 13
2 4 20
2 8 14
2 12 13
2 9 15
5 11 21 25 28 29
4 6 17 19 23
2 8 14
5 2 3 4 5 13
5 4 13 15 16 20
3 7 11 22
4 3 7 8 16
5 4 5 6 11 22
1 14
3 8 16 20
1 10
1 17
2 9 14
2 20 21
1 12
2 14 20
7 18 22 24 25 26 27 28
3 2 3 7
2 4 20
2 10 12
3 21 25 28
2 9 15
4 10 11 14 16
5 18 22 24 26 27
4 8 19 23 26
2 18 22
2 9 13
4 16 18 22 24
4 18 24 26 27
4 17 20 21 23
3 2 3 8
2 10 12
2 10 19
2 9 15
2 14 16
3 9 16 24
4 10 12 13 21
3 8 14 17
3 9 14 20
2 12 18
5 2 3 5 6 11
1 7
4 3 4 6 8
1 20
2 9 15
6 11 16 21 25 28 29
6 4 5 6 7 9 11
3 4 13 14
5 11 18 22 24 27
5 22 23 25 26 30
1 13
3 4 6 17
5 8 11 16 19 22
1 9
3 13 15 18
4 6 7 11 15
6 9 18 19 20 23 24
2 6 14
2 8 19
3 9 16 20
4 9 17 20 23
5 4 13 17 20 23
2 20 21
6 3 4 5 8 13 16
1 7
3 10 13 21
3 8 16 22
1 10
4 10 11 12 29
3 9 20 21
3 8 16 19
4 10 12 21 28
8 8 9 12 14 15 19 21 28
1 14
2 13 15
3 4 6 14
2 9 17
4 6 9 15 20
4 4 6 7 11
3 9 21 28
3 7 11 15
1 20
3 14 16 20
3 7 9 20
1 9
4 4 5 6 13
2 16 19
1 15
4 3 5 6 7
3 6 7 11
1 14
4 6 11 16 21
3 11 13 21
3 14 16 20
1 21
3 5 6 17
2 7 17
5 11 16 25 26 29
2 7 11
3 17 20 23
4 11 15 16 22
1 9
2 13 14
3 4 13 20
3 9 16 20
2 16 19
1 8
3 10 18 19
6 7 11 22 25 28 30
1 14
2 8 14
1 17
4 8 14 16 24
3 15 16 20
2 11 16
2 17 23
4 5 6 7 11
5 2 3 7 11 29
2 11 16
5 3 4 5 6 7
1 17
3 8 16 20
7 11 16 20 25 26 27 29
5 21 25 26 27 28
2 9 20
5 8 14 16 18 24
7 8 11 19 23 25 26 29
1 13
3 8 14 19
2 4 6
4 2 3 7 17
1 17
6 10 12 21 25 28 29
6 4 7 11 25 26 29
4 4 6 8 11
4 9 13 15 20
1 14
4 15 16 18 22
4 9 15 17 18
5 5 6 11 16 22
5 5 6 11 18 22
3 3 7 17
3 7 11 16
4 6 8 16 19
4 12 18 19 24
4 10 19 20 23
2 12 17
1 8
2 17 23
3 8 10 15
1 13
4 2 3 4 8
2 9 21
5 7 9 14 16 20
5 7 11 12 22 30
4 2 3 8 19
2 9 16
7 11 21 22 25 26 28 30
3 14 20 23
2 14 17
5 21 22 25 28 30
7 10 12 18 19 23 24 26
2 13 22
4 3 7 8 11
4 12 17 20 23
1 9
1 17
3 4 12 13
3 12 13 17
1 14
5 3 7 8 11 14
4 12 17 19 23
2 12 14
3 6 12 17
2 10 12
4 19 23 26 27
4 17 23 25 26
1 14
3 14 16 20
4 3 5 6 8
3 12 14 17
3 6 11 15
3 6 11 16
2 8 14
3 16 20 24
7 8 9 10 11 16 19 22
3 10 19 23
7 9 20 21 23 25 26 28
4 3 5 6 7
1 14
3 22 30 31
3 12 13 15
3 10 18 22
4 4 5 6 15
4 9 10 14 15
5 8 9 19 20 23
5 11 16 18 20 22
6 11 24 25 26 27 29
2 11 22
4 11 21 28 29
1 17
1 14
3 14 15 18
4 3 7 8 19
3 11 21 22
5 2 3 7 11 15
3 9 12 15
5 16 22 24 25 30
4 5 6 11 16
2 16 22
5 11 25 29 30 31
3 17 20 23
6 13 21 22 25 28 30
2 9 20
3 9 20 21
8 7 11 17 18 22 25 29 30
5 9 11 15 20 21
3 7 12 15
2 9 17
3 9 17 20
2 4 13
2 6 11
3 8 15 18
2 12 18
4 9 16 20 22
2 9 15
2 8 19
3 7 11 21
9 8 16 18 20 22 23 24 26 27
3 9 16 20
1 22
4 9 10 16 20
6 14 17 23 24 26 27
2 4 13
3 16 18 24
2 6 17
2 21 22
2 21 28
4 8 9 16 20
5 6 11 13 15 16
3 13 14 15
1 7
2 6 11
2 11 22
4 4 6 13 15
7 13 17 18 22 23 25 26
4 9 19 20 23
2 7 14
3 12 16 19
3 9 20 23
3 8 14 16
3 6 11 22
3 9 14 15
1 9
3 7 11 16
2 10 21
3 8 14 17
2 7 14
3 8 12 19
5 10 11 25 28 29
3 14 17 23
2 12 17
3 9 16 20
1 14
9 4 9 14 15 16 18 22 24 30
1 14
3 7 11 17
3 14 17 23
5 9 20 23 25 26
3 12 14 16
3 9 16 20
4 7 8 12 14
3 8 12 14
3 7 11 16
3 6 11 29
1 17
5 6 17 23 25 26
4 10 13 15 21
5 11 22 25 29 30
2 8 19
4 11 15 20 21
3 4 6 11
7 8 12 14 17 19 23 26
4 4 12 13 15
3 8 16 20
5 13 17 23 25 26
1 14
3 12 14 18
4 8 14 16 20
3 2 3 7
4 12 13 14 17
6 16 17 23 24 26 27
5 8 11 14 15 16
2 8 14
1 13
2 10 12
3 10 11 16
4 12 16 18 24
5 9 14 17 20 23
1 14
5 1 2 3 7 11
3 13 15 18
4 11 13 16 21
5 2 3 7 11 21
3 4 5 13
3 7 11 15
3 8 12 14
3 8 14 15
2 14 17
2 4 13
3 11 16 22
2 9 15
5 4 5 11 13 15
2 13 15
4 16 22 25 30
3 8 14 20
4 6 11 16 20
6 6 9 15 16 20 23
1 15
4 6 11 25 29
3 6 13 15
3 6 10 15
1 12
3 4 5 6
2 10 19
4 11 14 16 21
3 8 11 16
1 7
2 16 17
6 8 14 16 17 20 23
3 11 18 22
8 4 9 13 20 21 25 26 28
4 13 15 18 22
4 6 10 11 12
2 13 15
3 2 3 5
3 16 20 22
1 14
4 9 15 16 22
9 3 4 5 7 8 13 14 17 19
3 10 18 24
4 15 16 18 22
2 9 20
4 4 6 11 16
1 9
1 20
3 4 13 15
5 3 7 8 18 22
3 4 13 22
4 8 10 14 19
4 4 5 6 13
1 9
4 9 19 20 23
5 4 5 6 13 15
2 7 17
2 21 28
3 13 14 15
2 10 14
1 9
5 3 5 6 13 15
3 11 16 22
3 7 11 22
5 2 3 4 5 13
3 7 9 15
4 4 6 7 11
4 4 6 13 17
1 8
3 9 14 22
1 9
3 7 11 29
6 2 3 5 6 11 22
3 4 5 6
3 21 25 28
3 9 16 20
7 11 17 22 23 25 26 29
3 9 15 21
3 3 5 8
2 20 23
3 14 16 20
2 13 15
3 6 11 22
2 11 22
3 15 16 22
3 9 16 20
7 7 9 11 25 29 30 31
2 12 19
2 9 17
4 8 10 16 19
6 16 20 22 23 26 27
3 16 20 22
5 11 22 25 29 30
3 11 21 22
5 4 13 17 20 23
4 14 17 19 23
2 4 13
2 4 13
4 12 13 18 22
1 12
6 4 5 6 16 18 24
5 4 6 9 13 15
2 9 15
3 9 15 18
2 13 14
3 4 6 13
5 11 16 21 22 28
2 12 17
3 9 15 16
2 9 17
2 4 7
3 11 14 16
4 3 5 6 8
2 8 17
1 14
3 4 13 15
3 4 13 17
3 4 9 20
3 4 13 15
6 12 14 16 18 19 22
2 7 9
3 4 18 22
3 14 16 22
7 8 16 19 23 25 26 28
4 9 15 16 20
3 7 10 21
2 7 17
5 3 4 5 8 19
2 7 11
3 17 20 23
3 6 7 11
4 4 9 13 15
2 8 14
1 17
4 7 11 13 15
3 9 15 20
2 14 16
4 11 15 18 22
4 8 18 19 24
4 2 3 4 5
4 13 15 18 22
5 11 23 25 26 29
4 11 22 30 31
4 11 16 21 28
3 8 19 24
3 13 20 21
2 13 14
2 17 23
4 16 19 20 23
2 5 6
1 10
3 10 11 12
7 8 19 23 25 26 30 31
2 12 17
1 7
1 18
6 1 2 3 5 6 11
1 17
1 7
3 8 15 16
7 11 16 21 22 25 28 30
4 7 9 11 15
2 8 14
1 9
4 10 21 25 28
1 7
2 10 21
3 4 20 21
6 11 16 18 22 24 29
9 11 21 22 24 25 26 27 28 30
1 15
6 3 7 10 11 25 29
3 8 14 16
5 11 16 21 25 28
2 8 17
2 13 15
3 8 14 16
3 8 13 14
3 11 16 29
3 4 13 18
2 7 17
4 10 12 18 24
6 11 16 25 26 27 29
2 12 15
3 11 16 22
5 14 16 22 25 30
3 4 5 13
4 7 17 23 26
7 4 5 6 11 13 15 22
1 8
4 19 23 25 26
4 9 20 23 26
3 10 12 17
4 2 3 5 6
1 10
4 4 11 15 16
2 12 14
3 9 16 20
3 6 10 11
2 9 14
1 21
2 9 21
3 6 7 11
5 4 5 6 11 22
1 12
3 3 4 5
4 8 17 19 23
2 8 16
3 7 10 11
5 19 20 23 24 27
5 11 13 21 25 29
5 11 14 16 25 29
4 11 22 30 31
5 16 22 24 30 31
4 3 7 11 16
2 6 7
2 13 15
2 6 11
1 16
3 11 14 16
4 24 25 26 27
5 2 3 7 8 14
2 22 30
4 3 5 8 14
2 12 14
6 8 14 16 17 20 23
3 3 7 9
3 6 13 15
2 8 14
3 17 19 23
5 8 9 12 15 19
1 17
2 3 8
3 9 18 22
3 6 9 15
4 11 12 14 16
2 16 20
4 10 19 20 23
2 12 15
6 9 10 11 19 20 23
3 3 4 5
2 13 15
6 13 15 18 22 25 30
3 4 6 11
6 8 11 13 15 16 22
3 11 22 29
2 14 16
2 3 7
3 9 20 23
5 3 5 6 7 11
2 12 14
1 8
2 14 17
2 6 11
4 9 15 16 20
3 15 18 24
2 16 22
5 1 2 3 5 6
5 15 16 22 30 31
9 4 5 6 11 13 17 22 25 30
6 6 11 16 20 23 26
3 13 14 15
4 11 18 21 22
7 8 16 19 23 25 26 29
1 7
6 20 23 25 26 30 31
2 8 19
4 4 5 13 17
1 14
8 3 4 5 8 15 17 19 23
1 6
3 9 14 20
1 7
10 3 6 8 9 11 15 17 19 20 23
4 2 3 8 16
3 8 12 14
10 4 11 13 15 21 22 25 28 30 31
2 9 15
4 3 8 10 19
3 12 14 16
4 3 7 8 14
5 8 10 16 19 21
4 11 12 14 15
5 13 21 25 28 29
4 20 23 26 27
2 10 21
4 11 16 22 30
3 20 21 23
2 4 14
4 10 12 14 17
5 19 23 25 26 28
2 13 15
3 6 7 11
6 14 16 22 25 29 30
3 11 16 20
9 11 13 16 17 20 23 25 29 30
4 4 5 6 13
2 12 18
3 7 11 16
2 16 22
3 4 13 15
6 4 5 6 11 13 15
7 3 4 5 8 13 14 15
5 3 8 10 12 19
5 4 16 19 20 23
3 8 10 16
5 4 5 6 7 11
1 12
3 16 19 22
1 9
3 15 18 22
5 4 8 19 23 26
2 16 20
2 16 22
3 6 14 17
2 8 19
6 2 3 7 11 14 16
5 13 15 18 24 27
6 7 11 25 29 30 31
1 20
2 16 22
3 14 16 22
4 2 3 8 14
3 14 16 20
3 19 20 23
1 9
3 14 16 22
4 11 13 15 22
2 8 14
7 11 16 21 22 25 28 29
2 18 22
5 11 16 18 22 24
2 9 20
1 4
2 7 17
4 13 21 25 28
3 4 13 15
4 11 16 22 29
1 14
1 9
4 4 6 13 15
4 8 18 22 30
3 6 11 17
6 21 24 25 26 27 28
3 12 15 18
3 17 19 23
4 5 6 12 15
3 3 4 7
3 4 8 14
3 8 14 19
3 4 6 10
6 3 4 5 7 11 13
3 9 20 21
2 8 16
7 12 17 18 23 24 26 27
3 4 5 15
2 13 15
2 8 9
2 12 15
2 4 20
2 12 19
2 10 17
4 8 14 16 20
3 16 20 23
1 9
2 8 19
3 3 5 6
1 7
4 3 4 5 13
4 3 5 6 7
2 16 20
2 8 16
4 13 15 18 22
3 6 11 16
1 8
1 17
3 4 5 6
3 7 11 21
2 16 22
7 3 7 11 18 22 24 27
6 3 7 8 11 15 19
3 4 13 15
8 11 13 15 16 21 25 28 29
5 15 18 24 26 27
3 9 20 21
6 4 6 9 13 15 17
2 6 15
3 23 26 27
4 2 3 8 16
3 4 12 13
1 6
2 8 14
4 9 17 20 23
3 8 16 20
1 9
4 10 21 22 30
2 4 20
3 2 3 7
3 8 16 19
3 6 13 14
4 13 15 16 22
3 1 2 3
3 9 12 15
2 13 22
6 4 6 9 13 15 20
4 2 3 4 5
3 12 13 15
3 9 15 18
3 1 2 3
3 8 14 17
2 18 22
2 7 14
4 16 17 20 23
3 11 21 22
3 9 16 20
2 7 12
1 8
5 18 19 20 23 24
3 7 9 11
2 8 16
3 17 20 23
4 8 10 19 23
1 13
2 8 19
2 16 20
4 6 11 18 22
1 15
3 18 19 24
4 11 16 20 22
1 20
1 17
4 9 21 25 28
5 19 23 25 26 28
3 9 13 15
5 9 15 16 20 23
5 3 7 8 11 15
1 17
7 10 18 20 23 24 26 27
1 9
1 12
3 9 14 20
2 10 15
3 9 10 15
2 12 19
2 8 19
8 4 6 11 21 22 25 28 30
3 7 11 16
3 11 16 22
3 3 7 8
3 10 12 15
1 7
3 19 20 23
2 8 16
3 8 16 22
5 11 16 18 22 24
3 10 11 22
5 9 16 18 22 24
1 17
6 11 16 21 25 28 29
2 18 22
6 4 6 11 16 18 22
2 14 16
5 8 16 17 19 23
4 11 18 21 22
4 4 13 21 28
3 11 18 22
1 10
6 18 22 24 25 26 27
5 4 5 6 11 15
1 14
7 3 7 11 21 25 28 29
3 8 9 17
4 8 18 19 24
3 8 16 19
2 12 14
5 9 14 15 16 20
7 10 11 16 17 19 25 29
4 10 17 19 23
5 12 17 19 24 27
6 3 8 16 22 30 31
2 7 11
3 11 15 21
5 7 13 15 22 30
3 9 14 15
3 18 19 24
3 4 6 16
3 18 22 30
4 10 18 19 24
4 24 25 26 27
1 14
4 14 17 20 23
3 12 13 15
5 4 5 9 13 15
2 9 21
5 16 19 20 23 24
2 15 16
5 16 24 25 26 27
3 19 20 23
4 9 10 11 16
4 6 11 14 15
3 8 14 16
4 4 7 13 15
6 8 14 16 17 19 23
4 3 5 6 7
5 7 9 11 15 17
3 9 20 21
3 6 11 16
1 14
2 3 7
3 9 20 23
4 11 13 15 22
3 13 15 16
1 14
3 8 14 16
1 10
10 16 18 20 22 23 24 26 27 30 31
6 3 5 6 11 15 16
4 4 6 13 14
3 9 20 23
4 14 17 20 23
3 4 14 16
1 21
2 9 20
2 16 20
4 7 13 14 15
6 11 18 22 24 26 27
2 10 18
4 9 15 16 20
2 9 20
2 4 13
3 3 5 6
3 16 20 23
5 9 15 17 20 23
3 12 19 23
1 1
4 9 19 20 23
5 8 11 16 21 28
4 6 14 16 20
4 2 3 7 12
2 14 17
3 4 8 13
6 8 13 16 17 19 23
2 8 16
5 11 22 25 29 30
3 4 6 15
4 3 7 8 16
3 11 14 16
4 6 7 11 12
4 2 3 4 5
4 4 9 13 15
1 17
1 15
2 32 33
2 34 35
2 36 37
1 38
1 39
2 40 42
1 41
1 43
2 44 45
2 46 49
1 47
1 48
1 50
1 51
2 32 33
3 34 40 42
1 35
3 36 37 43
1 38
1 39
1 41
3 44 45 47
1 46
1 48
1 49
1 50
1 51
1 32
3 33 34 42
1 35
3 36 37 43
2 38 51
1 39
1 40
1 41
2 44 47
1 45
1 46
1 48
1 49
1 50
4 32 33 42 48
2 34 40
1 35
1 36
1 37
1 38
2 39 51
1 41
1 43
2 44 47
1 45
2 46 49
1 50
2 32 42
1 33
2 34 40
1 35
4 36 37 38 49
2 39 43
1 41
2 44 47
1 45
1 46
1 48
1 50
1 51
2 32 48
4 33 42 44 47
2 34 40
1 35
3 36 37 43
1 38
1 39
1 41
1 45
1 46
1 49
1 50
1 51
1 32
1 33
1 34
1 35
3 36 37 38
1 39
2 40 42
1 41
1 43
1 44
3 45 46 47
3 48 49 50
1 51
2 32 40
1 33
2 34 42
1 35
2 36 37
1 38
1 39
1 41
1 43
1 44
1 45
1 46
1 47
1 48
1 49
1 50
1 51
1 32
1 33
3 34 40 42
2 35 43
2 36 37
1 38
1 39
1 41
2 44 48
1 45
1 46
1 47
2 49 51
1 50
1 32
1 33
2 34 35
1 36
1 37
1 38
4 39 40 42 43
1 41
4 44 47 49 50
1 45
1 46
1 48
1 51
3 32 49 50
1 33
4 34 35 42 51
3 36 37 38
3 39 43 48
1 40
3 41 44 47
1 45
1 46
1 32
1 33
3 34 35 43
1 36
2 37 38
1 39
1 40
1 41
1 42
2 44 47
1 45
1 46
1 48
1 49
1 50
1 51
3 32 48 50
5 33 34 35 38 42
3 36 37 40
2 39 51
1 41
1 43
2 44 47
1 45
1 46
1 49
1 32
2 33 48
2 34 42
1 35
2 36 37
1 38
1 39
2 40 43
1 41
2 44 47
1 45
1 46
1 49
1 50
1 51
1 32
2 33 51
2 34 42
1 35
3 36 37 38
1 39
1 40
1 41
1 43
2 44 47
1 45
1 46
1 48
1 49
1 50
3 43 49 50
2 44 47
1 43
2 32 33
3 34 35 43
2 33 51
4 34 35 42 49
2 34 40
2 49 50
2 32 33
2 35 40
3 35 37 38
3 32 33 34
2 34 40
1 35
2 32 49
4 35 36 37 38
1 51
1 42
2 44 47
1 49
3 44 45 47
2 32 33
3 35 37 38
1 43
2 34 42
3 44 45 46
2 32 40
3 44 47 49
2 49 50
2 35 51
2 35 38
3 40 42 43
2 35 43
2 43 50
3 34 40 42
2 40 43
1 47
1 35
2 32 33
1 32
2 35 39
2 35 39
4 34 35 38 40
3 32 33 49
2 35 43
2 34 40
1 48
1 51
3 35 49 50
2 32 48
1 32
3 34 35 40
1 43
2 44 45
3 44 45 47
4 34 35 43 45
2 34 35
2 35 51
2 49 51
2 32 33
4 34 40 43 48
2 44 45
1 44
2 32 33
1 42
1 34
1 49
2 35 51
2 35 39
1 45
2 43 48
1 43
2 43 48
1 51
2 34 35
2 40 43
2 35 51
1 51
2 34 40
4 40 41 44 47
1 34
4 34 35 37 38
1 51
1 45
2 40 42
3 40 44 45
1 48
2 35 39
2 44 45
3 43 49 50
1 40
1 49
1 51
2 36 43
3 48 49 50
3 34 35 49
1 51
5 32 33 43 48 49
1 43
1 48
4 34 35 40 42
2 34 42
1 32
2 44 47
5 34 35 36 37 38
2 49 50
2 48 49
1 51
2 44 47
4 35 36 37 43
3 32 35 38
4 35 36 37 38
2 44 45
5 34 35 37 40 43
2 40 41
1 43
2 34 40
5 35 37 38 44 47
3 34 35 38
3 48 49 50
1 40
4 44 45 46 47
1 51
3 34 35 39
1 32
1 51
2 49 50
1 48
1 42
2 40 43
1 49
2 48 49
2 43 48
3 34 35 42
5 34 35 36 37 38
1 43
1 35
5 34 35 40 44 45
1 36
3 32 49 50
2 44 47
3 33 43 48
5 34 35 40 41 43
1 48
1 43
1 32
2 40 41
2 33 35
2 35 39
1 51
1 42
2 34 40
3 34 35 42
5 34 35 36 37 42
2 35 39
3 35 36 37
1 51
2 34 42
2 32 33
2 49 50
2 32 33
4 32 33 34 35
2 49 51
1 35
1 35
4 33 34 35 42
3 44 45 47
1 32
4 42 44 47 49
1 35
1 42
1 48
4 34 40 42 43
1 48
3 44 45 47
2 34 42
1 51
3 45 46 51
5 34 40 42 44 47
5 34 35 40 43 48
1 42
1 43
2 35 37
1 32
2 49 50
1 48
2 49 50
1 43
1 49
2 49 50
1 43
1 51
1 48
4 34 40 41 42
1 43
1 51
2 36 37
2 35 40
2 40 42
6 35 36 37 43 48 49
2 49 50
4 44 45 46 47
5 34 35 40 41 43
1 49
2 48 49
2 49 51
1 48
2 33 35
1 33
4 34 35 37 40
1 49
2 43 48
1 45
4 34 35 38 40
2 35 39
3 35 37 38
2 35 39
2 44 47
3 44 45 47
2 32 48
1 44
4 35 43 49 50
2 34 35
1 40
3 32 33 42
1 40
1 34
1 49
4 34 42 44 47
1 48
3 33 34 42
1 43
5 34 35 40 41 42
3 34 40 42
4 34 35 40 43
1 48
4 34 35 40 42
3 32 33 51
2 32 33
3 34 35 42
1 49
2 44 47
3 40 41 42
2 34 35
1 42
2 35 43
1 35
1 48
2 35 40
3 32 33 48
2 34 42
5 40 41 44 45 46
2 34 35
1 33
1 43
3 42 44 47
2 49 51
2 34 40
1 51
5 34 35 36 37 38
1 42
4 35 36 37 51
2 48 50
1 34
2 35 39
1 48
2 35 38
1 36
3 35 40 41
2 35 39
1 49
1 49
1 49
1 44
3 32 33 51
2 34 40
2 49 50
2 49 50
2 49 50
1 48
4 32 43 49 50
2 44 45
1 51
1 49
1 45
5 34 35 36 37 40
2 44 47
2 40 42
2 44 47
2 35 39
2 49 50
1 51
1 51
4 32 34 40 48
3 40 41 43
1 51
1 43
2 35 39
2 32 33
2 34 42
2 43 48
3 34 35 37
1 35
2 34 42
2 34 35
2 32 33
3 48 49 50
1 36
1 48
3 48 49 50
3 43 49 51
2 44 45
4 34 40 42 44
2 34 42
2 44 45
1 35
3 33 34 40
2 35 38
3 49 50 51
3 35 43 47
1 49
1 43
2 32 33
3 34 40 42
1 49
1 51
2 49 50
1 43
1 33
1 40
2 32 47
1 32
2 32 48
4 34 40 41 42
5 34 36 37 40 43
2 35 38
3 40 41 43
1 51
1 51
4 34 35 36 37
2 44 45
2 49 51
2 34 35
1 43
2 34 35
3 34 40 43
1 51
2 44 45
3 32 33 49
1 51
2 43 48
1 43
3 48 49 50
3 40 44 47
1 49
2 32 33
2 32 48
2 40 43
2 32 49
3 48 49 51
1 35
1 42
2 49 50
3 34 35 38
1 45
3 44 47 48
2 49 50
2 32 33
2 44 47
2 34 40
4 32 33 42 48
2 32 49
5 34 35 37 38 40
1 45
1 49
2 36 51
1 51
1 43
4 40 41 44 47
2 35 39
2 44 47
1 47
2 40 43
3 32 34 48
1 32
2 32 33
1 40
3 44 45 47
1 51
1 42
1 48
5 35 36 37 38 40
1 48
1 51
3 34 35 39
2 43 49
1 47
1 43
2 48 49
2 34 35
4 43 48 49 50
2 48 49
1 45
3 32 33 48
1 48
1 49
5 34 35 37 38 40
2 32 33
2 34 35
1 35
1 35
3 32 33 48
2 49 50
2 35 51
1 43
2 32 33
1 47
4 40 43 44 47
2 40 41
7 34 35 36 37 38 40 43
1 32
2 34 42
4 32 33 35 40
4 34 42 48 49
1 51
3 32 33 47
1 43
1 43
3 44 45 47
3 32 48 49
2 44 45
1 48
2 32 33
1 35
2 34 42
3 35 43 48
1 49
1 51
1 48
1 49
1 43
1 36
3 42 44 47
1 43
1 51
1 49
3 34 40 42
2 40 43
3 34 35 40
1 43
4 34 35 37 38
1 32
1 44
5 34 35 37 38 40
3 32 33 43
2 34 42
2 49 50
4 43 49 50 51
2 48 49
1 32
1 49
1 35
1 43
1 35
1 51
2 32 33
2 43 50
1 35
1 33
1 48
2 49 50
2 34 35
2 44 47
4 35 40 41 51
1 33
1 34
3 34 36 40
1 50
1 43
2 44 47
2 49 51
1 51
3 35 39 43
2 48 49
1 51
2 49 51
2 35 39
3 35 44 45
3 34 35 40
2 35 49
2 44 47
3 34 42 51
1 43
1 35
1 35
3 44 45 47
1 42
1 45
1 35
3 33 34 42
1 40
2 34 35
1 51
1 51
1 48
3 32 33 51
2 43 50
2 32 42
3 34 35 42
1 43
1 48
1 51
4 35 39 43 49
3 42 44 47
2 48 50
2 34 42
2 32 33
2 34 42
1 51
2 35 39
1 44
1 36
1 36
2 49 50
2 35 38
3 43 49 50
1 43
3 35 36 37
3 35 36 37
2 36 37
1 35
1 48
1 48
2 44 47
2 34 40
1 43
1 32
3 48 49 50
2 42 48
2 43 48
2 35 43
2 34 42
1 47
3 42 44 45
2 43 50
1 48
1 35
1 43
5 34 35 40 42 43
1 49
3 48 49 50
2 44 47
2 43 48
1 33
2 35 36
1 51
3 42 44 47
1 42
2 35 49
1 34
2 43 48
3 49 50 51
2 49 50
3 34 35 42
5 35 36 37 38 40
3 34 35 42
1 32
1 48
4 32 33 40 42
3 34 35 42
6 34 40 42 43 44 47
1 35
2 35 42
1 49
1 48
4 35 36 37 38
2 44 47
3 35 37 38
2 49 51
1 35
4 34 42 44 47
2 49 50
2 49 51
4 34 40 44 47
2 32 48
3 34 40 41
3 44 45 46
2 49 50
1 47
1 43
2 43 48
3 48 49 50
2 32 33
2 32 48
1 34
3 35 36 37
2 34 42
2 44 47
2 32 49
1 44
2 40 43
2 44 45
1 43
1 32
1 33
1 32
1 51
4 32 33 48 49
1 33
2 44 45
5 34 35 42 48 49
2 34 35
3 43 49 50
1 45
3 32 44 47
3 45 46 51
2 34 42
5 34 35 40 41 42
1 49
4 34 40 41 42
1 34
2 34 42
2 35 38
4 34 35 40 43
4 40 43 44 47
3 42 49 50
6 34 35 36 37 38 40
2 35 38
2 34 40
2 49 50
1 35
3 34 40 42
2 40 42
1 45
1 49
1 49
1 49
2 44 45
3 35 36 37
1 47
1 49
3 34 40 43
2 42 49
2 35 40
2 40 43
1 49
1 48
1 35
2 35 43
5 34 35 39 40 44
3 34 40 43
1 47
3 34 35 42
5 40 41 48 49 50
1 49
1 32
3 35 39 43
1 34
2 35 51
2 48 50
1 48
1 51
3 36 37 43
3 40 41 43
3 40 41 42
2 49 50
5 32 33 35 40 41
4 34 35 37 42
1 33
3 32 33 51
1 43
1 36
2 35 40
1 48
3 43 48 49
2 44 47
3 35 36 37
1 48
2 35 39
1 48
2 34 42
1 47
1 35
1 48
1 49
1 42
6 34 35 40 43 49 50
2 34 42
1 49
3 40 43 50
1 42
1 48
2 34 40
2 49 51
2 32 33
2 34 40
3 48 49 50
3 44 45 47
1 48
1 49
1 40
3 32 33 51
4 34 35 38 40
4 40 41 44 47
1 44
2 44 45
1 49
1 47
3 35 36 37
2 34 40
3 34 35 40
2 34 42
1 32
3 34 35 39
5 35 36 37 43 51
3 34 35 40
3 36 37 40
1 35
3 35 36 40
2 32 33
1 49
1 42
2 40 41
2 34 35
2 32 33
1 45
1 43
1 49
1 48
2 34 35
3 35 36 37
2 49 51
1 35
4 32 33 35 43
3 32 33 43
3 35 36 37
5 34 42 43 49 50
3 35 37 38
2 34 42
4 34 40 42 43
1 35
1 33
1 49
5 34 35 39 40 41
1 35
5 34 35 40 49 50
1 34
1 35
2 34 42
2 43 48
4 43 49 50 51
1 32
4 34 40 44 45
1 51
3 32 33 42
2 49 50
2 32 33
1 43
2 48 51
1 48
1 48
1 48
2 32 33
1 49
4 34 42 44 47
1 51
1 48
2 34 35
1 51
2 43 48
2 43 50
2 44 47
1 34
1 32
1 40
2 49 50
1 40
3 44 45 47
3 34 40 42
1 40
3 44 47 49
3 44 47 51
2 36 37
1 32
2 35 49
1 35
2 40 43
1 48
3 44 45 47
4 32 33 44 45
2 36 42
1 32
1 32
1 32
3 32 48 51
4 33 34 40 42
4 36 37 38 42
4 44 45 46 47
2 35 37
2 32 33
2 34 42
2 44 47
3 48 49 51
1 51
2 44 47
2 43 48
3 42 44 45
1 48
1 51
2 44 47
2 49 51
2 34 40
5 32 33 48 49 50
1 33
1 48
3 34 35 42
5 35 36 37 44 45
1 48
2 48 49
2 32 33
1 33
1 44
3 34 35 39
3 34 40 43
5 35 37 38 40 41
1 32
1 48
1 48
3 32 33 48
1 44
1 51
2 43 48
3 36 37 48
2 42 44
3 35 36 37
3 40 44 47
1 33
1 51
3 40 41 43
1 42
1 48
3 35 39 42
3 42 44 47
1 49
1 43
4 34 42 44 45
1 48
2 35 37
2 34 40
1 51
2 32 33
2 35 37
1 51
2 43 48
1 48
2 49 51
1 51
3 36 37 42
1 43
3 43 49 50
1 47
1 48
1 51
3 32 35 39
2 44 47
1 51
1 49
2 32 33
4 34 35 42 49
1 35
3 34 35 40
2 44 47
2 34 40
4 34 35 39 42
5 34 42 44 45 46
1 48
2 49 50
1 51
1 40
2 33 47
3 33 34 40
2 49 50
1 48
2 32 49
3 34 42 48
2 35 39
2 34 40
1 40
2 34 42
1 43
2 32 33
5 34 35 37 38 42
1 42
1 44
2 49 51
3 32 35 37
1 40
1 43
1 51
3 34 35 42
2 43 48
3 34 35 37
1 40
3 43 49 50
1 36
1 33
2 32 48
1 51
4 32 33 35 43
3 34 35 42
2 32 49
1 43
4 44 45 46 47
1 35
3 35 39 43
2 44 45
1 51
2 49 50
2 44 49
1 35
1 42
1 50
1 32
3 43 48 51
2 34 42
3 44 45 47
2 44 45
1 47
2 34 40
1 35
2 48 50
2 36 37
3 34 40 44
1 36
3 32 33 43
1 48
2 48 50
1 40
2 44 47
2 44 47
1 45
1 35
3 35 38 40
1 43
3 34 40 41
4 40 44 45 46
3 35 40 41
1 51
1 51
1 35
3 32 43 48
1 48
3 34 35 42
1 43
3 34 35 40
2 47 48
2 49 50
4 34 42 44 45
1 51
1 47
3 34 40 42
2 36 37
1 48
2 34 40
2 32 33
1 51
1 50
2 49 50
3 35 37 38
3 34 35 37
2 32 33
3 34 35 38
2 49 50
1 43
1 34
5 34 42 44 45 46
1 32
2 35 36
3 40 42 49
2 32 33
1 33
1 51
2 49 51
2 35 37
1 49
1 40
1 44
1 49
1 49
2 48 50
2 40 43
1 45
1 40
1 42
3 44 45 49
2 34 42
2 34 40
3 36 49 50
1 32
1 48
2 32 33
2 49 50
2 32 33
1 34
4 35 43 49 50
1 48
3 43 48 49
3 36 37 38
3 34 40 42
3 34 35 42
1 32
1 47
2 44 47
3 34 35 42
3 40 41 43
1 48
3 32 33 48
1 51
1 44
1 40
2 49 50
1 49
2 45 46
6 34 35 36 37 38 40
2 49 51
1 48
4 40 44 47 49
5 34 35 39 40 42
1 34
1 35
2 49 51
2 32 49
2 43 48
2 35 43
2 44 45
1 43
4 34 42 48 49
1 51
1 49
2 35 38
3 42 44 45
8 32 33 44 45 46 47 48 49
1 51
2 35 39
2 44 47
2 49 51
2 44 47
2 49 50
1 42
2 48 51
3 34 35 40
1 49
1 45
2 32 33
2 34 35
2 45 51
1 51
1 49
1 43
4 34 40 41 42
1 49
2 49 50
1 35
1 42
4 34 35 39 42
1 51
4 32 33 43 48
2 49 51
4 32 33 42 48
2 34 40
1 43
3 36 37 51
3 34 40 43
2 32 33
1 48
2 32 49
2 32 33
1 49
1 40
1 43
2 35 39
1 48
2 42 49
3 44 45 47
5 43 44 45 49 50
4 35 37 38 49
2 44 47
3 34 35 40
3 40 44 45
2 32 33
2 43 48
1 35
2 44 47
1 49
2 44 47
2 35 37
3 48 49 50
1 50
3 44 45 47
4 32 33 42 49
3 34 35 40
1 32
1 45
2 49 50
5 34 35 40 41 42
2 35 45
3 44 47 49
1 32
2 34 42
3 33 44 47
2 48 49
1 43
2 42 44
2 44 45
3 35 38 49
1 42
1 43
1 40
1 47
2 34 40
2 34 40
1 40
1 34
1 49
1 42
1 49
2 34 35
1 35
4 34 36 40 42
1 51
2 40 42
1 49
1 51
2 35 37
5 35 36 37 38 39
2 35 39
1 47
3 33 34 35
1 43
4 34 35 43 50
2 32 33
3 48 49 50
3 43 49 50
3 34 35 40
6 40 41 43 49 50 51
2 32 33
2 40 43
1 42
3 35 36 37
2 35 37
1 34
1 43
1 49
2 49 50
2 45 46
1 48
1 32
2 35 43
3 48 49 50
1 48
3 48 49 51
4 34 35 40 41
1 42
2 32 33
1 51
3 32 33 43
1 48
4 42 44 45 47
3 48 49 50
4 35 36 37 38
2 34 35
1 49
5 40 41 43 49 50
2 44 47
1 34
2 49 50
1 40
1 35
1 35
2 34 40
2 36 37
3 34 42 49
1 35
2 32 33
1 42
3 34 40 41
2 40 41
1 32
2 45 46
3 35 38 43
2 44 47
3 32 44 47
1 34
3 32 33 51
1 49
1 34
2 34 40
2 35 47
2 44 47
3 32 40 41
2 49 50
1 43
3 32 35 38
1 44
1 34
1 51
2 49 51
2 32 33
1 32
2 34 42
4 34 35 45 46
1 42
2 32 33
1 40
1 42
2 34 35
1 48
3 40 42 43
3 34 35 42
4 34 35 43 48
3 32 33 44
1 48
1 49
2 48 49
1 51
1 48
1 42
2 44 45
1 49
1 49
7 34 35 37 40 44 45 51
1 48
1 48
3 34 40 42
1 45
3 34 35 37
2 43 51
4 32 33 47 49
1 32
3 34 40 42
3 35 37 38
1 44
2 35 38
3 34 44 47
2 45 46
1 40
1 51
4 34 40 41 42
4 34 35 40 42
1 51
4 32 33 42 51
2 49 50
3 32 33 42
1 49
1 48
2 32 33
1 51
3 34 40 43
2 43 48
3 44 47 49
2 32 33
1 49
3 34 42 49
1 43
1 49
2 49 50
2 43 48
2 44 47
3 44 45 47
2 49 50
1 48
2 44 47
1 47
5 34 35 37 44 47
1 48
4 34 35 40 43
1 47
3 44 45 46
1 40
4 43 49 50 51
1 51
1 48
2 34 40
3 35 36 39
3 48 49 50
1 32
2 32 49
1 51
2 34 35
1 36
1 51
2 44 47
1 32
3 48 49 50
1 44
1 47
1 35
1 43
2 36 51
4 35 37 49 50
1 48
1 49
5 35 36 37 38 39
1 33
2 40 41
4 34 40 44 45
1 49
1 35
1 51
2 45 46
3 35 37 39
2 49 51
2 35 40
1 48
2 49 50
1 44
3 44 47 49
2 32 33
2 34 42
1 49
1 42
1 49
2 34 42
1 32
3 32 33 43
4 40 41 44 47
1 48
1 49
1 47
3 44 47 49
3 40 41 42
1 35
1 32
3 34 35 40
1 42
1 49
1 48
2 34 42
2 44 47
1 44
1 48
3 34 42 47
2 34 42
2 32 33
1 49
2 49 51
1 51
1 48
3 34 35 42
2 35 38
6 35 36 37 38 49 50
1 43
1 49
2 32 33
4 40 42 43 51
2 49 50
1 51
3 35 38 43
2 43 48
1 43
4 35 36 37 38
1 34
2 35 38
4 32 48 49 50
3 32 34 42
3 34 40 42
1 49
1 51
2 43 48
1 48
3 34 40 42
2 48 49
2 43 51
2 44 45
2 36 37
3 35 37 38
2 34 42
3 43 49 50
1 35
1 35
1 42
1 49
3 34 40 42
1 35
1 43
2 35 43
2 36 40
1 49
2 32 33
3 35 38 43
2 34 42
2 43 48
1 49
1 33
5 44 45 46 47 49
1 45
2 44 47
2 35 38
1 45
3 32 48 51
2 44 47
2 49 51
2 32 33
2 48 49
1 49
4 35 37 38 42
3 34 40 48
2 34 42
5 34 35 36 37 40
1 35
2 34 40
3 40 41 42
1 32
2 35 39
3 35 36 37
2 34 40
1 51
1 51
1 51
1 42
3 32 44 47
4 40 43 48 49
2 34 42
2 48 51
2 44 45
2 44 47
2 43 48
1 42
1 32
3 34 35 40
2 44 47
3 42 44 45
1 43
1 40
2 40 43
3 49 50 51
2 32 33
1 40
4 34 35 40 41
1 42
1 47
1 48
1 47
1 43
2 44 45
1 43
1 49
3 35 36 37
2 45 46
2 40 41
1 43
3 42 44 47
1 35
5 32 34 42 48 49
2 44 45
1 51
2 48 49
1 51
4 43 48 49 50
5 34 35 42 49 50
2 44 45
1 48
2 36 37
1 51
2 34 35
1 42
2 42 44
3 36 37 38
1 48
1 43
3 35 37 38
4 44 45 46 47
2 49 50
1 33
1 32
3 49 50 51
1 48
2 44 47
1 35
2 32 48
2 32 33
2 35 37
2 35 38
1 48
2 32 48
1 48
2 34 40
1 48
2 44 45
1 49
2 34 35
2 35 37
3 34 35 40
2 48 49
2 35 39
1 49
1 44
1 40
3 44 45 47
1 49
1 49
1 48
1 32
1 51
2 35 40
1 48
2 32 33
1 32
2 33 51
1 51
1 43
1 49
2 35 51
2 43 48
3 34 35 42
3 42 43 48
1 42
2 32 33
3 34 35 43
2 44 45
1 32
2 34 35
2 32 33
1 36
1 49
1 40
1 35
1 42
1 47
2 49 50
1 49
1 49
3 35 37 49
1 33
2 35 39
1 50
2 44 45
1 34
1 48
1 51
2 44 47
3 34 35 42
1 49
2 49 51
2 48 50
1 48
2 35 40
4 32 33 34 35
2 35 37
1 45
1 40
1 43
2 43 50
1 48
3 32 48 51
1 48
5 40 41 43 49 50
2 40 42
2 34 42
1 32
2 35 51
1 36
3 44 45 47
1 45
5 34 35 42 48 50
2 43 50
3 48 49 50
1 51
1 48
2 34 40
1 43
2 45 46
1 44
3 44 45 47
3 32 43 48
4 32 33 49 50
3 36 37 38
2 45 46
1 43
1 35
1 43
1 50
2 35 37
1 47
1 48
1 43
2 44 45
3 34 40 42
4 42 44 45 46
3 32 33 51
2 40 43
3 34 35 42
2 45 46
1 43
4 36 37 38 49
1 51
2 49 50
2 49 50
1 49
1 48
2 49 50
2 34 40
5 34 35 40 42 51
2 49 51
3 35 44 45
3 32 33 43
2 34 35
3 43 49 50
2 43 48
1 50
1 51
3 43 49 50
2 49 50
3 44 47 48
1 32
2 34 35
1 35
2 48 49
2 34 40
1 36
1 51
1 40
1 49
2 44 47
2 49 50
1 49
1 51
1 43
1 43
3 35 39 51
2 32 33
1 48
3 34 40 41
2 49 51
1 48
1 42
1 43
1 33
1 47
2 43 48
5 32 33 34 40 42
1 51
2 32 33
1 51
2 35 39
3 34 35 42
2 36 40
7 35 37 38 43 49 50 51
4 34 35 40 43
2 34 42
3 42 44 45
3 43 48 49
2 32 33
1 35
5 32 40 41 43 48
2 45 46
1 45
1 49
4 34 35 37 40
2 36 43
2 48 50
1 32
2 32 33
2 40 41
1 33
1 35
2 44 45
1 51
2 40 43
2 34 42
2 34 40
1 49
1 33
1 43
1 49
1 43
1 48
2 44 45
1 48
1 49
1 49
1 36
2 34 35
4 34 35 40 41
1 34
2 44 47
2 32 33
1 51
1 48
2 49 50
1 51
1 48
1 49
1 42
2 44 47
2 42 44
2 44 47
1 48
1 43
3 43 49 50
1 35
3 32 33 49
1 40
4 34 35 42 43
2 36 37
3 32 34 42
4 34 40 41 42
3 48 49 50
1 51
2 34 42
2 34 35
2 49 50
3 32 49 50
2 32 33
3 34 40 42
2 34 42
3 32 49 51
2 44 45
2 49 50
1 42
1 47
2 34 35
2 35 37
4 32 48 49 50
3 44 45 51
2 35 39
1 47
4 34 35 36 37
1 33
2 35 43
1 35
3 36 49 50
1 32
4 34 35 39 42
1 32
1 48
1 32
3 43 48 49
1 49
1 45
2 48 49
5 34 35 40 41 43
1 43
1 51
1 42
1 42
3 33 35 43
3 34 42 44
1 48
2 34 40
2 43 48
1 42
2 40 42
1 49
1 33
1 33
1 35
1 48
3 35 36 37
3 40 43 48
1 49
3 32 35 39
2 44 47
3 34 35 42
4 32 33 40 41
2 40 43
1 35
2 44 45
2 43 48
5 34 35 39 40 42
2 35 40
2 32 33
1 48
5 35 36 37 43 51
4 32 48 49 50
4 35 37 38 40
2 34 35
2 35 39
4 32 33 34 35
1 45
3 44 45 51
1 48
2 32 33
2 43 48
4 35 36 37 38
2 34 42
1 43
1 43
1 49
2 32 33
2 43 49
1 43
3 48 49 50
2 45 46
1 51
1 44
2 44 45
5 34 40 43 49 51
3 36 37 51
1 51
1 35
1 51
1 51
2 35 39
2 32 33
1 32
3 42 44 47
2 34 42
2 44 47
1 48
1 51
2 34 35
1 40
1 51
2 49 50
3 44 45 51
3 44 45 47
3 36 37 51
2 34 40
4 35 36 37 43
5 34 42 48 49 50
1 48
1 32
2 35 43
2 34 42
2 45 46
1 49
1 51
1 35
2 48 49
1 43
2 34 40
2 44 45
4 34 35 42 51
2 43 49
3 34 35 51
1 42
1 47
4 40 43 49 50
2 49 50
2 35 40
2 32 33
3 34 35 40
3 36 37 51
1 51
4 34 40 41 42
2 34 35
1 51
2 49 50
1 48
3 42 44 45
2 42 48
1 35
2 49 50
1 51
1 43
1 49
2 49 50
1 40
3 44 47 49
1 47
4 34 35 37 42
4 34 40 42 48
1 36
2 34 35
3 34 40 42
2 35 49
2 49 50
1 42
5 34 35 37 48 49
1 48
2 34 40
3 34 35 42
3 40 44 47
1 49
1 49
7 55 57 58 59 60 64 79
1 65
1 66
2 67 80
1 68
3 69 75 76
3 70 71 72
2 56 73
3 74 77 78
1 81
1 82
1 52
1 53
1 54
2 61 62
1 63
5 55 57 58 60 64
2 65 66
1 67
3 68 70 71
1 69
1 72
3 56 59 73
2 74 78
1 75
1 76
1 77
3 63 79 80
1 81
1 82
2 52 53
3 54 61 62
5 57 59 60 63 64
5 55 58 65 66 70
1 67
1 68
1 69
1 71
1 72
2 56 73
4 74 75 76 77
1 78
3 61 62 79
1 80
2 81 82
1 52
1 53
1 54
4 56 57 59 64
3 58 65 66
2 67 70
1 68
1 69
1 71
4 55 72 74 78
2 73 79
2 75 76
1 77
1 80
1 81
1 82
2 52 61
1 53
1 54
3 60 62 63
4 56 57 59 64
3 58 65 66
1 67
3 68 74 78
3 55 69 80
1 70
2 71 73
1 72
2 75 76
1 77
2 79 82
1 81
2 52 53
1 54
1 60
2 61 62
1 63
8 57 59 60 64 74 75 77 78
3 58 65 66
1 67
1 68
1 69
2 55 70
1 71
1 72
4 56 73 79 82
1 76
1 80
1 81
1 52
1 53
1 54
2 61 62
1 63
5 56 57 59 64 73
2 65 66
2 53 67
1 68
1 69
1 70
4 71 72 75 77
1 74
1 76
3 55 58 78
2 79 80
2 81 82
1 52
1 54
1 60
2 61 62
1 63
5 55 57 59 60 64
2 58 65
3 56 66 73
2 67 79
1 68
3 69 74 78
1 70
1 71
3 61 62 72
3 75 76 77
1 80
1 81
1 82
2 52 53
1 54
1 63
4 56 57 59 64
3 58 65 66
2 53 67
1 68
1 69
2 70 82
1 71
1 72
1 73
2 74 78
1 75
1 76
1 77
1 79
2 55 80
1 81
1 52
1 54
1 60
1 61
1 62
1 63
9 55 56 57 58 59 60 64 73 82
2 65 66
1 67
1 68
1 69
1 70
1 71
1 72
3 74 78 79
2 75 77
1 76
1 80
1 81
2 52 53
1 54
2 61 62
1 63
2 57 64
2 65 66
1 67
2 53 68
2 56 69
1 70
1 71
5 60 61 62 63 72
4 55 58 73 82
2 74 78
2 75 76
1 77
1 79
1 80
1 81
1 52
2 54 59
4 56 57 59 64
3 53 65 66
1 67
1 68
1 69
1 70
1 71
1 72
3 55 73 78
2 74 77
2 75 76
1 79
2 80 82
1 81
1 52
1 54
1 58
1 60
2 61 62
1 63
7 56 57 59 60 64 73 82
2 53 65
2 58 66
1 67
1 68
1 69
1 70
1 71
1 72
2 74 77
3 75 76 79
2 55 78
1 80
1 81
1 52
1 54
1 61
1 62
1 63
5 55 56 57 59 64
3 58 65 66
1 67
1 68
2 53 69
1 70
5 60 61 62 63 71
2 72 79
2 73 82
1 74
3 75 76 77
1 78
1 80
1 81
1 52
1 54
5 57 58 59 60 64
3 55 65 66
1 67
1 68
3 69 75 76
2 70 74
1 71
1 72
3 56 73 82
1 77
1 78
1 79
1 80
1 81
1 52
1 53
1 54
2 61 62
1 63
4 56 57 59 64
1 52
2 70 71
2 56 73
1 57
3 53 79 80
1 75
2 55 80
7 57 58 60 61 62 67 69
1 56
1 55
1 75
1 61
3 58 60 62
1 74
2 67 69
1 55
2 56 59
5 55 57 67 68 78
1 57
2 55 78
3 55 58 79
2 52 70
5 55 74 77 78 79
5 57 59 60 62 64
1 82
5 57 67 69 75 76
2 58 60
2 65 67
3 57 67 69
3 57 64 67
1 56
2 58 66
1 57
4 57 65 66 67
3 55 79 82
2 56 75
1 79
6 52 58 60 63 74 77
1 67
2 79 80
4 57 64 75 76
5 56 73 79 80 81
3 55 58 66
3 70 71 72
2 55 78
2 74 78
2 57 70
4 55 70 71 79
3 55 58 66
1 82
2 53 82
5 52 59 60 61 62
2 79 80
3 75 76 77
1 82
2 57 78
2 75 76
3 55 57 70
3 74 75 77
3 74 75 77
4 75 76 79 80
3 55 80 81
6 55 56 59 60 63 78
3 61 62 76
5 56 58 59 60 78
3 70 71 72
3 56 67 69
5 57 65 66 67 78
2 57 70
2 57 64
2 57 70
10 55 60 61 62 74 75 77 78 79 80
1 53
2 74 78
3 55 74 78
1 57
3 56 57 67
2 75 76
3 57 65 67
2 58 66
4 56 73 79 80
2 61 62
1 52
2 75 77
3 74 75 77
5 55 56 73 79 80
5 55 56 74 77 78
1 57
4 58 60 61 62
1 82
1 82
1 65
1 53
5 61 74 75 76 77
4 55 70 80 81
5 55 70 71 72 79
3 57 65 67
2 55 57
2 58 60
2 75 76
5 56 59 60 63 73
1 82
2 57 70
1 73
3 55 56 79
4 55 56 73 78
2 55 79
4 55 57 75 76
6 58 60 65 66 67 68
3 53 75 77
4 52 54 74 77
5 57 67 69 75 77
3 56 73 82
2 79 80
1 82
5 60 61 62 63 70
4 58 59 60 64
1 57
1 76
4 76 79 80 81
7 55 58 66 74 75 77 78
3 55 57 80
1 53
4 57 70 71 72
3 57 67 68
3 75 76 77
1 56
3 58 65 66
3 55 56 79
3 55 75 80
1 82
3 57 65 66
3 55 79 80
4 57 67 68 70
5 55 79 80 81 82
1 57
1 52
5 57 58 59 60 64
3 57 59 64
2 74 77
1 67
2 74 77
1 57
2 52 54
2 55 80
5 55 56 59 60 78
2 80 81
2 56 73
5 55 57 70 73 79
1 61
4 55 57 78 80
1 67
2 65 66
1 56
5 55 57 65 66 67
7 56 57 59 60 61 62 64
2 57 64
2 57 67
1 82
3 55 74 78
2 61 62
2 56 73
2 61 62
7 55 58 65 66 79 80 81
1 76
7 55 57 74 77 78 79 80
4 57 67 74 78
1 57
2 55 79
1 74
3 58 65 66
4 75 77 79 80
1 56
2 58 66
2 55 78
1 82
1 58
4 56 58 60 78
2 56 82
1 52
3 55 58 78
3 55 79 80
2 56 73
1 80
2 57 70
2 67 69
1 56
2 79 80
2 75 76
1 55
2 70 71
1 53
2 75 76
1 73
1 57
2 67 69
2 57 67
3 55 79 82
1 54
2 74 77
2 75 76
4 53 55 58 80
1 78
2 65 66
2 75 77
4 56 59 73 82
3 79 80 81
2 75 76
2 56 73
4 55 56 58 78
2 52 54
1 57
3 57 67 69
4 55 79 80 81
2 59 60
1 65
3 57 79 80
2 57 67
4 67 69 75 76
2 79 80
3 57 67 70
1 57
3 55 79 82
4 56 57 59 64
1 82
2 56 73
2 53 61
3 52 53 57
5 57 67 70 71 72
3 58 60 79
5 55 57 70 79 80
2 57 67
4 55 58 59 60
2 58 61
3 56 59 60
2 55 58
1 82
1 57
4 55 57 80 81
4 52 55 57 78
1 54
4 55 56 79 80
2 55 61
6 55 57 58 59 64 70
4 56 58 59 60
1 56
4 55 56 78 79
2 74 78
1 53
3 56 59 64
4 58 60 61 62
1 57
1 82
4 74 75 77 78
1 57
2 57 70
7 56 57 59 64 70 71 72
2 73 82
2 80 81
4 60 61 62 76
1 73
1 57
2 55 80
3 79 80 81
3 57 67 69
2 65 66
4 79 80 81 82
1 56
3 57 70 71
4 56 57 65 67
3 57 67 80
1 76
1 75
1 82
4 57 70 79 80
2 67 68
1 75
1 57
1 74
1 70
1 82
3 57 75 76
4 58 65 66 67
5 56 57 59 64 73
5 55 58 60 62 80
1 61
6 52 55 75 77 80 82
1 82
3 58 74 78
1 65
6 55 57 58 65 66 70
5 55 56 59 79 82
7 56 57 59 60 61 62 64
2 55 79
5 55 58 60 63 78
3 56 73 78
3 53 55 80
3 57 64 67
5 59 60 61 62 64
5 60 61 62 75 76
2 53 74
4 55 56 73 82
1 76
1 80
1 82
5 57 70 74 75 77
3 57 70 80
2 75 76
4 57 70 75 76
1 73
3 55 74 78
3 74 75 77
2 67 82
3 53 75 76
2 55 56
2 57 70
2 52 57
2 57 70
8 55 56 57 59 64 70 71 80
4 59 60 61 62
3 55 56 58
1 52
3 57 80 81
3 70 71 72
3 52 54 74
1 82
3 58 65 66
4 55 58 74 78
2 55 58
5 55 61 62 74 78
5 55 58 65 66 80
2 57 70
1 82
6 55 56 57 59 64 70
1 54
5 56 59 60 61 62
1 73
1 70
1 82
1 53
1 53
2 55 79
2 53 54
1 52
1 57
4 55 56 58 73
1 53
4 55 57 67 69
1 52
5 58 60 65 66 82
2 67 68
1 54
1 56
1 56
2 57 67
2 57 67
1 56
1 76
1 52
2 52 53
2 57 67
2 56 57
1 76
2 57 67
1 82
5 57 74 75 77 78
1 57
2 57 67
2 56 73
2 56 59
2 75 77
3 57 74 78
3 74 79 80
1 57
2 57 75
1 70
6 57 67 68 70 71 72
1 70
4 55 58 60 79
2 75 76
3 55 74 78
4 74 75 77 78
4 55 58 65 66
2 57 75
1 56
2 61 62
1 57
5 59 60 61 62 64
3 75 76 77
4 57 67 69 70
3 55 78 80
2 55 58
1 56
1 57
1 57
1 82
2 57 67
3 58 65 66
1 56
1 55
4 56 59 64 73
4 55 56 58 73
1 82
4 55 58 73 79
3 55 79 80
4 55 74 77 78
1 82
1 52
8 57 58 59 60 64 65 66 70
5 55 57 79 80 81
3 57 74 78
2 73 82
1 74
5 55 56 73 80 82
1 82
1 52
1 56
4 55 79 80 81
2 75 76
4 56 59 73 82
2 56 73
6 55 58 65 66 67 69
1 82
1 80
3 58 65 66
2 75 77
4 55 57 58 64
1 82
7 57 59 60 62 64 67 68
2 53 65
1 57
1 75
10 55 56 59 60 61 62 67 68 78 80
2 79 82
4 55 79 80 81
3 55 74 78
4 56 58 59 60
1 52
3 55 80 81
5 60 61 62 63 82
1 55
3 57 75 76
1 55
1 67
6 55 57 58 65 66 70
3 55 79 80
2 56 59
5 57 58 59 60 64
4 57 67 75 76
4 74 75 76 77
1 56
2 57 70
1 82
2 53 54
1 67
2 79 80
4 55 57 67 79
1 82
2 74 82
2 56 73
2 56 73
4 55 56 58 78
5 57 67 68 75 77
5 55 57 78 80 81
1 55
2 60 63
1 82
1 56
1 55
2 56 73
1 78
2 57 67
5 57 65 70 71 72
3 53 67 68
2 67 69
2 53 57
2 52 54
1 55
2 56 73
2 57 70
2 57 70
3 55 58 80
2 57 70
1 58
3 55 58 80
2 55 57
2 67 69
1 53
4 56 73 74 78
1 55
4 57 70 75 76
4 57 67 68 70
2 57 58
2 75 76
1 79
2 76 80
1 56
2 57 64
2 53 80
8 55 56 58 59 60 74 77 78
2 52 53
2 57 67
1 82
2 56 59
3 55 79 80
1 82
3 57 59 64
3 56 57 70
3 57 79 80
7 55 58 60 62 79 80 82
5 56 57 59 64 75
5 56 57 59 64 73
1 53
1 58
3 55 74 78
1 67
1 55
4 55 57 70 80
3 53 67 69
2 56 73
2 74 78
2 55 56
2 79 80
1 53
2 52 58
5 56 57 59 60 64
1 61
1 82
3 75 76 77
2 56 58
2 75 76
1 52
4 53 58 65 66
2 75 76
1 82
1 61
4 52 54 74 78
4 56 59 60 63
4 55 79 80 82
1 76
2 55 79
3 57 61 70
3 55 57 58
1 57
3 65 75 76
3 55 73 79
3 56 57 70
2 53 54
3 57 67 68
1 82
2 75 76
1 82
3 58 59 60
1 55
2 56 59
1 76
1 52
3 55 56 78
5 55 57 70 80 81
1 80
2 65 82
4 56 57 59 64
3 65 66 67
4 58 60 63 66
2 52 54
4 56 58 59 60
1 76
2 56 75
1 65
1 79
6 55 58 65 66 79 82
6 74 75 77 79 80 81
5 56 57 59 64 67
2 55 58
2 79 80
10 55 56 59 60 61 62 67 68 78 80
7 56 57 59 60 61 62 67
1 74
7 55 75 76 77 78 79 80
2 79 80
4 52 53 67 68
1 76
4 58 60 65 66
1 67
3 57 67 68
7 56 57 59 64 67 73 82
3 75 76 77
4 55 79 80 81
4 58 60 65 66
3 55 79 82
3 57 67 68
8 55 56 57 59 64 74 78 82
3 57 70 71
1 79
4 55 75 76 80
3 55 65 79
2 55 57
2 55 58
3 58 74 78
2 55 80
1 57
4 55 74 78 80
5 55 78 79 80 81
1 82
3 57 67 68
3 57 64 67
3 65 79 80
1 67
3 55 80 81
2 65 66
6 58 59 60 65 66 80
6 56 57 59 60 61 70
2 57 67
3 75 76 77
1 53
2 57 78
1 57
1 82
1 57
1 70
3 74 75 77
2 56 73
6 55 74 75 76 77 80
5 55 56 73 74 78
1 57
1 55
7 57 58 59 60 64 65 66
1 80
3 55 78 80
1 55
4 74 75 76 77
2 74 78
8 55 56 59 60 62 73 78 79
1 56
3 55 58 80
1 70
2 55 80
1 82
4 57 74 75 77
6 55 74 77 78 79 80
1 76
6 55 58 60 63 79 80
5 55 57 67 68 70
3 56 57 59
4 55 74 78 80
1 53
1 56
3 75 76 77
6 55 58 65 66 67 68
4 55 65 66 78
1 52
1 74
1 70
5 56 57 59 64 67
5 56 59 60 63 73
4 55 78 79 80
2 55 79
5 55 57 70 71 72
2 58 82
5 55 60 61 62 79
1 65
1 79
3 56 59 64
3 52 73 82
2 57 75
2 55 58
3 57 70 71
2 57 70
3 55 74 78
3 52 53 82
5 55 56 58 59 60
3 56 74 78
1 53
3 55 56 58
4 57 61 62 70
7 55 61 74 75 77 79 80
2 57 75
3 52 53 74
1 57
1 52
1 61
2 75 77
3 56 57 75
1 57
2 57 67
1 54
3 55 58 66
2 57 67
3 55 58 80
1 56
2 55 79
3 55 79 80
2 55 76
1 58
2 79 80
1 76
3 55 58 79
2 55 57
1 82
2 56 78
1 76
3 55 79 80
3 55 74 78
1 57
2 57 64
1 57
3 56 59 64
1 57
3 55 78 79
4 57 70 74 78
4 55 56 79 80
2 52 82
1 82
3 53 67 68
2 74 77
2 75 76
4 55 74 78 80
1 52
2 56 59
7 55 74 75 77 78 79 82
2 75 76
6 53 54 74 75 77 78
1 52
2 55 58
4 58 60 61 62
3 55 58 70
5 74 75 76 77 78
4 55 56 73 78
1 55
2 75 76
3 55 79 80
1 70
4 57 70 80 81
3 56 59 60
1 55
3 55 78 79
1 76
2 65 66
4 56 59 60 63
1 75
4 53 54 57 67
7 55 58 65 66 79 80 81
4 58 60 61 62
1 67
1 56
2 55 58
1 70
1 80
2 80 81
1 57
1 82
3 57 67 69
1 55
2 56 73
1 55
2 61 62
5 56 73 74 78 79
1 53
3 74 75 77
3 55 57 78
2 65 66
5 55 57 64 79 80
1 55
2 56 73
2 52 74
4 55 57 70 78
5 52 53 57 74 78
1 56
1 74
2 55 57
4 55 58 65 66
2 67 69
1 76
1 82
5 55 57 58 61 70
1 82
1 82
3 55 58 66
3 55 80 81
2 75 76
8 55 56 59 64 78 79 80 81
3 58 65 66
1 56
1 56
2 57 70
1 75
1 79
2 52 54
4 55 58 74 78
2 57 67
5 56 74 75 77 78
6 55 56 58 59 60 79
3 55 79 82
1 52
2 55 80
1 53
2 52 54
2 67 69
1 75
1 74
5 55 74 77 78 79
2 57 70
3 52 53 82
5 58 60 63 65 66
2 52 54
5 57 58 59 60 64
3 57 75 76
4 70 71 72 82
4 55 57 67 80
3 58 60 63
5 58 60 63 65 66
2 57 67
4 55 58 80 81
2 79 82
3 55 58 66
1 76
1 82
2 55 79
2 57 82
5 58 60 63 65 66
5 56 57 59 64 73
1 80
2 57 70
2 57 73
1 82
3 55 79 80
2 55 80
2 79 80
2 56 73
1 67
1 53
3 52 57 70
2 75 76
5 55 57 64 78 80
4 56 57 59 64
1 57
3 58 60 63
2 74 78
1 82
1 55
1 57
4 58 60 61 62
2 75 76
1 52
2 56 59
5 55 57 75 78 80
3 58 65 66
2 55 57
2 57 64
1 52
2 70 71
7 55 58 60 75 77 79 80
3 70 71 72
2 55 58
1 57
2 61 62
1 76
3 55 57 64
1 82
2 75 76
5 57 74 75 77 78
4 55 74 78 80
2 56 73
3 70 71 72
2 55 79
2 56 73
1 52
1 76
3 60 61 62
4 52 54 74 78
1 55
1 52
3 58 65 66
3 58 65 66
1 57
3 55 56 78
4 67 74 75 77
1 52
6 55 74 75 76 77 78
1 55
3 55 58 80
2 55 58
2 52 53
5 57 59 60 64 67
3 58 65 66
2 52 82
3 57 67 70
1 82
3 52 79 80
5 56 57 59 64 82
3 57 75 76
3 55 56 58
2 55 78
1 52
1 82
1 57
1 57
4 56 59 64 78
3 57 70 78
4 55 78 79 80
4 53 55 78 80
1 74
2 52 74
4 55 57 59 64
4 57 70 71 72
6 56 57 70 71 72 73
1 74
1 70
3 55 76 78
2 52 82
1 65
2 74 77
1 76
1 56
1 53
1 52
1 56
3 79 80 82
4 55 56 59 78
2 53 65
3 74 75 77
2 75 77
2 56 59
2 55 79
2 65 66
1 52
3 67 69 82
1 52
2 56 73
3 57 67 68
1 82
4 56 57 59 64
2 67 69
2 75 76
1 57
3 75 76 77
2 56 59
2 75 76
2 58 60
2 52 53
3 55 79 80
1 52
4 55 56 79 80
2 55 78
2 75 76
5 55 57 67 69 79
2 79 80
4 53 56 73 82
6 55 56 58 59 60 73
2 54 74
5 55 56 73 79 80
1 82
5 55 58 66 74 78
3 79 80 81
2 61 62
1 53
3 67 80 81
1 65
2 61 62
5 55 57 67 68 78
1 57
1 53
4 58 65 66 82
2 56 57
4 53 54 57 67
4 55 57 79 80
4 55 75 76 79
6 55 57 67 69 70 80
4 55 58 70 71
3 75 76 77
1 76
2 52 82
2 55 79
1 58
4 58 60 65 66
4 56 57 59 64
2 67 69
1 57
4 57 67 75 76
1 55
1 52
3 67 69 76
1 53
1 58
2 55 56
3 75 76 77
3 53 54 78
1 52
2 74 78
3 55 57 78
7 55 58 59 60 74 77 78
3 56 57 64
3 55 80 81
2 80 81
1 70
1 61
1 57
5 55 57 67 68 80
4 55 73 78 79
5 56 57 59 64 73
2 55 79
3 57 59 64
2 52 82
4 57 74 77 78
1 67
3 56 73 82
1 82
1 58
5 55 57 58 79 80
1 57
1 52
2 70 71
1 82
1 56
6 55 58 60 62 80 81
1 82
1 52
2 55 56
1 70
1 52
4 56 57 59 64
4 55 56 78 79
2 56 59
1 53
4 57 67 68 70
3 60 61 62
2 76 82
3 57 59 64
2 58 60
1 53
3 53 75 76
1 61
5 56 57 59 64 78
1 52
1 82
2 57 67
5 57 70 74 75 77
4 55 56 73 78
3 53 57 67
4 74 75 76 77
1 82
2 74 82
1 65
3 61 70 71
3 56 59 60
2 57 76
5 55 74 75 77 78
2 56 57
2 56 70
6 56 59 74 75 77 78
1 82
1 67
1 82
1 82
3 55 56 58
3 55 79 80
3 58 65 66
1 56
3 79 80 82
3 56 58 66
1 82
4 52 79 80 82
1 55
1 76
1 55
1 82
1 56
3 56 73 82
2 53 67
7 57 58 59 60 64 65 66
1 56
3 57 67 68
5 56 57 59 64 73
3 53 65 66
4 56 58 59 60
1 61
2 55 58
1 67
1 56
1 76
2 75 76
5 55 57 58 67 78
1 70
1 57
8 55 73 74 75 77 78 79 80
3 55 74 78
3 55 80 81
1 52
1 82
1 61
2 79 80
2 57 67
3 55 79 82
1 61
1 75
2 55 80
1 65
6 56 59 60 61 62 73
1 75
2 57 75
1 82
1 57
4 55 67 79 80
2 75 77
1 53
2 67 69
2 55 80
3 56 59 60
4 52 53 57 67
7 57 58 60 61 62 67 68
1 53
4 55 56 79 82
2 56 73
2 55 78
2 57 70
1 52
1 65
1 82
2 52 53
6 57 59 60 62 64 67
1 76
1 82
3 57 67 69
3 57 65 67
3 55 58 78
5 55 74 75 77 78
3 74 75 77
1 58
4 56 57 59 64
6 55 74 75 77 78 79
3 56 74 78
3 58 66 82
1 55
1 52
2 75 76
2 57 70
4 55 58 60 63
2 52 53
3 55 78 79
5 55 61 79 80 82
1 73
6 55 58 65 66 79 80
3 57 61 70
3 60 61 62
2 55 80
5 61 74 75 76 77
2 55 80
3 55 78 80
2 57 67
5 55 58 60 62 80
1 52
5 58 59 60 64 66
5 56 57 59 64 73
1 56
1 61
2 55 78
1 61
3 58 60 63
1 56
2 75 76
4 55 75 76 80
1 53
1 79
1 56
5 57 59 60 63 64
1 57
3 65 66 78
3 57 79 80
3 55 58 66
4 56 57 59 64
7 56 58 59 60 65 66 73
3 55 57 78
2 57 70
4 55 58 66 78
2 52 55
3 52 53 57
2 75 77
5 58 65 66 80 81
2 57 67
2 67 80
1 56
1 82
4 74 75 76 77
5 59 60 61 62 64
5 52 53 57 74 78
2 57 67
1 80
3 55 61 80
1 82
1 74
2 55 79
2 57 70
2 55 78
1 52
2 79 80
5 55 74 78 80 81
1 80
4 74 75 76 77
6 55 56 59 60 61 62
3 74 75 77
3 55 80 81
4 55 75 79 80
1 61
2 79 80
1 82
1 76
1 52
2 56 78
5 55 56 73 79 80
1 53
4 55 75 77 80
2 57 67
6 56 57 59 64 75 77
6 55 56 58 65 66 78
4 55 56 59 78
1 75
3 56 73 82
1 82
3 52 54 82
3 55 79 80
2 55 58
1 58
2 55 58
4 56 59 60 62
2 55 58
2 57 75
5 56 57 59 64 73
7 55 58 60 62 74 79 80
2 67 69
2 57 70
8 55 58 60 61 62 70 71 79
5 56 58 59 60 73
2 61 62
3 73 79 80
4 57 59 60 64
3 57 64 67
1 76
2 79 80
6 55 58 60 61 62 66
2 55 58
2 55 79
1 53
5 55 61 62 74 78
2 67 69
1 76
3 55 56 70
1 82
2 55 80
4 74 75 76 77
5 56 73 74 77 78
4 55 78 79 82
2 70 71
2 55 57
2 67 68
1 52
1 74
4 55 58 73 79
3 74 75 76
5 55 70 71 79 80
3 58 60 62
1 82
5 55 67 78 79 80
1 82
2 55 80
1 56
2 52 53
2 56 73
2 52 53
2 73 82
2 55 79
1 56
5 55 78 79 80 81
1 57
4 56 57 59 64
3 56 59 64
3 57 59 64
1 52
1 82
2 57 64
1 55
6 56 59 64 73 79 80
1 70
6 55 58 60 63 80 81
6 56 59 60 61 62 73
4 65 66 79 80
5 55 58 60 61 63
1 80
7 56 57 59 60 70 71 72
1 82
1 53
3 57 74 78
4 79 80 81 82
1 52
4 55 56 58 60
3 57 70 71
3 55 58 66
1 76
1 61
3 55 58 60
3 57 67 69
2 52 54
1 82
1 52
3 75 76 77
2 55 79
4 55 58 80 81
1 61
3 74 75 77
4 55 56 73 79
2 74 78
1 79
3 57 67 68
2 55 80
2 55 79
3 53 75 76
1 61
1 70
1 55
3 67 69 82
1 67
2 79 80
5 55 58 66 70 71
4 56 67 73 78
2 79 80
2 75 76
1 65
1 65
4 55 78 79 80
2 79 80
4 56 59 60 63
1 82
3 56 73 82
1 73
3 55 79 82
2 61 62
2 55 80
3 58 65 66
6 57 65 66 67 74 78
2 57 70
1 82
1 57
1 57
2 79 80
5 56 57 59 64 67
2 55 80
3 70 71 72
2 57 82
1 82
1 52
4 75 79 80 82
1 82
5 53 58 60 65 66
1 52
2 74 78
1 61
4 55 74 78 80
1 61
2 67 68
1 52
3 55 58 80
3 55 79 80
6 55 57 59 60 64 79
5 58 65 66 67 68
1 82
3 57 67 78
1 52
1 82
1 53
2 56 73
5 56 59 60 62 73
7 55 56 57 59 64 78 80
4 56 59 60 78
3 65 66 76
2 70 71
1 55
2 55 80
2 57 64
2 74 77
4 57 73 79 80
7 57 58 59 60 64 75 76
1 82
3 55 79 80
4 56 57 70 71
2 74 78
6 58 59 60 64 65 66
2 67 68
3 53 67 69
5 57 67 68 79 80
7 56 57 59 64 67 68 73
5 55 56 58 59 67
3 53 57 67
3 55 58 79
1 53
2 56 73
7 56 57 59 64 70 74 78
3 55 58 78
1 52
5 53 55 74 78 80
1 53
1 82
2 57 80
2 53 58
4 58 59 60 64
1 52
1 74
3 60 61 62
5 58 60 62 65 66
2 57 67
2 52 54
6 56 59 60 61 62 70
4 74 75 76 77
3 55 56 80
3 57 80 81
3 55 74 78
3 58 60 62
1 82
3 74 75 77
2 55 79
1 75
2 74 78
1 53
3 57 67 70
2 55 79
4 55 78 80 81
2 56 73
1 55
1 82
4 67 69 80 81
1 67
4 55 57 79 82
5 56 57 59 64 78
1 82
6 55 74 77 78 80 81
1 82
1 82
1 82
3 74 75 77
6 56 57 59 64 70 73
1 73
1 56
2 56 73
1 53
1 57
2 52 53
3 58 60 63
1 53
3 79 80 81
2 52 53
3 58 65 66
1 76
3 55 58 80
1 54
10 55 56 58 59 60 61 62 74 77 78
6 56 58 59 60 65 66
1 53
1 52
5 56 57 65 73 82
1 57
1 80
1 82
2 56 73
1 67
2 74 77
1 57
2 65 66
1 67
2 74 78
2 67 69
7 55 56 73 74 77 78 79
2 79 80
1 82
1 82
2 79 80
1 53
5 55 57 58 60 78
3 58 65 66
3 57 67 68
2 55 78
1 82
7 53 55 58 65 66 80 81
3 70 71 72
2 61 62
2 57 70
3 74 75 77
3 56 59 73
1 61
5 57 59 60 64 76
3 55 78 80
2 57 67
2 57 70
3 74 75 77
3 52 57 64
5 55 58 60 79 82
3 56 59 60
4 57 59 64 70
2 56 73
1 52
2 57 70
1 79
5 55 58 59 60 64
1 76
2 52 53
4 54 75 76 77
3 74 75 77
1 57
1 82
5 58 60 61 62 70
2 74 77
1 56
4 60 61 62 63
3 56 59 60
4 55 56 58 78
1 57
5 55 74 75 77 78
4 57 70 71 72
2 55 56
1 70
1 74
3 57 59 64
3 74 75 77
1 54
4 55 61 62 80
6 55 57 58 65 66 78
3 74 75 77
1 55
6 55 57 67 69 79 80
3 55 74 78
2 55 58
2 57 70
2 56 73
4 55 78 79 80
2 57 64
3 79 80 81
3 58 65 66
2 65 66
2 56 73
4 57 70 71 72
4 59 60 61 62
3 57 79 80
1 82
4 55 78 79 80
2 53 79
1 80
1 65
1 70
7 55 58 74 75 76 77 78
4 65 66 80 81
2 73 82
2 74 78
1 57
1 52
1 56
2 79 80
3 56 59 64
5 56 59 64 73 82
1 53
3 55 70 79
1 56
2 55 58
1 82
1 57
3 57 64 70
2 56 73
1 52
2 56 59
3 52 74 78
1 73
2 75 76
2 57 80
1 76
1 52
3 58 60 62
1 79
1 73
6 57 58 59 60 64 70
1 82
1 56
1 52
3 75 76 77
2 55 80
1 56
4 55 74 78 79
7 56 57 59 64 70 71 73
3 57 64 70
4 55 61 80 81
1 82
2 80 81
4 57 67 75 76
3 57 70 78
4 56 57 59 64
1 54
1 82
4 55 57 79 80
1 55
7 55 57 58 59 60 64 78
1 82
6 55 58 59 60 79 80
4 55 75 77 80
7 55 57 59 64 70 79 80
1 74
3 55 79 82
7 55 57 59 60 61 62 64
1 75
6 55 58 65 66 74 78
1 57
2 52 53
3 55 57 78
6 57 59 60 63 64 67
2 67 68
5 58 60 62 65 66
1 82
3 57 59 64
1 75
4 57 70 79 80
4 55 58 80 81
1 53
2 75 77
4 55 79 80 81
1 82
3 55 56 80
2 75 76
3 56 59 82
6 55 56 57 59 64 78
1 82
1 82
2 55 80
3 55 79 82
3 57 80 81
1 57
7 55 74 75 77 78 79 80
2 61 62
2 74 78
2 57 70
1 55
6 55 70 71 74 78 82
4 74 75 76 77
3 74 75 77
1 82
4 74 75 77 78
1 70
1 70
4 56 57 59 64
2 56 73
3 57 59 64
1 57
4 55 58 79 80
4 55 56 73 79
1 82
1 55
3 55 56 78
5 56 59 60 63 80
2 61 62
2 56 73
1 54
3 57 64 70
1 57
6 56 57 59 64 70 71
2 52 53
5 55 74 78 80 81
1 82
1 65
2 56 73
3 55 56 78
2 58 60
1 78
2 65 66
4 55 58 79 80
5 55 57 58 65 66
2 53 79
2 57 67
7 56 57 59 64 65 66 67
1 82
5 55 57 67 68 80
1 57
2 61 62
2 75 76
2 57 70
4 55 57 80 81
5 55 56 74 77 78
1 67
3 55 56 58
3 56 57 64
1 61
1 57
4 57 67 68 70
3 57 59 64
1 76
2 52 53
1 82
1 82
4 55 74 78 80
1 55
4 55 56 58 66
1 52
3 53 75 77
3 56 57 73
3 55 79 80
2 55 80
4 55 74 78 79
3 55 58 60
5 55 74 78 79 80
1 57
1 52
1 75
1 55
2 56 73
1 73
3 57 59 64
3 55 79 80
3 55 79 80
1 61
3 52 53 67
1 57
4 55 56 59 78
3 55 79 82
2 57 70
3 57 67 68
1 82
3 70 71 72
4 55 58 59 60
5 56 57 59 64 73
1 74
3 55 79 80
4 55 78 79 80
5 55 56 58 73 78
7 52 53 56 57 59 64 67
6 57 59 64 74 75 77
1 56
1 57
1 57
3 55 79 82
1 82
1 61
6 55 56 58 59 60 79
2 55 82
4 55 56 79 82
5 58 60 65 66 67
1 56
4 58 60 62 66
1 82
1 52
5 57 59 64 75 77
1 67
2 79 80
3 55 58 66
2 57 70
2 57 64
2 56 73
1 57
5 53 54 58 65 66
3 65 66 75
4 58 60 65 66
4 74 75 77 78
4 58 60 61 62
7 55 57 58 59 64 66 80
2 55 58
2 57 67
2 74 78
2 56 57
2 57 70
2 75 76
2 57 70
1 53
3 54 65 66
2 57 70
4 56 73 74 78
1 54
1 82
3 55 74 78
2 67 68
7 57 67 74 75 76 77 78
2 52 53
1 65
4 56 59 73 82
5 57 58 59 60 64
1 57
5 74 75 76 77 78
1 74
2 79 80
1 57
1 80
3 55 58 78
2 55 58
3 55 57 80
1 55
1 57
4 56 57 59 64
1 57
6 53 55 74 75 77 78
2 53 67
6 56 57 59 64 79 80
2 55 70
2 55 80
1 57
2 61 76
5 56 57 59 64 70
1 57
5 57 58 59 60 64
2 55 56
7 55 57 58 65 66 79 80
1 75
1 82
2 74 78
1 78
5 56 57 59 64 70
3 55 58 80
5 53 54 74 75 77
1 58
2 67 69
3 75 76 82
2 56 82
4 56 73 74 78
5 55 58 60 79 80
2 73 82
6 57 59 60 63 64 70
8 55 74 75 76 77 78 79 80
3 58 65 66
3 56 59 67
1 82
3 70 71 72
2 74 78
1 82
1 65
3 56 58 73
4 53 54 57 67
2 75 76
4 55 57 79 80
1 67
1 52
1 53
1 55
3 55 56 76
1 82
1 74
3 57 64 67
2 65 66
4 56 57 59 64
3 55 74 78
2 56 73
2 74 77
1 57
2 67 68
3 58 60 63
2 56 57
1 58
4 56 58 66 73
3 55 58 79
1 54
7 55 57 58 70 71 79 80
3 55 58 80
3 74 75 77
2 55 78
1 73
3 56 58 73
1 58
1 79
4 75 76 80 81
1 65
2 75 76
4 57 59 64 67
3 57 59 64
1 82
2 75 76
4 55 58 74 78
4 55 57 79 80
1 57
2 53 67
3 75 76 77
1 52
2 56 73
5 55 58 79 80 81
3 55 80 81
3 56 73 82
4 55 74 78 79
1 82
4 56 57 59 64
2 55 80
1 61
1 82
1 57
3 58 60 63
3 57 67 69
3 74 75 77
2 67 69
4 57 74 78 82
1 78
2 74 82
2 57 64
1 52
4 55 57 67 68
1 53
4 58 66 74 77
3 55 74 78
3 57 61 70
3 55 78 79
2 52 57
1 57
2 61 62
5 55 74 75 77 78
1 67
3 57 74 78
2 55 80
3 59 60 63
5 55 56 59 80 81
2 52 53
5 57 59 60 62 64
7 55 58 59 60 75 76 80
4 55 56 73 80
4 74 75 77 82
1 53
1 65
7 56 57 58 65 66 67 70
3 55 79 80
1 57
6 57 59 60 61 62 64
2 57 67
3 56 57 73
2 79 80
1 57
1 52
2 57 67
5 55 57 58 70 78
1 82
4 57 59 60 64
4 55 79 80 82
1 82
2 80 81
2 52 54
2 53 76
3 55 74 78
1 53
3 57 70 71
3 55 74 78
1 70
1 57
2 74 78
5 55 57 65 66 67
2 56 73
5 55 58 66 75 80
6 55 56 58 65 66 78
5 57 70 74 75 77
3 57 67 70
1 65
3 58 59 60
2 56 57
2 53 54
2 74 77
3 55 57 78
7 57 67 74 75 76 77 78
4 56 73 74 77
3 55 56 82
5 57 67 69 75 76
5 55 58 60 74 78
3 55 79 80
5 56 59 60 61 62
2 57 70
5 55 57 67 79 80
1 57
2 79 80
1 57
2 73 74
4 55 58 66 78
1 56
1 57
4 57 67 75 77
1 82
6 56 57 59 60 67 68
1 57
1 57
1 82
4 55 75 76 80
2 65 78
2 54 75
3 55 79 80
1 52
1 75
10 57 58 60 61 62 65 66 70 75 76
2 56 73
6 55 58 60 63 79 80
1 52
6 55 56 58 59 60 79
2 55 58
6 55 58 60 62 74 78
2 55 80
2 75 76
3 55 79 80
1 75
1 76
4 59 60 61 62
2 57 67
4 56 73 74 78
6 55 57 58 65 66 78
1 73
2 83 85
2 84 98
2 86 87
1 88
2 89 94
1 90
1 91
1 92
1 93
1 95
1 96
1 97
1 99
1 100
3 83 84 87
2 85 94
1 86
1 88
1 89
2 90 91
1 92
1 93
2 95 96
1 97
1 98
1 99
1 100
1 83
3 84 86 87
2 85 94
1 88
3 89 90 91
1 92
1 93
1 95
1 96
1 97
1 98
1 99
1 100
2 83 84
1 85
2 86 87
2 88 98
1 89
1 90
1 91
1 92
1 93
1 94
1 95
1 96
1 97
1 99
1 100
4 83 84 86 87
2 85 89
1 88
1 90
1 91
2 92 98
1 93
1 94
1 95
1 96
1 97
1 99
1 100
2 83 84
1 85
2 86 87
1 88
1 89
2 90 91
1 92
1 93
1 94
1 95
1 96
1 97
1 98
1 99
1 100
2 83 84
1 85
1 86
1 87
1 88
3 89 90 91
1 92
1 93
1 94
1 95
1 96
1 97
1 98
1 99
1 100
1 83
2 84 87
1 85
1 86
1 88
1 89
2 90 91
1 92
1 93
2 94 97
1 95
1 96
1 98
1 99
1 100
3 83 84 87
1 85
1 86
1 88
1 89
1 90
1 91
3 92 98 99
1 93
1 94
1 95
1 96
1 97
1 100
2 83 84
1 85
2 86 87
1 88
1 89
2 90 91
1 92
1 93
1 94
1 95
1 96
1 97
1 98
1 99
1 100
1 83
1 84
1 85
1 86
1 87
1 88
1 89
2 90 91
1 92
1 93
1 94
1 95
1 96
1 97
1 98
1 99
1 100
2 83 84
2 85 90
1 86
1 87
1 88
1 89
1 91
1 92
1 93
1 94
1 95
1 96
1 97
1 98
1 99
1 100
1 83
2 84 87
2 85 89
1 86
1 88
1 90
1 91
1 92
1 93
1 94
1 95
2 96 98
1 97
1 99
1 100
2 83 84
1 85
2 86 87
1 88
1 89
2 90 91
1 92
1 93
1 94
1 95
1 96
1 97
1 98
1 99
1 100
1 83
1 84
1 85
2 86 87
1 88
1 89
2 90 91
1 92
1 93
1 94
1 95
1 96
1 97
1 98
1 99
1 100
1 89
1 90
1 86
3 86 90 91
1 93
1 97
4 83 84 85 87
1 83
1 97
2 83 84
1 98
1 89
1 97
1 85
1 94
1 89
1 89
2 95 96
1 87
2 86 87
1 86
1 86
3 86 90 91
1 97
1 86
1 99
1 97
2 83 85
1 94
3 86 87 97
2 83 87
1 86
3 83 84 85
3 84 94 98
3 83 86 87
2 90 91
1 97
1 98
1 98
1 89
3 83 84 85
1 83
2 90 91
2 84 98
1 83
2 95 96
2 87 88
2 83 84
2 86 87
1 83
1 83
2 90 91
1 94
2 86 87
1 86
2 83 85
1 99
1 89
3 83 84 87
1 97
3 84 87 89
1 83
2 90 91
1 93
2 90 91
1 84
1 95
2 83 85
1 98
1 87
1 86
1 92
1 86
2 92 97
2 90 91
3 84 86 87
1 93
1 89
1 93
1 97
2 86 87
2 87 89
1 94
1 92
1 93
1 89
2 83 85
3 89 95 96
3 83 85 99
2 83 84
1 86
3 86 90 91
2 87 89
2 89 94
1 86
1 83
3 83 85 98
1 94
2 83 84
1 86
2 90 94
3 83 84 85
1 91
1 99
2 90 91
1 86
1 97
1 97
1 86
3 83 87 97
3 86 87 97
4 86 87 89 99
2 87 97
2 86 87
1 93
1 94
1 87
4 83 85 90 91
2 97 98
2 83 89
2 86 87
1 94
1 84
1 98
2 86 87
1 86
1 94
2 86 90
1 89
1 99
1 86
2 83 98
2 83 85
4 83 85 90 91
1 98
1 91
1 85
1 84
3 84 95 96
1 97
1 86
1 89
2 83 84
1 85
1 93
1 97
2 92 98
2 83 85
1 93
2 83 97
1 90
1 87
1 98
1 97
1 89
1 89
2 86 87
6 83 84 85 86 90 91
3 83 84 85
1 89
1 97
2 83 85
1 89
1 92
1 97
2 83 85
2 87 88
1 87
3 84 90 91
1 97
4 83 84 85 98
3 86 90 91
2 90 91
1 86
3 86 87 89
1 97
3 83 85 98
1 89
5 83 84 85 95 96
1 97
1 84
2 86 87
2 90 91
3 83 84 87
1 98
2 86 91
2 86 87
2 83 89
3 83 84 85
3 83 84 98
4 83 84 98 99
2 90 91
1 97
1 97
2 83 85
1 86
2 95 96
2 84 95
2 87 88
1 93
1 97
1 91
2 95 96
1 99
2 83 85
4 83 84 86 87
4 83 84 87 88
1 89
1 83
1 89
2 90 91
2 87 88
2 83 89
2 90 91
1 98
1 85
1 85
1 98
3 83 84 87
3 83 84 87
1 84
1 84
2 90 91
1 89
2 86 87
2 90 91
2 86 97
1 84
3 83 84 85
1 97
3 83 85 99
3 84 87 89
3 83 84 87
1 86
1 87
1 86
2 85 99
1 83
3 83 84 95
1 93
2 90 91
1 92
1 86
1 90
1 89
2 90 91
2 83 85
1 90
1 91
1 98
1 98
2 90 91
1 98
1 97
1 90
1 98
2 84 87
1 86
3 83 87 97
1 98
4 86 87 90 91
1 97
4 83 84 85 90
1 87
2 90 91
1 94
2 86 87
2 83 98
1 86
1 94
1 85
1 95
2 95 96
2 86 87
2 87 88
2 90 91
2 90 91
2 83 84
1 87
3 83 85 94
1 90
1 83
1 89
1 83
3 83 85 87
1 89
1 93
1 97
1 90
1 97
1 90
3 83 84 89
1 87
1 98
2 90 91
1 98
1 85
1 97
1 89
1 92
4 90 91 95 96
2 83 98
1 84
1 90
1 92
3 86 87 88
2 84 98
2 98 99
2 86 87
1 92
2 83 85
2 84 87
4 83 84 87 98
3 83 84 85
4 83 85 95 96
2 86 87
2 83 85
1 85
1 92
1 93
1 83
3 87 95 96
2 86 87
2 87 88
1 84
1 98
2 89 93
1 89
2 86 87
1 93
1 97
1 87
3 83 84 85
1 85
1 98
2 95 96
3 83 84 89
1 98
4 83 84 95 96
2 83 85
1 83
1 87
2 83 85
1 85
1 92
1 95
2 94 97
5 86 87 89 90 91
4 86 87 90 91
1 97
1 87
1 83
1 92
3 83 85 98
2 83 85
1 98
2 86 87
1 89
1 97
2 86 87
1 97
1 87
1 92
2 89 97
2 89 94
3 83 85 89
1 93
1 86
4 83 84 86 87
3 90 91 97
2 83 85
1 94
1 93
3 83 86 87
3 83 95 96
2 90 91
1 92
2 86 87
1 86
2 95 96
1 97
1 98
2 86 87
3 86 87 89
1 83
1 97
2 83 87
3 86 90 91
2 90 91
1 87
2 90 97
3 83 89 98
1 98
3 83 85 89
1 87
3 86 90 91
2 86 87
1 89
1 83
1 86
1 83
1 95
5 83 84 85 86 87
1 89
3 84 87 89
1 84
3 84 87 89
1 97
1 84
1 99
1 93
1 83
2 86 87
1 86
4 86 87 90 91
2 83 89
3 84 87 89
3 83 84 87
1 99
1 85
4 83 85 89 98
3 87 88 89
2 85 97
2 86 87
3 87 89 94
1 84
1 85
2 83 84
4 86 87 89 97
1 98
1 84
1 97
1 83
1 89
3 83 87 88
2 83 98
2 90 91
3 83 85 98
2 90 91
1 97
1 91
3 83 84 85
2 90 91
1 98
2 83 85
1 97
1 97
2 90 91
2 90 91
2 95 96
1 97
1 84
4 83 84 86 87
1 83
1 98
3 95 96 98
1 90
1 97
1 85
2 83 85
1 93
2 90 91
1 93
1 92
3 86 90 91
2 98 99
1 86
1 90
1 95
1 86
2 90 91
1 98
2 83 85
1 94
2 86 87
2 83 85
2 84 98
1 89
3 85 90 91
2 93 94
1 91
3 84 87 95
1 83
2 83 94
2 86 87
3 83 85 90
2 83 85
1 89
2 83 84
1 92
1 97
1 97
2 86 87
2 97 98
1 90
4 83 84 86 87
1 87
2 90 91
1 86
2 86 87
2 83 87
2 89 94
1 92
1 87
1 89
2 83 85
1 94
1 91
1 89
4 83 84 85 87
1 93
1 98
1 86
1 97
1 97
2 90 91
1 89
2 83 98
1 99
2 83 85
1 86
1 92
1 86
2 86 91
2 90 91
1 92
2 83 84
1 97
2 90 91
3 86 90 91
1 85
2 86 87
2 98 99
3 83 84 98
2 86 87
4 83 84 85 90
1 89
1 87
2 83 85
2 89 92
2 83 95
2 83 84
1 92
1 92
1 94
2 95 96
3 83 85 86
1 91
2 95 96
2 83 85
1 89
4 83 95 96 98
2 90 91
2 90 91
2 83 85
1 83
2 83 89
2 83 99
1 92
2 86 87
1 97
1 84
2 83 84
4 86 87 90 91
1 84
1 92
1 89
1 94
1 89
1 92
1 92
1 87
1 98
1 97
2 90 91
2 91 97
3 83 84 89
2 86 87
2 90 91
2 83 85
2 83 84
1 89
2 86 87
1 97
2 86 87
2 83 85
2 87 89
2 83 85
2 86 87
1 84
1 97
1 84
2 83 85
3 89 90 91
3 83 85 97
2 90 91
1 97
1 97
1 94
1 97
3 90 91 93
2 90 91
1 95
1 89
3 86 87 88
1 94
1 84
1 90
2 83 85
1 97
2 86 87
1 97
1 93
1 89
2 83 85
4 86 87 89 94
1 93
1 86
1 91
1 86
2 90 91
2 89 92
2 86 87
1 98
2 90 91
1 87
3 83 84 98
3 83 89 98
3 83 85 99
1 85
2 83 85
2 86 87
1 93
1 94
1 93
1 97
2 86 87
4 83 84 85 98
1 91
1 90
3 83 84 94
2 87 93
1 94
1 89
2 83 85
2 86 87
1 97
1 94
4 83 85 90 91
1 86
1 97
1 92
1 86
2 90 91
1 97
3 83 89 99
1 89
2 87 88
2 84 98
2 86 87
1 99
3 83 86 87
1 87
2 83 84
2 83 85
1 99
1 86
4 83 84 86 87
3 83 85 90
4 83 84 86 87
2 83 84
1 93
1 92
1 86
3 83 84 89
1 85
1 87
2 87 99
3 83 84 98
2 87 89
1 89
2 83 87
2 84 87
1 93
1 87
1 99
1 99
1 94
2 83 84
2 90 91
2 83 84
2 90 91
3 86 87 88
1 99
2 83 84
2 87 88
1 86
1 85
1 97
2 83 84
1 94
5 83 84 87 89 99
1 83
1 97
3 87 88 89
1 94
1 92
3 83 85 87
1 89
2 86 87
2 83 84
1 97
1 98
1 90
3 83 84 89
3 90 91 93
2 83 84
1 89
1 98
3 83 84 85
1 87
2 90 91
3 83 84 98
2 84 99
1 89
1 91
1 89
1 83
1 97
2 90 91
2 84 99
2 94 97
1 94
1 98
1 84
2 83 99
1 93
2 87 88
3 83 85 98
1 89
3 83 85 89
2 83 84
4 83 85 86 87
2 89 97
1 98
2 90 92
2 90 91
1 84
1 92
1 86
2 90 91
2 83 99
4 83 85 90 91
1 84
1 94
1 86
3 83 85 90
1 94
1 97
1 90
2 89 97
1 92
3 86 87 88
2 83 85
1 86
1 86
3 84 87 88
2 86 87
1 97
1 91
2 84 87
1 84
2 90 91
3 83 89 98
2 86 87
1 90
2 83 85
4 86 87 90 91
4 83 84 87 88
2 90 91
1 97
1 98
1 91
1 83
1 83
1 92
1 86
1 92
3 83 84 98
1 98
1 97
1 87
2 84 95
1 89
1 86
1 97
1 97
1 95
1 90
1 86
2 90 91
1 97
2 83 84
3 86 87 88
2 87 88
1 93
3 83 85 92
1 89
3 83 85 89
2 83 85
2 86 87
2 83 84
1 91
1 83
2 86 87
1 92
1 89
2 86 87
4 83 84 86 87
2 86 87
1 97
1 98
2 83 89
1 93
3 86 87 95
1 84
2 86 87
1 97
1 87
1 90
4 83 86 97 98
2 89 94
3 86 87 88
3 83 89 98
2 87 88
3 86 90 91
1 89
1 87
1 93
4 83 85 90 93
1 93
1 94
2 90 91
1 84
2 84 92
2 90 91
1 91
2 98 99
1 83
1 93
1 84
1 97
1 99
3 83 84 85
1 85
1 95
2 86 87
1 94
2 83 85
4 83 85 89 94
2 83 84
3 83 84 85
1 97
3 83 87 99
1 85
2 83 84
2 86 87
2 86 87
1 94
1 95
2 93 94
2 86 87
1 86
6 83 84 86 87 90 91
1 87
1 89
1 89
1 94
2 83 98
1 97
1 92
1 83
1 89
4 83 84 85 87
1 89
2 83 85
4 83 84 86 87
3 86 87 94
1 86
3 83 84 97
1 90
4 83 84 85 98
2 84 98
3 83 84 98
2 87 88
3 83 84 85
2 92 98
2 86 87
1 92
2 83 85
1 83
2 86 87
1 86
2 87 89
1 92
2 90 91
2 90 91
1 87
2 83 84
1 89
3 83 86 87
1 84
1 89
1 95
1 84
2 83 85
1 89
1 86
1 86
2 86 91
2 84 87
2 83 85
4 86 87 89 98
4 83 84 85 98
2 90 91
1 83
3 83 85 87
1 95
1 86
2 87 89
1 86
3 83 84 98
1 97
1 92
2 83 85
1 90
1 89
1 97
2 83 84
1 94
3 90 91 94
1 84
3 83 84 85
4 83 85 90 99
1 84
2 86 87
1 99
1 91
1 83
4 83 85 90 91
3 84 86 87
1 95
2 84 97
1 97
2 83 84
1 95
1 91
1 89
1 94
3 83 84 85
1 89
1 84
1 98
2 84 87
4 86 87 88 91
1 98
2 86 87
3 83 86 87
1 97
1 92
1 84
1 89
1 97
3 83 84 85
2 83 85
3 83 84 85
2 83 85
1 87
2 84 98
2 83 84
1 95
2 83 85
1 87
1 86
1 97
2 83 85
2 86 87
1 86
1 97
3 84 86 87
2 87 88
1 83
1 87
1 94
2 86 92
1 97
1 98
3 84 87 89
3 83 84 99
1 86
1 87
1 89
1 84
1 94
2 83 85
1 86
2 97 98
1 83
2 83 85
1 92
1 89
2 83 85
3 84 86 87
1 91
1 87
3 83 84 89
1 89
2 86 87
1 83
5 83 84 85 90 91
2 91 92
1 86
1 87
1 94
1 89
2 97 98
1 84
4 83 85 89 94
4 86 87 88 97
2 90 97
3 83 84 99
1 98
1 83
1 86
1 84
2 87 89
4 83 84 85 90
1 91
1 83
3 86 87 88
2 97 99
1 87
3 83 84 85
2 87 88
2 83 84
1 90
3 83 84 87
4 83 84 85 87
2 86 87
1 97
2 87 88
2 86 87
1 97
1 86
3 84 87 98
1 98
1 98
3 83 85 99
2 87 89
2 83 98
3 90 91 97
1 97
1 85
1 93
2 91 98
3 83 85 98
1 90
1 97
2 86 87
1 84
2 83 85
2 90 91
1 89
2 86 87
1 98
2 86 87
1 95
3 83 85 87
1 97
1 93
1 83
1 97
1 87
1 97
2 83 84
1 97
2 86 87
3 83 84 85
1 91
2 83 91
3 86 87 89
1 89
1 94
1 99
1 92
1 83
3 83 84 85
1 91
2 87 94
1 97
1 98
2 83 97
1 86
1 99
2 86 87
1 86
1 89
3 84 86 87
1 89
1 83
2 83 84
1 86
1 98
2 83 85
1 90
3 86 87 89
1 98
2 86 87
2 86 87
3 83 84 89
3 83 84 97
2 83 99
1 84
3 83 84 85
2 83 84
1 99
2 90 91
2 90 91
2 90 91
1 85
3 84 87 92
1 84
1 90
1 83
2 85 89
1 97
1 97
3 85 90 91
2 90 91
1 89
1 92
3 83 84 99
1 92
4 83 85 89 94
1 89
1 94
1 98
1 89
1 84
1 83
1 98
2 84 87
3 83 84 87
1 91
3 83 84 85
1 85
2 83 85
2 83 87
2 90 91
2 86 87
1 86
1 84
2 83 84
1 98
2 83 85
1 90
1 86
1 89
2 86 87
2 83 85
3 83 84 87
1 86
1 89
1 99
1 89
2 83 84
2 90 91
1 90
2 83 85
1 83
1 86
2 86 97
1 97
1 98
4 83 85 86 87
1 84
2 83 85
1 87
1 87
1 98
1 86
1 89
3 83 84 99
1 86
2 86 87
1 83
2 86 87
3 83 84 98
1 83
2 90 91
1 86
2 94 98
3 83 84 85
2 90 91
1 83
1 98
1 98
1 99
1 86
1 89
1 89
1 94
1 87
4 83 84 85 94
3 83 84 98
2 83 84
1 97
1 98
1 89
1 91
2 84 87
3 90 91 97
1 97
1 86
1 89
1 97
2 86 87
1 97
1 90
2 83 89
1 84
1 83
1 83
2 83 84
1 89
1 97
1 90
1 83
1 98
4 86 87 90 91
2 90 91
1 98
2 86 87
2 83 98
1 90
2 83 85
1 97
2 89 97
1 98
1 86
2 86 87
1 86
1 86
1 85
2 83 89
2 86 87
1 89
1 87
3 83 84 85
2 83 85
4 83 89 94 98
2 86 87
2 84 98
1 97
2 83 85
1 89
2 86 91
1 87
2 83 85
2 90 91
3 83 84 85
1 94
1 86
1 91
1 85
3 83 84 85
1 86
3 83 84 89
1 87
1 83
1 84
1 97
1 90
1 87
1 91
2 83 89
1 97
1 89
2 83 85
1 86
2 89 94
1 86
2 83 85
2 90 91
1 83
2 85 89
2 83 85
1 98
2 83 85
1 86
1 97
2 83 84
1 97
3 83 84 87
1 83
1 90
1 86
2 90 91
2 83 85
1 87
1 86
1 87
1 85
2 90 91
1 89
1 89
1 98
4 83 84 85 97
3 83 87 97
3 83 85 98
1 87
2 87 89
1 84
3 83 85 89
2 83 85
1 86
2 86 87
1 98
2 90 91
2 90 91
1 90
1 91
2 83 85
1 94
2 90 91
4 83 85 89 98
4 86 87 89 94
3 83 89 97
1 91
3 83 84 98
3 83 85 97
2 83 84
1 87
3 83 84 85
1 87
1 89
3 86 87 89
2 85 89
1 91
1 91
2 87 97
4 83 84 86 87
1 97
1 83
3 83 84 89
2 86 87
1 97
1 84
2 84 98
1 98
1 83
2 86 87
1 86
2 83 85
2 86 87
2 86 87
2 86 87
3 83 84 87
2 86 97
3 84 86 87
1 89
1 85
2 83 85
1 84
1 97
1 89
2 83 85
2 83 84
3 83 84 85
2 83 85
2 86 87
2 83 85
3 83 84 85
2 83 86
1 85
1 87
1 87
1 87
1 87
1 87
