100 5312
2 1 2
3 3 5 6
2 4 7
2 8 12
1 9
1 10
1 11
3 1 2 10
2 3 6
3 4 5 9
1 7
1 8
1 11
1 12
3 1 2 4
2 3 5
2 6 10
1 7
2 8 9
1 11
1 12
3 1 2 4
2 3 5
1 6
1 7
1 8
1 9
1 10
1 11
1 12
1 1
4 2 3 6 12
1 4
2 5 10
1 7
1 8
1 9
1 11
4 1 2 4 9
3 3 6 8
2 5 10
1 7
1 11
1 12
4 1 2 3 6
3 4 9 10
1 5
2 7 11
1 8
1 12
2 1 2
4 3 4 5 9
1 6
2 7 12
1 8
1 10
1 11
4 2 3 4 6
1 7
1 1
2 4 8
2 7 10
1 10
1 11
2 5 8
1 12
2 1 10
3 5 9 10
3 1 2 8
1 9
1 10
1 6
2 4 5
3 5 10 12
2 5 9
3 4 8 10
1 9
3 4 5 9
1 10
1 10
5 1 2 3 5 9
1 11
3 4 7 8
2 5 9
1 9
2 5 9
2 3 5
1 10
2 7 8
1 5
1 12
2 7 8
1 11
1 5
1 12
1 12
1 10
1 11
2 7 8
2 5 9
2 5 11
1 5
1 7
1 8
1 11
1 11
3 2 3 5
2 6 12
1 12
1 7
1 12
2 3 6
2 7 8
1 10
1 7
2 9 10
1 11
2 7 10
2 10 11
3 4 5 9
2 4 9
2 5 10
2 11 12
2 7 10
1 12
3 4 7 10
1 9
3 4 9 12
3 4 8 12
2 7 8
1 7
1 6
2 5 9
1 1
2 7 10
2 7 11
2 8 12
3 4 9 10
3 3 5 9
1 7
2 5 10
1 11
1 12
2 5 9
1 7
2 7 8
3 3 5 9
2 4 10
2 8 12
4 1 2 3 6
1 9
1 11
2 8 9
2 7 10
1 11
1 11
2 4 5
4 3 4 5 6
1 12
1 11
1 11
3 5 8 9
1 12
3 4 5 9
1 10
3 4 5 9
3 5 8 9
1 1
2 8 10
1 8
1 11
2 7 8
1 9
4 3 5 6 9
1 12
2 4 5
3 3 5 6
1 6
3 5 7 9
1 9
2 4 9
1 10
4 1 2 3 6
1 11
4 1 2 3 5
2 7 8
6 1 2 4 5 9 11
1 8
1 12
1 10
2 5 9
1 11
1 8
1 11
1 11
5 1 2 3 5 6
1 6
2 5 10
4 4 5 9 10
2 6 11
1 7
2 4 10
1 9
1 11
2 8 12
4 1 2 3 6
2 8 12
1 10
1 12
1 11
2 3 6
1 6
1 9
1 9
1 10
2 5 10
1 1
1 10
2 5 10
1 6
6 1 2 3 5 6 9
5 2 3 4 5 9
1 10
2 9 12
2 10 11
2 1 2
3 3 5 6
1 11
1 6
1 8
4 6 8 9 12
2 4 9
1 11
3 3 5 6
2 8 10
3 3 5 8
1 8
3 5 9 10
4 3 4 5 6
2 10 12
1 7
1 8
2 5 9
3 3 5 6
4 1 2 3 6
2 4 9
5 3 5 6 7 9
1 8
1 11
2 6 10
4 6 8 9 12
2 5 10
2 5 11
2 5 9
3 5 9 11
2 9 10
2 4 10
4 1 2 4 9
2 5 8
1 10
1 12
1 9
1 6
1 10
1 10
1 12
1 12
1 5
4 2 3 6 8
2 5 9
2 8 12
3 3 5 6
2 6 12
5 3 4 5 6 9
2 7 11
1 11
1 10
5 3 4 5 6 9
1 6
1 8
2 5 9
2 3 6
1 11
2 6 10
3 3 5 10
2 4 10
4 7 8 9 12
2 4 9
1 7
4 2 4 5 9
4 1 2 4 9
3 4 7 10
1 10
5 1 2 3 6 10
2 7 10
1 9
4 5 7 8 9
1 12
1 1
1 7
2 4 9
1 4
1 11
2 7 12
2 5 11
2 4 7
1 11
3 3 5 6
4 2 3 4 10
3 4 7 10
1 7
1 7
2 8 11
2 7 8
1 12
1 11
2 7 12
1 12
2 4 8
1 7
3 2 4 9
5 1 2 3 5 10
1 7
8 1 2 3 4 5 8 9 12
1 7
4 4 8 9 12
2 4 5
2 8 12
4 3 6 8 12
1 7
2 6 9
2 7 12
3 4 9 12
2 2 3
1 9
3 4 8 12
2 4 9
1 11
1 5
2 3 6
3 3 5 6
1 12
1 12
2 7 8
3 3 6 10
1 7
1 7
1 8
2 6 11
3 5 7 9
2 7 10
1 11
1 10
4 5 7 8 10
2 7 11
2 8 9
5 3 5 6 9 10
2 5 9
3 4 8 9
1 11
5 2 3 4 5 9
2 8 12
4 1 2 4 9
4 4 7 8 9
6 1 2 3 4 5 9
1 7
5 4 7 8 9 10
4 1 2 3 5
1 12
2 5 9
1 10
1 12
1 11
1 11
1 11
3 5 9 12
2 4 9
2 7 8
1 8
2 11 12
1 8
2 8 9
1 8
1 10
1 12
3 7 8 12
1 12
2 4 8
2 8 10
3 1 5 10
2 7 11
3 3 5 6
1 8
2 10 11
1 12
1 7
1 10
4 5 9 10 12
2 7 11
1 7
2 4 8
2 1 2
3 6 7 10
2 5 9
1 10
2 7 9
2 4 10
2 5 8
2 6 8
1 10
2 5 10
1 7
1 9
2 5 8
2 4 7
3 3 6 10
1 10
1 12
5 1 2 3 5 10
2 8 12
2 5 9
1 11
3 7 10 11
1 9
2 8 11
3 4 8 12
2 7 8
1 10
3 4 5 9
5 1 2 3 6 12
1 11
2 7 8
1 10
2 7 8
2 4 8
2 5 9
1 6
1 10
3 3 5 6
2 5 9
2 8 12
1 5
2 9 11
1 10
2 9 11
2 5 9
1 11
1 8
1 11
2 8 11
3 4 5 9
1 10
3 5 9 10
2 4 9
3 5 8 9
1 11
5 2 3 5 7 11
2 9 12
1 12
2 7 10
1 9
2 7 12
1 6
1 8
3 2 3 5
2 4 9
1 10
1 11
2 9 12
3 1 2 3
1 8
3 7 8 12
2 2 4
2 5 9
4 1 2 3 6
1 11
1 9
2 4 7
1 11
1 5
2 7 10
2 7 10
1 7
1 12
1 10
4 2 3 4 6
1 11
3 2 3 5
3 7 8 10
1 9
4 2 3 5 10
3 3 5 6
1 8
2 6 8
3 2 3 5
4 4 5 9 10
1 11
1 12
6 2 3 5 6 9 10
1 5
1 11
4 1 5 9 10
2 6 12
2 5 10
3 3 5 6
1 10
2 8 12
1 8
2 5 11
1 9
1 8
1 9
2 3 6
2 6 12
2 7 9
1 6
2 8 10
2 8 12
4 7 8 11 12
1 12
5 2 3 5 10 12
2 5 9
1 8
1 12
2 10 12
3 2 3 6
2 5 9
2 5 9
4 3 5 6 9
1 9
1 10
1 11
1 10
1 9
2 5 10
1 11
1 9
2 6 9
1 1
3 6 7 9
1 12
4 4 5 9 12
1 7
2 4 8
3 3 5 6
2 11 12
2 5 10
1 5
1 9
2 4 9
1 12
5 3 4 5 6 9
2 5 9
1 12
1 9
2 11 12
3 7 10 11
1 7
1 7
2 1 12
2 8 12
1 11
1 5
2 3 6
1 7
1 5
2 8 12
2 6 9
3 4 9 10
1 10
2 5 9
3 4 9 10
1 12
1 6
3 7 8 10
1 10
1 5
1 10
1 11
3 4 5 9
1 8
1 7
2 5 10
2 3 5
3 4 9 10
3 5 9 11
1 7
2 5 9
1 5
2 10 11
1 9
1 11
2 5 9
1 11
1 8
3 4 8 9
2 5 9
1 1
1 10
1 11
2 8 11
1 12
1 4
3 4 8 9
2 6 10
1 9
1 10
3 1 2 10
3 5 10 11
2 5 10
1 12
2 5 9
1 11
2 7 11
1 6
2 5 11
2 5 8
2 5 9
4 4 5 9 10
1 11
1 8
1 11
1 11
2 7 11
2 9 12
2 11 12
3 4 8 10
1 8
3 4 7 9
1 11
3 5 9 12
2 7 10
2 4 9
3 4 9 10
3 2 4 9
2 4 5
4 4 7 8 9
3 3 5 10
1 8
2 7 10
1 12
1 12
2 6 8
1 11
1 11
1 11
2 4 10
1 11
1 10
4 1 2 3 5
3 6 7 12
2 1 2
4 2 3 4 8
2 6 10
1 11
2 6 9
3 5 9 11
3 8 9 12
3 4 5 9
2 4 10
3 5 9 10
1 10
2 7 11
1 10
1 10
2 8 12
4 2 3 4 5
1 9
4 1 2 3 6
1 7
1 11
1 10
2 7 8
4 1 2 4 10
1 12
1 5
2 5 10
1 5
1 11
2 7 9
3 3 6 12
1 10
3 2 4 9
2 1 9
3 7 8 12
1 11
1 7
1 1
2 7 8
1 8
2 7 10
2 8 12
3 5 9 10
1 8
5 3 4 5 6 9
1 7
1 10
2 7 11
1 12
1 12
1 11
1 6
2 7 8
1 12
1 8
1 6
1 11
1 12
2 7 12
1 6
4 3 5 6 9
2 6 8
2 3 6
1 11
2 7 8
1 9
1 6
3 4 5 10
2 5 9
1 7
1 5
1 11
1 11
1 10
1 12
3 4 7 9
2 5 9
4 4 5 9 10
3 3 5 6
2 7 10
2 5 11
1 7
1 5
2 4 8
1 11
2 5 10
1 7
1 12
2 5 9
4 2 3 4 9
1 10
1 8
1 11
1 12
3 5 9 12
2 5 9
2 7 8
1 6
1 10
1 11
1 12
1 11
3 6 8 12
1 4
1 8
1 12
1 8
1 7
2 5 9
3 2 3 6
1 10
3 5 7 10
1 6
1 7
1 6
2 8 12
3 3 5 6
1 11
2 6 10
1 6
3 4 5 9
4 2 3 5 10
1 10
2 4 9
1 5
1 12
1 9
1 5
3 4 9 10
2 10 12
2 4 9
2 4 10
2 8 9
2 7 11
2 5 9
1 5
1 10
2 5 9
2 5 9
1 11
1 10
2 4 9
1 12
2 9 10
1 9
1 9
2 7 10
2 3 5
2 8 12
1 6
2 7 10
1 12
1 11
1 9
1 10
1 10
1 1
1 10
2 9 12
1 6
3 4 5 9
2 5 9
5 1 2 3 6 7
1 9
1 12
1 11
2 9 10
5 1 2 4 5 9
1 9
1 12
3 1 2 3
4 4 7 8 10
2 11 12
4 3 4 6 10
1 9
1 7
2 7 8
2 7 8
3 4 7 9
1 6
2 10 12
2 5 9
2 4 10
1 5
1 7
2 4 9
2 7 9
2 3 5
1 10
1 11
5 1 2 3 6 10
2 9 12
2 10 11
2 6 10
1 11
3 7 8 12
3 2 3 6
1 9
2 10 12
1 7
1 10
4 4 6 8 10
1 10
2 7 8
4 5 7 9 10
1 12
3 2 3 5
2 4 5
3 4 9 11
2 5 9
2 4 10
1 12
2 1 2
1 5
6 1 2 4 5 9 11
1 1
3 8 9 12
1 9
2 5 12
1 12
1 9
1 6
2 7 9
2 9 10
2 9 12
3 4 5 9
1 5
2 4 9
2 5 10
2 7 8
1 8
1 1
1 7
1 11
1 12
2 4 7
2 9 11
2 7 8
2 1 2
1 11
3 4 5 9
3 6 7 10
2 6 12
4 4 8 10 12
1 8
2 5 9
4 4 7 8 9
1 7
3 4 8 9
1 11
2 8 10
1 6
1 11
2 4 10
3 1 2 3
1 9
1 8
4 3 5 6 8
1 12
1 10
4 2 4 8 10
1 9
3 3 5 6
3 5 9 10
2 3 6
1 12
1 11
2 5 9
3 3 5 9
1 9
1 8
1 7
4 1 2 3 6
1 8
1 12
1 12
1 11
1 11
4 1 2 3 6
1 9
2 6 9
3 1 2 4
1 11
2 5 10
3 4 7 8
4 3 5 6 9
1 11
3 4 8 9
1 11
1 11
3 5 9 10
1 6
1 10
1 7
3 5 9 10
2 7 10
2 5 9
1 10
1 8
2 5 9
1 11
3 2 4 9
3 2 4 8
1 9
1 8
1 9
4 5 7 9 10
4 1 2 3 5
1 10
1 11
3 3 5 6
1 11
1 8
1 11
1 10
3 2 3 5
2 4 7
1 7
1 11
1 8
5 2 3 4 6 10
1 11
2 5 9
1 9
1 7
1 6
2 8 10
1 7
3 3 5 6
1 7
1 10
1 8
1 7
3 5 9 12
2 6 12
2 5 11
1 10
1 7
2 5 9
3 6 10 12
1 5
1 10
3 3 5 6
1 8
1 11
1 7
2 6 12
2 6 10
3 2 3 6
1 11
2 6 12
1 5
2 9 12
1 7
5 2 3 5 9 12
2 5 9
2 8 10
1 11
1 8
1 11
2 6 9
1 11
3 3 5 6
1 11
3 1 2 4
2 6 10
4 2 3 6 9
1 5
1 11
2 7 12
1 9
1 5
1 5
2 5 9
2 7 10
2 7 8
2 4 9
1 10
4 3 5 7 11
2 6 10
4 4 5 9 10
1 10
5 3 4 5 6 9
2 9 12
1 10
3 1 2 9
2 9 12
2 6 9
2 1 2
2 4 7
1 10
2 5 10
1 12
1 12
1 7
2 7 8
2 5 10
1 9
1 11
3 5 9 10
1 8
3 3 5 10
2 7 12
4 3 5 6 10
1 10
1 5
5 2 3 4 8 10
1 11
2 7 8
3 1 3 6
3 2 3 6
1 9
3 4 8 9
2 6 11
2 4 5
4 3 4 5 6
3 1 2 4
1 10
1 12
1 10
1 6
2 8 9
1 12
1 11
1 10
3 5 9 10
3 8 10 12
1 8
3 2 3 6
1 11
2 7 10
1 10
3 4 8 9
1 11
1 9
3 6 8 12
2 9 12
1 11
1 11
1 11
1 7
1 12
2 4 10
1 7
1 12
2 5 11
1 7
1 10
1 11
1 11
1 12
1 12
2 7 9
1 10
2 5 9
1 11
1 11
2 7 10
1 10
5 2 3 6 7 8
1 8
2 5 9
3 4 5 9
1 10
3 5 9 10
1 9
2 5 7
1 13
4 14 20 24 25
1 15
1 16
2 17 21
2 18 22
1 19
1 23
1 26
1 27
1 13
1 14
1 15
2 16 20
1 17
1 18
4 19 21 22 23
1 24
1 25
1 26
1 27
3 13 20 21
1 14
2 15 19
2 16 18
2 17 22
1 23
2 24 25
2 26 27
3 13 18 20
2 14 15
1 16
1 17
1 19
2 21 22
1 23
2 24 25
2 26 27
1 13
1 14
1 15
2 16 18
1 17
1 19
1 20
2 21 22
3 23 24 25
2 26 27
3 13 16 18
2 14 15
2 17 21
1 19
1 20
1 22
3 23 24 25
1 26
1 27
2 13 18
3 14 16 19
1 15
3 17 21 22
2 20 25
1 23
1 24
1 26
1 27
2 13 19
1 14
1 15
2 16 18
1 17
2 20 25
1 21
1 22
1 23
1 24
2 26 27
2 13 22
1 19
1 19
1 20
1 19
1 18
1 18
1 19
2 16 19
2 16 19
1 20
1 20
3 13 21 22
1 18
2 15 18
2 16 19
1 18
3 16 18 20
1 19
2 16 18
1 18
2 16 18
1 13
1 18
1 13
1 22
1 27
1 13
1 20
1 15
2 17 21
1 15
1 19
2 17 21
1 16
2 15 18
1 13
2 18 20
1 19
2 20 25
2 16 18
2 15 19
2 15 19
3 13 20 21
1 13
2 15 16
3 19 20 25
2 15 19
2 13 21
2 18 19
3 16 18 19
1 18
1 15
1 14
3 14 16 19
1 19
2 13 19
2 13 18
1 19
1 18
4 13 18 20 25
2 23 26
3 13 17 21
1 15
2 21 22
1 13
2 16 20
2 15 16
4 13 16 21 22
3 17 21 22
1 13
2 16 19
1 15
1 20
2 16 19
1 16
2 13 22
1 18
2 16 18
3 13 21 22
5 20 22 23 24 25
3 16 18 20
3 16 18 19
1 13
4 15 16 19 20
3 23 26 27
5 21 22 23 26 27
1 13
1 19
1 18
1 20
3 13 22 23
2 13 22
3 13 17 21
3 13 17 21
2 17 18
2 16 20
2 13 15
1 16
1 18
1 18
2 16 19
2 16 18
1 20
2 16 19
1 19
1 13
1 15
1 16
1 18
1 13
2 17 21
1 18
1 13
3 15 16 19
1 18
3 13 21 22
1 13
1 15
1 18
4 15 16 18 19
3 17 20 21
1 22
1 13
1 18
1 13
2 17 18
3 13 15 22
1 16
2 16 19
2 15 18
2 13 20
2 21 22
1 19
2 13 21
2 19 22
1 17
3 13 16 18
2 19 20
2 15 19
3 16 18 19
4 19 20 25 27
2 16 19
2 26 27
2 15 19
2 14 24
3 13 17 21
1 17
1 15
5 19 20 21 22 25
2 17 21
6 16 19 20 25 26 27
1 17
1 19
1 18
1 16
2 15 19
1 13
1 16
1 20
1 16
2 19 20
1 18
2 15 20
1 14
1 15
1 15
2 21 22
3 13 17 21
2 16 19
3 18 20 25
1 15
1 13
1 17
1 20
3 13 19 22
2 16 17
4 20 25 26 27
1 14
1 17
1 13
5 19 22 23 24 25
4 13 17 21 22
1 19
3 17 21 22
1 16
1 14
2 16 19
1 15
1 13
2 16 19
1 19
3 15 16 19
1 18
1 23
1 19
1 16
2 16 18
2 17 21
1 20
1 16
2 22 23
4 13 16 19 20
1 17
1 17
3 13 17 21
1 14
1 15
2 13 22
1 18
1 19
2 16 19
2 13 21
1 18
1 15
1 16
1 20
3 13 17 21
3 13 17 21
1 16
3 16 18 19
1 13
3 23 26 27
2 18 19
1 15
2 15 19
4 14 20 24 25
2 20 25
1 17
1 18
2 16 19
3 16 19 20
2 15 19
1 16
2 16 19
2 16 19
5 20 23 25 26 27
6 13 17 21 22 23 24
4 13 22 23 24
3 13 17 21
1 13
1 19
2 14 15
4 13 21 22 23
1 16
3 16 18 19
1 13
4 13 17 21 22
2 13 22
1 18
1 17
2 17 21
1 15
1 18
1 17
2 14 24
2 13 20
1 16
2 17 20
3 13 17 21
1 13
3 19 22 23
1 17
2 17 21
3 13 20 21
2 16 19
3 17 21 22
1 18
2 16 18
1 20
1 19
1 16
2 16 19
2 16 19
1 13
3 16 18 19
1 19
1 19
2 14 15
2 20 25
1 15
2 13 15
2 16 19
1 15
2 13 18
3 13 22 23
3 16 19 22
3 19 21 22
1 18
1 17
4 15 17 19 21
1 20
1 16
3 15 16 19
1 17
4 13 17 21 22
1 13
2 13 19
3 13 18 20
1 17
2 17 21
1 20
1 17
1 15
5 13 20 21 22 23
1 15
4 13 17 21 22
4 20 25 26 27
3 20 24 25
1 17
4 24 25 26 27
3 17 20 21
2 17 21
3 13 16 19
2 16 19
2 16 18
3 16 19 20
2 20 25
1 18
3 13 18 22
3 13 21 22
1 18
3 13 20 25
1 14
2 13 19
4 21 22 23 26
1 13
1 22
1 14
5 13 22 23 26 27
3 13 17 21
1 13
2 13 18
2 18 19
3 17 19 21
2 16 19
1 20
1 15
1 16
1 18
3 13 17 21
3 13 17 21
4 17 21 22 23
3 13 15 20
1 18
2 16 19
2 13 22
3 13 22 23
6 13 21 22 23 26 27
1 19
4 13 22 23 26
1 17
3 13 16 18
1 17
4 16 19 21 22
1 20
4 14 23 24 26
3 15 16 19
1 15
1 17
1 15
2 16 18
2 16 19
1 14
1 18
2 15 20
2 16 18
2 13 21
2 16 19
1 13
2 15 19
1 19
2 19 20
2 14 15
1 18
3 17 21 22
1 16
2 13 22
1 15
1 20
2 16 19
3 21 22 23
2 13 19
1 15
3 13 21 22
3 13 22 23
2 16 20
1 17
1 19
1 17
1 15
6 17 21 22 23 26 27
1 15
2 16 20
4 14 23 24 26
1 17
2 14 19
2 20 25
2 13 22
4 14 19 23 24
3 13 19 22
2 21 22
1 13
2 19 21
1 15
1 13
1 13
3 17 21 22
6 13 21 22 23 24 25
1 16
2 13 19
2 18 19
3 16 18 19
1 16
3 13 18 22
2 13 22
1 13
1 16
1 14
1 15
1 16
5 13 16 19 21 22
4 13 22 23 26
2 18 19
1 16
3 17 19 21
1 15
3 14 23 24
1 14
1 20
3 16 19 20
1 15
3 15 16 19
1 19
4 13 22 23 26
2 13 20
3 17 21 22
1 13
2 15 18
3 14 24 25
2 16 20
1 15
2 16 19
1 13
2 15 16
3 14 24 25
1 19
2 26 27
2 13 16
2 14 15
3 13 16 18
2 20 25
4 20 23 24 25
5 13 17 21 22 23
1 15
1 20
4 13 17 21 22
2 13 18
7 13 21 22 23 24 25 27
1 17
1 18
4 16 17 19 21
2 16 19
1 15
1 18
1 17
5 13 17 19 21 22
2 15 20
4 14 20 24 25
4 17 19 21 22
4 13 20 21 22
1 18
4 13 16 21 22
4 13 16 21 22
3 13 18 21
3 15 16 19
2 15 19
2 13 22
1 20
2 13 18
1 17
1 13
5 13 18 22 23 24
1 20
1 13
1 16
2 16 19
1 18
1 18
3 13 22 23
1 20
4 13 14 20 25
4 13 19 21 22
1 14
1 13
3 13 17 21
2 13 19
1 16
2 15 18
3 13 17 21
3 14 23 24
4 13 19 21 22
4 16 17 19 21
3 15 20 25
2 13 20
4 15 16 18 19
1 13
1 13
3 19 22 23
3 17 21 22
3 17 21 22
1 18
1 16
1 14
1 13
3 16 20 25
3 17 21 22
1 13
1 18
1 18
1 15
1 14
3 16 18 19
1 14
1 14
5 13 22 23 24 25
1 17
1 19
1 19
3 20 25 27
3 13 22 23
1 18
2 17 21
1 19
2 16 18
1 19
3 17 21 22
1 15
1 20
4 20 25 26 27
3 13 18 19
1 18
1 18
3 13 21 22
7 13 22 23 24 25 26 27
4 17 21 22 23
1 18
1 14
3 17 21 22
1 18
1 18
3 13 20 25
1 20
1 16
4 22 23 26 27
5 23 24 25 26 27
1 18
4 14 20 24 25
1 14
1 15
1 18
2 16 19
1 19
4 21 22 23 26
2 16 19
1 16
3 13 21 22
2 13 22
2 13 22
2 16 19
2 15 16
1 20
2 20 25
1 14
1 13
2 13 16
1 22
2 18 19
2 13 19
1 13
1 14
3 20 25 27
5 14 23 24 26 27
1 13
4 13 22 23 24
2 20 25
3 15 16 18
3 13 21 22
2 16 19
1 20
1 13
2 13 19
1 19
3 15 18 20
2 13 18
2 13 18
1 13
1 17
1 16
3 13 21 22
1 13
1 17
1 20
2 17 18
1 18
1 19
1 15
2 16 19
3 15 16 19
3 15 16 19
1 15
1 13
4 20 23 24 25
2 13 18
1 16
3 13 22 23
2 13 20
2 13 18
1 15
3 13 21 22
2 15 19
2 14 15
1 17
1 15
3 20 25 27
1 15
4 13 14 17 21
2 16 19
1 19
1 16
4 15 19 21 22
3 13 15 20
2 15 20
4 20 25 26 27
1 19
1 19
1 18
2 13 22
2 16 18
1 20
1 19
1 20
2 16 19
3 20 24 25
1 16
1 15
4 13 15 19 21
2 17 21
2 13 22
1 20
1 13
3 13 21 22
5 14 23 24 26 27
3 13 18 20
1 13
2 15 20
2 22 23
6 20 21 22 23 24 25
1 15
2 13 14
1 20
1 13
1 18
1 15
1 19
2 13 21
1 14
4 13 18 22 23
2 15 18
3 13 17 21
2 15 18
3 14 24 25
1 18
4 13 16 19 20
2 18 20
1 18
2 16 19
1 13
2 17 21
1 19
1 14
2 22 23
3 15 19 21
1 18
1 15
2 16 19
1 15
5 13 16 17 19 21
2 19 20
2 16 19
1 19
2 15 16
4 14 23 24 26
1 15
1 18
1 18
3 16 18 19
3 23 24 25
1 18
1 15
1 18
1 21
2 18 19
1 20
1 20
2 16 18
1 13
1 22
1 13
3 13 16 18
1 16
3 18 19 22
1 14
1 14
2 16 18
2 20 25
1 20
2 18 20
3 15 16 19
1 13
2 18 19
1 22
1 17
2 13 19
4 13 22 23 24
2 20 25
2 13 21
2 20 25
2 19 20
1 18
3 18 20 25
1 17
2 14 24
2 16 19
1 13
1 19
2 15 19
2 15 18
1 20
3 20 21 22
2 16 19
2 13 19
1 13
2 16 18
2 16 19
1 19
1 15
1 16
1 19
5 13 22 23 24 25
2 14 24
3 15 16 19
1 18
1 19
1 20
1 19
2 13 21
2 17 21
3 13 20 22
1 16
3 13 22 23
1 20
1 18
1 13
2 13 19
4 14 20 24 25
1 19
1 16
1 14
4 13 18 21 22
2 15 19
2 16 19
3 13 19 22
5 13 18 20 22 23
2 20 25
1 18
2 15 19
2 17 21
2 20 25
1 16
1 15
6 13 20 22 23 24 25
1 14
2 16 19
1 18
3 16 19 22
1 17
2 13 21
1 16
2 15 20
1 15
3 17 20 21
1 18
1 18
3 14 24 25
1 18
1 18
2 19 20
1 13
3 17 20 21
1 13
2 16 18
2 15 18
3 16 18 19
2 16 19
1 16
2 20 25
5 20 22 23 24 25
4 13 16 18 21
5 17 21 22 23 26
1 17
1 19
2 16 19
2 20 25
5 14 16 19 22 23
1 19
5 16 19 20 24 25
1 19
1 14
1 15
1 18
2 16 19
1 17
3 14 23 24
3 16 19 20
3 20 25 27
1 13
1 19
2 13 21
2 13 22
3 13 21 22
2 13 18
1 16
2 20 21
1 14
1 13
1 15
5 14 15 20 24 25
2 13 21
2 13 21
2 20 25
1 15
2 13 20
1 15
1 13
1 14
2 13 21
5 14 23 24 26 27
1 18
2 13 22
1 19
1 19
1 14
2 16 19
2 14 15
7 13 21 22 23 24 25 27
2 13 18
2 16 19
1 18
3 13 18 19
5 13 22 23 24 25
1 15
4 13 19 21 22
2 15 18
1 15
2 13 18
6 20 23 24 25 26 27
4 13 20 21 22
1 13
5 20 22 23 24 25
1 19
1 14
2 16 19
1 19
1 15
4 20 25 26 27
2 13 22
3 13 21 22
2 14 24
3 16 20 25
2 14 24
2 16 18
3 13 16 19
3 17 19 21
1 19
2 15 20
1 13
2 19 20
4 13 15 21 22
1 20
2 16 19
2 18 19
1 19
1 13
3 13 19 21
2 16 19
1 14
2 16 19
1 13
1 19
1 20
1 18
1 20
2 13 22
1 22
5 21 22 23 26 27
2 20 25
1 18
1 15
1 19
1 13
1 20
2 16 19
1 14
1 15
1 18
1 19
1 15
2 15 20
2 15 19
2 16 19
1 19
1 19
3 13 17 21
4 14 15 24 25
4 13 21 22 23
2 20 25
1 17
2 16 19
2 13 20
2 16 18
1 17
1 19
1 20
2 13 22
1 18
3 22 23 26
3 16 18 19
3 13 16 20
1 13
1 15
1 19
2 16 20
1 16
2 21 22
3 13 16 19
3 13 20 22
3 13 16 19
2 15 19
3 15 16 19
1 17
2 13 20
1 19
4 13 21 22 23
2 17 21
5 21 22 23 26 27
2 13 21
2 13 19
1 14
2 13 20
2 19 21
1 14
4 20 23 24 25
1 19
1 14
1 17
1 19
3 13 21 22
1 14
2 18 20
1 19
4 15 16 18 19
1 14
1 18
2 13 22
1 15
1 19
3 15 16 19
4 13 20 21 22
2 13 20
3 13 19 21
1 15
1 20
1 19
1 20
1 16
2 22 23
1 20
1 13
1 13
1 18
2 15 19
1 14
1 20
4 20 23 24 25
4 16 19 20 25
4 14 20 24 25
1 14
5 20 23 25 26 27
2 16 19
3 16 18 19
1 32
1 33
1 34
2 35 36
2 37 38
1 39
1 40
1 28
1 29
1 30
1 31
1 32
1 33
1 34
3 35 36 40
2 37 38
1 39
1 28
2 29 31
1 30
1 32
1 33
2 34 40
1 35
1 36
1 37
1 38
1 39
2 28 31
1 29
1 30
2 32 35
2 33 40
1 34
1 36
1 37
1 38
1 39
1 28
1 29
1 30
1 31
1 32
2 33 35
2 34 40
1 36
1 37
1 38
1 39
2 28 31
1 29
1 30
1 32
1 33
1 34
2 35 40
1 36
2 37 38
1 39
1 28
1 29
1 30
1 31
2 31 32
1 33
1 34
1 35
1 36
2 37 38
2 28 39
1 40
1 29
1 30
2 32 35
2 33 40
1 34
1 36
1 37
1 38
1 39
1 28
1 29
1 30
1 31
1 32
2 37 38
3 36 37 40
1 31
1 40
1 38
3 35 37 38
3 35 37 38
1 36
2 33 34
2 33 34
1 36
1 40
2 33 34
1 33
1 36
1 33
1 33
3 35 36 37
1 35
1 33
4 35 36 37 38
2 33 34
1 33
1 35
2 31 32
2 35 36
3 35 36 37
3 35 36 40
2 36 40
1 32
1 40
1 38
1 40
2 33 34
3 35 37 38
3 35 37 38
1 35
1 40
1 33
2 35 36
2 33 34
2 36 40
4 36 37 38 39
1 40
3 35 37 38
3 33 34 40
3 36 37 38
1 31
3 35 36 40
1 33
1 35
1 33
1 33
1 40
1 40
1 33
3 35 37 38
2 35 37
1 33
1 40
2 33 40
3 28 31 32
1 35
2 33 34
2 33 40
3 35 36 37
1 32
1 40
1 32
2 33 34
1 36
1 34
4 36 37 38 40
4 28 31 36 40
3 35 36 40
2 33 34
1 40
1 31
1 40
4 35 36 37 38
4 28 35 36 37
2 31 32
1 35
2 33 34
2 35 40
4 33 34 36 37
3 35 37 38
2 35 36
2 36 39
3 36 37 38
1 33
1 31
2 35 36
3 35 36 37
3 35 37 38
2 35 40
2 28 40
1 35
1 40
2 33 34
2 35 36
1 32
1 40
3 33 35 36
1 36
3 35 36 39
2 36 37
1 33
1 35
3 28 33 34
1 28
3 33 34 35
1 33
3 28 29 35
1 34
1 36
1 38
1 33
2 31 35
2 35 37
1 31
3 35 37 38
2 35 36
1 33
1 31
3 35 37 38
1 34
1 40
1 35
1 33
4 35 36 37 38
1 35
1 40
1 40
1 40
3 36 37 38
1 33
3 36 37 38
1 40
1 35
1 33
1 33
1 31
1 40
1 35
1 31
1 40
3 35 37 38
3 33 34 40
2 35 36
2 35 40
2 33 34
1 40
3 35 37 38
2 33 34
2 33 34
2 33 34
1 36
1 35
3 28 29 30
1 33
1 31
1 31
1 38
1 32
2 28 32
1 33
2 36 37
2 33 34
4 35 36 37 40
1 40
2 35 40
2 28 29
1 40
3 36 37 38
1 40
1 35
1 31
4 28 29 30 31
3 36 39 40
1 40
1 35
1 31
3 35 36 40
1 40
1 40
1 35
3 35 37 38
1 40
2 35 36
1 32
2 33 34
3 35 37 38
2 28 29
3 28 29 40
2 33 40
2 35 36
1 33
1 40
1 40
4 33 34 37 38
3 35 37 38
1 35
2 35 40
1 40
4 35 36 37 40
1 33
1 31
3 35 36 39
2 33 34
1 35
3 28 29 30
2 33 34
1 35
1 40
2 35 36
1 33
1 34
1 38
1 35
1 40
1 31
3 36 37 38
1 31
1 33
1 33
1 34
1 31
1 40
3 35 36 37
1 33
1 40
2 33 34
2 31 33
4 35 36 39 40
1 35
4 36 37 38 39
2 33 34
1 40
2 33 34
1 40
3 35 36 37
2 35 40
3 35 37 38
2 28 40
1 31
2 35 40
1 35
2 36 40
3 28 29 33
2 28 33
1 40
4 28 29 30 33
1 28
1 35
2 33 34
1 40
2 31 40
2 28 40
1 31
1 40
1 38
2 33 34
1 35
2 35 40
3 35 36 37
4 35 36 37 38
1 40
1 31
4 36 37 38 40
1 35
1 40
1 35
1 31
2 35 36
2 32 33
2 35 40
1 40
1 28
1 34
2 28 29
1 40
2 36 40
3 35 37 38
2 33 34
3 35 36 37
1 35
2 35 36
4 28 35 37 38
2 35 36
2 37 38
1 35
1 38
1 40
1 35
2 36 40
1 40
2 37 38
2 35 36
1 36
3 35 36 37
2 33 40
2 36 40
1 38
1 31
2 35 37
2 33 35
1 38
2 31 32
1 35
3 35 36 40
3 35 36 39
1 40
1 35
3 36 39 40
4 35 36 37 39
2 36 37
1 34
2 33 34
1 33
1 40
3 35 37 38
1 36
1 40
1 32
2 33 34
1 40
3 35 36 37
1 28
2 35 40
1 40
1 40
2 33 34
1 35
2 28 40
2 33 34
1 35
2 35 36
1 35
3 36 37 38
1 33
1 35
1 28
3 35 36 37
1 40
1 38
1 35
1 40
1 40
2 35 37
1 35
2 33 34
2 35 40
2 35 37
1 31
2 28 29
1 36
3 35 36 40
2 33 34
1 33
3 35 37 38
1 38
2 36 39
1 35
4 33 34 36 40
3 35 36 37
2 36 37
1 38
2 35 37
1 31
2 33 34
1 35
1 34
1 33
1 33
1 32
2 31 32
2 35 40
1 40
2 35 40
1 33
3 35 37 38
2 36 39
2 31 33
1 35
2 33 34
2 35 38
1 35
3 36 37 38
1 34
1 34
1 40
2 36 39
1 28
3 35 36 37
2 35 40
2 36 39
1 40
2 35 40
1 38
2 33 34
1 35
2 33 34
2 36 39
1 38
1 40
1 40
1 33
1 40
1 31
1 36
2 33 36
2 33 40
1 40
4 35 36 37 38
1 40
3 36 37 38
1 33
1 40
1 34
2 28 40
2 33 35
3 35 36 40
2 33 34
2 35 36
2 35 36
2 35 36
1 40
1 31
3 35 36 37
2 33 34
4 35 36 37 40
1 33
3 35 36 37
1 28
3 36 37 40
2 31 32
1 35
1 35
2 36 40
1 38
4 35 36 37 38
1 33
1 32
1 28
1 40
2 36 39
1 35
1 35
1 33
2 33 34
1 35
3 35 36 40
2 35 36
2 35 36
4 28 35 37 38
2 37 38
1 40
1 40
1 31
4 33 35 37 38
1 40
1 40
1 35
1 35
2 33 34
2 35 36
2 36 37
2 35 40
2 35 37
1 31
1 40
1 28
1 36
1 40
1 38
2 33 34
2 36 40
1 40
2 33 34
2 35 36
2 36 40
1 40
3 36 39 40
1 40
1 35
3 35 36 40
2 35 40
1 40
1 36
1 34
2 36 39
1 40
3 35 37 38
1 35
2 35 36
2 35 36
2 33 35
3 36 37 38
1 40
1 40
1 36
2 28 40
2 33 34
1 40
1 40
2 33 34
2 36 39
2 35 36
1 40
1 34
1 33
1 40
2 37 38
1 38
1 40
2 35 36
1 31
3 28 29 30
2 33 34
1 40
2 35 36
1 31
3 35 36 37
1 40
1 38
5 35 36 37 38 40
2 35 36
1 33
3 35 37 38
1 34
1 34
2 33 34
2 28 31
4 36 37 38 39
3 35 36 39
2 28 29
3 28 33 34
1 31
2 35 36
1 40
2 33 34
3 35 36 37
2 33 34
3 36 37 38
1 34
1 38
1 40
2 36 39
4 35 36 37 38
1 31
3 35 37 38
1 36
2 31 35
1 40
1 40
2 36 40
3 35 36 37
2 31 40
2 35 37
1 34
3 35 36 40
1 35
2 33 34
4 35 36 37 39
1 31
2 36 40
3 36 39 40
2 36 39
2 31 35
2 36 39
1 40
2 33 34
2 33 40
1 31
2 35 36
1 40
4 35 36 39 40
1 35
1 36
1 40
2 28 40
3 35 37 38
2 33 34
3 28 35 37
1 33
3 28 35 36
2 28 40
1 36
1 33
3 33 34 40
1 33
2 33 34
1 40
2 36 40
5 33 34 36 37 38
1 40
1 33
3 35 36 37
1 40
2 35 40
1 33
2 35 36
1 36
3 35 36 37
3 32 33 34
3 35 36 40
1 40
3 36 37 38
1 36
3 35 36 37
2 33 35
1 40
1 35
2 35 36
1 40
2 33 34
1 40
2 35 40
1 33
1 35
1 40
2 35 36
2 35 36
1 40
1 33
2 37 38
4 36 37 38 39
1 40
4 33 34 35 36
1 36
1 35
1 36
1 36
1 33
3 35 37 38
3 41 53 55
4 42 46 47 52
4 43 48 49 50
1 44
2 45 54
1 51
2 56 57
1 41
4 42 49 50 52
1 43
2 44 47
1 45
1 46
1 48
1 51
1 53
1 54
1 55
1 56
1 57
1 41
3 42 43 52
4 44 46 47 54
1 45
4 48 49 50 53
1 51
1 55
1 56
1 57
2 41 53
3 42 43 47
2 44 50
1 45
2 46 52
2 48 49
2 51 54
1 55
2 56 57
1 41
2 42 52
3 43 46 47
1 44
2 45 48
3 49 50 54
1 51
1 53
1 55
1 56
1 57
1 41
5 42 46 47 52 57
1 43
1 44
2 45 54
2 48 53
1 49
1 50
1 51
1 55
1 56
1 41
4 42 43 46 47
1 44
2 45 52
1 48
2 49 50
1 51
1 53
1 54
1 55
2 56 57
2 41 53
3 42 43 52
2 44 54
1 45
1 46
1 47
1 48
1 49
1 50
1 51
1 55
2 56 57
1 43
3 41 52 53
2 41 53
1 52
1 54
1 57
5 41 42 43 48 52
2 41 53
1 55
5 42 43 48 49 50
1 54
1 41
4 42 49 50 52
2 46 47
2 41 43
3 54 56 57
1 46
1 57
2 54 57
1 53
1 54
2 41 53
5 41 48 49 51 53
2 56 57
5 43 44 46 54 57
2 41 54
2 43 44
2 43 54
1 55
1 43
2 41 46
1 54
1 55
1 53
1 54
2 41 46
1 53
4 42 43 46 47
3 41 48 53
3 54 56 57
2 53 55
5 42 43 44 47 52
1 53
5 42 43 44 45 47
2 41 53
5 41 48 49 51 53
1 53
2 42 43
1 41
1 55
2 41 48
3 41 48 49
1 43
1 52
2 42 43
2 41 53
1 53
1 41
1 57
1 55
1 41
4 42 46 47 52
5 42 43 48 49 50
1 41
2 54 57
3 41 53 55
1 55
1 41
1 46
5 41 46 48 49 51
2 41 53
2 41 53
3 48 49 51
3 41 48 53
1 54
2 54 57
4 41 48 49 53
2 54 57
3 42 47 52
2 41 53
2 41 53
2 43 44
1 41
4 42 46 47 50
2 56 57
1 43
3 43 54 57
3 42 46 47
1 53
1 41
4 41 42 43 52
2 41 53
3 42 47 52
2 41 53
1 53
2 42 43
1 53
1 57
1 55
3 42 47 52
2 41 48
1 54
3 41 43 53
7 41 42 48 49 50 53 54
1 54
1 41
2 41 53
1 52
1 53
7 41 42 46 48 49 50 52
2 41 53
3 41 46 53
3 42 46 47
1 46
1 53
1 53
4 42 43 49 50
3 41 48 49
3 41 53 55
2 54 55
1 53
3 42 43 52
1 57
6 41 42 43 48 49 50
1 55
5 41 48 49 50 53
1 57
3 55 56 57
1 41
5 42 49 50 51 52
1 54
1 46
1 57
1 54
1 43
3 41 48 53
2 41 53
4 43 54 56 57
1 53
1 46
1 55
4 41 42 46 47
2 54 57
2 43 44
4 42 43 44 52
4 42 43 46 47
4 42 46 47 52
1 41
3 43 44 45
1 53
1 53
2 43 54
2 54 57
2 54 56
3 54 55 56
1 54
1 41
1 41
2 41 53
2 42 52
4 42 43 46 47
1 41
2 41 48
2 41 53
3 53 54 57
2 56 57
1 41
3 43 44 45
1 41
1 54
1 52
1 55
2 41 53
2 41 43
1 52
2 54 57
1 41
1 46
1 46
1 52
1 55
2 41 53
1 43
1 54
2 41 53
3 42 43 52
1 46
5 42 48 49 50 52
2 55 56
2 54 57
1 53
1 57
1 55
1 54
2 46 47
2 41 48
2 53 54
1 55
1 41
1 54
2 42 52
2 55 56
1 55
1 55
3 41 53 54
4 41 53 54 57
1 55
3 42 47 52
1 54
1 53
1 54
1 52
1 43
6 41 42 43 49 50 51
1 43
2 53 55
2 42 43
2 41 53
1 55
1 53
1 57
3 43 44 55
3 54 56 57
3 41 48 53
1 55
2 43 53
1 41
6 41 42 43 48 49 50
1 53
3 41 46 48
1 41
1 46
1 41
7 41 42 43 48 49 50 53
6 42 43 44 45 46 47
1 53
2 42 52
1 54
2 56 57
3 41 48 53
2 41 55
1 46
2 41 53
2 54 57
4 42 43 47 53
1 41
5 41 48 49 50 53
2 41 48
2 55 56
1 43
5 42 43 44 45 52
1 52
2 41 53
1 53
4 41 43 44 53
2 41 53
2 41 48
4 42 43 46 47
5 41 42 43 50 53
1 54
1 53
1 53
1 53
1 43
2 41 53
3 42 43 50
1 46
3 43 44 45
3 41 48 53
1 43
1 43
3 41 43 53
1 54
2 54 57
1 41
3 41 42 43
2 43 44
1 41
2 41 53
1 54
5 41 43 44 53 54
4 41 48 49 50
1 54
6 41 42 48 49 50 52
3 54 56 57
1 53
1 53
2 41 53
4 41 48 49 53
1 53
1 53
1 43
1 41
3 41 43 55
6 41 42 46 47 48 49
1 53
2 41 53
3 54 56 57
2 41 53
3 42 50 52
2 41 53
1 46
2 43 53
1 53
1 46
2 55 56
2 41 53
1 41
1 41
4 42 43 46 47
3 42 50 52
3 55 56 57
2 54 57
3 41 53 55
1 52
3 43 54 56
1 41
1 46
1 46
1 46
1 43
2 41 53
1 43
2 41 53
3 42 43 52
1 41
4 41 48 49 51
1 43
3 42 43 52
1 53
1 41
1 54
3 41 48 53
1 53
3 43 44 45
2 43 44
1 53
2 41 53
2 54 57
1 53
2 41 55
1 41
1 54
2 41 53
2 43 54
2 41 55
2 43 44
2 42 52
2 41 53
4 41 48 49 50
7 41 42 43 48 49 50 53
4 54 55 56 57
4 54 55 56 57
3 55 56 57
4 41 46 47 48
2 43 44
6 41 42 48 49 50 52
2 46 57
2 42 43
2 56 57
1 41
1 55
6 41 46 47 48 49 51
2 41 53
3 41 54 57
2 41 53
1 55
2 55 56
1 55
3 41 53 55
2 43 44
1 52
3 42 43 47
2 41 48
1 53
1 46
1 54
4 41 43 44 53
1 53
2 53 55
1 41
1 53
3 53 55 56
1 53
1 54
2 42 43
4 42 43 46 47
1 55
3 41 48 53
1 41
2 46 53
3 55 56 57
1 46
4 41 48 49 51
4 42 46 47 52
1 41
3 42 43 47
1 52
1 53
5 41 42 43 46 47
2 41 48
1 53
3 55 56 57
3 46 54 57
3 46 54 56
2 42 52
2 54 57
1 55
1 43
3 42 46 47
2 54 56
3 41 48 55
3 41 46 54
1 54
1 41
2 41 53
2 42 43
1 43
2 54 57
2 41 53
1 53
2 54 57
2 54 56
2 41 53
2 53 55
2 43 54
6 41 43 44 48 49 51
2 41 48
2 41 54
1 55
3 41 48 49
1 41
1 46
2 41 53
1 43
3 55 56 57
2 41 53
3 41 46 53
3 54 56 57
5 42 46 47 50 57
1 41
1 53
2 46 47
2 42 52
1 55
1 41
1 53
1 46
2 41 46
1 57
2 41 53
1 52
3 41 43 53
1 55
4 41 43 44 53
5 42 43 49 50 51
1 54
1 54
3 54 56 57
1 57
1 56
2 54 57
2 46 57
2 53 55
2 56 57
1 53
5 42 43 49 50 51
1 54
1 41
2 46 54
3 46 47 57
1 57
5 42 46 47 52 57
3 46 54 57
2 41 52
1 54
1 54
3 42 50 52
4 42 46 47 50
2 54 57
2 41 53
2 55 56
2 41 53
1 55
2 46 47
1 41
2 41 53
1 53
2 42 43
3 43 44 45
1 41
1 52
1 46
4 42 46 47 52
4 41 48 49 51
2 41 53
2 41 53
2 41 55
5 42 48 49 50 52
1 54
1 46
1 55
2 46 47
4 42 46 47 57
1 53
2 42 43
1 41
1 55
1 52
2 43 53
2 46 47
3 42 43 52
1 53
3 42 43 52
2 43 53
3 42 43 52
3 41 48 49
1 43
1 41
2 41 53
4 41 46 56 57
3 43 44 45
2 41 48
2 46 57
5 42 43 48 49 50
4 42 46 47 52
1 53
3 54 56 57
1 43
5 42 48 49 50 52
2 54 57
3 46 47 57
4 41 43 48 49
1 46
2 41 53
2 43 44
3 54 56 57
1 41
2 46 47
2 46 47
1 46
2 54 57
1 55
3 42 46 47
4 42 46 47 52
4 41 48 49 51
5 41 48 49 51 53
2 54 57
2 41 53
2 55 56
2 41 53
4 43 44 54 57
7 41 42 43 48 49 50 53
6 42 46 47 49 50 57
1 53
1 53
1 55
5 42 43 44 45 52
2 54 57
1 55
1 53
2 54 57
1 52
1 43
2 43 54
3 41 48 49
2 54 57
1 53
3 54 56 57
2 54 56
2 41 53
1 56
3 42 43 52
3 55 56 57
2 42 43
2 41 53
3 41 53 54
2 41 53
2 41 54
2 41 53
1 53
2 41 53
1 52
3 41 43 53
1 46
1 46
1 41
4 41 48 49 53
1 52
2 41 53
2 41 48
2 41 53
2 54 57
3 42 46 47
1 46
2 41 53
4 42 46 47 50
3 41 48 49
2 54 57
3 42 43 50
1 55
2 41 53
4 41 48 49 51
2 41 53
1 41
1 53
1 55
3 43 44 45
1 41
1 53
1 54
2 43 54
1 53
1 55
2 55 56
1 54
1 53
3 42 46 47
1 54
1 53
2 56 57
6 41 42 48 49 50 52
1 43
1 54
3 42 50 52
1 55
3 42 43 50
3 41 55 56
6 42 46 47 48 49 50
1 46
2 43 55
3 43 44 53
2 53 54
1 53
1 41
3 42 43 52
2 41 54
1 53
2 56 57
3 42 50 52
1 43
2 41 53
2 42 52
1 41
2 56 57
4 54 55 56 57
1 53
2 54 57
1 55
2 46 47
1 41
1 41
1 41
1 53
1 53
1 55
2 41 46
1 55
1 41
4 42 46 47 52
1 41
2 41 53
1 53
2 54 57
4 64 70 73 74
1 65
1 66
1 67
1 68
1 69
1 71
1 72
1 58
1 59
1 60
2 61 63
1 62
5 61 62 64 67 72
2 65 66
1 68
1 69
3 70 73 74
1 71
1 58
2 59 60
1 63
2 64 66
2 65 68
2 67 70
1 69
2 71 72
2 73 74
1 58
1 59
1 60
1 61
1 62
1 63
2 64 66
3 65 73 74
1 67
1 68
1 69
1 70
1 71
1 72
1 58
4 59 60 61 62
1 63
1 64
2 65 66
1 67
1 68
1 69
2 70 74
2 71 72
1 73
1 58
4 59 60 61 62
1 63
3 61 64 66
2 65 73
1 67
1 68
1 69
1 70
1 71
1 72
1 74
1 58
1 59
1 60
1 62
1 63
2 64 66
1 65
1 67
1 68
1 69
1 70
1 71
1 72
1 73
1 74
1 58
1 59
1 60
2 61 62
1 63
1 64
1 65
1 66
1 67
1 68
1 69
1 70
2 71 72
1 73
1 74
1 58
1 59
1 60
2 61 62
1 63
1 68
1 68
3 70 73 74
4 61 63 64 67
1 68
2 70 71
3 70 73 74
1 66
5 66 70 71 73 74
1 71
1 70
2 71 72
1 68
1 62
1 68
2 71 72
1 68
3 70 71 72
1 59
1 72
1 72
2 71 72
1 70
3 70 71 72
1 66
2 64 65
1 58
1 68
2 73 74
1 73
1 66
2 71 72
2 64 66
2 71 72
1 73
4 61 62 64 65
1 70
4 66 70 73 74
2 71 72
1 68
3 70 71 72
3 70 73 74
1 72
1 68
1 70
3 61 62 63
4 70 71 72 74
1 68
3 61 63 64
1 64
2 69 70
1 68
2 70 74
2 58 68
2 70 71
1 68
1 68
1 72
2 68 72
2 73 74
1 66
1 72
1 72
4 61 62 64 65
1 69
2 67 68
4 70 71 73 74
1 70
1 66
1 68
2 68 72
1 68
2 71 72
1 73
1 66
3 70 71 72
1 72
2 62 64
1 72
1 68
3 61 64 66
2 58 68
1 68
2 61 64
1 67
1 72
1 68
4 61 62 63 68
1 68
4 70 71 73 74
3 70 73 74
3 70 73 74
2 68 69
2 71 72
1 68
2 71 72
1 72
2 71 72
1 68
3 61 62 70
2 70 74
2 70 71
2 66 68
5 70 71 72 73 74
2 71 72
1 68
2 71 72
2 73 74
1 68
3 70 71 72
1 68
4 62 70 71 72
1 72
2 70 74
2 70 74
1 68
3 70 73 74
2 66 68
1 64
1 68
1 66
2 59 60
1 70
1 70
1 68
1 59
1 67
1 73
2 68 73
2 71 72
1 68
3 61 62 68
1 67
5 70 71 72 73 74
2 70 71
1 66
4 70 71 73 74
1 66
1 62
1 73
2 59 68
1 73
1 71
3 59 60 69
4 66 70 73 74
1 72
1 66
1 58
1 68
2 71 72
2 68 70
1 73
1 70
3 59 60 68
1 68
1 68
2 70 74
4 61 62 64 66
1 69
1 68
1 68
1 70
2 68 70
3 67 73 74
1 73
2 64 65
1 58
3 58 64 67
1 68
2 64 66
2 58 64
1 68
2 71 72
2 66 73
1 68
2 61 62
2 70 71
1 66
1 73
3 70 73 74
1 70
1 68
1 68
2 61 62
5 61 62 64 65 68
2 70 71
1 73
1 68
1 59
1 70
1 73
3 61 62 63
1 68
1 73
1 68
1 69
1 70
2 71 72
1 68
2 70 71
4 70 71 72 74
1 68
1 72
3 70 73 74
1 70
2 70 71
2 59 68
1 71
1 69
2 62 68
3 71 72 73
1 73
3 64 65 66
3 72 73 74
3 70 73 74
2 70 71
1 73
1 73
3 70 73 74
1 72
1 72
3 71 72 73
3 70 71 72
1 70
2 71 72
2 62 68
2 70 71
4 61 63 64 66
2 71 72
1 72
1 64
1 73
3 70 71 72
2 58 68
1 70
1 70
2 73 74
1 70
1 72
5 61 62 64 65 68
1 67
2 71 72
2 73 74
2 71 72
1 68
1 66
1 68
4 58 70 73 74
1 69
2 68 70
1 66
1 68
3 70 73 74
2 70 74
1 68
2 73 74
1 67
1 73
2 68 70
2 71 72
3 72 73 74
1 66
1 69
1 72
2 73 74
3 70 71 73
1 66
3 70 71 72
1 68
3 59 64 67
1 73
3 64 65 66
1 69
1 72
1 72
2 71 72
1 68
1 73
3 61 62 68
3 61 62 64
2 62 68
1 72
3 70 73 74
1 69
2 71 72
1 70
2 70 71
1 66
3 70 73 74
2 71 72
2 70 71
1 67
3 70 71 72
1 68
1 70
3 70 71 72
1 68
1 69
1 70
3 64 65 66
1 72
1 73
1 68
1 68
1 73
2 73 74
3 66 73 74
1 73
1 62
2 71 72
1 68
1 72
1 70
4 70 71 73 74
3 70 73 74
2 72 73
2 70 71
1 72
2 71 72
2 64 66
2 66 67
1 72
2 59 68
4 68 70 73 74
1 66
1 72
2 71 72
1 66
2 70 71
5 61 62 64 65 68
2 70 71
1 72
1 70
3 70 73 74
1 68
2 70 74
1 68
1 66
1 70
2 66 72
3 70 71 72
2 71 72
2 61 62
1 72
1 68
4 68 70 71 72
2 66 73
1 72
1 72
1 70
2 70 74
1 68
2 72 73
1 72
1 70
2 61 62
2 66 67
1 70
2 70 71
1 66
2 71 72
1 66
1 66
1 73
1 68
1 73
1 72
2 58 72
2 71 73
1 69
3 70 71 72
3 70 73 74
1 68
3 70 71 72
1 67
2 70 74
1 58
1 68
1 58
4 61 62 63 70
1 61
2 70 71
1 70
2 61 62
1 72
3 70 71 72
1 70
1 70
1 70
3 70 71 72
3 70 71 74
1 73
1 66
1 70
1 70
1 70
1 59
1 68
1 68
2 66 73
1 72
4 70 72 73 74
1 68
1 68
2 58 68
1 66
1 73
1 61
2 70 71
2 70 71
1 72
3 70 71 72
1 64
1 72
1 73
1 68
2 70 74
2 72 73
1 70
1 73
2 70 71
1 72
5 70 71 72 73 74
1 68
1 72
1 70
1 66
2 66 73
2 72 73
1 70
2 70 71
3 70 71 72
1 71
2 59 60
1 68
1 68
1 73
4 67 70 73 74
2 70 71
1 72
2 70 71
3 70 73 74
2 64 66
2 68 70
2 71 72
1 70
5 70 71 72 73 74
3 70 71 72
1 70
4 59 60 61 62
1 66
1 72
2 59 68
1 68
1 68
1 73
1 69
1 69
3 70 73 74
1 68
4 70 71 72 74
1 72
2 71 72
2 70 71
2 71 72
3 70 71 72
1 72
2 64 65
3 61 62 68
6 61 62 63 70 73 74
4 70 71 72 74
2 62 68
1 68
1 73
1 68
2 70 71
3 70 71 72
1 73
1 66
3 70 73 74
2 71 72
2 62 68
1 68
2 70 71
2 70 71
1 73
1 64
1 69
1 72
2 70 71
1 70
1 72
1 68
1 72
1 70
2 61 62
2 64 65
5 64 65 70 73 74
2 73 74
1 67
2 71 72
3 70 73 74
1 67
2 67 73
1 73
3 71 72 73
1 68
2 62 70
1 68
1 73
1 68
1 66
1 71
3 70 73 74
1 64
3 68 70 74
2 72 73
1 64
1 69
4 61 62 63 68
1 70
2 58 68
3 70 73 74
1 68
1 68
2 64 73
1 64
3 61 62 69
4 61 62 63 68
2 59 60
1 72
2 71 72
1 66
1 69
1 73
1 68
1 62
1 73
1 68
3 70 71 72
2 58 68
1 72
1 64
1 68
1 73
3 59 61 62
2 73 74
3 70 71 72
2 70 71
3 70 73 74
2 75 86
2 76 77
2 78 87
1 79
1 80
1 81
1 82
3 83 84 85
4 75 77 78 83
3 76 84 85
2 79 87
1 80
1 81
1 82
1 86
2 75 86
1 76
3 77 78 87
1 79
1 80
1 81
2 82 83
2 84 85
7 75 76 77 83 84 85 87
1 78
1 79
1 80
1 81
1 82
1 86
3 75 77 83
1 76
1 78
1 79
2 80 87
1 81
1 82
2 84 85
1 86
3 75 76 77
3 78 83 84
1 79
2 80 81
1 82
1 85
1 86
1 87
3 75 83 86
1 76
1 77
1 78
1 79
1 80
2 81 87
1 82
2 84 85
3 75 77 83
1 76
2 78 87
1 79
2 80 86
2 81 82
2 84 85
1 87
1 83
3 75 83 86
3 75 76 83
1 86
2 75 76
5 77 78 80 81 85
5 75 77 78 80 83
1 76
3 84 85 87
1 83
2 75 76
3 75 76 83
1 87
1 76
2 78 79
3 77 78 82
3 75 76 83
3 75 77 78
2 78 80
3 77 78 87
3 75 76 77
3 75 77 86
1 76
1 76
3 75 76 86
1 86
1 87
1 76
2 75 76
1 87
3 75 76 86
2 75 86
3 77 78 79
5 75 76 77 78 79
3 75 76 86
3 75 76 77
5 75 77 84 85 86
3 75 76 86
3 75 77 86
1 83
1 87
3 75 83 86
1 76
6 75 77 78 83 84 85
3 75 83 86
1 83
1 76
3 75 76 86
3 75 76 86
4 75 77 78 86
3 78 80 81
1 76
1 76
1 86
1 87
4 77 78 79 87
5 75 77 84 85 86
3 83 84 85
3 77 78 82
2 78 79
2 75 83
2 76 83
3 75 83 86
2 83 84
1 87
2 78 79
3 75 76 86
3 75 76 83
3 77 78 87
1 77
2 75 83
3 75 76 86
2 75 76
1 86
1 83
1 83
2 77 78
2 75 86
5 75 76 83 84 85
4 75 77 78 86
4 78 80 81 87
3 83 84 85
1 87
1 76
2 77 78
1 85
1 87
3 83 84 85
4 75 76 83 84
3 75 76 86
1 87
2 75 77
4 77 78 79 87
1 76
1 76
1 83
4 75 77 86 87
4 75 76 83 84
3 75 76 86
2 75 76
2 84 85
1 83
4 75 76 77 78
5 75 76 83 84 85
3 75 76 86
3 75 76 83
3 75 77 86
1 87
3 75 77 86
4 75 76 77 87
1 87
2 84 85
2 83 84
3 83 84 85
3 75 76 86
1 76
4 77 78 80 81
2 78 82
1 87
3 75 83 86
5 75 76 77 78 82
2 75 77
1 76
1 76
1 85
1 87
1 87
1 87
3 75 83 86
2 78 82
3 75 77 86
2 75 76
2 77 78
4 75 76 77 85
1 87
1 76
1 87
3 83 84 85
2 77 78
3 75 76 86
4 75 77 78 86
3 75 83 86
5 75 77 83 84 85
1 76
1 76
1 78
6 75 77 78 83 84 85
1 87
2 77 78
2 78 80
1 85
1 87
3 77 78 85
4 75 83 84 86
1 87
3 75 76 86
1 78
1 76
3 76 78 79
1 76
1 77
1 78
1 76
4 75 77 78 86
4 75 77 78 83
3 75 76 86
3 83 84 85
1 76
3 75 76 83
3 83 84 85
1 76
2 75 83
1 87
3 75 77 87
3 75 77 83
1 76
1 87
3 83 84 85
4 75 76 83 84
1 87
1 86
2 75 76
3 78 80 81
5 75 77 78 80 86
1 78
1 83
1 76
5 75 77 83 84 87
2 75 77
1 83
1 86
3 83 84 85
3 75 76 86
3 75 77 86
2 83 84
2 84 85
1 83
3 83 84 85
2 75 83
1 87
2 77 87
3 75 76 86
3 75 77 83
1 87
3 75 83 86
2 78 82
3 83 84 85
1 85
4 75 76 77 87
1 76
2 83 84
3 75 76 77
3 75 76 83
3 78 79 82
2 78 82
4 75 76 77 78
2 83 84
5 75 76 77 78 79
3 75 83 86
1 77
5 75 83 84 85 86
2 83 84
1 76
3 75 76 86
3 77 78 82
3 75 77 86
3 75 76 86
1 86
1 83
3 77 78 82
4 75 77 78 86
1 76
1 76
2 77 87
5 75 76 77 78 82
1 77
1 87
3 75 76 86
1 87
2 75 76
1 87
1 87
3 75 76 86
2 77 78
3 75 76 86
1 83
1 87
1 86
3 75 83 86
1 76
1 83
5 75 77 78 80 86
3 75 76 86
4 75 76 83 86
1 87
4 75 76 77 78
1 87
3 77 78 79
1 86
1 87
1 78
2 75 76
2 77 78
2 77 78
1 85
3 75 77 83
1 83
4 75 77 83 84
5 75 76 83 84 85
3 75 76 86
2 78 80
2 78 82
3 77 78 87
1 85
3 75 76 83
6 75 83 84 85 86 87
2 75 86
3 77 78 82
1 87
1 76
3 75 76 83
3 75 76 86
1 78
1 76
2 75 76
3 75 77 87
2 78 80
1 76
1 87
3 75 76 83
1 76
2 83 84
1 76
1 76
3 78 80 81
1 87
3 75 76 86
2 75 76
1 85
3 75 77 86
4 83 84 85 87
1 76
4 75 77 78 86
2 75 83
1 87
1 76
2 77 78
3 77 78 87
6 75 76 83 84 85 87
3 83 84 85
1 83
2 75 86
2 78 80
3 75 76 86
2 78 82
3 75 76 86
2 77 78
3 75 76 83
1 76
3 75 76 83
3 75 77 86
2 84 85
1 83
1 76
1 78
4 77 78 79 87
1 76
1 87
5 75 76 83 84 85
3 78 80 81
1 83
3 75 77 86
2 78 82
1 76
3 75 76 86
4 75 76 83 84
1 76
2 75 86
1 87
1 87
5 78 80 81 85 87
1 87
3 75 83 86
5 75 76 77 78 82
1 76
1 83
3 84 85 87
1 76
1 87
3 75 77 86
1 83
2 75 86
1 87
2 75 86
1 87
2 75 83
1 76
3 75 77 83
1 78
1 87
1 87
1 83
6 75 77 78 79 83 84
3 75 76 83
2 85 87
1 76
1 83
5 75 76 83 84 85
4 77 78 82 87
3 75 76 77
3 75 76 86
1 76
1 85
3 83 84 85
1 76
3 75 83 86
2 75 83
1 83
1 77
1 86
1 86
4 75 76 83 84
1 87
3 75 76 77
2 75 76
2 84 85
3 77 78 80
3 93 95 96
1 97
2 89 98
2 94 99
1 100
1 88
2 90 91
1 92
1 96
2 95 97
1 98
1 99
1 100
1 88
1 89
2 90 91
1 92
1 93
1 94
2 95 96
1 97
1 98
3 93 94 99
1 100
1 88
1 89
2 90 91
1 92
2 96 99
2 95 97
1 98
2 93 100
2 88 89
2 90 91
1 92
1 94
2 95 96
3 93 94 97
1 98
1 99
1 100
2 88 89
1 90
1 91
1 92
1 96
4 93 94 95 97
1 98
1 99
1 100
1 88
1 89
1 90
1 91
1 92
2 95 96
2 89 97
1 98
2 94 99
1 100
1 88
2 90 93
1 91
1 92
2 95 96
1 97
1 98
3 93 94 99
3 90 91 100
2 88 89
1 92
1 94
1 89
1 96
2 95 96
1 96
2 88 89
1 95
2 88 89
2 93 94
1 99
2 95 97
2 90 91
1 98
1 89
2 93 94
2 90 91
2 95 96
2 90 91
2 88 89
1 91
3 90 91 99
3 95 96 98
2 90 91
1 90
1 94
1 90
1 89
2 93 94
3 93 94 99
2 90 91
1 89
1 89
1 93
2 91 93
2 90 99
2 94 95
2 93 94
1 94
1 89
1 90
2 93 98
2 90 91
1 94
1 98
2 88 95
3 93 94 99
1 88
1 98
1 93
2 90 92
1 90
2 93 94
2 94 99
2 90 94
1 91
2 93 94
1 99
2 95 96
3 93 95 96
3 93 94 99
1 95
2 90 92
2 90 91
1 89
1 89
2 95 96
2 93 94
1 88
5 90 92 93 94 98
3 90 91 99
2 93 98
1 90
2 93 94
1 89
1 88
2 90 91
1 93
1 94
1 93
2 93 94
2 90 91
1 93
2 90 91
2 90 91
2 90 94
3 90 92 94
1 88
1 90
2 95 97
1 90
1 88
1 99
1 89
1 99
1 88
2 90 91
2 90 91
2 90 99
1 94
1 88
1 98
2 90 91
2 90 91
1 89
3 93 94 98
2 94 99
3 94 95 96
1 99
1 93
1 88
1 90
1 99
3 95 96 97
3 93 95 97
1 95
1 95
1 89
2 93 94
4 90 92 93 94
1 90
4 93 94 98 99
1 89
1 98
1 93
4 90 92 94 95
1 94
2 95 96
2 95 97
2 88 91
1 89
1 90
2 90 91
2 90 99
3 89 90 91
2 95 96
2 95 96
3 90 91 99
1 90
3 90 93 94
1 91
1 90
1 90
3 95 96 99
1 93
3 93 96 99
2 88 89
2 93 94
2 93 94
1 89
1 94
1 93
2 93 95
2 90 91
1 99
1 94
1 89
1 90
1 99
2 95 96
2 90 93
1 99
2 90 91
2 93 94
2 90 92
2 90 91
1 91
1 99
2 90 91
1 90
1 90
1 88
1 94
3 93 94 99
1 91
4 90 91 93 94
2 95 96
1 89
1 90
1 93
3 90 93 94
1 94
3 95 96 97
1 99
2 90 91
1 93
1 93
1 96
1 93
2 90 91
1 88
1 93
1 90
2 90 92
2 95 96
3 95 96 97
3 94 95 96
2 95 97
3 90 91 94
3 90 92 93
1 99
3 95 96 98
1 93
1 91
1 99
1 95
1 93
1 94
1 99
1 88
1 89
1 96
1 99
1 88
1 99
1 93
1 89
2 88 89
1 96
1 88
1 90
2 95 96
1 89
1 93
2 95 96
1 88
3 88 89 91
1 90
1 90
1 89
2 93 94
1 96
2 94 99
2 90 91
1 94
2 94 99
1 98
2 95 97
2 90 91
1 90
1 89
1 93
2 95 96
1 91
2 90 92
2 95 96
2 89 94
2 90 91
1 96
1 99
1 95
1 88
1 96
1 93
1 94
3 94 95 99
2 89 96
2 90 92
1 88
3 93 94 98
1 93
5 90 91 93 94 99
2 90 91
2 93 94
1 93
1 89
1 93
2 89 91
1 89
2 93 94
1 90
1 99
2 93 94
2 95 96
2 95 96
1 89
1 88
2 88 89
1 94
3 90 91 99
4 90 92 94 98
1 99
2 93 94
4 93 94 95 97
2 91 98
3 90 91 92
1 89
1 99
5 88 89 90 91 92
1 98
1 88
2 93 94
1 89
1 88
1 93
2 94 99
1 89
2 93 98
1 90
1 89
2 93 95
3 94 95 99
1 88
2 90 92
2 93 94
2 90 91
2 90 91
2 88 89
1 89
1 89
2 88 89
1 94
1 90
1 88
1 99
1 91
3 95 96 98
2 93 95
2 88 89
1 94
1 94
1 93
1 91
1 96
3 94 95 96
1 90
2 93 95
2 90 92
1 89
2 89 99
1 94
1 98
3 90 91 99
3 93 94 99
1 91
1 99
2 90 91
2 90 91
2 93 94
2 90 91
3 95 96 98
2 95 96
3 89 95 96
4 90 91 93 94
2 88 89
3 95 96 99
4 90 91 93 94
4 90 94 95 96
2 93 94
1 91
5 90 91 93 95 96
2 93 94
3 93 95 96
1 93
1 88
1 96
2 90 99
1 88
1 90
3 89 90 91
1 95
1 91
2 94 99
1 89
2 93 94
3 93 94 99
3 93 94 95
1 93
1 90
1 89
2 88 89
1 93
1 88
1 90
1 93
1 93
1 94
1 93
2 88 89
1 98
1 89
2 94 99
2 88 89
2 93 98
3 90 93 99
1 88
1 89
1 89
1 93
1 89
3 90 96 99
2 95 96
1 88
1 99
1 89
1 96
2 94 99
2 93 94
2 93 94
1 94
2 88 89
1 99
1 91
1 93
1 88
1 90
2 90 99
2 95 96
1 94
1 94
1 99
1 93
1 94
1 93
2 90 91
1 99
2 90 91
2 90 91
2 95 96
3 90 93 94
2 90 99
2 88 89
1 99
1 90
1 88
1 99
1 89
1 90
1 89
1 88
2 90 91
2 89 96
1 96
1 95
1 89
1 88
2 93 94
3 90 91 94
1 99
1 90
1 91
1 90
1 94
1 90
2 94 95
2 90 99
1 94
1 88
1 94
1 94
1 90
1 88
1 94
2 88 89
2 93 99
3 90 93 94
1 89
2 88 89
1 89
1 93
2 90 91
1 93
1 94
1 91
2 93 94
2 90 91
1 89
1 89
1 93
1 93
1 89
2 93 94
1 95
1 94
2 93 94
2 93 94
2 93 94
1 95
