78 2161
1 1
3 2 4 6
2 3 8
1 5
1 7
1 9
1 1
3 2 4 9
2 3 8
1 5
1 6
1 7
2 1 3
1 2
2 4 6
1 5
1 7
1 8
1 9
2 1 2
1 3
2 4 6
1 5
1 7
1 8
1 9
2 1 9
2 2 3
2 4 6
1 5
1 7
1 8
1 1
3 2 6 8
1 3
1 4
1 5
1 7
1 9
2 1 9
1 2
2 3 8
2 4 6
1 5
1 7
1 1
2 2 4
3 3 6 8
2 5 7
1 9
1 1
3 2 4 6
1 3
2 5 8
1 7
1 9
1 1
1 2
2 3 8
1 4
2 5 9
1 6
1 7
1 1
1 2
2 3 8
2 4 6
2 5 9
1 7
2 1 3
2 2 4
1 5
2 6 8
1 7
1 9
3 1 2 3
2 4 9
1 5
2 6 8
1 7
2 1 2
2 3 8
2 4 6
1 5
1 7
1 9
2 1 2
1 3
2 4 6
1 5
1 7
1 8
1 9
1 1
2 2 9
2 3 8
1 4
1 5
1 6
1 7
4 1 2 4 6
1 3
1 5
2 7 9
1 8
2 1 9
1 2
1 3
1 4
1 5
2 6 8
1 7
3 1 2 3
2 4 9
1 5
2 6 8
1 7
2 1 9
1 2
2 3 8
2 4 6
1 5
1 7
2 1 9
3 2 6 8
1 3
3 4 5 7
2 1 9
1 2
1 3
3 4 6 7
1 5
1 8
2 1 5
1 2
3 3 6 8
2 4 7
1 9
1 1
1 2
1 3
2 4 6
1 5
1 7
1 8
1 9
3 1 2 3
2 4 9
1 5
2 6 8
1 7
1 1
2 2 9
2 3 8
2 4 7
1 5
1 6
1 3
2 3 4
1 9
3 2 3 5
1 2
1 7
1 3
2 1 2
1 2
1 7
1 2
1 6
1 7
2 6 7
3 4 6 9
3 1 2 6
1 8
2 2 4
2 7 9
3 4 6 8
1 1
3 6 8 9
1 9
2 6 7
2 7 9
1 9
2 4 6
2 6 9
1 2
1 9
1 9
1 9
2 6 7
2 8 9
3 6 7 8
1 7
1 1
1 9
2 8 9
1 9
2 3 8
4 2 3 6 8
1 9
1 3
1 2
2 6 8
2 3 8
1 3
3 1 3 9
2 3 8
1 1
1 5
4 4 5 6 7
1 8
2 5 9
2 6 8
1 3
1 9
1 9
1 7
3 4 6 7
2 6 8
1 3
3 1 3 8
1 8
1 9
1 9
2 3 8
5 4 6 7 8 9
1 9
2 8 9
3 4 5 6
1 3
2 4 6
1 4
2 1 2
2 1 9
1 8
1 3
1 8
1 7
2 2 3
2 6 8
1 7
2 6 7
2 4 5
1 8
2 8 9
1 3
2 3 9
1 3
1 9
2 1 9
1 9
1 2
2 6 8
1 6
1 9
2 6 8
1 9
1 9
2 3 8
1 9
1 7
1 8
1 2
4 2 4 6 7
1 8
1 5
2 5 9
1 9
2 7 9
1 8
3 2 4 8
1 6
3 3 8 9
2 2 4
1 6
1 4
5 4 5 6 8 9
2 1 2
2 2 6
2 6 8
1 7
1 9
1 3
1 9
2 1 5
1 3
1 8
2 7 9
2 4 7
3 6 7 8
2 5 9
2 4 6
2 3 8
1 5
1 5
2 8 9
1 6
1 3
1 9
2 7 9
1 1
2 6 9
2 6 9
1 6
4 1 2 5 9
1 3
1 9
1 9
2 6 8
2 1 2
2 7 9
1 3
4 1 4 6 9
1 8
1 9
3 1 3 4
2 6 9
3 3 8 9
2 6 8
2 8 9
1 6
2 6 9
2 2 6
2 3 9
4 1 2 3 8
1 9
3 3 8 9
1 7
2 5 8
1 2
3 5 8 9
1 8
1 6
1 9
2 4 6
2 2 4
1 2
1 3
2 5 8
1 7
1 5
4 2 4 6 7
1 5
1 9
1 7
2 1 5
2 3 8
1 8
1 9
1 7
1 3
3 6 8 9
2 1 5
1 3
3 4 6 8
2 1 5
2 2 4
2 10 15
1 11
1 12
1 13
2 14 16
1 17
2 10 15
1 11
1 12
1 13
2 14 16
1 17
1 10
1 11
2 12 15
1 13
1 14
1 16
1 17
1 10
1 11
1 12
1 13
3 14 15 16
1 17
2 10 11
1 12
1 13
1 14
2 15 16
1 17
1 10
1 11
2 12 15
1 13
1 14
2 16 17
1 10
1 11
2 12 17
1 13
2 14 16
1 15
2 10 15
1 11
1 12
3 13 14 16
1 17
1 10
1 11
2 12 15
1 13
2 14 16
1 17
1 10
1 11
2 12 15
2 13 14
1 16
1 17
2 10 15
1 11
1 12
1 13
1 14
1 16
1 17
1 10
1 11
1 12
1 13
1 14
1 15
1 16
1 17
2 10 15
1 11
1 12
1 13
2 14 16
1 17
3 10 11 15
1 12
1 13
2 14 16
1 17
1 10
1 11
1 12
2 13 14
1 15
1 16
1 17
1 10
1 11
1 12
1 13
1 14
1 15
1 16
1 17
2 10 15
1 11
1 12
2 13 14
1 16
1 17
1 10
1 11
1 12
2 13 14
1 15
1 16
1 17
1 10
1 11
1 12
1 13
3 14 15 16
1 17
1 10
1 11
2 12 15
2 13 14
1 16
1 17
1 10
1 11
2 12 15
1 13
2 14 16
1 17
2 10 15
1 11
1 12
1 13
2 14 16
1 17
2 10 15
1 11
1 12
1 13
2 14 16
1 17
3 10 11 15
1 12
1 13
2 14 16
1 17
2 10 11
1 12
1 13
1 14
1 15
1 16
1 17
1 10
1 11
1 12
2 13 17
1 14
1 15
1 16
1 16
1 14
1 11
1 12
1 11
1 11
3 10 14 16
1 11
2 10 14
1 13
2 12 15
2 14 16
2 10 15
3 14 16 17
3 12 15 17
3 12 16 17
1 11
1 11
1 10
1 11
2 16 17
2 10 15
1 13
1 11
1 11
2 14 16
1 11
1 11
1 12
1 13
1 14
1 12
1 14
1 10
2 16 17
1 14
2 12 15
2 12 15
2 14 16
2 11 13
2 12 17
2 10 11
1 14
1 11
1 11
1 13
1 10
1 10
1 14
2 15 16
1 10
1 11
3 12 16 17
2 11 15
2 10 14
2 10 14
1 11
2 12 15
2 14 16
1 11
1 13
1 14
1 10
1 14
2 10 15
1 11
1 11
1 11
1 15
2 10 14
3 12 16 17
2 11 13
2 10 15
1 10
2 10 15
2 10 15
3 10 13 14
2 11 15
1 11
2 10 15
2 14 16
1 14
1 14
2 10 12
2 10 11
1 15
2 11 12
1 10
1 13
3 10 12 15
2 10 14
1 14
3 12 16 17
2 10 15
1 13
1 11
2 10 14
1 15
1 11
1 11
3 12 16 17
1 11
2 14 16
2 10 14
2 14 16
1 12
4 10 14 15 16
1 12
2 12 17
4 10 14 16 17
1 11
2 13 14
1 13
1 17
1 11
1 11
1 10
1 10
3 14 16 17
1 10
3 12 15 17
2 14 16
2 10 15
2 10 15
1 12
2 12 17
1 12
2 10 15
1 11
1 10
1 15
2 14 16
2 12 17
5 10 12 14 15 16
1 11
1 11
4 10 12 14 15
3 10 14 15
2 10 14
1 12
2 12 15
1 15
1 15
1 13
2 10 15
1 11
1 12
1 11
2 10 14
1 11
1 13
1 11
1 16
1 14
1 16
2 10 15
3 10 12 15
2 11 16
4 10 14 16 17
1 11
2 10 15
2 10 15
1 18
2 19 20
2 21 22
2 23 24
4 25 26 27 28
1 18
2 19 20
1 21
3 22 23 24
3 25 27 28
1 26
2 18 20
2 19 26
1 21
2 22 23
1 24
2 25 27
1 28
1 18
2 19 20
1 21
3 22 23 24
2 25 28
1 26
1 27
2 18 20
1 19
1 21
2 22 23
1 24
2 25 28
1 26
1 27
1 18
2 19 25
1 20
1 21
2 22 23
1 24
1 26
2 27 28
1 18
1 19
1 20
1 21
2 22 23
1 24
1 25
1 26
1 27
1 28
1 18
1 19
1 20
1 21
1 22
3 23 24 25
1 26
1 27
1 28
1 18
1 19
1 20
1 21
3 22 23 24
1 25
1 26
1 27
1 28
1 18
2 19 20
1 21
3 22 23 24
1 25
1 26
1 27
1 28
2 18 25
1 19
1 20
1 21
1 22
2 23 24
2 26 27
1 28
1 18
1 19
1 20
4 21 22 23 24
1 25
2 26 27
1 28
4 18 24 25 28
1 19
1 20
3 21 22 23
2 26 27
1 18
1 19
1 20
4 21 22 23 24
1 25
1 26
1 27
1 28
1 18
1 19
1 20
2 21 22
2 23 24
1 25
1 26
1 27
1 28
1 18
2 19 20
1 21
1 22
2 23 24
1 25
3 26 27 28
1 18
1 19
1 20
3 21 22 23
1 24
1 25
2 26 27
1 28
2 18 28
1 19
1 20
1 21
1 22
2 23 24
1 25
1 26
1 27
2 18 25
2 19 20
1 21
3 22 23 24
2 26 27
1 28
1 18
1 19
1 20
2 21 26
3 22 23 24
2 25 28
1 27
1 18
2 19 25
1 20
1 21
2 22 23
1 24
1 26
1 27
1 28
1 18
1 19
1 20
2 21 22
2 23 24
1 25
2 26 27
1 28
1 18
1 19
1 20
4 21 22 23 24
1 25
1 26
1 27
1 28
2 18 28
1 19
1 20
1 21
3 22 23 24
1 25
2 26 27
2 18 24
1 19
1 20
1 21
1 22
1 23
1 25
2 26 27
1 28
1 18
1 19
1 20
2 21 25
3 22 23 24
1 26
1 27
1 28
4 21 22 23 24
1 19
1 20
1 20
3 22 23 24
1 20
1 19
4 25 26 27 28
1 20
1 20
2 26 27
3 21 22 23
3 25 26 27
3 25 26 27
1 19
1 25
2 21 22
1 20
1 20
2 26 27
3 19 23 24
1 25
1 19
3 18 25 28
3 18 21 22
1 20
2 18 20
1 20
2 18 24
2 25 28
2 20 24
2 25 28
1 26
1 19
4 25 26 27 28
1 26
1 18
2 18 19
5 18 21 22 23 24
1 19
3 18 20 24
1 19
1 18
1 19
1 19
1 26
1 18
1 25
2 25 28
1 20
3 25 27 28
2 26 27
4 25 26 27 28
2 25 28
1 28
2 18 19
2 23 24
2 25 28
1 28
1 18
3 25 26 27
3 19 25 28
2 18 19
1 20
2 25 27
2 19 25
2 18 20
1 25
1 20
4 20 24 26 27
2 19 20
1 20
1 25
1 20
1 19
1 21
1 21
2 25 28
1 28
1 18
2 26 27
5 20 21 22 23 24
1 25
2 32 33
5 30 34 35 36 37
1 29
1 31
2 32 33
4 30 31 34 35
1 36
1 37
1 29
4 31 32 34 35
1 33
2 30 36
1 37
1 29
2 31 32
1 33
1 34
2 30 35
1 36
1 37
1 29
2 31 32
1 33
1 34
2 30 35
1 36
1 37
1 29
1 32
1 33
3 31 34 35
1 36
1 37
1 29
1 30
2 31 32
1 33
3 30 34 35
1 36
1 37
1 29
2 31 32
1 33
3 30 34 35
1 36
1 37
1 29
2 31 32
1 33
3 30 34 35
1 36
1 37
1 29
3 31 32 34
1 33
2 30 35
1 36
1 37
1 29
2 31 32
1 33
2 34 35
2 30 36
1 37
1 29
1 32
2 31 33
1 34
2 30 35
1 36
1 37
1 29
2 31 32
1 33
3 30 34 35
1 36
1 37
1 29
2 31 32
1 33
2 34 35
2 30 36
1 37
1 29
2 31 32
1 33
1 34
2 30 35
1 36
1 37
1 29
1 32
2 31 33
1 34
1 35
2 30 36
1 37
1 29
1 32
1 33
3 30 31 34
1 35
1 36
1 37
1 29
1 32
1 33
2 31 34
2 30 35
1 36
1 37
1 29
2 31 32
2 30 33
1 34
1 35
1 36
1 37
1 29
2 31 32
1 33
1 34
2 30 35
1 36
1 37
1 29
1 32
1 33
5 30 31 34 35 36
1 37
1 29
1 32
4 31 33 34 35
2 30 36
1 37
1 29
1 32
1 33
4 30 31 34 35
1 36
1 37
1 29
2 31 32
1 33
2 34 35
2 30 36
1 37
1 29
1 32
1 33
5 30 31 34 35 36
1 37
1 29
2 31 32
4 30 33 34 35
1 36
1 37
1 29
3 30 31 32
2 30 35
1 36
1 30
2 30 36
2 31 34
2 32 33
1 36
1 31
1 30
1 30
2 30 36
2 32 33
2 31 32
5 30 31 32 34 35
2 31 32
1 36
1 30
1 30
2 30 36
2 30 36
2 31 32
1 31
2 31 32
3 30 34 35
1 37
2 32 33
1 32
2 31 32
1 37
1 31
4 31 32 34 35
1 36
2 32 33
2 30 36
2 30 36
5 30 31 32 34 35
2 31 34
2 31 32
2 31 32
4 30 34 35 36
2 31 32
2 30 35
2 31 32
4 30 31 32 36
2 31 32
1 37
2 32 33
2 31 32
1 36
2 36 37
2 31 32
1 30
1 38
1 39
1 40
1 41
4 42 43 46 47
2 44 45
3 38 39 40
1 41
3 42 44 46
1 43
2 45 47
3 38 40 45
3 39 44 46
1 41
2 42 43
1 47
2 38 39
1 40
1 41
2 42 43
1 44
1 45
1 46
1 47
2 38 39
1 40
1 41
2 42 43
1 44
1 45
2 46 47
2 38 39
2 40 46
2 41 42
1 43
1 44
1 45
1 47
1 38
1 39
1 40
2 41 42
1 43
1 44
2 45 47
1 46
2 38 39
2 40 45
2 41 42
1 43
1 44
1 46
1 47
2 38 39
1 40
1 41
2 42 43
1 44
1 45
1 46
1 47
2 38 40
1 39
1 41
2 42 43
1 44
1 45
2 46 47
3 38 39 42
1 40
1 41
1 43
1 44
1 45
1 46
1 47
2 38 47
2 39 44
1 40
1 41
1 42
1 43
1 45
1 46
1 38
1 39
2 40 45
1 41
1 42
2 43 46
1 44
1 47
2 38 42
1 39
2 40 43
2 41 45
1 44
1 46
1 47
1 38
3 39 42 45
1 40
1 41
1 43
2 44 47
1 46
1 38
2 39 44
1 40
1 41
1 42
1 43
1 45
2 46 47
1 38
1 39
1 40
1 41
1 42
1 43
1 44
1 45
1 46
1 47
2 38 42
1 39
1 40
1 41
1 43
1 44
1 45
1 46
1 47
3 38 42 43
1 39
1 40
2 41 46
1 44
1 45
1 47
1 38
2 39 42
1 40
1 41
1 43
1 44
1 45
1 46
1 47
1 38
1 39
1 40
1 41
1 42
1 43
1 44
1 45
1 46
1 47
1 38
1 39
1 40
1 41
1 42
1 43
1 44
1 45
1 46
1 47
2 38 40
3 39 42 43
1 41
1 44
1 45
1 46
1 47
1 38
1 39
1 40
1 41
1 42
1 43
2 44 46
1 45
1 47
1 38
1 39
1 40
1 41
1 42
1 43
1 44
1 45
1 46
1 47
1 38
1 39
1 40
1 41
1 42
3 43 45 47
2 44 46
1 45
1 43
1 45
1 44
1 45
1 41
1 46
1 42
1 42
1 44
1 40
2 42 43
2 45 47
1 45
1 44
2 44 46
1 41
2 42 43
2 44 46
2 45 47
1 41
2 45 47
2 44 45
2 44 46
1 45
1 44
2 44 46
2 42 43
1 45
2 44 46
2 44 46
2 45 47
1 40
2 42 43
1 44
1 46
2 42 43
1 44
2 44 46
2 45 46
2 42 43
1 44
3 44 45 46
2 44 46
1 41
1 42
2 42 43
1 40
1 40
1 45
2 42 43
3 40 42 43
3 45 46 47
1 41
2 45 47
1 43
1 42
1 40
1 44
1 45
1 42
2 40 41
1 42
2 45 47
1 40
1 42
1 42
1 44
1 47
1 41
2 41 42
1 43
2 42 43
1 45
1 41
1 44
3 45 46 47
1 44
2 44 45
2 44 46
1 45
1 45
1 40
1 46
3 44 45 46
1 41
1 44
2 44 46
1 40
2 44 46
2 41 42
1 44
1 46
2 45 47
1 43
1 44
1 41
1 41
1 44
1 44
4 48 49 50 51
1 52
3 53 55 56
1 54
4 48 49 50 52
1 51
1 53
1 54
2 55 56
1 48
3 49 50 51
1 52
3 53 55 56
1 54
2 48 51
3 49 50 52
1 53
2 54 56
1 55
2 48 51
2 49 50
1 52
1 53
1 54
2 55 56
1 48
2 49 51
1 50
1 52
1 53
2 54 56
1 55
3 48 49 50
1 51
1 52
2 53 55
2 54 56
2 48 53
2 49 50
1 51
1 52
2 54 56
1 55
1 48
2 49 50
2 51 55
1 52
1 53
1 54
1 56
2 48 49
1 50
1 51
1 52
1 53
1 54
2 55 56
2 48 51
1 49
1 50
1 52
1 53
3 54 55 56
1 48
2 49 51
1 50
1 52
2 53 55
2 54 56
1 48
2 49 52
1 50
1 51
1 53
1 54
1 55
1 56
3 48 54 56
2 49 50
1 51
2 52 55
1 53
1 48
3 49 50 52
3 51 55 56
1 53
1 54
2 48 50
3 49 54 56
1 51
1 52
1 53
1 55
1 48
3 49 50 51
1 52
1 53
2 54 56
1 55
1 48
3 49 50 51
1 52
3 53 55 56
1 54
4 48 50 51 52
1 49
1 53
1 54
1 55
1 56
1 48
3 49 50 51
2 52 55
1 53
1 54
1 56
1 48
2 49 50
1 51
1 52
1 53
1 54
1 55
1 56
2 48 53
1 49
2 50 55
1 51
3 52 54 56
2 48 52
1 49
2 50 55
1 51
1 53
1 54
1 56
1 48
3 49 50 55
1 51
1 52
1 53
1 54
1 56
1 48
3 49 50 51
1 52
1 53
1 54
1 55
1 56
1 48
1 49
2 50 51
1 52
1 53
3 54 55 56
1 54
1 55
1 51
1 56
2 49 50
1 49
1 51
1 50
1 54
1 55
2 51 55
1 51
2 49 50
1 51
1 53
1 51
3 53 54 55
1 55
1 54
2 51 55
1 51
2 55 56
3 54 55 56
3 54 55 56
1 53
1 51
1 51
2 55 56
4 48 49 50 51
2 55 56
3 52 54 56
2 55 56
1 55
3 53 54 56
1 52
1 53
1 51
1 53
1 55
1 51
2 48 55
2 48 49
2 51 52
1 53
2 53 54
1 51
1 48
2 54 55
2 49 51
1 51
3 54 55 56
1 53
1 51
2 49 51
1 51
1 51
1 48
2 54 55
1 55
2 55 56
2 54 56
1 55
1 51
1 55
1 55
1 51
2 53 55
3 48 49 50
1 53
1 53
1 56
1 55
3 48 49 50
2 49 51
4 53 54 55 56
2 55 56
3 54 55 56
1 51
1 53
1 55
2 54 56
2 54 55
1 52
3 49 50 51
1 53
2 48 52
1 51
1 54
2 54 56
2 53 54
2 48 51
2 51 53
2 54 56
1 48
1 55
1 51
1 55
1 55
2 51 53
1 55
2 51 52
1 55
2 55 56
1 52
1 54
1 54
2 48 53
1 51
1 55
1 54
1 52
1 48
1 51
1 48
2 51 53
1 51
1 55
2 55 56
1 56
2 51 52
1 51
1 50
2 52 55
2 53 55
2 53 54
1 55
1 51
2 52 55
1 51
1 51
1 56
4 64 65 66 67
3 63 68 72
1 69
2 70 71
3 73 74 75
1 76
1 77
1 78
2 57 58
2 59 60
1 61
1 62
2 64 67
2 63 65
1 66
3 68 69 73
2 70 72
1 71
1 74
1 75
1 76
1 77
2 58 78
2 57 60
1 59
1 61
1 62
2 64 67
4 63 65 68 69
1 66
3 70 72 74
2 71 73
1 75
1 76
1 77
1 78
4 57 58 59 60
2 61 62
2 64 67
3 63 65 72
3 66 70 71
1 68
1 69
2 73 74
1 75
1 76
1 77
1 78
3 57 59 60
1 58
2 61 62
2 64 67
3 63 65 68
1 66
1 69
2 70 71
3 72 73 74
1 75
1 76
1 77
1 78
4 57 58 61 62
2 59 60
1 64
2 63 65
2 58 66
1 67
2 68 76
1 69
2 57 70
1 71
1 72
1 73
1 74
1 75
1 77
1 78
2 59 60
2 61 62
3 63 64 65
2 66 73
1 67
2 62 68
1 69
2 57 70
1 71
1 72
1 74
1 75
1 76
1 77
2 60 78
1 58
2 59 61
2 64 65
1 66
1 67
3 63 68 72
1 69
2 70 71
1 73
1 74
1 75
1 76
1 77
3 61 62 78
2 57 58
2 59 60
4 63 64 65 68
2 66 70
1 67
2 57 69
2 71 72
1 73
2 60 74
1 75
2 58 76
1 77
1 78
2 59 62
1 61
3 64 65 70
1 66
2 67 71
2 63 68
1 69
1 72
3 62 73 74
1 75
1 76
1 77
2 57 78
1 58
2 59 60
1 61
6 63 64 65 68 70 72
2 66 76
1 67
1 69
1 71
2 73 74
1 75
1 77
1 78
2 57 58
1 59
1 60
2 61 62
3 64 70 71
3 63 65 68
1 66
2 67 76
2 58 69
1 72
2 73 74
1 75
1 77
1 78
1 57
2 59 60
1 61
1 62
3 63 64 65
3 66 71 76
1 67
1 68
2 69 73
1 70
3 57 58 72
1 74
1 75
1 77
1 78
3 59 60 62
1 61
3 64 70 71
1 65
1 66
1 67
2 63 68
2 69 76
1 72
2 73 74
1 75
3 58 61 77
3 57 59 78
1 60
1 62
3 64 70 71
1 65
1 66
5 57 59 61 62 67
2 63 68
1 69
1 72
2 73 74
1 75
1 76
1 77
1 78
1 58
1 60
4 63 64 65 68
2 66 70
1 67
1 69
2 58 71
2 57 72
1 73
1 74
1 75
1 76
1 77
1 78
2 59 60
1 61
1 62
1 64
2 63 65
2 57 66
3 67 68 69
1 70
1 71
1 72
1 73
1 74
2 75 76
1 77
3 61 62 78
1 58
2 59 60
1 64
1 65
3 66 70 71
1 67
3 63 68 76
1 69
1 72
1 73
1 74
1 75
1 77
1 78
1 57
1 58
2 59 60
1 61
1 62
3 57 58 64
1 65
1 66
2 62 67
2 63 68
2 60 69
2 70 76
1 71
1 72
1 73
1 74
1 75
1 77
1 78
1 59
1 61
1 64
1 65
1 66
2 58 67
4 63 68 70 71
1 69
1 72
1 73
1 74
1 75
1 76
1 77
1 78
1 57
1 59
1 60
1 61
1 62
1 64
1 65
1 66
1 67
3 68 70 71
3 57 58 69
1 72
1 73
1 74
1 75
1 76
1 77
1 78
1 59
1 60
1 61
1 62
1 63
2 57 64
1 65
1 66
1 67
1 68
1 69
2 70 71
1 72
1 73
1 74
2 75 76
1 77
1 78
1 58
1 59
1 60
1 61
1 62
1 63
1 64
1 65
3 66 70 71
1 67
2 68 76
1 69
1 72
1 73
1 74
3 58 60 75
2 57 77
1 78
1 59
1 61
1 62
1 63
4 64 70 71 76
1 65
1 66
1 67
1 68
2 57 69
1 72
1 73
1 74
1 75
1 77
1 78
1 58
1 59
1 60
1 61
1 62
1 63
1 64
2 57 65
1 66
1 67
1 68
1 69
2 70 71
1 72
1 73
1 74
1 75
1 76
1 77
1 78
1 58
1 59
1 60
1 61
1 62
1 63
1 64
1 65
1 66
1 67
1 68
1 69
1 70
1 71
1 72
2 57 73
1 74
1 75
1 76
1 77
1 78
1 58
1 59
1 60
1 61
1 62
1 63
1 57
1 57
