98 11843
5 1 5 9 12 15
4 2 3 7 8
1 4
2 6 10
1 11
2 13 14
1 16
4 1 2 3 7
5 4 5 8 14 16
1 6
2 9 10
1 11
2 12 15
1 13
3 1 5 14
2 2 3
2 4 10
1 6
1 7
1 8
2 9 12
1 11
2 13 15
1 16
4 1 5 10 15
3 2 3 7
3 4 14 16
1 6
1 8
1 9
1 11
1 12
1 13
3 1 5 6
5 2 4 10 12 14
3 3 8 9
1 7
1 11
1 13
1 15
1 16
2 1 5
3 2 3 9
2 4 10
3 6 13 14
1 7
1 8
1 11
2 12 15
1 16
2 1 5
4 2 3 7 16
1 4
2 6 12
1 8
3 9 10 14
1 11
1 13
1 15
4 1 5 13 15
3 2 4 14
4 3 7 9 12
1 6
1 8
1 10
1 11
1 16
6 1 2 3 5 7 10
3 4 12 15
1 6
1 8
1 9
2 11 13
1 14
1 16
4 1 5 12 15
2 2 3
3 4 13 14
1 6
1 7
2 8 16
1 9
1 10
1 11
3 1 5 15
3 2 6 12
3 3 7 11
3 4 13 14
1 8
1 9
1 10
1 16
3 1 5 15
4 2 4 6 10
2 3 9
1 7
1 8
2 11 14
1 12
1 13
1 16
3 1 5 6
4 2 3 4 14
1 7
2 8 12
1 9
2 10 15
2 11 13
1 16
4 1 5 13 14
3 2 3 7
2 4 10
2 6 16
1 8
1 9
1 11
1 12
1 15
3 1 6 10
1 2
3 3 7 8
3 4 13 14
1 5
2 9 15
1 11
1 12
1 16
3 1 6 12
3 2 4 8
2 3 7
1 5
3 9 10 15
2 11 13
1 14
1 16
4 1 5 6 15
3 2 3 7
2 4 10
1 8
1 9
2 11 12
2 13 14
1 16
3 1 5 6
5 2 10 13 14 15
3 3 4 9
2 7 8
1 11
1 12
1 16
4 1 4 5 14
2 2 10
4 3 7 9 16
1 6
1 8
2 11 13
2 12 15
3 1 5 14
3 2 4 6
2 3 7
2 8 12
4 9 10 13 15
1 11
1 16
4 1 2 4 12
3 3 9 11
3 5 10 14
1 6
2 7 15
2 8 13
1 16
4 1 4 6 15
4 2 3 9 12
2 5 14
2 7 11
1 8
1 10
1 13
1 16
4 1 5 6 14
4 2 3 9 10
2 4 12
3 7 13 15
1 8
1 11
1 16
2 1 6
5 2 3 4 7 10
2 5 14
2 8 13
2 9 15
1 11
1 12
1 16
3 1 5 15
4 2 3 4 8
2 6 12
1 7
2 9 10
3 11 13 14
1 16
5 1 5 6 7 16
3 2 3 4
1 8
1 9
2 10 15
1 11
1 12
2 13 14
3 1 5 6
6 2 3 4 7 13 14
1 8
3 9 10 11
2 12 15
1 16
6 1 4 5 6 7 15
3 2 3 10
1 8
1 9
1 11
1 12
1 13
1 14
1 16
5 1 2 5 10 14
3 3 7 16
2 4 15
2 6 11
2 8 13
1 9
1 12
3 1 5 11
5 2 4 9 10 14
4 3 7 8 12
1 6
2 13 15
1 16
4 1 5 12 15
4 2 3 7 16
3 4 10 14
2 6 13
1 8
1 9
1 11
5 1 5 13 15 16
3 2 3 14
1 4
1 6
2 7 12
1 8
2 9 10
1 11
4 1 2 3 6
3 4 5 15
1 7
1 8
2 9 12
2 10 14
1 11
1 13
1 16
3 1 2 5
3 3 7 8
4 4 10 14 15
2 6 12
2 9 11
1 13
1 16
3 1 5 6
3 2 3 9
3 4 10 14
1 7
2 8 12
1 11
1 13
1 15
1 16
2 4 7
1 10
2 9 10
2 8 11
1 16
3 4 7 14
1 16
1 8
2 6 11
1 14
3 1 2 6
1 15
2 6 10
2 7 16
2 11 12
1 8
2 10 14
1 12
2 10 15
4 6 12 15 16
2 7 15
2 5 7
3 4 7 9
4 4 7 8 10
3 3 7 9
2 10 14
2 11 14
5 8 10 13 14 15
5 1 4 5 13 14
3 6 11 13
1 16
2 10 14
3 1 2 6
1 5
2 11 13
2 12 13
2 10 15
2 10 14
2 13 15
3 10 12 15
3 1 6 13
3 7 13 16
1 8
4 5 8 10 15
1 5
1 16
2 4 13
2 12 15
3 5 10 15
1 12
4 4 7 9 13
2 13 16
2 7 16
1 15
2 7 16
3 4 6 10
3 10 14 15
2 5 15
2 6 10
3 6 10 14
3 4 8 15
2 7 16
2 5 14
5 2 3 4 7 12
4 4 7 10 14
3 3 7 9
2 9 10
4 6 9 12 15
2 9 12
1 10
6 2 4 9 10 12 15
3 13 14 15
4 3 4 7 9
2 5 10
2 7 16
2 11 15
1 15
3 4 10 14
4 4 8 10 14
3 9 10 15
1 7
1 15
4 2 3 8 12
4 4 7 8 10
3 2 3 7
2 13 14
4 4 7 10 14
2 13 16
2 10 14
4 4 10 11 15
2 3 8
2 10 12
3 8 12 15
1 6
7 1 2 3 6 9 10 12
1 13
4 3 4 7 9
3 12 13 15
1 15
3 10 13 15
2 12 16
3 7 12 16
2 5 15
2 8 12
2 8 13
2 9 12
3 1 5 6
2 10 14
1 7
1 6
2 10 14
1 5
1 16
5 3 4 7 8 11
5 1 2 5 11 14
2 10 14
2 10 15
4 9 10 13 14
1 12
4 2 4 5 14
1 8
4 1 2 4 10
1 13
5 3 7 9 12 15
2 6 10
3 5 10 15
2 8 11
1 16
2 12 15
3 9 10 14
4 4 7 12 14
2 5 15
3 3 9 12
3 1 6 10
4 1 4 5 15
1 12
1 10
2 7 16
4 5 9 12 15
3 4 7 15
4 8 10 12 15
3 5 10 15
2 7 14
1 12
2 1 5
4 3 7 9 10
2 10 14
3 9 10 12
2 6 10
3 4 7 8
2 12 13
2 13 14
2 8 11
3 10 12 15
5 2 3 4 7 9
2 12 15
2 7 15
1 15
1 10
2 13 14
4 4 10 11 14
2 12 13
3 11 12 13
1 16
4 7 10 14 16
2 11 13
1 16
4 2 3 4 8
3 4 8 14
3 5 14 15
5 4 5 7 14 16
1 10
2 6 15
4 2 3 10 14
2 5 13
5 5 9 10 14 15
2 12 15
1 15
1 12
1 15
2 8 9
1 16
2 4 7
4 4 7 10 16
1 8
2 8 16
2 7 16
2 11 13
3 1 5 6
1 15
1 11
2 10 15
1 16
2 10 15
6 3 5 8 9 14 16
3 4 10 15
2 12 13
3 8 13 14
1 8
2 10 14
3 4 10 14
4 2 3 7 16
2 10 11
1 9
1 16
2 4 15
4 1 5 13 14
4 4 7 10 15
3 3 7 9
3 12 13 15
1 7
1 9
3 2 3 11
2 11 13
5 2 3 4 7 16
1 12
3 5 12 15
2 13 16
2 13 14
4 4 8 11 15
3 7 12 16
4 3 9 10 14
2 7 16
3 13 14 16
1 13
3 6 10 11
3 5 10 15
2 8 12
2 10 11
4 5 6 10 14
2 2 4
6 1 2 3 5 7 16
3 4 13 14
4 5 10 14 15
4 3 7 9 16
5 1 2 6 10 15
4 4 5 14 15
3 4 7 16
1 12
2 5 14
4 9 13 15 16
3 3 8 9
2 1 6
4 6 12 13 15
1 7
2 13 16
1 11
2 7 16
1 6
1 16
5 2 3 4 7 13
2 12 16
2 7 11
2 12 16
2 13 14
1 6
2 11 16
2 10 15
1 10
2 9 14
1 15
3 3 9 12
2 4 10
1 15
2 7 16
1 6
4 7 12 15 16
1 10
3 4 14 15
3 4 10 14
7 1 2 3 5 7 12 15
3 4 10 12
2 4 14
2 4 10
2 11 12
4 4 5 7 16
2 12 16
3 13 14 16
2 4 13
4 3 8 9 14
3 10 14 15
2 13 14
5 1 5 6 12 15
1 16
3 4 7 10
2 11 15
4 7 12 15 16
4 4 6 13 14
3 8 12 16
3 2 3 10
3 4 5 14
1 13
2 7 14
2 13 14
1 11
3 8 10 15
3 1 4 6
2 8 11
2 9 13
2 8 10
2 10 14
1 14
4 1 2 3 5
2 10 14
3 4 13 14
1 10
2 8 13
2 5 14
3 6 12 15
1 14
2 5 7
1 16
3 6 10 14
3 12 13 15
1 11
4 3 9 10 15
2 4 7
1 13
3 7 12 16
3 4 10 14
2 9 11
1 13
4 2 4 10 15
4 6 13 15 16
2 9 10
1 15
4 1 5 6 15
5 3 8 9 10 14
2 5 15
1 16
3 8 10 14
2 4 10
1 14
2 5 6
2 7 16
3 8 10 15
4 8 10 13 15
1 15
1 8
3 1 5 6
4 4 7 13 14
1 10
2 5 16
1 16
1 16
1 15
1 16
3 3 4 7
1 7
2 7 8
3 13 15 16
1 16
5 2 3 4 7 10
3 9 14 15
2 5 15
5 1 4 5 6 15
2 6 11
3 5 12 13
3 4 7 15
3 5 12 15
3 4 14 15
5 1 2 3 6 7
4 8 9 13 14
2 12 15
4 3 10 12 15
2 7 16
3 8 13 14
1 12
2 12 16
2 1 5
1 8
3 3 7 11
1 15
2 3 9
2 4 7
5 4 5 13 14 15
2 10 15
2 1 5
3 4 13 15
3 3 8 9
2 6 10
4 3 7 9 10
4 4 5 10 15
3 1 5 14
3 4 10 14
1 10
2 5 15
1 12
3 9 12 15
2 7 15
2 4 14
5 4 7 10 12 15
2 9 16
3 8 10 14
2 7 16
3 12 13 15
5 4 7 11 13 14
4 5 12 14 15
1 14
2 13 14
3 6 8 10
1 13
1 11
2 6 10
2 5 11
4 3 7 12 16
4 10 13 14 16
2 4 10
2 10 15
3 4 12 13
2 4 14
2 5 10
3 4 7 11
1 8
1 8
3 10 13 14
2 6 13
3 6 10 15
3 1 5 6
5 4 7 10 13 14
1 6
3 11 13 14
1 6
4 12 13 14 15
1 13
5 1 5 6 12 15
2 10 14
2 9 12
3 2 3 7
2 12 15
5 5 10 14 15 16
4 6 12 13 15
1 15
1 7
4 3 4 7 9
1 5
3 4 7 14
2 7 15
1 11
1 8
1 8
5 4 5 10 14 15
2 8 10
3 10 11 14
2 10 14
5 5 7 12 14 15
4 4 7 10 15
2 4 14
3 3 8 9
1 8
3 5 12 15
2 6 8
5 1 2 4 5 7
1 6
3 2 3 9
2 1 2
4 3 7 12 16
3 6 12 16
4 8 10 11 12
6 2 3 9 10 12 15
1 15
4 2 3 4 8
1 12
4 4 7 10 16
1 6
1 13
2 4 8
2 7 16
1 10
3 1 6 12
4 5 6 10 14
1 8
6 4 5 6 10 14 15
3 12 13 16
1 5
3 4 7 14
2 6 8
3 3 7 9
2 3 7
3 1 5 10
6 1 2 3 4 6 7
2 12 16
4 3 4 7 10
4 4 7 10 11
3 3 9 11
1 6
2 10 15
3 5 10 14
3 8 13 14
5 4 9 10 12 15
2 5 13
1 12
2 5 14
2 7 14
2 4 14
4 3 7 9 11
3 3 7 9
4 2 3 4 9
1 10
1 8
1 11
2 11 12
2 6 11
5 4 8 10 13 14
1 11
3 1 5 6
2 6 8
3 6 8 12
4 4 7 12 16
2 12 13
2 1 5
3 4 7 15
2 7 8
2 1 5
2 12 16
4 3 7 9 16
3 12 15 16
1 16
4 8 10 13 14
2 10 14
1 15
3 3 9 16
4 4 13 14 15
2 11 12
1 5
1 16
2 6 15
2 7 16
3 4 10 15
1 12
2 3 9
2 12 16
3 3 8 9
1 10
2 12 15
1 13
1 5
1 15
1 13
2 10 16
2 7 15
1 11
3 13 14 15
3 3 9 10
2 4 15
3 9 10 15
3 2 3 8
2 8 13
2 11 16
2 12 16
3 4 11 14
3 8 13 14
3 1 5 16
2 10 14
4 1 2 5 15
4 4 10 14 15
2 10 14
2 7 16
2 8 9
3 4 7 14
2 4 14
1 12
2 10 15
3 7 14 16
4 1 6 10 14
3 7 12 16
1 6
2 7 12
2 5 13
6 2 3 4 9 10 14
2 8 12
3 8 9 10
1 8
4 5 10 14 15
1 15
3 7 10 14
2 9 16
1 8
3 4 13 14
2 4 7
1 13
4 5 13 14 15
5 2 3 4 9 10
1 8
2 12 16
2 5 13
3 9 10 14
1 8
2 13 16
3 5 13 14
2 9 14
3 4 7 10
1 13
2 4 10
3 3 4 10
2 10 15
4 2 3 9 10
1 10
2 5 15
1 12
3 4 10 14
2 5 14
3 6 7 11
2 8 14
2 8 13
1 14
1 14
3 10 13 14
3 9 10 12
1 10
3 9 12 13
1 10
2 12 16
2 8 14
3 8 13 14
2 13 15
2 9 10
3 5 14 15
1 16
3 4 7 14
1 12
3 4 10 15
3 1 5 14
4 4 10 14 15
1 8
3 10 13 14
3 4 12 16
2 13 15
3 7 12 16
2 13 16
2 5 14
1 7
2 10 15
1 11
2 4 14
2 5 15
4 4 7 10 14
4 2 3 9 12
3 2 3 10
2 7 16
2 5 14
3 3 7 9
3 5 14 15
2 10 14
3 5 12 15
1 8
3 10 14 16
4 5 11 12 15
3 10 13 14
5 2 3 4 9 12
2 12 15
3 4 5 15
4 3 9 10 11
2 6 15
5 1 4 5 7 14
2 12 15
1 16
1 11
1 11
5 9 10 12 13 15
1 12
5 2 3 4 9 10
1 8
2 6 12
3 4 11 14
1 5
1 10
5 3 7 9 10 14
4 2 4 12 15
3 9 10 12
3 11 13 14
4 2 4 10 15
5 2 3 8 9 10
2 5 7
3 3 7 9
3 4 7 16
3 4 7 10
1 16
3 5 10 14
2 12 15
1 12
1 16
1 16
3 2 3 9
2 8 9
1 13
4 3 4 9 14
2 12 15
2 4 10
3 1 6 15
2 11 12
1 11
2 11 13
2 8 13
2 7 12
2 10 14
2 7 8
3 10 13 14
2 4 7
2 12 15
4 2 3 9 12
2 13 16
1 14
2 7 8
3 7 11 16
2 8 13
3 12 15 16
3 7 14 16
1 6
4 4 10 13 14
3 7 12 16
2 4 7
2 13 15
3 5 12 15
2 1 5
3 5 13 15
3 3 7 9
2 7 8
5 1 6 9 10 12
3 4 5 14
2 10 16
3 4 10 15
1 16
2 4 13
2 8 13
1 12
4 4 10 13 14
3 11 12 15
2 12 16
1 14
2 9 12
8 1 2 3 4 5 9 10 14
3 3 7 16
1 12
3 4 10 14
2 12 15
2 12 15
2 9 10
3 12 15 16
3 4 7 15
4 1 4 6 14
2 9 11
3 13 14 15
5 1 2 3 5 13
5 3 7 9 12 15
2 12 15
1 6
2 8 13
3 4 7 13
1 15
1 5
3 10 12 15
4 4 7 9 14
1 15
2 3 10
2 4 7
2 13 15
2 8 9
2 10 14
1 8
2 4 10
2 10 14
1 12
3 3 7 9
5 6 10 13 14 15
3 6 11 15
1 5
2 9 13
4 12 13 14 15
2 6 10
1 16
1 6
3 9 10 15
2 10 12
1 10
4 3 7 9 12
4 4 8 10 13
2 8 12
2 12 15
4 3 7 9 16
1 13
1 15
2 12 15
2 5 14
1 11
2 6 12
1 7
4 3 4 9 10
1 14
3 4 7 14
2 5 8
1 11
1 7
3 2 4 10
3 4 10 15
3 4 14 15
3 10 14 15
5 5 8 10 13 15
1 16
2 6 10
3 4 10 15
4 9 10 12 15
3 5 12 15
4 4 8 10 14
1 14
3 7 12 16
3 5 14 15
1 11
3 3 7 9
2 12 15
2 7 16
1 11
3 4 10 14
4 12 13 14 15
2 10 15
4 1 2 4 6
1 12
4 4 6 10 14
2 12 13
4 4 7 12 15
2 9 12
2 2 3
3 4 6 7
2 12 13
4 5 10 14 15
1 12
2 8 14
2 5 12
5 6 10 12 14 15
3 4 8 10
4 4 10 14 15
4 1 2 6 15
2 7 11
3 5 13 14
1 7
3 1 5 14
1 7
1 4
3 7 8 13
4 3 4 9 10
3 2 3 9
1 11
2 8 16
4 4 13 14 15
3 8 9 10
2 1 6
3 9 10 14
3 5 14 15
2 7 12
6 4 5 7 10 14 15
5 2 3 8 9 11
2 6 12
2 12 15
1 16
1 15
2 7 8
2 4 8
4 1 2 6 15
2 9 12
3 2 3 9
1 16
4 1 4 5 6
1 6
1 4
3 5 14 15
1 12
1 16
2 4 13
3 1 2 6
2 6 10
3 12 13 14
3 1 5 6
3 10 12 15
1 16
4 4 8 12 14
2 6 10
3 12 13 14
1 16
3 1 5 6
2 3 10
1 15
2 3 12
2 6 15
3 12 13 15
3 5 7 16
3 4 8 16
4 5 10 15 16
3 9 10 12
2 13 16
5 1 6 10 11 14
3 3 7 9
3 2 3 7
2 10 15
3 3 8 9
1 11
2 11 12
1 8
2 12 15
2 2 4
4 7 12 15 16
3 4 14 15
2 4 15
1 10
2 7 16
3 4 10 15
3 3 9 12
4 3 7 10 16
2 4 10
3 5 10 15
3 2 4 10
2 10 14
3 11 13 14
1 4
2 9 10
4 1 2 5 11
1 8
3 11 12 13
1 11
2 13 14
2 9 14
2 13 15
1 13
5 1 2 5 12 15
1 10
1 12
1 12
1 7
3 1 5 6
3 4 7 14
2 7 8
1 8
4 3 7 9 16
2 11 13
2 1 6
1 16
1 15
1 15
1 9
1 11
2 9 11
2 6 13
2 4 13
2 8 10
4 4 6 10 14
3 5 11 15
2 7 11
2 7 16
1 11
3 3 9 13
3 2 3 8
4 9 10 13 14
3 4 6 10
2 9 10
2 10 15
4 1 2 5 15
2 8 14
1 5
4 2 3 4 7
3 4 7 10
3 5 15 16
3 6 7 13
4 3 4 7 8
3 2 4 10
1 8
3 4 6 14
3 4 10 14
4 4 7 10 16
4 4 7 13 14
1 16
2 10 15
2 10 14
3 8 12 13
1 6
1 7
2 7 8
3 4 7 14
3 5 10 15
4 3 9 12 16
2 8 11
1 12
3 6 10 15
5 5 10 13 14 15
2 8 13
1 10
1 10
2 9 13
1 13
4 2 3 7 10
1 16
1 15
3 4 7 9
1 11
1 10
2 10 15
2 10 14
2 12 15
1 15
1 8
3 2 3 9
3 10 12 15
1 10
1 8
3 2 3 4
2 8 10
1 10
4 4 7 13 16
3 1 5 6
2 5 15
2 11 15
1 10
1 12
5 4 7 12 15 16
1 10
2 7 9
2 6 15
3 9 12 16
2 6 13
4 4 7 14 16
2 10 14
3 4 8 15
2 5 14
1 6
2 8 12
2 7 14
3 4 10 14
2 13 16
3 6 12 15
3 4 10 14
5 2 3 4 9 10
3 13 14 15
5 2 3 7 10 15
2 5 14
2 13 14
3 2 3 8
2 13 14
2 8 11
3 4 7 14
3 4 8 10
3 5 14 15
7 1 2 4 5 6 10 15
2 8 10
1 5
2 11 13
3 4 8 11
1 6
3 4 10 11
2 12 15
1 12
3 10 12 15
1 8
3 10 12 15
2 13 15
2 10 14
1 8
1 13
1 14
6 4 5 10 13 14 15
2 12 16
3 6 12 16
3 4 14 15
2 4 10
2 12 16
7 2 3 4 7 9 10 12
3 3 7 12
1 15
1 13
2 5 14
2 5 15
2 10 15
1 15
2 12 16
2 6 15
2 10 14
4 4 11 14 15
3 10 13 15
2 12 16
3 1 6 10
1 10
2 13 14
4 5 12 14 15
1 15
4 1 4 6 10
2 5 15
1 16
3 10 11 15
2 5 15
1 15
5 3 4 7 10 16
2 12 15
2 1 6
3 3 8 9
2 5 15
3 4 7 16
2 12 15
7 3 5 9 10 12 14 15
3 5 10 15
3 4 7 12
4 3 7 9 15
1 16
3 2 3 9
1 14
1 7
3 4 7 10
2 10 15
2 12 15
2 6 13
2 4 10
4 5 13 14 15
3 4 7 12
2 2 4
1 8
3 13 14 16
2 8 13
5 1 5 6 10 14
1 8
5 1 2 4 6 7
3 4 10 14
5 8 10 13 14 15
1 10
2 7 11
1 15
3 7 8 16
2 12 13
5 1 4 5 6 10
3 9 12 15
4 4 10 13 15
4 1 5 6 12
4 4 6 8 10
4 3 4 7 10
2 5 15
1 15
3 7 11 12
2 10 14
1 6
2 4 10
1 16
3 12 13 15
3 3 7 9
2 4 15
2 4 14
3 8 13 14
4 4 10 13 14
1 15
2 9 10
2 13 14
1 6
4 4 8 11 14
2 8 16
3 10 14 15
3 5 6 11
2 6 10
2 9 13
2 7 16
4 3 9 10 11
4 5 10 15 16
1 4
4 1 2 3 7
2 1 6
6 2 3 4 7 13 14
3 3 7 8
1 10
2 9 12
2 8 13
2 8 10
3 4 13 14
2 1 6
1 13
2 5 15
1 12
4 3 5 7 15
2 8 12
2 8 10
5 4 7 10 14 15
3 4 10 15
1 5
3 4 14 15
4 3 5 8 9
2 5 14
2 4 10
3 5 14 15
2 9 12
1 15
2 13 14
1 7
5 10 11 12 14 15
3 4 5 13
2 6 15
3 10 14 15
4 9 12 15 16
3 11 12 15
4 1 5 6 14
3 2 3 9
1 11
5 1 5 6 11 14
1 16
1 13
2 5 14
6 3 4 7 9 12 13
2 12 15
3 5 7 16
3 4 8 14
3 2 4 14
2 4 7
2 7 16
4 4 5 7 14
2 10 12
3 1 5 14
2 4 7
1 15
3 4 8 10
1 16
3 4 10 14
3 9 10 12
1 15
3 7 13 16
3 3 7 9
2 5 8
2 8 11
1 10
5 2 3 4 7 9
1 13
3 2 3 7
1 13
1 10
2 13 14
1 7
3 4 7 8
5 4 10 12 14 15
2 10 12
2 4 10
3 5 13 14
3 1 5 6
2 4 14
2 6 10
2 5 15
3 2 3 9
5 3 7 9 12 15
1 8
2 13 15
2 11 16
3 13 14 16
3 12 13 15
3 4 10 14
1 14
5 2 3 4 7 14
1 8
1 14
1 12
4 7 13 15 16
1 6
5 1 5 6 10 14
1 15
1 6
4 10 13 14 15
1 8
1 6
1 5
3 9 10 14
3 5 7 15
6 1 3 5 6 9 10
1 13
2 3 7
2 5 15
2 10 15
2 13 14
4 3 4 7 13
2 8 12
3 8 10 15
2 11 16
1 16
2 12 15
1 12
5 4 7 13 14 15
2 12 16
3 4 14 15
2 6 12
3 5 10 15
2 8 9
3 3 8 9
4 4 8 10 14
3 10 12 15
1 8
2 4 15
3 4 10 14
6 2 3 7 8 12 16
3 5 12 15
3 3 8 9
2 8 16
6 1 2 3 5 9 14
3 9 13 14
3 3 8 9
2 7 9
1 8
2 1 6
3 8 11 13
5 2 3 4 7 14
1 8
3 8 13 14
1 7
3 5 10 14
2 8 14
3 12 15 16
1 5
2 8 15
4 4 7 14 16
5 1 5 6 12 15
1 15
3 5 8 15
1 10
2 6 10
3 4 10 13
4 4 10 12 15
2 7 15
2 8 13
2 4 7
1 10
1 15
5 1 5 13 14 16
1 6
2 12 13
4 6 9 10 12
4 2 3 4 10
3 1 5 15
1 16
1 8
4 3 7 9 13
1 16
2 4 15
1 5
3 11 12 15
3 3 7 9
1 15
2 8 12
1 14
2 10 11
1 13
2 6 13
2 4 7
1 12
3 12 15 16
3 3 8 9
2 4 14
2 6 10
4 7 12 15 16
3 1 5 6
1 8
1 9
2 7 16
2 6 15
2 11 13
1 12
3 6 10 13
3 5 14 15
1 11
3 10 12 15
1 12
3 4 7 10
2 8 13
2 10 14
1 16
3 9 10 14
1 12
3 5 6 14
1 15
5 1 5 8 11 12
2 4 14
4 4 10 11 15
3 5 13 15
3 9 10 12
4 1 2 5 14
2 7 16
2 7 8
1 16
5 6 7 10 14 15
2 12 16
2 11 16
1 7
3 1 6 13
2 8 9
2 3 7
3 5 14 15
3 4 11 14
2 13 16
5 1 5 6 10 15
1 13
2 3 7
4 7 9 10 15
2 8 13
1 15
3 4 7 10
2 10 11
3 1 5 6
2 12 16
2 11 16
1 14
1 16
3 9 10 12
2 9 16
3 4 10 15
3 3 7 8
2 10 15
5 4 5 10 14 15
3 10 13 15
4 4 7 12 16
3 12 15 16
2 5 14
2 7 11
5 4 6 7 10 15
1 15
1 8
2 4 13
1 8
3 4 7 10
1 8
1 14
2 11 14
1 13
3 4 7 14
2 8 12
3 4 7 10
4 4 7 10 16
3 1 2 5
3 2 3 9
2 9 11
3 4 7 15
5 3 8 9 12 15
2 3 9
2 13 14
1 10
2 4 7
2 12 16
4 3 7 9 13
3 4 7 10
3 1 5 14
2 5 15
3 4 7 14
1 6
3 8 10 14
1 10
1 16
2 5 15
2 1 5
2 10 15
2 10 15
3 11 12 13
3 10 11 15
1 8
2 5 7
2 12 15
4 4 10 14 15
2 12 16
2 11 15
1 10
3 10 11 15
1 15
2 8 13
3 3 7 9
5 3 4 7 12 15
4 4 8 13 14
1 5
1 6
2 10 14
1 15
4 5 9 10 14
3 7 12 16
1 8
2 7 16
4 2 3 4 8
1 6
2 6 10
4 4 9 12 15
2 5 15
1 13
3 4 7 10
2 12 13
3 8 12 15
1 11
1 14
2 10 11
2 7 14
4 2 4 7 16
4 4 7 10 16
7 4 7 10 12 14 15 16
4 6 10 12 15
3 8 9 10
1 5
4 7 12 15 16
3 1 2 6
1 7
1 11
1 11
3 7 13 15
2 12 15
1 10
2 12 15
3 5 12 15
2 10 15
3 8 13 14
4 1 2 5 15
3 3 7 9
2 5 14
3 4 12 14
1 10
2 3 9
2 13 15
2 10 14
1 12
3 5 10 15
2 7 16
1 9
3 11 12 15
5 2 4 5 7 14
5 4 5 10 14 15
1 13
4 1 2 3 9
1 10
2 10 15
1 16
2 12 16
2 8 12
2 14 15
2 7 16
3 4 5 14
2 12 13
2 10 15
2 3 11
2 12 13
4 1 2 4 14
1 6
5 1 2 3 5 7
2 10 15
2 13 14
3 3 4 7
3 1 5 14
2 2 4
2 5 14
3 5 14 15
4 1 2 5 15
2 10 14
3 4 10 15
3 4 7 16
1 16
1 6
2 5 6
1 4
1 15
1 8
1 8
1 12
3 3 7 9
1 16
2 13 15
4 4 9 10 14
2 6 12
3 1 5 6
2 4 13
1 5
2 9 12
3 5 10 14
3 3 7 8
2 10 14
3 10 13 15
2 6 13
1 16
3 1 5 15
4 3 7 9 16
1 6
4 3 7 8 11
1 7
1 12
1 8
4 4 12 14 15
1 14
2 4 13
1 12
2 12 15
3 4 5 14
4 4 7 10 11
3 9 12 15
4 4 5 7 15
2 11 13
2 10 15
2 10 11
1 5
2 5 14
4 4 7 12 16
3 10 11 15
2 13 14
4 4 8 13 14
2 6 16
3 6 10 15
3 7 12 16
5 3 8 9 10 11
1 8
1 12
1 12
4 8 11 13 14
4 8 10 13 15
3 9 13 14
2 13 16
2 1 6
2 5 14
1 9
3 4 10 14
2 3 7
1 12
1 10
1 6
3 9 13 14
2 10 14
1 7
3 4 7 16
1 8
2 10 15
5 3 4 7 9 13
3 10 11 15
3 3 7 8
3 10 13 14
1 16
2 8 11
3 1 5 6
1 16
1 15
4 1 2 3 5
2 13 15
1 12
3 4 10 12
3 8 9 10
2 4 8
4 1 5 6 10
5 4 5 10 14 15
2 10 14
2 11 15
1 8
3 4 10 14
1 7
1 5
3 4 13 14
1 8
5 4 7 10 15 16
2 4 10
2 6 11
4 6 13 14 15
4 7 8 12 16
1 6
2 7 16
3 7 13 16
2 13 15
3 12 13 15
1 16
2 4 7
2 9 12
3 2 4 10
5 3 7 9 13 16
4 5 10 14 15
1 8
5 1 2 6 12 15
3 11 12 13
2 1 5
4 6 10 12 16
1 6
2 10 14
4 2 4 13 14
3 6 10 12
1 10
1 12
3 4 5 6
1 12
1 7
3 5 10 14
4 3 7 9 16
4 5 7 13 15
1 6
3 3 9 10
1 6
2 4 12
3 2 3 7
2 8 11
2 9 13
1 7
2 5 15
1 6
5 3 8 9 10 15
3 7 13 14
3 10 11 14
1 12
4 3 8 11 15
2 7 16
3 10 13 14
4 8 10 12 15
2 13 15
4 4 10 11 14
1 10
3 10 12 15
1 8
5 3 4 7 10 14
1 9
3 5 14 15
1 7
2 12 15
2 7 16
3 8 13 14
2 10 14
1 8
1 10
1 16
1 9
1 11
1 7
1 12
3 1 5 6
6 3 5 7 12 14 15
2 1 5
1 16
3 4 10 11
3 5 10 15
3 10 13 14
3 4 13 15
2 9 12
4 6 9 12 15
6 2 3 4 9 10 14
3 1 5 15
1 8
2 12 15
4 1 5 6 15
2 7 16
1 8
3 3 9 14
2 8 10
4 10 13 14 16
4 1 5 11 14
1 12
2 4 14
3 4 7 10
1 14
4 5 10 14 15
2 4 10
1 8
1 12
2 5 15
1 16
2 4 7
1 8
1 10
3 3 7 9
1 7
1 13
4 3 7 9 10
3 3 8 15
2 5 14
4 1 5 6 10
2 9 12
2 12 13
1 15
1 15
4 4 5 7 15
2 1 2
2 8 10
2 12 16
1 7
2 12 15
1 7
1 15
1 8
2 10 14
1 12
3 6 12 15
4 6 8 10 16
3 2 3 7
2 12 15
2 11 15
2 5 12
4 4 10 13 14
1 12
2 7 16
3 5 12 15
1 7
2 8 10
4 3 9 10 14
1 15
2 11 14
3 1 5 12
3 9 10 15
8 1 2 4 5 6 7 14 16
3 7 13 16
3 1 5 6
2 15 16
4 3 4 7 10
2 7 8
5 3 5 9 12 14
2 3 7
3 5 10 14
4 1 2 3 7
2 4 10
3 5 6 15
4 4 10 13 15
4 3 4 7 9
4 1 6 11 14
2 12 13
2 10 14
1 7
3 5 11 15
4 4 7 10 15
2 3 10
3 4 8 14
2 4 7
1 13
4 1 2 4 5
2 12 14
5 4 7 10 14 15
3 10 13 14
3 9 10 12
4 1 2 6 16
2 10 15
1 6
4 2 4 10 15
1 12
3 3 4 7
3 10 11 14
2 12 15
2 7 16
2 4 8
3 7 12 16
2 10 15
2 6 11
2 6 15
1 15
3 1 6 16
1 7
2 11 15
1 16
1 10
3 7 13 14
2 5 14
3 12 13 14
1 12
2 4 7
1 8
1 6
4 8 10 13 14
1 13
2 5 15
2 5 15
2 9 10
1 9
3 3 9 11
4 7 12 13 15
2 4 7
2 4 13
6 1 4 6 7 15 16
1 16
1 3
3 12 13 15
2 1 6
2 12 16
2 10 11
2 7 11
2 11 13
3 4 7 14
5 2 3 7 13 14
4 9 10 11 15
2 13 14
3 4 10 11
4 1 5 6 15
3 2 3 7
2 13 15
3 10 11 14
3 4 7 14
1 8
1 12
2 4 11
3 4 10 14
4 2 3 9 10
3 4 10 14
1 11
2 12 16
4 1 2 3 5
2 3 7
2 11 13
3 2 3 4
2 13 16
1 8
2 7 16
2 3 8
1 13
3 12 13 15
5 2 3 4 9 12
1 8
2 10 14
3 4 7 8
2 10 14
2 12 15
1 8
2 4 14
3 6 10 15
2 5 15
4 5 13 14 15
1 6
1 15
1 16
3 8 10 14
1 6
1 8
7 3 4 7 9 12 13 15
2 4 15
3 8 10 15
1 7
3 13 14 15
3 3 7 8
3 5 12 15
5 3 7 9 12 15
2 3 9
1 14
2 11 16
5 4 5 7 14 15
3 6 10 14
2 6 15
1 13
3 12 13 14
2 11 16
4 4 9 12 15
4 3 7 12 15
1 16
2 3 9
2 4 14
3 9 10 15
1 6
3 7 12 16
1 6
4 5 10 14 15
1 13
1 11
1 11
4 4 7 13 14
3 9 10 15
3 4 8 10
3 7 14 16
3 4 14 15
3 10 11 15
1 12
3 1 5 6
2 5 15
4 8 12 13 15
3 4 10 15
1 11
3 4 7 16
3 3 7 8
3 4 7 10
1 12
4 6 10 13 15
2 7 12
1 11
4 2 3 4 7
4 1 2 3 8
5 4 7 12 13 15
3 1 5 6
1 4
2 10 14
4 4 5 11 14
2 7 8
2 4 14
1 12
4 4 7 12 16
4 1 2 5 15
3 4 8 10
3 7 12 15
5 1 2 3 5 8
1 6
2 13 14
3 3 7 8
1 8
3 5 10 14
3 1 6 15
3 4 6 14
4 2 3 9 10
1 8
1 5
4 3 4 7 8
4 4 8 10 14
4 4 7 8 10
2 10 15
4 10 11 12 15
4 5 7 14 16
3 12 15 16
1 8
2 10 15
2 8 11
4 4 7 13 15
2 5 15
1 16
3 5 10 15
5 3 8 9 13 14
3 6 7 15
1 11
2 1 6
3 11 12 13
2 7 15
2 15 16
3 9 10 12
2 4 8
1 16
3 1 5 6
3 3 8 13
3 3 7 9
3 3 7 16
3 8 10 14
3 10 12 15
2 6 10
3 7 10 15
4 8 10 13 14
2 9 12
3 9 13 15
3 7 13 16
1 13
2 4 15
3 4 7 15
1 14
5 3 7 9 10 11
3 7 13 16
2 10 15
1 13
3 4 10 15
2 5 15
2 13 14
2 7 13
3 11 13 14
2 10 15
2 10 15
2 10 15
5 1 2 3 5 9
1 12
2 4 7
2 4 10
2 8 12
2 13 14
3 1 6 16
3 5 10 15
2 7 16
3 9 12 16
4 2 3 7 13
5 3 4 8 9 10
2 6 10
2 12 15
4 9 10 12 15
2 11 15
2 10 14
3 5 9 16
3 4 10 12
1 5
1 6
1 14
4 4 5 14 15
2 11 14
1 6
3 4 8 14
1 16
4 4 13 14 15
5 2 3 9 12 15
1 8
4 2 4 10 14
3 12 13 15
4 2 4 8 10
5 2 3 4 10 14
3 10 14 15
2 10 11
3 5 7 15
1 16
2 4 10
5 1 6 10 11 14
3 13 15 16
1 12
1 8
2 13 15
2 12 15
2 1 5
3 4 10 14
3 9 15 16
2 10 14
3 8 11 14
3 2 3 9
1 12
1 8
2 6 12
2 13 14
3 10 12 15
3 2 3 8
3 4 5 15
2 3 7
4 5 13 14 15
1 11
1 8
2 5 15
2 14 16
2 8 12
2 7 16
1 16
5 3 7 8 11 15
3 6 13 14
3 3 7 11
1 10
2 9 10
2 4 7
3 11 13 14
3 5 12 15
1 15
2 7 15
1 14
3 5 12 15
1 14
2 8 14
3 8 10 15
3 5 12 15
3 10 12 15
1 12
1 15
1 7
2 4 10
3 8 10 11
1 12
2 4 12
1 16
2 4 7
1 8
3 7 12 15
1 7
3 9 10 14
1 10
1 7
2 3 8
3 10 11 15
3 4 10 13
2 11 12
3 5 12 15
3 4 6 7
4 4 12 13 14
2 13 14
1 6
1 11
2 13 15
5 1 2 6 8 10
2 4 8
4 4 5 10 14
3 5 8 15
4 6 7 12 15
1 15
5 2 3 4 10 14
2 9 12
1 6
2 5 15
2 7 16
3 6 13 15
2 7 12
2 4 14
3 7 15 16
4 7 12 15 16
3 7 12 15
6 1 2 3 5 8 13
2 6 12
2 12 16
3 9 10 12
3 1 5 14
3 4 10 12
3 7 8 10
2 7 16
2 4 7
4 4 12 14 16
3 3 7 9
2 6 10
3 5 10 15
3 11 13 14
3 6 12 13
2 8 14
3 11 12 13
2 12 16
3 5 6 15
6 1 2 4 6 8 10
1 6
3 7 10 16
1 13
2 7 12
2 12 15
2 12 15
2 12 16
4 5 6 10 14
3 5 7 14
2 7 8
4 1 2 5 15
5 3 4 7 10 14
3 2 3 8
1 4
3 4 7 10
2 10 15
2 4 8
1 6
1 16
2 6 10
2 13 14
3 4 8 15
3 5 12 15
3 6 10 11
2 4 14
2 8 16
1 15
1 13
1 8
5 6 10 12 13 14
1 7
2 7 16
2 8 12
1 12
2 14 16
2 6 12
3 10 14 15
3 2 3 10
2 4 10
1 7
4 3 4 7 8
7 1 2 3 6 9 11 14
2 13 16
4 4 7 11 15
1 15
3 4 13 14
2 5 13
2 9 10
3 10 11 15
2 9 10
2 1 6
1 6
1 7
2 4 14
3 1 5 6
3 5 13 15
2 5 6
4 5 13 14 15
1 8
1 15
2 9 13
2 8 13
3 10 13 14
2 8 16
1 6
3 12 15 16
2 11 13
4 9 10 11 15
1 13
3 3 8 13
2 4 14
2 5 12
1 16
3 3 9 10
2 5 15
3 4 10 14
2 7 12
3 4 10 14
2 11 12
2 5 12
2 10 14
4 4 9 10 12
2 10 15
1 5
1 16
2 8 12
2 4 7
4 4 11 13 14
4 6 13 14 15
2 7 14
4 4 9 10 12
3 7 12 16
2 5 15
5 4 7 10 13 14
2 11 13
3 4 6 14
2 9 14
3 6 13 14
3 12 13 15
3 4 6 10
1 9
3 9 10 15
1 12
1 3
6 1 4 6 10 13 16
4 3 7 9 16
2 1 5
1 16
1 9
2 7 16
3 4 7 11
5 3 4 7 9 12
3 3 9 14
3 7 8 9
4 4 7 8 10
2 11 15
1 13
5 1 2 3 5 9
3 7 12 16
1 12
1 10
3 9 12 16
2 11 15
3 10 12 15
2 13 16
1 12
2 8 12
3 4 10 11
3 4 8 14
4 4 8 10 12
3 10 12 15
3 10 11 14
2 9 14
2 4 10
2 7 14
3 8 9 10
4 4 10 14 15
2 4 6
2 12 15
3 4 5 14
3 4 7 16
1 15
3 4 6 7
4 9 13 14 15
3 1 2 5
1 5
2 10 15
2 4 14
2 7 16
1 8
1 12
3 5 10 15
1 12
3 3 7 11
4 2 3 7 14
1 14
2 13 14
1 6
1 16
3 4 7 10
3 7 12 16
2 5 15
3 5 11 14
3 4 5 15
3 10 13 14
4 4 10 13 15
3 4 7 15
1 12
1 5
2 1 5
1 11
2 5 13
3 3 9 11
2 11 15
6 1 5 6 11 13 14
3 8 11 12
3 4 7 10
4 2 4 8 10
2 13 16
1 14
2 6 10
4 3 4 7 9
2 10 15
1 9
3 3 7 8
1 10
1 7
1 6
3 8 13 14
2 6 13
2 5 15
2 1 6
2 12 15
3 4 10 12
2 5 15
3 7 12 16
3 5 9 12
3 4 7 15
2 7 12
4 4 7 12 16
1 7
3 4 8 13
2 3 11
2 3 7
3 1 2 5
2 6 10
3 1 5 6
2 13 14
3 4 7 12
3 9 13 14
1 14
3 3 7 16
6 1 2 4 6 8 10
3 4 7 14
2 3 11
1 8
1 8
2 6 12
6 1 2 3 5 9 16
1 14
2 10 14
3 5 10 15
2 12 16
1 15
1 8
1 7
4 7 13 14 16
2 7 11
2 4 14
2 13 15
1 14
6 1 4 5 6 10 15
3 2 4 10
2 8 10
1 11
3 2 3 8
3 5 6 15
2 9 14
3 4 7 16
2 10 11
1 8
2 12 16
2 10 15
1 11
4 1 2 6 10
3 5 14 15
2 11 13
2 10 11
2 11 13
2 11 13
2 9 14
1 12
4 4 10 13 14
3 4 7 13
2 4 14
3 7 13 16
1 7
1 7
3 5 12 15
1 12
2 8 12
2 10 15
5 4 5 12 14 15
3 4 7 15
3 5 13 15
1 13
2 12 15
3 8 13 14
2 8 13
4 3 7 9 14
3 4 10 15
6 8 10 12 13 14 15
3 4 6 15
4 4 7 9 10
2 7 16
5 1 5 8 10 15
5 3 5 7 10 14
4 3 5 7 14
1 8
3 2 3 8
1 5
1 14
1 12
4 1 5 6 15
4 5 6 15 16
5 4 5 7 10 15
4 4 7 10 15
1 12
2 11 16
5 3 4 7 9 10
3 3 7 11
2 9 10
2 10 14
5 1 2 3 5 7
3 8 12 16
2 10 15
2 11 12
2 8 10
1 16
3 5 12 15
2 13 14
4 4 10 11 14
1 10
5 2 3 4 10 14
3 3 9 12
1 7
1 14
1 12
1 9
4 2 3 9 12
2 6 15
3 5 12 15
4 4 5 10 15
4 1 5 14 15
2 4 7
2 4 7
2 12 16
1 5
3 8 13 14
1 16
8 1 2 4 5 7 12 13 14
2 13 15
3 4 10 14
2 8 13
2 12 13
4 5 10 14 15
7 1 2 3 4 9 10 15
3 10 13 14
2 4 15
2 8 9
4 3 7 8 16
2 4 6
1 6
1 13
2 13 15
4 4 6 10 15
3 6 11 15
5 4 5 7 13 15
2 9 11
2 12 15
2 4 12
2 1 5
3 5 13 15
2 10 15
2 7 16
5 4 5 10 14 15
3 4 10 15
3 12 15 16
4 1 5 6 15
3 1 5 6
2 4 10
2 12 15
3 10 13 14
3 6 12 15
3 2 3 7
3 8 10 15
3 12 13 15
1 6
5 3 5 7 8 16
1 9
2 3 7
1 5
1 13
2 5 12
2 10 15
2 11 13
4 1 5 6 14
4 8 12 13 14
1 5
3 4 10 14
7 3 4 7 8 9 10 16
6 4 10 12 13 14 15
1 4
3 5 13 15
1 11
1 8
2 10 14
3 3 7 9
2 7 14
4 1 5 12 15
3 6 10 11
3 3 9 11
2 7 16
3 3 7 9
3 9 12 15
7 2 3 4 7 11 13 14
2 7 12
1 14
1 15
4 1 2 5 15
1 8
1 15
2 3 8
3 9 12 16
3 6 8 13
5 4 5 12 13 15
2 13 16
2 13 15
1 9
2 12 15
2 4 7
9 1 2 3 4 5 7 13 14 15
3 3 7 9
1 8
2 10 14
1 10
1 10
1 7
2 7 16
1 6
3 3 7 12
3 8 10 14
1 6
2 6 15
1 15
2 11 14
3 3 8 9
3 4 10 11
1 6
3 5 10 14
2 10 15
1 14
1 7
1 16
2 10 15
1 12
4 7 9 10 14
2 9 11
2 12 13
2 5 9
2 2 3
1 14
2 4 10
2 7 15
2 13 15
3 8 10 15
3 4 8 14
2 6 12
2 8 11
4 1 2 4 5
4 4 12 14 15
3 4 8 10
4 4 7 10 15
2 3 7
1 7
3 2 3 8
2 11 12
2 1 6
1 8
3 4 7 8
2 13 16
2 8 12
2 4 15
3 4 12 13
3 4 10 15
2 5 8
2 13 14
4 12 13 14 15
2 13 14
3 6 10 15
1 16
1 13
2 6 12
4 2 3 8 9
3 4 7 8
3 3 7 8
1 8
2 6 10
3 7 12 16
2 10 12
4 10 13 14 15
2 5 13
1 14
1 5
2 12 16
2 10 11
3 8 11 13
2 1 5
2 8 16
3 3 7 16
2 4 15
3 8 10 14
1 16
1 11
3 10 13 14
1 10
1 15
3 4 12 16
1 12
2 4 15
1 8
1 15
2 7 16
3 7 12 16
4 2 3 9 12
2 5 15
2 12 16
2 7 16
2 10 11
3 4 10 14
2 6 13
2 3 9
3 7 12 16
2 7 16
3 8 12 15
8 1 4 5 6 7 10 13 14
2 11 13
3 5 12 15
2 4 15
1 10
2 1 5
2 7 16
5 3 7 8 12 15
1 12
1 13
1 13
2 4 14
4 3 8 9 12
2 13 14
2 7 16
2 9 12
4 4 5 14 15
2 13 14
3 7 12 16
3 2 3 7
4 3 9 11 16
1 7
3 9 12 16
5 3 4 7 11 14
3 3 7 8
3 3 9 12
2 8 12
4 3 8 12 15
1 12
2 5 15
3 4 10 15
1 5
1 15
2 12 14
2 5 7
2 2 3
2 4 7
2 7 16
4 5 7 14 16
1 13
2 4 10
3 7 11 16
3 5 6 14
4 9 13 14 16
4 4 7 14 16
6 1 6 10 12 13 15
2 7 16
2 6 10
4 3 12 13 14
3 4 5 15
5 4 6 10 13 15
2 12 16
3 4 10 14
2 11 12
1 14
2 10 12
4 7 12 13 14
2 5 15
4 2 3 9 11
3 10 12 15
1 16
3 1 5 15
2 3 11
2 4 14
2 10 15
3 1 5 6
3 3 7 8
3 7 11 13
2 9 16
2 7 11
2 4 7
5 1 2 3 7 16
4 1 2 3 6
3 9 10 14
5 1 5 6 10 15
6 1 2 3 5 9 15
4 5 7 8 14
4 3 7 8 16
4 4 13 14 15
3 7 12 15
1 15
1 10
2 13 14
1 6
2 13 14
5 17 19 20 26 28
3 18 25 31
3 21 22 23
1 24
3 27 29 30
3 17 22 28
1 18
4 19 23 25 26
2 20 29
1 21
1 24
2 27 30
1 31
1 17
4 18 19 25 26
1 20
1 21
2 22 23
1 24
3 27 28 29
1 30
1 31
1 17
5 18 19 20 25 26
1 21
2 22 23
1 24
1 27
1 28
1 29
2 30 31
2 17 28
4 18 19 23 25
1 20
1 21
1 22
1 24
1 26
1 27
2 29 31
1 30
2 17 28
2 18 25
4 19 20 22 23
1 21
1 24
1 26
1 27
3 29 30 31
4 17 20 27 28
3 18 21 31
2 19 23
1 22
1 24
2 25 26
2 29 30
1 17
2 18 25
4 19 20 22 23
1 21
2 24 28
2 26 31
1 27
1 29
1 30
1 17
2 18 25
2 19 20
4 21 22 23 24
1 26
2 27 28
1 29
1 30
1 31
1 17
4 18 25 29 31
2 19 23
1 20
1 21
2 22 27
1 24
1 26
1 28
1 30
2 17 28
3 18 25 31
2 19 20
1 21
4 22 23 24 29
1 26
1 27
1 30
1 17
5 18 20 21 24 25
2 19 23
1 22
1 26
1 27
1 28
1 29
1 30
1 31
2 17 28
2 18 25
2 19 20
1 21
2 22 24
1 23
1 26
1 27
1 29
2 30 31
2 17 28
3 18 21 25
2 19 20
3 22 23 24
1 26
1 27
2 29 31
1 30
2 17 20
1 18
1 19
1 21
2 22 23
1 24
1 25
1 26
1 27
1 28
1 29
1 30
1 31
2 17 28
2 18 31
1 19
1 20
1 21
1 22
1 23
1 24
3 25 26 29
1 27
1 30
1 17
3 18 25 28
2 19 20
1 21
2 22 23
1 24
1 26
1 27
2 29 31
1 30
2 17 28
3 18 27 30
2 19 23
1 20
1 21
2 22 24
2 25 26
1 29
1 31
2 17 28
2 18 31
3 19 20 23
1 21
1 22
1 24
3 25 26 30
1 27
1 29
2 17 28
1 18
2 19 20
1 21
1 22
1 23
1 24
2 25 26
1 27
1 29
1 30
1 31
1 17
2 18 22
2 19 20
1 21
2 23 24
1 25
1 26
1 27
1 28
1 29
1 30
1 31
2 17 28
1 18
2 19 20
1 21
2 22 24
1 23
2 25 26
1 27
1 29
1 30
1 31
2 17 20
3 18 29 31
1 19
1 21
2 22 24
1 23
1 25
1 26
1 27
1 28
1 30
1 17
2 18 30
3 19 20 27
1 21
2 22 24
1 23
1 25
1 26
1 28
1 29
1 31
2 17 28
2 18 25
2 19 20
3 21 24 27
1 22
1 23
1 26
1 29
1 30
1 31
2 17 28
2 18 31
3 19 20 21
2 22 24
1 23
1 25
1 26
1 27
1 29
1 30
2 17 28
1 18
1 19
1 20
1 21
1 22
1 23
1 24
2 25 30
1 26
1 27
1 29
1 31
2 17 28
1 18
2 19 20
1 21
2 22 24
1 23
2 25 31
1 26
1 27
1 29
1 30
2 17 28
2 18 30
3 19 20 21
1 22
1 23
1 24
1 25
1 26
1 27
1 29
1 31
2 17 20
2 18 25
1 19
1 21
2 22 24
1 23
1 26
1 27
1 28
1 29
1 30
1 31
1 17
3 18 25 30
1 19
1 20
2 21 24
2 22 23
1 26
1 27
1 28
1 29
1 31
1 17
2 18 25
2 19 23
1 20
1 21
2 22 28
2 24 27
1 26
1 29
1 30
1 31
1 17
2 18 25
2 19 20
1 21
1 22
1 23
1 24
1 26
1 27
1 28
1 29
1 30
1 31
1 17
1 18
2 19 20
2 21 28
3 22 23 24
1 25
1 26
1 27
1 29
1 30
1 31
1 17
2 18 25
2 19 20
2 21 28
2 22 23
1 24
2 26 27
1 29
1 30
1 31
1 24
2 17 28
2 17 21
1 22
3 19 20 21
2 27 30
2 17 20
4 18 19 25 26
1 18
1 17
1 24
2 27 29
3 17 28 29
2 17 28
2 17 28
1 21
1 20
2 23 29
2 22 23
3 18 22 24
4 17 18 25 31
2 18 31
2 22 23
1 22
1 28
3 20 21 24
1 20
1 17
1 17
4 19 20 25 26
6 19 20 21 23 29 30
1 24
1 30
2 19 20
2 22 23
1 17
1 17
1 17
1 27
1 17
1 27
2 24 28
1 17
1 18
1 17
1 25
2 29 30
2 17 28
2 17 25
2 17 19
2 29 30
3 18 25 26
1 22
2 17 20
1 18
1 17
2 24 30
1 28
3 27 30 31
2 18 23
1 17
3 18 27 30
1 17
3 25 26 27
1 27
2 19 23
2 20 21
1 27
1 17
1 17
3 20 21 22
4 19 22 23 24
4 17 20 21 23
3 17 20 28
4 19 22 23 26
2 18 30
2 29 31
2 17 20
2 18 25
2 17 21
1 28
1 17
1 25
2 17 27
1 17
3 19 20 24
2 19 20
2 20 21
1 21
3 22 24 29
2 30 31
2 27 29
2 27 30
2 29 30
1 17
3 17 19 20
5 18 19 20 25 26
3 28 29 30
1 17
2 22 24
1 21
1 24
3 22 23 24
4 19 21 25 26
6 19 20 22 23 24 28
1 31
1 27
2 30 31
1 17
3 17 28 29
1 24
2 17 21
3 17 19 20
2 19 23
1 17
3 27 29 30
2 17 20
1 19
2 17 20
1 17
1 30
2 20 21
3 17 28 29
2 17 28
3 18 25 31
2 27 30
6 17 19 20 23 28 29
3 19 20 26
2 17 28
2 17 28
4 17 19 20 23
3 17 20 21
2 27 29
1 28
2 19 23
1 24
5 19 20 22 23 24
3 17 19 20
2 17 28
4 17 20 21 27
2 28 29
1 18
3 17 28 31
1 29
1 19
2 20 27
1 17
1 27
5 20 21 22 23 24
1 25
2 22 24
1 20
4 19 22 23 27
1 17
4 17 18 25 28
2 18 25
1 17
1 17
1 27
2 29 31
2 17 20
1 17
2 20 21
2 27 30
1 27
2 22 23
3 27 28 30
3 17 20 28
2 20 21
5 17 20 21 24 28
4 17 20 21 25
2 27 30
2 17 21
1 21
4 17 27 28 30
1 28
3 27 28 30
2 25 26
6 17 19 20 22 23 27
1 31
1 18
2 20 21
1 17
2 17 19
2 22 23
2 17 27
3 27 30 31
4 20 21 22 23
1 31
2 19 26
3 18 25 31
2 19 23
3 17 19 20
1 17
3 17 20 21
1 17
2 20 21
1 27
1 27
4 17 19 20 28
2 17 28
1 17
2 30 31
3 19 20 21
1 27
1 27
1 27
1 27
2 17 28
3 17 20 25
1 27
2 27 30
2 20 21
1 17
1 17
2 17 28
3 17 21 28
1 27
1 20
2 27 30
1 17
1 17
1 24
2 21 24
4 19 20 23 29
1 17
3 17 20 21
1 17
3 19 20 23
2 20 21
1 29
1 22
2 17 18
1 31
2 19 23
3 18 25 30
4 18 25 27 30
1 17
3 19 25 26
1 28
1 21
6 17 19 20 23 28 29
2 20 21
3 17 28 30
2 19 23
1 27
5 17 19 22 23 28
3 17 20 21
1 18
2 20 21
3 17 18 25
2 17 28
3 19 20 23
1 17
1 17
3 28 29 30
2 17 28
3 19 22 24
4 17 19 25 26
3 19 22 23
2 27 30
3 17 21 28
2 17 28
1 31
3 18 27 30
1 27
1 28
2 17 20
1 17
4 17 20 21 28
1 17
2 22 24
3 19 20 23
1 17
4 17 20 21 27
2 17 20
1 20
2 27 30
1 24
2 27 30
3 17 18 25
3 17 19 20
2 30 31
2 20 21
5 18 19 23 25 26
1 28
2 17 20
1 20
2 20 27
5 19 20 21 25 26
4 18 19 25 26
2 19 20
4 17 19 23 29
2 18 25
2 17 31
1 30
1 24
1 22
3 17 20 21
3 27 28 29
2 19 20
2 20 21
2 17 20
2 19 26
2 19 20
2 19 20
3 19 22 23
1 27
1 27
3 20 21 23
2 17 28
1 20
3 22 23 24
3 20 21 30
4 19 23 25 26
1 17
2 24 27
1 20
2 19 20
1 17
1 17
2 20 21
1 17
1 17
2 17 28
1 25
3 17 18 25
1 17
1 17
4 19 20 25 26
1 21
2 27 30
3 19 20 21
3 19 22 23
1 27
2 30 31
1 20
3 20 21 24
2 17 20
4 17 20 27 28
1 31
2 17 28
2 27 28
2 18 25
2 22 23
2 18 25
3 22 24 28
4 19 23 25 26
3 27 29 30
1 18
1 20
2 17 20
1 27
1 20
4 19 20 21 23
2 29 30
2 27 30
1 27
4 19 20 22 23
3 19 25 26
1 27
1 17
1 27
3 17 20 28
3 17 18 25
2 19 20
1 30
2 24 27
3 27 29 30
1 25
6 19 20 22 23 27 30
2 19 20
1 27
2 29 30
2 27 30
3 17 20 28
1 18
2 29 30
1 29
1 27
1 17
1 24
3 22 24 27
2 20 21
1 30
5 18 19 25 26 31
2 22 24
8 17 18 19 20 22 24 25 26
1 17
1 27
2 17 28
1 27
1 27
4 19 20 21 23
2 30 31
2 17 28
1 24
3 27 28 30
2 20 21
2 17 28
1 30
1 21
4 19 20 21 26
3 17 27 30
4 17 19 20 23
1 24
3 17 20 21
3 17 20 21
2 29 30
2 22 23
1 17
1 17
1 17
2 20 21
2 20 21
2 17 28
3 17 20 21
2 27 30
3 17 22 23
4 19 25 26 31
1 27
1 18
1 30
4 20 21 27 30
2 17 28
1 30
2 27 29
4 17 20 21 24
1 17
1 30
4 19 20 25 26
1 17
1 28
1 17
2 17 21
1 28
1 30
2 27 30
1 30
2 20 21
1 28
2 27 30
2 17 31
1 28
4 17 20 21 28
2 22 24
2 17 28
1 17
1 27
3 17 22 23
1 28
2 27 30
1 21
1 17
3 17 28 29
1 27
2 30 31
1 17
1 27
6 19 22 23 24 27 30
1 17
1 24
4 22 23 24 27
4 17 20 28 29
2 22 24
3 19 20 21
5 17 19 20 25 26
2 20 21
2 22 23
2 17 21
3 17 20 28
1 17
2 17 28
2 27 30
4 17 19 20 28
3 27 29 30
1 18
1 27
2 22 23
3 21 24 27
2 18 31
1 17
1 17
3 17 20 21
3 19 23 24
1 19
8 18 19 22 23 25 26 30 31
1 30
4 22 23 24 27
2 19 20
2 22 24
4 17 27 28 30
1 30
1 17
2 17 22
3 19 20 23
3 17 18 25
2 19 23
1 23
3 17 28 30
4 17 22 23 28
4 17 19 20 21
3 18 30 31
5 18 19 23 25 26
1 17
3 17 28 29
2 17 21
3 17 19 20
1 24
3 17 28 29
1 27
1 24
1 30
3 27 28 29
3 27 28 29
1 22
1 17
2 29 31
1 29
3 17 20 28
2 27 30
3 17 20 21
2 30 31
1 27
2 20 21
2 22 24
2 30 31
3 17 19 23
2 22 23
1 28
1 30
2 18 31
4 19 23 25 26
1 30
1 24
2 17 20
1 17
1 27
1 17
1 17
2 17 20
2 27 28
3 19 20 23
1 30
2 17 20
1 17
2 21 24
3 17 19 20
1 28
1 17
2 18 25
3 22 23 24
1 17
1 20
3 17 20 21
4 17 19 23 28
2 27 29
3 22 23 24
2 27 30
2 19 26
2 19 23
4 17 19 20 28
2 19 26
2 18 31
4 19 20 23 29
2 20 21
6 19 20 21 22 23 24
4 17 20 21 28
1 27
1 17
4 17 19 20 23
2 28 29
4 23 27 29 30
7 17 19 20 22 23 24 28
3 19 22 23
3 17 28 29
2 17 22
2 20 21
1 17
1 17
3 17 30 31
2 17 28
2 18 25
1 20
2 17 28
2 17 28
2 19 20
1 18
2 19 20
4 19 20 23 27
1 30
2 22 23
5 19 20 25 26 31
2 22 23
1 18
2 20 21
1 21
1 17
2 29 30
2 17 20
1 24
1 27
2 19 23
2 20 21
5 17 19 20 27 28
1 17
1 17
2 28 30
1 30
1 17
2 29 30
4 19 22 23 24
2 22 23
1 27
1 17
2 17 20
2 18 31
1 28
4 17 19 20 26
2 17 20
1 21
1 20
2 20 21
2 17 28
1 17
1 17
2 19 20
2 17 28
2 22 23
3 19 20 23
1 18
6 17 20 21 22 23 24
3 17 20 28
1 17
3 17 20 21
3 17 19 20
3 19 20 23
2 27 30
1 21
1 18
1 31
2 17 30
3 18 30 31
3 27 30 31
1 30
2 17 28
1 17
2 27 28
1 27
2 17 28
2 27 30
3 17 20 21
1 30
3 20 21 25
1 31
2 18 25
1 20
3 19 20 23
1 17
2 17 20
4 18 19 25 26
6 17 19 22 23 25 26
1 17
1 20
2 17 28
3 17 19 26
3 17 20 28
3 17 21 28
3 17 23 28
2 24 27
1 18
2 17 28
2 17 20
3 18 25 26
2 18 25
3 27 29 30
1 27
2 17 20
3 17 19 20
4 18 27 29 30
4 17 19 20 23
2 22 23
6 19 22 23 24 26 27
1 17
1 17
2 29 30
2 20 21
3 17 20 28
3 19 20 21
2 17 31
2 20 21
3 17 18 25
3 17 20 21
2 20 21
2 20 21
1 18
2 18 31
4 17 20 21 28
1 24
2 17 25
1 30
1 21
2 17 28
3 19 22 23
3 19 20 21
1 27
3 22 23 24
2 20 21
2 17 20
3 19 20 21
3 19 22 23
1 21
1 28
1 18
5 17 20 21 27 28
3 27 29 30
2 30 31
1 20
5 19 20 21 25 26
5 19 22 23 25 26
1 20
1 21
2 20 21
1 27
2 18 25
3 19 25 26
2 19 23
3 27 29 30
2 18 25
2 18 23
1 18
3 19 20 21
3 27 30 31
2 27 30
1 17
2 19 20
2 30 31
2 22 24
2 20 21
2 17 20
2 18 30
1 27
2 28 29
1 24
1 17
1 18
1 18
3 23 27 30
6 17 18 19 23 25 26
4 19 23 25 26
2 17 28
1 17
6 18 19 20 21 25 26
1 21
3 24 27 30
2 22 23
2 27 30
1 30
1 27
2 17 28
3 20 21 22
2 29 30
1 17
2 20 21
1 27
3 19 23 25
2 27 30
1 27
2 27 30
1 18
1 27
3 22 24 27
1 17
4 17 22 23 24
3 17 19 20
2 17 27
1 27
3 19 20 26
1 17
1 20
2 27 30
1 17
2 19 20
2 17 25
2 22 24
1 27
2 22 23
2 20 21
1 17
3 19 20 21
3 17 20 21
2 29 30
1 21
2 17 31
2 20 21
2 17 25
3 17 20 21
4 17 19 20 28
1 27
2 17 28
1 27
5 17 20 21 25 26
3 17 20 21
1 24
6 17 18 19 20 25 26
3 17 20 28
2 27 30
4 19 23 29 31
1 17
3 18 25 26
3 17 20 28
1 27
2 19 20
2 17 28
3 27 28 29
4 17 20 30 31
2 27 30
1 17
1 28
1 28
2 17 20
3 18 27 30
2 17 31
2 27 29
1 24
1 30
3 18 30 31
1 30
2 17 20
4 17 22 23 24
1 17
2 22 24
4 19 20 25 26
3 20 22 24
1 24
2 17 21
5 17 19 23 25 26
4 19 22 23 24
1 24
2 27 30
6 18 19 22 23 25 26
2 29 30
1 17
1 17
4 19 20 25 26
1 30
3 17 20 21
3 17 20 21
2 22 23
1 17
1 30
1 24
3 27 30 31
5 17 20 21 27 30
1 18
4 17 20 21 24
1 22
4 22 24 27 30
5 19 20 23 25 26
2 18 25
2 20 21
5 18 25 26 30 31
2 28 29
3 27 30 31
2 27 30
3 17 28 29
3 17 28 29
3 17 21 24
1 28
1 23
1 21
1 27
2 17 25
3 19 22 23
6 17 19 20 21 28 29
2 17 28
2 19 23
2 19 23
5 20 21 22 23 24
1 24
1 28
2 22 24
3 20 21 23
2 20 21
2 27 30
4 19 22 24 26
2 19 20
1 30
3 17 19 20
1 17
1 19
1 22
2 20 21
2 22 24
2 21 24
4 19 20 25 26
4 17 20 21 28
2 17 28
1 30
1 27
1 21
4 19 25 26 31
2 17 20
1 31
3 17 20 28
3 18 25 30
2 17 28
1 27
1 17
1 28
1 17
1 23
1 30
1 19
2 19 20
2 17 28
3 24 27 30
1 30
2 22 24
3 17 20 21
1 21
3 19 22 23
1 27
3 22 23 27
2 28 30
2 22 24
3 17 20 21
2 30 31
1 18
1 27
1 31
4 17 20 21 28
1 28
1 27
2 20 21
2 27 30
1 18
1 17
1 27
3 19 22 23
5 19 20 21 25 26
1 28
2 17 28
2 28 29
1 17
3 18 21 25
2 22 23
1 25
2 28 30
2 19 23
2 28 29
9 17 19 20 21 22 23 24 25 26
1 17
4 17 20 21 24
2 28 29
2 18 30
1 17
1 23
2 22 23
1 27
4 18 19 25 26
2 22 24
2 17 20
1 27
2 18 25
3 19 25 26
2 17 28
1 21
3 19 25 26
1 17
2 18 25
1 20
2 22 23
2 18 30
2 17 20
3 17 20 28
2 22 24
2 17 27
4 17 20 21 28
2 19 23
1 20
3 18 25 31
1 30
2 27 30
6 17 19 21 23 25 26
1 17
1 19
1 21
1 17
3 19 23 28
1 17
3 19 25 26
2 27 30
1 21
2 17 20
2 22 23
2 23 29
2 19 20
1 27
3 21 22 24
2 28 30
5 17 19 20 25 26
2 21 24
1 17
4 17 19 20 26
2 28 30
1 27
6 19 20 21 22 23 24
1 28
2 22 23
1 31
4 17 19 23 28
3 19 20 24
2 18 30
1 28
2 22 24
2 27 30
2 17 28
2 30 31
1 21
3 20 21 24
4 17 20 21 28
1 30
2 18 25
1 28
3 19 20 23
4 17 19 20 23
1 30
2 20 27
3 17 28 30
1 17
3 22 23 24
4 19 23 25 26
1 18
1 28
3 22 24 27
5 19 20 21 25 26
4 19 20 21 23
4 17 20 25 26
2 27 30
4 17 28 29 31
2 17 31
1 17
2 18 25
2 28 29
1 24
1 19
1 27
1 27
3 17 28 30
1 17
2 18 25
1 23
1 20
5 17 22 23 28 30
2 24 27
4 19 20 25 26
1 17
2 17 28
1 17
1 21
1 27
2 19 20
2 29 31
2 20 21
1 25
3 20 21 27
2 28 29
1 17
2 27 30
2 22 23
2 18 30
6 19 20 21 22 23 24
2 22 24
1 27
2 27 30
1 30
1 27
2 17 28
3 17 20 28
2 20 21
2 17 24
2 17 28
3 27 29 30
2 17 25
2 20 28
2 19 26
2 20 21
1 27
3 22 24 27
2 30 31
4 17 19 25 26
2 24 27
1 21
1 31
1 24
2 27 30
1 30
2 18 25
1 28
1 27
1 27
2 20 21
2 22 24
2 17 20
3 27 28 29
1 27
1 27
2 22 24
2 17 28
2 20 21
2 24 28
4 20 21 22 24
2 17 28
2 18 25
2 17 20
7 17 19 22 23 24 25 26
4 19 22 23 24
5 19 20 21 22 23
1 18
2 18 25
2 17 28
3 19 29 31
2 17 28
2 17 20
1 28
4 17 19 20 26
1 24
2 18 30
1 27
1 27
1 17
1 27
4 19 22 23 24
2 22 23
1 22
2 17 28
1 17
1 17
1 17
3 18 20 21
1 30
1 27
2 27 28
3 17 28 29
4 17 19 20 28
1 17
4 18 19 25 26
2 22 24
2 27 30
5 19 20 25 26 31
2 17 28
1 30
2 20 21
1 22
2 17 20
2 21 24
2 22 24
1 28
2 24 28
3 19 20 24
2 17 28
2 20 21
1 22
2 17 20
2 27 30
4 22 23 24 27
3 17 19 20
1 17
1 24
2 22 24
2 22 23
2 19 23
3 19 26 31
3 17 18 25
1 22
2 29 31
3 27 30 31
2 17 28
4 17 19 20 28
2 27 30
2 22 24
3 22 23 24
1 17
2 19 20
5 18 19 23 25 26
4 18 19 25 26
3 20 21 24
2 22 24
2 17 28
3 18 25 26
3 17 20 22
2 27 30
1 29
1 17
1 27
1 21
1 17
1 21
2 17 28
1 20
1 30
3 18 25 30
4 17 20 21 28
1 17
1 21
5 17 19 23 25 26
3 27 30 31
2 19 23
4 20 21 22 24
2 17 21
1 17
3 17 20 21
3 17 19 20
1 17
1 27
3 20 21 24
1 27
5 19 20 21 22 23
2 17 28
1 21
3 18 25 30
3 17 24 28
2 24 27
2 27 30
1 27
2 20 21
2 19 23
2 27 29
3 19 20 26
4 17 22 24 28
4 17 27 28 30
2 17 20
2 19 20
1 18
1 29
1 17
2 19 23
1 28
2 27 30
1 17
3 18 25 26
2 22 24
4 17 19 25 26
2 27 30
4 17 19 25 26
4 17 20 21 28
1 27
5 17 20 21 22 24
4 19 23 25 26
2 18 30
1 27
6 17 18 19 20 25 26
2 17 25
1 20
1 19
2 27 30
2 20 21
2 20 21
2 22 24
5 17 19 20 21 24
1 18
2 17 28
3 18 25 30
1 17
4 18 19 25 26
3 17 20 21
1 17
4 20 21 22 23
1 17
6 17 19 22 23 28 29
2 17 28
1 27
2 22 23
3 17 20 21
2 17 28
1 28
1 27
1 28
6 17 20 21 27 30 31
4 19 20 21 26
4 17 20 21 28
1 27
2 17 20
1 20
3 22 23 24
1 27
1 20
1 17
6 17 18 19 20 25 26
4 19 23 25 26
2 17 21
2 20 21
1 20
4 17 18 20 25
1 17
2 19 23
1 18
2 17 20
1 22
3 25 29 31
1 28
2 19 20
1 17
4 17 20 28 29
5 17 19 23 25 26
1 17
1 27
1 27
1 17
5 20 21 22 23 28
2 18 25
3 29 30 31
6 18 19 22 23 25 26
4 17 18 22 25
2 17 27
1 24
2 27 30
3 17 27 28
3 22 24 27
1 29
4 18 19 25 26
3 18 29 31
2 17 28
1 21
4 20 21 24 27
2 29 30
1 23
2 17 28
2 17 28
1 17
1 28
2 30 31
3 17 19 20
2 19 23
1 21
1 28
4 19 20 27 30
2 27 30
4 19 20 26 27
2 17 25
1 17
1 21
2 20 27
1 28
2 19 20
3 17 18 25
1 19
3 17 20 21
5 19 20 21 22 24
1 17
2 22 24
1 30
2 29 30
3 27 29 31
3 19 25 26
2 27 30
3 19 20 23
2 17 28
3 22 23 24
1 27
1 17
1 24
2 18 25
1 27
1 18
2 17 28
1 28
3 18 21 25
3 17 19 20
4 19 20 21 23
1 27
3 17 20 21
1 24
2 18 25
1 27
3 27 29 30
2 17 28
1 18
2 19 23
2 19 20
1 17
1 28
2 20 21
4 17 19 20 28
2 27 30
2 19 26
2 29 31
3 27 29 30
4 17 19 20 21
1 27
1 17
3 17 18 31
1 30
3 18 19 23
1 17
2 18 25
1 19
1 17
2 21 24
2 27 29
1 17
2 30 31
3 19 22 23
4 19 20 25 26
2 20 21
2 20 21
3 19 25 26
4 19 23 25 26
4 19 22 23 24
1 17
4 20 21 30 31
1 28
2 17 28
3 17 20 21
1 22
2 17 28
2 17 28
2 20 21
2 28 30
1 28
2 30 31
1 17
1 27
1 22
3 17 20 28
3 17 19 20
2 17 20
3 17 20 21
1 17
2 17 28
2 17 20
5 17 20 28 29 31
5 18 19 25 26 31
4 17 19 20 23
1 27
1 17
2 17 20
2 30 31
2 27 28
1 27
1 20
3 18 25 26
5 18 19 25 26 30
2 25 26
1 17
3 19 20 21
2 30 31
1 30
1 27
1 17
2 17 28
2 18 25
4 17 20 21 28
1 28
2 27 30
2 17 28
2 29 30
1 21
2 17 28
1 17
3 17 20 21
4 17 20 21 28
5 19 20 21 22 24
2 17 28
2 29 30
1 17
1 30
2 17 20
1 20
2 18 31
4 19 20 21 23
3 27 30 31
1 17
1 17
1 30
6 17 18 19 20 25 26
2 30 31
2 17 20
1 27
3 17 20 21
2 17 28
5 19 20 21 25 26
2 17 24
5 17 19 20 21 26
3 19 23 26
1 27
3 22 23 24
1 17
2 25 26
2 20 21
1 17
2 22 24
1 27
2 17 20
1 20
2 17 22
2 20 21
1 29
1 18
2 27 30
2 28 29
1 21
1 18
1 30
2 17 28
1 20
2 17 20
1 17
1 30
2 17 31
2 18 25
2 19 23
5 19 22 23 25 26
2 22 23
1 20
2 22 24
1 18
2 19 26
1 25
5 18 19 25 26 30
2 20 21
1 27
2 21 24
2 17 20
1 22
1 22
1 22
1 23
3 17 18 21
1 21
1 22
2 17 28
3 27 30 31
1 27
3 19 20 23
3 22 23 24
2 17 20
2 22 24
2 19 23
3 17 18 25
1 17
5 17 19 20 25 26
2 18 30
4 17 20 21 28
1 17
1 17
1 17
2 21 24
1 23
1 20
3 19 25 26
3 17 27 28
2 28 29
1 27
2 18 30
2 29 30
3 17 22 28
3 17 20 21
3 27 30 31
1 27
4 17 25 26 28
1 31
1 17
2 22 27
4 17 18 28 31
5 17 20 21 25 26
2 19 26
2 17 20
2 19 20
4 21 22 23 24
1 27
3 19 22 23
2 17 28
1 27
3 22 24 27
1 29
2 17 20
1 30
1 28
2 18 25
2 27 30
3 19 22 23
2 17 28
3 28 29 31
1 27
1 27
3 19 25 26
1 20
2 17 28
1 17
2 24 28
1 20
2 19 20
1 27
2 17 28
1 27
2 22 24
1 27
1 24
3 17 20 28
1 27
3 19 20 23
2 17 20
6 22 23 24 27 29 31
4 21 22 23 24
2 21 24
3 19 23 25
2 19 25
3 19 22 23
2 17 20
1 23
5 19 22 23 25 26
3 22 24 27
1 27
2 22 23
2 17 20
2 22 24
1 27
4 17 19 23 28
1 24
2 19 20
1 31
1 27
1 29
1 17
1 17
4 17 22 23 28
3 19 22 23
1 17
2 29 30
3 22 23 24
2 19 23
2 17 28
3 17 28 29
3 17 20 28
1 27
1 20
2 29 31
5 17 19 20 21 26
2 18 25
1 21
3 17 20 21
3 19 20 21
2 17 28
2 29 31
1 17
2 18 30
2 27 30
2 19 20
1 17
2 27 30
2 27 30
1 24
1 21
2 22 23
2 17 27
3 17 30 31
2 17 21
1 18
1 17
3 19 20 23
1 27
1 27
1 27
3 20 21 27
2 17 28
5 17 19 20 22 23
2 17 20
4 17 22 24 28
3 17 19 20
2 18 25
5 19 20 22 23 24
3 22 23 24
2 19 26
1 24
1 17
2 27 28
5 17 21 28 29 30
2 28 30
2 17 21
1 27
2 20 21
4 19 20 21 23
3 17 20 21
2 20 21
1 27
2 22 24
1 28
2 17 20
5 19 20 22 23 24
6 17 18 19 23 25 26
3 23 24 27
1 28
4 17 18 25 28
2 18 31
6 17 18 19 20 25 26
1 17
3 19 20 27
3 27 28 29
1 27
2 17 28
2 18 31
1 27
2 17 20
1 17
1 27
4 17 19 20 23
1 29
2 20 21
2 17 20
2 18 25
2 22 23
2 19 20
2 29 31
1 21
3 21 22 24
1 28
1 19
2 24 27
2 17 18
1 22
5 17 19 20 23 28
5 17 19 20 23 28
2 19 20
2 23 29
2 27 28
4 17 19 20 28
1 21
4 17 28 30 31
2 17 28
2 19 24
1 28
3 20 21 27
1 27
1 28
1 17
1 17
3 17 19 20
2 17 28
1 28
3 19 25 26
1 23
2 27 30
1 17
3 17 20 21
1 27
3 17 22 23
1 30
2 27 30
2 17 25
1 18
2 19 23
2 17 28
1 30
1 28
3 21 24 27
2 22 24
5 19 22 23 26 28
5 19 22 23 24 26
1 17
1 28
2 18 30
1 27
2 17 21
2 17 28
3 20 22 24
2 27 29
1 20
3 17 20 28
2 29 31
1 28
2 30 31
1 27
2 17 20
2 17 28
3 22 24 27
1 17
4 19 20 26 27
1 20
1 17
2 23 29
1 30
2 27 30
1 21
1 27
1 24
3 17 27 30
2 17 28
2 30 31
1 27
2 27 30
1 17
1 17
1 21
3 27 29 30
1 22
2 17 28
2 17 28
3 22 23 27
2 17 25
1 24
1 22
3 28 29 30
1 24
1 28
2 22 23
1 27
1 17
5 17 20 21 24 28
2 27 30
1 27
5 17 19 25 26 28
3 22 23 24
6 17 18 19 20 25 26
2 27 30
1 17
1 30
1 17
2 27 29
1 17
3 17 18 25
2 17 20
3 17 20 27
4 18 25 29 30
2 17 28
1 31
3 17 20 21
2 17 28
1 21
2 17 28
3 22 23 27
1 28
1 20
2 17 28
1 21
2 17 28
2 19 20
2 17 28
1 27
6 19 20 21 22 23 24
1 28
5 17 19 20 23 29
7 17 18 19 22 23 25 26
1 17
2 19 21
1 27
2 20 24
3 27 30 31
1 27
1 17
2 17 28
2 30 31
2 19 23
2 17 28
1 17
1 24
2 17 20
2 17 28
5 19 20 27 29 30
2 18 25
4 17 19 20 25
2 25 31
2 20 21
2 20 22
1 24
3 17 18 25
1 31
4 17 18 25 28
2 27 29
1 31
2 27 30
2 19 26
2 27 30
3 17 27 28
1 27
2 25 26
3 28 29 30
1 24
2 19 20
2 19 26
3 17 20 28
5 17 19 20 28 29
1 30
2 27 30
1 28
3 17 18 25
1 29
1 27
3 17 18 25
1 32
1 33
3 34 35 46
1 36
2 37 48
1 38
5 39 41 42 50 51
1 40
2 43 44
1 45
2 47 49
3 32 43 44
3 33 41 48
3 34 35 42
2 36 37
1 38
2 39 46
2 40 49
1 45
1 47
1 50
1 51
3 32 41 42
1 33
2 34 35
2 36 40
1 37
1 38
3 39 46 48
2 43 44
1 45
1 47
1 49
1 50
1 51
3 32 43 44
2 33 46
2 34 35
1 36
1 37
1 38
1 39
1 40
2 41 42
1 45
1 47
1 48
1 49
1 50
1 51
4 32 37 43 44
3 33 41 48
1 34
1 35
2 36 40
1 38
1 39
1 42
1 45
2 46 49
1 47
1 50
1 51
4 32 37 41 46
1 33
2 34 35
1 36
1 38
1 39
1 40
1 42
2 43 44
1 45
1 47
1 48
1 49
1 50
1 51
4 32 37 41 46
4 33 34 35 36
1 38
3 39 49 50
1 40
2 42 51
2 43 44
1 45
1 47
1 48
3 32 41 48
1 33
2 34 35
2 36 37
1 38
1 39
2 40 49
2 42 46
2 43 44
1 45
1 47
1 50
1 51
3 32 34 36
2 33 41
1 35
2 37 48
1 38
1 39
1 40
1 42
2 43 44
1 45
1 46
1 47
1 49
1 50
1 51
2 32 37
1 33
1 34
1 35
1 36
1 38
1 39
1 40
3 41 42 48
3 43 44 46
2 45 47
1 49
1 50
1 51
1 32
1 33
3 34 35 46
1 36
2 37 48
1 38
1 39
1 40
2 41 42
1 43
1 44
1 45
1 47
1 49
1 50
1 51
3 32 41 42
3 33 43 44
1 34
1 35
1 36
1 37
1 38
1 39
1 40
1 45
1 46
1 47
1 48
2 49 50
1 51
3 32 41 48
4 33 34 35 36
1 37
2 38 46
1 39
1 40
1 42
2 43 44
2 45 49
3 47 50 51
3 32 41 48
3 33 43 44
2 34 35
1 36
1 37
1 38
3 39 49 50
1 40
1 42
1 45
1 46
1 47
1 51
2 32 37
1 33
2 34 35
1 36
1 38
1 39
1 40
4 41 46 49 50
2 42 51
2 43 44
1 45
1 47
1 48
2 32 37
1 33
2 34 35
1 36
1 38
2 39 48
1 40
1 41
1 42
1 43
1 44
1 45
1 46
1 47
1 49
1 50
1 51
4 32 37 41 48
1 33
1 34
1 35
2 36 43
2 38 46
1 39
2 40 44
1 42
1 45
1 47
1 49
1 50
1 51
1 32
1 33
1 34
2 35 46
2 36 37
1 38
1 39
1 40
1 41
1 42
2 43 44
1 45
3 47 49 50
1 48
1 51
3 32 41 48
2 33 37
2 34 35
1 36
1 38
2 39 46
1 40
1 42
1 43
1 44
1 45
2 47 49
1 50
1 51
2 32 41
2 33 39
2 34 35
1 36
1 37
1 38
2 40 43
2 42 48
1 44
1 45
1 46
2 47 50
1 49
1 51
4 32 37 49 50
4 33 43 44 46
2 34 35
1 36
1 38
1 39
1 40
3 41 42 48
1 45
1 47
1 51
3 32 41 42
2 33 36
2 34 35
1 37
2 38 44
2 39 48
2 40 43
1 45
1 46
1 47
1 49
1 50
1 51
1 32
5 33 34 35 43 44
3 36 41 42
1 37
1 38
1 39
1 40
1 45
1 46
1 47
1 48
2 49 50
1 51
1 32
1 33
2 34 35
3 36 41 42
2 37 46
1 38
2 39 49
1 40
2 43 44
1 45
1 47
1 48
1 50
1 51
1 32
1 33
2 34 35
2 36 46
1 37
1 38
2 39 49
1 40
3 41 42 48
2 43 44
1 45
1 47
1 50
1 51
3 32 43 44
5 33 41 42 50 51
1 34
2 35 49
1 36
1 37
1 38
1 39
1 40
1 45
1 46
1 47
1 48
3 32 37 41
3 33 34 36
3 35 46 48
1 38
2 39 44
1 40
1 42
1 43
1 45
3 47 49 50
1 51
3 32 41 42
1 33
2 34 35
1 36
1 37
1 38
1 39
1 40
2 43 44
1 45
1 46
2 47 49
1 48
1 50
1 51
3 32 43 44
3 33 41 46
2 34 35
1 36
1 37
1 38
1 39
1 40
2 42 49
2 45 47
1 48
1 50
1 51
2 32 41
1 33
1 34
1 35
1 36
2 37 48
1 38
3 39 43 44
1 40
1 42
1 45
1 46
1 47
1 49
1 50
1 51
4 32 37 43 44
3 33 34 35
1 36
1 38
1 39
1 40
1 41
1 42
1 45
1 46
1 47
1 48
1 49
1 50
1 51
1 32
3 33 43 44
2 34 35
1 36
1 37
1 38
2 39 49
2 40 50
4 41 42 46 51
1 45
1 47
1 48
2 32 49
1 33
1 34
1 35
5 36 41 42 50 51
1 37
1 38
1 39
1 40
2 43 44
1 45
1 46
2 47 48
3 32 41 46
1 33
2 34 35
1 36
1 37
2 38 40
2 39 49
1 42
3 43 44 50
1 45
1 47
1 48
1 51
2 32 37
1 33
1 34
1 35
1 36
1 38
1 39
3 40 41 46
1 42
2 43 44
1 45
3 47 49 50
1 48
1 51
5 32 34 35 36 39
1 48
1 50
2 50 51
1 48
1 48
2 46 48
1 48
1 48
2 46 49
4 32 34 36 41
1 48
1 50
2 49 50
1 49
2 46 48
1 44
2 49 50
2 46 48
1 48
2 46 48
2 32 46
3 41 42 46
3 49 50 51
1 48
1 50
1 49
2 37 38
1 48
1 50
1 49
2 34 35
1 46
1 49
2 36 37
1 42
1 49
2 46 49
3 32 36 43
2 41 48
4 34 35 43 44
2 49 50
3 48 49 50
2 41 42
1 37
1 48
1 48
3 41 43 44
1 49
1 51
2 50 51
4 32 43 44 46
1 49
5 41 42 49 50 51
1 42
1 48
2 49 50
1 48
1 46
2 41 48
2 46 49
2 48 50
1 50
3 32 37 41
1 34
1 40
1 46
3 49 50 51
2 34 35
1 37
3 43 44 45
1 48
1 44
2 48 49
1 39
2 32 46
3 32 37 41
2 41 42
1 37
1 48
6 32 34 36 37 43 44
3 46 48 49
1 37
2 49 50
1 37
2 32 33
2 41 42
1 37
3 41 43 44
1 50
1 44
4 34 35 36 37
1 46
1 48
2 41 48
1 37
2 46 48
3 43 44 49
2 50 51
2 41 42
4 41 46 49 50
1 41
1 48
1 46
2 44 45
3 32 46 47
1 51
2 49 50
2 44 49
2 41 42
2 50 51
1 49
1 39
1 49
1 37
2 46 47
2 32 46
2 49 50
3 48 49 50
1 41
1 46
1 50
2 40 49
1 32
1 48
2 32 43
1 46
1 49
1 43
1 48
1 50
1 46
1 46
1 48
2 48 49
2 46 47
1 50
1 48
3 32 34 36
2 49 50
1 48
3 48 49 50
1 48
1 32
2 49 50
1 50
3 41 42 48
1 50
1 49
1 48
3 41 42 46
2 49 50
1 48
3 34 35 49
1 48
1 42
1 46
1 49
1 49
1 46
2 46 47
2 32 37
3 46 48 49
2 41 46
2 34 35
1 50
3 46 47 48
2 37 38
3 41 46 49
3 34 35 40
1 50
3 44 45 49
2 43 44
2 49 50
1 40
1 41
1 37
1 48
2 36 37
1 44
3 32 37 41
1 37
3 32 37 43
1 46
1 48
1 49
1 37
2 46 49
1 50
1 48
5 34 35 36 37 38
2 46 48
1 37
3 46 48 49
4 46 47 48 49
4 44 45 49 50
1 46
3 46 47 49
2 44 46
2 36 37
2 41 42
1 49
2 41 42
2 37 38
2 46 48
1 50
1 50
2 36 37
2 41 42
2 41 42
2 34 36
1 48
1 48
1 46
1 49
4 32 33 41 46
4 32 33 34 36
1 39
1 46
1 51
2 49 50
1 32
1 32
2 50 51
1 48
1 46
2 43 44
1 50
2 46 49
2 49 50
2 49 50
2 46 48
1 48
2 44 45
1 48
1 46
2 34 35
1 50
2 46 49
3 49 50 51
2 46 48
1 46
4 32 33 37 48
2 49 50
1 46
4 34 35 36 49
1 35
1 48
2 50 51
2 49 50
3 32 33 46
2 48 50
1 48
5 34 35 36 37 46
2 41 42
3 49 50 51
1 48
2 46 47
1 48
2 44 49
2 49 50
2 46 48
2 49 50
2 35 49
2 32 37
1 49
2 34 35
2 41 42
1 49
3 34 35 39
1 48
1 46
2 32 37
2 50 51
1 34
1 50
1 46
2 50 51
3 46 47 48
1 48
2 32 48
1 49
3 41 42 46
2 35 46
2 41 42
1 49
2 46 49
4 32 33 34 36
3 49 50 51
1 50
3 41 43 44
3 46 47 49
1 34
1 50
2 46 47
3 32 35 37
1 46
1 46
2 50 51
2 41 42
2 46 49
1 48
2 50 51
1 48
3 44 45 48
2 32 33
1 49
2 46 48
1 39
3 39 46 47
1 46
1 49
1 41
2 32 33
1 50
2 49 50
3 42 50 51
2 41 46
1 46
1 48
2 32 37
1 48
7 32 34 35 36 43 44 45
2 41 42
3 46 49 50
4 32 33 34 36
1 49
2 50 51
2 50 51
1 48
3 34 35 36
1 48
1 42
1 46
2 32 37
3 41 42 48
1 48
3 34 35 40
1 48
1 46
1 32
3 34 35 49
4 42 46 47 48
2 34 36
4 34 35 36 37
2 49 50
2 41 48
3 32 34 36
1 44
1 32
1 51
2 46 48
1 40
1 44
2 49 50
2 46 48
2 50 51
1 49
1 48
2 46 48
2 50 51
1 40
4 41 43 44 49
2 46 47
3 32 37 43
2 50 51
1 46
3 34 35 46
2 46 48
1 50
1 49
1 41
1 48
1 50
1 46
1 48
3 40 48 49
1 49
1 49
1 49
1 44
1 48
1 35
1 48
1 48
3 32 37 41
1 49
1 49
1 50
1 51
1 49
1 37
2 46 47
4 41 42 50 51
2 37 38
2 49 50
1 48
1 50
4 32 43 44 46
4 41 43 44 49
2 50 51
1 46
1 48
1 46
2 41 48
1 49
1 48
2 46 47
2 49 50
1 46
2 49 50
1 50
3 48 49 50
1 48
1 34
1 42
1 49
2 41 42
2 49 50
3 34 35 49
2 37 38
8 32 34 35 36 41 42 50 51
3 41 43 48
2 46 48
1 46
1 50
1 46
2 37 38
1 46
1 48
3 32 33 41
1 51
2 50 51
1 46
5 32 35 37 50 51
1 37
3 49 50 51
1 48
3 37 48 50
1 48
1 50
1 50
3 49 50 51
2 50 51
1 46
1 46
1 34
2 34 35
1 49
1 48
4 34 35 36 37
3 43 44 46
1 49
1 37
2 37 38
1 46
2 48 50
2 50 51
3 41 42 46
1 49
1 49
1 49
2 46 49
1 48
1 50
2 41 48
3 42 50 51
3 49 50 51
6 32 36 41 42 50 51
1 41
2 46 49
1 46
2 49 50
1 49
1 34
3 41 42 48
2 43 44
1 50
1 42
2 49 50
1 48
1 48
3 32 34 35
2 41 46
2 41 46
3 41 42 48
2 49 50
1 49
3 32 37 38
1 37
1 50
1 48
1 51
1 50
1 50
1 40
2 41 48
1 48
2 50 51
2 46 47
4 42 49 50 51
2 46 48
2 48 49
1 50
2 50 51
4 41 42 46 51
1 46
4 41 42 43 44
2 34 35
2 50 51
2 50 51
2 34 35
1 49
1 46
2 35 46
5 32 34 35 43 44
2 34 35
1 39
1 49
4 46 47 49 50
1 32
1 46
2 41 46
5 41 42 48 50 51
2 44 46
2 36 37
3 34 36 37
2 34 36
3 42 50 51
2 49 50
1 46
1 48
3 32 34 36
5 34 35 36 37 48
2 37 38
1 49
3 49 50 51
1 48
4 32 40 41 42
1 48
2 49 50
1 46
4 34 36 37 38
2 46 47
1 46
3 41 43 46
3 41 43 48
2 43 44
3 34 35 36
1 34
1 48
2 50 51
1 46
1 46
2 44 45
2 46 48
1 46
1 34
1 34
1 48
2 50 51
1 51
3 32 35 37
3 41 42 48
1 48
1 50
1 48
3 41 43 44
2 34 35
2 49 50
1 48
2 50 51
1 37
1 46
2 46 48
1 46
1 46
1 37
1 48
1 39
2 44 45
1 46
3 44 45 49
2 49 50
2 46 49
2 46 47
2 46 48
1 44
3 34 35 49
1 48
2 49 50
2 43 44
1 48
2 50 51
1 37
2 50 51
3 32 34 35
2 41 42
1 37
4 34 36 37 38
1 48
1 50
3 49 50 51
1 50
1 37
2 37 48
1 48
1 46
2 32 36
1 46
4 41 42 50 51
2 41 42
4 34 35 46 47
2 44 45
1 42
1 49
2 50 51
2 36 37
1 48
1 46
2 49 50
2 50 51
2 41 42
4 34 35 36 37
2 49 50
2 46 47
1 48
3 42 50 51
2 32 46
1 46
1 37
1 37
2 46 49
2 49 50
1 48
2 46 47
2 49 50
2 50 51
2 34 36
2 50 51
2 46 48
4 32 35 41 42
1 48
2 46 47
2 43 44
2 46 47
1 39
2 49 50
1 49
1 41
3 49 50 51
1 50
2 32 41
1 46
3 32 40 41
1 50
1 46
2 50 51
3 32 41 42
3 48 50 51
1 50
2 50 51
1 46
1 50
2 37 38
2 49 50
2 41 42
1 49
1 49
2 34 35
3 41 43 48
2 32 33
1 35
2 32 41
1 49
2 37 49
3 34 35 36
3 46 47 48
1 32
1 49
3 49 50 51
2 50 51
1 49
1 41
4 42 49 50 51
1 48
1 48
1 50
1 48
1 48
2 41 42
3 41 43 50
3 34 35 36
1 49
2 34 35
4 46 47 50 51
1 34
2 32 37
1 49
1 50
1 48
2 46 47
1 44
1 48
2 34 35
1 50
1 48
4 41 42 50 51
1 49
1 37
3 41 42 43
1 46
3 34 35 39
1 46
3 39 46 48
1 46
2 46 51
1 50
4 39 41 42 46
2 50 51
1 46
2 44 49
2 48 50
2 46 48
1 48
2 43 44
4 32 34 35 36
2 49 50
3 49 50 51
1 49
2 37 48
6 32 34 36 43 44 45
3 46 47 48
2 44 49
2 43 44
2 46 49
3 49 50 51
1 49
2 48 50
1 49
2 49 50
1 37
1 50
2 46 47
1 48
3 49 50 51
1 49
1 48
1 46
1 49
1 49
1 42
5 32 33 43 44 49
1 50
2 41 48
3 41 42 48
2 49 50
1 35
1 40
1 35
1 37
1 46
2 46 48
3 35 46 47
1 48
2 36 37
2 34 35
2 34 35
5 41 42 49 50 51
2 48 49
1 37
2 49 50
1 48
1 42
2 44 45
2 44 45
3 41 42 46
2 49 50
2 50 51
1 46
3 32 35 43
2 34 35
2 48 49
3 41 42 46
2 50 51
2 32 41
4 41 42 46 49
2 50 51
1 46
1 51
2 41 42
3 32 34 36
3 41 42 48
3 48 50 51
1 42
1 46
4 41 42 43 44
2 34 35
2 40 49
4 43 44 46 47
2 34 35
3 32 44 45
2 37 38
2 43 44
1 49
2 46 47
1 49
1 50
5 41 42 43 50 51
3 49 50 51
2 50 51
1 34
1 48
2 49 50
2 32 33
2 34 35
2 46 48
1 48
4 41 46 49 50
2 50 51
2 49 50
2 41 42
3 39 46 48
1 49
6 32 33 41 42 50 51
2 43 44
1 50
1 39
7 41 42 43 44 49 50 51
1 46
2 46 48
1 46
1 48
1 50
1 32
4 41 42 43 51
2 44 48
2 46 47
3 34 35 40
1 48
3 48 49 50
3 41 42 46
2 41 42
3 49 50 51
4 41 42 50 51
1 49
2 50 51
3 49 50 51
1 42
4 34 35 36 49
2 44 45
1 50
2 50 51
1 46
1 49
1 37
1 50
3 48 50 51
1 48
1 46
1 49
2 46 48
2 50 51
1 51
3 41 42 46
2 49 50
4 46 47 49 50
1 46
2 34 36
6 32 34 35 36 43 44
3 42 50 51
1 49
2 41 48
1 50
1 37
2 50 51
2 32 37
1 41
2 50 51
3 32 37 38
2 44 45
1 46
1 46
1 46
4 32 34 36 39
1 46
2 50 51
1 46
1 48
2 46 49
4 32 39 43 44
1 48
2 50 51
2 49 50
4 41 42 50 51
1 48
1 39
1 49
1 50
1 49
1 48
1 48
2 34 48
3 34 36 37
1 44
1 37
1 46
1 37
3 48 50 51
2 41 48
2 49 50
1 42
1 46
1 44
1 48
2 46 48
2 46 48
1 48
2 46 48
1 51
1 42
1 40
3 32 34 36
4 32 33 43 44
1 46
3 34 36 37
1 40
1 35
2 32 37
2 41 46
1 50
5 32 33 37 49 50
1 46
1 39
2 41 46
1 50
1 41
1 49
5 41 42 49 50 51
2 49 50
3 49 50 51
2 48 49
3 36 37 46
1 49
1 49
1 50
1 49
3 32 34 36
1 46
2 49 50
2 44 45
1 49
1 42
2 41 42
2 41 42
2 41 42
2 49 50
1 39
2 41 43
2 48 49
2 44 45
1 46
2 41 42
2 50 51
1 42
2 50 51
3 48 50 51
2 49 50
1 49
2 32 46
1 41
2 46 47
1 35
3 41 42 48
2 50 51
1 50
3 48 49 50
2 44 46
1 49
2 36 37
1 48
2 49 50
2 50 51
2 41 42
1 46
2 46 47
1 48
2 44 45
5 32 34 35 36 41
2 32 33
1 50
4 32 33 34 35
2 49 50
1 44
2 50 51
1 46
2 48 50
2 49 50
1 39
4 41 43 44 46
2 34 36
2 43 44
1 46
1 46
2 49 50
1 49
1 34
4 32 34 35 37
1 46
2 44 45
1 46
2 49 50
4 32 40 41 46
1 37
1 35
2 49 50
1 41
3 49 50 51
1 37
3 37 49 50
3 42 50 51
1 49
1 48
1 46
3 32 33 37
2 49 50
3 32 34 35
2 41 42
1 50
1 48
1 48
3 34 35 49
1 50
3 41 42 51
1 49
2 50 51
3 49 50 51
2 46 47
2 41 42
1 32
2 41 48
1 48
2 37 38
1 46
3 46 50 51
2 34 35
1 49
2 46 48
3 32 41 46
1 49
1 50
1 37
2 37 38
2 48 50
3 32 33 37
1 49
2 37 38
3 46 48 49
1 48
1 49
1 48
2 46 47
4 46 49 50 51
1 37
1 46
1 39
2 49 50
1 49
1 48
4 32 34 36 39
1 46
3 46 47 49
2 49 50
1 34
1 49
2 35 46
1 49
2 48 49
2 32 37
2 46 48
1 49
1 39
1 46
2 49 50
1 39
1 48
2 34 36
2 32 43
1 46
3 49 50 51
1 49
1 50
1 50
2 37 38
1 34
2 32 33
1 46
1 49
2 41 51
2 48 49
1 35
2 37 38
1 49
1 50
1 50
1 37
1 49
1 48
4 32 39 41 42
1 48
3 32 43 44
1 32
1 49
2 46 47
3 49 50 51
5 41 42 48 50 51
2 41 48
1 51
1 49
2 50 51
1 50
1 49
1 35
3 32 37 43
3 32 43 44
1 48
3 32 41 48
2 37 38
1 49
4 32 34 36 43
1 41
2 49 50
1 49
1 42
1 50
1 32
1 48
4 34 35 46 47
5 32 36 43 44 45
2 50 51
2 49 50
1 50
1 48
3 32 37 40
1 46
1 41
1 50
5 32 34 36 44 45
4 34 35 36 37
1 32
7 41 42 43 44 49 50 51
2 41 42
2 41 46
3 41 42 51
2 32 41
1 50
4 34 36 37 38
3 34 35 36
6 32 36 41 42 50 51
2 34 35
3 46 50 51
1 49
3 49 50 51
1 49
3 37 38 48
2 50 51
2 46 49
2 41 42
1 37
2 37 38
5 34 35 36 37 39
1 37
1 39
1 34
4 32 33 43 44
1 42
1 48
3 44 46 47
2 32 37
1 46
2 36 37
2 50 51
3 41 42 46
3 49 50 51
2 39 48
2 48 49
3 32 33 37
3 41 42 48
3 32 37 38
1 46
2 44 45
2 50 51
5 60 61 63 64 65
1 52
1 53
2 54 57
1 55
1 56
1 58
2 59 62
4 61 63 64 65
1 52
2 53 54
1 55
3 56 57 60
1 58
1 59
1 62
5 61 62 63 64 65
1 52
1 53
1 54
3 55 58 59
1 56
2 57 60
7 57 59 61 62 63 64 65
1 52
3 53 56 58
1 54
2 55 60
6 58 59 62 63 64 65
1 52
1 53
1 54
1 55
1 56
2 57 60
1 61
6 59 60 61 62 64 65
3 52 54 56
1 53
1 55
1 57
1 58
1 63
3 63 64 65
2 52 54
1 53
3 55 56 57
2 58 60
1 59
1 61
1 62
5 59 62 63 64 65
1 52
1 53
1 54
1 55
2 56 57
1 58
1 60
1 61
4 61 63 64 65
1 52
1 53
1 54
2 55 56
4 57 58 59 60
1 62
5 61 62 63 64 65
2 52 54
1 53
1 55
1 56
2 57 60
1 58
1 59
3 63 64 65
2 52 59
2 53 60
1 54
2 55 56
1 57
1 58
1 61
1 62
4 59 60 62 64
2 63 65
1 52
1 53
1 54
1 55
2 56 57
1 58
1 61
4 58 59 62 64
3 60 63 65
1 52
2 53 56
2 54 61
1 55
1 57
4 58 59 62 64
2 63 65
1 52
1 53
1 54
2 55 57
1 56
1 60
1 61
6 59 61 62 63 64 65
1 52
1 53
1 54
1 55
1 56
2 57 60
1 58
4 59 60 62 64
2 63 65
2 52 54
1 53
1 55
1 56
1 57
1 58
1 61
5 59 62 63 64 65
4 52 56 57 60
1 53
1 54
1 55
1 58
1 61
6 59 61 62 63 64 65
2 52 56
1 53
1 54
1 55
1 57
1 58
1 60
4 62 63 64 65
2 52 54
3 53 56 57
1 55
2 58 60
1 59
1 61
3 62 64 65
1 52
1 53
1 54
1 55
1 56
2 57 60
1 58
1 59
2 61 63
5 61 62 63 64 65
1 52
1 53
3 54 57 58
1 55
1 56
2 59 60
3 61 62 64
2 63 65
1 52
1 53
1 54
1 55
1 56
1 57
1 58
1 59
1 60
3 63 64 65
2 52 58
1 53
1 54
2 55 56
2 57 60
1 59
1 61
1 62
2 64 65
2 52 56
1 53
1 54
1 55
2 57 60
1 58
1 59
1 61
2 62 63
4 60 61 62 64
2 63 65
1 52
2 53 55
1 54
2 56 58
1 57
1 59
5 61 62 63 64 65
3 52 54 56
1 53
1 55
2 57 58
2 59 60
3 61 62 64
4 57 60 63 65
2 52 54
1 53
2 55 56
1 58
1 59
5 57 59 62 64 65
2 52 54
1 53
1 55
1 56
2 58 60
2 61 63
3 63 64 65
1 52
2 53 55
3 54 57 60
1 56
1 58
1 59
1 61
1 62
6 59 61 62 63 64 65
1 52
1 53
1 54
2 55 60
1 56
2 57 58
4 60 61 62 64
2 63 65
2 52 58
3 53 56 57
2 54 59
1 55
3 61 62 64
2 63 65
2 52 60
2 53 56
2 54 59
1 55
1 57
1 58
5 59 62 63 64 65
1 52
1 53
1 54
1 55
2 56 57
1 58
1 60
1 61
4 62 63 64 65
1 52
2 53 55
1 54
1 56
1 57
1 58
2 59 60
1 61
6 57 60 61 62 64 65
2 52 55
1 53
1 54
1 56
1 58
1 59
1 63
4 62 63 64 65
1 61
2 59 62
2 57 58
2 52 53
1 52
1 57
1 56
1 56
1 60
1 54
1 58
2 52 53
1 61
3 56 60 61
1 56
1 57
1 56
3 57 58 60
1 59
1 52
2 52 53
1 52
2 56 57
1 58
2 61 63
2 57 60
2 57 58
1 54
1 54
2 57 59
2 54 60
1 54
1 60
1 54
1 55
1 58
1 52
1 58
1 56
1 56
1 52
2 59 62
1 63
1 57
3 52 53 57
1 54
5 58 61 63 64 65
2 63 65
1 58
1 55
3 57 58 60
1 60
1 61
4 62 63 64 65
3 55 56 57
1 58
1 60
2 61 63
1 57
1 56
3 57 58 60
2 55 56
1 58
3 55 58 60
2 63 65
1 56
1 58
2 60 61
1 60
2 57 59
1 59
3 57 59 62
2 52 55
1 56
2 52 53
4 55 56 57 60
2 57 60
2 58 59
2 58 59
1 52
1 58
1 56
1 57
2 52 56
3 57 58 60
1 54
1 52
3 52 53 54
2 61 63
2 52 53
1 63
3 57 59 60
1 58
1 55
1 58
1 58
1 58
1 60
2 56 57
1 52
1 52
3 57 58 60
1 60
1 60
1 61
3 61 63 65
1 58
2 61 63
2 56 57
2 61 62
3 59 61 62
2 55 56
1 58
2 58 60
2 57 60
2 61 62
1 60
2 55 56
2 57 60
2 52 56
1 58
2 57 60
1 59
5 58 59 62 64 65
2 55 56
1 57
1 52
3 52 53 54
3 57 59 62
5 58 61 63 64 65
1 52
2 56 57
1 60
1 63
4 59 62 64 65
1 56
3 57 60 61
3 57 60 61
2 61 63
2 57 59
1 55
2 59 62
2 52 58
1 60
1 58
4 57 60 61 62
3 58 60 61
1 58
1 60
2 59 62
2 57 60
3 58 59 62
4 58 59 61 62
1 61
2 55 56
1 59
1 58
1 61
1 57
2 55 58
4 58 59 62 64
2 52 56
1 54
1 55
2 60 61
1 58
2 60 61
1 56
1 56
1 55
1 61
4 57 59 61 62
1 54
1 52
2 61 63
2 61 63
3 59 61 63
1 58
2 56 57
1 60
1 60
5 57 60 61 63 65
1 58
1 52
1 56
1 60
1 61
2 57 60
2 61 62
3 63 64 65
1 57
2 61 63
1 56
1 52
1 56
1 58
1 54
1 60
1 60
1 55
1 55
1 54
2 61 63
1 61
2 57 58
2 58 60
1 52
1 58
1 58
1 55
2 61 63
4 61 63 64 65
3 61 62 64
4 58 59 62 64
1 54
1 63
2 59 62
1 54
5 59 61 62 63 65
1 54
2 57 58
2 61 63
1 56
2 57 59
1 58
1 52
2 61 63
2 57 60
3 57 58 60
2 52 59
2 61 63
2 61 63
5 59 62 63 64 65
1 58
1 52
1 56
1 60
1 57
2 54 60
2 58 59
2 61 63
2 61 63
2 57 58
1 61
1 58
3 52 53 55
4 60 63 64 65
1 57
1 60
1 60
3 57 58 60
2 52 53
3 57 59 60
2 55 57
1 60
2 57 58
2 60 61
2 60 61
3 57 58 60
4 57 59 60 61
1 56
3 52 53 59
2 52 54
1 58
1 57
1 58
2 52 53
1 54
1 54
2 52 54
2 55 56
2 54 56
3 57 60 61
2 57 58
5 61 62 63 64 65
3 52 57 60
1 55
1 58
2 57 58
1 52
2 61 63
2 57 60
2 61 63
1 57
2 61 63
1 56
3 58 59 62
1 60
1 58
2 61 63
2 52 56
2 57 60
1 61
1 56
1 52
2 52 54
1 61
1 56
1 55
1 57
2 57 59
2 55 58
1 58
3 60 61 63
1 58
2 63 65
2 57 60
1 58
2 56 57
2 57 60
1 54
1 54
2 54 60
1 58
1 56
2 57 60
3 54 63 65
1 54
2 58 59
7 58 59 60 61 62 64 65
1 57
2 57 58
1 55
1 55
1 56
1 52
3 52 53 55
2 57 59
1 61
2 57 60
3 59 61 62
1 57
1 55
1 55
2 58 59
1 58
3 54 57 60
1 56
3 57 58 60
2 57 60
1 54
1 58
2 57 60
3 57 58 60
2 59 62
2 58 60
1 57
1 61
2 57 60
2 63 65
1 60
2 58 60
3 59 62 64
3 52 53 54
1 58
3 57 58 59
2 57 58
2 57 60
1 56
4 62 63 64 65
2 61 63
1 55
3 61 63 65
2 52 53
2 54 55
2 57 61
1 54
1 52
1 58
2 58 59
1 54
1 54
3 57 58 60
1 56
2 58 59
1 60
3 58 59 62
1 54
3 57 58 60
3 57 58 60
1 52
1 54
2 58 59
2 52 54
1 60
1 55
1 61
2 61 63
1 57
3 52 53 54
1 52
2 57 60
2 52 54
1 55
2 63 65
1 61
1 58
1 52
1 61
4 61 62 64 65
3 54 58 59
1 55
1 61
1 58
1 60
2 52 53
3 58 60 61
1 57
1 63
1 56
2 54 56
2 57 59
1 63
1 52
3 52 54 55
1 57
5 57 59 60 61 62
1 55
4 60 61 63 65
1 57
1 52
1 52
1 63
2 52 53
1 55
1 56
3 56 61 63
2 58 60
1 58
1 57
2 58 59
2 58 59
3 60 61 63
3 52 53 54
1 57
1 63
3 56 57 58
3 58 59 62
2 57 59
2 57 60
2 54 60
1 58
1 56
2 52 55
2 52 56
3 63 64 65
2 57 60
1 58
3 58 61 63
2 58 59
1 57
1 54
3 52 53 60
2 61 63
5 58 59 60 61 62
3 52 53 55
1 60
3 59 61 62
3 59 61 62
1 58
2 57 59
2 60 61
1 63
1 60
1 56
1 60
4 57 59 62 64
1 63
6 59 61 62 63 64 65
1 58
3 57 58 60
2 58 59
1 58
1 52
1 60
2 58 60
1 58
2 61 63
1 58
1 60
1 57
1 59
1 58
1 57
1 52
2 57 58
3 56 57 60
2 55 56
1 60
1 57
3 57 58 60
1 52
1 61
1 55
1 56
2 60 61
2 54 56
2 55 58
1 52
2 61 63
3 58 60 61
1 60
1 58
4 60 61 62 64
3 57 58 60
2 56 61
1 63
2 57 59
2 58 60
1 55
1 54
1 59
1 63
3 59 61 62
1 58
4 58 60 61 62
5 61 62 63 64 65
1 57
3 56 57 60
1 56
4 58 59 62 64
5 58 61 63 64 65
1 54
3 57 58 60
1 59
1 54
1 60
6 60 61 62 63 64 65
2 58 59
1 57
1 60
1 57
2 52 56
2 57 58
2 60 61
1 59
1 56
1 54
2 58 59
1 52
2 57 58
2 57 60
1 57
1 63
1 58
1 58
2 58 59
1 57
2 60 61
1 60
1 60
2 57 59
1 57
2 61 63
1 54
2 55 57
1 58
4 61 63 64 65
1 54
1 54
2 57 59
1 57
1 52
3 52 56 57
1 54
1 60
1 54
3 58 59 62
2 61 63
1 61
1 58
2 57 58
1 54
1 55
1 58
4 58 59 62 64
1 54
2 57 58
1 52
1 54
1 59
1 55
2 54 57
1 58
2 57 58
1 59
1 55
1 58
2 57 60
1 56
1 60
2 52 53
1 60
1 58
3 59 61 62
1 59
1 58
1 58
4 57 60 61 63
2 57 58
2 59 62
3 57 60 61
1 57
1 57
1 57
3 52 53 57
1 55
2 58 60
1 52
2 57 58
2 57 58
4 57 60 61 63
1 55
1 61
2 59 63
3 56 57 58
1 57
1 58
2 56 57
3 57 61 63
2 57 60
2 60 61
1 63
4 58 59 60 62
1 58
1 58
2 55 56
1 57
1 54
2 61 63
2 58 59
2 52 56
1 58
1 52
1 60
1 57
2 56 58
1 61
1 55
2 55 58
2 54 63
1 60
2 57 59
2 52 54
1 56
1 59
1 58
1 60
1 54
2 57 59
2 61 63
3 61 62 64
2 58 60
1 52
1 58
2 61 63
2 52 63
1 54
1 54
3 57 60 61
1 52
2 52 53
5 57 59 60 63 65
1 60
1 55
3 54 57 60
1 54
1 60
3 55 58 60
2 57 59
2 60 61
1 57
2 52 56
2 58 59
1 55
2 52 53
1 63
2 57 60
1 55
1 58
7 58 59 61 62 63 64 65
3 63 64 65
1 57
1 54
1 58
1 57
1 54
2 57 59
2 63 65
1 58
3 52 53 54
1 63
1 58
2 58 60
2 61 63
2 52 53
1 61
1 55
2 52 54
1 60
3 61 63 65
1 56
1 55
3 61 63 65
1 63
1 57
1 55
4 62 63 64 65
2 57 58
3 57 60 61
2 58 61
1 52
3 52 53 60
2 57 60
5 57 59 61 62 63
3 60 61 62
2 61 62
2 58 59
1 57
2 52 54
1 54
1 56
2 56 57
1 52
2 58 61
1 57
5 58 60 61 62 64
1 56
3 57 59 62
1 52
2 56 58
1 56
2 57 58
1 57
2 57 60
3 59 61 62
6 57 60 61 63 64 65
1 58
1 58
1 57
1 58
2 52 55
1 58
3 57 59 60
1 59
2 56 57
1 55
1 56
1 56
2 60 61
1 59
1 58
1 55
2 63 65
1 57
1 54
1 60
1 58
2 57 60
1 58
1 58
1 55
1 54
2 52 53
5 57 59 62 64 65
1 56
1 58
2 52 54
1 55
1 56
2 52 54
3 57 59 60
1 56
3 57 60 61
2 57 60
2 58 60
1 57
4 58 60 61 63
3 57 59 60
1 57
1 60
2 58 59
1 55
3 60 61 63
1 52
1 60
1 58
2 63 65
1 54
1 61
2 52 55
1 55
4 57 58 60 61
3 55 58 60
1 58
1 60
1 57
2 61 63
1 60
3 57 59 62
1 57
1 55
1 57
1 57
2 58 60
2 57 60
1 55
1 54
2 52 55
1 57
3 60 61 63
3 57 58 60
1 61
1 57
4 58 60 61 62
1 58
1 57
1 54
1 52
2 61 63
3 57 58 60
1 56
1 57
2 52 53
2 60 61
1 52
1 54
1 60
2 55 57
2 57 58
2 61 63
1 60
2 57 61
2 52 55
1 54
2 57 58
1 58
2 57 60
3 57 60 61
2 56 61
1 58
2 58 59
1 58
1 58
2 57 60
5 60 61 62 64 65
2 52 55
1 58
2 52 56
1 57
2 54 59
1 57
1 52
2 52 53
2 60 61
3 56 57 60
3 59 61 62
1 61
1 58
5 58 60 61 63 65
1 52
2 61 63
4 52 53 57 60
1 54
1 63
2 52 56
1 54
2 61 63
3 63 64 65
3 57 58 60
2 52 53
1 55
3 54 63 65
1 56
1 57
2 54 57
1 55
3 55 57 60
3 52 53 60
1 58
1 60
2 52 55
2 52 53
4 61 62 64 65
1 57
3 57 58 60
1 54
1 55
3 57 58 60
3 55 56 57
2 55 58
5 61 62 63 64 65
3 59 62 64
1 54
1 56
1 58
2 57 60
4 62 63 64 65
2 57 60
1 54
1 54
3 55 57 59
2 58 59
1 57
1 58
3 52 53 56
3 54 57 60
1 58
1 61
1 56
5 57 59 62 64 65
2 57 60
1 52
1 58
1 56
1 55
5 57 60 61 63 65
1 61
3 61 62 63
2 57 60
2 59 62
1 56
1 63
3 59 61 62
3 59 62 64
1 57
2 54 58
3 60 61 62
4 59 61 62 63
1 55
1 56
1 61
2 57 58
2 52 53
1 56
1 52
1 58
1 55
1 57
1 54
3 57 59 60
1 52
2 60 61
2 52 54
1 54
1 60
1 55
3 52 54 63
2 54 57
2 57 60
2 57 60
1 54
1 52
2 57 60
3 52 54 56
1 57
1 55
2 63 65
1 60
1 57
2 63 65
4 52 54 61 63
1 57
1 54
1 58
6 58 59 62 63 64 65
4 52 53 60 61
5 57 58 60 61 62
4 58 59 61 63
2 57 58
2 58 60
1 60
3 57 58 60
3 60 61 63
1 52
1 55
1 58
1 58
1 58
3 63 64 65
1 52
1 61
1 55
1 57
2 57 60
2 58 60
2 59 62
3 55 57 59
7 57 59 60 62 63 64 65
6 57 59 61 62 63 65
4 54 56 57 60
2 58 60
2 58 60
1 56
1 52
1 56
1 52
3 58 61 62
3 58 60 61
1 56
2 57 58
3 57 58 59
1 54
1 58
1 54
2 57 58
5 57 59 62 64 65
1 57
2 57 60
1 58
1 55
2 52 54
1 57
1 58
3 62 64 65
4 62 63 64 65
2 57 58
1 61
2 60 61
1 60
2 61 62
2 61 63
1 58
1 56
1 57
2 59 60
4 61 63 64 65
2 57 60
1 57
1 55
2 57 60
1 54
1 52
2 54 58
1 58
1 57
2 52 53
1 54
1 57
1 60
2 57 60
2 55 56
1 58
1 55
2 58 59
2 52 53
3 57 60 61
2 57 60
1 52
2 61 63
1 61
1 63
1 58
2 57 60
1 54
4 60 61 63 65
8 52 53 60 61 62 63 64 65
1 54
5 59 62 63 64 65
1 57
1 60
1 54
4 57 59 61 62
1 61
2 56 57
2 57 60
1 57
1 52
4 57 58 59 60
6 59 61 62 63 64 65
1 56
1 54
3 58 59 62
4 60 61 63 65
2 58 61
1 56
2 60 61
2 57 58
3 58 59 62
1 60
1 56
1 60
1 63
1 59
4 60 61 63 65
1 60
1 60
3 59 61 62
3 60 61 63
3 57 58 60
2 54 59
1 61
1 54
1 56
1 55
4 59 62 64 65
4 57 63 64 65
1 56
1 57
2 57 58
1 58
3 60 63 65
1 55
2 57 60
1 57
2 57 58
2 58 60
2 60 61
3 59 62 64
3 57 58 60
4 61 62 63 64
2 58 60
1 52
2 61 62
1 60
1 54
4 57 60 61 63
1 58
2 63 65
1 58
1 63
1 52
1 52
1 54
1 54
1 58
1 56
1 58
2 58 59
1 57
1 57
1 56
2 58 60
1 56
2 54 63
3 58 59 62
2 57 60
1 57
2 61 63
1 56
1 55
1 57
2 57 58
1 58
2 57 60
1 55
5 52 53 56 57 60
3 57 61 63
2 61 63
1 60
1 54
1 57
3 54 58 59
1 59
1 56
1 56
1 57
2 58 63
3 61 63 65
2 54 60
4 59 60 61 62
1 60
2 57 60
2 57 59
1 57
3 59 61 62
2 61 63
1 61
1 54
1 54
1 58
2 57 60
1 57
1 60
2 54 57
1 59
2 57 60
3 58 59 60
2 57 60
3 60 61 62
1 55
1 61
2 60 61
1 58
1 52
1 59
2 57 58
1 54
1 56
1 58
1 54
2 57 60
1 58
1 54
1 55
2 58 59
2 52 54
1 60
1 60
2 57 60
4 62 63 64 65
1 52
1 58
3 52 53 54
3 57 60 61
1 58
5 58 59 60 61 62
1 54
1 59
3 52 53 55
1 54
3 57 59 62
2 52 53
2 55 56
2 52 59
1 58
5 57 59 60 61 63
1 52
1 58
2 58 59
2 63 65
2 57 60
2 56 57
2 52 54
2 60 61
2 59 62
2 63 65
6 57 59 62 63 64 65
1 57
2 52 60
1 55
1 54
1 56
2 57 58
2 63 65
1 55
3 57 58 60
2 57 58
1 59
1 52
3 57 60 61
3 55 57 60
1 63
1 55
2 57 60
1 56
1 55
1 59
2 52 54
2 55 56
1 58
7 58 59 61 62 63 64 65
5 56 61 62 63 64
1 60
1 55
1 57
1 57
4 62 63 64 65
2 63 65
1 61
1 63
6 52 58 60 61 63 65
2 59 62
2 63 65
1 58
2 58 59
5 58 60 61 62 64
3 56 63 65
1 54
1 60
1 58
2 58 60
2 52 53
2 59 62
1 56
2 58 59
1 55
2 52 53
1 56
2 56 58
1 61
1 61
1 58
3 52 55 57
2 57 60
4 60 61 63 65
1 57
1 57
1 52
2 57 58
1 52
1 57
1 60
1 57
2 59 62
1 54
4 59 60 61 62
3 58 59 60
1 58
1 56
1 60
1 57
1 52
1 55
2 61 63
3 52 53 59
3 59 61 62
1 54
2 57 60
1 56
1 57
1 57
3 57 60 61
1 61
2 63 65
3 59 62 64
1 56
1 57
3 57 59 60
3 57 60 61
1 60
3 52 53 56
1 58
2 57 60
1 59
2 57 60
1 54
1 58
2 52 53
3 55 57 60
1 58
3 57 58 60
2 59 62
1 57
1 54
2 57 58
2 60 61
7 59 60 61 62 63 64 65
1 57
1 60
1 52
3 60 61 62
1 55
3 52 54 56
2 56 57
2 57 60
3 52 53 55
1 58
2 57 58
1 52
1 57
1 57
2 58 59
1 52
1 57
1 59
1 60
1 57
4 57 59 60 62
1 63
3 57 59 60
1 55
1 61
2 52 56
2 57 59
2 57 58
1 52
2 52 57
4 52 55 57 60
1 55
1 57
2 55 56
1 55
5 57 60 61 63 65
1 55
7 58 59 61 62 63 64 65
1 54
3 52 53 56
1 56
2 57 60
1 52
2 56 57
2 57 60
2 58 59
2 57 60
3 60 61 63
2 57 60
2 61 63
2 61 63
1 56
2 52 54
2 57 58
1 58
2 57 63
1 52
1 57
1 57
1 56
2 55 56
3 57 58 60
1 57
2 57 60
1 54
1 57
2 57 60
1 52
2 57 60
2 55 56
2 52 53
1 57
1 57
2 63 65
2 54 60
1 58
1 63
2 57 60
4 57 60 61 63
3 58 59 62
1 56
4 59 61 62 63
2 57 59
1 60
1 54
2 59 60
2 58 59
1 52
2 57 60
1 57
3 52 57 60
1 61
2 57 60
2 52 53
1 56
1 57
2 58 60
2 52 55
1 60
6 58 59 62 63 64 65
2 57 58
3 57 58 60
1 54
1 59
6 57 58 59 60 61 62
1 57
1 58
2 57 60
1 55
7 57 60 61 62 63 64 65
2 57 59
1 57
5 59 61 62 63 65
1 52
2 57 58
5 57 60 61 62 64
1 55
1 54
2 60 61
1 60
6 57 58 59 60 61 62
1 66
3 67 69 73
2 68 78
1 70
2 71 72
3 74 75 79
1 76
1 77
1 80
2 66 69
2 67 78
1 68
1 70
2 71 72
1 73
1 74
2 75 76
1 77
1 79
1 80
3 66 69 70
1 67
1 68
2 71 72
1 73
1 74
1 75
1 76
1 77
1 78
1 79
1 80
3 66 67 74
1 68
1 69
1 70
3 71 72 73
2 75 76
1 77
1 78
1 79
1 80
1 66
4 67 68 76 77
2 69 73
2 70 74
1 71
1 72
1 75
1 78
1 79
1 80
2 66 67
2 68 78
2 69 73
1 70
1 71
3 72 74 75
1 76
1 77
2 79 80
1 66
2 67 68
2 69 70
1 71
2 72 73
1 74
2 75 76
1 77
1 78
1 79
1 80
2 66 78
1 67
1 68
2 69 70
2 71 73
1 72
3 74 75 76
1 77
2 79 80
1 66
1 67
1 68
2 69 73
1 70
2 71 78
1 72
1 74
2 75 76
1 77
1 79
1 80
1 66
1 67
1 68
2 69 70
1 71
1 72
1 73
1 74
2 75 76
1 77
1 78
2 79 80
2 66 67
1 68
3 69 70 74
1 71
1 72
1 73
2 75 76
2 77 79
1 78
1 80
1 66
1 67
1 68
1 69
1 70
2 71 74
1 72
1 73
1 75
1 76
1 77
1 78
1 79
1 80
3 66 67 68
2 69 73
1 70
1 71
1 72
1 74
2 75 76
1 77
1 78
2 79 80
2 66 74
1 67
2 68 76
1 69
1 70
1 71
1 72
1 73
1 75
1 77
1 78
2 79 80
1 66
1 67
1 68
4 69 70 74 78
1 71
1 72
1 73
2 75 76
1 77
2 79 80
1 66
2 67 74
1 68
2 69 70
1 71
3 72 75 76
1 73
1 77
1 78
2 79 80
1 66
3 67 68 76
1 69
1 70
3 71 74 75
2 72 77
1 73
1 78
2 79 80
2 66 67
1 68
1 69
1 70
2 71 74
1 72
1 73
1 75
1 76
1 77
1 78
2 79 80
4 66 67 75 76
1 68
2 69 74
1 70
1 71
1 72
1 73
2 77 78
2 79 80
1 66
2 67 68
2 69 70
1 71
1 72
1 73
1 74
2 75 76
1 77
1 78
2 79 80
5 66 69 70 79 80
1 67
2 68 78
3 71 75 76
1 72
1 73
1 74
1 77
1 66
2 67 70
2 68 74
1 69
1 71
1 72
1 73
2 75 76
1 77
1 78
1 79
1 80
1 66
1 67
1 68
2 69 74
1 70
1 71
3 72 78 80
1 73
1 75
1 76
1 77
1 79
2 66 74
1 67
2 68 76
3 69 70 73
1 71
2 72 78
1 75
1 77
2 79 80
3 66 67 74
1 68
2 69 70
1 71
1 72
2 73 78
1 75
1 76
1 77
1 79
1 80
2 66 74
1 67
1 68
1 69
1 70
1 71
1 72
1 73
3 75 76 78
1 77
2 79 80
2 66 67
1 68
2 69 73
2 70 74
3 71 75 76
1 72
1 77
1 78
2 79 80
1 66
1 67
1 68
2 69 73
1 70
1 71
1 72
1 74
2 75 76
1 77
1 78
2 79 80
1 66
1 67
1 68
2 69 74
2 70 73
1 71
1 72
1 75
1 76
1 77
1 78
1 79
1 80
2 66 69
1 67
1 68
1 70
2 71 73
2 72 74
1 75
1 76
1 77
1 78
2 79 80
2 66 69
2 67 68
2 70 74
2 71 72
1 73
1 75
1 76
1 77
1 78
2 79 80
3 66 73 74
1 67
1 68
1 69
1 70
1 71
1 72
2 75 76
1 77
1 78
1 79
1 80
2 66 78
1 67
2 68 74
2 69 70
1 71
1 72
1 73
2 75 76
1 77
1 79
1 80
2 66 78
3 67 68 74
3 69 70 73
1 71
1 72
2 75 76
1 77
1 79
1 80
1 66
2 67 74
1 68
1 69
1 70
1 71
1 72
1 73
2 75 76
1 77
1 78
1 79
1 80
1 68
1 74
2 69 70
1 76
2 75 76
1 78
2 75 76
1 68
1 76
4 68 70 75 76
1 74
1 69
2 68 76
2 69 73
2 70 74
1 78
1 68
1 67
2 76 77
1 78
1 78
1 78
1 73
2 75 76
2 68 79
3 68 69 74
1 67
2 67 68
1 75
2 69 74
1 73
1 73
1 76
1 68
1 73
1 79
1 67
1 68
3 69 70 74
2 68 74
2 69 70
1 69
1 78
1 73
2 66 74
2 68 78
2 73 74
1 68
2 66 69
1 66
1 73
2 69 73
1 76
2 69 73
1 78
1 68
1 69
1 67
1 68
1 78
1 68
1 67
2 68 73
2 75 76
1 68
2 69 74
1 74
4 69 70 71 74
3 69 70 73
1 79
2 68 75
1 67
2 75 76
1 79
1 76
3 70 71 72
1 78
1 78
1 69
3 75 76 77
1 79
3 68 69 70
2 69 73
1 78
2 69 70
2 67 76
1 79
2 78 80
1 78
4 68 69 70 74
1 74
1 69
1 68
1 67
2 68 70
3 68 69 73
2 68 74
3 73 75 76
1 74
1 70
2 79 80
1 78
1 66
2 75 76
2 69 74
1 74
2 68 79
3 74 75 76
2 70 74
3 66 69 73
1 68
1 70
1 78
1 69
2 75 76
2 68 70
1 78
3 78 79 80
2 75 76
3 78 79 80
1 67
3 68 75 76
2 69 73
1 67
2 66 69
2 69 73
3 69 70 71
2 78 80
2 66 67
1 78
1 78
1 69
2 68 79
2 69 73
1 78
4 70 71 72 74
2 69 70
3 78 79 80
2 79 80
1 66
1 78
3 78 79 80
3 69 70 71
1 78
2 69 74
1 68
2 76 77
2 79 80
2 69 73
1 66
2 66 68
3 78 79 80
4 69 74 76 77
2 74 78
3 66 67 68
3 78 79 80
3 78 79 80
1 76
1 69
1 74
2 75 76
2 69 73
2 69 70
1 76
1 67
1 74
1 70
2 69 74
1 70
1 78
1 68
1 68
1 70
1 78
2 69 70
4 69 70 71 74
2 69 73
1 68
1 66
1 76
4 69 70 73 74
3 69 70 71
1 79
1 68
3 78 79 80
1 78
2 69 74
1 79
2 68 74
1 67
3 69 70 71
1 70
1 68
1 79
2 75 76
4 68 75 76 77
1 76
3 75 76 77
1 74
1 68
1 68
1 79
1 78
1 68
1 68
2 67 78
2 69 73
1 69
4 69 70 76 77
1 67
2 69 74
4 70 71 72 74
1 69
1 74
2 69 70
2 66 78
2 75 76
4 68 69 70 73
1 74
2 68 74
4 69 70 71 72
2 76 77
2 75 76
1 76
2 75 76
3 69 70 73
1 68
1 78
1 68
3 69 70 71
1 70
2 67 78
1 67
2 66 67
3 78 79 80
1 73
3 78 79 80
1 68
2 68 74
4 69 70 71 72
2 67 68
2 67 79
1 74
4 69 70 71 73
1 79
4 66 67 68 69
1 78
1 78
3 69 73 74
1 76
1 74
2 69 74
1 78
1 78
3 68 69 70
1 78
1 69
1 79
1 75
1 69
1 66
2 78 80
4 67 68 76 77
2 66 78
1 68
4 69 70 71 73
1 68
1 67
1 69
2 70 74
2 69 70
1 67
1 69
1 74
1 78
4 75 78 79 80
3 69 70 71
2 79 80
1 66
3 69 73 74
3 78 79 80
1 78
1 74
1 68
3 70 71 74
4 68 74 75 76
2 69 73
1 75
4 68 69 70 73
1 67
1 69
3 69 70 71
1 68
1 78
1 68
1 69
1 78
1 73
2 75 76
2 75 76
1 67
1 67
2 67 69
1 75
1 78
3 78 79 80
1 78
1 78
2 76 77
1 74
2 67 74
2 78 80
1 76
2 68 70
1 79
1 74
1 68
1 68
1 68
2 69 70
3 68 69 74
1 78
3 70 74 75
3 78 79 80
1 67
2 69 70
1 76
2 66 68
3 70 71 72
1 67
1 70
2 68 74
1 67
3 70 71 72
1 68
1 79
2 79 80
1 74
1 78
2 74 78
2 68 75
2 76 77
1 74
1 67
1 70
3 69 73 74
2 66 67
1 68
1 67
2 73 74
2 78 80
1 73
2 69 73
2 78 80
1 78
2 69 70
1 68
2 69 73
1 76
2 70 74
3 68 78 80
1 74
1 74
1 74
1 67
2 76 77
2 69 74
3 74 75 76
1 74
1 70
1 78
1 78
2 67 74
1 79
1 73
2 75 76
2 67 68
3 68 79 80
3 69 70 74
4 67 68 70 71
1 68
1 69
2 69 73
1 68
1 78
2 76 77
1 68
1 74
1 70
1 68
1 74
2 69 70
3 69 70 73
1 78
4 68 69 70 74
1 67
1 74
4 69 73 75 76
4 69 70 73 74
3 69 70 71
2 75 76
1 67
1 68
1 68
2 68 70
4 67 78 79 80
2 78 80
1 68
2 75 76
1 68
2 70 74
2 69 70
2 67 74
3 78 79 80
1 74
1 69
5 70 71 74 75 76
2 69 74
2 70 71
1 68
2 70 71
1 75
3 69 73 74
1 66
2 66 69
1 69
2 69 70
3 70 71 74
1 66
2 75 76
3 78 79 80
1 66
2 69 73
3 69 74 78
2 66 74
1 68
1 75
1 74
1 69
2 75 76
1 74
1 68
1 67
1 67
2 76 77
1 66
2 69 73
3 69 70 73
1 73
1 79
1 78
2 69 70
2 69 73
1 76
2 78 80
2 74 78
1 67
2 75 76
1 78
2 70 71
1 74
4 66 69 70 74
4 69 70 71 73
1 74
1 66
3 69 70 74
1 78
2 76 77
1 78
2 66 67
1 78
1 68
2 69 73
2 69 73
3 78 79 80
3 68 69 70
1 74
2 75 76
1 67
1 79
1 70
1 67
1 68
4 66 68 69 70
2 69 78
1 67
1 68
1 78
2 79 80
2 68 69
2 70 78
4 67 70 74 78
1 68
1 78
1 74
2 76 77
1 74
2 69 70
2 69 70
1 68
3 73 78 80
1 69
1 70
1 78
1 68
5 67 68 70 71 72
2 67 68
1 73
2 69 73
4 68 69 70 73
2 67 68
5 69 70 74 78 80
2 69 70
2 67 74
2 69 70
1 78
3 69 70 71
2 78 80
4 68 74 78 80
1 78
3 69 70 73
1 75
3 69 73 74
2 66 74
2 76 77
1 78
2 68 70
1 68
1 79
4 68 70 71 72
2 69 70
2 68 76
3 75 76 77
2 69 70
1 79
1 68
2 75 76
1 68
3 75 76 77
2 69 74
2 67 78
1 67
3 70 71 72
2 75 76
1 74
2 76 77
1 68
3 68 69 70
1 79
1 69
1 78
1 69
2 68 74
1 67
1 67
3 69 70 74
1 69
1 68
2 67 68
1 79
1 68
1 68
1 68
4 69 70 73 74
1 73
2 69 73
3 78 79 80
1 67
1 67
2 66 69
2 69 73
2 75 76
1 78
1 78
3 66 68 74
3 78 79 80
3 68 70 71
1 78
1 69
2 69 70
2 69 73
3 69 70 74
1 79
1 79
3 69 70 71
2 67 74
1 74
1 66
3 78 79 80
1 68
1 73
1 79
1 78
2 69 73
3 75 76 77
3 68 70 78
1 67
3 75 76 79
2 68 75
3 67 78 80
1 67
3 68 70 73
1 76
1 78
1 70
2 67 68
2 69 74
1 68
2 67 68
1 68
2 69 70
1 79
1 68
1 73
1 78
2 67 68
3 69 70 71
2 66 69
2 67 68
2 68 74
3 69 70 71
2 68 69
1 67
1 76
1 74
2 69 73
2 68 74
4 69 74 75 76
3 69 70 73
3 74 75 76
2 68 70
1 67
3 70 71 72
3 78 79 80
2 75 76
3 70 71 72
3 68 78 80
1 76
2 70 74
2 69 78
1 68
3 78 79 80
2 75 76
2 69 74
2 75 76
2 70 74
4 69 70 71 72
2 69 73
1 68
1 78
1 74
1 68
1 76
1 73
1 78
3 69 70 71
3 69 70 73
3 69 73 74
2 67 68
2 69 70
4 66 68 69 70
2 69 73
1 78
2 69 76
1 74
1 70
2 67 74
3 70 71 72
2 67 68
1 66
1 69
1 69
4 68 74 75 76
1 78
2 79 80
4 67 68 74 75
1 70
1 76
2 75 76
1 74
1 74
1 67
2 76 77
3 78 79 80
1 74
1 73
4 68 74 75 76
2 70 74
1 78
1 68
1 70
1 68
1 66
2 75 76
2 69 70
2 68 69
2 68 79
4 66 69 70 74
1 78
2 78 80
1 74
3 67 68 74
1 75
1 78
3 69 70 73
2 70 71
2 79 80
1 67
1 70
2 67 78
2 68 74
1 66
4 70 71 72 74
3 78 79 80
3 78 79 80
1 79
4 69 70 71 72
1 67
2 68 73
1 74
2 66 74
1 74
1 79
1 69
3 66 67 74
1 67
1 68
3 78 79 80
1 74
1 78
1 68
3 69 73 74
1 79
1 74
3 66 69 73
2 75 76
4 69 73 75 76
5 68 74 75 76 77
2 66 69
1 68
1 79
5 69 70 74 76 77
3 69 70 73
3 69 73 74
1 79
1 74
3 68 69 70
1 73
2 70 71
2 79 80
1 70
1 69
1 74
1 70
1 74
1 68
1 78
2 66 67
2 69 74
3 78 79 80
2 69 73
1 76
3 67 78 80
3 69 75 76
1 74
1 74
1 68
1 68
1 68
3 68 69 70
1 67
4 69 70 71 73
1 78
1 76
3 70 71 74
4 69 70 76 77
1 78
2 69 70
3 75 76 77
2 75 76
3 78 79 80
2 69 70
1 74
1 69
2 69 73
1 69
1 79
1 67
4 66 67 68 69
1 68
1 68
4 75 76 78 80
3 67 75 76
1 67
3 78 79 80
3 68 69 74
1 70
2 66 69
1 78
2 69 70
1 76
2 70 75
1 68
1 73
1 74
1 74
1 68
2 69 70
2 66 69
1 69
2 69 70
4 68 70 71 72
2 69 73
1 75
2 75 76
2 66 69
2 76 77
4 69 70 71 72
2 69 73
1 78
3 78 79 80
1 75
1 74
1 68
3 69 70 74
1 70
2 70 71
1 76
1 74
1 68
4 69 70 73 74
1 78
2 76 77
3 68 74 78
1 79
1 73
3 70 76 77
4 67 68 75 76
4 68 69 70 73
3 69 70 73
2 69 73
4 68 69 70 73
1 73
1 70
1 67
1 79
2 75 76
1 70
1 69
1 68
1 78
1 78
2 69 70
3 78 79 80
2 68 74
2 66 78
1 68
3 70 71 72
3 75 76 78
3 69 70 73
1 76
1 68
1 70
1 73
1 68
3 69 73 74
4 69 70 71 73
2 75 76
2 69 70
1 75
6 69 70 73 78 79 80
2 74 78
3 78 79 80
1 68
1 78
1 79
1 68
4 68 69 70 73
1 67
3 69 70 71
1 78
1 73
1 68
2 69 73
1 79
1 70
4 67 68 69 70
2 67 74
3 66 68 74
2 69 74
2 76 77
2 75 76
1 66
1 76
1 78
2 69 70
2 67 68
1 74
3 78 79 80
1 68
2 69 73
2 68 74
2 68 70
1 68
1 74
2 67 68
1 67
3 75 76 78
2 68 74
1 68
4 66 69 70 74
1 74
2 75 76
2 67 68
2 68 69
6 69 73 74 78 79 80
2 68 74
1 69
1 74
2 69 70
2 66 67
2 68 74
2 66 74
2 73 76
2 75 76
2 69 70
1 78
1 79
2 69 73
1 75
1 78
1 73
3 68 74 79
1 75
3 68 69 70
2 69 73
1 68
1 70
3 78 79 80
2 66 74
1 69
1 66
1 66
3 69 70 73
1 76
1 78
3 66 67 68
2 69 73
1 68
4 74 75 76 77
2 69 70
1 68
4 69 75 76 77
1 68
1 74
1 67
1 73
2 75 76
1 68
1 79
3 68 74 75
3 67 68 74
1 70
1 78
2 75 76
1 78
1 67
1 78
1 67
1 68
2 69 74
2 75 76
1 73
1 78
2 69 73
2 68 74
1 69
2 69 70
1 69
1 70
2 76 77
1 79
3 67 68 74
2 66 69
2 75 76
2 76 77
1 74
1 76
2 66 74
1 69
3 69 70 73
1 68
1 68
1 70
1 78
1 79
1 74
1 78
3 78 79 80
5 69 73 78 79 80
3 69 70 73
1 68
2 69 70
1 68
1 75
2 68 70
1 78
2 76 77
2 75 76
2 69 73
1 76
1 74
4 67 75 76 77
2 69 73
1 78
2 67 74
1 79
3 69 70 73
2 70 76
1 68
1 73
3 70 71 72
1 79
3 78 79 80
5 68 69 73 75 78
3 67 68 74
2 75 76
2 75 76
3 69 70 78
1 79
2 69 73
1 67
4 69 70 73 74
1 66
1 78
2 68 74
1 75
1 74
1 74
1 79
2 75 76
2 69 73
2 68 73
1 66
2 74 78
1 76
2 69 70
2 68 74
1 69
3 70 71 72
1 70
2 69 73
4 66 67 68 69
2 66 74
1 67
2 76 77
2 75 76
2 76 77
3 68 75 76
2 75 76
1 79
3 69 70 73
1 67
1 79
1 68
3 78 79 80
1 76
1 78
1 69
2 70 74
3 75 76 77
2 68 74
3 78 79 80
2 68 74
1 74
2 68 74
1 68
1 73
3 69 73 74
3 78 79 80
1 68
2 76 77
1 68
2 68 70
1 68
2 70 74
3 66 67 68
3 74 75 76
4 68 75 76 79
3 78 79 80
1 67
2 68 70
2 70 74
1 74
1 68
1 74
2 68 74
4 69 74 75 76
1 76
2 67 68
1 76
5 66 74 75 76 77
1 68
3 66 69 73
2 70 71
2 75 76
2 67 78
3 75 76 77
1 74
2 75 76
1 74
3 78 79 80
2 79 80
1 76
2 69 70
1 68
1 67
1 68
1 78
1 67
1 76
1 73
1 70
1 74
2 76 77
1 78
2 69 70
1 74
2 68 74
1 74
2 78 80
2 69 70
1 78
1 78
1 78
1 73
4 67 78 79 80
2 70 74
1 75
2 66 67
1 70
2 69 73
1 68
2 75 76
1 79
2 67 68
1 68
1 67
1 68
3 78 79 80
2 68 74
1 68
3 70 71 72
2 69 73
1 79
1 78
2 67 68
1 67
1 74
2 67 68
2 70 74
2 70 74
2 79 80
2 67 68
2 68 70
2 75 76
1 78
2 75 76
1 68
3 69 73 74
4 69 70 71 72
1 81
1 82
3 83 84 85
2 86 88
3 87 89 91
3 90 92 94
1 93
1 95
1 96
1 97
1 98
1 81
1 82
3 83 88 90
4 84 87 89 91
1 85
1 86
1 92
1 93
1 94
2 95 96
1 97
1 98
2 81 87
1 82
2 83 88
4 84 86 89 91
1 85
2 90 92
1 93
1 94
1 95
1 96
1 97
1 98
1 81
1 82
1 83
1 84
3 85 88 89
1 86
1 87
2 90 92
1 91
1 93
2 94 96
1 95
1 97
1 98
1 81
5 82 83 85 87 93
3 84 91 92
2 86 96
1 88
1 89
1 90
1 94
1 95
1 97
1 98
5 81 87 88 89 90
1 82
1 83
2 84 86
1 85
1 91
1 92
1 93
1 94
1 95
1 96
1 97
1 98
1 81
3 82 87 91
1 83
1 84
1 85
1 86
2 88 90
1 89
1 92
1 93
1 94
1 95
1 96
1 97
1 98
3 81 87 93
1 82
1 83
1 84
1 85
1 86
3 88 89 90
2 91 96
1 92
1 94
1 95
1 97
1 98
1 81
1 82
1 83
1 84
1 85
1 86
3 87 91 92
3 88 89 90
1 93
1 94
1 95
1 96
1 97
1 98
2 81 95
1 82
1 83
1 84
1 85
1 86
4 87 91 92 93
1 88
1 89
1 90
1 94
1 96
1 97
1 98
1 81
1 82
1 83
1 84
1 85
1 86
2 87 91
2 88 90
1 89
1 92
1 93
1 94
1 95
1 96
1 97
1 98
1 81
1 82
1 83
1 84
1 85
1 86
2 87 89
2 88 90
1 91
2 92 96
1 93
1 94
1 95
1 97
1 98
1 81
1 82
1 83
1 84
2 85 86
5 87 88 89 90 91
1 92
1 93
1 94
1 95
1 96
1 97
1 98
1 81
1 82
3 83 88 90
1 84
1 85
1 86
2 87 89
2 91 92
1 93
1 94
1 95
1 96
1 97
1 98
1 81
2 82 94
1 83
2 84 86
1 85
5 87 88 89 91 92
1 90
1 93
2 95 96
1 97
1 98
1 81
1 82
1 83
2 84 96
1 85
2 86 90
2 87 93
2 88 89
2 91 92
1 94
1 95
1 97
1 98
1 81
1 82
1 83
1 84
1 85
1 86
2 87 89
2 88 90
2 91 92
1 93
1 94
1 95
1 96
1 97
1 98
1 81
3 82 87 93
2 83 96
1 84
1 85
1 86
2 88 89
1 90
1 91
1 92
1 94
1 95
1 97
1 98
1 81
3 82 87 91
1 83
1 84
1 85
2 86 90
1 88
1 89
1 92
1 93
1 94
1 95
1 96
1 97
1 98
1 81
1 82
1 83
1 84
1 85
1 86
2 87 93
3 88 89 90
2 91 92
1 94
1 95
1 96
1 97
1 98
1 81
1 82
1 83
1 84
1 85
1 86
3 87 88 89
1 90
1 91
2 92 93
1 94
2 95 96
1 97
1 98
2 81 96
1 82
2 83 84
4 85 90 91 92
1 86
2 87 93
2 88 89
1 94
1 95
1 97
1 98
1 81
1 82
1 83
1 84
1 85
1 86
4 87 88 89 90
2 91 92
1 93
1 94
1 95
1 96
1 97
1 98
1 81
1 82
2 83 88
1 84
2 85 91
2 86 89
1 87
1 90
1 92
1 93
1 94
1 95
1 96
1 97
1 98
1 81
1 82
2 83 84
2 85 94
1 86
2 87 89
2 88 90
2 91 92
1 93
1 95
1 96
1 97
1 98
1 81
1 82
1 83
1 84
1 85
1 86
2 87 89
2 88 90
2 91 93
1 92
1 94
1 95
1 96
1 97
1 98
1 81
1 82
2 83 84
1 85
1 86
1 87
2 88 90
1 89
3 91 92 96
1 93
1 94
1 95
1 97
1 98
1 81
1 82
2 83 84
1 85
2 86 93
2 87 89
2 88 90
2 91 92
1 94
1 95
1 96
1 97
1 98
3 81 88 90
1 82
2 83 84
1 85
1 86
2 87 89
1 91
1 92
1 93
1 94
1 95
1 96
1 97
1 98
3 81 87 89
1 82
1 83
1 84
3 85 91 92
1 86
2 88 90
1 93
1 94
1 95
1 96
1 97
1 98
2 81 87
1 82
1 83
1 84
1 85
1 86
2 88 90
1 89
1 91
1 92
1 93
1 94
1 95
1 96
1 97
1 98
3 81 83 84
1 82
1 85
2 86 96
3 87 89 93
1 88
1 90
1 91
1 92
1 94
1 95
1 97
1 98
2 81 90
1 82
1 83
1 84
1 85
1 86
2 87 89
1 88
2 91 92
1 93
1 94
1 95
1 96
1 97
1 98
2 81 86
1 82
2 83 89
1 84
1 85
1 87
2 88 90
2 91 92
1 93
1 94
1 95
1 96
1 97
1 98
4 81 83 84 86
1 82
1 85
1 87
3 88 89 90
2 91 92
1 93
1 94
1 95
1 96
1 97
1 98
2 91 92
2 83 84
2 87 89
4 87 90 91 92
1 87
1 96
3 88 89 90
2 87 89
2 83 85
3 87 88 89
2 87 89
1 82
2 86 95
2 87 89
2 87 89
1 96
2 88 89
1 92
1 84
1 90
3 86 96 97
3 83 85 96
1 95
1 92
1 86
1 95
1 83
2 88 90
1 86
1 86
3 87 89 93
4 87 88 89 90
1 91
1 86
1 86
2 88 89
1 84
1 94
2 86 94
4 87 89 91 92
1 90
1 82
1 86
1 96
4 83 87 89 93
4 88 89 96 97
2 87 89
1 93
1 90
1 86
1 96
2 88 90
2 88 90
1 86
1 95
2 90 92
2 87 91
1 83
2 91 92
5 87 88 89 90 91
1 86
1 90
1 95
2 83 85
2 88 89
3 83 84 86
1 91
2 96 97
1 90
4 86 88 90 95
1 83
1 86
1 90
1 86
2 91 92
1 84
2 88 90
1 95
2 87 91
2 88 90
2 86 89
5 88 89 90 96 97
1 90
1 90
1 96
4 87 88 89 93
1 96
1 92
2 83 86
1 84
1 87
2 83 84
1 86
2 91 92
2 83 84
4 87 91 92 93
1 88
1 90
2 87 93
2 83 85
3 88 89 96
1 82
4 87 88 89 91
2 87 91
1 90
1 90
4 87 88 89 91
1 83
1 83
1 83
4 84 88 89 90
1 96
3 82 87 91
1 86
2 88 89
2 88 90
2 88 90
3 87 89 93
3 83 91 92
1 96
1 86
1 86
2 83 84
2 83 91
1 90
1 86
1 83
2 87 93
6 87 88 89 90 91 92
3 87 91 93
2 83 90
2 83 84
1 96
1 86
1 90
3 83 91 92
3 88 90 96
1 84
2 86 95
3 86 96 97
1 96
1 90
2 88 89
1 83
3 87 89 94
3 87 89 91
1 83
2 91 92
1 94
1 95
1 88
1 87
4 88 89 90 95
1 90
2 88 89
1 84
2 88 89
1 86
2 91 92
1 83
2 83 84
2 87 93
2 83 91
2 83 86
3 83 84 85
2 91 92
1 90
1 94
2 88 90
1 86
1 96
2 90 95
2 83 85
1 95
1 83
2 87 93
5 83 84 87 89 91
1 86
4 87 88 89 90
1 84
1 90
2 87 91
2 88 89
1 88
3 87 91 93
1 87
3 87 91 92
4 83 84 87 89
3 88 89 90
3 87 88 89
1 93
1 83
1 83
1 86
1 86
1 90
2 88 90
2 83 84
3 91 92 96
2 90 95
3 83 87 96
1 93
2 87 93
2 83 84
1 90
1 95
1 86
2 83 84
2 83 84
2 88 89
1 83
2 91 92
2 88 90
2 88 90
2 87 89
1 84
1 95
1 96
2 88 89
4 87 88 89 90
1 86
2 83 84
4 87 88 89 90
2 87 91
1 94
2 87 89
1 90
1 93
2 96 97
1 86
2 86 90
2 83 85
2 87 89
2 83 84
1 90
4 83 84 87 91
2 87 91
1 86
1 84
1 86
1 86
1 91
3 95 96 97
3 87 89 91
1 86
3 87 91 92
1 95
3 87 91 92
3 87 91 96
2 91 92
3 86 87 91
1 90
1 92
1 86
3 87 91 92
1 84
2 87 89
1 95
3 83 87 91
2 87 89
2 87 91
1 88
2 86 87
2 88 89
4 83 84 88 90
3 87 89 91
1 89
4 87 89 91 95
1 86
1 86
5 87 88 89 91 92
2 91 92
1 86
3 87 91 92
3 87 89 93
1 86
1 95
2 91 92
1 91
3 87 88 89
1 96
1 96
5 87 88 89 90 93
1 93
3 83 84 85
1 94
2 91 92
1 90
1 96
2 87 89
1 94
2 87 93
3 87 89 93
1 93
1 86
2 87 93
2 96 97
1 93
4 86 87 91 93
2 91 92
2 83 91
5 86 87 88 89 91
1 83
3 83 84 96
1 93
1 88
3 83 87 93
4 83 84 86 96
2 83 84
3 87 89 93
2 96 97
2 88 89
2 83 84
3 83 84 96
3 83 84 85
1 86
1 94
1 96
1 86
1 84
1 94
3 88 89 90
1 89
1 88
3 86 91 92
2 87 89
1 86
2 83 85
5 88 89 90 96 97
2 83 85
4 87 91 96 97
2 88 90
2 88 90
2 83 85
4 87 89 91 92
2 86 93
2 83 84
1 86
2 87 91
4 87 91 96 97
1 90
2 87 89
1 86
2 83 84
1 86
1 84
2 83 84
1 83
2 87 93
1 86
2 87 93
2 87 91
1 83
1 86
1 83
2 88 89
1 88
1 96
2 96 97
1 94
1 94
2 88 90
1 94
1 90
3 87 89 91
2 83 85
3 87 91 96
1 94
1 93
4 83 84 87 91
1 89
5 87 88 89 91 92
2 83 84
2 87 89
2 94 95
3 83 87 91
3 87 89 93
2 88 90
1 88
2 88 90
1 94
1 87
2 83 84
1 86
2 88 90
2 91 92
2 87 89
2 83 84
5 87 88 89 91 95
3 87 89 93
1 95
1 94
3 88 89 90
2 83 85
1 86
2 90 93
1 88
1 86
1 86
1 88
1 96
2 87 93
1 83
1 96
2 88 90
1 88
2 83 85
2 88 90
1 90
1 95
2 87 93
3 87 91 93
1 95
2 83 84
1 86
4 87 88 89 93
1 83
3 83 85 86
1 90
3 87 89 93
2 88 89
2 88 89
4 87 91 92 93
1 86
1 83
1 89
2 91 92
1 95
1 90
2 86 96
2 87 93
1 95
5 87 88 89 90 93
1 83
2 87 91
1 86
1 86
1 95
2 91 92
1 93
2 88 90
3 91 92 96
3 84 88 89
1 83
2 87 91
2 83 96
2 88 91
2 88 90
2 88 89
1 88
3 87 91 92
1 83
3 87 91 93
1 93
3 87 89 91
3 83 84 85
4 87 91 93 95
1 90
2 88 90
2 87 93
1 96
1 96
4 90 91 92 96
2 88 89
2 87 89
1 93
1 94
1 93
1 90
1 83
1 86
2 83 84
1 95
1 90
1 87
1 84
2 90 92
1 83
1 96
1 96
4 83 87 91 93
2 91 92
1 83
4 83 84 87 88
1 96
2 83 84
5 83 84 85 87 89
3 88 89 90
2 87 89
1 83
2 88 90
3 83 91 92
1 96
1 83
1 83
2 88 90
1 83
3 87 88 89
2 83 84
1 96
2 90 92
1 86
1 88
1 86
1 84
3 83 85 90
1 86
1 93
1 94
2 83 84
3 87 91 93
2 88 90
3 87 89 94
1 94
2 88 90
3 87 88 90
2 83 84
3 87 93 94
1 90
1 83
1 84
2 88 89
3 87 88 89
3 83 85 96
2 91 92
2 87 93
3 87 91 92
1 86
1 88
3 90 91 92
3 87 91 93
1 83
1 93
1 86
2 83 84
1 94
3 87 89 93
4 83 85 91 92
2 88 89
2 86 93
4 83 87 91 92
3 83 84 95
2 88 89
2 87 91
1 87
4 83 85 88 90
3 87 89 91
2 88 90
1 86
1 90
3 87 88 89
1 89
2 86 91
2 88 90
1 96
1 90
1 84
1 92
3 87 88 89
3 88 89 90
2 83 85
1 89
1 83
2 91 92
1 96
1 87
1 90
2 83 96
1 86
1 83
1 86
1 94
4 83 84 88 90
2 83 84
1 86
1 95
2 87 91
1 86
1 83
1 96
1 94
2 87 89
1 94
1 89
1 96
1 83
4 87 88 89 94
1 91
3 83 84 86
3 87 91 93
1 90
3 86 91 92
1 96
1 87
1 83
3 83 91 92
1 96
1 90
1 90
2 83 85
6 87 88 89 90 91 92
2 87 91
1 83
2 88 90
1 87
3 91 92 96
1 86
1 87
4 87 91 92 93
5 83 84 87 91 92
1 89
4 87 88 89 90
2 91 92
1 86
1 96
1 95
2 88 89
1 86
2 87 89
2 83 85
1 86
5 87 88 89 90 91
2 83 84
2 83 84
1 89
1 95
3 83 84 93
1 86
2 88 89
1 89
2 83 84
2 88 89
2 91 92
2 83 85
4 87 91 92 93
2 83 84
1 94
1 94
1 92
2 88 89
1 96
2 88 89
1 89
3 87 91 93
2 88 90
2 88 89
3 88 90 95
2 87 93
1 86
2 83 85
1 91
2 83 84
1 96
1 90
1 90
1 86
2 83 84
5 87 89 90 91 92
2 83 84
1 87
1 86
1 86
1 88
3 83 84 86
2 88 89
1 92
1 83
2 87 94
1 83
2 91 92
2 88 90
2 88 90
1 86
1 86
1 90
3 86 88 89
1 94
1 94
1 84
2 88 90
3 86 87 91
1 86
1 86
2 90 94
2 87 91
2 83 85
5 87 88 89 90 91
1 86
1 86
2 88 89
1 83
3 88 89 90
2 88 89
1 86
1 94
2 84 86
1 86
4 87 91 92 93
1 90
2 83 84
2 86 96
1 91
1 96
2 87 93
2 87 89
1 91
1 86
4 87 91 92 94
1 90
3 83 91 92
2 87 93
5 87 90 91 92 93
1 87
1 96
2 83 84
2 91 92
2 87 93
2 83 96
1 94
2 87 91
1 86
1 91
2 83 84
1 86
5 87 88 89 91 92
1 86
5 83 87 88 89 90
4 87 89 91 92
1 92
5 87 88 89 90 93
3 83 87 93
3 87 91 92
2 90 96
2 87 89
1 88
1 83
1 87
2 87 93
1 90
1 96
4 88 89 91 92
4 84 88 89 90
1 94
1 86
2 87 89
3 83 88 89
1 90
2 87 89
2 91 92
2 83 86
4 87 91 92 94
1 94
2 83 84
4 88 90 91 92
1 90
2 91 92
1 94
2 88 90
2 87 93
2 88 89
1 94
2 88 90
2 88 90
2 88 90
2 87 89
1 90
1 83
2 87 91
1 96
1 94
1 86
1 83
3 87 91 93
2 87 93
1 88
1 84
6 87 88 90 91 92 93
3 84 87 91
2 83 84
1 84
2 87 93
1 83
5 88 89 90 91 92
3 83 87 89
1 96
4 87 88 89 90
1 96
4 88 89 91 92
3 88 89 90
1 96
1 86
1 84
2 91 92
1 96
3 88 90 96
2 88 96
5 87 88 89 90 92
1 92
1 96
3 87 89 91
1 93
2 91 92
2 87 93
1 96
1 83
4 83 84 88 90
5 87 90 91 92 93
1 90
2 83 86
2 88 89
3 87 91 93
4 87 90 91 92
2 86 91
1 84
1 86
3 87 88 89
4 87 88 89 91
2 84 96
1 96
1 83
4 87 88 89 91
4 83 84 88 90
2 88 90
1 96
1 86
2 88 90
2 87 89
1 83
3 87 91 93
4 87 88 89 91
4 87 91 92 93
1 87
4 88 89 90 96
1 90
1 83
3 87 91 92
1 90
2 88 96
1 96
2 91 92
2 88 90
1 92
1 83
1 86
2 83 84
3 83 91 92
5 88 89 90 91 92
2 88 89
3 83 91 92
3 86 88 89
2 83 84
2 83 84
2 83 96
2 91 92
2 88 89
1 90
2 91 92
1 87
1 84
1 83
3 87 89 93
2 88 90
2 88 90
3 88 89 90
1 86
4 88 90 91 92
1 96
1 96
2 83 84
1 86
2 91 92
2 91 92
2 88 90
1 86
1 96
1 86
1 90
2 83 84
2 87 93
1 86
1 96
1 90
2 91 92
3 86 88 89
1 91
1 93
4 88 90 91 92
5 87 88 89 91 92
2 87 89
3 88 89 90
2 88 90
2 87 91
1 86
1 83
2 88 90
1 86
2 88 90
2 90 92
1 86
1 87
1 96
1 90
3 87 88 91
2 87 93
1 83
2 88 89
3 90 91 96
1 90
1 86
3 87 89 93
4 88 90 91 92
1 90
1 86
1 92
1 90
2 87 89
3 88 89 90
1 90
1 92
1 86
2 91 92
3 91 92 96
1 86
3 88 89 90
2 91 92
6 87 88 89 90 91 92
3 87 91 93
1 91
1 84
6 87 88 89 90 91 92
1 92
2 87 93
1 92
4 87 88 90 91
1 84
5 87 88 89 90 93
2 86 89
1 84
4 83 84 87 91
2 87 91
4 87 91 92 93
2 90 92
2 87 93
4 87 91 92 93
1 96
1 84
1 86
5 87 88 89 90 93
1 90
2 83 84
1 88
2 88 90
1 90
1 86
2 88 90
4 83 90 91 92
3 83 84 86
1 86
3 83 84 86
2 91 92
1 86
5 87 88 89 90 91
1 84
1 96
2 88 90
4 87 91 92 93
1 90
1 96
2 83 84
2 87 89
4 88 90 91 92
2 87 93
2 87 91
2 88 90
4 87 89 91 92
1 90
1 90
2 83 84
1 83
2 88 90
2 91 92
1 84
2 88 90
2 88 90
1 90
1 86
1 86
2 83 84
1 84
1 86
2 87 93
2 88 90
1 83
1 87
2 83 91
1 83
2 91 92
1 96
2 88 89
3 87 91 92
1 87
5 88 89 90 91 92
1 83
1 88
4 87 91 92 93
1 91
1 90
1 90
3 87 89 91
3 83 91 92
1 90
1 96
2 88 89
1 83
1 86
2 86 91
1 86
1 92
1 84
2 88 90
1 83
1 83
3 88 90 92
1 92
3 83 84 90
1 86
1 86
2 83 84
2 83 84
1 91
5 87 88 89 90 93
2 91 92
1 86
2 91 92
3 88 89 90
1 87
3 83 84 86
2 88 90
2 83 96
2 87 89
3 83 87 91
2 88 90
1 90
2 88 90
1 83
4 87 91 92 93
1 86
2 88 90
2 83 92
3 87 88 89
3 87 91 93
1 86
1 92
2 83 86
2 88 90
2 91 92
3 83 91 92
2 91 92
3 87 88 93
3 88 89 90
4 87 88 89 90
1 84
2 88 89
2 87 91
1 86
2 88 90
2 87 93
2 87 93
1 90
2 91 92
2 87 89
1 87
3 83 84 91
1 83
2 88 90
1 83
1 83
1 83
2 88 90
2 86 88
1 84
1 84
2 83 88
1 91
4 88 90 91 92
4 83 84 87 91
1 87
1 90
1 86
2 83 84
3 86 88 90
2 87 93
2 83 86
2 87 89
2 83 84
4 87 88 89 90
1 88
1 88
1 88
1 83
2 83 84
1 83
1 90
2 83 84
2 84 91
2 88 90
3 87 91 93
1 90
3 83 87 93
4 87 91 92 93
2 87 93
1 90
1 90
2 88 89
5 87 90 91 92 93
1 87
1 90
1 83
1 90
1 90
1 90
1 83
1 90
1 87
1 83
2 88 90
1 90
1 90
1 90
1 90
1 89
1 90
1 89
1 12
1 17
