754 4889
7 1 2 3 4 5 17 18
2 6 20
2 7 10
7 8 11 12 13 14 15 16
1 9
2 19 22
1 21
2 23 45
1 24
7 25 26 28 29 30 34 36
2 27 40
1 31
2 32 35
1 33
1 37
2 38 39
2 41 42
2 43 44
2 46 47
4 48 49 50 54
2 51 52
1 53
4 55 61 64 66
3 56 59 60
2 57 58
5 62 63 73 74 75
6 65 67 68 69 70 71
1 72
1 76
1 77
3 78 92 100
1 79
1 80
1 81
1 82
1 83
1 84
1 85
2 86 89
1 87
1 88
1 90
3 91 93 94
1 95
3 96 98 99
1 97
6 101 105 106 107 108 109
1 102
2 103 104
7 1 2 3 4 5 17 20
1 6
5 7 8 9 10 11
4 12 13 14 15
2 16 21
1 18
3 19 22 25
1 23
3 24 64 65
6 26 28 29 34 35 36
1 27
2 30 31
1 32
1 33
8 37 38 39 40 42 43 44 45
1 41
3 46 47 54
2 48 77
2 49 55
4 50 57 58 59
3 51 52 53
1 56
1 60
4 61 63 71 72
4 62 73 74 75
1 66
3 67 68 70
1 69
1 76
1 78
1 79
1 80
1 81
6 82 89 91 92 102 104
1 83
1 84
1 85
2 86 87
1 88
2 90 98
4 93 95 96 97
3 94 101 103
1 99
1 100
4 105 106 107 108
1 109
7 1 2 3 4 5 17 18
1 6
1 7
7 8 11 12 13 14 15 16
2 9 10
4 19 20 21 22
2 23 45
2 24 65
2 25 34
6 26 28 29 39 41 42
2 27 40
4 30 31 32 35
1 33
1 36
2 37 38
1 43
2 44 53
2 46 47
4 48 54 55 58
2 49 76
1 50
2 51 52
4 56 57 59 60
4 61 63 64 72
4 62 73 74 81
3 66 77 79
3 67 68 69
2 70 71
1 75
1 78
1 80
1 82
1 83
1 84
1 85
2 86 87
2 88 101
1 89
1 90
1 91
2 92 100
3 93 96 97
2 94 95
1 98
1 99
2 102 108
4 103 105 106 107
2 104 109
6 1 2 3 4 6 7
2 5 17
4 8 11 12 13
2 9 10
2 14 15
2 16 21
1 18
1 19
1 20
1 22
1 23
1 24
3 25 26 34
3 27 52 53
7 28 29 37 39 41 42 43
5 30 31 33 36 40
1 32
1 35
1 38
1 44
1 45
3 46 47 55
2 48 54
1 49
2 50 51
3 56 57 58
1 59
1 60
3 61 78 100
2 62 81
4 63 64 65 72
4 66 68 69 80
3 67 70 71
3 73 74 75
1 76
1 77
1 79
3 82 101 103
1 83
1 84
1 85
1 86
1 87
1 88
2 89 90
1 91
4 92 93 94 95
2 96 97
1 98
1 99
1 102
4 104 105 106 107
1 108
1 109
5 1 2 3 4 5
3 6 17 18
1 7
5 8 11 12 13 14
2 9 10
2 15 16
1 19
2 20 21
1 22
1 23
1 24
4 25 26 29 34
4 27 39 40 42
3 28 37 41
5 30 31 32 33 36
1 35
1 38
1 43
2 44 45
2 46 47
2 48 55
1 49
3 50 61 80
3 51 52 53
1 54
2 56 57
1 58
1 59
1 60
2 62 81
3 63 64 65
1 66
3 67 70 71
5 68 69 73 74 75
1 72
1 76
1 77
1 78
2 79 82
1 83
1 84
1 85
1 86
1 87
1 88
2 89 90
3 91 102 104
2 92 100
3 93 94 97
1 95
1 96
2 98 99
4 101 103 105 106
2 107 108
1 109
3 1 2 3
4 4 5 17 18
2 6 7
3 8 9 10
4 11 12 13 14
2 15 16
1 19
2 20 21
1 22
1 23
1 24
2 25 32
2 26 29
4 27 39 40 53
3 28 37 38
3 30 36 41
3 31 34 35
1 33
1 42
1 43
2 44 45
2 46 47
4 48 54 57 58
2 49 55
1 50
2 51 52
1 56
2 59 60
3 61 77 79
5 62 73 74 75 81
3 63 72 80
3 64 66 69
1 65
3 67 70 71
1 68
2 76 83
2 78 100
1 82
1 84
1 85
2 86 89
1 87
2 88 101
1 90
3 91 102 104
1 92
3 93 94 103
1 95
2 96 97
1 98
1 99
1 105
2 106 109
2 107 108
5 1 2 3 4 5
2 6 7
5 8 9 10 11 12
3 13 14 15
1 16
2 17 18
1 19
2 20 21
1 22
1 23
1 24
9 25 26 28 29 30 31 33 34 36
5 27 38 39 40 41
2 32 35
1 37
1 42
3 43 44 45
3 46 47 77
5 48 49 54 76 83
1 50
3 51 52 53
1 55
4 56 57 58 60
1 59
1 61
3 62 75 81
4 63 71 73 74
3 64 66 69
1 65
2 67 70
1 68
1 72
1 78
1 79
1 80
1 82
1 84
1 85
3 86 89 90
1 87
1 88
3 91 103 104
2 92 93
2 94 97
2 95 96
1 98
1 99
1 100
2 101 109
1 102
2 105 106
2 107 108
1 87
2 16 21
1 76
1 84
1 81
1 46
6 91 94 95 101 103 104
9 27 29 31 33 37 38 51 52 53
1 18
6 78 82 92 100 103 104
4 78 82 92 100
1 18
4 47 57 58 59
1 18
4 78 82 92 100
2 61 80
1 90
3 5 17 19
3 86 87 89
1 86
1 84
1 18
2 77 79
3 89 102 108
5 5 17 19 20 22
3 47 58 76
1 86
3 24 64 65
2 24 60
6 1 2 3 4 5 17
1 85
2 61 80
2 4 5
4 24 56 57 60
7 61 63 64 66 72 77 79
1 5
6 25 31 32 33 34 35
1 80
3 77 79 82
6 39 40 42 43 44 45
1 84
3 90 98 99
1 76
1 76
1 24
1 84
4 101 103 105 109
1 76
4 17 18 19 20
1 84
1 81
2 86 89
1 47
4 62 73 75 81
5 61 63 71 72 80
3 47 48 55
6 25 30 31 32 34 36
4 82 91 103 104
4 78 83 92 100
6 22 25 29 31 32 33
3 24 56 60
6 23 39 42 43 44 45
1 76
2 84 87
9 25 27 29 31 32 33 34 37 38
5 82 91 103 104 105
1 76
1 87
1 80
1 76
6 64 67 68 69 70 71
2 46 47
2 96 99
7 27 29 31 32 33 37 38
1 83
1 84
1 17
2 61 66
1 87
1 84
1 87
1 76
4 93 96 97 99
4 61 64 66 80
2 101 109
5 82 91 102 104 108
1 78
1 87
2 78 83
2 77 78
2 101 109
1 76
4 61 63 72 80
1 78
2 90 96
4 86 89 90 91
3 86 87 89
1 87
6 91 93 94 95 97 104
2 47 58
6 27 28 29 37 38 41
6 90 93 94 95 96 97
1 90
4 82 92 103 104
7 28 29 30 33 34 35 36
1 83
12 22 25 27 29 30 31 33 34 35 37 38 53
4 77 79 82 103
5 78 92 93 94 100
2 3 4
1 88
2 61 72
5 46 47 48 49 54
2 76 78
1 88
1 83
6 47 56 57 58 59 77
5 90 91 93 94 95
5 48 49 50 51 55
3 27 39 40
1 78
2 62 81
1 82
1 23
3 46 47 76
2 79 82
1 85
1 86
4 16 17 20 21
6 22 25 30 34 35 36
1 81
1 76
2 78 100
1 47
1 87
2 26 34
4 22 25 31 32
2 46 47
1 81
2 79 82
2 79 82
6 64 65 67 68 69 70
5 30 31 33 34 35
5 48 49 50 51 52
7 80 82 91 92 93 94 100
5 90 91 98 102 104
1 24
4 2 3 4 5
1 78
5 82 103 105 106 107
5 39 41 42 43 44
6 26 29 30 31 33 36
5 90 92 93 96 97
3 78 92 100
1 82
1 23
2 101 109
2 61 80
1 76
1 83
1 77
6 25 28 29 31 32 33
4 102 106 107 108
1 90
2 23 45
9 24 63 64 65 67 68 69 70 71
1 81
1 22
1 87
2 92 93
3 77 79 82
2 86 89
3 77 78 79
3 5 17 18
1 77
1 84
4 82 92 100 103
4 23 43 44 45
3 26 34 35
6 61 63 64 66 70 71
1 83
1 81
2 19 20
1 87
1 87
1 82
1 86
2 86 89
2 77 79
1 84
3 90 98 99
5 13 14 15 16 21
1 23
2 87 90
1 83
1 84
5 24 63 64 65 72
3 78 92 100
1 103
1 81
2 86 89
2 86 89
2 46 47
1 24
1 84
6 19 22 25 31 32 33
1 83
2 78 100
8 46 47 48 49 50 54 77 78
2 24 60
6 103 104 105 106 107 108
4 24 56 59 60
3 77 79 82
4 92 93 95 100
1 84
2 78 83
3 78 79 83
6 27 29 33 37 38 40
2 24 60
4 62 73 75 81
8 61 64 66 67 68 69 70 71
1 76
3 90 96 99
1 81
1 82
5 82 91 92 93 97
1 87
1 87
2 62 73
3 79 82 91
2 47 55
2 86 89
4 103 105 106 107
10 23 27 28 30 31 33 36 39 40 41
6 82 91 92 93 94 95
4 22 25 34 35
3 96 97 99
4 90 96 98 99
1 84
5 46 47 48 54 58
4 8 9 10 11
1 87
1 80
3 77 79 82
3 103 105 106
3 82 103 105
2 62 81
1 83
1 62
1 87
5 24 63 64 65 71
1 84
1 76
5 63 64 65 73 74
6 8 9 10 11 12 13
7 27 48 49 50 51 52 53
1 24
6 78 92 93 94 95 100
1 81
1 83
2 46 47
2 76 77
1 88
1 89
1 84
2 48 49
4 63 64 65 72
5 30 31 32 34 35
1 62
4 61 63 72 74
6 82 86 89 102 103 104
1 16
1 87
1 76
1 83
4 77 78 79 100
2 86 89
2 47 55
1 87
4 63 64 66 72
2 76 83
5 1 2 3 4 6
6 82 90 91 96 98 99
1 84
1 23
5 27 38 39 40 42
2 17 19
3 62 75 81
1 18
2 27 53
4 63 64 73 74
1 83
4 24 63 64 65
1 24
2 15 16
3 82 92 93
1 81
1 24
1 18
2 101 103
1 83
3 96 98 99
1 46
2 5 17
2 24 60
6 91 102 104 106 107 108
7 27 38 39 40 42 43 44
1 76
1 84
3 61 78 80
3 48 54 55
1 103
2 78 79
1 78
3 61 64 66
1 83
1 26
5 90 96 97 98 99
4 101 103 105 106
1 83
4 16 22 25 32
2 24 65
1 84
3 78 92 100
1 90
7 61 64 66 67 68 69 70
2 80 82
1 87
1 81
5 92 93 96 97 100
3 86 89 102
1 83
2 91 104
6 61 64 66 67 68 69
3 101 103 109
2 61 66
3 86 89 102
7 82 92 93 96 97 98 99
1 89
1 81
2 61 80
5 61 64 66 69 80
2 101 109
2 47 77
1 89
3 105 106 107
1 76
2 46 47
3 3 4 6
3 11 12 13
2 17 20
7 8 9 11 12 13 14 15
1 87
1 83
2 15 16
1 84
6 28 30 31 33 36 41
1 23
7 28 30 36 39 41 42 43
3 82 92 93
6 46 47 48 49 50 54
1 18
6 63 70 71 73 74 75
1 87
2 101 109
1 101
7 47 58 61 63 64 65 72
6 61 63 64 66 72 80
4 22 25 34 35
2 61 72
5 46 47 48 49 55
6 11 12 13 14 15 16
3 91 94 95
1 89
2 27 38
6 46 48 49 50 51 54
1 83
1 85
5 90 91 93 96 97
1 61
3 82 103 104
1 88
2 101 103
3 61 63 72
2 17 18
6 27 29 31 33 37 38
2 88 101
3 90 98 99
3 61 72 80
1 76
1 86
1 85
4 61 63 66 72
4 62 73 74 81
5 64 67 68 69 70
1 84
5 61 63 70 71 72
5 61 63 64 66 72
1 88
1 80
3 82 91 104
1 78
1 83
1 84
2 78 83
1 24
1 84
5 87 90 96 98 99
1 26
1 18
1 23
1 89
1 90
1 47
2 101 109
2 96 97
3 67 68 69
1 77
1 84
1 16
3 78 92 100
3 91 102 104
4 87 90 96 99
2 17 18
1 84
2 46 47
2 46 47
4 46 47 48 55
2 27 40
4 90 91 103 104
1 84
4 26 29 37 38
4 26 30 34 35
3 28 29 33
9 27 37 38 48 49 50 51 52 53
4 28 30 36 41
3 26 34 35
4 89 102 103 104
1 46
2 82 92
3 5 17 18
1 105
1 80
2 86 89
2 23 45
3 82 91 94
2 89 102
4 24 64 65 66
3 90 91 94
1 84
5 3 4 5 17 18
3 89 102 108
4 30 31 32 35
3 62 75 81
2 82 91
4 16 21 22 25
4 5 17 19 20
2 87 90
1 88
2 27 40
6 78 92 93 94 95 100
3 88 101 109
1 46
2 87 90
2 47 76
6 46 48 49 50 51 54
1 78
3 82 92 93
2 89 90
1 22
1 86
1 82
5 26 29 30 31 33
3 88 101 109
1 84
2 86 89
1 78
2 62 80
2 46 47
1 83
2 46 47
3 17 20 21
1 46
1 87
1 85
4 46 47 54 55
2 23 27
3 63 64 71
6 47 48 49 55 61 80
7 26 29 30 31 33 34 35
3 106 107 108
1 76
1 86
2 77 79
4 23 43 44 45
1 87
4 30 31 32 36
6 24 47 56 57 58 60
2 16 22
1 47
1 87
5 82 91 92 94 100
1 47
2 86 89
3 26 28 29
5 23 42 43 44 45
4 24 56 57 60
6 4 5 6 7 17 18
1 84
2 17 18
5 27 50 51 52 53
1 83
4 24 56 57 60
1 88
2 87 90
1 26
2 47 77
1 78
3 77 78 79
1 78
4 22 25 26 34
1 24
1 23
4 90 93 96 97
4 62 73 74 75
1 76
4 101 103 105 106
2 17 19
1 87
2 82 92
2 23 45
3 91 103 104
5 27 29 33 37 38
1 85
3 39 42 43
3 46 47 77
1 84
1 87
1 84
1 78
2 86 89
1 84
4 62 73 75 81
1 78
5 91 102 104 107 108
2 18 23
2 62 81
2 22 25
4 101 102 103 104
6 91 92 93 94 103 104
2 62 75
2 5 17
4 63 67 70 71
6 61 64 66 68 69 80
2 61 66
1 86
1 84
3 8 9 11
3 101 103 105
2 27 53
2 4 5
1 84
3 24 56 60
4 25 26 32 34
3 82 92 100
4 61 64 66 80
6 24 56 57 58 59 60
2 24 65
5 62 73 74 75 81
1 85
3 61 78 80
5 49 50 51 52 53
2 87 90
1 87
2 90 96
1 80
5 82 103 105 106 107
1 83
2 24 60
1 87
3 89 102 108
4 61 63 71 72
6 62 63 71 73 74 81
2 47 61
9 11 12 13 14 15 16 19 20 21
3 46 48 54
2 26 34
1 84
4 102 103 104 105
1 81
4 23 43 44 45
2 103 104
5 61 72 78 92 100
2 78 83
1 23
6 25 26 29 32 34 37
3 105 106 109
2 47 55
3 25 26 34
3 87 90 98
1 87
7 22 25 28 30 31 32 36
1 77
1 46
4 46 48 54 55
3 31 32 33
2 82 92
1 76
4 82 91 92 94
3 77 79 82
3 77 79 82
1 84
1 23
4 22 25 26 34
2 90 96
1 76
2 16 21
4 61 63 72 80
1 18
3 89 90 96
1 18
2 47 61
3 61 77 79
1 102
1 78
1 76
1 78
2 103 104
1 90
4 4 5 17 18
1 83
1 83
2 47 77
2 110 111
3 112 113 114
1 115
1 116
3 117 130 131
2 118 124
3 119 120 121
2 122 123
3 125 127 129
1 126
3 128 236 237
3 132 136 137
2 133 134
2 135 138
2 139 185
5 140 143 200 203 204
2 141 235
7 142 214 215 216 217 221 224
6 144 146 171 172 196 201
6 145 148 149 158 179 197
5 147 166 167 168 195
6 150 153 154 155 156 157
1 151
1 152
5 159 160 161 162 163
2 164 165
2 169 170
7 173 181 182 183 184 192 193
5 174 176 177 178 180
1 175
5 186 187 188 189 190
1 191
1 194
1 198
1 199
5 202 231 232 233 234
1 205
3 206 211 212
2 207 208
2 209 210
1 213
3 218 222 223
2 219 220
1 225
1 226
1 227
2 228 229
1 230
1 238
1 239
4 110 118 119 120
1 111
3 112 113 114
1 115
1 116
1 117
3 121 122 123
1 124
5 125 127 128 129 130
1 126
1 131
3 132 136 138
1 133
2 134 135
1 137
5 139 185 186 187 188
1 140
7 141 144 146 171 172 196 201
7 142 143 202 205 231 232 233
7 145 174 176 177 178 179 180
7 147 149 154 155 156 166 167
2 148 158
4 150 152 153 157
3 151 163 164
2 159 160
2 161 162
1 165
1 168
1 169
4 170 182 183 184
3 173 181 193
1 175
4 189 190 191 192
2 194 195
1 197
1 198
2 199 200
1 203
1 204
4 206 211 212 234
3 207 208 209
1 210
1 213
4 214 221 222 223
3 215 216 217
1 218
2 219 220
1 224
1 225
2 226 227
1 228
1 229
1 230
2 235 236
1 237
2 238 239
7 110 111 118 119 120 121 122
3 112 113 114
2 115 117
1 116
1 123
1 124
3 125 128 129
1 126
2 127 130
1 131
3 132 136 138
2 133 134
1 135
1 137
1 139
1 140
1 141
4 142 143 202 205
3 144 145 198
4 146 171 172 196
5 147 174 180 183 184
4 148 149 158 159
5 150 154 155 156 157
3 151 152 153
2 160 161
2 162 163
1 164
1 165
1 166
1 167
1 168
2 169 170
3 173 175 193
2 176 177
2 178 179
2 181 182
2 185 186
2 187 188
4 189 190 191 192
2 194 195
1 197
3 199 200 201
1 203
1 204
5 206 215 216 217 234
4 207 208 209 211
2 210 212
1 213
4 214 221 222 223
3 218 219 220
1 224
1 225
1 226
1 227
1 228
1 229
1 230
2 231 232
1 233
1 235
3 236 237 238
1 239
2 110 111
2 112 115
2 113 114
1 116
1 117
2 118 124
2 119 120
2 121 122
1 123
1 125
2 126 133
5 127 128 129 130 134
1 131
3 132 136 137
1 135
1 138
1 139
6 140 143 202 203 204 205
3 141 219 220
4 142 221 222 232
4 144 145 198 201
8 146 147 181 182 183 184 194 195
5 148 149 166 167 172
4 150 152 153 155
3 151 171 196
4 154 156 158 159
1 157
1 160
5 161 162 163 164 165
1 168
2 169 170
6 173 174 175 176 180 193
3 177 178 179
1 185
6 186 187 188 189 190 191
1 192
1 197
1 199
1 200
3 206 215 217
3 207 208 209
1 210
3 211 214 218
1 212
1 213
1 216
1 223
1 224
1 225
1 226
2 227 228
1 229
1 230
1 231
2 233 234
1 235
2 236 237
2 238 239
5 110 111 115 118 124
3 112 113 114
1 116
2 117 130
1 119
2 120 121
2 122 123
3 125 133 134
1 126
2 127 129
1 128
1 131
2 132 136
3 135 206 215
2 137 138
1 139
5 140 142 202 203 204
2 141 220
3 143 205 221
2 144 201
3 145 179 198
4 146 194 196 197
4 147 174 180 195
4 148 149 152 155
2 150 153
5 151 166 167 183 184
1 154
2 156 157
1 158
2 159 160
2 161 162
2 163 164
1 165
1 168
1 169
1 170
2 171 172
3 173 181 182
7 175 176 177 190 191 192 193
1 178
4 185 186 187 188
1 189
2 199 200
4 207 208 209 237
2 210 211
1 212
3 213 233 234
4 214 216 217 232
1 218
1 219
2 222 223
1 224
1 225
1 226
1 227
2 228 230
1 229
1 231
1 235
1 236
1 238
1 239
3 110 111 115
2 112 113
1 114
1 116
1 117
2 118 124
1 119
1 120
1 121
3 122 123 130
3 125 128 206
1 126
1 127
2 129 234
1 131
3 132 136 138
2 133 237
1 134
1 135
1 137
1 139
2 140 204
5 141 144 198 201 220
8 142 143 145 199 200 202 205 232
4 146 194 195 196
3 147 183 184
4 148 152 153 172
4 149 155 166 167
7 150 154 156 157 158 159 160
1 151
4 161 162 163 164
3 165 168 169
1 170
2 171 197
3 173 192 193
2 174 182
2 175 176
4 177 178 179 180
1 181
2 185 186
4 187 188 189 190
1 191
1 203
1 207
2 208 209
3 210 235 236
1 211
3 212 215 217
1 213
1 214
1 216
5 218 219 221 222 223
1 224
1 225
1 226
1 227
2 228 229
1 230
2 231 233
1 238
1 239
2 110 111
3 112 113 114
1 115
1 116
1 117
1 118
2 119 124
1 120
1 121
4 122 123 127 130
3 125 126 133
2 128 237
3 129 206 215
1 131
4 132 136 137 138
1 134
1 135
2 139 185
6 140 143 202 203 204 205
6 141 144 196 197 201 220
3 142 221 222
1 145
4 146 147 194 195
4 148 149 167 172
3 150 152 153
2 151 157
3 154 155 156
3 158 159 160
4 161 162 163 164
2 165 168
1 166
1 169
1 170
3 171 174 176
2 173 181
1 175
4 177 178 179 180
3 182 183 184
1 186
2 187 188
5 189 190 191 192 193
1 198
2 199 200
1 207
2 208 211
1 209
1 210
3 212 214 218
1 213
2 216 217
1 219
2 223 232
1 224
1 225
1 226
1 227
1 228
1 229
1 230
2 231 233
1 234
1 235
1 236
2 238 239
1 112
3 147 166 195
4 113 114 115 116
5 235 236 237 238 239
1 125
1 209
3 110 118 120
2 183 184
7 148 149 150 152 153 154 155
6 147 148 149 152 166 167
2 125 126
3 141 220 235
2 143 200
5 147 166 167 168 169
3 132 136 137
2 118 124
7 206 231 232 233 234 237 238
2 110 111
3 144 146 196
6 150 151 154 155 156 157
2 112 115
5 132 134 135 136 137
5 127 128 129 206 211
6 143 144 145 196 197 201
3 142 221 225
1 125
2 127 129
2 128 206
2 111 115
3 140 203 204
4 149 158 167 168
4 147 174 183 184
2 118 124
3 127 128 129
5 148 149 158 159 172
1 117
11 146 148 149 154 155 156 157 171 172 194 195
4 177 178 179 180
1 137
6 150 151 154 156 157 164
5 125 126 132 133 134
5 143 199 200 202 205
2 136 137
5 150 151 154 156 157
4 206 207 213 234
6 147 174 175 176 183 184
4 142 202 203 204
6 159 160 161 162 163 164
2 117 130
3 162 163 164
3 150 153 157
3 147 174 180
6 122 123 127 128 129 130
1 110
6 144 196 197 198 199 200
2 127 129
9 146 147 148 149 166 167 171 172 184
1 140
5 110 111 118 119 120
5 132 134 135 136 138
11 142 143 145 177 178 179 198 199 200 202 205
2 115 118
4 125 126 128 207
1 137
1 139
1 140
2 206 211
3 227 228 229
1 117
6 141 144 196 201 219 220
2 141 220
6 142 202 203 215 216 217
7 145 174 177 178 179 180 197
6 142 143 200 202 203 221
6 147 149 155 166 167 174
5 206 215 217 233 234
3 147 174 176
5 147 174 176 194 195
1 235
1 140
4 132 134 136 137
1 117
4 110 111 115 116
4 143 145 203 204
2 110 111
5 147 174 175 176 184
2 144 196
2 132 136
2 128 133
4 128 235 236 237
7 140 143 198 199 200 203 204
5 143 202 203 204 205
2 117 130
2 154 155
3 207 237 238
3 112 113 114
3 133 134 135
6 143 200 202 203 204 205
5 150 151 152 153 164
5 117 125 126 127 129
3 149 158 159
3 128 237 238
4 206 207 211 237
1 112
6 142 214 215 216 217 221
2 138 141
6 147 149 158 166 167 174
5 140 143 145 203 204
7 143 145 179 198 199 200 203
3 208 209 210
5 127 130 208 209 210
2 117 123
6 146 148 149 155 171 172
7 142 214 215 216 217 218 232
10 142 202 205 206 215 216 217 237 238 239
1 123
1 126
4 166 167 168 169
2 122 123
4 143 145 178 179
7 148 149 150 151 152 153 155
2 112 115
3 147 174 184
4 206 214 215 223
2 235 236
5 146 147 166 194 195
2 117 209
2 112 114
12 141 144 145 147 174 177 178 179 180 195 198 201
2 113 114
2 139 185
5 110 111 118 119 120
5 150 152 153 156 157
2 142 202
5 122 123 127 128 130
2 136 138
5 147 182 183 184 195
7 158 159 160 161 162 163 164
3 143 199 200
5 142 202 205 216 217
2 125 126
4 206 207 208 211
4 118 119 120 121
7 141 144 201 214 218 219 220
3 143 145 205
6 173 174 175 176 177 180
3 127 130 131
10 148 150 151 152 153 162 163 164 171 172
1 123
3 117 130 131
6 115 116 118 119 120 121
1 128
5 140 202 203 204 205
5 160 161 162 163 164
5 142 143 145 202 203
5 140 142 202 203 204
2 128 206
5 149 154 155 166 167
4 132 134 136 138
3 121 122 123
2 115 116
3 214 215 218
4 207 208 236 237
4 173 174 175 176
6 206 233 234 235 236 237
1 115
1 139
7 174 175 176 177 178 179 180
5 128 129 133 134 135
2 113 114
5 214 218 219 222 223
1 139
4 128 206 233 234
3 145 197 198
1 118
5 148 149 154 155 172
2 117 209
5 143 200 202 203 205
2 125 126
4 140 143 203 204
7 147 173 174 175 176 181 182
5 214 221 222 223 225
3 206 207 211
4 206 207 211 213
4 110 111 118 124
1 115
2 111 112
5 235 236 237 238 239
2 208 209
9 149 158 159 160 161 162 163 164 167
2 139 140
4 173 175 176 193
2 127 130
3 127 129 130
2 119 120
3 207 208 209
6 110 118 119 120 121 122
5 207 208 209 210 237
1 128
2 117 130
2 139 185
5 127 128 129 130 237
8 142 214 215 216 217 221 222 223
7 110 118 119 120 121 122 123
6 144 146 147 194 195 196
2 237 238
7 142 206 215 216 217 221 224
3 132 136 137
6 139 185 186 187 188 189
1 112
1 138
4 125 127 130 131
6 206 214 215 226 233 234
4 110 111 112 115
5 149 155 167 168 169
3 119 121 122
5 206 214 215 226 237
1 140
3 128 236 237
2 149 158
6 125 126 127 130 209 210
5 115 116 118 119 120
6 143 144 145 196 197 200
1 138
8 140 143 145 198 199 200 203 204
4 132 134 136 137
10 139 185 186 187 188 189 190 191 192 193
4 110 111 118 120
5 141 214 218 219 220
5 110 118 119 121 124
3 132 134 135
3 127 128 129
5 143 144 145 196 197
3 133 134 135
4 112 113 114 126
1 138
4 117 125 126 133
5 127 130 131 133 134
3 206 207 208
4 136 138 141 235
1 138
1 137
5 147 174 176 183 184
4 118 119 120 124
2 150 151
6 141 144 145 196 197 201
7 214 218 219 220 221 222 223
3 128 237 238
4 206 215 237 238
2 125 127
2 149 155
4 118 119 120 124
8 142 206 215 216 217 221 224 237
8 144 146 148 149 171 172 196 198
3 141 144 201
4 141 144 198 201
2 128 206
1 123
8 149 150 151 154 155 156 157 167
1 117
4 115 116 118 120
3 117 127 130
2 127 129
1 127
7 146 148 149 158 171 172 196
6 140 143 145 179 203 204
4 139 185 186 187
3 132 133 134
8 147 149 166 167 174 177 178 180
2 110 111
1 133
1 141
2 141 235
2 112 113
1 115
2 139 185
3 207 208 209
4 173 175 176 181
1 112
1 139
7 148 149 150 152 153 167 168
3 174 176 180
7 141 143 144 145 198 201 235
4 115 118 119 120
1 124
2 141 235
5 214 218 226 227 230
2 117 126
2 110 111
4 214 215 217 223
4 128 207 208 209
4 117 127 129 130
2 209 210
3 207 208 209
7 214 215 216 217 218 219 220
3 112 113 114
1 112
3 144 196 198
3 139 185 186
4 125 126 128 206
1 117
9 128 142 202 205 206 231 232 233 234
1 139
2 150 151
4 127 128 129 206
3 141 219 220
2 117 123
1 117
2 146 171
2 169 170
2 110 111
3 207 208 209
4 146 148 171 172
3 118 119 120
3 110 114 115
5 132 134 135 136 137
2 136 137
1 139
2 125 126
2 188 189
3 112 113 114
3 136 137 235
4 127 128 129 130
1 112
3 256 300 301
8 257 258 277 279 280 281 282 285
3 259 275 278
4 260 269 270 274
4 261 262 266 267
1 263
6 255 264 265 321 322 323
1 268
4 253 271 273 276
1 272
2 251 283
2 250 284
4 286 288 292 293
2 287 294
2 289 290
1 291
4 295 296 297 298
1 299
1 302
2 303 305
1 304
5 254 306 307 327 328
2 308 326
3 309 310 311
4 312 313 314 315
2 316 317
3 318 319 320
2 324 325
2 252 329
1 330
5 331 334 341 342 343
4 332 335 347 348
6 333 336 337 338 339 340
2 344 345
1 346
1 240
1 241
1 242
4 243 244 246 248
2 245 247
1 249
4 256 281 285 300
4 257 280 286 288
4 258 260 275 276
3 259 277 279
2 261 265
2 255 262
4 263 264 271 272
1 266
2 267 268
2 269 270
2 253 273
3 274 321 322
1 278
4 251 282 283 304
1 284
1 287
3 289 290 291
3 292 293 294
1 295
2 296 297
1 298
1 299
5 250 301 302 344 345
2 303 346
1 305
3 306 307 308
3 254 309 327
2 310 311
8 312 313 314 315 316 317 318 319
1 320
2 323 324
2 325 326
1 328
2 329 330
3 331 347 348
1 332
1 333
1 334
5 335 339 341 342 343
3 336 337 338
1 340
4 240 243 244 245
1 241
1 242
3 246 247 248
1 249
1 252
4 256 258 277 279
6 257 280 282 286 287 290
3 259 275 278
7 255 260 270 271 272 274 321
3 261 265 276
3 262 269 273
1 263
1 264
1 266
2 267 268
4 251 281 283 285
1 284
1 288
1 289
1 291
2 292 293
1 294
1 295
2 296 297
1 298
1 299
5 250 300 301 302 344
1 303
1 304
1 305
2 306 327
2 307 308
4 309 310 311 312
3 313 314 315
3 316 317 318
2 319 320
5 322 323 324 325 326
1 328
4 252 329 331 334
2 254 330
2 253 332
3 333 345 346
1 335
4 336 337 338 340
4 339 341 342 343
2 347 348
3 240 244 245
4 241 243 246 248
1 242
1 247
1 249
3 256 258 275
6 257 279 280 281 282 285
2 259 278
6 260 270 271 273 274 276
2 261 263
3 255 262 321
2 264 265
1 266
2 267 322
1 268
2 253 269
1 272
1 277
3 250 251 283
1 284
4 286 287 290 291
1 288
1 289
1 292
1 293
1 294
2 295 299
1 296
2 297 298
2 300 304
3 301 302 344
1 303
1 305
5 254 306 307 308 327
2 309 310
7 311 312 313 314 315 316 317
3 318 319 320
2 323 324
2 325 326
1 328
1 329
1 330
3 331 334 342
1 332
3 333 345 346
1 335
7 336 337 338 339 340 341 343
2 347 348
1 240
1 241
2 242 245
3 243 244 248
2 246 247
1 249
1 252
4 256 258 277 278
2 257 279
3 259 275 300
5 260 270 271 274 276
2 261 262
2 263 264
1 265
5 255 266 267 268 272
3 253 269 273
4 251 280 282 283
2 281 285
2 284 288
2 286 287
2 289 290
1 291
1 292
1 293
1 294
2 295 296
2 297 298
1 299
2 301 304
2 250 302
1 303
1 305
4 254 306 327 328
4 307 308 309 326
4 310 311 312 313
2 314 315
1 316
1 317
3 318 319 320
1 321
1 322
1 323
2 324 325
1 329
2 330 331
1 332
4 333 336 344 345
2 334 335
5 337 338 339 340 341
2 342 343
1 346
2 347 348
1 240
2 241 242
3 243 244 248
3 245 246 247
1 249
1 252
5 256 258 281 282 285
5 257 275 277 279 280
4 259 278 287 288
2 260 274
6 255 261 262 270 271 272
4 263 264 265 276
2 266 267
1 268
2 269 273
2 251 283
1 284
1 286
2 289 290
1 291
2 292 299
1 293
1 294
2 295 296
1 297
1 298
1 300
2 301 302
3 250 303 344
1 304
1 305
3 254 306 327
5 307 308 309 310 311
2 312 313
2 314 315
5 316 317 318 319 320
1 321
2 322 323
1 324
2 325 326
1 328
2 329 331
1 330
3 332 334 335
2 333 336
6 337 338 339 340 341 343
1 342
1 345
1 346
1 347
1 348
1 240
2 241 242
4 243 244 245 248
2 246 247
1 249
1 252
1 253
11 256 257 258 277 279 280 281 282 285 287 288
2 259 278
6 255 260 270 271 272 274
4 261 262 264 265
3 263 275 276
3 266 267 268
3 253 269 330
1 273
2 251 283
4 250 284 344 345
1 286
1 289
1 290
1 291
1 292
2 293 299
3 294 295 296
1 297
1 298
1 300
3 301 302 304
1 303
1 305
2 306 326
4 307 308 309 327
2 310 311
7 312 313 314 315 316 317 318
2 319 320
2 321 322
1 323
2 324 325
1 328
2 329 331
4 332 334 335 342
1 333
7 336 337 338 339 340 341 343
1 346
2 347 348
1 240
2 241 242
4 243 244 246 247
1 245
1 248
1 249
1 252
1 254
5 286 289 290 292 293
3 322 323 324
4 257 280 282 287
2 249 251
7 313 314 315 316 317 318 319
4 253 332 334 335
3 253 269 270
2 252 329
6 259 261 263 264 265 266
6 257 258 259 277 279 280
3 330 332 335
2 241 248
1 251
4 260 261 264 265
6 256 258 275 281 284 285
1 252
2 243 248
1 330
2 283 284
3 282 283 284
7 280 286 288 292 295 296 297
3 254 327 330
3 286 289 290
5 261 262 263 264 265
6 330 331 332 334 335 347
5 251 280 282 283 288
6 286 289 290 291 292 295
3 252 329 331
5 257 279 280 282 283
3 256 285 305
3 300 301 302
5 253 269 273 330 332
1 250
1 330
3 250 302 303
1 254
5 256 281 285 300 301
8 256 258 259 263 281 283 284 285
5 331 334 342 347 348
9 253 255 269 271 272 273 321 330 332
1 249
5 256 258 275 300 304
1 251
5 243 244 245 246 247
1 249
7 333 336 337 338 340 344 345
6 253 269 270 274 332 335
1 240
1 328
8 250 256 300 301 302 305 344 345
1 241
7 257 259 263 277 278 279 287
5 256 258 259 278 300
3 252 329 331
2 250 251
1 249
11 258 259 261 263 264 265 266 267 268 277 278
1 240
1 249
3 250 302 303
6 253 332 334 335 342 343
3 306 307 326
4 253 269 330 332
1 252
6 333 336 337 338 340 345
1 249
1 328
1 330
10 257 258 275 276 277 279 286 287 289 290
2 250 302
2 252 329
1 252
1 320
10 255 260 261 262 269 270 271 272 273 274
6 251 256 283 300 304 305
1 330
7 251 281 283 284 300 301 304
3 251 282 283
1 249
1 248
3 334 335 342
2 253 332
8 258 259 261 263 264 265 277 278
2 250 302
6 256 258 259 275 276 305
2 270 271
4 258 259 275 277
7 259 260 261 263 264 265 274
1 251
4 286 288 289 290
1 252
3 258 259 278
1 251
1 289
5 257 280 282 283 287
4 253 254 330 332
1 249
1 249
3 250 252 302
6 256 258 281 282 283 285
2 251 283
4 259 263 264 265
6 257 279 280 286 287 288
6 253 269 270 271 332 335
4 280 282 287 288
3 253 269 270
3 260 261 274
1 254
4 253 269 270 271
2 286 292
7 257 279 286 287 288 292 299
2 251 304
4 256 300 304 305
1 252
8 255 260 261 262 270 271 272 274
2 289 291
1 251
1 249
5 251 281 282 283 304
1 348
1 252
6 330 332 334 335 342 343
4 253 330 331 332
7 259 260 270 271 274 275 276
2 240 245
4 281 283 284 285
3 251 283 284
2 329 331
4 256 281 284 285
5 251 300 301 302 304
7 314 315 316 317 318 319 320
3 330 332 335
4 256 300 301 305
7 311 312 313 314 315 316 317
1 245
1 241
2 241 242
3 259 263 264
3 250 251 344
5 251 281 283 284 285
1 249
1 330
4 329 331 347 348
1 252
4 257 280 286 287
4 258 259 277 278
7 255 269 270 271 272 273 321
4 311 312 313 314
10 251 256 258 281 283 284 285 300 301 304
1 249
3 260 261 262
5 252 253 329 330 332
1 251
4 243 244 245 248
1 330
6 280 282 286 288 292 299
1 249
6 257 286 287 292 295 296
1 329
1 252
1 331
6 286 287 288 289 290 291
5 316 317 318 319 320
4 323 324 325 326
1 252
3 251 300 304
1 249
1 249
1 251
3 323 324 325
3 295 296 297
4 251 280 282 283
2 252 329
5 243 244 246 247 248
3 245 246 247
3 331 347 348
1 240
7 258 260 261 266 275 276 277
3 251 282 283
1 240
1 251
1 252
1 254
1 289
5 330 332 334 335 342
3 331 347 348
2 347 348
1 249
1 328
2 254 327
3 251 283 284
9 311 312 313 314 315 316 317 318 319
4 254 306 307 327
1 252
5 255 271 272 273 321
1 251
6 338 339 340 341 342 343
7 308 309 310 311 312 313 314
1 329
1 328
4 306 324 325 326
6 258 260 261 262 275 276
3 250 344 346
4 251 281 283 284
1 330
2 254 327
7 280 286 287 288 289 290 291
4 255 261 262 272
9 259 260 261 263 264 265 266 275 276
5 256 281 285 300 304
1 249
2 251 283
8 255 260 261 262 276 321 322 323
2 240 242
6 286 289 290 291 292 295
4 261 264 265 266
1 252
5 251 256 258 300 304
5 255 262 270 271 272
3 289 290 291
2 253 269
7 255 269 271 272 273 321 322
4 286 292 293 294
6 257 286 287 289 290 291
1 333
1 252
9 257 277 278 279 280 286 288 292 299
2 315 316
1 330
1 242
9 251 256 258 277 278 281 283 284 285
5 260 261 266 270 274
2 263 264
5 257 280 282 286 287
6 321 322 323 324 325 326
1 249
4 292 295 296 297
2 252 329
1 289
1 330
3 261 264 265
6 251 256 281 285 300 304
2 241 242
5 253 331 332 334 335
4 252 329 331 347
2 250 302
2 338 340
4 331 334 347 348
1 249
6 260 261 263 264 265 276
1 249
4 331 334 342 343
2 241 242
2 252 329
2 240 242
11 250 330 331 332 333 334 335 344 345 347 348
1 249
8 257 258 260 275 276 277 279 280
2 252 329
1 249
1 249
2 312 313
4 333 336 337 338
1 249
2 280 282
2 240 242
1 248
4 317 318 319 320
2 241 242
1 249
1 289
3 254 306 327
2 328 330
3 289 290 291
7 260 261 263 264 265 270 274
3 316 317 318
1 252
4 256 258 277 285
3 257 279 287
1 249
4 331 332 334 335
1 252
5 258 259 263 277 279
1 251
4 292 293 294 295
2 241 242
4 251 281 282 283
3 243 244 248
1 249
1 249
4 251 280 282 283
2 254 328
2 241 242
5 257 286 287 289 290
1 330
3 250 344 345
2 330 331
4 251 300 301 304
1 328
5 250 251 256 300 304
3 330 331 334
4 260 261 262 276
3 253 332 335
1 249
1 248
1 252
4 255 321 322 323
2 331 347
1 249
7 256 258 275 280 281 282 285
1 249
3 330 332 335
2 240 242
1 331
2 249 250
1 252
3 258 275 277
5 286 289 290 291 292
1 249
1 249
4 240 245 246 247
7 256 258 259 275 277 278 285
1 249
2 293 294
2 253 330
4 254 306 307 327
1 249
5 253 269 273 330 332
2 253 330
3 253 269 270
2 252 329
5 286 292 295 296 297
1 248
7 258 259 261 263 264 265 275
3 259 263 275
1 249
1 249
2 250 251
1 242
4 259 277 278 279
6 255 261 262 321 322 323
1 249
10 306 307 308 309 310 322 323 324 325 326
4 255 262 271 272
1 249
10 250 251 256 258 277 278 281 283 284 285
1 248
3 250 344 345
1 252
3 252 329 331
4 257 280 282 283
1 240
7 259 261 262 263 264 265 275
10 251 280 282 283 286 287 288 292 295 296
7 240 241 242 243 244 245 248
1 248
1 252
2 241 242
3 253 330 332
6 330 331 332 334 335 347
5 256 281 282 283 285
7 257 277 278 279 280 287 288
1 249
6 256 258 259 278 281 285
6 253 269 270 271 273 274
6 256 257 258 277 279 305
1 249
1 249
1 249
8 255 270 271 272 321 322 323 324
3 253 330 332
4 306 307 308 309
2 252 329
7 260 261 266 267 268 275 276
2 289 291
3 251 282 283
5 286 290 292 293 294
1 250
2 251 283
7 256 258 260 261 275 276 305
8 334 335 338 339 340 341 342 343
6 257 277 278 279 280 282
1 245
1 241
2 252 329
2 330 331
1 330
8 250 251 256 258 259 278 300 304
2 252 329
10 256 258 260 261 264 265 275 276 300 301
7 331 334 339 340 341 342 343
6 259 260 275 276 277 278
4 261 262 264 265
5 306 323 324 325 326
7 256 258 259 278 281 282 285
5 258 260 275 276 277
1 252
1 249
2 250 302
4 255 260 261 262
1 252
2 244 245
7 332 334 335 339 341 342 343
2 241 242
3 329 330 331
7 257 258 259 275 277 279 280
2 252 329
4 257 279 287 288
2 347 348
1 249
8 255 261 262 264 265 271 272 273
8 255 260 261 270 271 272 274 321
2 331 334
10 257 258 260 275 276 277 279 286 287 292
7 257 258 259 263 264 277 279
2 330 331
1 252
5 251 283 300 301 304
2 329 331
6 250 256 300 301 302 305
3 251 283 284
5 329 330 331 332 335
2 333 336
2 252 329
11 250 251 256 258 259 275 281 283 284 285 302
5 256 281 284 285 300
2 330 332
7 255 260 261 262 270 271 274
1 249
5 280 281 282 283 284
1 252
6 255 270 271 272 274 321
3 241 243 248
4 349 350 351 352
4 353 357 367 368
1 354
3 355 356 366
5 358 359 360 362 363
1 361
4 364 369 371 372
1 365
1 370
5 373 376 380 381 382
5 374 445 450 453 454
4 375 377 378 384
1 379
1 383
3 385 386 387
5 388 400 458 463 465
5 389 391 392 397 436
7 390 405 406 407 408 409 410
2 393 394
2 395 396
2 398 401
4 399 402 403 404
2 411 412
3 413 414 415
3 416 433 434
2 417 418
5 419 420 424 425 426
1 421
1 422
1 423
6 427 428 429 430 431 432
1 435
1 437
2 438 439
3 440 446 447
3 441 442 444
1 443
1 448
4 449 452 456 457
4 451 455 461 462
1 459
1 460
1 464
6 466 467 468 469 470 471
1 349
3 350 351 352
3 353 354 356
3 355 369 370
5 357 359 376 379 383
3 358 360 363
2 361 362
3 364 366 367
1 365
1 368
1 371
1 372
4 373 380 381 382
7 374 377 378 450 458 463 464
2 375 386
1 384
2 385 387
2 388 465
6 389 391 392 393 394 404
5 390 419 420 421 422
5 395 405 406 407 408
2 396 403
1 397
5 398 399 400 401 402
3 409 410 411
4 412 413 414 415
2 416 434
3 417 418 426
3 423 424 425
6 427 428 429 430 431 435
2 432 433
5 436 437 445 446 447
2 438 440
1 439
3 441 442 444
1 443
1 448
1 449
6 451 452 455 466 467 468
3 453 454 456
1 457
3 459 460 461
1 462
3 469 470 471
2 349 353
3 350 351 352
4 354 357 359 360
3 355 356 364
3 358 365 373
3 361 362 363
3 366 367 368
3 369 370 372
1 371
3 374 445 446
3 375 377 384
3 376 378 379
1 380
2 381 382
1 383
2 385 386
1 387
2 388 465
4 389 393 394 397
5 390 405 406 421 422
2 391 392
5 395 407 408 409 410
1 396
5 398 399 400 401 415
3 402 403 404
1 411
2 412 413
1 414
1 416
4 417 418 419 420
5 423 424 432 433 434
2 425 426
3 427 428 435
3 429 430 431
5 436 437 440 441 442
2 438 439
1 443
2 444 447
1 448
2 449 456
2 450 454
6 451 461 462 466 467 468
5 452 453 455 463 464
2 457 460
1 458
1 459
3 469 470 471
4 349 350 351 352
2 353 356
1 354
1 355
3 357 359 363
3 358 360 365
2 361 362
2 364 366
2 367 368
4 369 370 371 372
1 373
3 374 377 378
2 375 381
3 376 379 383
3 380 449 456
1 382
1 384
2 385 386
1 387
2 388 415
5 389 393 394 446 447
3 390 405 406
3 391 392 397
2 395 396
2 398 399
6 400 450 458 463 464 465
4 401 402 403 404
1 407
3 408 409 410
3 411 412 413
1 414
4 416 432 433 434
8 417 425 426 427 428 429 430 435
6 418 419 420 421 423 424
1 422
1 431
2 436 437
3 438 440 441
1 439
2 442 444
1 443
1 445
1 448
7 451 452 453 454 455 466 467
1 457
4 459 460 461 462
3 468 469 470
1 471
3 349 353 354
3 350 351 352
1 355
1 356
2 357 368
5 358 359 360 361 365
2 362 363
3 364 366 367
4 369 370 371 372
1 373
2 374 450
3 375 377 379
2 376 382
1 378
1 380
2 381 383
1 384
3 385 386 464
1 387
2 388 415
4 389 391 392 397
3 390 395 422
6 393 394 401 402 403 404
1 396
3 398 399 400
2 405 406
1 407
2 408 409
1 410
4 411 412 413 414
2 416 423
5 417 426 427 428 435
6 418 419 420 421 424 425
6 429 430 431 432 433 434
5 436 437 438 439 447
1 440
3 441 442 444
1 443
2 445 446
4 448 453 454 456
2 449 455
3 451 462 466
1 452
1 457
2 458 463
3 459 460 465
1 461
2 467 468
1 469
1 470
1 471
4 349 350 351 352
1 353
1 354
4 355 356 369 370
1 357
5 358 361 362 363 365
1 359
2 360 383
1 364
3 366 367 368
2 371 372
1 373
6 374 389 394 445 446 447
4 375 377 378 386
3 376 381 382
1 379
1 380
1 384
2 385 387
1 388
2 390 405
5 391 392 393 397 404
2 395 396
4 398 399 400 401
1 402
1 403
1 406
3 407 408 409
5 410 411 412 413 414
3 415 458 465
1 416
7 417 423 424 425 426 427 435
3 418 419 420
1 421
1 422
7 428 429 430 431 432 433 434
3 436 437 438
1 439
1 440
1 441
1 442
1 443
1 444
1 448
5 449 453 455 456 457
1 450
2 451 462
2 452 454
2 459 460
1 461
2 463 464
6 466 467 468 469 470 471
2 349 350
2 351 352
1 353
4 354 357 359 363
3 355 356 366
4 358 360 361 365
1 362
1 364
3 367 368 383
2 369 370
2 371 372
7 373 374 376 377 378 379 380
3 375 381 382
1 384
2 385 387
1 386
3 388 458 465
5 389 392 393 446 447
6 390 391 395 396 404 405
1 394
1 397
3 398 399 400
3 401 402 403
6 406 407 408 409 410 422
5 411 412 413 414 415
6 416 430 431 432 433 434
3 417 425 426
3 418 423 424
2 419 420
1 421
2 427 435
2 428 429
3 436 437 438
1 439
2 440 441
1 442
1 443
1 444
1 445
1 448
4 449 451 452 457
4 450 453 454 455
1 456
2 459 460
2 461 462
1 463
1 464
6 466 467 468 469 470 471
3 449 453 456
3 353 354 356
2 385 387
3 390 405 422
3 355 356 364
4 369 370 371 372
3 358 364 365
5 389 391 394 397 404
3 358 364 365
3 416 423 424
5 389 394 436 437 438
7 358 359 360 361 362 363 365
2 469 470
1 371
3 466 467 468
2 438 439
5 375 376 383 384 386
2 375 384
3 450 454 464
4 391 392 393 394
7 389 436 437 440 445 446 447
3 353 357 368
6 374 389 393 445 446 447
6 388 400 458 463 464 465
1 387
5 451 452 455 466 467
2 375 384
6 373 376 380 383 449 456
4 373 376 380 383
4 349 350 351 352
3 453 455 456
7 449 451 452 453 456 457 462
2 385 387
6 451 452 455 460 461 462
1 353
8 389 390 392 393 395 396 405 436
5 437 438 439 440 441
4 436 437 438 439
3 364 369 370
5 373 376 377 379 380
6 357 358 359 360 365 368
8 388 400 410 411 412 413 414 415
1 353
8 416 423 424 425 426 432 433 434
1 416
2 438 439
4 374 378 450 454
1 387
5 416 423 424 433 434
2 355 356
1 352
6 466 467 468 469 470 471
8 417 418 419 420 421 427 428 435
2 451 452
5 388 400 458 459 465
3 416 433 434
4 374 375 377 378
5 417 423 424 425 426
6 375 376 377 379 380 384
3 416 423 424
3 374 450 454
3 358 360 364
7 398 399 400 401 402 403 404
4 449 452 455 457
4 375 377 379 384
4 389 397 446 447
6 375 376 381 382 383 384
4 391 392 396 404
2 369 370
7 388 412 413 414 415 458 465
8 374 376 377 378 379 383 445 448
4 353 354 376 383
4 388 398 399 400
1 371
2 371 372
2 369 372
2 365 373
6 451 452 457 466 467 468
5 358 361 364 365 366
3 437 438 439
5 375 376 377 379 384
4 353 375 377 384
2 388 415
4 349 350 351 352
5 357 358 359 360 364
3 375 384 386
1 439
8 357 358 359 360 364 366 367 368
6 449 450 453 454 456 457
4 391 397 403 404
2 449 456
3 355 358 364
6 375 381 382 385 386 387
9 388 398 399 400 401 402 413 414 415
5 451 452 455 461 462
3 416 423 434
4 375 377 385 386
3 355 356 364
1 353
3 358 360 365
6 417 418 427 428 429 435
3 392 393 396
1 352
5 375 376 377 379 383
2 349 350
2 353 354
4 451 452 461 462
8 390 392 393 394 395 396 405 406
2 371 372
4 355 356 366 367
5 416 431 432 433 434
9 388 398 399 400 401 402 403 458 465
6 390 395 396 405 406 407
3 364 369 372
1 353
1 365
6 427 428 429 430 431 435
2 416 423
2 351 352
3 430 431 432
6 388 398 399 400 401 402
7 449 450 453 454 456 463 464
1 357
4 357 366 367 368
2 391 397
4 388 413 414 415
5 450 458 463 464 465
2 349 353
7 390 417 418 419 420 421 422
4 369 370 371 372
6 389 391 397 404 446 447
4 390 395 396 405
2 353 354
7 389 436 437 438 439 446 447
2 388 465
1 356
5 353 357 359 362 363
4 416 432 433 434
5 458 459 460 461 463
2 353 357
5 417 427 428 429 435
6 389 393 436 437 438 439
6 357 364 366 367 368 383
6 374 445 450 453 454 455
4 364 366 367 368
4 373 376 380 383
7 388 411 412 413 414 415 465
2 416 423
4 416 423 433 434
2 416 434
3 375 384 386
4 373 376 380 383
4 449 453 454 456
7 389 391 392 393 394 403 404
1 384
5 418 419 420 421 422
6 358 365 369 370 371 372
3 357 367 368
1 416
1 466
3 355 356 364
3 453 454 455
3 358 364 365
4 359 361 362 363
4 375 381 382 384
4 468 469 470 471
2 392 396
2 416 434
3 385 386 387
5 374 450 458 463 464
2 357 368
2 361 362
4 374 378 445 448
3 375 381 384
7 373 375 376 380 381 382 386
3 358 364 365
6 353 354 358 359 360 364
8 417 418 419 420 421 422 427 435
9 391 392 395 396 398 401 402 403 404
2 355 356
5 359 360 361 362 363
6 437 438 439 440 441 442
1 439
2 369 370
4 373 376 380 383
7 389 391 392 393 436 437 440
6 458 459 460 461 462 463
2 416 434
1 353
1 384
1 383
1 383
1 371
4 355 358 364 365
2 393 394
3 361 362 363
1 373
8 390 405 406 418 419 420 421 422
7 389 391 393 394 397 403 404
2 388 400
2 355 356
5 357 359 360 367 368
9 373 376 380 382 449 451 452 457 462
1 353
6 417 426 427 428 429 435
3 358 364 365
4 389 391 397 436
6 449 451 452 457 461 462
2 353 354
2 433 434
1 416
4 452 453 455 457
4 436 437 438 439
3 391 392 404
2 391 392
3 353 354 384
4 373 376 380 383
5 375 381 385 386 387
3 361 362 363
3 349 350 351
2 466 467
2 375 384
1 353
7 451 452 455 459 460 461 462
4 449 453 454 456
9 390 395 405 406 407 408 409 410 411
3 416 423 424
1 370
6 357 359 366 367 368 369
4 349 350 355 356
1 388
8 353 354 375 376 381 382 383 384
1 354
1 365
5 358 364 369 371 372
2 389 436
6 391 398 401 402 403 404
4 411 412 413 414
5 373 449 453 455 456
3 349 350 353
1 361
1 373
2 369 370
2 355 356
4 375 377 379 386
5 375 376 377 379 384
1 374
7 390 392 393 395 396 405 406
3 353 355 356
6 388 450 458 463 464 465
4 374 375 377 378
6 466 467 468 469 470 471
5 375 376 381 382 383
3 358 364 369
2 358 365
7 449 450 453 454 456 463 464
1 353
5 416 431 432 433 434
3 375 384 386
7 451 452 453 454 455 461 462
8 450 452 453 454 455 458 463 464
2 375 377
4 376 377 379 382
2 355 356
5 359 360 361 362 363
6 437 438 439 440 441 442
6 451 462 466 467 468 469
1 373
7 374 375 377 378 384 445 446
3 358 364 365
3 349 350 356
3 450 453 454
5 467 468 469 470 471
2 355 356
2 353 354
7 416 423 424 425 432 433 434
2 357 359
6 417 418 419 424 425 426
10 388 398 399 400 401 402 403 404 414 415
8 374 376 377 378 379 380 445 448
7 373 449 452 453 455 456 457
3 349 350 351
5 373 449 453 455 456
2 351 352
1 370
3 369 371 372
3 445 446 447
1 416
3 361 362 365
3 388 414 415
3 388 399 400
6 512 514 515 524 525 530
4 492 513 537 538
4 516 517 523 532
3 518 519 520
5 510 521 522 539 540
3 526 527 534
1 528
3 511 529 533
3 506 507 531
3 535 536 551
3 493 508 541
3 542 543 544
3 491 545 546
1 547
3 548 549 550
1 552
2 553 555
1 554
1 556
5 557 558 560 571 572
7 559 561 568 569 570 597 598
2 562 564
2 563 565
1 566
1 567
8 573 574 575 576 580 591 592 593
3 577 578 579
3 581 589 600
2 582 584
2 583 601
3 585 586 587
1 588
1 590
3 594 595 596
1 599
5 472 473 474 475 476
1 477
2 478 479
2 480 481
5 482 483 484 485 486
3 487 488 489
1 490
5 494 495 500 504 505
3 496 501 502
2 497 498
1 499
1 503
1 509
5 512 514 525 527 530
3 492 495 513
6 511 515 528 535 536 537
3 516 523 524
2 517 518
4 519 520 521 522
3 510 526 540
1 529
2 531 538
4 493 507 508 532
1 533
1 534
6 491 539 542 543 545 546
2 506 541
1 544
1 547
3 548 549 550
1 551
1 552
2 553 554
1 555
1 556
1 557
1 558
3 559 598 601
3 560 571 572
3 561 562 570
2 563 564
1 565
1 566
2 567 568
2 569 597
6 573 574 580 581 589 593
3 575 576 577
3 578 579 600
4 582 584 585 586
1 583
1 587
1 588
3 590 591 592
4 594 595 596 599
3 472 473 474
2 475 476
1 477
3 478 479 480
4 481 482 484 485
1 483
2 486 489
2 487 488
1 490
8 494 496 497 498 499 500 504 505
1 501
1 502
1 503
1 509
5 512 514 515 524 525
3 492 507 513
3 516 517 523
4 518 519 520 521
5 510 511 522 533 535
2 526 534
3 527 528 529
1 530
1 531
2 532 538
4 495 500 536 537
4 491 539 540 546
2 508 541
2 542 550
2 543 545
1 544
1 547
2 548 549
1 551
1 552
2 553 554
2 555 556
2 557 560
1 558
5 559 595 596 597 598
2 561 562
2 563 566
1 564
3 565 571 572
1 567
2 568 569
1 570
3 573 592 593
3 574 580 589
4 575 576 577 578
1 579
1 581
4 582 583 584 601
2 585 586
1 587
1 588
2 590 591
3 594 599 600
1 472
1 473
3 474 475 476
1 477
1 478
1 479
3 480 481 482
4 483 485 486 489
1 484
2 487 488
1 490
1 493
3 494 504 505
2 496 498
2 497 499
3 501 502 506
1 503
1 509
7 512 513 514 515 525 528 529
6 516 517 518 519 520 521
3 491 522 539
5 492 495 500 523 524
5 510 526 527 534 540
2 530 541
1 531
1 532
2 511 533
4 535 536 537 538
2 542 545
2 543 546
4 544 548 549 550
1 547
1 551
1 552
2 553 554
2 555 556
1 557
1 558
2 559 598
2 560 572
2 561 562
4 563 564 571 601
1 565
1 566
2 567 570
6 568 569 581 582 583 584
2 573 580
1 574
5 575 576 577 578 579
1 585
1 586
1 587
3 507 508 588
2 589 593
1 590
2 591 592
4 594 595 596 597
2 599 600
2 472 477
4 473 474 475 476
1 478
1 479
2 480 481
2 482 484
2 483 486
1 485
3 487 488 489
1 490
2 493 506
3 494 504 505
4 496 498 501 502
2 497 499
1 503
1 509
4 511 512 514 525
4 492 495 513 515
3 516 517 523
6 518 519 520 521 522 524
3 510 526 527
2 528 538
2 529 530
8 494 496 497 501 502 503 504 531
1 532
3 533 535 536
1 534
1 537
2 491 539
1 540
1 541
4 542 543 547 548
3 544 545 546
1 549
1 550
2 505 551
1 552
3 553 555 556
1 554
1 557
1 558
3 559 598 601
3 560 571 572
3 561 567 570
3 562 563 564
1 565
1 566
6 568 569 581 582 583 584
5 573 592 593 599 600
5 574 580 589 594 595
2 575 576
1 577
2 578 579
1 585
1 586
1 587
1 588
2 590 591
2 596 597
1 472
4 473 474 475 476
1 477
2 478 479
2 480 481
5 482 483 484 485 486
3 487 488 489
1 490
4 493 498 507 508
2 499 500
1 506
1 509
4 511 512 535 551
2 513 515
3 514 524 525
3 516 523 527
2 517 518
5 519 520 521 522 526
5 492 506 528 529 530
1 531
1 532
2 533 534
2 536 537
2 495 538
3 491 510 539
1 540
1 541
2 542 547
5 543 544 548 549 550
2 545 546
1 552
3 553 555 556
1 554
1 557
2 558 601
2 559 569
1 560
4 561 567 570 579
3 562 563 564
1 565
1 566
4 568 582 583 584
2 571 572
8 573 594 595 596 597 598 599 600
4 574 580 581 589
2 575 585
3 576 577 578
1 586
6 472 473 474 475 476 587
1 588
1 590
3 591 592 593
1 477
2 478 479
1 480
1 481
5 482 483 484 485 486
3 487 488 489
1 490
3 493 507 508
3 494 502 504
3 496 497 498
2 499 500
1 501
1 503
1 505
1 509
7 511 512 514 515 525 535 536
4 492 506 507 513
8 516 517 518 519 520 521 523 524
4 491 522 539 546
3 526 527 530
2 528 529
1 531
1 532
2 533 534
3 495 537 538
1 540
3 494 504 541
4 542 545 549 550
1 543
2 544 551
1 547
1 548
1 552
4 553 554 555 556
1 557
1 558
6 559 595 596 597 598 601
3 560 571 572
2 561 570
3 562 563 564
1 565
1 566
1 567
2 568 569
3 573 599 600
5 574 575 576 577 578
1 579
2 580 594
4 581 582 583 584
1 585
1 586
1 587
1 588
1 589
4 590 591 592 593
5 472 473 474 475 476
1 477
2 478 479
1 480
1 481
1 482
2 483 486
3 484 485 489
2 487 488
1 490
4 493 497 498 499
3 496 500 501
1 502
1 503
1 505
1 508
1 509
1 510
6 492 494 495 504 513 528
4 511 512 535 536
4 514 525 526 527
6 512 513 528 529 530 534
3 487 488 489
2 558 571
3 474 475 476
3 594 599 600
1 551
1 558
2 542 547
4 492 495 504 507
3 553 555 556
1 547
3 575 576 577
4 512 529 530 534
4 561 562 564 567
10 492 506 512 513 514 525 527 528 529 530
1 493
10 492 494 495 504 535 536 537 538 544 551
1 482
1 526
5 542 543 544 549 550
1 556
4 559 597 598 601
5 542 547 548 549 550
4 511 512 525 535
1 547
4 560 563 566 572
7 559 561 567 568 569 570 583
7 510 511 533 535 536 539 540
7 573 580 594 595 596 599 600
3 491 539 543
5 482 483 484 485 486
1 476
2 557 560
2 480 481
2 480 481
1 557
6 491 510 539 540 545 546
7 510 519 520 521 522 539 540
3 573 580 600
4 514 522 526 527
5 561 562 564 565 567
4 473 474 475 476
1 567
8 573 574 580 581 589 594 599 600
1 477
1 554
2 480 481
1 557
9 573 574 575 576 577 580 591 592 593
3 494 501 502
4 558 560 571 572
7 494 495 499 500 504 505 535
2 492 495
2 483 486
1 590
3 557 560 563
4 494 502 503 505
2 505 551
5 515 516 517 523 524
5 494 496 501 502 503
1 548
1 510
2 561 567
2 574 589
5 559 569 583 584 585
5 492 506 509 513 528
1 477
1 477
4 494 502 505 551
2 475 476
3 561 567 570
2 506 507
7 559 561 567 568 569 570 583
6 494 504 505 511 533 535
5 494 495 501 502 504
3 521 522 526
7 573 574 575 580 591 592 593
2 558 601
8 559 583 594 595 596 597 598 599
2 561 567
4 542 545 547 552
4 521 522 539 540
1 558
6 510 519 520 521 522 533
6 574 575 581 582 584 589
4 542 543 549 550
1 558
1 554
1 481
4 553 554 555 556
6 574 575 576 581 582 589
3 513 528 531
1 505
6 514 515 523 524 526 527
4 494 496 501 502
2 544 551
1 551
2 478 479
3 562 564 565
4 557 560 563 564
2 510 540
1 477
5 512 514 525 527 534
3 494 505 551
2 555 556
4 510 511 512 533
4 542 547 549 550
3 520 521 522
3 492 506 509
5 492 495 499 500 541
4 494 501 502 505
1 558
5 492 494 495 504 505
2 480 481
1 551
6 559 568 569 570 597 598
2 561 567
2 513 528
6 511 512 528 529 530 535
8 493 496 498 501 506 507 508 509
5 573 574 580 599 600
1 477
2 493 498
1 567
5 492 506 513 515 524
1 557
1 510
5 492 495 504 537 538
3 573 580 593
5 561 567 568 569 570
5 493 497 498 499 500
2 475 476
6 511 512 530 533 534 535
4 506 507 508 509
2 558 601
4 492 506 507 513
8 512 514 525 526 527 528 529 530
2 483 486
5 492 506 507 513 528
5 542 545 546 547 548
4 573 592 593 600
3 487 488 489
1 562
4 494 501 502 504
2 487 488
1 489
1 557
9 573 574 575 576 577 578 579 580 593
5 573 590 591 592 593
4 535 536 537 538
5 513 515 528 529 530
3 514 526 527
4 557 560 571 572
5 505 535 536 537 538
2 559 601
4 581 582 583 584
1 558
4 492 495 506 509
8 491 510 539 542 543 547 548 549
2 488 489
4 492 495 499 500
1 479
5 558 560 563 571 572
4 493 506 507 508
4 557 560 563 564
10 512 514 521 522 525 526 527 528 529 530
4 491 539 543 544
3 493 496 498
3 548 549 550
3 483 485 486
3 520 521 522
1 552
6 492 495 497 499 500 541
3 558 571 572
3 557 560 572
6 581 582 584 585 586 589
7 492 513 528 535 536 537 538
2 594 599
3 493 507 508
7 573 574 580 590 591 592 593
2 493 508
4 590 591 592 593
2 557 560
2 483 485
2 558 601
10 492 495 500 511 533 534 535 536 537 538
5 482 483 484 485 486
6 492 512 513 528 529 530
2 535 551
3 518 519 520
4 542 545 546 550
3 494 502 503
3 513 515 524
3 561 562 567
3 542 549 550
3 483 485 486
1 535
3 474 475 476
3 506 507 509
1 551
1 489
1 567
1 487
5 482 483 484 485 486
3 493 507 508
6 573 580 590 591 592 593
3 559 569 601
1 526
4 510 512 533 534
6 492 507 535 536 537 538
2 590 591
2 478 479
2 578 579
5 491 526 527 539 546
3 557 560 563
3 480 481 482
2 511 512
2 488 489
2 522 526
6 560 561 562 563 564 572
4 492 495 500 513
3 472 473 474
2 557 560
4 492 506 507 509
2 542 547
4 491 539 543 544
3 472 473 474
4 496 497 501 502
1 558
1 477
3 542 543 547
5 492 494 495 504 513
6 493 496 498 501 503 508
3 542 545 547
3 487 488 489
2 526 527
6 492 513 535 536 537 538
7 493 495 497 498 499 500 508
4 472 473 474 475
2 510 539
12 492 493 495 497 498 499 500 506 507 508 513 532
1 558
6 513 514 515 526 527 532
1 493
5 492 513 514 515 525
2 478 479
1 480
3 548 549 550
2 578 579
4 559 583 584 601
3 494 502 505
1 489
8 510 512 529 530 533 534 539 540
2 562 564
5 575 576 577 578 579
4 493 497 498 508
5 535 536 537 538 551
4 491 542 543 547
4 491 510 539 543
1 552
4 491 539 543 544
2 506 509
5 561 567 568 569 570
6 559 561 562 568 569 570
1 551
1 476
4 492 495 504 538
8 491 510 511 512 533 539 540 543
1 477
4 514 515 526 527
2 526 527
6 512 514 525 526 527 530
5 491 510 539 540 543
2 553 554
1 558
2 488 489
2 526 527
2 480 481
1 557
3 561 562 567
4 560 563 571 572
5 492 513 532 537 538
2 535 536
2 472 473
7 557 560 561 562 563 564 567
1 552
1 551
3 491 542 543
2 558 571
1 539
3 595 596 597
4 513 514 515 525
1 477
5 492 494 495 504 538
1 551
1 552
5 542 545 548 549 550
2 558 601
1 567
3 542 543 545
6 492 493 507 508 513 528
1 544
5 594 595 596 597 599
3 548 549 550
1 547
4 483 484 485 486
5 512 514 515 525 530
7 510 514 515 523 524 526 527
2 482 484
4 561 562 568 570
1 551
1 522
1 551
2 478 479
1 557
1 522
2 478 479
1 557
6 491 542 543 544 545 546
1 535
6 559 568 569 570 583 584
7 480 481 482 483 484 485 486
5 491 543 544 545 546
8 492 494 495 502 504 536 537 538
1 552
1 526
1 579
6 542 543 544 548 549 550
1 558
6 511 512 535 536 537 538
3 492 513 515
4 492 506 513 528
5 492 506 509 513 531
4 542 543 544 545
5 492 513 515 523 524
7 492 494 495 502 504 506 507
1 481
3 511 535 551
1 480
4 553 554 555 556
4 521 522 526 527
2 553 554
5 493 506 507 508 509
3 558 559 601
1 551
4 493 496 497 498
5 492 493 495 507 508
3 520 521 522
4 553 554 555 556
3 559 597 598
1 552
4 514 515 526 527
2 493 508
1 493
1 535
7 512 514 525 526 527 529 530
6 492 513 514 515 527 538
5 559 568 569 570 598
6 511 533 534 535 536 537
4 473 474 475 476
9 491 514 515 526 527 539 542 545 546
7 495 496 497 498 499 500 504
8 491 510 512 525 533 534 539 540
3 577 578 579
3 522 526 527
1 509
6 557 560 561 562 563 564
3 561 567 570
7 493 497 498 506 507 508 509
1 558
4 494 495 504 505
2 510 540
4 482 483 484 485
3 590 591 592
3 514 526 527
4 590 591 592 593
4 493 496 497 498
1 487
1 558
2 478 479
9 573 574 575 576 577 578 580 599 600
1 601
1 554
6 491 510 533 539 540 546
2 492 541
4 472 473 474 477
2 480 481
2 487 488
4 492 495 504 541
4 473 474 475 476
4 535 536 537 538
10 573 574 575 576 577 578 580 591 592 593
1 558
1 493
1 557
1 505
6 558 560 563 566 571 572
2 510 533
1 590
2 544 551
9 559 561 568 569 570 595 596 597 598
1 558
8 574 575 576 577 578 579 581 589
1 558
4 576 577 578 579
5 561 567 570 578 579
4 491 539 545 546
1 552
2 478 479
2 553 554
3 558 571 572
8 494 495 497 499 500 502 503 504
4 513 528 529 530
3 590 591 592
2 553 554
1 482
7 558 560 562 563 564 571 572
3 553 554 555
3 493 507 508
2 557 560
4 602 603 604 629
3 605 627 628
4 606 607 630 631
6 608 619 620 622 623 624
2 609 610
4 611 617 618 621
1 612
1 613
1 614
4 615 616 695 696
1 625
1 626
2 632 633
6 634 640 641 642 643 647
4 635 649 650 651
2 636 638
1 637
1 639
1 644
3 645 646 652
1 648
1 653
2 654 658
3 655 656 657
3 659 682 684
6 660 661 662 664 665 666
1 663
3 667 676 679
2 668 670
6 669 675 680 681 683 686
3 671 677 678
2 672 673
1 674
1 685
4 687 690 693 694
2 688 689
2 691 692
2 697 698
2 699 700
3 701 703 716
4 702 705 706 707
1 704
1 708
3 709 710 711
4 712 713 714 715
1 717
7 602 603 604 638 643 647 648
3 605 627 629
4 606 607 610 635
9 608 617 618 619 620 621 622 623 624
1 609
1 611
1 612
6 613 614 615 616 697 698
1 625
1 626
1 628
2 630 631
2 632 633
1 634
4 636 637 640 641
1 639
1 642
3 644 687 689
2 645 646
6 649 650 651 693 695 696
1 652
3 653 654 655
8 656 657 659 661 662 663 682 683
1 658
1 660
1 664
2 665 666
3 667 680 681
7 668 669 670 671 672 673 676
1 674
3 675 678 679
1 677
1 684
1 685
1 686
2 688 690
2 691 692
4 694 706 708 709
2 699 700
5 701 707 714 715 716
2 702 705
3 703 704 710
1 711
2 712 713
1 717
6 602 603 638 643 647 648
1 604
4 605 606 634 636
4 607 608 609 610
2 611 635
1 612
3 613 614 615
1 616
6 617 618 619 620 621 624
1 622
1 623
2 625 626
3 627 628 629
3 630 631 632
1 633
1 637
1 639
1 640
2 641 642
3 644 687 689
4 645 646 650 651
2 649 697
1 652
3 653 654 655
2 656 657
1 658
8 659 667 678 679 680 681 682 683
6 660 661 668 671 672 673
3 662 663 688
4 664 665 669 677
1 666
4 670 674 675 676
1 684
1 685
1 686
2 690 691
3 692 693 696
2 694 698
1 695
2 699 700
5 701 707 709 715 716
3 702 705 706
2 703 704
1 708
2 710 714
1 711
2 712 713
1 717
4 602 603 634 638
5 604 605 629 630 631
2 606 635
2 607 642
5 608 617 618 621 624
3 609 610 623
1 611
1 612
3 613 614 615
1 616
2 619 620
1 622
1 625
1 626
1 627
1 628
1 632
1 633
2 636 637
1 639
4 640 641 643 644
3 645 646 647
1 648
4 649 650 697 698
3 651 706 707
1 652
4 653 654 655 656
4 657 687 688 689
1 658
5 659 661 668 682 683
2 660 684
2 662 663
4 664 665 666 670
5 667 678 679 680 686
5 669 671 672 673 677
1 674
2 675 676
1 681
1 685
2 690 691
1 692
2 693 696
1 694
1 695
1 699
5 700 702 705 708 709
3 701 703 704
5 710 711 714 715 716
2 712 713
1 717
3 602 603 604
7 605 606 635 638 640 641 642
4 607 627 628 634
8 608 617 618 619 620 621 623 624
2 609 610
2 611 629
1 612
4 613 614 615 616
1 622
1 625
1 626
1 630
1 631
1 632
1 633
2 636 637
1 639
4 643 644 650 689
3 645 646 648
1 647
2 649 697
1 651
1 652
3 653 654 655
2 656 657
1 658
5 659 661 668 673 682
2 660 672
6 662 667 670 676 680 681
1 663
5 664 665 687 688 690
1 666
5 669 671 677 678 679
2 674 675
2 683 686
1 684
1 685
1 691
1 692
3 693 694 700
1 695
1 696
1 698
1 699
5 701 702 703 705 707
1 704
1 706
1 708
1 709
2 710 711
5 712 713 714 715 716
1 717
1 602
2 603 629
2 604 605
5 606 607 628 634 638
4 608 617 618 624
2 609 610
1 611
5 612 613 635 697 698
3 614 615 616
4 619 620 621 623
1 622
1 625
1 626
1 627
1 630
1 631
1 632
1 633
3 636 637 640
1 639
2 641 642
4 643 648 649 650
1 644
1 645
2 646 647
1 651
1 652
1 653
4 654 655 656 657
1 658
2 659 661
1 660
2 662 663
1 664
2 665 666
7 667 677 678 679 680 681 686
2 668 673
6 669 670 671 672 675 676
1 674
2 682 683
1 684
1 685
2 687 689
1 688
1 690
1 691
1 692
2 693 694
2 695 696
2 699 700
3 701 702 716
3 703 704 705
2 706 708
1 707
1 709
2 710 711
3 712 713 714
1 715
1 717
4 602 604 605 639
3 603 606 634
2 607 638
7 608 609 619 620 621 623 624
1 610
2 611 617
1 612
5 613 614 615 616 635
1 618
1 622
1 625
6 626 659 680 681 682 683
3 627 628 629
2 630 631
1 632
1 633
4 636 637 640 689
2 641 642
3 643 650 651
1 644
3 645 646 649
2 647 648
2 652 653
2 654 655
6 656 657 660 661 662 663
1 658
1 664
1 665
3 666 687 688
2 667 679
5 668 670 673 676 678
3 669 675 677
2 671 672
1 674
1 684
1 685
1 686
2 690 691
1 692
4 693 694 697 698
1 695
1 696
1 699
1 700
3 701 702 707
3 703 704 705
1 706
2 708 709
2 710 711
3 712 713 714
2 715 716
1 717
4 654 655 656 657
4 606 607 610 634
4 619 620 623 625
4 659 682 684 685
1 700
1 698
2 701 702
2 606 640
2 669 671
4 712 713 714 715
4 701 703 704 707
1 629
5 668 669 670 671 675
4 643 644 649 650
1 606
5 606 607 610 611 636
2 699 700
2 604 605
6 701 702 706 707 708 709
4 608 617 618 621
6 669 671 672 673 677 678
1 717
5 654 655 656 657 699
3 693 694 696
4 634 640 641 642
4 643 644 645 646
4 643 647 687 689
8 643 644 645 646 647 693 694 698
3 661 662 668
4 641 642 643 648
5 613 614 615 616 695
8 606 607 608 609 610 617 635 695
4 669 670 671 675
2 606 634
4 663 687 688 693
1 699
3 712 713 714
6 606 607 614 615 616 635
4 606 615 616 635
3 662 663 664
2 602 603
4 701 703 704 713
1 707
2 701 707
4 659 661 668 682
5 605 607 627 628 629
6 618 619 620 621 623 624
3 643 648 650
2 710 711
6 608 612 617 618 621 622
2 703 704
2 687 688
3 698 701 707
1 713
1 689
6 618 619 620 621 622 623
2 699 700
3 661 662 664
1 717
1 709
3 606 607 628
1 653
6 603 638 640 641 642 689
1 652
2 714 715
5 646 693 694 699 700
6 659 661 662 663 682 683
1 711
1 653
2 606 635
3 606 636 637
1 707
7 608 612 613 614 617 618 621
2 687 688
2 706 707
2 681 686
1 663
4 659 661 668 673
4 654 655 656 657
5 653 654 655 656 657
2 646 652
2 699 700
3 693 695 696
4 701 707 710 711
6 643 644 645 646 647 689
1 717
5 661 662 663 668 673
4 659 661 662 664
5 712 713 714 715 716
1 653
1 717
3 638 641 642
2 659 682
1 698
1 653
4 649 650 651 695
3 606 607 628
3 659 660 661
3 659 682 684
5 667 670 675 676 680
5 661 662 668 670 676
1 709
4 687 693 695 696
8 606 607 608 609 610 635 697 698
3 706 707 708
5 661 662 664 668 670
4 702 703 704 705
5 606 635 693 695 696
4 667 679 680 681
5 607 608 609 610 624
2 712 713
4 701 703 704 716
3 693 695 696
1 711
2 659 660
2 635 695
5 643 644 645 646 650
3 606 634 638
3 641 642 648
4 606 634 635 648
4 659 661 662 663
5 701 707 708 709 716
1 717
2 697 698
5 701 702 706 707 710
1 660
2 635 649
3 634 638 639
5 608 612 613 614 615
6 649 651 693 694 695 696
1 699
6 659 661 668 671 672 673
5 643 644 645 647 689
5 667 679 680 681 686
3 652 687 688
5 643 644 647 649 650
3 602 603 639
3 606 634 640
5 667 676 677 678 679
4 701 703 704 707
2 687 689
1 711
4 701 703 704 716
5 701 703 705 715 716
2 693 696
5 602 603 604 605 638
6 606 607 635 693 695 696
3 687 688 690
3 690 691 692
4 667 670 675 676
2 699 700
5 668 670 672 673 675
4 643 647 650 651
1 644
2 659 660
4 606 635 636 697
2 604 605
4 602 603 604 605
2 627 629
2 602 603
7 661 662 663 668 671 672 673
5 652 653 654 655 693
2 645 646
2 706 707
3 661 668 673
1 717
2 699 700
2 640 641
3 694 699 700
4 697 698 706 707
3 602 603 638
2 654 655
2 706 707
4 667 676 680 686
4 640 687 688 689
6 649 687 690 693 695 696
6 667 677 678 679 680 681
6 606 634 640 644 645 646
2 646 652
7 643 648 649 650 697 698 700
2 687 688
5 649 650 651 695 696
6 661 668 669 671 672 673
2 659 661
3 694 708 709
4 643 644 645 648
3 644 645 647
2 629 639
1 699
3 606 635 649
3 645 646 652
6 643 644 645 649 650 651
4 693 694 699 700
4 693 694 695 696
2 687 688
3 712 713 714
2 609 610
1 644
4 607 609 610 628
3 644 687 689
2 604 605
3 701 703 704
2 662 663
1 658
4 697 698 706 707
4 629 630 638 642
5 701 702 703 706 707
1 652
1 699
4 706 707 708 709
2 699 700
2 659 660
1 659
1 653
1 700
4 667 676 678 679
4 700 706 707 708
3 706 707 708
3 672 673 674
5 608 612 613 614 617
4 606 635 697 698
1 652
1 660
4 646 687 690 691
2 617 618
4 629 630 638 648
1 699
3 669 671 675
4 640 687 689 693
2 659 660
3 640 641 653
4 659 682 684 685
4 655 656 657 663
1 638
6 654 655 656 657 662 663
3 652 693 696
2 649 651
4 659 660 682 683
3 706 708 709
5 607 610 611 627 628
4 643 647 649 650
2 699 700
3 606 607 628
3 640 641 644
1 688
3 653 654 655
2 710 711
1 704
2 693 694
3 712 713 714
4 606 635 636 637
5 606 607 640 687 689
5 608 617 618 623 624
5 701 702 705 706 707
1 663
1 717
7 608 617 618 620 621 623 624
1 604
3 659 660 682
4 652 687 690 691
5 607 608 609 610 628
1 717
3 602 604 605
1 652
7 687 690 693 694 706 708 709
2 604 605
4 693 694 699 700
2 684 685
5 693 694 696 697 698
6 687 688 693 694 699 700
4 656 657 662 663
4 606 607 627 628
4 668 670 673 676
2 656 657
2 659 660
5 687 688 693 694 698
9 607 608 609 610 619 623 624 627 628
2 663 699
3 701 703 707
3 603 604 605
6 608 612 617 618 620 621
2 606 636
3 602 603 629
2 659 660
4 661 662 663 668
4 659 661 662 663
3 701 702 703
4 640 641 642 647
6 701 703 706 707 708 709
5 687 688 693 695 696
4 702 703 704 705
4 606 607 634 638
3 706 707 708
2 708 709
4 629 630 631 638
2 618 621
2 659 660
2 703 704
4 603 638 641 642
5 701 702 706 710 711
2 608 612
5 634 640 641 642 644
5 608 612 613 617 618
5 649 651 693 695 696
2 701 707
6 667 677 678 679 680 686
4 659 681 682 683
1 663
3 652 693 694
1 704
6 608 617 618 621 622 624
2 604 605
3 629 630 631
3 693 694 707
2 687 690
1 713
3 649 695 696
1 659
3 640 641 689
3 712 713 714
2 652 693
4 604 605 606 634
3 671 672 673
4 701 710 711 716
5 608 617 619 623 624
4 701 714 715 716
3 653 654 655
1 652
8 643 644 645 646 649 650 651 652
4 646 652 653 654
4 702 703 705 706
4 659 661 662 664
1 652
3 606 607 635
5 653 654 655 656 657
4 629 638 641 642
7 668 669 670 675 677 678 679
1 606
4 701 710 711 716
2 694 698
4 702 705 706 707
2 659 682
5 655 656 657 662 663
15 659 661 667 668 669 671 672 673 677 678 679 680 681 682 683
5 701 702 703 704 705
4 606 635 636 649
1 695
4 602 603 604 639
6 653 654 655 656 657 663
1 709
7 701 702 706 708 709 715 716
1 704
3 703 704 705
9 608 609 610 611 617 618 620 621 622
1 602
2 640 641
4 602 603 606 634
2 638 648
3 606 635 695
4 695 697 698 709
2 693 694
2 708 709
3 688 699 700
2 699 700
6 608 609 610 611 612 613
7 654 655 656 657 662 663 664
2 701 707
2 708 709
2 699 700
3 640 687 689
6 608 612 613 614 615 624
3 703 704 705
7 608 609 610 611 617 618 621
1 717
5 653 654 655 656 657
1 658
2 640 689
4 627 629 638 642
6 701 702 705 707 708 709
4 701 710 711 716
1 711
4 619 620 621 623
4 667 677 678 679
3 635 697 698
3 649 697 698
5 659 661 668 670 676
8 701 702 703 705 706 707 708 709
4 659 661 662 682
4 653 654 655 656
2 699 700
11 667 668 670 672 673 676 680 681 682 683 684
1 640
3 643 644 645
4 618 619 620 621
2 643 650
2 662 663
2 669 677
10 608 609 610 611 612 613 614 615 616 695
2 699 700
4 616 693 695 696
2 652 693
2 638 648
2 701 703
8 608 609 617 618 619 620 621 622
4 662 663 699 700
5 659 661 662 663 682
3 643 644 648
8 643 649 650 651 693 694 695 696
1 693
3 627 629 638
3 606 616 635
1 718
3 719 728 736
7 720 721 722 723 724 725 726
6 727 732 733 734 735 737
2 729 730
1 731
3 738 740 741
1 739
4 742 743 744 745
5 746 747 748 749 750
1 751
1 752
1 753
1 754
1 718
4 719 728 735 736
1 720
6 721 722 723 724 725 726
3 727 737 742
6 729 730 731 732 733 734
3 738 740 741
2 739 751
3 743 744 745
2 746 747
3 748 749 750
1 752
1 753
1 754
1 718
2 719 728
2 720 721
4 722 723 724 725
1 726
4 727 737 742 743
5 729 730 731 732 733
2 734 735
1 736
3 738 739 741
1 740
2 744 745
4 746 747 748 749
2 750 751
1 752
1 753
1 754
1 718
1 719
3 720 721 722
2 723 724
2 725 726
3 727 737 751
5 728 733 734 735 736
4 729 730 731 732
2 738 739
2 740 741
2 742 743
1 744
4 745 746 747 748
2 749 750
1 752
1 753
1 754
2 718 719
2 720 721
2 722 723
1 724
2 725 726
5 727 728 737 742 743
3 729 730 731
5 732 733 734 735 736
2 738 739
2 740 741
3 744 745 746
4 747 748 749 750
1 751
1 752
1 753
1 754
3 718 719 729
1 720
5 721 722 723 724 725
2 726 752
3 727 728 737
2 730 731
5 732 733 734 735 736
1 738
1 739
1 740
1 741
2 742 751
1 743
4 744 745 746 747
1 748
2 749 750
1 753
1 754
1 718
3 719 727 728
1 720
3 721 722 723
1 724
1 725
1 726
4 729 734 735 736
2 730 731
2 732 733
2 737 752
3 738 739 751
2 740 741
1 742
3 743 744 745
5 746 747 748 749 750
1 753
1 754
2 740 741
1 719
4 724 725 726 739
7 727 728 735 736 737 752 753
1 752
1 750
1 718
2 727 728
5 722 723 724 725 726
6 723 724 725 726 740 741
4 742 743 744 752
2 738 739
8 727 728 734 735 736 737 752 753
2 734 735
7 727 728 734 735 736 737 752
1 751
2 718 719
4 742 743 744 745
1 740
3 720 721 722
2 738 739
1 752
3 740 741 751
6 727 728 733 734 735 736
1 750
3 742 743 751
1 739
3 718 719 729
2 727 737
1 737
2 718 719
2 740 741
1 752
5 718 719 729 730 731
1 752
3 729 730 731
2 718 719
2 723 724
5 726 738 739 740 741
2 718 719
1 741
2 718 719
2 738 739
4 727 728 736 737
2 740 752
1 752
3 727 728 737
1 751
4 727 728 729 737
1 719
5 727 728 736 737 752
3 728 735 736
2 726 751
4 719 727 728 737
2 740 741
2 729 730
1 739
1 741
3 738 739 741
1 738
1 741
2 728 736
4 728 734 735 736
1 751
1 751
1 739
2 751 752
1 741
1 741
1 728
4 733 734 735 736
1 750
1 739
1 751
5 728 733 734 735 736
1 751
1 751
4 728 734 735 736
1 750
1 750
3 492 495 507
4 255 270 271 272
