536 2790
7 48 49 50 58 69 72 78
6 466 474 482 484 488 490
1 518
2 532 536
2 437 459
6 220 221 224 226 228 230
2 433 460
1 216
10 519 521 522 523 524 525 529 531 535 536
2 56 64
7 473 475 477 482 489 491 492
1 353
5 147 148 149 157 161
8 148 150 153 163 165 166 167 177
6 120 121 122 124 132 143
8 114 115 117 126 128 129 133 137
3 48 61 68
6 150 165 166 169 172 176
1 328
1 500
2 158 168
2 443 460
2 520 532
2 201 211
1 352
1 118
1 231
4 519 524 535 536
1 273
4 205 206 208 210
2 288 314
2 288 321
2 112 140
5 151 158 164 165 166
9 341 342 344 346 348 350 351 352 353
5 87 93 100 108 111
8 23 25 29 30 43 44 45 46
2 152 164
2 411 428
1 216
1 353
2 524 530
3 1 8 12
1 426
3 465 475 479
1 93
8 256 260 262 269 270 279 281 284
3 433 442 448
2 423 430
4 81 82 86 89
2 413 425
1 185
4 156 157 165 176
1 164
3 52 61 62
6 178 180 182 190 198 199
6 149 152 159 164 170 173
4 497 502 509 514
1 321
7 494 500 501 509 510 516 517
9 114 116 118 121 132 135 138 140 144
1 226
6 178 180 183 185 188 191
1 90
4 50 55 61 64
5 150 154 161 169 177
2 230 231
4 236 237 240 253
1 352
7 398 403 405 409 418 423 424
6 298 300 306 309 310 318
5 17 20 21 25 38
6 441 448 449 452 454 458
4 219 222 230 231
2 11 12
2 48 78
5 348 350 351 353 357
2 97 100
1 84
4 507 513 515 518
3 496 512 513
2 506 511
6 464 467 468 474 481 483
7 363 366 370 371 380 381 397
1 6
7 85 90 93 96 103 105 107
3 527 531 532
3 18 30 35
7 20 21 28 30 35 37 46
5 493 495 501 505 517
2 299 311
2 332 339
2 374 389
3 259 265 272
6 463 472 473 477 488 491
3 375 388 389
6 203 205 206 207 214 217
1 446
8 17 26 27 30 31 34 35 38
3 245 250 252
3 1 2 16
4 365 373 376 381
5 154 160 168 172 173
1 407
8 323 325 329 332 333 335 336 337
4 115 118 126 127
2 399 411
1 230
4 181 182 194 199
3 27 41 44
5 200 201 208 212 214
2 205 216
2 54 70
3 419 427 429
2 300 320
5 234 235 240 243 251
1 226
1 521
3 349 352 356
1 498
4 398 406 416 425
9 369 377 378 379 383 385 387 390 391
4 407 414 426 431
5 209 213 214 215 216
3 493 510 513
5 323 325 327 336 337
2 519 530
3 237 243 252
11 19 20 21 22 23 24 29 32 44 45 46
4 202 210 212 213
1 485
6 465 470 478 479 484 488
2 441 446
6 120 122 133 134 138 143
8 112 116 119 125 129 132 141 144
2 326 336
5 289 290 291 295 310
1 416
4 147 149 154 169
2 205 206
1 219
7 79 85 87 96 99 102 110
1 210
1 432
3 343 353 355
2 4 6
1 40
6 322 326 334 336 337 338
5 85 91 94 102 103
9 19 23 25 26 27 31 33 34 37
2 527 532
7 435 445 449 450 453 456 458
1 528
6 287 289 293 295 303 312
5 435 442 445 447 459
2 206 214
3 80 84 111
1 230
3 347 348 354
1 174
7 179 183 184 187 188 195 196
3 220 224 227
4 296 303 312 313
4 218 219 224 227
5 440 443 444 450 456
7 183 184 189 190 193 194 197
3 84 90 96
2 264 273
7 494 497 510 511 512 514 517
3 84 85 88
5 322 326 327 337 340
3 124 125 136
2 55 61
1 332
7 359 365 375 376 383 390 395
5 342 343 350 353 354
7 112 116 119 125 129 132 138
4 343 346 351 356
6 205 208 210 211 213 217
4 179 181 190 194
2 325 333
1 354
6 468 469 471 477 483 484
6 153 160 166 167 168 176
1 294
1 473
3 53 57 59
5 87 92 93 97 102
2 348 349
1 267
1 201
3 500 506 517
4 345 351 354 355
3 179 191 194
6 119 122 126 129 135 140
2 322 329
8 112 113 115 116 119 136 138 140
1 209
4 506 510 513 518
3 86 92 104
8 322 323 324 327 328 329 336 340
7 49 60 61 64 69 74 77
2 496 516
5 1 2 3 7 13
1 287
2 523 525
2 346 352
2 404 427
2 294 302
7 256 264 266 271 273 276 281
6 90 91 92 95 96 102
6 288 299 306 310 315 318
2 524 526
11 48 50 51 53 54 58 63 67 70 71 72
4 56 62 74 77
8 116 118 123 125 127 132 138 145
2 501 516
4 322 323 325 336
2 170 176
4 156 157 161 176
1 322
1 174
3 290 299 311
4 193 196 198 199
4 124 134 139 146
1 460
2 368 393
4 271 273 277 282
2 6 11
8 154 158 160 168 171 172 173 176
6 235 242 244 248 252 253
6 180 183 189 190 194 196
6 471 473 477 479 480 486
3 260 279 282
10 2 5 6 8 9 10 11 12 13 15
3 509 516 517
2 219 220
3 95 96 102
6 303 308 312 314 317 318
2 346 348
3 201 202 203
4 520 521 524 527
4 86 95 100 106
3 51 67 73
7 19 24 26 29 36 37 46
1 137
1 527
7 341 345 346 348 350 353 357
6 463 468 472 473 474 486
3 496 503 504
5 463 478 482 488 490
2 455 457
4 287 289 316 317
1 12
2 187 196
2 52 74
1 195
1 317
4 469 470 474 475
2 235 244
6 237 240 243 250 251 253
1 512
3 117 130 142
1 221
1 94
2 285 317
1 352
2 60 64
1 531
3 304 313 320
10 47 50 51 53 55 59 62 67 72 77
2 525 527
4 180 192 194 195
3 263 265 276
1 187
1 421
6 322 324 327 332 334 335
3 258 267 270
3 256 258 274
2 351 353
1 461
8 254 261 267 268 276 278 281 282
5 148 157 163 169 177
3 1 4 6
1 244
3 407 419 425
5 463 471 480 481 485
6 433 434 440 442 450 451
2 200 210
5 237 240 241 243 246
4 234 239 242 245
7 114 120 123 130 135 143 145
1 185
4 128 129 143 146
3 23 26 46
1 39
1 466
8 471 472 473 476 480 482 483 486
1 533
2 163 170
8 325 326 329 330 331 332 333 338
1 350
4 411 416 431 432
6 50 55 63 65 74 77
3 406 422 428
2 524 534
2 305 308
4 465 467 488 490
1 461
9 17 24 25 26 27 29 30 31 34
4 200 204 206 215
5 434 446 449 453 456
7 465 472 475 482 486 490 492
2 219 224
1 110
3 520 529 533
7 53 57 61 64 67 73 78
4 20 25 28 39
2 329 330
2 434 441
6 398 407 416 420 427 430
1 100
8 83 84 88 91 98 101 103 107
6 369 377 381 383 387 388
2 221 232
3 57 70 72
5 112 113 117 119 131
5 417 421 423 426 429
1 303
1 249
2 345 357
3 500 506 516
1 346
1 309
6 115 125 134 138 139 141
7 344 345 348 354 355 356 357
1 484
3 406 408 413
2 203 204
6 288 290 297 311 315 317
8 434 438 452 453 454 456 461 462
2 4 10
7 258 264 265 272 274 277 280
6 200 204 207 209 213 216
2 79 87
2 215 216
6 287 288 304 305 306 313
1 527
4 435 437 438 444
4 264 268 270 279
4 8 9 10 12
7 49 56 57 59 64 69 78
1 214
1 260
1 248
1 524
2 7 12
10 17 18 24 33 35 36 38 40 41 43
6 324 326 328 331 337 338
1 439
2 189 196
2 131 138
5 468 469 474 483 492
6 113 123 126 131 141 142
1 182
7 466 469 473 476 478 487 491
10 322 323 326 327 328 330 333 335 337 338
5 219 223 229 230 232
3 116 140 146
3 147 161 167
8 202 203 207 209 210 212 216 217
3 147 157 166
4 84 98 103 107
9 2 4 6 9 10 11 13 14 15
8 255 259 263 266 268 273 277 280
8 497 498 499 500 507 511 516 518
6 522 524 528 530 534 535
6 436 437 449 452 453 462
5 234 238 243 246 252
6 254 263 264 268 270 271
6 219 222 225 226 229 232
8 359 360 362 366 367 376 381 384
5 500 501 510 512 516
2 506 510
2 502 505
3 520 529 533
1 1
5 2 3 4 11 15
2 8 13
6 61 65 70 73 76 77
1 350
2 21 24
3 412 418 431
8 18 20 25 27 29 37 44 45
5 114 125 126 135 138
1 352
6 180 181 183 190 194 196
3 155 158 177
3 465 475 484
2 33 35
5 149 151 168 170 172
2 192 199
4 219 220 227 232
1 338
1 102
6 256 257 258 265 271 274
1 94
3 99 100 102
6 470 474 481 487 489 491
6 28 29 32 36 37 46
3 182 185 189
2 237 243
2 201 207
6 341 344 346 349 350 351
4 258 264 278 280
2 148 173
1 334
7 256 260 262 269 270 281 284
6 497 499 506 508 514 516
6 234 240 244 246 247 248
7 342 343 345 347 348 351 353
2 185 198
4 325 329 332 338
3 94 96 99
1 408
6 507 509 512 513 516 518
3 2 12 15
1 192
1 225
7 359 361 362 363 368 370 381
3 191 192 198
3 82 95 105
1 354
1 425
1 389
2 342 356
4 464 465 479 481
2 179 187
4 322 324 328 337
8 150 154 155 160 162 169 174 176
6 182 187 188 190 196 199
5 470 481 487 489 491
2 201 211
5 399 406 416 428 429
5 358 363 366 370 374
4 59 62 74 76
3 83 93 106
4 147 150 161 166
4 227 228 230 232
4 364 366 367 385
6 295 300 313 317 320 321
1 228
4 150 151 173 176
1 159
5 470 478 479 484 488
2 355 357
3 237 240 243
1 418
4 436 456 459 460
8 182 183 184 185 193 194 197 198
1 179
5 519 525 527 533 536
5 372 389 390 391 393
2 226 227
8 17 22 25 33 37 42 43 45
4 179 182 187 197
6 152 155 166 168 172 173
1 222
5 22 27 33 34 38
3 350 351 353
2 3 5
1 224
3 324 336 340
6 493 506 508 513 515 518
3 219 229 230
14 47 48 50 51 53 54 58 59 63 65 67 70 71 72
1 193
10 150 153 154 155 157 159 162 163 166 168
1 436
3 116 117 133
5 220 224 225 230 232
1 347
3 344 349 355
3 186 189 196
1 232
2 62 74
5 401 403 411 418 424
9 79 80 87 89 91 92 103 107 109
1 455
1 482
5 471 473 477 479 486
1 533
5 200 204 209 211 217
4 341 347 353 354
1 164
5 22 29 32 36 38
1 209
1 532
6 151 156 163 164 165 175
10 463 466 472 473 475 479 484 488 490 491
6 201 202 204 206 214 215
4 5 8 12 15
2 204 210
2 248 250
2 229 232
2 345 354
2 82 103
3 470 483 489
2 267 280
3 520 527 531
3 2 9 14
3 218 224 226
2 23 46
6 159 161 162 164 172 173
5 80 87 92 103 106
6 9 10 11 13 14 15
6 287 292 294 300 313 314
7 180 181 183 186 190 194 196
8 81 84 97 98 99 106 108 111
4 50 53 55 75
2 526 534
3 403 409 413
5 156 158 167 172 174
2 345 356
1 170
3 501 506 518
3 4 10 15
4 464 467 468 481
5 234 237 242 245 247
1 180
6 433 434 435 450 452 457
3 236 245 251
1 78
5 438 439 445 446 462
2 66 77
2 404 417
4 441 450 453 460
1 325
2 55 64
3 306 316 317
3 1 6 16
1 344
2 154 155
7 257 263 265 266 271 272 276
2 416 428
3 81 82 109
4 437 446 450 461
1 96
9 254 256 257 260 268 269 273 276 283
2 202 204
6 2 3 4 6 7 9
9 288 291 292 301 307 308 310 311 320
2 405 430
1 461
2 528 530
1 262
2 101 111
3 178 196 198
2 524 525
4 442 449 453 455
6 341 343 344 349 352 355
8 288 291 294 301 302 304 308 317
8 235 237 240 241 243 245 250 253
2 92 104
2 88 96
3 495 507 513
9 292 293 298 302 304 310 315 319 321
3 519 530 534
1 515
1 482
5 497 502 506 509 514
1 417
1 225
3 120 143 146
4 285 305 314 316
5 341 347 348 349 351
1 284
2 273 284
1 6
5 257 260 263 271 276
6 465 467 475 482 489 492
2 521 531
1 65
2 51 72
4 47 58 68 69
3 344 349 353
7 256 257 261 262 264 275 278
5 255 265 271 281 282
1 207
2 341 349
2 464 483
1 396
2 446 461
1 421
3 502 505 509
1 54
8 342 346 348 351 352 353 356 357
1 455
4 438 443 446 461
3 323 325 329
7 465 472 473 480 481 487 490
1 457
3 97 101 105
6 256 265 267 278 281 283
5 370 375 383 388 392
2 70 78
4 442 447 451 462
1 411
4 347 348 349 353
10 113 116 122 125 133 134 136 137 139 144
3 188 194 198
4 366 370 383 395
1 327
3 181 186 191
1 362
3 201 208 212
3 56 60 74
4 521 523 533 536
10 47 51 56 57 59 60 62 74 75 76
2 113 130
4 324 333 337 340
5 523 526 528 532 536
8 494 495 496 497 500 503 512 518
5 2 5 11 15 16
12 19 20 21 22 23 24 29 32 39 44 45 46
3 324 329 338
4 90 97 102 107
4 398 422 423 424
2 85 88
3 26 36 43
8 463 466 467 474 479 487 488 492
1 227
2 366 371
1 15
1 388
6 153 154 156 158 174 175
5 367 376 377 378 382
1 483
6 359 372 374 383 386 389
2 82 92
6 256 264 266 271 273 276
7 58 59 65 67 69 71 76
1 532
1 213
6 2 4 8 10 12 15
6 237 240 243 248 249 250
4 344 346 348 357
1 523
5 218 222 224 225 229
1 299
2 28 44
2 62 75
6 81 82 91 94 102 108
5 85 87 94 97 100
7 18 21 23 33 37 38 41
2 423 427
2 324 335
1 473
3 236 238 240
2 94 97
9 494 499 500 504 506 508 514 517 518
2 241 249
10 254 258 260 263 265 270 272 280 282 283
4 120 128 142 143
2 7 13
3 398 416 425
4 343 348 353 357
1 213
5 114 115 116 124 141
1 479
6 83 84 92 97 98 100
1 201
1 66
2 291 297
10 364 372 377 382 387 390 392 393 394 397
1 345
3 54 60 68
3 50 51 67
4 238 242 243 248
7 147 149 152 154 159 163 171
2 214 217
4 125 131 139 141
4 47 56 64 65
4 79 94 97 101
3 446 456 461
2 463 482
1 150
10 81 83 88 90 93 95 98 104 109 111
3 524 528 532
5 147 150 155 159 162
6 49 50 54 57 61 72
2 409 417
4 520 523 529 536
9 433 434 439 440 441 452 454 457 462
2 341 342
1 401
2 237 253
5 24 31 32 34 38
4 20 23 28 32
5 493 500 503 507 517
2 84 88
4 117 118 132 139
2 499 510
4 179 189 193 197
1 176
6 264 268 270 274 275 279
1 529
1 50
1 301
2 12 14
8 48 50 55 62 64 71 72 75
5 342 347 354 355 356
2 378 384
6 185 187 188 193 195 196
8 254 255 258 269 274 277 279 283
4 322 333 336 340
1 341
3 427 428 430
5 179 181 190 191 194
3 472 473 480
6 121 128 129 142 143 146
1 7
1 224
3 527 531 536
1 345
5 206 207 213 216 217
2 344 352
5 367 370 379 389 393
6 50 54 55 65 67 73
3 7 15 16
1 78
1 55
4 204 206 208 216
3 238 245 250
8 147 155 160 162 171 173 174 175
1 81
5 86 97 101 105 110
5 1 3 5 12 15
6 324 325 326 327 328 334
1 352
1 235
5 1 3 9 10 12
10 18 24 27 31 34 37 38 39 43 45
2 86 92
3 273 275 279
2 510 518
3 33 36 45
4 186 191 194 195
1 200
1 516
3 125 135 137
6 47 61 64 66 71 75
5 342 343 348 355 356
7 285 286 287 291 293 297 308
4 186 190 197 199
6 257 263 265 271 272 276
3 3 11 15
3 329 333 339
6 18 23 34 35 41 45
7 1 5 8 9 10 11 14
3 156 162 167
1 218
4 221 228 229 230
2 223 225
3 202 209 215
6 325 328 330 336 337 339
6 469 471 476 477 489 490
4 255 262 269 284
1 403
6 292 293 299 301 305 321
1 198
7 1 3 7 9 13 14 15
7 464 469 470 476 477 478 490
2 18 38
10 434 438 442 444 449 451 452 457 459 462
5 52 53 65 68 75
2 156 167
10 218 219 221 224 225 226 227 229 230 232
2 21 38
4 113 131 134 144
4 441 451 458 460
5 288 289 297 303 311
9 47 48 50 51 64 71 76 77 78
5 234 245 249 252 253
4 475 478 486 491
7 233 234 244 245 246 247 251
1 271
2 463 482
5 115 116 130 138 139
1 409
3 3 13 14
1 164
4 48 50 51 64
3 224 226 230
4 158 161 166 173
3 344 348 356
3 20 21 25
6 147 150 155 159 161 162
2 212 215
5 434 435 442 445 447
8 495 496 497 499 501 506 507 508
2 529 535
5 149 164 165 166 168
1 447
6 218 223 224 225 226 230
5 179 185 189 192 195
10 149 151 157 160 163 167 168 169 170 172
4 2 7 11 12
8 19 22 24 26 27 34 41 45
9 521 522 523 524 525 528 530 534 535
3 246 249 253
13 358 360 362 364 365 372 378 382 387 392 393 394 397
1 352
2 421 423
1 347
1 449
10 341 343 344 345 346 349 350 351 353 354
7 116 119 123 128 133 141 143
5 222 225 226 230 231
8 82 84 95 96 103 105 106 111
1 127
5 346 348 353 354 355
5 343 349 350 352 356
2 126 145
1 343
2 155 170
6 233 242 243 245 246 251
6 221 222 224 226 230 231
1 191
3 344 345 346
3 495 502 515
5 259 261 263 278 280
9 124 125 126 127 134 137 139 142 146
5 218 221 228 229 230
5 203 205 207 210 216
1 197
3 323 336 339
2 227 232
3 255 265 277
1 167
3 444 456 457
3 201 202 208
1 193
3 342 345 352
2 219 231
1 41
3 332 333 336
1 192
4 519 521 525 526
2 266 275
6 121 125 128 131 134 141
2 526 528
2 189 195
9 285 286 291 292 296 307 308 319 320
3 446 449 452
1 202
5 520 522 527 530 533
4 21 23 25 43
3 151 152 169
3 178 180 183
5 153 154 158 174 175
4 358 365 371 376
5 112 133 136 137 139
2 413 417
2 121 142
6 286 291 298 306 307 315
1 3
3 2 6 9
6 234 235 243 248 250 251
1 86
3 200 207 211
2 465 475
4 53 70 72 74
7 47 60 63 68 71 76 77
8 233 238 240 243 246 247 251 252
10 433 434 438 444 445 446 448 449 456 457
5 220 221 224 225 230
2 226 227
1 219
1 525
9 358 373 378 379 380 382 384 386 390
1 212
2 20 25
1 417
3 200 208 209
1 6
4 287 295 299 313
5 262 268 270 279 284
2 202 203
1 326
2 131 141
4 328 331 335 339
1 215
5 83 91 101 103 107
4 6 12 13 16
6 161 162 166 171 174 175
2 341 351
5 19 28 30 39 42
4 254 266 273 281
3 240 245 252
6 48 64 71 73 75 76
2 52 57
7 435 437 451 453 459 460 462
1 123
4 183 192 194 196
2 411 416
5 204 208 209 210 216
5 201 202 206 211 214
4 258 265 269 273
6 401 402 406 411 415 432
6 92 96 98 102 106 110
6 323 330 331 334 335 338
1 127
1 530
2 237 239
2 89 94
4 497 499 514 515
2 227 229
1 198
1 491
1 207
8 463 470 473 475 477 485 486 490
3 204 205 213
1 244
1 84
4 466 467 481 492
5 366 375 376 379 391
6 147 149 156 168 169 172
4 293 299 300 321
1 469
2 202 216
3 304 305 313
2 331 333
6 18 21 22 29 37 39
4 79 92 98 100
1 249
1 82
1 337
6 343 344 345 346 349 352
4 220 224 227 231
6 359 363 367 371 379 381
2 236 250
4 300 309 311 317
3 153 164 176
1 215
3 373 379 384
4 286 302 305 317
2 379 384
10 47 53 54 56 59 60 61 62 65 72
6 79 80 86 87 95 105
4 359 367 369 387
2 299 311
1 531
5 52 55 60 67 71
1 495
6 151 157 160 162 166 169
4 519 524 528 531
6 363 366 370 380 381 397
5 200 203 205 211 216
2 219 220
3 52 57 65
1 74
7 328 331 332 336 338 339 340
5 124 127 134 137 142
2 117 119
1 24
5 17 18 22 27 40
1 467
4 1 5 10 13
5 80 84 91 101 111
6 401 406 408 411 430 432
3 505 512 515
1 326
6 1 3 5 7 10 12
5 494 502 503 506 513
1 222
4 219 222 227 230
3 202 211 213
1 40
4 99 102 104 108
2 473 480
9 433 439 441 445 447 451 453 455 462
2 440 459
4 305 310 313 318
7 465 467 477 478 481 487 488
3 524 526 535
3 116 131 137
7 150 152 166 168 171 174 176
3 406 417 423
3 22 28 45
3 482 485 486
5 520 522 532 533 535
2 152 165
6 83 85 91 93 101 102
4 257 266 275 283
1 443
4 519 524 526 532
8 464 465 466 467 469 470 480 485
2 464 488
2 58 70
4 233 242 243 245
2 469 473
3 410 418 428
1 15
4 128 142 143 146
5 521 522 526 527 536
2 510 511
6 469 470 472 474 475 478
6 17 18 34 36 43 46
4 466 471 477 482
6 1 2 9 12 14 16
6 255 257 262 269 278 279
3 83 95 100
3 236 249 251
2 17 33
4 291 294 318 320
3 442 447 458
4 158 161 173 175
2 129 133
1 36
4 519 520 534 536
8 465 466 467 477 480 482 489 492
2 294 295
2 81 108
5 208 209 210 216 217
2 11 15
2 10 15
1 21
1 246
1 456
5 368 389 391 392 393
2 375 396
2 86 103
1 536
1 232
4 202 209 210 212
6 293 294 297 299 313 314
4 49 62 69 75
1 447
4 290 299 301 311
10 260 261 262 266 267 268 269 273 276 284
7 434 436 449 450 454 456 459
6 2 5 7 8 9 12
2 85 94
5 118 122 128 141 144
4 401 410 428 429
4 463 486 489 492
3 240 244 253
1 404
5 466 470 476 484 486
7 465 471 472 474 480 489 491
3 522 527 528
1 396
4 179 185 187 195
2 234 248
4 200 204 212 217
1 178
5 150 152 166 173 176
3 23 32 35
2 500 509
3 94 98 111
13 285 288 290 293 299 302 303 305 306 309 310 316 319
2 525 528
1 175
10 341 342 343 344 347 348 351 353 354 357
8 433 435 436 441 445 455 460 461
2 524 525
4 114 135 143 145
2 154 169
7 468 470 472 474 477 480 485
1 10
2 520 529
8 17 22 23 27 31 32 40 44
4 19 33 35 46
1 344
5 112 119 122 124 131
1 501
8 19 22 30 33 34 38 43 44
7 19 22 24 26 29 32 42
6 179 184 185 188 189 198
2 247 252
1 31
4 433 443 448 459
10 114 115 116 117 126 128 129 132 133 137
7 79 81 82 86 96 102 105
3 362 374 391
4 19 21 24 41
2 190 191
5 235 243 244 246 250
1 202
10 493 496 498 500 501 502 504 507 510 513
2 201 208
1 223
2 113 118
6 468 474 475 484 486 490
2 351 355
1 11
2 147 167
7 406 410 411 415 421 424 432
6 519 520 521 529 530 535
3 190 197 198
1 250
5 494 496 508 513 518
2 410 420
1 208
4 300 301 309 311
2 66 69
6 287 289 293 295 302 303
3 55 64 67
4 323 327 328 329
1 28
3 156 163 170
4 151 159 164 167
1 189
4 81 89 93 108
2 219 220
1 238
6 117 123 125 134 141 143
5 200 205 206 207 210
5 341 343 349 352 357
3 326 330 337
2 222 228
2 59 61
1 535
1 106
7 463 465 468 469 473 477 490
2 137 145
3 499 504 510
10 53 54 59 60 61 63 64 67 72 76
1 478
6 182 183 185 192 196 199
3 263 279 284
1 206
4 17 34 40 46
2 218 221
4 521 528 529 533
1 4
6 463 466 469 470 471 475
2 515 516
6 180 185 187 190 197 199
4 303 308 313 321
4 115 117 136 139
4 342 349 353 354
6 296 297 299 303 312 313
4 369 373 376 380
2 234 251
5 178 181 189 190 199
3 434 436 445
1 283
4 400 418 424 429
2 191 199
2 366 370
1 348
3 326 329 332
1 102
1 206
3 473 474 484
1 367
8 398 402 409 410 414 418 420 422
2 98 104
3 519 524 525
2 358 390
7 433 435 439 447 449 451 459
1 492
2 487 492
3 526 529 531
3 495 498 517
2 5 12
3 99 104 108
5 495 503 510 512 514
3 237 248 252
2 244 247
2 81 94
6 202 203 207 208 211 215
5 402 417 422 424 428
4 88 100 101 105
6 114 123 125 138 144 145
1 534
3 498 512 513
3 261 267 272
4 473 474 478 492
1 346
7 112 113 118 123 125 131 138
1 215
5 178 188 189 192 198
4 79 87 91 111
2 520 530
2 211 212
2 277 284
4 18 31 33 34
1 117
6 324 327 330 331 333 335
4 523 526 531 534
5 473 476 477 482 487
4 239 241 242 244
5 341 342 343 345 348
2 162 167
3 350 354 357
7 500 501 504 505 507 508 518
1 30
2 389 395
4 205 207 213 215
6 183 185 187 194 195 197
3 328 331 335
3 82 90 92
3 324 327 332
7 82 85 86 94 99 103 110
5 296 297 299 303 313
1 8
5 80 81 84 87 89
7 200 205 208 210 211 215 216
10 149 150 152 153 155 159 160 163 171 176
6 494 505 508 509 517 518
5 438 440 444 452 458
1 240
1 63
7 400 405 408 412 420 424 432
1 349
3 159 168 171
7 434 438 441 451 452 455 456
1 446
4 323 330 333 336
2 344 356
2 82 106
2 226 232
6 523 529 530 531 535 536
6 218 222 224 225 226 230
1 195
3 158 159 176
8 341 343 345 346 348 349 351 354
4 85 91 104 106
5 21 24 36 39 43
2 527 531
4 219 222 227 231
2 205 213
3 4 6 13
9 258 262 263 264 265 266 271 276 284
2 344 347
3 519 524 534
7 287 289 293 295 302 303 312
1 348
4 467 476 487 490
6 222 224 225 228 229 231
1 174
2 114 137
6 113 115 119 136 138 140
1 330
6 255 258 261 277 278 281
1 236
2 11 15
7 399 407 412 419 425 426 427
3 179 191 194
1 179
1 171
4 202 204 215 217
2 218 227
2 17 30
1 132
2 466 474
2 155 158
3 522 524 532
1 93
2 436 460
4 502 504 506 508
1 466
3 127 132 146
1 8
2 295 316
3 347 349 353
3 221 231 232
3 345 354 357
2 504 514
1 524
1 151
2 86 92
1 180
6 233 236 242 243 250 253
1 357
3 503 508 516
2 444 462
2 398 406
7 368 369 373 377 386 388 391
4 148 154 168 175
2 310 319
6 285 294 302 306 310 314
7 83 88 91 98 101 103 107
1 322
1 219
1 244
9 81 83 85 87 88 92 97 104 105
1 439
4 184 186 194 199
6 286 291 293 297 304 308
3 435 448 456
1 80
4 323 327 333 340
1 205
1 536
9 435 437 439 443 445 446 449 453 454
2 299 301
2 415 421
4 343 350 356 357
4 183 184 188 195
8 364 366 367 369 372 385 393 397
1 535
4 237 241 243 247
3 204 207 215
6 494 495 496 497 512 517
3 88 97 102
1 217
5 200 201 204 211 215
3 4 7 10
4 132 135 140 144
4 51 52 64 78
1 374
1 498
2 156 167
1 491
3 129 131 133
7 26 29 33 34 36 37 41
5 364 372 373 386 390
2 329 338
1 120
2 9 15
4 254 255 271 282
3 203 208 216
5 203 204 211 216 217
3 48 54 63
2 285 309
2 341 342
5 463 464 469 487 489
4 79 96 99 102
3 152 168 173
3 520 527 532
5 18 19 29 45 46
1 61
1 43
1 282
5 65 66 68 73 75
1 96
2 83 106
6 18 24 26 28 37 40
3 152 155 173
4 79 96 99 110
8 153 155 159 165 168 173 174 177
1 478
6 400 403 415 425 426 430
5 292 311 312 314 318
2 522 524
3 235 242 248
4 33 36 41 43
4 90 92 108 111
6 79 85 104 106 109 110
5 147 160 167 170 177
1 40
4 28 29 44 46
3 496 512 515
1 269
1 193
5 470 472 474 475 478
4 201 205 209 212
2 158 161
3 483 484 492
1 523
3 188 194 198
1 220
5 200 201 204 211 217
4 300 306 309 318
2 113 129
10 434 436 437 441 448 450 451 455 457 462
1 274
1 214
3 496 499 515
1 152
3 188 196 197
6 158 160 161 165 172 175
6 290 291 292 301 310 314
2 449 458
4 124 128 143 144
2 11 15
1 95
1 461
6 358 362 365 369 388 394
8 49 61 66 67 69 70 72 73
2 502 506
1 14
1 496
3 294 317 320
4 203 206 207 214
3 181 191 198
6 399 405 421 423 427 431
4 507 509 512 513
1 346
1 90
1 520
4 361 371 388 397
2 98 111
7 20 21 22 23 39 44 45
4 52 65 68 75
5 259 262 265 266 269
1 485
1 451
2 123 127
1 447
7 18 25 26 27 32 33 37
1 499
1 2
3 86 92 97
10 519 522 524 527 529 530 531 534 535 536
5 200 203 204 207 217
8 24 26 29 33 34 36 41 42
1 294
5 403 409 411 418 421
2 286 318
1 6
2 471 485
3 156 170 171
9 117 120 123 128 130 133 134 138 142
2 504 512
2 528 529
3 1 8 10
1 98
1 177
2 346 349
2 521 528
3 59 65 66
5 345 349 351 354 355
6 403 404 406 419 421 423
4 519 526 530 535
6 117 130 131 137 145 146
2 498 508
2 499 517
4 29 37 38 46
5 184 193 195 198 199
1 113
3 185 192 198
5 240 243 246 249 252
4 24 31 38 46
2 219 232
4 499 507 508 516
7 23 24 32 34 37 43 46
4 2 3 8 13
3 255 271 275
2 287 296
2 300 315
5 2 6 8 15 16
3 79 84 110
4 341 343 347 351
6 219 220 223 229 230 231
9 47 48 54 60 68 69 73 76 78
1 288
3 501 504 512
3 115 116 138
2 337 339
4 182 188 194 199
2 289 314
9 369 370 373 374 377 378 388 389 395
3 493 499 502
1 208
5 112 113 124 134 141
2 532 533
2 406 429
3 495 504 509
2 346 347
7 470 472 477 479 484 488 491
4 49 61 66 78
1 199
5 203 207 210 211 212
2 528 533
1 212
2 179 187
2 148 171
1 331
3 54 59 63
1 152
2 20 28
3 134 144 145
1 508
5 345 347 349 354 356
1 16
3 94 99 103
4 301 309 311 317
4 240 247 249 252
2 8 15
4 147 152 161 167
6 222 223 226 229 231 232
9 79 85 90 94 99 104 106 110 111
5 233 239 242 244 246
6 158 160 168 171 172 176
4 119 132 144 146
11 19 20 21 22 23 24 29 32 39 44 45
2 30 42
4 497 502 509 518
4 349 351 356 357
5 158 165 166 174 175
1 123
5 288 296 297 310 313
8 18 23 27 31 34 38 39 41
2 509 514
2 328 336
4 412 418 423 431
2 188 197
2 115 123
4 465 468 476 492
2 330 337
2 26 38
12 286 287 288 292 293 298 302 304 310 315 319 321
7 286 287 292 294 299 312 313
4 1 4 7 12
2 519 520
2 66 76
1 10
4 258 260 262 263
6 288 289 301 309 315 318
6 285 288 289 303 318 319
2 3 12
3 163 164 172
5 322 326 329 333 340
5 520 525 527 529 535
2 219 231
5 495 497 505 512 517
1 241
3 238 241 244
2 353 357
4 329 330 333 335
8 464 466 468 476 481 483 484 489
3 2 5 9
5 56 60 62 74 77
6 204 205 207 211 214 216
4 156 163 170 171
2 447 459
1 115
4 29 30 31 34
2 437 449
3 384 385 394
2 246 249
1 348
4 469 473 477 491
2 270 280
1 331
1 330
3 298 315 317
3 288 298 308
4 117 120 135 139
6 287 289 293 295 303 312
5 466 470 473 485 490
2 180 190
2 522 526
2 299 304
1 232
5 257 259 261 273 275
4 58 67 73 77
5 201 205 206 207 213
4 23 32 33 37
1 509
1 215
1 130
3 205 213 215
5 218 222 224 225 232
1 346
1 457
9 200 204 205 207 208 211 212 214 217
3 322 324 336
5 328 332 334 338 340
1 251
5 285 288 293 303 305
5 178 187 189 193 196
1 529
10 399 400 401 403 414 416 419 420 428 432
2 328 340
4 184 186 188 199
1 8
1 307
1 326
3 147 152 161
5 292 294 296 306 310
6 185 192 193 195 196 199
4 120 130 135 145
5 85 86 92 106 108
8 19 22 24 26 27 34 41 44
1 531
1 50
4 53 57 70 74
2 227 228
3 8 10 16
1 219
2 404 410
1 472
1 517
5 343 344 347 350 353
3 120 127 133
1 12
3 464 479 485
2 234 251
3 401 404 407
2 90 100
6 405 406 408 412 418 419
2 202 217
3 191 194 198
5 398 403 407 414 422
2 402 422
2 85 87
4 150 162 172 177
5 3 8 9 11 12
6 342 343 347 348 353 356
4 180 186 188 192
1 492
5 47 55 60 67 69
5 360 361 372 389 395
3 149 160 174
2 520 532
2 435 453
6 493 499 504 509 515 517
4 24 31 38 46
1 159
3 264 275 283
2 379 392
3 218 221 230
4 124 126 127 137
3 238 240 245
2 224 231
1 92
4 82 91 96 100
4 436 438 442 456
5 80 83 85 90 108
4 202 206 210 217
1 487
6 495 506 512 514 515 516
5 49 61 66 69 72
1 254
4 435 437 448 459
1 212
7 434 441 447 455 456 457 459
2 88 91
6 497 499 501 502 511 514
4 439 441 444 462
1 205
7 124 125 126 127 134 139 146
3 522 528 535
6 463 464 471 482 490 492
3 506 510 517
1 209
9 403 411 416 417 420 425 426 431 432
8 119 121 122 130 132 137 139 146
9 1 2 6 7 10 11 14 15 16
3 49 64 69
2 477 480
5 398 406 410 414 422
1 526
5 25 28 34 43 44
4 84 88 91 103
1 339
6 285 295 296 305 309 318
2 26 43
3 526 528 530
4 79 82 83 97
7 221 223 224 225 227 229 231
1 208
1 345
1 195
1 12
5 180 192 194 195 199
6 180 181 185 188 191 192
7 179 186 187 189 196 198 199
1 222
1 384
6 324 326 329 332 333 340
6 469 474 479 484 490 491
4 84 87 90 96
2 338 339
2 49 71
3 263 267 271
2 243 253
13 19 21 24 25 29 30 33 38 39 42 44 45 46
3 341 345 353
3 436 446 452
1 347
2 295 297
5 2 3 5 6 11
5 322 325 328 330 336
3 200 211 213
4 524 530 531 536
1 485
2 180 192
5 322 326 329 332 338
5 287 289 293 295 312
7 55 56 58 59 62 66 71
1 99
2 72 78
1 234
7 150 156 158 159 163 164 165
4 522 523 524 535
1 21
8 341 345 346 347 348 351 352 356
2 234 237
9 235 238 239 242 243 244 245 247 248
6 219 221 224 226 228 232
2 466 491
3 361 365 368
3 183 188 195
3 152 153 171
3 343 347 351
3 207 209 210
3 193 194 199
5 51 60 66 72 74
3 341 342 344
3 398 404 417
5 403 415 421 425 430
3 22 32 40
4 402 404 405 416
8 150 159 161 164 165 174 175 176
4 289 292 311 316
1 375
5 119 124 135 139 141
5 296 308 311 314 319
1 464
5 154 156 158 174 175
1 194
3 2 3 12
1 45
1 205
1 100
6 205 209 211 212 216 217
2 40 42
5 56 62 69 70 76
4 465 471 481 486
4 322 325 339 340
5 493 502 508 509 518
4 2 5 9 14
2 128 135
10 469 471 478 479 483 485 487 488 491 492
1 526
1 326
1 342
4 361 373 375 385
1 383
5 322 323 332 335 340
7 286 291 295 297 304 308 313
7 469 471 476 477 487 489 490
9 288 290 294 295 298 302 303 308 318
2 523 529
9 18 27 28 31 33 34 35 38 41
3 203 207 210
5 463 464 471 490 492
6 20 24 30 35 36 43
1 534
5 82 97 99 105 106
10 114 115 118 120 128 130 135 136 143 145
2 168 177
2 438 441
3 296 306 308
3 234 239 251
5 399 400 416 422 423
4 156 159 166 173
3 342 350 352
3 345 347 348
3 8 13 16
6 496 504 508 509 510 515
4 17 25 37 40
4 21 32 42 46
3 79 103 105
5 148 151 153 164 174
7 435 437 438 442 443 444 458
5 204 209 210 211 213
5 466 468 470 487 491
1 26
7 147 150 152 157 159 163 167
6 342 343 346 347 354 355
3 60 63 65
5 221 223 226 230 231
1 342
5 181 182 183 189 190
6 220 221 222 224 226 229
4 256 269 275 282
5 304 305 310 313 318
6 147 159 161 164 170 174
6 341 344 345 352 356 357
4 185 189 191 195
10 19 22 24 26 27 34 41 42 44 45
3 235 239 247
1 349
3 290 299 311
1 345
2 239 242
1 326
3 519 521 523
3 226 227 229
2 200 201
6 233 236 242 246 247 253
5 79 87 88 99 111
2 332 340
1 347
2 152 176
4 345 346 347 356
3 117 131 134
8 463 471 472 475 482 486 491 492
2 523 531
1 20
3 519 530 535
3 121 127 142
4 344 347 356 357
5 2 4 5 6 9
3 495 496 502
4 520 527 528 529
2 413 427
5 153 154 156 158 175
1 232
1 460
2 179 193
1 528
2 264 265
4 464 472 476 481
2 495 507
2 212 217
3 333 335 339
1 510
1 5
7 83 88 91 98 101 103 107
3 325 335 339
4 220 222 225 228
6 203 205 211 213 214 217
1 522
1 523
3 289 305 308
3 295 298 312
1 333
6 521 524 525 529 532 536
5 181 185 189 190 196
3 322 324 336
4 345 347 354 356
1 87
3 437 449 462
4 61 64 67 72
2 221 222
2 203 211
6 286 287 294 296 318 321
2 468 477
5 269 271 273 274 276
4 2 4 8 15
4 524 525 530 532
2 235 251
1 4
5 287 293 299 300 307
5 113 115 129 140 146
3 156 158 176
3 464 479 483
3 294 309 310
1 175
4 464 470 478 488
5 179 180 191 194 197
2 2 10
2 288 296
1 500
1 26
1 76
1 93
9 519 522 523 525 529 531 532 533 535
6 237 241 246 247 248 250
6 18 24 27 29 36 45
1 439
1 353
4 341 344 351 353
2 471 480
1 18
4 112 139 143 145
2 259 274
9 358 364 369 373 380 383 386 387 394
4 205 211 212 215
8 255 261 263 264 269 275 279 283
2 343 351
2 496 515
1 215
6 401 403 408 413 420 426
1 232
3 148 154 171
1 87
1 148
3 155 157 164
3 179 189 194
7 47 50 52 56 61 71 74
1 387
9 120 122 126 127 130 134 137 142 144
1 98
2 524 536
1 16
4 219 224 228 231
9 407 411 413 416 419 423 425 431 432
9 54 57 63 64 66 67 69 76 77
1 375
3 87 103 108
3 11 12 14
9 255 256 257 262 271 275 278 282 284
2 93 96
4 178 188 197 198
5 150 155 157 163 167
5 6 7 8 9 13
8 3 5 6 7 9 11 12 16
5 24 25 28 34 39
3 323 328 329
4 345 346 349 357
4 342 347 351 352
4 346 348 351 355
3 205 207 215
6 182 185 192 194 195 199
2 225 231
7 80 91 92 95 101 103 104
9 112 114 116 117 119 122 124 131 133
6 342 350 354 355 356 357
2 2 12
5 463 465 471 478 492
3 325 333 335
3 400 415 426
8 48 52 55 56 65 70 71 74
6 322 329 330 336 337 340
7 218 220 223 226 227 228 229
2 332 340
5 285 287 293 302 318
3 324 331 332
1 497
4 233 234 239 247
1 217
5 240 242 243 251 253
1 218
2 156 162
4 148 153 159 163
6 150 151 152 166 173 176
2 363 383
8 115 116 119 122 126 128 129 134
6 399 401 402 403 405 418
1 404
1 356
5 466 467 471 473 479
5 287 300 317 320 321
1 208
1 508
3 346 347 356
1 238
3 238 247 248
3 343 344 346
1 361
1 220
2 407 422
3 519 521 526
7 158 160 161 165 172 174 175
3 366 390 395
10 403 405 409 413 420 422 424 425 426 431
8 358 362 364 365 369 388 394 396
2 495 503
1 350
3 261 268 275
2 151 162
4 440 443 451 460
6 469 471 476 477 487 489
2 30 36
3 285 295 319
10 495 496 498 503 507 508 509 511 512 513
6 218 221 222 227 229 231
4 343 350 351 353
2 500 511
4 298 305 316 319
9 200 201 202 205 206 207 210 211 214
1 235
6 85 87 96 99 102 110
5 322 325 331 338 340
4 494 495 499 504
10 359 367 375 376 377 378 382 383 385 386
3 292 298 307
7 493 498 501 503 504 506 509
2 206 209
3 402 421 422
4 415 417 422 427
6 112 113 119 131 138 142
3 341 348 354
5 367 377 383 385 386
5 201 205 211 215 216
5 83 87 96 99 110
4 525 529 533 535
4 201 206 209 211
2 51 52
2 38 41
6 286 291 295 304 308 313
3 344 356 357
1 442
2 348 350
3 520 521 525
3 1 7 14
5 433 437 445 452 458
4 49 54 61 75
2 485 492
8 180 184 185 186 190 192 194 195
4 286 305 314 320
3 443 453 456
2 10 11
3 403 407 414
1 352
6 184 189 193 195 196 198
1 339
2 286 320
2 119 144
1 473
1 419
4 205 209 214 216
4 9 13 14 16
2 439 449
6 51 54 56 61 69 78
7 1 4 5 8 9 14 16
4 53 59 75 78
1 532
4 182 189 191 194
7 181 182 183 185 189 190 196
4 475 482 485 486
5 343 347 352 354 356
2 412 415
2 180 198
6 235 240 245 248 249 252
5 522 524 525 526 532
3 519 528 530
1 477
10 1 2 3 5 6 9 10 11 13 14
1 264
1 190
7 295 296 299 305 307 312 321
9 433 436 438 445 450 452 460 461 462
1 168
3 493 504 507
4 493 503 511 514
1 341
5 493 501 502 510 511
3 415 422 427
2 261 275
3 201 206 210
6 522 526 531 533 535 536
9 294 297 298 300 306 314 315 316 317
5 22 24 37 43 46
5 343 345 347 349 353
2 81 100
1 174
2 493 507
2 262 269
10 463 465 469 471 472 473 479 486 490 492
6 5 8 9 10 11 14
7 494 498 501 502 504 510 515
6 473 475 479 482 489 492
2 3 16
3 121 130 141
4 358 361 372 374
6 19 28 31 34 38 41
1 311
2 220 225
2 367 375
1 146
6 153 154 165 168 173 174
2 522 524
4 112 115 137 145
1 324
3 152 166 177
7 112 122 127 131 136 138 144
2 352 354
6 286 299 308 309 311 319
1 383
1 38
5 300 301 309 311 317
4 19 32 40 42
6 522 524 526 532 533 534
5 138 141 144 145 146
1 324
3 17 27 40
1 2
4 407 409 423 431
1 410
1 90
4 254 265 276 284
4 84 88 107 109
1 332
5 268 271 273 275 276
4 493 499 502 505
5 117 123 124 130 143
8 178 183 186 188 190 193 197 199
1 203
2 113 133
5 521 525 534 535 536
3 503 507 517
4 473 478 481 485
1 96
5 467 476 486 489 491
6 81 82 88 90 98 100
4 185 188 194 196
2 218 230
1 182
1 191
1 253
8 255 260 263 265 266 268 282 284
1 16
5 127 130 134 137 143
8 47 48 54 57 63 70 73 78
3 233 234 245
1 333
4 341 347 353 357
1 529
1 117
2 197 198
2 341 342
2 201 202
6 257 258 261 262 271 283
2 324 329
1 487
6 323 326 328 335 337 338
4 328 329 332 335
1 228
3 255 262 284
2 235 236
3 344 354 355
4 437 438 452 456
1 232
5 53 59 65 68 69
2 472 473
3 148 171 173
6 87 89 93 96 99 110
5 19 21 25 37 42
7 287 288 295 301 314 317 320
1 56
2 294 296
1 64
4 234 239 251 253
4 128 130 134 138
2 469 475
3 463 476 488
7 118 125 128 132 136 142 144
4 298 305 309 317
1 206
4 343 347 350 353
1 473
8 257 259 262 270 272 277 282 283
2 286 294
4 324 331 333 336
4 443 453 456 461
6 154 157 158 161 168 175
2 520 527
5 288 289 293 298 304
2 290 306
1 94
3 233 239 246
6 440 444 450 457 460 462
5 399 414 422 424 426
3 323 326 333
6 218 219 220 228 230 231
10 496 500 501 505 507 508 509 512 516 518
10 494 495 496 497 498 503 505 509 512 513
7 220 221 222 223 225 228 229
6 122 123 125 134 141 142
3 288 292 300
3 148 150 153
2 95 107
2 179 189
2 39 40
5 2 3 7 11 15
4 422 423 429 430
5 494 496 500 506 517
7 147 160 163 168 169 170 172
4 208 210 212 214
4 223 224 227 230
9 256 260 262 268 269 270 279 281 284
1 100
1 17
3 495 498 506
2 220 225
6 79 81 86 89 95 109
8 19 23 28 29 30 31 35 36
4 155 156 162 167
1 93
1 12
5 440 448 452 460 461
5 298 301 315 317 321
2 519 526
2 445 451
1 93
4 218 220 222 223
6 493 497 506 507 515 516
2 207 214
3 347 349 352
2 501 505
2 330 339
1 171
1 330
3 520 522 523
9 341 344 345 349 352 353 354 356 357
2 499 508
6 124 127 134 137 142 146
2 325 334
8 202 203 204 206 209 211 212 217
1 378
1 54
6 151 156 165 166 169 173
1 352
7 497 501 503 507 508 509 510
2 17 23
3 201 211 216
2 249 251
4 495 497 499 512
1 52
1 326
7 49 52 54 55 64 70 75
4 202 207 209 210
5 218 222 229 230 231
3 343 350 356
4 303 312 318 320
3 178 184 192
6 406 410 411 419 425 428
3 203 207 210
8 286 291 295 297 304 307 308 313
3 260 282 283
3 375 379 384
1 224
6 147 148 156 162 163 166
7 180 181 182 186 187 193 195
4 22 24 26 40
5 473 475 481 485 492
4 521 527 533 534
4 5 10 14 15
4 219 221 230 231
3 183 189 196
3 1 9 11
8 466 469 478 481 483 484 487 488
2 454 455
5 522 523 528 530 531
5 520 522 532 533 536
1 198
3 496 503 504
6 363 371 375 380 389 397
3 240 243 252
4 84 85 88 90
5 470 474 481 485 489
3 519 524 536
3 126 138 141
4 223 224 226 231
2 224 229
1 26
1 202
7 178 181 182 185 186 196 198
3 183 197 199
5 220 223 226 228 230
5 296 297 299 312 313
1 218
1 536
1 227
5 285 286 307 308 319
2 203 212
4 346 352 355 356
3 210 212 215
1 259
6 287 295 298 303 312 321
4 285 308 314 316
4 116 118 119 135
2 258 259
2 297 299
2 25 36
8 464 466 467 474 476 482 484 492
3 87 95 109
3 522 525 528
2 154 160
2 374 389
2 26 35
3 30 31 35
2 354 355
6 519 520 525 528 531 535
6 322 325 333 335 336 337
1 14
6 286 291 295 304 307 313
10 342 343 344 345 347 348 350 355 356 357
4 463 467 473 479
6 342 343 346 347 351 355
5 438 449 453 460 461
3 167 173 175
5 83 95 100 104 109
2 458 461
6 150 155 165 174 175 177
6 179 186 187 191 195 197
5 370 371 380 381 397
1 198
10 287 288 290 292 297 298 301 313 315 321
1 522
2 366 380
10 287 288 292 297 298 300 304 307 313 315
4 494 496 503 504
3 204 208 215
2 259 263
2 2 12
6 496 497 499 514 515 516
4 204 209 210 216
2 256 260
1 206
3 130 133 144
6 342 345 346 347 352 353
2 1 10
4 468 476 482 483
4 524 528 530 536
6 255 258 263 267 275 283
6 286 290 295 304 312 317
1 82
2 6 13
1 15
6 118 121 122 128 141 144
5 434 437 444 448 462
6 495 503 507 515 517 518
8 48 49 52 56 62 63 64 78
1 512
2 84 111
2 325 326
1 93
7 21 23 30 33 35 40 44
3 220 227 231
3 366 377 384
10 496 499 502 503 506 508 512 516 517 518
8 401 407 412 416 419 424 428 429
2 398 419
4 112 116 124 135
1 95
3 497 499 517
3 1 12 15
4 373 384 396 397
3 225 229 232
6 130 132 135 136 140 144
3 203 210 212
5 155 157 158 164 173
5 257 258 268 275 280
8 256 257 261 263 264 267 273 276
2 180 183
1 81
3 184 186 191
5 364 373 378 388 391
2 2 13
6 463 465 467 482 488 490
1 127
1 289
1 523
1 406
1 94
5 53 57 70 72 74
2 32 38
1 409
2 8 12
1 300
4 81 83 89 92
7 47 53 56 61 64 66 71
2 147 163
1 217
1 493
2 287 294
8 470 472 475 481 485 486 490 491
4 206 207 213 216
2 82 111
4 286 289 292 298
6 258 261 263 272 278 280
4 286 292 301 313
2 62 72
1 21
2 127 128
7 150 159 162 164 165 166 168
9 398 402 405 406 407 408 411 424 430
5 285 305 308 314 316
4 326 328 332 340
3 154 171 175
5 149 154 163 167 169
1 174
2 95 110
1 118
6 202 203 207 209 210 217
3 360 378 393
4 496 500 512 515
9 398 399 400 403 409 410 422 423 432
6 495 498 507 511 514 515
8 181 182 185 187 190 192 196 199
1 2
6 365 369 371 373 384 394
5 341 348 353 355 357
3 350 356 357
3 201 207 211
3 222 225 232
4 327 331 332 333
6 183 188 189 192 193 197
5 18 25 38 39 45
3 467 471 490
5 23 30 33 36 45
1 270
4 218 224 227 229
1 49
1 311
3 181 190 197
2 406 430
2 349 356
4 347 350 354 357
7 183 184 186 187 189 193 197
4 218 219 223 230
2 342 356
6 433 437 440 444 454 460
3 406 416 425
7 1 5 7 9 12 14 15
2 233 246
5 444 447 449 450 454
3 178 197 198
10 120 121 122 134 136 140 142 143 144 145
1 535
1 125
5 471 476 487 490 492
1 16
1 156
2 267 277
8 346 349 350 352 353 355 356 357
1 468
1 59
3 113 126 140
4 322 324 336 337
6 288 290 304 306 315 321
6 149 159 166 170 173 175
2 519 521
3 327 328 329
1 57
4 343 344 345 352
2 341 349
2 157 164
4 180 187 195 199
2 47 71
1 212
1 421
3 342 346 357
7 398 408 411 416 423 429 432
1 13
1 96
7 112 113 115 121 129 143 145
2 256 269
2 341 350
1 452
2 213 216
7 285 290 297 298 309 310 316
7 52 53 54 56 57 60 65
9 23 28 29 32 33 36 37 43 46
7 444 447 449 450 453 455 458
1 454
4 100 104 106 111
6 79 91 93 96 104 106
9 181 182 183 184 188 189 194 196 197
3 181 183 193
5 523 524 528 529 536
3 366 383 395
1 219
4 99 103 105 111
2 12 15
2 201 208
2 534 536
4 59 66 67 71
5 30 32 34 37 43
2 347 352
4 298 301 317 321
3 156 162 164
3 152 159 170
2 326 327
3 112 128 133
1 32
4 258 260 263 272
4 257 273 275 279
2 348 354
8 437 441 442 455 458 459 460 461
2 14 15
1 433
1 65
5 2 5 10 14 16
3 306 314 321
4 2 9 12 16
6 202 203 206 209 211 215
3 343 350 357
1 306
6 54 56 63 65 72 75
3 51 53 58
2 364 382
10 218 219 223 224 225 226 227 228 230 232
4 287 295 300 303
5 147 151 156 159 165
1 75
1 126
1 39
2 7 10
3 18 24 45
2 437 457
2 122 144
7 154 158 163 165 166 169 176
3 525 529 533
1 290
4 200 203 210 212
4 179 184 187 195
1 323
6 493 497 503 505 511 514
3 379 385 387
7 237 239 243 244 249 252 253
2 409 429
10 19 24 26 29 33 34 36 41 42 43
7 24 31 32 34 38 39 43
2 404 415
3 147 149 154
2 171 177
4 86 97 101 110
4 58 59 68 75
4 239 240 243 246
1 229
2 322 333
2 7 11
1 90
2 218 221
3 223 229 231
3 189 191 195
2 13 15
5 1 2 11 12 13
3 181 197 199
2 82 106
1 93
1 149
5 256 259 261 265 268
3 202 210 212
8 494 496 500 505 507 512 513 514
6 183 184 186 188 195 199
4 465 482 488 490
2 416 417
1 259
1 6
3 234 245 253
7 399 402 410 411 413 418 428
7 256 260 261 265 269 278 280
3 112 138 140
7 494 496 500 510 515 516 518
4 205 206 209 217
6 254 255 257 271 275 284
6 344 346 349 350 351 352
1 326
1 21
3 205 209 217
2 358 375
3 475 485 486
6 79 87 96 99 102 110
5 255 259 266 269 280
1 224
1 98
6 47 63 68 71 76 77
2 442 447
1 148
4 520 524 532 534
1 336
1 166
2 289 308
3 19 25 26
5 493 494 505 507 513
4 526 531 533 536
6 472 473 478 481 484 485
1 83
2 444 448
3 202 203 209
7 53 55 58 60 61 74 75
7 293 294 302 307 308 312 319
6 222 223 225 227 229 230
4 151 152 162 165
8 398 399 400 404 422 423 428 430
3 6 8 9
3 478 483 484
5 1 3 6 12 13
9 498 500 501 504 507 508 509 515 518
3 519 520 526
6 400 401 416 420 428 432
3 53 59 68
4 203 204 214 217
6 233 242 245 248 251 253
3 218 221 231
2 323 338
3 234 245 253
4 498 502 504 505
1 527
3 295 296 298
4 295 297 298 310
9 49 55 61 66 68 69 73 75 78
1 348
1 492
5 219 220 221 222 230
2 29 39
1 523
2 48 66
1 296
2 185 198
2 91 107
2 236 251
5 343 344 349 351 357
6 48 52 63 67 68 70
6 254 255 265 271 276 282
7 522 524 525 526 530 533 534
5 479 483 487 488 491
5 220 222 223 229 232
5 23 33 34 35 46
1 334
2 180 198
5 259 264 267 272 280
5 81 89 93 108 109
3 227 231 232
2 324 336
3 33 35 40
2 290 311
1 267
5 20 28 33 37 46
1 536
5 358 365 374 378 387
8 150 162 165 166 169 172 176 177
7 463 464 476 480 483 485 488
1 295
10 360 361 368 372 389 390 391 392 393 395
12 368 369 373 374 376 377 380 385 386 388 390 391
8 433 435 438 448 449 453 456 459
3 463 470 478
2 222 229
3 6 9 13
2 201 202
3 213 216 217
10 519 520 521 523 524 531 532 534 535 536
6 206 207 210 212 213 215
4 325 326 338 340
3 344 351 353
1 533
1 325
5 117 123 129 139 144
5 465 475 482 486 490
2 201 206
4 2 11 15 16
1 294
1 69
6 363 366 370 371 381 397
2 293 303
1 535
4 152 157 162 175
2 519 526
3 236 246 253
1 239
5 53 58 72 73 78
7 497 498 500 504 506 514 518
1 231
5 327 328 329 336 338
8 255 260 273 278 279 281 282 283
3 325 334 339
6 341 343 346 348 349 354
2 187 191
2 147 169
1 236
4 18 30 31 35
2 520 523
3 179 190 194
3 90 100 111
1 237
2 50 67
1 509
1 215
3 117 128 137
6 285 288 294 300 309 313
1 398
8 151 152 153 159 160 164 167 171
2 148 163
7 519 522 525 528 529 530 531
1 463
2 511 512
7 53 56 61 62 63 65 77
5 153 154 155 169 171
4 1 2 13 15
3 130 135 136
7 49 52 53 61 66 73 77
1 153
1 211
5 156 163 166 167 174
4 82 99 105 107
1 347
1 127
1 2
3 327 335 339
3 259 263 266
2 106 110
1 157
3 493 504 513
3 290 299 301
6 435 443 452 455 461 462
2 415 422
3 435 437 455
6 86 88 89 91 105 110
2 174 176
3 323 332 337
2 520 536
3 526 527 532
5 341 344 351 355 356
1 26
2 334 337
2 219 225
3 47 68 76
1 157
6 438 442 445 446 447 456
1 467
1 165
1 326
2 222 226
7 200 204 205 207 208 211 216
3 151 153 175
6 493 501 505 509 512 517
2 237 240
7 434 436 437 443 451 455 461
2 26 36
1 442
3 405 418 427
5 179 182 187 188 197
1 534
3 288 313 316
6 519 523 525 530 533 534
1 300
6 285 290 304 309 310 314
4 162 172 173 174
10 463 469 471 477 478 479 486 487 489 492
3 507 508 516
3 248 249 250
3 465 475 483
4 468 470 474 477
6 47 49 54 63 71 78
5 341 345 348 353 355
1 184
2 508 510
2 286 297
4 56 65 69 77
2 83 106
3 200 201 216
4 285 289 309 318
1 323
7 398 400 403 410 414 420 422
3 506 513 516
2 64 76
1 348
1 192
3 125 135 138
3 332 339 340
1 51
3 476 489 490
6 222 225 228 230 231 232
6 285 289 305 308 314 316
4 220 229 230 232
7 402 405 408 409 412 415 419
6 204 205 207 212 213 215
4 496 506 513 516
8 218 219 220 222 224 226 227 229
2 451 462
2 365 389
4 474 478 483 490
1 478
1 229
6 436 439 441 451 454 456
2 211 212
6 50 54 66 70 76 78
2 524 532
1 345
4 344 345 349 350
5 464 471 482 490 492
6 343 346 349 350 354 357
1 529
3 31 38 41
1 218
3 151 155 169
7 254 261 262 263 277 278 280
8 401 406 407 410 414 421 424 429
6 342 343 347 352 354 356
2 361 389
6 24 26 29 34 36 43
7 218 220 221 223 226 227 228
3 184 190 193
9 256 259 260 261 268 270 271 272 279
7 410 413 414 420 428 429 431
1 400
4 115 119 127 130
1 367
8 152 154 155 156 157 159 164 175
5 3 6 11 14 15
1 355
10 218 221 222 225 226 227 228 229 231 232
2 529 534
2 233 251
1 526
2 58 66
4 358 365 394 396
8 150 152 165 166 170 174 175 176
2 184 193
2 57 72
5 82 94 95 107 110
3 220 227 231
7 260 262 268 269 270 279 284
5 520 523 526 530 534
4 82 83 95 106
