281 1607
71 1 2 3 4 5 6 7 8 9 10 11 12 13 14 15 16 17 18 19 20 21 22 23 24 25 26 27 28 29 30 31 32 33 34 35 36 37 38 39 40 41 42 43 44 45 46 47 48 49 50 51 52 53 54 55 56 57 58 59 60 61 62 63 64 65 66 67 68 69 70 71
35 1 2 4 8 11 12 13 14 19 20 22 24 25 27 30 34 37 38 39 40 44 46 47 48 49 52 56 58 61 62 63 65 67 69 71
53 1 2 3 4 5 7 8 9 11 12 13 14 15 18 20 21 23 25 26 27 28 29 30 32 33 34 36 37 38 39 40 41 43 44 45 46 47 49 51 53 55 56 57 58 59 60 61 62 63 65 67 68 69
28 1 2 3 6 8 12 13 15 17 21 22 27 31 34 39 41 42 43 46 47 49 53 57 62 66 67 68 69
47 1 3 4 6 7 12 13 14 15 16 17 18 20 22 24 26 27 28 30 31 32 33 34 35 36 37 38 41 45 47 48 50 51 53 54 55 56 57 60 61 63 64 65 66 68 69 70
49 1 7 8 10 11 12 14 15 16 18 20 21 22 23 24 26 27 28 29 30 32 33 34 36 37 39 41 42 45 46 48 49 51 52 53 55 56 58 59 60 61 63 64 65 66 67 68 69 70
56 1 2 3 4 5 7 8 9 11 12 13 14 15 16 19 21 22 23 24 25 27 28 29 30 32 34 37 38 39 40 41 43 44 45 46 47 48 49 50 52 53 55 56 58 59 61 62 63 64 65 66 67 68 69 70 71
21 1 2 9 14 17 23 25 26 30 38 46 48 49 51 52 53 54 58 60 65 66
34 1 4 5 6 9 11 13 14 15 16 20 22 24 25 26 30 31 34 35 36 37 39 40 44 47 50 51 54 55 57 58 62 64 68
44 1 2 4 7 8 9 10 11 13 15 16 17 18 19 21 22 26 27 28 29 30 31 34 35 36 37 38 39 40 41 44 45 46 48 51 53 54 57 59 61 62 63 64 68
31 4 7 11 15 19 25 27 28 29 30 31 34 37 38 39 40 41 44 45 47 48 50 53 54 55 56 57 64 67 69 70
50 1 2 3 7 8 9 11 13 15 16 17 20 21 22 23 24 27 29 30 31 33 34 36 37 40 41 42 43 44 48 49 50 51 52 53 54 55 57 58 59 60 61 63 65 66 67 68 69 70 71
32 2 4 5 7 8 9 11 13 16 21 22 24 25 26 29 34 35 40 46 47 48 50 52 53 55 56 61 64 65 66 69 71
41 1 2 4 5 9 10 12 16 18 20 21 22 23 25 26 27 29 31 32 33 35 37 39 41 42 43 44 46 47 48 49 50 53 54 55 57 58 61 66 67 69
37 2 3 4 8 9 12 13 14 16 19 22 25 26 28 31 32 33 35 36 37 38 43 44 46 47 48 52 54 58 61 63 66 67 68 69 70 71
36 1 3 4 5 7 8 10 12 13 16 19 20 21 24 25 31 33 35 37 41 44 45 46 47 49 50 51 55 56 58 62 63 64 66 67 69
31 2 5 6 8 10 12 16 17 19 20 28 31 36 37 39 40 41 44 45 47 48 52 53 54 56 57 61 63 66 69 71
25 2 4 7 12 14 19 20 22 25 32 33 36 39 41 45 47 48 49 50 52 55 58 59 66 71
39 2 3 5 8 9 12 13 15 16 18 19 22 23 25 26 28 29 30 32 33 40 41 45 47 48 49 50 52 53 56 57 58 60 61 63 64 66 67 69
56 3 4 5 6 7 8 9 10 12 13 14 16 17 18 19 20 21 22 23 24 25 26 27 28 29 30 31 33 36 37 38 41 43 44 45 46 47 48 49 50 51 52 53 54 55 56 58 59 60 61 62 63 66 68 69 70
55 2 4 5 6 7 8 9 10 11 12 13 14 15 16 17 18 19 21 23 25 27 28 30 31 32 33 35 36 38 39 40 41 42 43 44 45 47 48 49 50 51 52 54 55 56 57 60 61 62 65 66 68 69 70 71
55 2 3 4 5 7 8 9 11 12 13 14 15 16 17 18 21 22 23 25 26 28 29 30 31 33 34 37 39 41 42 43 44 45 46 47 49 50 51 52 53 54 55 57 58 60 61 63 64 65 66 67 68 69 70 71
55 1 2 3 4 5 6 8 9 10 12 13 14 15 16 18 19 20 22 23 24 25 26 28 29 30 31 32 33 34 37 38 40 41 42 43 44 46 47 48 50 52 53 54 55 56 57 59 60 61 62 63 64 65 68 70
56 1 3 7 8 9 10 11 12 13 14 15 16 17 18 19 20 21 22 23 24 28 29 31 32 34 36 37 39 40 41 42 43 44 45 46 47 48 50 51 52 53 54 55 56 57 59 60 61 62 64 65 66 67 69 70 71
23 1 3 8 11 12 15 20 24 25 26 31 34 35 37 38 40 45 48 54 58 59 63 64
41 2 5 7 8 10 13 16 17 18 19 21 22 27 28 29 30 32 34 35 36 37 38 41 42 43 44 45 47 49 51 52 53 54 56 58 59 61 64 66 68 70
54 1 3 5 6 7 8 9 10 11 12 13 15 16 17 18 20 21 22 24 25 26 27 29 30 31 32 33 35 36 37 39 40 41 42 43 44 46 47 48 49 50 52 54 55 56 58 60 61 63 64 65 66 69 71
21 1 2 5 9 10 12 14 15 17 27 33 36 39 44 46 51 56 61 62 63 69
39 1 2 5 6 10 12 14 15 19 20 22 23 25 27 28 29 38 39 40 42 44 47 48 49 50 51 52 53 54 56 58 60 63 64 65 66 67 69 71
24 1 3 9 10 16 17 20 21 27 28 35 39 40 41 43 46 47 50 54 56 60 61 62 63
29 3 4 5 6 7 9 11 15 19 20 21 25 29 31 33 41 49 50 51 52 53 54 55 56 57 59 62 64 69
29 1 2 5 9 10 13 16 17 22 23 24 27 29 35 40 43 44 45 46 48 52 55 57 60 61 62 68 70 71
27 3 9 15 16 17 19 22 26 28 29 32 33 34 35 36 38 39 43 44 46 48 53 58 60 66 67 68
41 2 3 4 6 9 10 11 12 13 15 16 18 19 20 21 22 23 25 26 27 28 29 31 34 35 36 39 42 43 44 45 46 47 53 60 62 64 66 68 70 71
44 2 3 5 7 8 9 10 12 13 17 19 20 22 23 25 27 30 32 33 34 35 36 40 43 44 45 46 47 49 50 53 54 55 56 57 58 59 61 62 64 67 69 70 71
41 2 4 5 8 9 10 13 14 15 16 18 20 21 23 26 27 29 30 34 35 37 39 40 41 42 44 49 50 51 52 54 55 57 58 60 61 62 65 66 68 70
31 1 2 3 5 6 9 12 15 16 17 19 21 23 24 28 29 30 35 36 37 39 40 42 44 47 53 56 62 63 66 70
41 1 2 3 4 6 7 8 9 12 15 16 20 21 22 25 26 28 29 31 32 37 38 39 46 47 49 50 51 53 55 56 57 59 61 63 64 66 68 69 70 71
34 2 3 6 7 9 12 13 15 20 21 23 24 26 28 29 30 33 35 40 41 43 48 49 53 54 55 58 60 61 63 64 65 70 71
38 1 2 4 5 8 9 13 14 16 19 20 22 23 24 25 26 28 29 30 31 33 34 35 37 38 40 42 47 48 49 54 56 57 59 62 65 67 70
37 3 7 8 9 10 12 19 20 21 23 25 26 27 30 33 35 38 39 40 42 44 45 49 52 58 59 60 61 62 63 64 65 66 67 68 69 70
41 72 73 74 75 76 77 78 79 80 81 82 83 84 85 86 87 88 89 90 91 92 93 94 95 96 97 98 99 100 101 102 103 104 105 106 107 108 109 110 111 112
23 74 75 76 80 81 83 86 89 90 93 94 95 96 100 101 102 103 105 106 107 108 110 112
24 72 74 75 77 78 79 83 86 89 90 91 94 97 98 99 101 102 103 105 107 109 110 111 112
21 72 74 76 81 82 84 86 87 88 91 92 93 94 95 102 103 105 106 110 111 112
32 72 73 74 75 76 78 79 80 81 83 84 85 86 90 92 93 94 95 96 97 98 99 101 102 104 105 107 108 109 110 111 112
25 73 74 75 76 77 80 81 82 87 88 89 90 91 92 94 95 96 97 98 99 100 102 110 111 112
31 72 73 75 76 78 79 80 81 82 83 84 85 86 87 90 91 92 93 94 95 96 97 101 102 104 105 106 107 109 110 111
31 72 74 75 76 78 80 81 83 85 86 87 88 89 90 92 93 94 95 96 97 99 101 102 103 104 106 108 109 110 111 112
26 72 74 77 78 79 81 82 85 86 87 89 91 93 94 95 96 97 99 101 102 103 104 107 108 109 111
27 72 73 77 78 80 81 82 84 85 87 88 90 93 94 96 97 99 100 101 102 104 105 107 108 110 111 112
13 72 75 76 83 89 93 94 95 101 105 108 109 112
28 72 74 75 76 77 78 79 81 83 84 85 86 87 89 91 92 93 95 96 101 102 103 104 105 107 109 111 112
32 72 73 75 76 77 78 79 80 82 83 84 87 88 89 90 92 93 94 96 97 98 99 101 102 103 104 105 106 107 108 109 110
21 73 77 78 80 81 82 83 84 85 86 88 90 95 96 97 98 101 105 107 108 112
13 79 83 86 88 90 91 92 96 99 100 101 102 108
24 72 73 75 76 77 78 79 80 83 85 93 94 95 97 98 99 100 101 102 103 105 108 109 112
30 74 75 76 77 78 80 81 82 83 84 85 86 87 88 89 90 91 94 96 97 98 99 100 103 104 105 106 108 109 112
27 73 74 79 80 81 82 83 84 85 86 88 90 91 92 93 94 95 97 98 100 102 104 105 106 107 109 111
24 73 78 79 80 81 84 85 86 87 88 90 93 94 96 97 98 99 101 104 106 107 108 111 112
12 77 79 85 91 92 94 95 100 103 104 106 111
17 72 73 74 76 77 83 89 93 94 95 96 97 102 103 104 105 111
20 73 74 76 77 83 85 87 88 91 92 94 98 100 101 102 103 104 106 107 108
14 74 76 79 82 83 85 91 92 93 94 96 98 105 111
18 72 74 75 77 78 80 83 85 88 91 92 93 95 99 101 107 108 110
14 73 74 86 87 93 96 98 99 101 102 103 105 110 111
27 73 74 75 76 78 79 81 83 85 87 88 89 90 92 93 94 96 98 99 100 101 102 103 104 105 109 110
27 73 74 75 76 77 78 79 80 81 82 83 84 85 86 88 92 93 96 98 99 100 102 103 107 109 110 112
17 73 76 77 79 80 82 87 90 91 93 97 101 102 104 105 107 111
14 73 75 77 79 80 83 88 92 95 96 98 99 109 110
28 72 73 74 76 78 79 81 82 85 87 88 89 90 92 93 94 95 96 99 100 101 102 104 105 107 108 110 111
21 72 74 75 77 78 84 85 86 88 91 92 94 97 99 102 104 105 107 110 111 112
24 73 75 78 79 80 81 82 83 85 86 87 89 90 92 93 95 98 99 101 102 104 106 108 111
27 72 73 75 76 77 79 80 81 82 84 85 87 88 89 90 91 93 98 100 101 102 103 105 106 109 110 112
32 73 75 76 77 78 79 80 81 82 83 84 86 90 91 92 93 94 95 96 98 99 101 102 103 104 105 106 107 108 109 111 112
25 73 74 75 76 77 78 81 82 83 85 86 89 90 91 94 95 96 97 98 99 101 102 104 106 107
15 72 74 76 78 82 85 88 90 91 92 94 106 108 109 110
23 77 78 81 82 83 86 87 88 90 92 95 96 97 98 100 102 103 104 105 106 107 109 112
32 72 73 74 75 76 77 78 80 81 84 85 86 87 88 89 90 91 92 93 94 95 97 98 99 102 103 105 106 107 109 111 112
19 73 74 77 80 83 88 91 94 97 98 99 102 105 106 107 109 110 111 112
12 72 75 82 88 90 91 100 102 103 107 110 112
21 72 73 74 77 79 80 82 83 88 89 92 94 95 96 99 100 103 105 106 107 110
31 72 73 74 75 76 78 79 80 81 83 84 85 89 90 91 92 93 95 96 97 98 99 100 101 104 106 107 108 109 110 112
15 72 73 78 80 81 83 88 90 93 96 99 100 105 110 112
12 73 81 82 83 84 88 89 98 101 103 104 107
13 72 73 76 80 85 90 91 97 98 107 108 109 111
28 74 75 77 79 80 81 86 87 88 90 91 93 95 96 97 98 99 100 101 102 104 105 107 108 109 110 111 112
18 72 74 75 76 79 82 83 88 90 94 96 98 99 104 105 108 110 112
19 72 74 75 76 77 80 81 82 90 91 92 95 96 98 100 104 108 110 111
22 72 74 76 77 79 83 84 85 86 88 89 90 92 93 94 95 96 97 99 106 108 112
21 73 74 76 79 80 83 87 91 92 94 95 97 98 99 100 101 102 103 110 111 112
20 72 73 76 77 81 82 84 87 90 91 94 96 98 99 101 103 104 106 108 111
15 75 79 80 81 84 87 90 91 92 93 95 99 100 109 110
15 72 74 75 89 94 95 96 98 101 102 103 104 107 110 111
22 75 77 79 81 82 86 89 90 91 94 96 97 98 102 104 105 106 107 109 110 111 112
14 74 78 83 84 86 89 91 93 94 95 100 102 107 108
17 73 74 76 77 79 82 85 88 89 90 91 93 101 103 105 106 111
22 75 76 77 78 80 81 83 88 90 91 94 99 101 102 103 104 105 107 108 109 111 112
30 72 73 74 75 76 79 80 82 83 84 85 86 87 88 90 92 94 95 96 98 100 101 102 103 105 107 108 109 110 111
25 73 74 75 77 78 79 80 82 83 84 85 86 88 90 91 93 96 100 104 105 107 109 110 111 112
20 72 78 81 83 84 87 90 94 95 97 98 99 100 101 103 104 106 107 108 109
32 72 73 75 76 77 79 81 82 84 85 86 87 88 89 90 93 94 96 97 98 99 100 101 102 104 105 107 108 109 110 111 112
27 72 73 74 77 80 81 82 83 84 85 86 87 88 90 91 92 93 94 95 97 100 103 106 107 108 109 112
26 72 74 75 76 78 80 81 83 86 87 89 90 91 93 95 96 98 99 101 103 105 106 107 109 110 112
20 72 74 75 76 77 80 84 85 86 89 94 96 101 102 103 105 108 109 110 111
23 72 74 75 76 78 80 81 83 87 88 91 92 93 94 95 96 97 98 101 103 108 110 112
28 72 73 75 76 78 79 81 82 83 84 85 86 89 90 93 94 97 98 100 101 102 103 104 106 108 109 111 112
22 73 74 77 79 80 81 83 84 85 87 88 89 91 92 94 97 98 99 101 104 110 112
16 75 86 90 91 92 95 97 99 102 103 104 106 107 109 110 112
22 72 75 76 79 83 84 86 87 88 92 95 96 97 99 100 101 102 103 105 107 109 111
17 72 75 77 80 81 82 85 86 91 92 94 95 96 98 100 106 109
17 72 74 77 78 79 81 86 88 89 100 102 104 105 106 109 110 111
25 72 73 74 75 77 78 81 83 84 85 89 90 94 95 96 97 99 101 102 105 106 109 110 111 112
30 72 73 74 75 78 80 81 82 83 86 88 89 90 91 92 94 96 97 99 100 101 102 103 104 105 106 107 108 109 110
29 73 74 75 76 77 78 79 80 81 82 84 85 86 87 88 89 92 93 95 96 97 101 102 103 106 109 110 111 112
17 73 74 75 77 81 82 84 85 86 92 93 99 102 104 107 108 111
22 72 73 74 75 81 83 84 85 87 88 90 91 94 96 97 101 102 105 106 107 109 112
23 72 73 75 76 78 80 83 86 87 88 89 90 92 95 97 100 101 103 105 106 107 108 111
31 72 74 75 76 79 80 82 83 84 87 88 89 91 92 93 94 95 96 97 98 99 100 101 102 104 106 107 108 109 111 112
27 73 74 78 79 80 83 84 86 87 90 91 92 93 94 97 98 99 100 101 103 104 105 107 108 109 110 111
30 72 73 74 75 79 80 81 82 83 86 89 90 91 92 93 94 95 96 97 101 102 103 105 106 107 108 109 110 111 112
17 73 75 80 82 87 88 92 95 96 97 98 102 105 107 108 109 112
27 73 74 76 78 80 82 83 85 86 87 88 91 93 95 96 98 99 100 101 102 103 104 105 106 108 110 112
13 75 76 77 84 86 89 90 91 92 96 101 103 107
13 72 74 75 78 82 86 91 95 96 98 99 100 110
17 73 75 76 79 82 83 86 87 92 96 98 100 102 105 107 108 110
26 72 73 76 77 78 79 81 83 84 86 87 88 90 97 98 99 100 101 102 103 104 105 106 108 109 110
31 72 73 74 75 76 77 78 79 80 81 82 84 85 87 89 90 91 92 94 95 96 97 99 100 101 104 106 107 108 111 112
15 73 75 78 79 81 82 83 93 102 103 104 105 107 111 112
24 72 73 75 78 83 85 90 91 93 94 95 96 99 100 101 102 103 105 106 107 108 109 110 111
30 72 73 75 76 77 79 80 81 82 83 84 86 89 90 91 94 95 96 97 98 99 100 101 102 104 106 107 110 111 112
16 72 77 78 79 82 89 94 97 98 101 104 105 107 108 109 111
63 113 114 115 116 117 118 119 120 121 122 123 124 125 126 127 128 129 130 131 132 133 134 135 136 137 138 139 140 141 142 143 144 145 146 147 148 149 150 151 152 153 154 155 156 157 158 159 160 161 162 163 164 165 166 167 168 169 170 171 172 173 174 175
31 113 114 116 117 119 121 123 124 126 127 128 130 133 135 140 145 146 152 157 158 159 160 161 163 165 166 168 169 171 172 174
41 113 116 117 118 119 121 122 123 125 126 127 129 130 133 134 135 136 138 139 142 144 145 146 148 149 150 151 153 154 155 156 158 160 164 167 168 169 170 171 173 175
35 114 115 117 118 120 123 124 128 129 130 131 132 134 135 137 139 141 143 144 145 149 152 153 154 156 159 160 161 162 163 167 168 169 172 175
21 119 120 122 123 124 127 128 129 132 139 140 143 144 148 149 150 159 160 163 167 168
27 113 114 118 121 123 126 130 132 135 136 137 140 142 145 149 151 152 158 159 160 162 163 169 170 171 173 175
39 113 114 115 118 119 120 121 122 123 128 129 130 131 133 134 136 137 139 140 142 144 145 146 147 148 149 151 153 155 156 157 161 163 164 166 167 170 173 174
34 114 115 116 119 121 123 127 128 130 132 133 135 136 137 144 146 147 148 150 152 154 155 160 161 162 163 164 165 166 167 168 169 173 175
47 113 114 115 116 119 120 121 122 125 127 128 130 131 132 134 136 138 139 141 142 143 144 145 146 148 149 150 151 152 153 154 155 156 157 158 159 160 161 162 164 165 166 168 170 171 172 175
38 114 115 117 119 120 122 123 124 126 127 128 130 134 135 136 137 140 143 144 146 148 149 151 152 153 156 157 161 163 165 166 167 168 169 171 172 173 175
20 113 114 119 121 128 131 133 135 139 140 143 144 145 147 155 161 163 168 171 173
41 114 115 116 117 118 119 120 122 123 126 127 128 131 132 133 135 139 141 143 144 145 146 147 148 149 153 154 156 158 159 161 162 165 166 167 168 169 170 171 172 174
21 113 114 115 116 119 126 132 135 137 138 142 145 151 153 154 155 157 159 169 172 174
27 113 114 115 116 117 122 124 125 126 129 131 134 135 136 147 148 149 152 156 160 162 164 166 167 170 172 175
35 113 114 115 116 117 119 122 124 125 128 131 132 134 135 136 140 141 144 146 147 150 151 152 154 159 161 164 165 166 167 168 170 172 173 175
22 113 115 117 118 119 120 123 128 132 135 148 151 153 154 158 159 161 166 168 169 172 175
47 114 115 116 118 119 120 121 122 125 128 129 130 131 132 133 134 137 138 139 140 141 142 143 144 145 146 147 148 149 150 151 153 155 156 157 158 159 160 161 162 163 165 167 168 170 172 175
25 113 117 119 123 126 127 128 131 132 139 142 145 148 149 152 153 156 157 159 161 163 168 171 173 174
4 189 194 218 233
38 176 177 178 179 180 183 185 186 187 189 190 192 193 194 195 196 197 198 199 203 204 207 208 209 210 214 215 216 217 218 219 222 223 225 226 230 233 234
49 176 177 178 179 180 182 183 184 185 186 187 188 190 191 192 194 195 196 198 199 200 201 202 204 205 206 208 209 210 211 212 213 214 216 217 219 220 221 223 224 226 227 228 229 230 231 232 233 234
10 183 190 193 197 205 213 219 223 229 233
17 180 190 191 192 193 198 199 202 203 205 209 210 211 214 217 223 227
21 176 181 184 185 187 189 196 198 201 203 204 206 215 217 218 220 221 226 231 232 234
17 177 178 180 181 182 183 188 190 196 197 199 202 203 215 218 226 234
9 185 187 189 193 204 214 216 219 220
23 176 178 179 183 184 189 190 191 192 196 199 201 209 212 213 214 215 220 221 223 227 232 233
18 177 178 179 180 181 188 190 201 202 206 207 213 217 219 221 223 225 231
18 176 181 193 197 198 199 202 212 215 217 219 220 221 222 224 229 231 232
21 176 179 181 187 189 190 196 204 205 206 210 212 213 214 215 216 218 221 224 226 230
14 178 184 187 194 195 196 200 208 213 215 216 219 224 226
25 178 180 184 190 195 196 197 198 200 201 202 205 206 208 211 212 215 223 226 227 228 230 231 232 234
27 177 178 180 181 183 184 185 191 193 194 197 203 205 207 208 211 212 214 217 218 219 220 221 225 226 229 232
21 178 179 180 181 184 186 188 196 197 201 202 204 207 212 215 218 219 220 224 226 227
11 188 190 195 203 207 213 219 222 229 233 234
24 179 185 187 191 193 195 198 201 204 206 207 208 209 214 216 217 219 220 222 224 229 230 231 233
25 179 180 181 184 187 188 189 197 200 202 203 204 210 211 214 215 221 222 223 224 228 229 230 232 233
7 182 192 196 207 219 231 234
49 176 177 178 179 180 182 183 184 185 187 188 189 190 191 192 193 194 195 196 197 198 200 202 203 205 206 207 208 209 210 212 213 214 215 216 217 218 220 221 222 225 226 228 229 230 231 232 233 234
24 178 179 180 181 187 189 191 195 196 197 198 202 204 205 208 216 218 222 224 226 227 230 231 233
17 179 181 183 185 186 188 191 192 207 209 213 216 217 221 222 224 229
8 182 184 187 200 201 204 211 233
14 177 184 185 186 187 197 203 205 208 209 212 213 220 234
21 181 182 184 188 191 200 201 202 205 206 211 212 213 220 221 224 227 228 229 231 232
14 182 184 185 188 194 199 201 210 215 219 221 225 228 234
27 177 180 182 185 186 187 189 191 194 197 198 199 202 203 204 205 208 211 214 219 220 223 224 225 227 232 233
23 176 178 181 185 186 188 189 190 192 194 195 200 201 204 205 207 210 216 218 221 223 225 226
22 182 184 186 191 192 193 196 198 199 202 203 204 205 206 210 223 226 228 229 231 233 234
12 177 179 197 202 212 213 215 216 221 228 232 233
19 179 180 183 186 191 195 197 201 205 206 207 211 212 215 218 221 222 230 231
7 178 199 205 209 213 225 227
24 179 182 184 190 191 193 194 196 197 200 202 203 206 209 212 213 216 218 220 222 223 225 227 230
13 180 185 186 192 195 196 206 208 213 218 223 226 230
45 176 178 179 180 181 182 183 188 189 190 191 192 193 194 195 196 198 199 200 201 202 204 206 207 210 211 214 215 216 217 218 219 221 222 223 224 225 226 227 228 229 230 231 232 233
16 178 183 185 187 192 199 200 204 205 215 216 218 220 221 227 228
13 182 189 192 193 198 205 210 211 214 216 228 230 232
17 180 183 186 189 195 199 201 204 210 211 214 217 221 229 231 232 233
27 176 177 179 180 182 186 189 191 194 195 201 202 207 209 210 214 215 218 219 220 221 222 223 225 226 232 233
36 177 179 180 182 183 184 187 191 193 196 197 198 199 202 203 206 208 209 211 212 213 214 215 217 219 220 222 224 227 228 229 230 231 232 233 234
14 179 183 185 188 197 204 206 207 212 228 229 230 231 233
20 178 179 181 183 187 195 207 211 212 213 215 216 217 218 220 222 224 225 227 232
25 176 177 183 185 187 190 191 194 195 199 200 203 206 208 209 213 217 221 222 223 225 229 231 233 234
11 177 187 195 197 204 206 222 224 227 231 234
20 176 177 183 185 186 190 191 193 194 195 198 201 206 208 212 216 217 218 220 226
21 176 183 184 185 192 194 195 196 200 203 204 208 211 214 218 220 222 224 226 227 233
19 176 177 180 181 182 184 186 194 196 197 198 201 202 212 214 223 226 230 232
21 176 177 183 186 190 192 193 200 203 206 207 209 211 212 213 214 217 220 223 229 232
10 181 189 193 197 203 207 215 218 222 225
14 176 177 181 182 186 189 201 218 220 221 222 225 232 234
28 180 181 184 186 187 188 191 192 193 195 201 205 206 207 208 209 211 214 217 218 219 220 222 223 225 226 227 229
13 176 177 182 187 193 199 203 204 210 214 219 220 225
32 176 178 179 181 183 184 188 190 192 193 195 196 200 201 206 207 209 210 212 213 215 216 217 218 221 222 226 228 229 230 231 234
13 179 189 191 193 206 208 209 210 211 217 224 225 231
5 177 178 188 205 208
32 178 181 183 184 185 187 188 190 192 193 196 197 198 199 200 203 204 205 206 208 211 212 213 216 217 224 227 228 229 230 231 234
38 177 178 180 182 183 184 185 186 188 191 192 193 194 195 197 198 199 200 201 202 203 207 208 209 211 217 219 220 222 223 225 227 228 229 231 232 233 234
7 194 200 210 211 212 225 227
28 177 178 179 180 182 186 188 191 192 194 195 199 200 202 207 208 209 210 211 212 214 216 222 224 225 227 228 230
17 176 177 180 185 188 189 190 194 197 200 201 208 209 214 219 221 230
29 176 180 181 182 183 184 185 186 190 192 193 198 201 202 203 205 207 208 209 210 212 214 216 217 218 220 225 226 233
17 177 178 181 188 192 194 198 199 203 208 213 223 225 226 229 232 234
11 176 184 186 189 192 205 213 221 223 228 232
24 182 187 194 195 197 198 200 202 203 205 206 207 208 210 211 216 217 222 225 226 228 230 231 234
19 176 178 182 183 185 189 190 194 196 198 199 200 203 204 210 224 230 231 234
32 176 179 182 186 187 188 189 190 192 195 196 198 199 200 201 202 204 206 209 210 213 215 216 222 223 224 227 228 230 231 233 234
12 177 180 181 185 186 188 193 204 218 219 224 229
20 177 178 179 183 188 189 190 191 194 203 205 207 209 210 214 216 225 227 228 234
20 182 186 187 189 191 193 197 198 199 205 209 210 212 215 216 228 229 230 232 234
10 181 186 199 201 204 211 219 223 224 227
19 178 179 188 189 191 194 196 199 200 211 213 215 219 221 223 228 229 230 232
13 176 181 185 187 192 198 207 215 219 224 226 228 234
14 176 182 184 190 196 200 202 209 210 217 224 227 228 233
6 197 213 219 223 229 233
12 178 184 187 194 196 208 213 215 216 219 224 226
17 176 177 183 185 190 191 194 199 203 206 208 209 217 223 225 229 233
9 179 183 204 207 212 228 230 231 233
36 178 179 180 181 182 183 188 189 190 191 192 193 194 195 196 198 200 201 202 206 207 215 216 219 221 222 223 224 225 226 228 229 230 231 232 233
9 180 191 192 193 199 202 209 211 217
6 181 185 186 188 204 219
14 182 184 186 192 193 196 199 202 203 204 210 226 228 229
25 176 181 182 183 189 190 193 194 198 199 201 204 207 210 211 217 219 221 223 224 225 227 229 232 233
7 180 185 186 195 213 218 226
10 176 177 185 188 197 200 201 208 214 230
17 176 180 182 183 184 185 190 201 207 208 214 216 217 218 220 225 226
3 200 225 227
14 176 177 180 185 188 190 194 197 200 208 209 219 221 230
5 182 192 196 207 219
8 176 182 184 209 210 217 224 233
9 176 184 186 189 205 213 221 228 232
7 184 186 197 205 208 212 220
9 178 187 194 195 200 213 216 219 226
12 183 190 200 203 206 207 209 212 213 214 220 223
13 181 182 184 200 205 206 212 220 224 227 228 229 232
16 179 180 183 186 191 195 197 205 207 211 212 218 221 222 230 231
18 182 195 197 200 202 205 206 207 208 210 216 222 225 226 228 230 231 234
14 180 190 191 192 193 198 199 202 203 205 209 211 223 227
26 177 179 180 182 184 193 196 198 199 202 203 211 213 214 215 219 220 222 224 227 228 230 231 232 233 234
8 179 197 202 212 213 228 232 233
14 178 188 189 196 199 200 211 213 215 221 228 229 230 232
17 184 186 191 192 193 196 202 204 205 206 210 223 226 229 231 233 234
10 176 177 180 182 197 198 201 212 223 226
21 178 181 183 187 190 192 193 198 199 203 204 205 206 208 211 212 217 227 229 231 234
10 178 181 188 192 199 203 208 223 225 234
4 182 196 207 219
5 200 210 211 225 227
20 180 186 187 188 191 192 193 201 205 206 207 208 209 211 214 217 219 220 222 226
10 176 187 193 199 204 210 214 219 220 225
18 179 185 187 191 195 198 201 204 206 207 214 216 219 220 224 229 231 233
23 178 180 182 188 191 194 195 199 200 202 207 208 209 210 211 212 214 216 222 225 227 228 230
11 183 185 187 192 200 205 216 218 221 227 228
8 188 190 203 207 219 222 229 234
6 181 201 204 211 224 227
13 180 181 184 197 203 204 210 211 214 215 224 228 229
8 178 181 188 192 203 213 226 234
13 180 183 189 195 199 204 210 211 214 217 221 229 231
10 183 186 190 191 193 194 206 208 212 216
21 176 177 179 180 186 189 191 195 201 202 209 210 214 218 219 221 222 223 225 226 232
14 177 180 186 194 196 197 198 201 202 212 214 226 230 232
11 180 185 192 195 196 208 213 218 223 226 230
9 176 180 185 188 190 201 214 221 230
9 176 184 186 192 205 213 223 228 232
13 193 198 204 208 209 214 217 219 220 224 229 230 231
8 177 185 186 197 208 212 213 220
24 176 183 184 187 189 191 194 196 203 205 207 208 209 213 214 215 217 218 221 225 226 228 231 233
17 178 181 183 187 195 207 211 212 213 216 217 218 222 224 225 227 232
7 185 197 205 208 212 213 220
7 181 193 197 203 207 222 225
15 177 182 185 187 191 194 197 198 199 203 205 208 219 227 232
9 185 187 197 203 205 209 212 213 234
18 176 177 183 185 187 190 191 199 200 203 213 217 221 222 223 229 233 234
12 182 201 202 205 206 211 220 221 224 227 228 229
3 194 218 233
6 185 189 193 216 219 220
7 195 203 207 213 219 229 234
24 180 191 192 193 194 195 199 200 201 202 204 210 214 216 217 218 219 221 226 227 228 229 232 233
8 179 183 197 206 212 228 229 231
7 177 187 195 197 222 227 231
11 176 181 185 187 192 207 215 219 224 228 234
12 176 184 190 200 202 209 210 217 224 227 228 233
8 178 184 194 196 200 213 215 219
19 179 184 190 191 193 194 197 200 202 203 209 212 213 216 218 220 222 225 227
13 179 180 187 189 195 196 197 202 204 218 222 224 226
5 187 204 206 227 231
24 177 178 179 180 182 186 188 191 192 194 195 199 202 207 209 210 211 212 214 222 224 225 227 228
10 182 189 192 193 198 210 211 228 230 232
5 181 193 215 222 225
8 183 188 206 228 229 230 231 233
18 182 184 186 191 192 193 196 202 203 205 206 210 226 228 229 231 233 234
14 182 187 189 191 197 198 205 210 215 216 228 230 232 234
7 179 183 188 197 204 212 229
13 180 188 197 200 202 204 210 211 221 228 229 232 233
18 178 179 181 187 195 196 198 202 204 208 216 218 224 226 227 230 231 233
13 178 179 195 211 212 213 217 220 222 224 225 227 232
18 181 182 184 188 191 200 201 202 205 206 211 212 213 220 221 224 231 232
9 189 192 193 198 210 211 214 216 228
16 176 179 182 194 201 202 209 214 215 218 219 222 223 225 226 233
5 183 190 193 223 233
7 179 191 208 210 211 217 231
7 186 195 196 208 213 218 226
29 177 179 180 183 184 187 191 193 196 197 198 202 206 208 209 211 212 213 214 217 219 220 228 229 230 231 232 233 234
18 178 183 184 187 188 190 193 197 198 199 203 206 212 213 224 228 230 234
7 183 197 205 213 219 223 229
14 176 177 183 186 190 192 200 203 206 211 212 213 217 232
12 179 180 181 189 191 208 216 222 224 230 231 233
11 176 177 183 186 190 200 209 213 214 217 232
7 184 188 201 219 221 225 234
12 177 178 181 182 188 190 199 202 203 215 218 234
13 176 183 190 200 203 206 207 211 214 217 220 229 232
21 176 177 179 182 186 189 191 195 201 202 207 214 215 218 219 220 222 225 226 232 233
4 182 196 231 234
12 178 183 185 187 199 200 204 215 216 221 227 228
5 194 200 211 225 227
8 187 189 193 204 214 216 219 220
9 176 181 187 192 198 207 215 219 224
40 176 178 179 180 181 182 183 188 189 190 191 192 193 194 196 198 199 200 201 202 204 206 207 210 211 214 215 216 217 218 219 221 222 223 224 225 227 229 232 233
2 189 218
16 176 181 193 197 198 199 202 212 215 217 219 220 222 229 231 232
14 182 187 189 193 198 199 205 209 210 215 216 229 230 234
9 179 183 186 191 192 207 209 216 217
6 182 192 196 219 231 234
11 176 183 184 189 191 199 213 214 220 223 233
10 190 191 198 199 202 203 205 209 214 217
10 178 185 187 200 205 215 216 218 220 228
8 176 180 189 208 209 214 219 221
10 190 191 192 199 203 205 209 211 217 223
13 179 180 181 187 191 195 196 197 198 202 204 224 233
10 176 181 185 187 198 207 215 224 226 228
14 177 178 180 181 182 183 190 196 199 202 203 215 218 234
10 179 183 188 191 192 209 217 222 224 229
15 176 185 188 189 192 194 195 200 201 204 205 207 210 216 225
10 180 190 192 193 199 202 205 209 214 223
6 176 189 192 205 223 232
8 195 199 201 211 217 221 231 233
19 178 185 187 188 190 197 203 204 205 206 208 211 212 213 217 224 228 230 231
13 187 195 198 200 202 205 207 210 216 217 228 230 234
14 176 177 179 182 186 189 195 210 218 221 225 226 232 233
6 194 200 210 211 212 225
14 176 179 187 190 205 210 212 213 215 216 218 221 224 230
11 176 189 196 204 205 206 210 214 216 224 230
18 176 179 181 183 188 190 200 201 206 207 209 212 213 218 222 228 231 234
6 197 202 215 216 228 233
20 182 187 194 195 197 202 203 205 206 207 208 210 211 217 222 225 226 228 230 231
16 176 177 180 181 184 194 196 197 198 201 212 214 223 226 230 232
8 177 179 197 202 216 228 232 233
12 183 185 187 199 200 204 205 216 218 220 227 228
15 179 182 184 190 191 193 194 202 206 212 213 216 220 223 225
12 179 183 188 197 204 206 207 228 229 230 231 233
27 176 179 186 187 188 190 192 195 196 198 199 200 201 202 206 209 210 213 215 216 222 224 227 228 230 233 234
10 176 183 190 193 194 201 206 208 212 216
10 180 190 193 198 203 209 210 211 214 217
17 177 180 185 186 187 189 191 194 198 199 202 205 211 219 220 227 232
13 179 180 181 184 189 197 202 203 204 223 228 229 233
9 178 184 195 200 208 215 216 219 226
12 176 184 192 194 195 196 211 218 222 224 226 233
16 176 181 185 186 188 189 190 194 195 200 201 205 207 216 218 223
14 176 186 191 193 194 195 198 201 206 208 212 216 217 220
14 176 180 185 188 189 190 194 197 200 201 209 219 221 230
15 181 182 188 191 201 205 211 212 220 221 224 227 228 231 232
33 177 178 180 183 185 186 188 191 192 194 195 197 198 199 200 201 202 203 207 208 209 211 217 220 222 223 225 227 228 229 231 232 233
4 182 207 219 231
13 176 181 189 190 204 206 210 212 214 215 218 221 224
7 196 200 202 210 217 227 233
2 189 218
14 176 184 185 187 189 196 201 206 215 220 221 226 231 234
11 179 187 189 190 206 210 214 215 216 224 230
7 182 184 190 196 202 210 224
7 176 182 193 203 204 210 214
11 179 189 193 208 209 210 211 217 224 225 231
9 178 184 194 196 200 213 216 219 226
13 177 183 192 193 203 206 207 211 212 213 223 229 232
13 176 190 192 203 206 207 213 214 217 220 223 229 232
8 182 184 188 194 201 210 225 234
12 200 202 205 206 207 208 210 216 226 228 230 234
28 178 179 180 184 185 186 187 194 195 196 198 199 200 205 206 211 213 214 217 219 220 223 226 227 228 230 231 234
32 178 180 181 182 183 188 190 192 193 198 199 200 201 202 204 207 210 214 215 216 219 221 222 223 224 225 226 228 229 230 231 233
16 181 182 184 188 200 201 205 206 211 212 213 224 227 228 229 232
6 178 199 205 209 213 225
14 176 181 198 202 212 215 219 220 221 222 224 229 231 232
27 177 182 184 187 193 196 197 198 199 202 203 206 208 209 211 212 214 217 219 220 222 224 227 229 231 233 234
12 180 191 192 193 198 199 202 203 209 210 214 223
18 177 178 179 182 186 188 194 199 207 208 210 211 212 216 222 224 225 228
13 180 186 189 195 199 210 211 214 217 229 231 232 233
16 176 179 187 189 196 204 205 206 210 212 213 214 215 224 226 230
14 180 181 182 184 186 196 198 201 202 212 223 226 230 232
3 177 188 208
25 179 182 183 184 187 191 193 196 197 198 199 202 203 206 208 209 213 215 217 222 227 228 230 231 234
10 178 179 180 188 201 202 207 213 219 231
6 194 200 210 211 212 227
13 177 178 181 188 190 201 207 213 217 221 223 225 231
19 176 177 185 187 190 191 194 195 200 203 206 208 209 221 222 225 229 231 233
2 189 233
7 194 199 201 210 225 228 234
9 188 190 195 207 219 222 229 233 234
10 176 181 198 207 215 219 224 226 228 234
6 187 197 224 227 231 234
16 177 178 181 183 185 194 197 205 211 217 218 219 221 226 229 232
11 181 205 210 212 213 214 216 221 224 226 230
17 180 181 182 184 185 186 190 198 201 203 205 207 208 210 212 216 220
20 176 177 178 180 187 193 194 196 198 199 208 209 217 222 223 225 226 230 233 234
11 177 178 180 181 182 183 190 202 215 218 234
13 182 184 193 194 196 200 203 209 220 222 223 225 227
8 184 199 201 210 219 225 228 234
25 178 181 183 185 187 188 190 192 193 196 198 199 200 203 205 206 208 211 212 213 224 228 229 231 234
16 176 177 180 186 189 191 194 195 207 209 210 214 215 221 223 225
11 176 181 182 186 189 201 218 221 225 232 234
37 176 178 180 181 182 183 188 189 190 191 192 193 195 198 199 200 201 202 204 206 207 211 214 215 216 219 221 222 223 224 225 226 227 228 229 230 233
27 178 181 183 185 188 190 192 193 196 197 198 199 200 203 206 208 211 212 213 216 217 227 228 229 230 231 234
32 176 179 180 181 182 188 189 190 191 193 194 195 196 198 199 200 201 204 206 210 211 214 215 217 218 221 222 223 229 230 231 232
17 182 185 186 187 189 191 197 199 202 203 214 219 220 224 225 227 233
9 180 185 186 192 196 213 218 226 230
25 176 180 181 182 189 190 191 192 193 194 195 196 199 201 204 206 207 215 218 219 221 224 226 231 233
9 184 186 189 192 205 213 223 228 232
14 180 181 186 187 193 201 206 207 214 217 218 225 227 229
5 193 197 205 219 233
8 190 195 203 219 222 229 233 234
10 179 189 191 193 208 209 211 217 224 231
21 176 177 179 180 182 186 189 194 195 201 209 210 215 219 220 221 222 223 225 232 233
12 176 182 185 189 190 196 200 204 210 230 231 234
33 177 180 181 182 184 185 186 187 188 190 191 192 194 195 197 200 203 206 211 213 214 215 216 218 220 222 223 225 227 229 231 233 234
40 176 179 180 181 182 183 184 186 187 188 190 192 193 195 198 199 200 202 203 205 206 207 208 209 211 212 213 214 217 218 221 222 224 226 227 228 229 230 232 234
21 177 178 180 183 185 186 188 196 197 204 205 210 211 212 213 216 217 218 223 225 231
33 176 177 178 182 183 186 187 189 190 191 192 194 195 197 199 201 203 205 207 210 211 212 213 214 216 217 222 223 225 229 231 232 233
38 176 177 178 179 180 182 183 184 185 188 191 192 193 194 196 198 200 201 202 203 204 205 206 207 208 209 211 213 217 220 221 223 225 227 229 231 233 234
35 176 177 178 179 180 181 182 184 187 188 190 195 196 197 198 200 201 205 207 208 209 210 212 214 215 216 217 218 220 222 223 224 228 230 232
37 177 178 182 183 185 188 189 190 193 194 195 197 198 199 201 202 203 204 207 208 209 211 213 214 216 220 221 224 226 227 228 229 230 231 232 233 234
18 178 182 184 185 187 189 192 193 195 202 216 217 220 222 223 231 232 233
35 178 181 183 184 185 187 188 190 192 193 194 195 196 197 198 200 201 204 205 208 209 215 216 218 219 221 222 223 224 225 226 227 228 231 233
33 176 177 178 179 180 182 183 184 185 186 187 188 189 194 196 197 199 200 201 202 208 212 214 217 219 220 221 223 225 226 228 231 234
38 177 178 179 180 182 184 185 187 189 190 191 192 193 197 199 200 201 202 203 205 206 208 209 212 214 216 217 218 219 220 223 224 226 228 229 230 232 233
39 177 179 183 184 186 187 188 190 191 194 195 196 199 200 201 203 204 205 206 207 208 209 211 212 214 216 217 218 219 221 222 225 226 228 229 230 232 233 234
33 176 177 179 182 183 187 188 189 190 191 193 194 195 196 197 200 203 206 207 209 211 213 215 219 221 222 224 225 227 228 229 232 234
35 176 179 182 184 185 186 187 191 192 194 195 196 198 201 202 203 204 205 207 208 212 213 216 218 219 221 222 223 225 228 230 231 232 233 234
23 176 177 179 180 181 185 189 194 196 199 200 202 205 208 209 212 214 215 225 227 228 229 230
34 178 179 180 181 182 184 185 188 189 190 191 192 193 194 195 196 197 201 204 207 209 214 215 217 218 222 224 225 227 228 229 230 231 234
29 176 180 181 182 184 187 191 193 196 197 198 201 206 207 208 209 210 212 213 215 216 217 219 221 222 229 230 232 234
34 178 179 181 182 183 184 185 186 187 188 190 192 193 194 195 196 197 198 199 200 203 205 206 210 212 222 223 224 226 227 228 229 230 231
38 177 179 180 181 182 185 187 190 192 193 194 195 196 197 199 200 201 202 203 205 206 207 208 210 212 214 217 219 221 223 224 227 228 229 230 231 232 234
25 178 180 184 185 190 191 192 197 200 204 206 208 211 212 213 216 218 224 225 226 229 230 232 233 234
25 176 177 178 179 180 182 183 185 186 187 192 193 194 197 200 206 208 211 220 223 224 227 228 231 234
26 177 178 179 181 183 185 187 188 191 193 196 197 198 202 207 208 212 216 217 218 219 223 224 226 228 230
34 177 178 180 181 182 183 184 185 188 189 193 194 196 198 201 206 208 209 212 213 214 215 217 218 219 224 226 227 228 229 230 231 232 233
18 177 181 182 187 188 192 195 196 197 201 204 209 211 217 220 228 232 234
25 179 187 190 193 194 195 196 197 200 203 204 208 212 213 215 216 222 223 224 225 226 229 231 232 234
39 176 177 178 181 182 185 187 188 189 190 191 193 195 199 201 203 204 205 207 208 209 212 213 214 215 216 217 218 219 222 223 224 225 226 228 229 231 233 234
40 176 177 178 179 180 183 184 186 189 191 193 195 196 198 200 201 203 204 207 208 209 210 211 212 213 214 215 216 218 220 222 223 225 226 227 230 231 232 233 234
30 177 181 182 183 185 186 191 193 195 196 199 202 203 206 209 210 211 212 213 216 217 218 220 221 222 224 225 227 230 233
31 176 179 181 183 185 186 189 191 192 193 194 195 196 197 198 201 203 204 205 209 211 212 213 215 220 221 223 225 226 227 231
26 176 179 185 188 189 190 191 193 194 195 196 200 204 207 209 213 214 217 220 222 223 226 227 228 229 230
25 177 179 180 184 187 189 192 193 201 202 208 210 211 215 216 218 219 220 226 228 229 230 232 233 234
24 178 182 183 191 193 194 196 201 202 203 208 211 214 215 216 217 218 223 224 225 227 229 233 234
26 179 184 188 190 194 197 200 201 202 206 207 209 211 212 213 214 215 216 219 220 226 227 228 230 231 233
23 178 181 182 184 185 186 191 193 196 198 202 207 208 212 214 215 220 221 223 225 227 230 233
32 176 177 179 180 181 182 183 184 186 190 191 192 193 201 202 203 204 206 208 209 213 214 215 216 217 218 221 224 225 229 230 234
36 176 177 179 181 184 186 189 192 194 196 197 198 199 200 201 202 204 205 206 209 210 211 213 215 217 219 221 223 225 226 227 228 230 232 233 234
21 176 180 181 183 186 192 195 200 202 203 206 210 211 214 215 222 223 229 230 231 233
34 177 178 179 180 181 182 183 184 185 186 188 189 194 201 203 205 206 207 208 209 211 212 216 217 219 222 223 225 227 228 229 232 233 234
26 176 177 178 181 186 187 189 190 191 193 194 195 199 200 202 203 204 210 211 213 214 218 221 227 229 234
17 177 185 194 195 198 199 203 206 208 209 212 213 218 219 220 232 234
38 177 178 179 181 183 185 188 191 192 196 197 199 200 201 204 205 208 210 211 212 213 215 216 217 218 219 220 221 222 223 224 225 227 229 230 231 233 234
24 176 179 180 182 183 185 186 188 192 196 200 201 202 205 207 209 210 212 215 216 217 220 225 228
36 176 177 179 180 183 185 190 191 192 194 195 196 200 201 202 203 204 206 208 209 210 211 212 213 218 221 224 225 226 227 229 230 231 232 233 234
39 176 177 181 183 184 185 186 188 189 190 191 193 194 195 196 198 203 205 206 207 208 209 210 212 213 214 216 217 219 221 222 223 225 226 227 228 232 233 234
31 176 178 180 183 184 185 188 190 194 197 199 200 203 206 207 208 210 211 212 216 217 221 223 224 225 228 229 230 232 233 234
18 177 180 183 184 190 195 196 199 200 202 204 206 207 211 218 227 232 233
35 177 180 181 185 186 187 188 189 190 191 193 194 196 198 199 200 202 203 204 205 206 207 208 211 212 216 217 219 220 221 223 225 229 231 233
22 178 180 181 185 188 190 192 193 195 196 197 203 204 206 207 208 219 224 226 227 228 233
37 176 178 179 180 181 182 183 184 185 186 187 191 192 193 194 195 196 197 198 200 201 204 205 206 208 209 210 216 218 219 220 223 227 228 231 232 234
35 183 185 186 187 188 189 193 194 195 196 197 198 200 203 204 208 209 210 211 212 213 214 215 216 217 218 219 220 223 224 227 228 230 233 234
29 176 177 179 181 183 185 188 189 190 194 198 199 202 203 206 211 212 213 214 215 217 218 219 224 225 226 228 231 233
28 178 180 181 182 184 187 188 189 191 192 193 194 195 200 201 206 208 210 211 212 214 215 217 220 224 226 227 234
23 176 179 180 185 186 189 190 193 197 200 202 203 208 209 211 216 219 223 227 229 230 232 234
32 177 178 181 183 184 185 187 189 191 192 193 194 196 198 203 207 211 212 213 216 218 219 220 221 222 224 225 227 228 229 230 231
29 180 185 187 188 189 192 193 194 196 199 202 205 207 208 209 212 213 215 217 220 224 225 226 228 229 230 231 232 233
18 176 179 181 183 185 187 192 204 205 209 212 213 214 216 219 225 227 228
21 177 180 182 183 185 186 189 190 193 198 199 202 206 210 214 217 223 225 228 231 234
21 177 179 185 186 188 191 198 199 200 210 212 216 219 220 221 222 223 225 229 232 234
31 177 178 179 182 183 186 189 195 196 197 200 202 205 206 208 210 211 215 216 217 220 221 222 223 224 225 227 230 231 232 233
23 177 179 180 181 182 184 186 187 188 189 202 204 210 213 214 218 223 225 226 229 230 233 234
33 176 177 178 180 181 182 183 185 186 188 189 191 192 193 195 197 199 203 207 208 209 210 214 215 216 219 220 222 227 229 230 232 234
23 179 180 184 187 190 191 198 199 200 201 204 208 209 215 217 218 219 221 224 226 227 228 233
32 176 180 181 182 185 186 187 188 189 193 194 195 198 199 200 201 205 207 209 210 211 215 216 217 218 220 221 224 227 228 229 230
37 177 179 180 182 184 186 187 188 189 190 192 193 195 196 197 199 200 202 205 206 207 208 209 210 213 215 221 222 223 224 225 227 230 231 232 233 234
27 176 177 178 180 182 184 187 190 196 197 201 203 205 206 207 208 210 212 213 216 223 224 225 227 229 231 233
22 177 181 182 185 186 190 191 192 196 200 204 205 209 210 211 214 220 222 225 227 230 232
36 177 178 179 180 181 182 183 184 185 186 187 188 189 192 194 195 196 198 199 200 201 202 208 209 210 212 213 216 220 221 222 223 226 228 229 230
40 177 178 180 181 185 186 187 188 189 191 192 193 195 196 197 198 200 202 203 205 206 208 209 210 211 212 214 216 217 219 220 221 223 224 225 226 227 229 232 234
40 176 177 178 179 180 182 184 185 187 188 190 191 193 194 196 199 200 201 205 206 210 211 212 213 214 215 216 217 219 222 223 224 225 226 227 229 230 231 232 234
27 180 182 188 194 195 198 199 200 203 207 209 211 213 215 216 217 220 221 222 223 226 227 228 229 232 233 234
29 177 181 182 183 185 190 191 193 194 195 197 198 199 201 204 205 208 210 211 213 214 215 218 220 224 225 227 231 233
32 180 182 183 185 188 189 194 195 198 199 200 202 203 205 206 209 210 211 212 213 214 215 216 217 218 220 221 222 223 227 230 234
35 176 177 178 180 183 184 190 191 193 194 200 205 206 207 208 209 212 213 214 215 216 217 218 220 221 222 224 225 226 228 230 231 232 233 234
39 176 178 179 180 181 182 184 187 189 190 194 195 196 197 199 200 202 203 205 206 207 208 210 211 212 213 214 215 217 219 220 222 223 225 227 228 229 230 231
24 176 177 178 180 185 186 188 191 196 197 203 205 206 207 213 214 215 218 227 228 231 232 233 234
18 176 177 183 184 186 187 194 202 206 208 209 214 215 221 223 225 228 229
22 179 180 186 188 192 193 197 198 200 207 208 209 210 214 216 217 221 226 228 229 231 232
19 176 179 182 183 187 188 191 193 199 200 201 209 215 217 222 224 228 230 231
23 176 179 181 182 183 188 190 196 197 198 201 202 203 205 206 207 210 221 222 225 228 231 232
18 183 185 187 190 193 197 199 203 206 207 208 210 214 217 218 222 225 232
33 177 178 180 182 183 185 188 189 191 195 196 197 199 201 202 203 204 209 210 214 215 216 219 224 225 226 227 228 229 230 231 232 234
27 176 178 181 186 187 189 191 192 196 197 206 207 209 210 211 213 214 215 216 217 218 221 227 229 232 233 234
32 176 178 179 181 183 184 185 187 192 193 196 198 199 203 204 206 208 209 210 216 218 219 220 222 224 227 228 229 230 232 233 234
24 177 178 180 181 182 186 189 190 192 193 194 196 197 198 204 205 209 210 211 214 217 223 224 226
24 177 179 180 182 188 189 190 195 199 200 202 204 211 212 215 216 220 222 223 224 227 229 233 234
28 180 182 183 184 185 188 189 190 191 192 193 195 199 201 202 204 205 207 208 215 216 217 220 224 227 228 230 232
36 176 177 178 181 185 186 187 188 189 190 191 192 193 195 196 197 198 199 202 204 205 206 207 208 209 212 216 218 220 223 224 226 231 232 233 234
28 176 179 184 185 187 188 189 194 196 198 199 204 206 208 209 212 215 217 218 219 220 223 225 226 227 228 233 234
36 176 182 183 184 186 187 188 189 190 191 192 194 195 196 197 198 199 202 204 205 207 208 209 211 212 214 215 218 219 225 226 227 228 231 232 234
19 179 181 182 185 190 191 192 195 201 203 204 206 208 209 212 215 217 220 222
25 177 179 183 185 186 188 191 192 194 195 197 199 201 202 205 208 211 215 217 218 222 223 225 228 232
35 178 180 181 183 184 185 188 191 192 196 198 201 202 203 204 205 208 209 212 213 214 215 217 219 220 223 224 225 226 227 228 229 230 231 234
39 176 179 180 181 182 184 189 192 194 195 196 197 198 199 200 201 202 203 204 205 206 207 208 209 210 212 214 215 218 219 224 225 226 229 230 231 232 233 234
31 176 177 178 181 182 185 186 187 188 189 190 191 192 193 194 196 197 198 199 204 208 210 211 214 216 218 219 221 228 230 231
22 176 178 179 181 184 185 186 187 190 192 196 199 202 205 209 221 222 223 224 226 229 233
27 176 177 179 180 181 183 184 186 188 193 194 195 196 201 202 203 206 207 208 210 211 216 220 222 223 231 234
31 177 179 181 182 185 186 187 192 193 194 198 199 200 202 206 209 215 217 218 219 222 223 224 225 226 229 230 231 232 233 234
31 178 180 183 184 185 186 187 189 192 193 194 197 198 200 207 208 209 210 213 215 217 218 220 224 226 227 228 231 232 233 234
30 176 180 181 184 186 190 191 192 193 195 196 198 200 201 204 205 206 207 208 211 213 215 216 217 222 223 225 226 227 230
37 176 177 178 180 183 185 187 188 189 190 193 194 195 196 197 200 203 204 205 208 213 214 215 216 217 218 221 223 224 225 226 227 229 230 231 232 233
18 177 178 180 183 185 192 193 195 198 199 206 211 212 217 219 227 228 234
21 177 184 186 187 192 194 195 197 198 199 201 202 204 209 214 221 225 227 228 230 231
40 176 178 179 180 183 184 188 189 190 192 193 194 195 196 198 200 201 202 203 204 205 206 207 210 211 212 214 215 217 218 219 220 222 223 224 227 229 232 233 234
39 176 177 181 182 183 185 186 188 189 190 191 192 193 195 197 198 199 200 202 203 206 207 209 210 211 213 214 215 218 220 221 223 225 229 230 231 232 233 234
37 177 178 180 183 184 185 187 188 192 193 197 198 199 200 201 202 203 204 205 206 207 209 210 213 215 216 217 220 222 223 224 226 227 228 231 232 233
30 177 178 179 180 184 185 189 190 191 193 195 196 197 200 202 205 208 212 213 215 216 217 218 220 225 227 229 230 233 234
30 176 179 180 189 190 196 197 198 199 200 203 204 206 209 211 212 214 215 217 218 219 221 222 223 225 226 230 231 233 234
28 176 178 180 182 184 194 195 196 200 201 203 204 205 207 208 209 210 212 218 220 221 222 225 227 228 229 230 231
26 181 183 184 185 187 188 189 190 191 192 196 197 200 201 202 203 207 213 215 216 220 221 223 228 229 230
29 176 177 180 183 184 185 186 187 188 190 192 193 199 201 203 204 206 207 210 213 216 220 221 222 224 225 229 231 232
26 176 177 179 183 185 187 189 190 191 193 195 196 197 199 200 208 212 213 216 218 220 225 226 228 229 234
30 177 179 180 184 185 187 190 191 193 196 197 198 199 200 202 203 206 207 210 211 213 214 218 219 222 224 229 230 233 234
27 177 181 182 185 186 189 190 192 193 195 197 198 200 201 203 204 206 209 211 213 214 216 218 222 223 227 230
35 176 178 179 181 182 184 187 188 189 190 192 194 195 196 198 200 201 202 203 204 205 207 208 212 213 216 222 224 225 227 228 229 230 231 232
17 176 180 181 186 188 190 192 194 196 201 203 204 210 217 224 227 229
30 176 177 178 179 182 183 184 186 188 189 192 193 194 200 203 207 211 212 213 215 216 218 222 223 225 226 227 230 233 234
37 176 177 179 180 184 186 187 189 190 192 193 194 198 199 201 202 203 204 206 207 208 210 211 212 213 214 216 217 221 222 223 225 228 230 232 233 234
30 176 178 179 180 181 185 188 189 190 193 194 197 203 204 205 207 208 209 211 212 214 217 219 220 224 225 228 230 232 233
28 176 177 178 179 181 183 184 185 186 188 190 191 193 194 195 197 199 201 202 204 212 213 215 219 222 224 226 229
40 176 177 178 179 180 181 182 183 184 185 186 187 188 189 191 192 194 196 197 200 201 202 204 205 207 208 211 212 217 219 220 221 223 224 226 228 231 232 233 234
35 176 177 179 180 181 183 185 187 188 189 191 192 193 195 196 198 202 203 204 205 207 209 212 213 215 216 217 218 221 222 225 226 229 232 234
21 178 180 185 188 189 191 192 193 194 198 199 201 210 211 212 213 220 224 231 233 234
33 176 177 179 181 182 183 185 186 191 192 193 196 197 199 202 203 205 206 207 208 209 212 213 216 217 220 223 224 225 228 230 232 234
33 176 177 178 179 180 182 183 184 185 189 190 194 195 197 198 200 202 203 205 207 208 209 210 212 213 217 220 221 226 228 229 232 233
32 178 179 181 183 186 188 189 192 193 194 196 199 201 202 205 206 207 208 210 211 213 214 216 218 224 225 227 229 230 231 233 234
33 176 177 179 181 182 184 189 190 191 192 193 194 196 198 199 200 201 202 204 211 213 214 216 218 219 220 223 224 225 226 228 231 234
38 177 178 179 181 183 184 186 191 192 193 196 198 200 201 202 203 204 205 207 208 210 212 213 214 215 217 218 219 220 223 224 225 226 227 230 232 233 234
32 176 178 181 182 183 185 186 187 188 189 191 192 193 195 197 198 199 201 203 205 208 209 210 213 219 220 222 223 228 232 233 234
20 176 178 188 190 198 199 203 205 209 210 211 212 214 215 216 218 219 224 228 234
25 177 178 182 183 186 188 190 191 192 194 196 197 198 200 202 207 209 211 215 216 221 224 226 227 229
31 177 180 181 182 183 184 187 188 189 190 191 194 195 202 203 204 205 206 208 209 210 214 215 216 217 220 221 226 227 230 233
35 176 178 181 183 184 185 186 188 194 196 197 198 200 203 204 209 210 211 212 216 217 218 219 220 221 222 223 225 227 228 229 230 231 232 234
31 178 180 181 184 185 186 187 189 191 196 197 198 200 203 204 206 207 208 209 210 211 214 216 219 220 223 224 228 231 232 233
22 177 185 191 193 194 199 203 204 208 210 211 212 213 214 215 216 217 220 230 231 233 234
37 177 178 180 182 183 184 188 189 190 191 192 196 199 200 202 204 206 207 208 210 212 213 214 215 219 220 221 223 225 226 227 228 229 230 231 232 233
30 176 177 178 179 180 181 182 183 185 186 188 189 194 195 197 199 201 202 205 208 211 217 218 219 220 222 223 228 231 232
33 176 178 181 185 186 189 191 193 194 196 199 200 203 204 205 206 207 208 210 211 212 213 214 217 219 220 222 223 225 230 231 233 234
37 176 177 178 179 180 181 183 185 186 187 188 189 190 192 193 194 195 196 197 199 203 204 207 208 211 213 219 220 221 223 224 227 228 231 232 233 234
38 176 179 180 181 183 184 185 186 187 188 189 191 192 193 194 195 197 202 205 206 207 208 210 211 212 214 215 216 218 219 220 222 228 230 231 232 233 234
35 178 179 180 181 182 183 184 185 186 187 188 189 192 193 196 197 198 200 201 202 207 208 210 211 212 213 214 217 219 222 223 230 231 232 233
27 178 181 183 186 187 188 189 190 191 192 193 194 195 198 199 201 202 204 209 210 212 213 215 216 217 225 227
27 176 177 178 182 184 193 195 196 197 198 202 206 207 208 209 210 212 215 216 218 219 221 224 225 228 230 233
20 176 178 181 183 187 188 192 198 202 204 207 208 209 210 213 214 216 218 227 230
38 176 177 178 179 180 181 182 184 185 186 188 189 190 191 192 193 195 196 197 199 200 203 208 210 211 215 216 217 218 219 220 221 222 224 225 226 227 234
35 177 178 179 182 183 186 187 189 190 191 192 193 194 195 196 199 200 203 204 206 207 208 209 210 212 213 214 215 218 224 226 227 229 231 234
23 177 180 182 183 184 185 187 191 192 207 210 214 216 217 218 219 220 222 224 226 232 233 234
24 176 177 180 183 185 188 189 190 193 194 195 196 201 208 210 211 217 219 222 225 226 231 233 234
36 176 178 181 183 184 188 189 190 192 193 194 197 199 200 201 202 203 207 208 210 211 212 213 214 216 219 221 222 223 224 225 226 227 228 230 232
35 177 178 181 184 185 186 187 190 191 193 194 197 198 199 200 201 202 204 206 207 208 209 211 212 215 216 219 220 226 227 228 229 230 231 233
40 176 178 179 180 181 183 184 185 186 189 191 192 193 195 196 198 199 202 203 204 205 206 209 210 214 215 216 217 218 219 220 221 222 225 226 228 231 232 233 234
21 176 185 186 188 189 192 193 198 201 203 205 206 208 214 215 216 217 218 223 226 230
24 178 180 185 186 189 191 192 193 198 202 203 204 209 217 218 220 224 225 227 228 229 232 233 234
37 178 179 180 181 182 187 188 191 192 197 198 199 200 202 203 204 205 207 208 210 211 212 214 216 219 220 221 222 223 224 225 226 227 228 229 230 231
21 179 181 184 185 186 188 189 190 196 201 205 210 212 214 215 218 220 223 224 229 230
34 177 178 180 185 186 187 189 192 193 194 195 196 197 198 199 200 204 205 207 209 212 214 215 217 218 220 221 223 224 226 227 229 231 232
39 176 177 178 179 180 181 183 185 187 188 189 190 192 194 197 199 201 202 203 204 205 210 211 212 213 215 218 219 220 221 223 224 225 228 230 231 232 233 234
37 176 180 183 187 188 189 190 191 192 193 194 195 196 199 201 202 204 207 209 210 212 213 214 215 216 218 219 220 222 223 224 226 227 228 229 230 232
33 177 180 182 183 184 186 187 188 190 191 192 193 196 197 200 204 207 208 209 211 212 213 214 215 216 218 219 220 222 223 227 232 233
24 176 184 187 188 191 192 198 201 203 204 205 209 211 215 217 223 224 226 227 228 229 232 233 234
19 178 181 183 186 191 199 206 207 208 210 212 214 218 219 220 227 228 231 232
36 176 177 180 181 184 185 187 188 190 191 192 193 194 195 196 197 199 201 203 205 209 210 212 213 214 215 218 220 222 224 225 227 228 230 231 234
31 178 181 183 185 186 187 190 193 195 196 200 203 206 212 213 214 215 217 218 219 222 223 224 225 227 228 230 231 232 233 234
34 176 177 181 183 184 185 186 188 189 190 191 192 195 198 199 200 201 204 207 209 210 211 213 214 215 216 217 218 221 222 223 227 228 230
25 178 180 181 185 186 189 192 195 197 203 205 206 207 209 210 213 214 216 218 221 222 223 227 231 233
40 177 179 180 182 184 185 186 187 188 189 190 191 192 193 194 196 198 199 200 202 203 204 207 210 211 214 215 217 218 219 220 221 222 224 226 227 228 231 232 234
30 179 180 181 183 188 189 193 195 196 199 200 201 204 205 206 207 208 210 212 216 218 219 223 224 226 227 228 229 230 234
26 176 180 181 182 183 184 186 187 188 189 194 196 197 199 200 202 207 208 211 212 214 215 216 217 225 226
29 176 178 179 182 186 189 190 194 198 200 201 205 206 208 209 210 215 216 218 219 221 222 223 224 230 231 232 233 234
41 176 178 179 180 182 183 189 190 191 193 194 196 199 201 202 203 204 205 207 208 210 211 212 213 214 215 216 217 218 220 221 223 225 226 227 228 229 230 231 232 233
34 176 177 178 180 182 183 187 188 189 191 196 197 199 201 202 203 204 205 207 208 213 215 216 217 218 221 223 225 228 229 230 231 232 234
37 179 181 184 185 186 187 188 190 191 193 194 196 197 200 202 203 204 205 207 210 211 212 214 215 216 219 220 221 222 223 225 226 229 231 232 233 234
28 176 178 180 181 183 184 189 190 192 195 196 198 199 200 201 203 207 214 215 217 218 222 223 225 228 232 233 234
34 176 179 180 182 183 185 186 189 190 191 192 194 197 199 200 202 206 207 210 213 214 215 216 219 220 222 224 226 227 229 231 232 233 234
23 177 180 185 189 191 194 197 201 202 203 206 211 217 218 220 221 224 225 226 227 228 232 234
33 178 179 184 185 186 187 188 191 193 194 197 198 200 205 206 207 208 209 210 211 213 215 216 217 219 221 222 225 226 228 232 233 234
24 176 179 180 184 187 188 195 198 203 204 205 209 212 213 215 223 224 225 226 229 231 232 233 234
21 178 182 183 184 189 190 191 194 196 203 205 206 208 214 215 216 219 226 227 231 234
40 176 178 179 180 182 184 185 186 187 188 194 196 197 198 201 202 203 204 205 207 208 209 210 211 212 213 214 216 218 219 221 222 223 224 225 227 229 231 232 234
33 178 180 183 184 186 187 191 192 194 195 196 197 200 202 203 204 205 206 207 209 211 213 214 216 218 220 222 224 226 227 228 229 231
20 176 177 180 181 182 188 192 201 202 203 204 205 207 209 211 215 216 221 225 231
22 176 178 181 182 186 188 190 191 193 198 200 203 206 207 208 212 214 217 219 220 222 228
25 178 179 180 182 183 184 186 188 193 196 200 202 204 207 208 209 211 212 215 221 222 223 226 228 230
21 177 179 180 183 189 190 194 197 199 202 204 205 210 211 212 216 219 220 221 228 232
33 176 177 180 181 182 184 185 186 192 193 195 196 197 201 205 206 209 211 212 213 216 218 219 221 224 225 226 227 228 230 231 232 234
25 177 178 180 181 184 187 190 194 196 197 200 202 205 208 209 212 214 215 218 220 222 229 230 232 233
33 176 177 182 183 185 186 189 190 191 192 194 196 198 199 200 202 203 207 208 210 211 214 218 221 222 223 225 226 227 229 230 233 234
31 176 178 181 184 185 186 187 188 190 191 192 194 195 196 199 205 207 209 210 211 212 222 224 225 226 227 228 229 230 231 234
31 176 178 180 181 182 183 184 189 190 191 193 195 196 197 198 199 201 206 211 212 213 218 220 221 222 224 225 226 228 229 234
34 178 180 182 184 185 186 187 188 189 190 191 192 193 194 198 200 202 203 204 205 211 212 213 215 217 219 222 223 224 226 227 230 232 234
34 178 181 183 184 185 186 187 188 190 192 194 195 196 199 201 202 205 206 207 208 210 214 216 217 218 220 221 222 224 225 228 230 231 233
28 176 178 180 182 183 184 185 188 191 193 194 195 199 201 206 210 211 214 215 216 217 218 219 222 223 224 227 228
35 177 178 179 180 181 186 187 188 189 190 193 194 196 197 198 200 201 203 204 205 206 208 209 211 212 213 214 218 220 223 226 227 229 232 233
39 176 177 180 181 182 184 185 186 187 188 189 190 191 192 194 197 199 202 203 204 206 207 208 213 214 216 217 218 219 220 221 223 225 227 228 229 230 231 234
30 177 180 184 186 187 190 193 197 198 199 200 201 204 206 208 211 212 213 214 215 216 217 218 220 224 225 226 230 231 233
29 178 183 185 187 189 192 193 195 199 200 202 204 206 210 211 213 214 216 217 219 220 221 222 224 226 227 229 230 232
31 178 179 182 185 186 187 190 194 195 200 201 202 203 205 206 209 212 213 215 216 218 220 221 222 224 226 227 228 230 232 234
36 177 183 184 186 188 189 194 195 196 197 198 199 200 201 203 204 206 211 212 213 214 215 216 217 218 219 220 221 222 226 227 230 231 232 233 234
26 176 179 183 184 185 188 190 191 193 197 200 203 211 212 213 214 215 218 220 221 222 224 228 231 232 234
36 177 180 181 182 185 186 187 188 190 191 192 194 195 197 198 200 201 202 203 204 205 208 209 211 216 218 220 221 224 226 227 228 230 231 233 234
31 177 179 183 185 186 187 188 189 190 192 193 194 196 197 200 202 204 208 211 212 213 214 215 216 217 219 220 226 231 233 234
38 176 177 178 179 184 186 187 189 192 194 196 197 199 202 204 205 206 207 208 209 210 211 212 213 214 215 216 217 218 219 220 221 224 225 229 230 231 233
31 176 177 178 181 183 187 188 189 191 192 193 194 196 200 203 204 207 208 211 212 213 214 217 220 221 223 225 226 230 232 233
39 176 178 182 183 184 185 187 188 189 190 191 193 196 197 198 199 201 203 204 205 207 208 209 210 211 212 213 215 217 218 220 221 222 223 225 226 227 229 233
23 176 180 183 187 188 189 192 194 195 197 200 202 204 212 214 215 216 220 222 225 228 231 234
24 177 181 182 184 188 190 195 200 201 204 206 210 213 215 216 218 222 223 226 227 229 230 231 233
38 176 177 178 180 181 182 183 185 186 187 188 189 190 191 194 195 197 198 200 201 206 207 208 209 214 217 219 221 222 223 224 226 227 228 230 231 233 234
20 177 181 184 185 189 192 194 195 197 198 202 205 211 220 222 224 230 231 233 234
7 240 245 249 253 254 255 258
6 238 242 243 248 250 257
7 235 239 244 247 251 252 256
8 235 238 241 242 243 245 255 256
7 241 245 246 248 250 253 258
15 236 241 243 244 246 248 249 250 251 252 253 255 256 257 258
9 237 241 244 245 248 254 255 256 257
12 236 237 240 241 243 245 249 250 251 253 255 256
7 243 244 245 246 248 250 253
7 240 242 243 244 247 254 257
12 235 238 239 242 244 246 247 248 252 254 257 258
5 235 238 242 249 254
4 240 241 242 250
16 235 236 238 239 240 245 246 247 248 249 250 251 253 255 256 258
9 235 237 238 239 240 242 245 247 254
12 235 236 240 242 244 245 246 247 253 254 255 258
6 235 243 253 255 256 258
8 238 244 246 247 251 253 256 258
1 236
7 235 238 247 252 255 256 257
9 237 238 239 242 243 245 246 257 258
8 235 236 237 238 244 245 248 253
9 236 240 244 248 249 251 253 255 256
12 236 238 242 243 244 245 247 249 252 253 255 256
11 236 241 244 245 247 248 251 252 253 255 258
12 238 239 240 241 242 244 246 248 249 250 254 257
8 237 241 242 243 244 252 254 257
14 235 237 238 240 241 242 243 244 249 251 253 254 256 257
6 243 246 250 251 254 255
15 235 236 238 239 240 242 243 246 247 249 250 251 252 253 258
6 235 240 247 249 251 258
2 239 246
9 236 238 240 243 244 247 251 253 257
6 236 237 245 247 251 252
17 236 237 239 240 241 242 243 244 245 246 248 249 250 251 253 254 258
6 235 241 247 250 252 254
5 237 239 243 246 257
12 236 237 238 239 241 247 248 249 250 251 252 253
7 238 244 245 248 252 253 254
5 236 237 242 246 250
4 243 248 250 255
6 239 241 243 255 256 257
9 240 241 246 247 248 252 254 257 258
6 236 243 246 251 253 254
14 235 237 238 239 242 243 244 245 249 250 251 253 255 256
3 240 250 256
4 239 241 244 257
7 235 238 240 242 249 255 256
4 239 249 257 258
12 235 240 242 243 244 245 246 254 255 256 257 258
6 235 246 250 251 254 257
10 235 239 242 244 247 249 250 252 255 256
6 235 245 248 249 252 255
7 237 245 247 248 250 252 258
9 237 239 241 242 246 250 254 256 258
12 237 238 239 241 243 248 249 250 251 252 256 257
6 235 237 239 240 244 254
10 236 237 244 247 249 251 254 255 257 258
14 236 237 238 240 241 243 245 246 248 251 253 254 257 258
8 235 238 243 245 248 252 253 256
10 236 237 238 241 245 248 251 255 256 258
12 235 236 237 239 240 241 242 245 249 252 254 257
6 237 239 240 241 248 258
5 237 246 252 253 258
11 236 238 242 243 247 249 251 252 255 256 257
17 235 236 237 238 239 240 241 242 247 249 251 252 254 255 256 257 258
4 236 237 241 246
10 236 239 245 246 247 248 250 252 255 258
7 235 239 246 249 250 252 253
7 236 240 247 248 251 254 257
6 240 241 242 247 252 256
4 239 244 249 250
3 239 241 257
10 235 238 239 242 244 247 248 254 257 258
3 243 246 255
6 235 237 244 245 248 253
8 235 237 238 241 244 251 254 257
7 245 246 248 250 252 255 258
4 237 239 241 258
5 235 237 240 244 254
14 236 237 239 240 241 242 244 245 246 249 251 253 254 258
5 236 247 248 254 257
4 243 244 248 253
3 237 251 252
8 238 239 240 242 244 246 248 254
6 243 244 245 254 255 257
9 238 239 240 241 244 246 250 254 257
4 240 245 249 258
3 235 251 252
13 237 239 240 242 243 244 245 248 249 250 251 254 258
4 239 249 250 252
3 235 241 252
2 239 244
6 235 239 249 250 252 253
3 248 250 255
3 235 242 254
9 237 238 241 243 248 250 252 256 257
3 235 250 254
11 235 236 237 239 240 247 249 251 254 255 257
5 235 238 243 245 256
10 235 238 239 242 243 244 245 250 251 256
4 236 243 246 253
7 235 247 249 250 252 255 256
6 236 245 247 248 255 258
9 235 242 243 249 251 253 254 256 257
7 236 238 241 248 251 255 256
4 237 246 252 258
5 238 252 255 256 257
2 236 237
5 244 245 246 248 250
6 236 237 247 249 252 253
11 237 239 240 241 242 243 244 245 250 253 254
6 246 247 248 250 255 258
5 239 241 243 255 256
5 242 243 245 255 256
2 239 249
8 235 240 242 244 245 246 247 255
3 235 242 254
7 241 246 247 248 254 257 258
4 246 247 253 256
2 235 249
6 235 239 242 247 250 252
6 236 237 238 245 255 258
7 235 236 240 242 246 247 255
7 239 245 246 247 248 250 255
6 238 239 240 242 245 254
12 239 241 242 243 244 245 246 248 249 251 254 258
3 235 255 258
3 235 238 257
12 236 241 243 246 248 249 250 252 253 255 256 258
2 243 257
4 246 251 254 255
2 241 257
4 238 243 248 250
1 246
5 235 243 245 248 256
3 251 253 254
4 243 250 251 254
5 238 246 251 253 258
3 236 242 250
3 243 255 256
12 236 237 238 240 241 243 245 246 248 253 257 258
6 237 245 250 253 255 256
5 236 246 251 253 254
8 236 238 239 245 247 248 249 256
6 239 243 249 250 251 252
8 236 238 241 248 251 255 256 258
9 236 244 246 248 250 252 253 255 257
2 244 250
4 235 238 249 254
3 235 241 252
5 235 236 237 244 248
3 244 245 246
7 237 241 248 254 255 256 257
5 236 239 247 248 252
3 235 250 254
4 236 246 251 253
4 240 242 243 244
12 235 236 239 240 242 243 246 249 250 251 252 253
5 238 246 251 253 256
6 237 245 248 254 256 257
4 239 243 255 257
4 245 248 250 258
8 235 242 243 244 245 254 255 257
4 235 238 247 255
5 240 242 243 247 257
5 235 247 252 256 257
5 235 250 251 254 257
3 240 242 256
2 244 249
6 235 238 241 242 245 255
4 240 241 248 258
4 235 236 238 245
7 241 244 248 254 255 256 257
6 236 238 249 255 256 257
4 240 242 243 247
2 237 241
4 238 242 257 258
8 236 239 246 247 248 250 252 255
4 239 251 252 256
4 249 254 255 258
2 250 255
5 237 238 240 245 247
7 237 239 240 241 242 245 252
4 235 241 247 250
4 235 249 250 252
8 235 242 244 246 247 254 255 258
3 238 252 256
7 236 237 238 239 248 249 250
3 235 249 254
9 236 237 238 243 246 251 254 257 258
7 237 241 245 248 254 255 256
6 235 236 242 245 254 257
5 235 245 248 252 256
4 241 242 246 250
3 235 246 250
4 235 249 252 255
10 235 238 242 244 246 247 248 252 254 257
10 235 236 239 240 241 242 249 252 254 257
9 235 240 241 242 243 244 253 254 256
5 237 241 242 252 257
4 236 251 253 254
3 237 252 253
9 235 240 242 244 254 255 256 257 258
4 235 249 252 253
8 235 239 242 244 249 250 253 255
7 236 237 238 241 248 255 256
6 237 241 242 245 252 257
8 236 242 244 245 247 249 252 253
4 240 248 253 255
5 238 242 243 250 257
6 236 238 242 249 252 256
10 235 237 240 241 242 243 251 253 254 256
14 235 236 237 238 240 241 242 249 252 254 255 256 257 258
7 238 241 243 248 250 252 257
4 238 242 243 250
3 243 246 250
3 235 242 249
3 235 237 240
3 235 250 252
8 235 236 240 244 245 246 247 255
3 240 241 256
3 236 245 247
4 236 245 247 252
3 240 253 258
5 243 244 245 246 250
3 245 248 253
6 235 238 242 249 255 256
3 243 246 255
5 236 240 247 248 251
3 237 242 250
3 237 246 257
2 243 255
6 240 241 246 247 252 254
7 241 245 248 254 255 256 257
5 238 246 247 251 256
4 245 250 253 258
3 240 251 258
3 243 248 255
8 235 238 245 249 250 251 253 255
16 235 237 238 239 240 242 243 244 245 246 247 249 250 251 252 256
13 239 240 241 242 244 247 248 249 252 253 255 256 258
8 235 239 240 243 244 245 252 253
8 236 238 240 249 252 253 256 258
16 235 237 243 244 245 246 247 250 251 252 253 254 255 256 257 258
12 235 237 241 243 249 250 251 252 253 256 257 258
9 236 238 241 244 250 252 255 256 258
15 235 237 238 239 240 241 242 244 245 248 250 251 252 255 257
11 239 240 244 245 246 250 251 253 255 256 258
11 238 241 242 243 245 248 251 252 253 254 255
11 235 238 242 245 246 248 249 250 251 252 253
14 235 236 239 240 242 243 244 245 246 249 251 252 255 257
7 238 239 246 249 251 254 257
8 236 239 243 248 251 252 255 257
8 239 241 242 246 253 254 257 258
15 235 236 240 241 243 246 247 248 249 250 252 254 256 257 258
10 235 237 238 242 245 247 248 249 257 258
13 235 238 239 240 242 243 244 248 249 251 253 254 257
16 235 236 237 238 239 241 242 243 244 246 249 250 251 252 255 258
15 235 237 238 240 241 242 243 246 249 250 251 253 255 256 257
14 235 240 241 245 246 248 249 252 253 254 255 256 257 258
15 235 236 237 238 240 241 245 246 247 248 250 251 255 256 258
11 236 238 240 242 244 247 248 250 251 252 253
16 235 237 238 239 241 243 245 247 248 249 250 252 254 256 257 258
10 236 240 241 242 244 245 248 253 256 258
11 236 240 241 246 248 249 250 252 253 256 257
7 238 239 240 242 243 245 257
16 235 236 239 240 241 242 243 245 247 248 250 253 254 256 257 258
9 235 236 237 241 242 246 248 255 256
8 239 240 242 244 247 248 251 256
16 236 237 238 239 240 241 243 244 245 247 248 250 252 255 256 258
14 236 238 240 243 244 245 247 248 249 250 251 252 253 255
7 235 236 239 242 243 246 256
16 235 236 238 239 241 242 243 244 246 247 248 250 251 252 254 255
8 236 238 239 240 247 250 254 256
15 236 237 238 240 241 242 244 246 247 251 252 254 255 256 257
15 236 237 238 239 240 241 244 245 246 252 253 254 255 256 258
12 235 236 238 240 242 245 247 248 250 252 253 258
7 243 246 247 249 251 254 257
12 235 237 239 243 244 245 246 248 250 254 255 256
10 235 236 239 240 244 247 248 253 257 258
8 235 237 238 239 241 243 244 248
10 236 238 240 241 247 248 251 252 253 254
13 235 236 238 241 242 243 244 245 249 251 253 257 258
13 235 236 238 241 243 244 245 250 251 252 256 257 258
9 235 237 240 246 248 250 252 253 255
8 236 237 240 242 244 248 249 255
13 235 238 239 240 242 243 244 247 250 254 255 256 257
11 236 238 242 246 248 249 251 254 255 256 257
14 241 242 244 245 247 248 249 250 251 253 254 255 256 257
12 235 237 238 239 244 245 246 249 253 256 257 258
14 235 236 237 238 239 240 242 243 245 246 251 253 256 258
10 235 241 242 243 244 245 247 249 256 257
10 237 238 239 241 245 248 249 250 251 252
15 235 236 240 241 242 245 246 248 249 250 251 254 255 257 258
13 235 236 244 245 247 248 249 250 251 252 256 257 258
10 235 236 237 240 242 245 249 250 253 256
9 241 242 244 246 249 250 253 255 256
16 235 236 237 238 240 241 243 245 247 250 251 252 253 254 255 256
11 238 242 243 244 246 247 252 253 254 255 256
9 238 239 242 249 250 251 254 256 258
11 235 237 241 243 246 249 250 253 254 256 258
7 238 241 245 246 249 253 255
12 235 237 239 240 243 245 247 251 252 253 255 256
9 237 240 243 244 249 251 254 256 257
10 236 238 239 240 241 243 244 245 247 250
14 235 236 238 239 241 243 244 247 248 249 251 252 255 256
13 235 236 237 238 239 242 243 245 246 250 255 256 258
15 235 236 237 238 239 241 242 245 246 248 249 250 253 257 258
8 236 237 239 245 247 249 251 254
12 235 236 238 242 243 245 247 248 251 253 255 257
14 236 239 240 241 245 246 247 248 249 250 253 255 257 258
14 235 240 243 244 245 246 247 248 252 253 254 255 256 257
11 235 239 242 246 249 250 252 253 255 257 258
11 235 237 238 240 241 242 246 247 250 255 258
9 235 238 240 241 246 247 252 253 256
11 237 239 242 244 249 250 251 252 253 254 257
16 236 237 238 239 240 241 242 244 246 247 250 251 252 254 255 258
7 235 238 248 252 253 255 256
9 235 240 243 246 247 254 256 257 258
15 235 236 237 238 239 242 243 244 249 250 251 253 255 257 258
9 240 242 243 245 246 249 250 255 256
9 235 241 243 244 248 249 250 252 256
9 237 239 240 244 246 248 250 257 258
14 236 238 239 241 245 247 248 249 251 252 254 256 257 258
8 237 238 240 247 248 249 252 255
14 235 236 238 240 241 244 247 248 249 250 251 255 256 257
11 236 238 240 242 243 244 245 247 251 255 256
16 235 236 237 239 240 241 242 246 247 248 249 250 251 253 254 257
13 236 237 238 239 240 242 243 246 249 250 252 256 257
8 237 239 241 243 248 252 253 254
12 235 236 237 238 239 247 249 250 253 254 256 257
10 235 237 241 242 243 247 248 252 254 258
16 235 236 237 240 242 243 244 246 247 248 249 251 252 253 254 258
12 238 240 241 242 243 250 251 252 254 255 257 258
15 235 237 238 239 241 243 245 247 249 250 251 252 254 255 256
8 237 238 244 250 252 253 254 255
15 235 236 239 240 241 243 244 245 247 249 251 252 255 257 258
16 236 237 238 240 241 243 244 245 246 248 251 252 254 256 257 258
11 237 239 242 243 246 248 249 250 252 253 256
13 237 238 240 241 245 246 247 248 249 250 252 255 258
9 235 237 238 239 241 248 250 251 252
11 238 241 242 243 244 250 251 252 253 256 258
15 235 236 237 239 240 242 243 245 246 247 249 251 252 253 254
7 235 239 240 242 245 250 256
15 236 237 238 239 242 243 246 247 248 250 251 255 256 257 258
16 237 238 239 241 242 243 245 246 247 248 249 251 253 256 257 258
12 235 237 238 240 241 243 244 246 251 253 255 258
12 235 237 241 242 243 245 247 248 250 253 254 256
7 235 236 243 245 249 255 257
12 235 237 238 239 240 241 245 246 249 250 256 258
8 235 247 249 251 252 256 257 258
7 235 237 240 250 251 255 257
13 236 237 242 244 245 248 249 250 251 252 255 256 258
16 235 237 238 239 244 245 246 247 248 249 250 251 253 254 256 257
9 235 241 243 247 251 252 254 257 258
8 237 238 242 243 249 251 252 256
14 236 238 239 241 243 244 245 247 249 250 253 254 255 257
10 237 241 246 247 250 252 253 254 255 258
11 239 240 243 244 245 247 250 252 253 254 255
10 236 237 243 245 246 249 250 252 254 257
9 235 245 246 247 248 249 250 253 257
9 236 238 243 245 246 249 251 252 257
10 236 237 238 240 245 246 250 251 252 254
12 236 238 240 243 244 246 248 249 250 251 252 253
8 235 239 244 251 254 256 257 258
11 235 237 240 244 246 248 251 252 253 254 257
10 236 237 238 240 244 245 247 250 251 252
13 237 238 239 240 242 243 244 246 247 252 254 256 257
16 235 236 237 238 239 240 241 242 245 247 248 252 255 256 257 258
10 237 239 240 241 242 249 253 254 255 258
10 237 240 241 242 246 247 251 254 255 257
8 236 238 239 242 248 252 254 255
15 235 236 237 238 239 240 242 246 248 249 252 254 255 256 257
12 239 241 242 244 245 249 250 253 254 255 257 258
14 236 237 239 240 242 244 245 249 250 251 252 254 255 257
8 238 239 242 243 245 247 253 256
15 236 238 239 240 241 242 243 245 250 251 253 254 255 256 258
9 237 239 242 245 247 248 249 255 257
12 237 242 244 247 248 249 250 252 253 255 256 258
10 236 237 241 242 244 245 247 248 252 253
10 235 236 245 248 250 251 254 255 257 258
12 235 236 240 241 246 247 249 251 254 255 256 258
9 236 239 240 242 243 244 250 254 255
15 235 236 238 239 240 241 242 244 245 246 251 253 255 256 257
15 235 236 237 240 242 244 246 250 251 252 253 254 255 257 258
10 238 239 241 242 243 245 253 254 257 258
15 236 238 239 240 241 242 244 245 246 249 251 253 254 255 257
8 236 239 240 243 247 251 254 257
12 237 238 240 241 242 244 246 248 249 252 253 258
10 237 239 242 243 247 248 249 252 255 257
12 236 237 239 240 241 242 245 250 251 252 254 256
15 235 237 238 239 240 243 244 245 248 250 251 252 253 255 258
16 238 240 241 242 243 245 246 247 249 250 251 252 253 255 256 258
12 235 238 239 242 246 247 248 249 251 252 255 257
11 235 237 239 243 245 247 248 251 252 253 257
10 236 237 238 241 244 245 250 252 255 257
8 236 240 241 244 245 247 249 256
13 235 236 237 238 240 243 247 250 253 254 255 256 257
15 235 236 237 238 239 246 247 248 250 251 253 254 255 257 258
16 235 236 238 239 241 244 245 246 247 249 250 251 253 255 256 257
8 235 238 244 247 248 251 254 256
15 235 236 238 242 243 244 246 248 249 250 251 253 255 256 257
10 237 240 241 243 246 250 251 254 255 256
15 235 238 239 240 241 243 244 245 247 250 252 253 254 255 256
10 236 237 238 240 242 244 246 254 256 258
16 235 236 238 241 242 244 245 247 250 251 252 253 255 256 257 258
15 235 238 240 241 242 245 246 248 249 251 253 254 255 256 257
16 235 236 237 238 239 240 241 244 245 247 248 249 251 253 254 258
15 236 237 239 242 244 245 246 248 249 250 251 253 254 255 257
4 261 265 272 280
3 259 267 278
9 261 262 266 267 268 269 274 278 280
7 272 273 274 275 276 279 280
7 260 261 265 266 270 276 281
6 259 262 264 272 275 277
8 261 264 269 272 273 276 279 281
7 264 270 271 273 275 276 279
7 260 261 267 271 272 273 279
11 263 264 267 270 271 272 276 277 278 279 280
3 269 274 279
16 259 261 264 265 266 268 269 270 271 272 273 274 277 278 279 280
14 260 262 263 264 266 268 269 271 272 273 274 276 278 279
7 259 263 270 276 279 280 281
4 259 261 264 268
14 259 260 264 265 267 268 272 273 274 275 276 278 280 281
8 260 263 265 267 268 270 278 280
7 261 263 266 268 269 275 276
7 265 267 270 277 278 279 280
1 276
11 260 265 266 269 271 273 275 276 278 279 280
4 264 268 272 280
6 261 266 271 273 276 281
6 260 265 266 268 270 281
15 259 260 262 263 265 266 267 268 270 271 274 275 277 278 280
9 259 260 265 272 273 275 278 279 281
9 263 264 266 269 271 273 277 278 279
6 260 263 270 271 274 280
10 260 262 265 267 270 271 273 274 277 278
4 259 272 277 281
13 259 261 263 264 266 268 269 272 275 276 279 280 281
6 264 271 272 274 275 277
5 261 266 267 273 278
6 261 262 266 267 268 279
9 261 262 263 266 269 270 271 277 279
5 260 265 268 274 281
16 259 262 263 264 267 268 269 271 272 273 274 275 277 278 279 280
12 260 264 266 268 269 270 271 272 273 274 275 278
9 259 261 265 267 270 275 277 280 281
5 260 262 265 268 269
14 259 260 264 265 267 269 270 273 274 275 277 278 280 281
12 259 260 261 262 265 266 268 269 273 274 275 281
4 268 270 274 276
15 261 262 263 264 265 266 268 269 270 271 272 274 277 278 280
10 259 260 262 267 268 270 274 275 276 281
7 260 262 263 267 275 276 281
5 265 269 275 279 281
18 259 261 262 263 264 266 267 269 270 271 272 273 275 276 277 278 279 280
3 260 263 265
8 262 263 267 270 272 274 277 281
3 259 264 274
6 263 265 266 269 270 281
6 264 269 273 275 277 278
10 259 262 264 268 274 275 276 277 278 280
10 261 265 270 271 272 274 275 276 280 281
5 259 265 272 276 281
8 263 264 269 272 273 275 277 279
6 260 262 271 272 273 281
11 259 261 262 263 265 267 276 277 279 280 281
8 259 261 262 267 271 274 278 280
16 259 260 261 262 263 264 265 266 267 268 269 270 271 277 278 281
11 260 261 262 263 266 270 271 273 274 276 277
8 259 260 262 263 266 267 277 278
10 261 262 263 264 266 267 269 271 277 280
14 261 262 264 267 268 269 270 271 272 274 276 279 280 281
5 264 268 269 273 279
8 259 260 267 273 275 276 279 281
9 259 260 263 265 266 273 275 277 278
9 261 262 263 266 268 271 272 276 279
4 262 266 267 269
7 261 262 263 266 268 271 272
7 261 264 269 273 276 279 281
8 264 267 271 272 276 277 278 279
2 260 265
4 264 273 275 277
4 262 264 275 277
2 274 279
1 260
3 262 265 268
8 262 263 266 269 270 271 277 279
4 263 270 274 280
11 259 262 263 264 267 271 272 273 275 277 278
8 259 260 262 267 270 274 276 281
2 269 273
11 259 260 265 267 268 273 274 276 278 280 281
6 261 262 263 266 271 276
8 262 265 267 270 271 273 277 278
2 259 261
1 265
12 261 262 263 264 265 266 268 270 271 272 274 277
7 270 272 276 277 278 279 280
12 259 260 265 267 268 272 273 274 275 276 278 280
3 261 272 273
2 265 275
5 263 270 272 274 277
7 260 271 275 276 278 279 280
6 259 260 273 276 279 281
5 272 273 274 275 276
3 264 275 277
8 261 262 263 264 266 269 271 280
6 261 264 269 272 273 276
4 265 267 270 280
3 272 275 277
11 262 264 267 269 272 273 274 275 278 279 280
7 259 260 272 275 278 279 281
4 260 262 272 281
6 259 262 268 274 275 276
4 264 271 272 274
3 269 275 281
6 263 267 270 272 274 281
4 264 270 273 279
1 274
6 260 261 267 272 273 279
6 262 267 270 272 277 281
5 266 271 273 277 278
3 260 271 272
7 259 267 270 275 277 280 281
4 263 265 266 281
9 263 264 267 271 276 277 278 279 280
6 263 264 269 275 277 279
3 272 277 281
10 259 264 268 273 274 275 276 278 280 281
4 265 268 274 281
3 264 269 273
10 261 262 266 269 270 271 273 275 277 278
6 260 265 266 270 276 281
6 259 262 267 274 278 280
1 264
7 262 267 270 271 273 277 278
7 260 264 265 270 275 280 281
4 259 264 272 277
2 263 265
8 259 260 267 268 270 274 275 281
3 260 262 265
11 259 261 262 263 265 266 268 269 270 271 278
8 259 261 263 265 267 276 277 279
6 264 266 269 272 273 278
2 259 264
2 260 274
4 261 264 269 281
4 261 263 269 275
5 273 275 276 279 281
3 267 278 280
10 260 264 266 268 269 271 272 274 275 278
7 260 262 264 268 271 272 274
11 261 264 266 268 269 270 272 273 274 278 280
3 261 266 276
6 260 262 263 266 277 278
5 261 266 267 268 279
3 260 265 270
3 273 277 278
8 262 263 267 269 270 271 278 281
10 260 263 266 271 272 273 274 276 278 279
2 270 274
7 262 266 268 269 274 278 280
5 263 266 268 269 276
5 259 265 267 270 277
6 261 262 267 274 278 280
10 262 263 265 266 268 270 274 277 278 280
10 259 261 263 264 266 268 269 272 276 281
3 260 265 281
3 272 276 281
2 260 262
3 260 274 280
4 263 267 275 281
6 267 268 269 274 278 280
7 259 261 262 267 276 277 279
5 264 273 276 279 281
8 259 263 264 269 271 275 277 278
8 259 262 265 266 273 274 275 281
4 265 266 270 281
1 259
9 259 260 261 266 268 269 273 274 275
5 268 274 275 277 278
6 262 263 270 272 274 281
2 270 276
9 259 261 264 267 270 271 276 277 279
5 259 261 262 271 280
7 264 267 270 277 278 279 280
1 263
3 261 265 280
10 259 262 267 271 272 274 275 278 279 280
5 259 276 279 280 281
5 260 261 267 273 279
7 260 272 273 275 278 279 281
3 262 271 272
3 259 272 277
7 264 266 271 273 277 278 279
4 263 266 270 281
5 261 262 270 271 277
6 263 272 273 275 277 279
5 260 261 267 271 279
7 259 260 262 263 266 267 278
6 260 263 266 273 277 278
8 263 264 267 276 277 278 279 280
5 260 262 263 267 277
3 266 273 281
4 264 269 273 279
2 267 278
2 272 281
3 259 261 264
3 262 268 269
8 260 262 263 266 270 273 274 277
8 260 263 264 266 268 269 273 279
6 263 267 270 274 277 281
12 260 262 263 264 266 268 269 271 272 276 278 279
5 260 261 265 266 270
2 259 264
9 263 264 267 270 271 272 277 279 280
9 262 263 264 266 270 271 277 278 280
1 267
12 259 260 264 267 269 270 273 274 275 277 280 281
7 259 261 263 276 277 279 280
4 260 267 271 273
7 261 262 263 270 271 277 279
2 261 266
4 259 265 276 281
5 263 267 272 277 280
8 259 262 268 270 274 275 276 281
7 259 264 274 275 276 278 280
6 260 265 273 275 278 281
4 261 264 276 281
7 259 267 268 274 275 280 281
6 261 263 264 269 271 277
8 262 263 265 266 267 274 278 280
8 264 268 271 272 276 279 280 281
9 259 262 263 267 270 274 275 277 278
5 263 266 268 271 276
6 260 265 273 275 278 279
9 260 265 266 269 271 273 275 276 279
4 259 264 275 277
7 260 261 263 270 271 276 277
5 259 267 271 274 278
6 261 269 272 273 276 281
3 261 266 276
8 260 262 267 270 271 274 277 278
4 260 261 266 281
5 262 269 270 277 279
8 264 267 271 272 276 277 278 279
2 274 276
1 267
7 261 262 264 270 274 276 279
3 271 273 279
3 260 266 268
4 265 268 270 280
3 265 272 281
2 259 265
9 259 260 262 266 268 269 273 274 281
6 260 262 263 266 277 278
5 263 267 272 274 277
6 261 263 266 271 272 276
5 264 271 273 275 276
2 259 281
4 264 269 273 279
15 261 262 263 264 266 267 271 272 273 275 276 277 278 279 280
5 260 267 273 275 279
7 261 263 266 269 271 277 279
11 259 260 262 266 267 268 269 270 277 278 281
3 264 269 279
9 261 263 267 269 275 276 277 278 279
5 261 263 266 268 269
9 259 262 263 265 266 267 268 274 278
5 260 263 270 271 274
3 261 267 273
3 260 265 268
3 259 261 264
10 268 269 271 273 274 275 277 278 279 280
3 264 275 277
7 261 264 269 272 276 279 281
4 262 267 272 281
5 262 264 268 275 276
7 259 260 266 273 275 277 278
4 260 262 271 273
4 259 273 276 279
4 259 265 276 281
3 266 267 278
9 262 263 265 266 268 271 274 277 280
8 259 260 261 262 265 266 273 274
6 270 271 272 275 276 281
6 270 272 274 275 276 281
9 260 264 266 268 269 270 271 273 278
3 275 276 279
3 270 274 276
6 260 264 271 272 274 275
7 259 262 264 268 275 277 278
6 261 262 263 265 276 281
3 265 275 279
4 261 272 273 279
7 259 260 263 265 273 275 278
5 263 264 271 272 279
5 272 274 275 279 280
3 261 262 266
8 265 270 271 272 274 275 276 281
11 261 264 267 268 269 270 272 276 279 280 281
9 259 260 265 267 268 274 275 278 281
4 271 275 276 279
5 265 266 270 276 281
8 260 262 263 264 266 267 271 281
6 263 264 266 269 273 277
4 260 270 271 274
7 265 266 268 269 274 275 281
4 264 271 274 275
2 263 265
12 259 261 263 264 266 267 268 270 271 277 278 281
7 259 260 262 267 270 276 281
5 259 270 276 280 281
5 260 265 266 268 270
7 261 263 266 269 270 271 279
6 259 265 272 275 278 279
4 261 266 271 276
5 261 271 272 273 279
8 260 265 266 269 273 276 278 280
5 261 265 266 270 281
13 259 262 265 266 267 269 272 273 275 276 277 280 281
8 260 261 262 265 271 273 275 277
10 259 262 264 265 267 269 274 275 278 281
14 259 263 264 266 268 269 270 273 274 276 277 278 279 280
12 259 261 268 269 271 272 273 275 276 277 279 280
11 259 265 266 267 269 270 271 273 276 278 281
11 259 262 269 270 271 272 273 275 278 280 281
8 259 260 270 271 272 273 277 278
7 260 262 263 267 269 270 278
8 260 262 267 268 274 275 278 279
14 259 261 262 263 264 266 268 269 271 272 274 275 276 280
13 259 261 265 266 269 270 271 272 273 276 277 280 281
15 259 261 262 263 266 267 268 271 272 273 275 278 279 280 281
12 259 260 264 266 268 269 272 274 275 276 278 281
14 260 261 262 266 268 269 270 272 273 275 276 277 279 281
7 262 265 266 270 271 273 275
7 259 261 262 268 273 279 281
8 259 261 267 269 270 271 275 278
14 261 262 266 267 268 269 270 271 272 274 276 278 279 280
13 259 260 262 265 269 270 271 273 275 276 277 279 280
10 261 267 268 269 270 273 275 277 278 279
13 262 263 264 265 266 268 269 270 272 276 277 280 281
14 262 264 265 266 268 269 270 271 275 276 277 278 280 281
7 263 264 267 268 270 271 278
10 259 267 268 269 270 271 272 273 274 281
7 261 262 266 267 268 269 274
10 262 263 266 267 268 273 274 277 279 280
11 263 264 265 266 268 270 271 274 276 277 281
10 259 260 261 262 265 266 272 273 275 281
10 259 261 263 265 266 268 270 275 276 281
10 261 262 264 265 266 268 270 274 275 280
13 259 260 261 265 267 269 270 271 273 276 277 280 281
12 261 262 263 264 266 271 272 274 275 277 279 281
16 260 261 262 263 265 266 267 270 271 272 273 274 276 279 280 281
11 260 264 270 271 273 274 276 277 278 280 281
13 260 261 263 267 270 271 273 274 275 277 278 279 280
15 259 260 261 263 264 265 267 268 271 273 276 277 278 279 280
7 262 263 266 268 270 271 274
14 259 260 262 263 264 266 267 268 270 272 274 276 279 280
12 262 263 264 265 268 269 270 271 274 277 278 279
13 259 260 262 264 265 268 269 274 276 278 279 280 281
16 259 262 263 264 265 268 269 270 271 272 273 275 276 279 280 281
10 262 263 267 271 272 274 275 276 277 278
10 260 262 263 264 266 267 272 274 276 277
8 261 264 265 268 270 271 277 280
12 259 261 262 265 266 268 271 274 275 276 279 281
15 260 261 262 264 265 270 271 272 273 274 276 277 279 280 281
13 259 260 261 262 266 267 269 270 271 272 275 277 278
14 259 264 265 268 269 270 271 272 273 274 276 277 278 279
15 259 260 262 263 266 268 270 271 272 273 274 278 279 280 281
14 259 261 262 267 268 271 272 273 275 276 277 278 279 281
14 260 263 264 265 266 268 271 274 276 277 278 279 280 281
13 259 260 261 263 265 266 267 268 270 271 272 278 279
15 259 261 262 263 266 267 270 271 272 273 274 276 277 278 281
11 259 264 266 267 269 271 274 276 277 278 280
13 260 261 262 263 264 265 267 268 271 273 274 275 276
15 259 260 263 264 267 268 269 271 273 275 277 278 279 280 281
15 260 261 264 265 266 268 270 273 275 276 277 278 279 280 281
15 259 262 263 265 266 268 270 271 273 274 275 276 277 279 281
10 260 261 263 264 265 266 269 274 277 280
14 259 260 261 262 264 266 267 268 269 272 274 275 277 279
12 262 264 266 268 271 272 274 275 276 277 278 281
14 264 265 266 268 269 270 271 272 273 275 277 279 280 281
6 263 270 273 274 277 278
10 259 260 263 265 267 269 274 277 278 280
10 261 262 263 266 271 272 274 275 279 280
14 259 261 263 264 268 269 271 272 273 274 275 278 279 281
13 260 261 262 264 265 267 269 272 275 278 279 280 281
9 260 261 266 268 269 271 275 277 278
8 260 261 262 263 272 273 278 281
9 260 266 267 271 272 274 275 277 278
7 259 262 271 272 275 277 281
11 261 269 270 272 274 275 276 277 279 280 281
12 259 260 261 262 265 267 269 270 273 277 278 281
13 261 265 266 267 269 270 271 274 275 277 278 279 281
14 259 260 261 263 266 269 272 273 274 275 277 278 279 281
9 260 263 266 267 269 270 271 273 280
11 260 261 262 267 269 271 272 275 276 277 278
12 260 261 262 263 264 269 271 272 275 277 278 281
9 261 263 271 272 275 276 278 279 280
12 261 262 264 265 269 270 272 273 276 278 279 280
7 262 263 265 271 272 274 280
14 259 261 263 264 265 266 267 271 272 274 275 276 279 281
8 263 267 268 271 272 274 275 281
7 263 269 270 274 277 278 279
12 259 260 261 262 263 264 265 267 270 271 272 280
10 261 263 267 268 270 274 275 276 280 281
10 260 261 263 264 265 267 271 275 280 281
10 260 261 262 264 265 266 268 269 277 278
9 259 261 267 271 272 273 278 280 281
12 259 260 261 263 265 269 270 273 275 277 279 281
7 259 264 265 269 272 273 279
15 259 260 261 262 263 265 269 270 271 274 276 277 278 280 281
11 259 263 267 270 271 272 273 274 278 280 281
12 261 265 266 269 271 274 275 276 277 278 280 281
13 259 260 262 265 267 268 270 271 274 275 279 280 281
12 259 260 261 262 266 274 276 277 278 279 280 281
9 259 261 266 269 270 272 275 277 281
14 259 260 261 264 265 268 270 272 273 274 275 277 278 281
10 259 261 263 264 267 270 273 275 277 280
9 262 263 267 272 273 276 277 278 281
8 260 261 269 270 271 275 277 281
15 259 260 261 264 265 267 269 271 272 274 275 276 278 279 280
9 260 262 264 268 271 276 277 278 281
9 260 262 268 271 274 275 277 279 281
9 260 261 263 267 268 270 272 273 277
9 261 262 263 269 271 272 277 279 280
13 264 265 266 267 268 270 271 272 274 275 278 279 281
9 259 260 262 263 265 270 275 276 278
14 266 267 268 270 271 272 273 274 275 276 277 278 279 281
7 263 265 267 274 275 279 281
13 260 261 264 265 266 268 270 271 272 274 278 279 281
13 259 266 269 270 271 272 274 275 276 278 279 280 281
13 259 260 263 264 265 266 270 272 273 274 275 276 277
13 263 267 268 269 271 272 273 275 276 277 279 280 281
13 259 260 261 263 264 268 269 273 276 278 279 280 281
6 261 262 268 270 279 281
10 262 263 266 267 268 274 275 277 279 281
12 259 260 261 262 263 264 267 271 274 275 276 277
7 261 262 263 265 266 275 279
10 259 260 264 265 266 267 268 271 276 280
11 260 262 265 268 270 272 275 277 278 280 281
8 260 266 271 273 274 277 280 281
15 260 261 262 263 264 266 267 269 270 273 274 275 278 280 281
13 259 261 262 263 264 266 268 270 271 274 277 278 281
15 259 260 262 266 267 268 269 271 272 274 277 278 279 280 281
11 259 260 261 264 265 267 268 270 277 278 280
8 259 268 269 275 276 278 279 280
15 260 261 262 263 264 265 266 267 270 271 274 276 277 278 280
9 259 260 261 262 267 274 276 278 279
15 259 260 261 262 263 264 265 266 267 269 270 272 273 275 281
14 259 262 263 264 265 269 270 271 272 273 275 276 277 280
6 264 266 269 270 271 274
11 261 263 264 268 269 270 273 274 275 277 280
15 260 262 264 265 266 267 268 270 271 274 275 276 277 278 280
12 259 262 263 267 268 271 273 274 275 276 279 280
11 259 264 266 268 271 273 274 276 277 278 280
8 262 267 270 272 275 276 277 281
15 259 260 261 264 265 266 267 268 274 275 276 277 278 280 281
13 259 261 263 265 269 273 274 275 276 277 278 279 280
9 261 264 266 269 273 275 277 278 280
8 262 264 265 271 273 275 277 281
12 259 261 263 265 269 270 272 273 274 276 277 279
6 265 267 271 274 279 281
7 260 264 265 266 272 274 279
8 259 263 267 269 270 273 274 275
15 259 260 261 262 263 264 266 268 270 271 272 274 275 276 281
10 259 260 261 264 266 267 268 270 271 272
11 260 262 265 267 268 271 273 274 279 280 281
15 260 261 263 266 268 269 270 271 274 275 277 278 279 280 281
8 261 263 264 268 269 270 273 278
14 259 264 266 267 268 269 271 272 273 275 276 277 278 280
13 260 262 263 266 268 269 272 274 275 276 277 278 281
10 260 261 264 266 268 269 271 273 275 281
14 260 262 264 265 266 267 269 270 271 272 274 276 278 280
12 259 262 263 265 268 273 274 275 276 278 279 281
14 261 262 265 266 267 271 272 273 276 277 278 279 280 281
14 260 262 263 264 265 267 268 271 275 277 278 279 280 281
13 260 261 266 267 268 269 270 272 274 275 276 279 280
15 261 262 263 264 265 266 267 270 272 274 276 277 278 280 281
8 259 260 265 272 275 276 278 281
8 259 261 267 269 274 276 278 281
10 260 261 263 264 265 268 270 275 277 279
11 261 267 268 270 271 273 274 276 278 279 280
10 262 264 265 267 271 272 274 275 279 280
15 259 261 263 265 267 269 270 271 272 274 275 276 277 278 280
11 259 261 262 269 271 273 275 278 279 280 281
13 259 263 264 265 266 268 272 273 274 275 279 280 281
12 259 263 269 270 271 272 273 274 275 277 280 281
13 259 260 261 264 265 266 268 272 273 278 279 280 281
12 261 264 265 266 267 268 270 273 274 279 280 281
12 260 261 262 264 265 267 268 273 275 276 277 280
16 259 260 261 263 265 266 267 268 269 272 273 274 275 277 279 280
10 259 261 262 269 270 272 274 275 278 280
9 265 266 268 269 270 272 273 276 279
9 261 262 265 269 271 273 274 278 280
10 261 262 263 264 265 271 274 275 278 279
15 260 261 263 264 265 267 268 270 271 272 274 275 277 278 281
8 260 265 271 272 274 276 278 280
12 263 264 265 267 269 271 272 274 275 279 280 281
14 259 260 262 265 266 268 270 272 273 274 275 278 279 280
14 259 260 262 265 267 270 272 274 275 276 277 279 280 281
7 259 264 265 273 275 277 281
11 262 265 266 267 269 270 273 275 277 279 280
14 259 260 262 263 267 268 269 270 271 273 276 278 279 280
11 259 260 263 264 272 273 274 277 278 280 281
15 259 261 262 264 265 266 267 271 272 274 275 278 279 280 281
9 264 268 269 270 272 273 274 277 280
10 262 265 266 270 272 274 275 278 280 281
14 259 261 262 264 266 269 270 273 274 276 277 278 280 281
11 260 261 262 263 266 267 269 271 277 278 279
15 259 260 263 264 265 266 267 271 272 274 275 276 277 278 281
11 260 264 265 267 268 271 272 273 274 276 280
7 259 262 268 270 272 279 281
7 259 260 262 263 266 274 276
12 260 261 262 263 265 266 273 274 275 276 277 280
12 259 262 265 266 267 268 270 273 275 278 279 281
8 259 260 263 265 271 276 279 281
8 259 260 261 262 265 266 277 278
8 259 260 261 263 270 273 277 280
11 260 261 263 265 271 272 274 276 277 278 279
8 266 268 273 275 276 279 280 281
8 260 264 265 267 268 272 275 277
12 259 263 264 267 268 269 272 274 275 276 278 279
10 261 265 266 268 269 276 277 278 279 281
12 259 262 267 269 270 271 272 274 275 276 277 281
8 259 260 262 263 269 272 273 274
12 260 261 262 266 269 270 271 272 274 278 279 281
13 259 260 261 262 263 264 265 269 270 271 274 278 281
13 261 262 263 264 266 267 271 272 274 275 276 277 281
8 259 266 268 270 271 272 274 280
11 259 260 261 265 272 274 275 276 279 280 281
13 260 261 263 264 265 266 268 269 271 272 277 279 281
11 260 262 265 267 268 269 271 273 275 277 281
8 259 268 269 274 275 276 278 280
9 266 267 268 269 271 272 274 276 278
14 260 262 263 264 265 266 268 271 273 274 275 276 278 281
7 259 262 263 269 277 279 281
9 260 262 263 267 269 271 272 275 280
15 259 260 261 262 263 266 268 269 271 272 273 275 276 277 279
13 259 260 261 262 264 266 267 269 271 272 273 275 280
11 260 262 263 264 267 269 271 274 276 277 278
8 259 265 268 269 272 276 279 280
12 260 261 263 264 267 270 271 272 273 274 278 279
14 259 260 262 263 264 266 271 272 273 274 276 278 279 281
11 262 263 264 265 267 271 272 275 277 278 281
13 259 260 264 265 266 268 269 271 275 276 277 280 281
12 261 262 264 265 266 267 268 271 273 276 277 281
15 260 263 264 265 266 267 268 269 270 272 275 276 277 279 281
12 260 261 264 265 268 269 270 274 276 277 278 280
8 265 266 267 269 270 271 272 273
15 261 262 263 264 266 267 269 270 271 273 275 276 277 278 279
9 260 262 266 268 270 274 275 278 281
9 263 264 265 269 271 273 276 278 281
11 259 261 262 263 264 265 269 274 275 276 279
8 261 264 265 272 274 275 278 279
12 261 263 264 267 268 271 272 273 274 277 278 280
10 259 264 265 268 269 270 275 276 279 280
11 262 263 268 270 274 275 276 277 278 279 281
15 259 261 262 263 266 267 269 271 272 273 274 275 276 278 279
9 263 266 270 272 274 277 278 279 280
11 260 261 263 265 266 268 271 274 275 276 281
13 259 260 263 264 265 266 267 268 271 276 277 279 280
16 259 260 261 262 263 264 265 267 268 269 272 273 274 277 278 281
11 263 264 267 268 269 272 273 274 276 279 280
8 259 262 264 268 269 270 273 277
10 260 261 265 266 269 270 272 273 277 280
