158 1236
34 1 2 3 4 5 6 7 8 9 10 11 12 13 14 15 16 17 18 19 20 21 22 23 24 25 26 27 28 29 30 31 32 33 34
18 2 5 9 11 12 13 16 19 20 21 23 25 26 28 29 30 31 34
18 1 4 6 9 10 13 14 17 18 20 22 23 25 26 29 32 33 34
17 2 3 6 8 9 10 13 17 19 22 23 24 27 28 29 31 34
23 1 2 5 6 9 10 11 12 13 14 16 17 18 20 21 22 26 28 29 30 31 33 34
16 1 3 4 6 7 10 13 18 19 20 23 26 27 28 30 31
17 1 2 4 6 7 10 12 14 16 18 20 21 23 25 26 28 32
18 3 4 5 6 7 16 17 19 20 22 23 25 26 27 29 30 32 33
15 1 2 3 7 10 11 13 15 21 23 24 27 28 32 33
14 2 6 7 10 11 13 17 18 21 22 23 24 29 33
12 4 8 13 14 18 19 21 23 24 26 28 31
13 2 6 7 9 12 20 24 26 29 30 32 33 34
11 8 10 12 13 14 17 22 23 26 30 33
20 2 3 4 5 6 7 10 11 12 14 16 17 21 22 25 26 29 30 32 33
26 1 3 4 5 9 10 11 12 14 15 16 17 19 20 21 23 24 26 27 28 29 30 31 32 33 34
17 1 3 5 6 7 9 11 14 21 22 23 24 26 28 30 32 34
11 2 3 7 9 11 23 24 26 28 29 30
22 1 2 3 4 6 7 8 10 11 13 14 15 16 18 25 26 27 28 30 31 32 33
17 2 3 4 7 13 16 18 19 20 24 25 27 29 30 31 32 33
20 3 4 5 6 7 8 9 10 12 15 16 20 22 23 24 25 26 29 30 32
15 1 3 4 5 7 8 11 13 14 17 22 29 30 31 33
27 1 2 3 4 5 7 8 9 10 12 13 14 15 17 18 21 22 23 24 25 26 27 28 29 30 31 34
17 1 2 3 7 8 9 10 11 12 16 17 18 19 20 23 28 33
15 2 5 6 8 13 18 19 20 21 23 24 30 31 33 34
20 5 6 7 9 11 12 13 16 17 19 21 23 24 25 26 28 29 30 31 33
27 1 2 3 4 5 6 7 8 10 11 12 13 14 15 16 17 19 20 22 23 26 27 28 30 31 32 34
17 1 2 4 5 6 7 11 12 14 20 21 24 26 27 28 31 34
12 4 6 7 14 15 17 22 25 30 32 33 34
20 1 2 5 7 11 12 13 18 19 20 22 23 24 25 26 27 28 29 30 33
23 1 3 5 6 7 8 9 10 13 14 15 17 18 19 20 22 24 25 26 30 31 32 34
21 4 5 6 7 8 10 11 13 15 16 17 18 19 20 21 22 27 29 30 32 33
19 1 3 5 8 10 12 14 15 16 19 26 27 28 29 30 31 32 33 34
23 2 6 10 11 12 13 14 15 16 17 18 19 20 21 22 24 25 26 27 28 29 30 34
20 1 5 6 7 8 9 10 11 12 13 16 20 21 23 24 25 26 29 30 32
21 2 3 6 7 9 10 11 12 14 15 17 18 19 20 23 24 25 29 31 33 34
23 1 2 3 4 5 6 7 9 10 11 12 14 15 17 21 22 23 25 27 28 30 31 32
19 2 3 6 10 11 15 16 19 20 21 22 24 25 26 27 28 31 33 34
17 5 9 10 13 15 16 19 20 21 23 24 25 26 27 31 32 34
23 1 2 3 5 6 8 9 10 11 12 16 17 21 22 23 25 27 28 29 30 31 32 33
18 2 3 4 6 9 10 13 14 16 17 20 23 24 25 27 31 32 34
18 1 5 7 8 9 11 14 16 17 20 21 22 24 26 27 28 29 31
22 2 3 5 7 8 9 11 12 13 14 16 17 18 19 20 22 27 28 29 31 33 34
12 2 4 10 11 14 20 21 22 23 24 26 30
11 6 7 12 16 20 22 25 26 31 32 34
19 1 5 6 7 8 10 12 13 14 15 16 17 18 23 25 27 29 31 32
12 3 4 7 9 13 17 19 24 26 29 33 34
24 1 2 3 5 6 9 12 13 15 17 19 20 21 22 24 25 26 27 28 29 30 31 32 33
21 1 2 4 5 6 7 8 9 11 12 15 19 20 21 22 24 26 27 28 31 33
23 3 4 6 7 8 11 12 13 14 17 18 20 21 22 23 24 25 26 27 29 30 31 33
10 7 9 12 13 14 15 16 17 31 33
16 4 5 7 10 12 13 14 18 20 21 22 23 25 27 29 32
14 1 2 3 6 7 11 17 18 19 20 21 25 28 32
17 1 4 6 8 10 12 13 14 15 17 19 20 22 23 25 29 34
22 1 2 3 4 5 9 10 11 13 14 15 16 17 21 23 25 26 27 29 30 32 33
24 1 2 3 4 5 7 8 9 11 12 13 14 15 17 18 20 21 23 25 28 29 31 33 34
16 1 6 9 11 16 17 18 19 20 24 25 28 29 30 33 34
27 1 2 3 4 5 6 7 8 10 13 15 16 18 19 20 21 22 23 24 25 27 28 29 30 31 33 34
18 1 3 5 7 8 9 10 11 12 16 22 23 26 29 30 31 32 34
21 1 2 4 6 10 11 12 13 15 16 19 21 24 25 26 27 30 31 32 33 34
25 2 3 4 6 7 8 10 11 13 14 15 16 17 19 20 21 22 23 24 26 28 29 32 33 34
20 1 4 6 8 9 10 12 15 16 19 20 21 22 24 27 28 31 32 33 34
10 3 5 9 12 16 21 22 26 28 34
14 1 2 4 8 11 16 17 19 21 22 24 26 27 30
10 2 4 8 14 20 26 27 30 31 32
22 1 4 6 7 8 9 10 11 12 13 14 15 18 19 24 25 26 27 28 30 31 33
12 3 6 7 11 13 14 16 17 20 22 28 29
14 1 2 6 10 11 13 14 15 16 25 26 28 31 34
18 1 4 9 10 11 12 13 15 17 18 21 23 25 30 31 32 33 34
15 1 2 3 6 7 8 10 12 14 16 22 23 26 32 34
14 2 4 5 6 8 9 11 12 15 16 17 20 22 25
23 4 5 6 7 9 11 12 13 14 15 19 20 22 24 25 26 28 29 30 31 32 33 34
26 1 2 3 5 7 9 10 12 13 14 15 16 17 18 19 20 21 22 23 24 27 28 29 31 32 33
18 3 4 5 8 9 10 11 12 14 15 17 19 23 24 27 31 32 34
25 1 2 4 6 7 8 10 11 12 16 17 18 20 21 22 23 24 25 27 28 29 31 32 33 34
20 4 5 8 9 10 12 13 14 15 18 20 23 24 25 26 28 29 31 33 34
17 5 6 7 10 13 15 17 19 21 23 24 25 27 28 31 33 34
16 2 3 5 7 10 11 13 16 17 21 22 23 25 28 30 32
19 1 2 3 4 5 6 7 9 13 15 17 20 23 25 26 27 28 31 34
10 3 4 8 11 14 15 22 25 30 31
12 1 2 3 13 15 18 22 26 29 30 31 34
26 2 5 6 7 9 10 11 12 14 15 16 17 18 19 20 21 23 24 26 27 28 29 30 31 33 34
24 2 3 4 5 7 8 9 10 13 15 16 17 18 19 20 22 24 25 27 28 29 30 33 34
26 2 3 5 7 9 11 13 14 15 16 18 19 20 21 22 23 24 25 26 27 28 29 31 32 33 34
22 2 3 5 6 7 8 9 10 11 12 14 17 18 20 24 25 26 27 29 30 31 34
23 1 2 3 6 7 8 10 12 13 14 15 16 17 18 20 21 23 24 26 28 31 33 34
13 4 6 8 14 19 20 21 22 24 26 27 31 32
24 1 3 4 6 10 13 14 15 16 18 19 20 21 22 23 25 27 28 29 30 31 32 33 34
10 7 11 12 14 17 18 19 23 24 28
12 2 4 7 8 9 16 17 24 25 28 30 32
23 1 3 5 7 8 9 10 11 12 13 14 15 17 18 19 20 21 23 24 26 27 28 29
51 35 36 37 38 39 40 41 42 43 44 45 46 47 48 49 50 51 52 53 54 55 56 57 58 59 60 61 62 63 64 65 66 67 68 69 70 71 72 73 74 75 76 77 78 79 80 81 82 83 84 85
38 35 36 40 42 43 44 45 46 47 48 50 51 53 54 55 56 58 59 61 64 66 67 68 70 71 72 73 74 75 76 78 79 80 81 82 83 84 85
21 37 38 41 46 47 49 50 52 53 56 61 65 67 69 70 73 74 75 79 81 82
18 35 36 40 43 51 54 60 61 62 63 64 70 71 72 74 75 76 78
29 35 36 40 43 45 47 49 50 51 52 53 54 56 57 58 60 63 64 65 66 68 71 73 78 79 81 83 84 85
17 38 41 43 49 51 52 54 58 60 62 65 68 69 74 75 82 83
28 35 36 37 40 43 44 48 49 51 53 55 56 58 59 63 65 68 70 71 72 75 76 77 78 80 81 82 85
34 35 36 37 38 43 44 46 47 48 51 52 54 56 57 58 59 60 62 64 65 66 67 69 71 72 74 76 77 78 79 80 81 82 83
19 35 36 37 43 46 48 49 51 56 60 64 67 68 72 75 76 80 82 85
21 35 38 39 40 41 44 45 50 51 56 59 65 66 68 70 71 73 76 80 83 85
22 35 37 46 49 51 53 54 56 58 60 61 64 69 70 71 72 74 77 78 79 84 85
28 39 41 42 44 45 47 48 50 52 53 54 55 57 59 60 64 65 66 67 71 73 76 77 79 81 82 83 84
36 35 37 38 39 40 41 42 43 45 46 51 53 54 56 57 58 59 61 64 65 67 68 71 73 74 75 76 77 78 79 80 81 82 83 84 85
26 37 38 39 40 41 44 45 46 50 51 52 60 63 66 68 69 70 71 72 73 74 77 78 81 82 83
25 36 37 38 41 42 50 51 53 55 57 59 63 64 65 66 67 69 70 73 74 79 80 81 83 85
15 42 44 54 56 58 62 64 65 66 74 79 82 83 84 85
19 37 38 41 51 52 55 56 57 60 62 64 65 66 68 72 74 75 77 85
35 37 39 42 43 44 45 46 48 50 51 52 53 54 55 56 57 59 61 62 63 64 65 66 67 68 69 73 74 77 78 81 82 83 84 85
32 36 37 38 39 40 41 42 43 45 46 47 49 51 52 53 54 58 59 60 61 63 64 66 67 68 69 70 72 74 79 82 85
40 36 39 40 41 42 43 45 46 48 49 50 51 53 54 55 57 58 59 60 61 63 65 66 67 70 71 72 73 74 75 76 77 78 79 80 81 82 83 84 85
40 36 37 38 39 40 41 42 43 45 47 48 49 50 51 52 53 57 58 59 61 62 63 65 67 68 69 70 71 72 73 74 75 76 77 78 79 80 82 84 85
19 36 37 43 47 49 51 56 57 61 62 73 74 77 79 80 82 83 84 85
32 35 37 38 39 41 42 44 45 48 49 50 52 54 56 57 58 62 64 65 69 70 72 73 74 75 77 79 80 81 82 83 85
32 35 37 38 39 40 41 45 46 49 51 53 55 56 57 58 60 61 63 64 65 66 67 68 69 71 72 73 75 78 80 81 85
37 35 36 37 38 39 40 41 42 44 45 46 47 48 49 52 53 54 56 57 58 59 60 63 64 68 69 70 71 72 73 74 75 78 79 80 81 83
19 36 39 41 49 54 56 63 66 68 70 71 72 73 76 77 78 81 83 85
18 36 38 42 45 46 48 49 58 60 61 66 70 71 72 73 75 77 78
40 35 36 37 39 40 43 44 45 46 47 48 50 51 52 53 54 55 56 57 58 59 60 61 62 63 64 65 66 67 70 71 72 74 75 76 77 78 79 81 83
19 37 43 46 48 50 52 54 55 60 61 64 65 68 69 71 74 76 77 84
35 37 38 40 43 44 45 48 49 51 53 54 57 58 60 61 62 63 64 65 66 68 69 70 71 72 73 74 75 77 78 80 82 83 84 85
15 42 44 45 47 50 54 63 65 69 70 71 72 73 76 84
20 40 41 44 45 46 48 49 55 58 59 60 67 68 70 73 74 76 78 80 85
25 39 40 43 49 50 51 52 53 57 59 64 65 67 68 69 70 71 74 75 77 79 81 82 83 84
20 36 38 39 41 45 49 52 55 57 60 61 62 63 72 73 76 79 81 84 85
33 35 37 38 39 40 41 43 45 46 47 48 49 50 52 53 54 55 56 57 60 69 70 71 72 74 75 78 79 81 82 83 84 85
40 36 37 38 39 40 41 42 43 45 46 47 48 49 50 51 53 54 55 56 57 58 59 60 62 63 64 66 67 69 71 72 73 74 75 76 77 79 80 84 85
17 35 36 39 41 44 46 54 60 61 63 66 67 68 70 73 81 83
15 35 36 38 40 41 53 60 63 67 72 74 77 78 83 85
18 36 40 50 51 53 54 56 58 59 62 65 72 74 77 78 79 81 82
25 36 37 38 39 41 42 43 46 47 48 52 53 56 57 58 59 64 65 71 72 73 76 77 78 80
38 35 36 37 41 42 43 44 45 47 49 50 51 52 54 55 56 57 58 59 60 61 62 63 64 67 68 70 71 72 73 74 75 76 77 81 82 83 84
15 38 43 45 52 55 58 61 63 68 69 71 72 73 74 79
23 35 36 40 41 42 44 50 52 53 54 55 60 68 69 70 73 75 76 78 79 80 81 85
36 35 36 38 40 41 42 45 47 48 49 52 53 54 55 56 57 58 59 60 61 62 63 64 65 66 67 69 70 71 73 75 76 79 82 84 85
22 36 39 43 46 47 49 54 57 60 61 63 65 67 68 69 71 72 73 74 75 76 82
20 35 39 44 45 46 52 53 57 59 60 61 64 69 72 74 75 79 81 83 85
38 35 37 40 41 42 46 47 48 49 50 52 53 54 55 57 58 59 60 61 63 64 65 66 67 68 70 71 72 73 74 75 76 77 78 81 82 84 85
19 35 39 43 45 49 53 54 56 57 63 65 69 70 72 74 75 77 83 84
20 36 41 42 43 44 45 46 48 50 52 56 57 58 59 60 61 67 69 77 78
19 37 41 47 50 53 56 57 59 65 67 68 70 71 74 76 77 81 84 85
35 35 36 37 38 39 40 42 43 46 48 49 50 51 52 55 56 57 58 60 61 63 68 69 70 71 73 74 76 77 78 80 81 83 84 85
36 35 36 37 38 40 43 44 45 46 47 48 49 50 53 55 57 58 59 63 64 67 68 69 70 71 72 73 74 76 78 79 80 81 83 84 85
33 36 38 39 41 42 43 44 45 47 48 49 50 54 56 57 58 62 63 64 65 66 67 69 70 71 73 74 76 80 81 82 83 84
37 35 36 37 39 40 42 43 46 47 49 52 53 54 55 57 58 59 60 61 63 64 65 68 69 70 72 73 74 76 78 79 80 81 82 83 84 85
22 35 40 46 49 50 52 53 54 56 57 58 66 68 70 73 75 78 79 82 83 84 85
37 35 36 38 39 40 41 42 44 47 48 49 50 51 52 53 55 56 57 58 59 60 61 63 64 65 66 69 70 72 73 74 75 80 81 82 84 85
32 35 36 37 38 40 41 42 43 45 46 48 49 51 52 54 55 56 59 61 63 64 68 70 73 75 77 78 79 80 83 84 85
37 36 37 38 39 40 41 42 43 44 45 47 48 50 52 53 54 56 57 58 59 60 62 64 66 67 69 70 71 73 74 76 77 78 81 83 84 85
25 35 38 40 41 42 43 44 47 49 50 51 54 56 60 62 63 65 69 73 74 75 76 78 80 84
8 95 97 98 99 107 110 118 119
13 87 88 90 93 96 104 106 112 114 118 120 121 122
8 86 87 91 93 95 99 107 122
21 86 87 89 92 93 94 97 98 99 102 103 105 106 107 108 109 110 112 115 119 122
23 89 90 92 93 95 98 100 101 103 104 105 106 108 109 110 111 113 114 115 117 119 120 122
7 90 92 96 102 105 112 113
21 87 89 90 91 93 98 100 101 102 105 106 107 108 109 111 112 113 114 116 117 118
7 87 94 97 103 110 111 112
16 94 97 100 102 104 105 107 110 112 114 115 116 117 118 120 122
14 89 91 96 97 100 102 103 107 108 109 110 111 117 122
11 86 89 93 100 103 106 111 112 114 116 120
24 86 87 89 90 92 95 96 97 99 101 102 103 104 105 106 108 109 111 112 116 118 119 121 122
8 86 92 93 102 105 116 119 122
3 86 89 110
12 91 94 95 97 99 100 101 102 105 108 113 115
17 86 92 94 95 96 101 102 104 108 111 112 113 116 117 118 121 122
11 86 92 95 98 100 103 110 113 115 118 119
12 87 88 90 91 94 96 102 108 113 115 121 122
8 88 98 99 106 108 116 120 122
13 87 88 89 90 91 97 103 105 106 107 110 115 119
14 86 87 88 91 94 96 97 99 102 107 112 116 118 121
6 92 101 104 105 109 117
10 86 91 93 94 95 101 102 106 119 120
16 86 88 92 94 95 96 97 99 103 104 110 115 119 120 121 122
4 90 92 117 122
18 86 87 90 93 94 95 97 98 101 102 109 110 113 115 117 119 120 121
11 87 88 91 92 95 100 101 102 103 108 119
6 98 105 113 114 117 118
9 89 95 99 104 106 107 115 118 120
24 86 87 90 91 92 94 96 97 99 100 102 104 105 108 111 112 113 114 115 117 118 120 121 122
13 94 97 98 101 104 106 108 109 111 114 116 118 120
21 86 87 88 89 90 91 92 93 95 96 98 99 101 103 106 108 109 111 113 119 121
9 89 97 104 105 108 109 112 114 122
17 89 91 93 94 97 103 106 107 108 110 112 114 115 116 119 120 121
19 86 87 88 89 91 92 93 94 97 98 99 103 104 105 108 112 116 117 118
11 87 90 92 93 95 99 105 106 114 116 119
30 86 87 88 90 92 93 95 96 97 98 99 100 102 104 105 106 107 108 109 110 111 112 113 114 115 116 117 118 120 122
18 90 95 96 100 101 102 106 107 109 110 111 113 114 115 119 120 121 122
25 86 88 89 90 91 92 93 94 96 100 101 102 103 104 105 106 108 109 110 111 112 113 114 121 122
5 92 95 102 105 122
10 87 88 90 94 96 97 103 104 105 118
7 89 91 94 101 103 119 121
10 86 89 94 95 97 100 104 105 109 119
16 88 90 91 95 96 100 101 104 111 113 114 116 117 118 120 121
16 87 88 91 93 97 98 101 105 108 110 115 116 117 118 119 122
12 86 89 92 98 103 107 109 110 111 116 117 119
9 96 99 100 103 105 106 107 108 118
12 93 94 97 98 99 104 105 109 113 116 118 122
13 93 94 95 96 97 99 102 106 107 108 113 116 118
20 86 87 88 89 91 98 100 101 103 104 105 109 110 111 112 114 115 119 120 121
8 87 90 103 104 108 110 112 115
8 91 92 93 99 102 107 114 121
13 88 90 91 96 98 100 101 108 109 113 114 117 121
12 87 95 97 98 99 107 115 116 117 118 119 120
11 90 96 102 107 110 111 112 113 117 118 121
8 87 91 92 93 101 103 114 115
10 88 89 91 92 104 111 112 114 116 122
8 86 88 94 101 112 113 115 121
16 95 98 100 101 106 108 109 111 112 113 115 116 117 119 120 122
21 86 89 90 92 94 95 96 99 100 102 103 104 106 107 109 111 112 113 114 120 121
7 93 98 99 100 109 114 120
27 86 87 88 89 90 92 93 95 96 98 99 100 101 104 106 108 109 110 111 112 113 114 115 116 118 119 121
13 88 89 93 95 98 101 103 106 107 109 110 116 119
13 88 91 93 94 98 100 107 110 113 114 115 117 120
17 87 88 90 91 93 94 96 99 101 102 106 107 111 116 117 120 121
10 91 94 97 102 103 105 107 117 120 122
9 88 89 100 103 110 115 117 119 121
4 98 104 118 120
15 86 87 88 90 96 98 99 100 101 104 109 111 113 117 118
14 86 89 90 96 106 107 110 111 112 114 115 117 120 121
13 88 89 92 96 97 99 100 107 109 111 116 121 122
8 88 89 93 95 98 101 109 119
17 87 89 92 93 94 97 99 102 106 107 108 109 110 112 115 119 122
12 95 100 101 106 111 112 113 115 117 119 120 122
12 86 87 88 89 92 94 97 99 103 104 112 118
8 87 90 92 93 95 105 116 119
4 103 106 108 118
11 88 91 95 96 101 104 111 113 116 118 120
15 86 94 97 98 99 103 106 107 108 109 110 112 115 119 122
13 86 94 95 96 101 102 104 108 111 113 116 117 122
8 90 92 93 95 99 105 114 116
4 106 116 120 122
10 88 91 93 98 107 110 113 115 117 120
5 99 103 106 107 118
3 90 92 122
15 87 89 90 92 95 96 101 103 108 109 111 112 116 118 119
14 86 88 92 94 95 96 97 99 103 104 110 119 120 121
5 93 105 116 119 122
3 92 95 102
9 87 95 97 99 107 115 117 118 119
8 86 91 93 101 102 106 119 120
12 86 88 89 91 92 93 94 97 105 112 116 118
6 86 87 93 99 107 122
7 87 88 96 97 104 105 118
1 89
24 86 88 90 92 93 95 98 99 100 102 104 105 106 107 108 109 110 113 114 115 116 117 120 122
6 96 99 103 105 107 108
6 103 106 111 112 114 120
15 90 95 96 100 101 102 106 107 110 111 113 114 119 120 122
17 87 88 90 91 93 96 98 99 101 103 106 108 109 111 113 119 121
6 87 92 93 95 114 116
6 90 92 93 95 105 114
25 86 87 90 92 93 95 96 97 99 100 102 104 106 107 108 111 112 113 114 115 116 117 118 120 122
16 86 89 90 92 96 99 100 102 104 106 107 109 111 112 113 121
9 97 104 105 110 112 114 115 118 120
4 106 108 116 122
2 117 122
7 86 91 93 95 102 106 120
7 96 99 100 105 107 108 118
13 89 91 94 97 103 107 108 110 114 115 116 120 121
15 86 87 91 98 100 101 103 109 110 111 114 115 119 120 121
7 95 98 99 107 110 118 119
8 91 94 95 99 100 101 105 108
8 88 97 101 108 116 117 118 119
5 91 93 101 114 115
5 98 99 107 118 119
7 87 88 91 95 100 101 102
8 95 100 103 110 113 115 118 119
10 95 98 100 106 108 109 111 113 115 116
6 86 92 105 116 119 122
14 90 95 100 101 102 106 107 109 111 113 119 120 121 122
13 87 91 92 94 97 99 105 108 113 114 117 120 122
4 98 99 108 116
11 95 100 101 108 109 111 115 116 117 120 122
17 88 89 92 93 94 96 100 102 103 104 105 108 110 111 114 121 122
7 87 88 96 104 112 118 120
20 86 89 90 92 95 96 97 101 102 104 105 106 108 109 111 112 116 119 121 122
11 89 91 96 97 100 103 107 108 109 111 117
7 87 88 90 91 96 102 122
4 97 103 110 112
8 86 89 94 95 104 105 109 119
7 87 90 92 95 105 106 119
18 87 89 92 95 96 97 102 104 105 106 109 111 112 116 118 119 121 122
25 86 87 88 90 92 95 96 97 98 99 104 105 106 108 109 110 111 112 113 115 116 117 118 120 122
16 86 87 89 91 92 97 98 99 103 104 105 108 112 116 117 118
6 99 100 101 102 108 115
9 97 102 105 112 114 115 117 120 122
15 86 87 90 93 94 95 98 101 102 109 110 113 115 119 120
4 98 105 117 118
5 87 94 97 103 111
9 87 88 91 92 100 101 102 103 119
6 89 91 94 101 103 121
12 87 91 93 97 101 105 108 115 116 117 118 119
11 87 88 93 96 99 101 102 111 116 117 120
14 86 87 88 89 91 100 101 104 110 111 112 119 120 121
8 98 101 108 111 114 116 118 120
2 98 118
4 92 104 105 117
12 86 87 90 93 94 95 97 98 101 117 120 121
6 86 94 112 113 115 121
7 98 103 110 113 115 118 119
4 93 102 105 116
7 86 87 91 93 95 99 107
11 89 91 96 97 100 102 103 107 109 110 111
17 86 89 90 91 93 94 96 100 101 102 105 108 110 111 112 121 122
4 99 107 114 121
9 88 90 94 96 101 102 106 107 117
8 95 98 108 112 115 117 119 120
10 87 88 91 94 96 102 113 115 121 122
12 90 95 96 101 109 110 111 114 115 120 121 122
11 88 89 90 97 103 105 106 107 110 115 119
11 91 93 98 101 109 111 112 114 116 117 118
11 86 87 88 89 91 94 97 98 99 117 118
8 97 98 99 104 105 113 116 118
11 88 90 91 95 96 104 113 116 118 120 121
16 86 88 89 91 92 93 94 98 99 103 104 105 108 116 117 118
6 90 96 102 107 110 112
12 88 90 91 95 96 99 103 106 108 109 111 113
9 88 90 91 96 101 109 113 114 121
6 93 95 96 97 107 118
15 86 92 96 101 102 104 108 111 112 113 116 117 118 121 122
7 91 100 107 110 113 114 115
9 90 96 104 106 112 118 120 121 122
10 88 89 93 97 98 99 103 105 108 116
20 86 88 89 90 91 93 94 96 100 101 103 106 108 110 111 112 113 114 121 122
11 88 89 95 98 101 106 107 109 110 116 119
14 86 87 89 90 95 99 101 102 105 109 111 116 118 122
4 86 88 115 121
6 88 98 106 108 116 122
7 93 95 96 99 106 116 118
21 86 87 89 90 92 93 95 96 98 99 101 104 108 109 110 111 113 115 116 118 121
18 86 89 92 94 95 96 99 100 102 103 104 106 107 111 112 114 120 121
3 101 104 109
9 89 90 96 107 110 111 112 114 121
5 92 101 104 105 109
8 86 88 91 97 107 116 118 121
19 89 90 92 93 95 98 100 103 104 106 108 109 110 111 114 115 119 120 122
10 87 95 97 98 99 107 116 117 118 119
17 87 88 89 91 98 100 101 103 104 105 109 110 112 115 119 120 121
11 86 92 94 95 101 102 104 108 111 113 116
7 89 97 104 105 109 114 122
18 89 90 92 94 95 96 100 102 103 104 106 107 109 111 113 114 120 121
4 90 102 112 113
14 89 91 93 97 103 108 110 112 114 115 116 119 120 121
7 96 104 114 118 120 121 122
8 91 94 97 103 105 107 117 122
5 94 101 103 119 121
8 94 98 99 104 105 109 113 116
10 86 88 92 94 96 97 99 104 120 122
9 88 89 92 96 99 111 116 121 122
20 87 89 90 92 95 96 99 101 102 103 104 105 108 111 112 116 118 119 121 122
4 90 96 102 113
11 90 96 101 102 106 110 111 113 114 115 121
16 86 87 88 89 98 100 101 104 105 109 110 112 114 115 119 120
8 91 94 97 102 103 105 117 122
17 86 87 88 89 90 92 93 95 96 98 99 101 103 109 111 113 121
3 92 95 102
9 86 90 93 94 95 97 101 117 119
5 87 90 103 104 112
12 86 88 92 94 95 96 103 115 119 120 121 122
4 91 92 107 114
7 88 94 96 102 107 116 121
4 98 114 117 118
12 89 91 96 100 102 103 107 108 109 110 111 122
7 94 97 101 104 109 114 116
7 88 98 99 108 116 120 122
13 89 91 93 94 97 103 107 110 112 115 116 119 121
7 89 98 103 109 110 116 119
5 91 95 99 107 122
6 86 87 93 99 107 122
8 87 97 98 99 107 115 117 118
7 87 97 99 107 116 117 120
8 92 98 100 103 110 113 115 118
7 87 90 103 104 108 112 115
4 93 116 119 122
5 98 105 114 117 118
2 104 118
6 93 95 102 106 116 118
4 104 105 109 117
8 91 97 98 101 108 110 115 118
9 88 94 97 102 107 112 116 118 121
14 87 90 92 96 99 101 103 105 106 108 111 112 119 122
11 88 94 96 99 101 102 106 107 111 116 120
13 90 95 96 102 107 109 110 111 113 114 115 119 120
16 86 88 93 95 97 99 100 104 105 107 108 109 113 114 117 122
4 87 93 99 122
8 92 96 100 107 111 116 121 122
7 88 91 93 100 114 115 120
2 90 92
7 93 95 96 99 106 107 108
5 86 94 95 100 119
19 88 90 92 95 96 97 98 99 100 104 105 109 113 115 116 117 118 120 122
4 92 104 109 117
15 86 87 90 93 94 95 98 101 102 110 113 117 119 120 121
6 89 91 92 104 116 122
2 98 118
6 88 96 99 116 121 122
7 92 107 109 111 116 117 119
12 89 93 103 104 105 109 113 114 115 117 119 120
6 87 97 98 107 118 119
5 92 93 103 114 115
6 91 93 99 102 107 114
8 87 92 95 100 101 102 103 108
4 92 104 105 117
7 92 98 103 107 111 117 119
10 89 98 103 107 109 110 111 116 117 119
6 92 103 109 111 117 119
8 93 100 103 111 112 114 116 120
7 87 88 101 104 111 113 117
5 101 112 113 115 121
3 98 118 120
8 87 88 91 93 97 98 105 110
6 89 95 99 106 107 118
12 86 89 91 98 100 101 105 110 111 112 119 121
10 89 91 96 102 103 108 109 111 117 122
4 93 99 114 120
4 95 98 99 118
22 86 88 90 92 93 95 96 99 100 102 104 105 107 109 110 111 112 113 115 116 120 122
7 95 99 104 106 107 118 120
13 92 95 99 102 104 106 109 111 112 116 119 121 122
8 90 92 93 95 99 106 116 119
2 118 120
11 86 92 94 102 104 108 112 116 117 118 121
4 95 98 118 119
6 86 92 93 105 116 119
20 86 87 89 90 92 95 96 97 99 101 104 106 108 109 111 112 116 118 119 121
3 98 104 120
6 98 99 108 116 120 122
13 95 98 100 101 106 108 109 112 113 115 119 120 122
19 86 89 93 94 95 97 99 101 102 105 106 108 110 115 117 118 120 121 122
13 89 90 93 96 99 100 101 103 106 108 109 112 114
14 91 95 97 98 100 105 109 114 115 116 117 119 120 122
20 86 89 91 92 94 95 96 97 99 101 104 106 110 111 114 116 117 118 119 121
14 87 89 90 93 100 102 103 104 105 109 111 115 116 119
24 86 87 90 92 93 94 96 97 98 99 101 102 104 106 108 109 112 113 114 115 117 118 119 120
18 86 88 89 90 95 96 99 103 104 105 106 110 111 113 114 115 119 122
25 86 87 88 89 91 92 93 94 96 98 100 102 103 104 105 106 107 110 113 114 115 116 117 120 122
25 86 87 88 89 91 92 93 94 95 96 97 101 102 103 104 106 107 108 112 113 115 116 117 119 120
17 86 90 91 95 96 98 100 101 103 105 106 108 109 110 111 115 122
24 88 89 90 91 92 93 94 96 101 102 103 104 105 107 108 109 110 111 112 113 116 119 120 121
14 88 89 90 94 100 101 102 106 111 113 114 116 118 119
25 86 87 88 89 90 91 92 94 96 100 101 102 103 105 106 107 108 109 110 111 114 115 118 119 121
14 87 88 89 94 101 102 107 109 113 114 115 118 119 121
16 88 89 90 91 93 94 95 96 97 100 101 105 107 115 118 120
25 86 87 89 92 93 95 97 98 101 102 103 104 105 106 108 109 110 112 113 115 116 118 119 121 122
17 89 90 92 94 95 96 98 101 102 103 104 106 109 113 115 118 120
18 86 90 92 93 94 95 96 97 100 102 103 106 109 110 111 112 116 120
21 86 87 93 94 96 97 99 100 102 104 106 108 110 112 113 114 115 116 120 121 122
17 87 89 92 93 95 97 103 104 105 111 113 114 116 117 118 120 122
17 89 91 96 99 103 104 105 106 107 109 113 114 116 117 118 119 121
15 86 87 88 90 91 94 95 96 101 106 108 111 113 117 118
19 86 89 90 92 93 97 102 103 104 105 107 108 111 112 113 114 115 117 121
16 87 89 90 91 93 94 99 100 101 103 104 107 109 113 115 117
12 88 89 90 92 94 96 99 104 108 114 121 122
17 86 90 92 93 95 102 105 106 109 111 113 114 115 117 118 119 122
14 87 90 93 94 95 97 101 102 105 111 112 117 119 122
19 87 88 89 91 92 95 97 98 100 101 102 107 108 109 115 117 118 119 120
14 88 90 96 98 106 107 108 109 112 114 115 117 120 121
19 86 88 89 91 92 93 97 99 100 103 104 108 110 112 114 115 118 121 122
11 96 98 99 100 105 106 110 113 115 117 122
23 87 88 90 91 93 95 96 98 100 102 106 107 108 109 110 111 114 115 116 117 119 120 122
14 86 88 89 91 94 102 103 106 107 109 112 114 115 118
16 89 92 96 98 100 104 107 108 109 110 111 114 115 117 120 121
25 86 87 88 91 92 95 96 97 98 100 101 102 106 107 108 111 112 113 114 115 116 117 119 120 121
24 86 87 88 89 90 92 94 96 97 99 101 103 104 105 107 108 109 112 113 114 115 116 118 119
18 87 92 93 94 96 97 98 100 104 109 111 112 114 116 117 118 119 121
14 86 90 92 94 98 103 104 107 108 112 113 117 118 120
13 89 90 92 93 96 99 103 107 109 115 116 121 122
25 88 89 90 92 94 95 96 97 98 99 101 102 105 106 107 108 110 112 113 115 117 118 119 120 121
18 86 90 93 95 96 99 101 102 103 104 105 108 109 111 112 115 117 122
17 87 88 89 90 93 94 97 103 105 107 109 112 113 114 118 119 122
19 88 89 92 94 95 97 100 102 105 106 107 108 112 113 116 117 118 121 122
25 87 88 89 91 92 93 94 96 97 98 101 102 104 105 106 107 108 109 112 113 115 116 118 121 122
13 87 89 90 91 95 99 105 109 110 112 113 121 122
12 87 88 91 94 95 97 103 105 109 111 112 117
13 87 91 97 98 99 106 108 109 112 114 116 119 122
12 88 89 93 94 98 99 104 111 112 116 119 120
18 87 89 90 93 95 97 98 99 103 105 108 110 113 114 115 118 119 122
23 87 88 89 91 92 94 95 96 97 98 99 101 102 107 109 110 111 112 114 116 119 120 121
15 87 88 92 97 99 100 107 109 111 112 115 116 117 120 121
25 86 87 88 89 90 91 92 93 97 98 99 100 102 103 104 106 109 110 111 112 114 115 116 119 121
18 87 93 97 98 100 103 104 105 107 108 109 112 116 117 118 119 121 122
21 86 89 92 94 95 96 101 104 106 107 108 109 111 112 113 114 116 117 119 121 122
11 86 89 91 100 104 105 111 113 114 120 121
20 87 90 91 94 98 99 100 102 103 104 106 108 110 111 113 115 116 117 121 122
23 86 90 93 94 96 99 101 102 103 104 106 107 108 109 110 111 112 113 114 115 118 119 121
13 86 91 93 97 99 101 102 106 111 112 113 114 115
13 87 89 97 100 102 103 109 110 113 115 117 118 122
14 87 93 94 96 97 99 101 104 108 110 111 112 114 119
13 87 89 96 97 98 102 106 108 109 114 116 120 122
20 86 88 89 92 93 94 95 96 102 107 110 111 113 114 115 116 117 119 120 122
11 88 92 96 105 106 108 112 113 114 116 117
15 87 88 94 95 96 101 102 104 106 110 112 114 118 119 120
16 87 92 93 97 98 99 102 103 106 109 112 113 115 116 118 119
21 88 89 91 94 95 96 97 98 99 100 102 104 108 110 111 112 113 114 117 118 120
13 89 90 92 99 105 106 109 110 116 117 118 121 122
11 88 97 99 102 103 105 106 116 117 121 122
11 87 88 90 91 92 99 103 107 116 119 120
22 86 88 89 92 93 96 97 98 99 103 106 107 108 109 111 112 113 115 116 117 120 122
13 87 89 90 93 96 100 101 104 105 107 111 113 120
23 86 87 89 92 94 95 96 98 100 101 102 105 106 107 108 110 111 114 117 119 120 121 122
21 86 87 91 92 93 97 101 102 103 105 106 107 110 112 114 115 116 117 120 121 122
12 91 93 97 103 104 107 112 114 116 120 121 122
12 88 89 101 104 108 110 112 113 115 117 120 121
22 86 87 88 89 90 91 92 93 95 96 99 100 101 104 105 106 109 111 114 117 118 121
11 89 94 98 99 104 106 109 110 115 117 118
23 86 87 89 91 95 97 101 105 106 107 108 109 110 111 114 115 116 117 118 119 120 121 122
11 86 90 93 94 98 104 107 108 112 118 120
19 86 90 93 94 95 97 99 104 105 107 111 114 115 116 117 118 119 120 122
14 87 95 99 100 102 107 108 110 111 112 115 119 120 122
20 87 89 91 92 93 95 96 97 98 99 101 102 105 114 115 117 118 119 120 122
15 89 91 93 95 96 101 103 104 107 109 116 118 119 120 122
18 90 95 97 98 99 100 104 106 107 109 110 115 117 118 119 120 121 122
24 87 88 89 91 93 94 95 96 98 99 100 101 104 106 107 108 109 110 111 113 116 117 118 120
21 87 89 91 92 93 94 95 96 99 100 103 106 108 109 115 116 117 118 119 120 121
21 86 87 90 93 94 95 98 99 100 101 102 106 112 113 114 115 117 118 120 121 122
16 86 91 92 93 96 97 102 103 106 109 111 113 117 119 121 122
23 87 88 90 91 93 94 95 97 98 99 100 103 105 106 107 108 109 110 111 114 116 118 119
25 86 90 91 93 95 96 97 98 99 100 101 103 104 105 106 107 108 109 111 112 115 116 117 118 121
25 86 87 88 91 92 93 94 96 97 98 99 101 103 105 108 109 110 111 112 113 117 118 119 120 121
22 87 89 91 92 95 96 97 98 99 100 101 104 108 109 110 112 113 114 116 117 121 122
25 86 89 90 94 96 97 98 99 100 102 103 104 105 106 108 110 111 114 115 117 118 119 120 121 122
18 87 89 95 98 102 103 104 107 108 113 114 115 117 118 119 120 121 122
15 88 89 90 97 98 99 102 103 106 115 116 117 118 120 122
13 89 93 94 96 97 102 106 108 111 114 116 117 118
18 86 87 88 89 91 92 94 96 97 101 102 103 107 110 112 114 120 122
19 88 89 90 91 92 93 94 96 100 101 103 106 109 111 112 114 115 120 122
18 89 90 91 93 95 96 97 98 99 100 101 102 103 109 114 118 121 122
11 91 93 98 100 101 102 107 109 110 111 119
23 86 87 88 91 92 93 94 97 98 101 102 103 105 106 107 108 112 113 114 117 118 120 122
19 86 87 90 91 92 93 95 97 102 104 108 109 113 114 117 118 119 120 122
17 88 91 94 96 99 101 103 106 110 113 114 117 118 119 120 121 122
22 88 89 90 91 92 97 98 99 101 102 103 106 107 108 110 111 113 114 115 116 121 122
14 89 94 95 96 100 103 105 106 107 110 112 114 116 117
25 87 89 90 91 92 93 94 95 97 98 99 102 103 104 107 108 109 111 112 113 115 116 118 121 122
18 87 89 90 93 94 95 96 98 101 104 105 108 109 112 113 115 117 121
19 90 91 92 94 95 96 98 100 101 103 107 108 111 112 115 116 118 119 122
24 87 88 89 90 96 97 98 100 101 104 105 106 107 108 110 111 112 113 114 116 117 118 120 122
14 86 88 89 90 91 96 98 102 105 106 108 114 116 122
24 86 88 89 90 91 92 93 94 96 99 101 102 103 106 107 108 111 113 115 116 118 120 121 122
13 92 94 97 98 101 102 104 107 112 114 116 117 122
24 86 87 88 89 91 92 93 94 97 99 100 101 102 105 106 108 109 110 112 115 116 119 120 121
20 86 88 89 91 93 94 95 96 97 98 99 101 102 106 107 109 114 117 118 122
11 86 103 104 109 112 114 115 118 119 120 122
21 88 90 91 92 94 99 101 102 104 105 107 109 110 111 112 113 117 118 119 120 122
20 87 90 92 93 94 96 98 102 103 106 108 109 110 111 113 114 115 116 120 121
14 88 89 91 97 99 101 103 105 107 110 112 113 117 119
24 86 87 89 91 92 93 96 97 98 100 102 104 105 107 108 109 110 111 112 113 117 118 119 120
18 86 87 93 98 101 102 103 105 106 108 113 115 116 118 119 120 121 122
15 87 90 91 92 95 96 98 100 102 105 109 110 116 117 122
18 87 88 93 94 96 97 99 100 101 103 104 105 109 110 113 116 117 120
17 87 91 92 95 98 101 102 103 104 105 108 116 117 119 120 121 122
21 88 89 91 93 94 95 97 99 100 101 102 105 106 107 108 112 115 116 118 119 122
25 86 87 88 90 92 94 95 96 97 98 99 100 102 105 108 109 111 112 114 116 118 119 120 121 122
19 86 87 89 90 91 92 94 97 99 101 102 104 108 109 113 116 117 121 122
16 86 89 94 97 100 101 102 103 104 106 107 108 112 115 117 122
11 89 90 94 99 105 107 115 116 118 121 122
12 92 93 94 98 101 103 107 108 109 113 118 119
25 86 87 88 90 91 94 95 96 98 99 100 102 106 107 108 109 111 113 115 116 117 118 119 120 122
21 86 87 89 92 95 97 98 102 104 105 106 107 108 109 110 113 114 117 118 121 122
15 86 87 93 94 95 102 103 104 105 111 112 113 118 119 122
14 87 89 90 92 93 100 103 104 107 110 112 113 114 117
15 87 88 89 90 94 98 99 100 101 103 111 113 116 118 119
25 86 87 88 89 93 94 95 96 97 99 100 101 102 103 104 108 110 112 113 115 116 117 118 120 122
13 88 90 91 96 97 101 108 109 110 113 115 120 122
25 86 87 88 89 92 93 94 96 97 99 100 101 104 105 106 107 108 109 111 113 116 117 120 121 122
25 86 87 90 93 94 95 96 97 99 100 101 104 105 106 108 109 110 111 115 116 117 118 119 120 122
24 86 87 88 90 92 93 94 95 96 98 99 100 101 102 103 104 105 109 111 112 113 115 116 122
13 88 91 92 93 96 100 107 108 116 118 119 120 122
24 86 87 90 92 93 95 96 97 98 99 100 103 105 106 109 111 112 114 115 116 117 118 119 122
21 87 89 91 92 94 97 98 100 101 102 105 106 108 109 111 112 113 115 118 120 122
25 86 88 90 91 92 93 95 98 99 100 105 106 107 108 109 110 111 112 113 115 116 117 119 121 122
18 87 88 89 92 93 96 97 101 102 103 104 105 110 112 113 118 119 122
17 86 87 89 91 95 96 100 105 107 110 111 112 113 115 116 120 122
17 87 88 90 92 96 97 100 101 103 104 106 109 110 111 112 115 122
12 92 93 97 98 99 103 104 111 115 117 120 121
24 87 91 92 94 95 96 97 98 100 102 103 104 105 106 109 110 111 113 114 116 118 119 120 121
22 89 90 91 92 93 94 95 97 100 103 105 106 107 108 112 114 115 117 118 119 120 121
16 89 90 91 95 98 99 102 103 104 105 110 111 112 118 120 121
25 86 87 89 90 91 92 93 98 99 100 101 102 103 105 109 110 111 114 115 116 117 119 120 121 122
14 87 90 91 92 95 97 99 108 109 112 113 117 119 120
20 86 87 88 90 92 93 94 95 97 98 99 102 103 108 114 116 118 119 120 121
15 86 87 91 92 94 100 101 102 104 108 109 112 114 115 116
12 87 91 100 101 104 107 109 112 113 116 118 120
22 86 89 90 91 92 93 94 95 98 99 101 102 103 106 108 111 112 113 114 117 119 121
24 86 87 88 89 90 91 93 94 95 96 98 99 105 107 108 110 111 112 115 117 118 119 120 122
14 87 88 93 94 95 97 99 100 108 109 113 116 117 119
25 86 87 90 93 94 95 96 97 98 100 101 102 104 105 108 109 110 111 112 113 114 118 120 121 122
15 87 92 94 97 99 102 105 106 109 111 113 114 119 120 121
16 88 90 93 95 97 99 101 104 108 110 111 113 117 119 120 122
11 86 88 90 91 97 101 110 113 114 115 117
14 87 92 94 95 96 100 103 105 108 110 112 113 118 121
15 88 90 95 98 99 104 107 108 109 111 113 118 119 120 122
17 86 89 90 92 96 97 98 100 102 103 104 105 106 108 111 117 120
20 88 89 91 92 94 95 96 97 98 99 100 102 104 107 108 113 114 116 118 120
20 87 92 93 95 97 98 99 100 103 105 107 109 110 111 112 113 115 116 117 119
18 86 88 89 91 94 95 98 100 101 104 106 107 110 114 117 118 119 121
24 86 87 88 91 95 96 97 98 99 101 105 107 108 109 110 111 113 114 115 116 117 119 121 122
14 87 91 92 94 96 97 98 99 104 105 108 114 115 117
18 86 87 88 90 92 93 94 95 96 100 101 102 105 108 111 114 115 119
16 86 87 88 89 90 91 92 100 101 104 105 107 113 116 118 120
23 86 87 91 93 94 96 97 98 99 100 101 104 105 106 109 111 112 113 115 116 117 119 122
16 86 87 88 89 90 91 96 98 100 101 107 110 113 114 117 122
24 86 88 89 90 91 92 94 96 97 99 100 102 104 105 107 109 110 111 112 113 115 118 119 122
12 89 92 93 94 97 99 103 106 107 110 116 120
24 86 87 91 92 93 94 95 97 98 100 101 102 103 104 106 108 109 110 113 114 115 116 119 120
11 92 93 94 97 99 100 107 110 112 116 118
14 88 90 91 93 96 102 107 109 110 111 113 115 118 119
19 87 88 90 91 94 96 97 100 101 103 105 108 110 112 114 117 118 119 120
24 86 87 88 89 90 91 92 93 96 98 99 100 101 102 103 104 105 107 110 112 113 116 118 122
15 86 90 91 92 96 100 101 102 104 105 110 112 114 117 118
23 86 88 91 93 95 96 98 100 101 104 105 106 109 111 112 113 114 115 117 118 120 121 122
15 90 93 96 97 101 102 103 104 109 110 113 115 118 120 122
16 86 88 89 94 99 102 103 104 107 109 112 116 117 118 119 121
13 87 89 91 93 99 100 104 107 110 114 115 120 121
19 89 90 93 94 96 97 100 101 102 103 107 108 110 111 113 114 116 118 120
21 86 87 89 93 94 97 98 100 103 106 107 108 109 111 113 115 116 117 118 121 122
14 86 87 88 91 103 104 105 107 108 110 115 117 121 122
13 86 87 88 94 95 106 109 112 114 116 118 119 120
17 87 90 91 95 96 97 98 99 100 101 108 110 111 112 117 118 120
13 88 89 92 95 100 106 107 108 112 115 118 120 122
11 88 92 95 100 101 105 107 109 110 111 120
21 88 89 90 91 94 95 96 97 99 100 102 103 104 105 109 110 116 119 120 121 122
21 88 89 92 94 95 97 98 99 100 101 103 107 108 109 112 113 114 116 117 119 121
23 87 88 89 90 91 94 95 97 98 100 102 103 104 105 106 107 108 110 111 112 115 116 119
19 86 87 90 91 92 97 102 105 106 107 108 110 112 114 115 117 118 119 121
24 87 88 89 91 92 93 94 95 97 99 101 103 104 106 108 110 111 112 113 116 117 119 121 122
21 87 88 89 90 91 95 96 98 100 103 106 107 108 109 111 112 115 116 117 118 119
22 86 88 91 92 93 94 95 98 100 101 103 104 106 107 109 110 111 115 117 120 121 122
13 86 87 89 90 95 97 101 112 113 114 115 120 122
21 87 89 90 94 96 98 100 103 105 106 107 108 109 110 113 114 115 119 120 121 122
24 86 87 88 89 90 92 93 96 97 98 99 101 103 104 105 106 107 109 110 112 118 119 121 122
19 87 88 91 93 94 95 96 101 105 107 108 110 112 113 114 118 119 120 122
16 87 89 95 97 98 101 102 104 105 107 108 112 113 119 120 122
23 86 87 88 91 92 93 94 95 97 98 100 101 104 105 106 107 111 113 114 115 117 121 122
12 86 87 95 98 100 101 104 105 112 113 114 119
16 86 87 90 92 97 99 101 104 105 106 108 112 113 116 117 122
9 125 126 127 130 137 143 144 153 156
5 123 135 145 152 154
6 127 128 140 142 143 149
13 125 130 132 134 135 141 143 144 147 148 153 155 156
14 123 125 126 130 132 135 137 138 142 145 153 154 157 158
11 123 125 130 134 136 138 146 151 153 154 156
6 126 127 137 139 140 155
6 128 135 139 141 145 154
22 123 124 125 126 129 135 136 137 138 140 141 143 145 146 148 150 151 152 153 156 157 158
18 125 126 127 128 129 136 141 142 143 145 147 149 150 151 152 153 156 158
9 124 136 138 139 140 144 153 155 158
12 123 126 131 133 137 138 147 148 150 154 155 157
11 126 127 128 131 134 136 140 143 144 156 158
13 126 128 130 132 134 136 138 140 144 146 151 152 156
8 126 131 134 135 140 149 150 153
2 148 152
4 123 135 146 151
23 123 124 125 126 128 130 131 133 135 136 137 138 140 142 144 146 149 150 151 152 154 156 157
6 131 148 153 154 155 156
27 124 125 126 127 128 129 130 131 132 133 135 136 137 138 139 140 141 143 144 148 150 151 154 155 156 157 158
19 125 129 130 132 134 135 138 143 144 145 146 147 150 151 152 153 156 157 158
20 123 124 125 127 128 131 132 133 135 138 139 140 141 142 143 147 148 149 152 156
10 129 131 137 141 143 149 150 153 155 157
10 126 128 129 137 139 140 141 143 145 150
22 123 124 125 127 128 130 132 133 134 135 137 139 144 147 148 149 151 153 154 156 157 158
28 123 124 125 127 128 129 130 132 133 136 137 138 139 141 142 143 144 145 146 147 148 151 152 154 155 156 157 158
29 123 125 126 127 128 131 132 133 134 135 137 138 139 140 141 143 144 145 146 147 148 149 151 152 153 154 156 157 158
11 123 124 128 131 133 136 141 142 148 149 154
14 124 125 129 130 135 138 141 146 150 152 153 154 155 157
8 129 130 131 137 141 143 148 152
16 126 129 130 134 136 137 144 145 146 150 151 153 154 155 157 158
9 124 127 139 140 141 143 152 156 158
14 126 129 131 136 138 140 141 142 143 145 146 150 152 155
14 123 124 126 127 133 137 139 140 149 150 152 154 157 158
14 123 126 127 129 134 137 142 144 145 147 150 152 154 158
6 124 128 138 140 143 149
11 129 130 131 134 142 144 146 148 156 157 158
14 129 130 131 136 138 141 143 145 146 147 151 153 157 158
10 123 124 125 127 133 135 139 147 148 158
3 142 145 154
7 124 129 130 136 142 150 155
9 128 129 131 136 138 142 145 146 151
9 123 125 126 132 136 144 145 146 153
9 123 134 142 145 146 147 149 152 153
9 129 130 134 136 142 145 146 149 151
12 123 126 129 131 132 134 135 141 146 148 149 157
14 124 125 130 131 134 138 142 146 147 148 151 155 157 158
13 125 126 127 130 131 133 139 144 147 151 152 156 157
12 124 126 127 128 137 138 139 140 141 143 150 151
14 123 125 126 133 134 136 137 138 139 141 150 151 157 158
10 129 134 135 139 147 154 155 156 157 158
11 123 132 133 137 139 142 145 147 148 149 151
11 124 129 131 132 138 142 147 148 149 151 152
10 123 124 128 132 140 143 149 150 153 155
6 125 127 130 150 154 156
9 128 133 137 142 143 145 147 151 152
6 131 134 144 154 155 157
10 124 129 130 132 135 144 145 146 147 152
10 123 133 134 136 140 146 150 155 157 158
20 124 127 128 129 131 133 134 136 139 140 141 143 144 146 147 149 150 151 155 156
7 124 133 135 137 138 139 146
13 127 129 132 134 139 141 143 145 147 148 153 155 158
14 127 128 130 131 132 133 134 139 142 144 147 149 154 155
8 125 132 133 136 147 149 153 155
16 125 130 131 132 133 135 136 139 141 146 148 151 153 155 156 157
10 124 128 130 131 140 141 142 143 149 152
7 127 133 137 138 148 150 151
12 123 127 132 133 135 136 144 149 152 153 154 156
5 126 129 147 152 155
16 124 128 131 132 133 137 140 142 143 144 145 148 149 150 157 158
4 127 135 139 141
6 124 132 147 150 156 157
13 129 134 135 136 137 138 141 142 145 146 148 154 158
22 123 124 125 126 127 128 132 133 134 135 137 139 140 142 144 148 149 150 152 154 155 156
5 123 130 132 140 148
6 125 128 132 135 144 153
18 125 126 127 128 133 134 136 138 139 140 142 144 145 149 153 154 155 158
12 134 136 137 144 145 146 150 151 153 155 157 158
7 123 134 146 147 149 152 153
5 124 130 140 141 152
11 124 126 130 131 133 137 140 151 154 156 157
11 126 127 129 142 144 145 147 150 152 154 158
13 124 128 133 139 141 143 144 146 147 149 151 155 156
7 128 137 142 145 147 151 152
10 127 130 131 132 134 144 147 149 154 155
13 125 130 134 135 138 145 146 147 151 152 156 157 158
7 127 132 136 144 149 152 153
6 131 140 142 143 149 152
21 123 125 126 128 131 133 134 135 138 139 141 143 144 145 146 147 149 151 152 157 158
11 125 132 134 135 138 144 145 147 150 151 156
7 123 126 136 144 145 146 153
9 130 136 138 143 145 146 147 151 158
17 124 125 129 135 137 141 143 145 146 148 150 151 152 153 156 157 158
10 124 125 130 131 134 138 142 146 147 151
4 125 127 143 156
8 130 134 136 138 151 153 154 156
4 125 127 130 150
7 123 132 140 149 150 153 155
7 128 131 132 133 134 142 149
12 124 125 130 131 134 138 142 146 148 151 155 158
6 126 131 135 140 149 150
7 124 126 133 137 139 140 154
10 125 134 135 143 145 147 150 152 156 157
11 125 126 132 135 137 138 142 145 154 157 158
6 126 131 134 135 140 150
4 127 138 148 150
4 134 144 154 157
7 124 131 133 141 142 148 154
6 124 130 131 141 142 149
18 123 124 125 126 128 130 131 133 135 138 140 144 146 149 151 152 156 157
3 128 138 140
19 123 124 125 126 128 132 133 134 135 137 139 140 142 148 149 150 152 154 155
13 125 130 131 135 136 139 146 148 151 153 155 156 157
9 125 126 130 139 144 147 151 152 157
6 127 128 139 141 143 151
4 140 142 143 149
8 123 125 126 136 137 138 139 141
6 124 129 135 144 146 147
10 123 126 129 137 142 144 145 150 152 158
4 126 131 149 153
6 129 130 134 142 149 151
13 128 129 133 134 140 141 143 146 147 149 151 155 156
9 123 126 127 133 139 140 149 150 154
4 135 139 145 154
7 134 142 146 147 149 152 153
7 126 128 129 137 141 143 145
4 125 128 132 153
18 123 124 125 126 128 130 131 133 136 137 140 142 146 151 152 154 156 157
7 125 126 127 130 133 152 157
7 124 129 131 132 138 142 148
3 127 135 141
5 129 137 141 148 152
17 124 126 128 130 132 135 136 139 140 143 144 148 150 151 155 156 158
4 129 130 136 155
14 124 127 128 132 133 134 135 137 139 142 144 149 155 156
6 128 133 142 145 147 152
11 123 125 126 133 134 136 137 141 150 157 158
6 129 131 137 141 150 153
4 123 142 147 153
7 127 132 139 145 153 155 158
4 135 145 152 154
4 129 131 136 146
7 123 133 139 145 147 148 151
3 135 145 152
4 127 150 154 156
20 124 125 126 127 128 129 130 132 133 137 138 139 140 143 144 151 154 155 156 158
5 124 132 143 150 153
9 123 124 128 131 133 136 141 142 154
6 123 127 133 135 152 154
4 148 153 155 156
3 128 145 154
4 130 131 148 152
6 124 129 130 135 144 147
11 125 131 134 138 142 146 147 151 155 157 158
8 128 130 131 141 142 143 149 152
3 123 135 154
12 123 125 126 133 136 137 138 139 141 150 157 158
7 124 129 132 138 147 151 152
7 136 138 139 140 144 153 158
5 127 141 143 152 158
7 128 131 136 142 145 146 151
9 125 130 132 134 143 144 147 155 156
7 126 130 131 139 151 156 157
5 126 131 134 135 140
17 124 125 126 128 130 136 137 138 140 142 144 146 150 151 152 154 157
4 124 129 136 142
1 148
10 123 126 127 129 142 144 145 147 150 152
12 129 130 134 136 137 144 145 146 151 153 155 158
3 126 137 139
19 124 125 126 127 128 132 133 134 135 137 139 142 144 148 149 150 152 155 156
7 129 139 147 154 155 156 157
4 129 147 152 155
6 129 130 136 145 149 151
12 123 125 126 133 136 137 139 141 150 151 157 158
5 129 131 137 150 157
5 131 141 150 153 155
5 129 130 137 143 148
5 131 134 144 154 157
3 125 132 153
5 129 144 145 146 147
8 125 130 135 146 150 152 154 155
10 127 129 134 139 141 145 147 148 153 155
5 128 133 137 145 152
18 123 124 125 126 128 130 131 133 135 136 138 140 142 144 149 150 152 156
16 124 125 127 129 130 135 136 137 138 140 141 144 148 154 155 158
3 128 135 141
6 128 129 138 142 145 146
8 126 128 131 134 136 140 156 158
4 126 140 150 153
4 125 127 130 150
15 123 124 126 129 136 137 141 143 145 146 148 151 152 156 157
1 152
7 123 133 134 140 146 150 157
6 124 132 138 147 148 151
2 142 145
7 128 131 141 142 148 149 154
11 123 126 127 129 134 137 144 145 147 150 154
5 127 139 140 143 156
6 124 139 141 143 156 158
3 138 143 149
13 123 125 127 130 132 133 135 139 149 151 154 156 158
15 125 126 127 128 133 134 136 139 140 144 145 149 153 155 158
3 140 143 149
6 124 128 137 138 141 143
4 128 133 142 147
8 124 129 130 132 144 146 147 152
21 124 125 127 128 129 130 131 132 133 136 137 140 141 144 150 151 154 155 156 157 158
7 127 130 131 133 142 144 149
6 124 128 131 141 142 154
3 147 150 157
21 124 126 127 128 130 131 132 133 135 136 137 138 140 141 143 148 150 151 154 155 157
5 124 133 137 139 146
9 123 126 129 131 134 135 141 148 157
3 128 142 149
7 123 125 127 133 135 139 147
8 123 124 127 137 139 150 157 158
5 125 128 135 144 153
3 125 128 135
6 130 132 135 144 147 152
10 127 128 129 136 139 140 146 149 150 156
16 123 124 127 131 132 133 135 140 141 142 143 147 148 149 152 156
10 123 127 132 133 135 136 149 152 153 156
11 126 133 136 138 139 140 142 144 145 154 158
8 123 124 125 135 139 147 148 158
4 123 130 140 148
11 126 127 129 134 142 144 145 147 150 154 158
6 124 138 142 147 149 151
5 129 135 139 155 157
6 123 125 136 144 145 146
6 124 127 133 139 147 148
10 124 125 127 131 133 135 139 140 141 142
10 124 128 131 132 133 140 142 143 148 158
6 126 131 134 136 144 156
18 123 124 125 126 128 132 133 134 135 137 139 140 144 148 149 152 154 155
4 133 135 138 146
3 135 139 141
3 125 132 153
3 128 140 149
11 124 128 133 140 142 144 145 148 149 157 158
10 124 125 131 134 138 146 151 155 157 158
3 127 150 156
10 123 130 135 137 138 142 145 153 154 157
5 129 136 142 145 146
14 124 128 131 132 133 137 140 143 144 145 149 150 157 158
5 124 129 135 144 146
8 123 125 126 136 144 145 146 153
11 125 130 132 134 135 143 144 147 148 155 156
2 135 139
4 135 139 141 154
13 124 125 127 128 130 132 133 135 137 147 148 153 157
6 131 135 140 149 150 153
10 130 131 132 133 135 141 148 151 155 157
15 124 125 128 130 133 135 136 138 142 144 146 149 150 152 157
8 126 136 140 141 142 143 145 155
7 129 131 137 141 143 148 152
21 124 125 126 127 128 129 130 132 133 135 136 137 138 140 141 143 150 151 155 156 158
8 141 143 145 146 151 153 157 158
8 123 124 131 133 141 142 148 154
6 123 125 132 136 144 146
7 125 127 133 135 147 148 158
7 133 139 144 147 151 152 156
9 124 130 135 138 150 152 153 154 157
5 123 142 149 152 153
10 124 127 131 133 136 140 141 146 150 156
7 123 125 133 135 139 148 158
3 128 139 141
8 129 131 134 142 146 148 157 158
2 132 148
11 127 132 133 134 135 137 139 140 144 155 156
8 123 131 132 135 146 148 149 157
5 129 130 134 142 146
6 126 134 140 143 144 156
15 125 128 129 136 142 143 145 147 149 150 151 152 153 156 158
7 129 134 135 139 154 157 158
3 141 145 154
3 130 140 148
4 125 128 144 153
7 124 136 139 144 153 155 158
8 123 124 128 140 149 150 153 155
9 129 132 134 141 143 145 153 155 158
6 123 125 130 134 138 156
3 129 147 152
6 130 132 136 138 151 152
10 124 125 129 130 135 138 141 146 154 157
11 125 130 132 134 135 143 146 147 150 151 153
4 123 135 145 152
8 124 129 131 132 142 148 149 151
7 126 130 133 139 144 147 156
13 125 127 128 133 134 136 138 142 144 149 153 154 158
3 126 137 155
9 125 133 134 137 138 141 150 157 158
11 124 125 130 131 134 138 142 146 147 148 158
7 124 127 139 141 143 152 156
3 127 135 139
2 146 151
13 125 130 131 133 135 136 139 146 151 153 155 156 157
16 125 129 132 134 135 143 144 145 146 147 150 151 153 156 157 158
5 128 135 139 141 145
13 123 125 126 129 135 136 137 141 143 145 152 153 158
16 126 127 128 133 134 136 139 140 142 144 145 149 153 154 155 158
1 142
7 125 126 133 134 136 141 157
11 123 126 127 129 134 137 142 144 145 150 154
3 131 153 154
7 124 139 141 143 152 156 158
4 147 150 156 157
8 128 129 137 139 140 143 145 150
7 129 131 136 138 145 146 151
13 124 125 135 137 138 140 146 150 151 152 153 157 158
7 126 128 137 140 143 145 150
14 125 126 127 128 129 136 141 142 143 147 149 153 156 158
4 124 147 150 157
8 130 132 134 135 141 147 153 156
14 123 124 126 128 131 136 137 138 140 144 146 150 151 152
6 127 136 143 144 156 158
2 142 145
7 127 137 139 140 149 150 152
3 126 127 155
3 129 147 155
12 125 131 132 133 135 139 141 146 151 153 155 157
4 133 137 142 151
6 129 134 139 147 156 157
12 125 129 130 135 144 147 150 151 152 153 157 158
5 124 133 137 138 139
7 134 135 139 147 154 156 158
12 125 130 131 136 139 141 146 151 153 155 156 157
16 124 127 128 129 131 133 136 139 141 143 144 147 149 150 151 156
4 125 127 150 154
10 125 130 132 141 144 147 148 153 155 156
1 152
6 123 131 133 147 150 157
3 135 137 146
10 125 130 131 138 142 146 147 148 151 157
4 124 147 150 157
6 125 132 133 149 153 155
7 124 130 132 135 145 146 147
5 129 136 138 145 151
13 123 124 126 127 132 136 137 139 141 144 148 152 158
11 127 129 134 137 140 141 142 149 150 151 158
12 126 128 129 130 131 140 141 143 153 155 156 157
14 125 126 127 128 129 130 132 135 137 141 143 146 157 158
12 124 125 127 129 132 138 141 144 148 149 153 154
17 123 125 126 127 129 130 131 134 141 142 143 145 146 148 151 155 157
13 125 127 131 132 136 141 147 149 152 154 156 157 158
11 126 130 131 133 140 143 144 151 154 155 157
24 124 125 126 129 130 131 132 133 134 135 137 138 139 140 141 142 144 145 147 148 149 153 154 155
23 124 125 128 129 130 131 132 134 135 137 138 139 141 142 146 148 150 151 152 153 156 157 158
23 127 128 129 130 131 133 135 136 137 139 140 143 144 146 147 148 151 152 153 154 156 157 158
19 124 126 128 129 132 133 135 136 137 140 141 142 144 148 151 152 153 155 158
24 123 124 126 127 128 129 130 131 132 134 135 136 137 140 141 142 143 145 147 148 150 151 155 157
19 123 124 127 129 131 134 135 136 137 138 142 144 146 147 150 153 154 155 158
15 126 128 131 132 134 138 143 144 150 151 152 154 155 156 158
24 124 125 126 127 129 130 131 132 136 138 140 141 142 143 144 145 147 148 149 151 153 154 157 158
10 126 129 130 131 133 135 136 137 142 154
16 124 126 129 132 133 134 135 136 139 140 141 146 149 154 157 158
24 125 128 129 130 131 132 133 134 136 137 139 142 143 144 148 149 150 151 152 153 154 155 156 158
10 125 126 128 130 131 134 144 152 155 156
23 123 124 127 128 129 131 134 135 136 138 139 140 141 142 143 145 146 149 150 152 154 156 158
21 123 124 126 127 128 132 134 135 139 140 142 144 147 148 151 153 154 155 156 157 158
24 123 124 126 127 128 129 130 132 134 135 136 138 140 143 144 145 147 148 149 150 152 153 155 156
16 124 126 127 134 139 141 142 143 145 148 150 153 154 155 157 158
11 126 127 134 135 137 143 145 146 147 155 158
14 124 125 126 129 134 135 136 138 139 144 148 149 152 157
19 123 126 129 130 131 132 135 136 138 141 142 143 145 146 147 150 152 155 156
24 124 126 127 129 130 131 133 134 135 137 140 141 142 143 144 145 146 149 152 154 155 156 157 158
17 124 127 129 130 131 132 135 136 138 143 144 148 149 152 153 157 158
14 125 127 128 134 139 140 143 145 148 151 153 154 155 156
21 125 126 128 129 131 132 133 135 137 139 140 141 146 147 149 150 151 153 154 155 157
24 124 127 128 129 130 131 132 133 134 135 136 137 140 142 144 145 148 150 152 153 154 155 157 158
15 123 128 130 131 134 135 136 137 138 141 142 144 150 152 153
21 123 125 126 127 128 129 130 131 132 134 136 138 141 142 143 147 148 149 151 152 157
23 123 124 125 126 127 128 129 130 132 134 135 136 142 143 144 146 149 150 151 152 153 154 158
11 124 126 129 133 139 140 142 146 149 152 153
14 124 127 129 131 135 136 138 140 141 144 145 146 149 150
18 123 125 126 127 129 137 138 141 142 145 146 147 149 150 154 156 157 158
12 123 127 129 130 134 139 140 141 142 151 154 158
21 123 124 128 129 130 133 134 136 142 143 144 146 147 148 149 150 151 153 156 157 158
16 123 124 127 129 134 136 138 142 143 147 148 149 151 153 157 158
19 123 124 125 128 129 130 132 133 136 139 141 142 145 146 147 148 149 153 157
12 125 129 142 143 146 147 148 150 152 153 154 155
24 124 125 127 128 129 130 131 132 133 134 135 138 139 143 144 145 148 149 150 151 152 154 157 158
19 123 125 126 131 133 134 135 137 139 141 145 146 147 150 152 153 155 156 157
17 123 125 127 128 129 131 133 134 135 138 139 140 145 146 148 156 158
11 124 129 134 137 139 144 145 146 149 153 158
12 126 127 134 135 141 142 145 146 147 149 154 155
19 124 125 126 127 128 129 130 133 137 138 139 140 143 150 153 155 156 157 158
11 127 128 134 140 141 145 146 147 151 154 157
16 124 125 129 130 131 132 134 137 140 142 147 150 151 153 154 156
24 123 125 128 129 130 131 132 133 134 135 137 139 140 141 143 145 146 147 149 151 152 153 157 158
21 123 126 127 129 130 133 135 138 139 142 145 148 149 150 151 152 153 154 155 157 158
12 124 125 128 132 137 138 139 145 148 149 151 155
19 124 126 127 128 129 130 135 137 138 139 140 146 149 152 153 154 156 157 158
12 124 125 132 139 144 145 146 147 150 151 155 158
18 125 128 129 130 134 135 136 137 138 141 142 144 146 150 151 153 156 158
12 123 124 126 129 132 134 140 142 143 151 153 156
22 126 127 128 129 131 132 133 134 137 140 142 143 144 145 146 148 150 151 153 155 157 158
14 127 129 135 136 139 140 142 143 144 148 149 150 154 158
13 123 124 129 132 133 138 140 142 143 151 153 154 156
16 125 126 128 130 131 133 134 136 137 139 142 144 148 153 154 155
11 125 129 130 131 137 142 144 146 150 155 157
16 124 126 127 129 133 138 139 140 141 142 146 147 149 151 152 154
24 123 124 125 127 129 130 131 132 133 135 136 140 141 142 143 145 146 147 148 149 150 151 157 158
24 124 125 126 127 129 130 131 134 136 137 138 142 144 145 146 147 148 149 150 151 152 153 155 156
19 125 130 131 133 134 135 137 140 145 147 149 150 151 152 153 155 156 157 158
15 124 125 126 127 128 134 137 138 139 143 144 149 150 153 157
24 123 125 126 127 130 131 133 134 135 136 137 139 141 142 143 148 149 151 152 153 154 155 156 158
15 123 124 125 126 127 132 137 141 142 143 144 146 150 155 158
15 124 126 128 129 133 134 138 141 144 145 148 150 151 152 154
24 123 125 126 129 131 132 133 134 135 136 137 140 141 142 144 145 146 147 148 151 154 155 156 157
16 125 126 127 128 129 135 137 138 140 141 142 144 149 153 156 158
13 123 124 128 129 131 133 134 136 142 144 146 148 149
13 124 126 127 132 135 138 141 143 145 148 149 152 154
22 123 126 128 130 132 134 139 141 142 143 144 145 148 149 150 152 153 154 155 156 157 158
23 126 128 129 131 133 138 140 141 142 143 144 145 146 147 148 149 151 152 153 154 155 157 158
24 124 125 128 131 132 133 135 137 138 139 141 143 144 145 146 147 151 152 153 154 155 156 157 158
13 126 132 136 140 141 142 143 148 149 151 154 157 158
16 126 128 129 130 132 134 135 136 137 141 146 147 148 151 152 155
21 124 125 128 130 131 134 135 136 137 138 140 141 142 144 147 150 151 152 153 154 156
24 125 126 127 128 132 133 134 135 137 138 139 141 142 144 145 148 149 151 152 153 154 155 156 157
15 124 127 128 130 135 136 138 139 140 142 144 147 148 151 156
13 123 127 132 133 137 140 142 143 144 146 149 155 158
20 124 126 128 132 133 134 136 137 140 141 143 144 147 149 150 153 154 155 156 158
21 123 124 126 129 130 131 132 134 136 137 142 143 144 147 148 149 151 152 156 157 158
17 124 128 132 135 136 137 139 140 145 146 147 148 150 152 153 157 158
22 125 126 127 128 129 130 131 133 136 139 140 141 143 144 145 147 148 149 152 155 156 158
19 125 127 128 130 131 133 134 136 139 140 144 146 147 149 150 151 153 157 158
11 124 125 127 129 134 142 143 149 150 156 157
13 124 125 126 127 130 136 138 141 147 149 152 154 155
17 123 126 131 132 136 137 138 139 140 141 148 149 151 154 155 156 158
13 123 125 129 133 134 142 144 151 152 154 155 156 157
20 123 124 127 128 129 131 132 133 135 137 138 140 143 144 146 148 151 153 155 158
23 123 124 126 127 128 129 132 134 135 136 139 140 141 146 147 148 149 150 151 152 154 156 158
19 128 132 133 135 136 138 139 142 143 144 146 147 149 150 152 153 155 156 158
14 126 131 132 136 137 140 141 142 145 147 149 150 154 155
24 123 124 128 129 130 131 137 139 140 141 142 143 144 145 146 148 149 150 151 152 153 154 155 157
20 123 124 127 130 131 132 133 135 137 138 140 142 144 148 149 151 152 154 155 156
13 124 125 126 128 131 132 137 143 145 147 153 156 157
14 123 126 128 130 132 134 136 137 141 142 147 151 156 157
15 129 132 136 137 139 142 145 148 149 150 152 153 154 155 156
20 126 127 128 129 130 133 137 140 141 142 143 145 146 150 152 153 154 155 156 158
18 123 125 127 128 129 130 133 134 138 139 141 143 145 146 148 153 154 157
16 124 126 128 129 134 137 139 142 143 144 146 147 150 151 154 157
13 123 129 131 132 134 135 141 143 144 145 146 150 158
17 123 126 127 130 131 132 133 134 136 138 143 147 148 150 154 157 158
11 126 130 132 136 137 139 141 142 148 151 155
20 123 124 125 127 128 129 132 135 137 141 143 144 145 147 148 150 152 153 155 156
16 125 129 130 133 134 135 136 137 139 142 143 144 146 154 155 156
18 123 125 129 130 132 133 134 136 137 139 140 142 143 144 149 151 152 154
22 123 124 126 127 128 129 130 131 139 140 141 142 144 145 146 147 148 150 152 153 155 157
16 123 124 125 126 128 129 131 132 135 138 140 143 144 148 155 156
16 123 128 129 130 131 132 133 138 142 143 145 146 147 148 153 156
24 123 125 126 127 130 132 134 135 136 137 139 141 142 143 145 147 149 152 153 154 155 156 157 158
19 123 124 129 132 133 134 135 137 141 142 144 146 147 148 150 151 152 156 158
13 123 128 134 138 139 140 141 142 144 147 149 151 152
11 126 130 132 139 144 145 147 150 154 156 157
12 123 124 131 133 134 135 136 138 147 149 156 158
12 126 127 128 129 130 131 132 143 145 147 150 157
20 123 124 125 128 129 130 133 134 136 138 140 141 142 144 146 150 152 153 155 156
11 129 130 133 136 139 142 143 144 149 152 158
20 124 130 131 132 133 134 135 137 138 141 145 146 147 148 152 153 155 156 157 158
21 124 125 126 129 130 132 133 134 135 137 138 139 141 143 145 146 148 150 155 156 158
20 124 125 126 127 128 129 134 135 136 138 140 141 145 147 148 151 152 153 154 157
24 126 127 128 129 130 131 133 134 135 136 137 140 141 142 144 145 146 147 148 149 150 152 153 155
17 123 126 127 128 133 135 137 138 141 142 143 147 149 153 156 157 158
12 123 124 125 126 142 144 145 148 150 152 154 157
20 123 127 128 129 133 134 140 141 142 143 146 147 148 150 153 154 155 156 157 158
15 129 130 132 133 135 137 140 141 147 149 150 151 152 156 158
21 123 124 128 130 131 132 133 134 135 142 143 144 145 147 149 150 152 153 155 157 158
11 124 127 130 135 137 142 145 146 153 154 155
19 123 124 125 129 130 133 134 138 141 142 144 145 147 150 151 155 156 157 158
18 124 125 131 133 134 137 138 141 142 143 146 148 149 152 154 155 156 158
22 124 125 128 129 130 132 134 135 136 137 138 140 142 143 144 149 150 151 152 154 157 158
22 123 125 127 129 130 133 134 135 137 139 140 141 142 143 145 146 148 149 150 151 152 156
13 125 128 131 134 140 144 145 146 147 148 151 156 157
25 123 125 126 127 128 129 132 133 134 135 137 138 140 142 143 145 146 147 149 150 151 152 154 156 158
18 123 127 128 129 131 132 134 135 136 137 140 141 142 144 146 148 156 157
20 123 126 128 129 132 134 136 139 140 141 142 146 147 148 149 150 152 153 154 156
17 124 125 126 131 132 133 135 136 138 142 145 147 149 150 152 153 155
23 123 125 126 128 129 130 132 133 137 138 140 142 143 145 147 148 149 150 151 152 155 157 158
12 124 127 130 136 139 142 143 144 146 150 151 158
13 125 126 131 132 134 137 142 143 147 148 153 156 157
16 123 126 131 133 136 137 138 143 145 148 149 150 151 154 155 158
13 123 124 126 127 133 135 145 147 148 152 153 154 158
22 123 124 125 129 130 131 132 137 138 139 140 142 144 147 148 150 151 154 155 156 157 158
17 123 124 127 129 132 133 134 135 136 143 147 149 150 153 156 157 158
21 123 125 126 129 130 134 136 138 139 140 141 142 144 145 146 147 148 151 153 154 156
15 123 128 131 133 136 137 139 145 146 149 152 153 154 155 158
12 124 125 127 128 130 133 135 142 144 149 153 158
18 127 129 130 131 132 134 135 137 140 142 143 144 149 151 152 155 156 158
24 125 126 127 130 134 135 136 137 139 140 141 142 143 145 146 147 149 150 151 152 154 155 157 158
13 128 130 133 134 135 136 138 139 146 149 154 155 157
15 124 129 136 137 138 140 142 144 147 148 150 151 153 155 158
22 127 129 130 132 133 134 135 136 141 142 144 145 146 147 149 150 151 152 154 155 156 157
19 123 124 126 129 130 132 133 134 137 138 142 143 144 146 148 149 153 155 158
14 130 131 132 133 135 136 137 138 142 146 147 149 150 155
21 124 125 126 127 131 132 133 135 137 139 141 142 143 145 147 148 149 151 152 153 154
18 123 124 126 129 130 133 135 137 138 140 141 143 149 151 152 153 154 158
15 123 124 126 128 130 132 134 136 145 146 149 151 152 156 157
12 123 126 129 131 132 134 135 146 147 149 156 158
16 123 125 126 127 128 131 132 134 139 140 141 142 143 144 146 153
15 124 129 131 134 137 142 145 146 147 148 149 151 153 154 158
11 124 129 133 134 139 143 146 147 149 154 157
17 125 127 131 132 135 137 141 144 145 146 147 148 151 152 154 157 158
20 123 127 130 131 133 134 135 137 139 140 142 144 146 147 148 150 151 152 153 156
14 123 125 127 128 132 135 136 143 144 145 147 148 149 154
21 123 126 127 129 130 131 133 134 135 136 138 139 140 142 144 147 148 151 155 156 157
17 123 124 126 127 128 133 136 137 138 139 144 146 150 152 154 157 158
11 125 127 129 133 135 136 138 140 145 148 152
19 125 129 130 131 134 135 137 138 139 141 143 145 147 150 152 153 154 155 156
20 125 127 128 129 131 132 134 135 136 137 138 140 143 144 145 152 153 154 155 156
22 123 125 126 127 129 130 132 133 134 136 137 139 141 142 143 144 149 151 152 153 154 155
19 124 127 128 133 134 135 137 138 139 142 143 144 145 147 148 150 151 155 158
19 124 125 126 127 129 130 131 135 136 138 139 142 143 145 147 151 153 154 158
16 124 125 126 128 130 131 133 135 136 139 141 143 144 149 151 153
13 123 125 130 132 133 134 135 140 143 146 149 152 157
11 126 127 128 129 130 132 136 138 140 145 158
24 123 124 125 126 127 128 129 130 132 133 135 137 139 140 141 142 143 145 146 147 148 153 157 158
17 125 126 131 132 133 135 136 141 145 148 151 152 153 154 156 157 158
19 123 124 127 130 132 133 135 136 138 140 141 145 146 147 149 150 151 154 157
17 123 126 130 131 133 136 137 138 140 141 145 149 152 153 155 156 158
22 123 124 125 126 128 129 131 135 138 139 140 141 143 146 147 148 151 153 154 156 157 158
19 127 128 133 134 135 136 138 141 142 144 145 147 148 149 151 152 155 157 158
24 125 127 128 129 130 131 133 134 135 136 138 139 140 141 142 144 145 146 148 150 151 152 153 155
18 124 125 128 129 130 133 136 137 138 140 141 142 143 146 147 152 156 157
16 123 124 128 135 136 137 138 139 140 142 149 151 152 156 157 158
23 123 124 126 127 130 131 133 136 137 138 139 140 142 143 144 145 147 151 152 153 154 155 158
23 125 128 129 130 131 133 135 137 138 140 141 142 145 149 150 151 152 153 154 155 156 157 158
24 123 125 126 127 128 129 130 131 132 133 134 135 136 139 141 143 146 148 149 150 151 153 155 157
11 126 132 133 138 141 142 143 145 156 157 158
11 124 125 132 134 138 143 145 152 154 155 158
20 124 125 127 128 129 130 134 136 139 140 142 143 144 145 146 149 150 151 156 157
14 123 125 126 128 131 136 142 143 146 147 151 152 154 157
22 123 124 125 126 127 128 129 131 137 139 140 143 144 145 146 147 148 152 154 155 157 158
18 123 127 129 131 132 135 136 138 139 142 143 144 147 150 151 154 157 158
25 127 128 129 130 132 133 134 135 136 137 138 140 142 143 144 145 146 147 148 149 150 151 152 153 156
18 126 130 131 134 135 136 139 140 142 144 145 147 149 150 151 152 153 156
11 125 128 129 134 138 139 145 149 153 156 157
11 124 127 134 140 142 145 147 154 155 156 158
23 123 124 125 126 127 128 130 131 133 134 135 137 139 140 141 142 144 145 146 147 151 153 157
24 124 125 126 127 129 130 131 132 135 136 137 140 141 142 146 147 148 150 151 152 153 155 156 158
25 125 126 127 128 129 131 132 134 135 136 137 139 140 141 144 145 146 147 148 150 152 153 155 156 157
21 123 125 128 129 130 131 132 136 137 138 139 140 143 145 146 147 149 150 152 155 157
12 125 127 128 133 137 138 144 146 149 150 151 156
15 124 128 130 136 138 141 142 148 150 152 153 154 155 157 158
23 124 125 126 127 129 132 133 137 139 140 141 142 143 144 145 147 148 149 152 153 155 156 157
21 123 127 128 129 132 134 135 136 138 139 140 142 143 145 146 147 152 153 156 157 158
15 124 125 129 130 131 134 136 138 143 146 149 150 153 156 157
17 123 125 127 130 132 134 139 144 145 146 148 150 151 152 155 156 158
19 124 125 128 129 131 132 133 135 140 142 144 146 147 148 149 152 154 155 157
18 123 125 126 129 131 132 134 138 142 143 145 148 149 152 154 155 157 158
19 123 124 128 129 133 134 135 136 138 139 140 141 143 144 145 148 149 150 152
24 123 124 127 129 130 131 132 133 135 137 140 143 146 147 148 149 151 152 153 154 155 156 157 158
19 123 125 127 128 129 130 133 135 136 140 141 143 144 145 150 151 152 154 156
16 124 126 127 131 133 134 137 138 139 140 145 146 147 148 149 158
15 123 128 130 131 132 141 142 144 148 150 151 152 154 155 156
12 123 131 132 138 139 140 147 151 152 153 154 155
11 123 125 127 129 135 138 141 145 147 156 157
24 123 124 126 127 128 130 135 136 137 138 139 140 141 142 143 144 145 146 148 149 151 153 154 157
12 123 129 130 132 133 135 138 139 150 152 156 157
21 125 127 129 130 132 135 136 137 139 140 141 142 143 144 145 147 149 150 154 157 158
17 124 125 126 128 131 132 135 136 143 146 147 150 151 153 155 156 158
23 123 124 125 127 128 129 130 131 132 133 134 135 136 137 144 146 148 149 150 153 154 155 156
23 123 125 127 128 129 130 132 133 134 135 136 143 144 145 146 148 150 151 152 154 155 156 158
18 124 126 128 129 130 133 134 139 141 142 143 145 147 151 152 155 156 157
19 124 125 130 133 134 135 136 137 139 142 143 144 147 149 151 152 153 154 157
19 123 124 128 131 132 134 137 140 141 142 146 148 149 152 153 155 156 157 158
24 125 126 127 128 129 133 135 139 141 142 143 144 145 146 147 148 149 150 151 152 155 156 157 158
23 124 125 127 128 129 130 131 132 133 135 139 140 141 142 143 144 146 150 151 152 156 157 158
21 124 125 126 127 129 130 131 134 135 136 137 139 142 144 145 146 148 150 156 157 158
20 123 124 127 128 131 132 135 136 140 141 143 145 146 148 149 150 152 154 156 158
24 124 125 126 127 128 129 130 132 133 134 135 138 140 141 142 144 145 148 150 151 152 153 156 157
21 123 126 127 128 129 130 132 134 135 137 139 143 144 145 146 147 149 151 154 155 156
13 127 129 134 137 138 139 141 144 146 147 151 152 157
11 124 128 129 130 135 138 139 148 149 155 156
24 123 124 126 127 130 131 132 133 134 138 140 141 142 143 144 145 146 149 151 152 154 155 157 158
14 123 128 129 131 135 137 138 139 143 149 150 151 156 158
20 123 124 126 127 131 132 133 135 137 139 142 144 148 149 151 152 155 156 157 158
23 123 124 125 127 128 130 132 135 136 137 138 139 140 144 145 147 148 149 150 152 154 156 157
23 123 124 125 126 127 129 133 134 135 136 138 142 144 146 147 149 150 151 152 153 154 157 158
12 125 126 127 130 133 140 146 148 149 150 151 153
19 125 126 128 129 131 135 137 138 139 143 144 145 146 151 153 154 156 157 158
21 124 125 126 127 129 132 133 136 138 139 140 143 144 146 149 150 152 153 154 155 158
13 123 124 130 132 135 136 139 141 142 144 145 147 153
22 124 125 126 127 128 129 130 132 133 134 136 137 138 139 142 144 145 147 150 153 156 158
13 126 128 129 130 136 139 142 145 146 148 153 155 157
15 126 127 130 131 132 135 137 139 140 141 147 149 150 153 154
14 125 129 130 131 132 136 140 147 150 151 152 153 155 156
20 123 124 125 126 129 130 131 132 133 135 137 139 141 142 144 145 147 150 152 155
18 124 125 126 128 130 131 135 136 141 142 143 144 145 146 149 155 157 158
11 124 127 132 134 140 143 144 149 151 156 157
23 123 126 128 130 132 133 134 137 138 140 141 142 143 146 147 148 149 150 151 154 156 157 158
16 123 129 130 133 134 136 137 139 140 142 143 145 146 148 152 157
19 123 125 126 128 129 130 131 133 135 136 138 139 142 145 148 150 151 154 155
20 123 125 126 127 129 130 131 132 134 136 137 141 144 145 146 148 149 150 152 154
13 125 128 133 137 139 140 142 145 146 147 151 152 156
12 124 127 128 133 140 141 142 148 151 152 154 156
20 124 125 126 129 132 133 134 135 137 139 140 141 143 145 148 150 153 154 157 158
24 123 124 125 126 129 130 131 135 137 138 140 141 142 143 144 147 148 150 151 152 153 154 157 158
19 125 126 127 129 133 134 135 138 140 141 142 143 144 147 150 152 153 154 158
