219 989
80 1 2 3 4 5 6 7 8 9 10 11 12 13 14 15 16 17 18 19 20 21 22 23 24 25 26 27 28 29 30 31 32 33 34 35 36 37 38 39 40 41 42 43 44 45 46 47 48 49 50 51 52 53 54 55 56 57 58 59 60 61 62 63 64 65 66 67 68 69 70 71 72 73 74 75 76 77 78 79 80
55 1 2 3 4 6 9 10 12 13 14 15 16 17 18 19 20 21 22 24 26 27 28 30 33 34 35 36 37 38 39 40 43 44 45 46 47 48 49 50 55 56 59 60 61 65 66 68 69 71 72 73 74 77 79 80
33 4 5 6 8 9 11 12 13 15 16 19 22 24 28 32 34 35 39 41 43 44 50 52 54 57 58 65 67 68 70 73 78 79
49 1 2 3 7 10 14 15 18 22 23 24 27 29 30 32 34 35 37 38 41 42 45 46 47 49 50 51 52 53 54 55 56 58 60 61 62 63 64 66 67 69 70 71 73 74 75 76 77 78
63 1 3 4 6 8 9 10 11 12 13 14 15 16 17 18 19 20 21 23 24 25 29 30 31 32 33 34 35 36 37 38 41 42 43 44 45 46 47 48 49 50 52 53 54 55 57 58 60 61 63 64 68 69 70 71 72 73 74 75 76 77 78 79
26 6 7 8 10 12 18 22 23 26 30 34 37 40 42 43 46 47 48 51 57 58 61 67 73 77 78
35 1 4 6 7 9 10 12 15 16 18 22 23 25 30 31 33 34 37 38 40 42 43 48 50 51 52 61 63 66 67 71 73 74 75 78
29 6 7 8 9 11 12 14 18 23 24 27 30 34 35 36 40 47 50 51 52 54 55 58 64 66 70 72 73 74
29 5 9 13 14 16 19 26 28 30 36 39 42 43 44 47 49 50 54 55 56 57 58 61 66 69 70 71 73 80
52 1 2 4 5 6 11 13 15 16 17 19 20 21 22 23 24 27 29 30 35 36 37 39 40 41 42 43 45 46 48 49 50 53 55 57 59 60 61 62 63 64 65 66 68 70 71 72 74 75 77 78 80
60 1 2 3 5 7 8 9 11 13 14 15 17 18 19 20 21 22 23 24 25 26 28 30 31 32 34 36 37 38 41 42 43 45 46 47 49 50 51 54 56 57 58 61 62 63 64 66 67 68 69 70 71 72 73 74 75 76 77 78 80
46 1 3 4 5 8 9 10 11 12 13 14 15 16 17 19 22 23 27 31 33 34 35 36 37 38 40 42 43 47 48 52 53 54 55 57 58 62 64 65 69 71 72 74 76 77 80
52 1 4 6 8 12 13 14 15 16 17 18 19 20 23 24 25 29 30 32 33 34 35 37 41 42 48 49 50 51 53 54 56 57 58 59 61 62 63 64 65 67 68 69 71 72 73 74 75 77 78 79 80
52 3 6 7 8 10 11 12 13 14 15 16 18 22 24 27 29 31 32 34 35 37 38 39 40 44 45 46 49 50 51 52 53 55 57 58 59 60 61 62 63 64 65 66 68 70 71 72 73 76 77 79 80
53 1 3 4 5 6 8 9 10 11 14 17 18 20 21 22 23 24 26 28 29 30 31 32 33 34 35 36 37 38 39 41 42 43 44 45 47 48 49 50 52 53 54 55 57 60 62 65 69 70 75 76 78 79
61 1 2 3 4 5 8 9 10 11 12 14 16 17 18 19 20 21 24 25 26 27 30 31 33 34 35 36 37 38 39 42 43 44 46 47 49 50 51 52 53 54 55 56 57 58 59 60 61 62 63 64 66 67 68 71 72 74 77 78 79 80
44 1 5 7 8 11 13 21 23 24 27 30 32 34 35 37 38 39 40 41 42 44 45 47 48 49 50 52 53 54 55 56 57 59 60 62 64 66 70 71 72 74 78 79 80
37 1 3 7 9 10 12 16 19 21 22 24 25 27 28 30 31 33 35 36 38 39 40 44 47 50 53 56 60 62 63 64 65 69 73 75 78 79
36 2 4 5 6 7 8 13 18 23 25 27 28 30 31 32 36 37 40 43 44 47 49 50 52 56 57 59 60 63 64 66 67 71 72 74 78
40 2 4 6 7 8 13 14 16 17 18 19 23 25 26 28 29 32 33 35 37 39 40 47 51 54 55 57 59 62 63 64 65 66 67 68 69 71 72 73 74
35 81 82 83 84 85 86 87 88 89 90 91 92 93 94 95 96 97 98 99 100 101 102 103 104 105 106 107 108 109 110 111 112 113 114 115
11 81 87 89 91 92 95 97 101 102 107 109
17 81 83 85 87 88 91 92 93 94 97 101 103 105 106 109 111 115
22 81 83 84 86 87 88 90 92 93 95 98 100 101 102 107 108 110 111 112 113 114 115
24 82 83 84 85 86 87 88 91 92 95 96 97 101 102 103 104 105 106 108 110 111 113 114 115
10 83 85 91 92 93 99 101 103 112 113
22 81 82 85 88 90 92 94 95 96 98 99 101 102 103 104 106 107 108 109 111 112 115
11 82 83 84 88 90 96 98 99 107 109 110
26 81 83 85 86 87 88 89 90 91 92 93 94 96 97 98 100 102 104 106 107 108 110 111 112 114 115
12 82 89 93 94 95 101 104 106 107 110 112 115
17 82 88 89 91 92 96 97 98 99 100 103 106 110 111 112 113 114
24 81 82 83 84 86 87 88 89 90 92 93 94 95 97 98 99 100 101 107 108 109 110 111 115
21 83 84 86 88 89 90 91 92 95 96 97 99 100 104 105 106 108 110 112 113 115
12 81 90 91 92 94 95 100 102 103 107 110 112
22 81 82 83 84 85 87 89 90 91 92 93 94 95 96 97 98 99 100 101 102 106 115
27 81 82 83 84 85 86 87 88 89 91 92 93 95 97 99 100 101 102 103 104 105 106 108 110 111 113 114
10 82 84 87 92 94 96 98 107 113 115
19 81 83 84 88 90 91 92 93 94 96 98 99 100 102 103 105 107 113 114
22 81 84 85 86 88 90 91 92 96 97 98 99 100 102 103 105 106 107 108 109 111 112
13 84 85 92 97 99 102 103 106 107 108 110 112 115
14 81 83 93 94 99 100 101 103 105 109 111 112 114 115
16 86 87 90 91 93 95 96 98 99 101 103 106 107 109 110 113
20 81 82 83 85 86 88 89 90 91 92 93 97 98 100 101 102 103 105 108 109
19 81 82 85 86 87 91 93 96 97 98 99 102 104 105 106 107 108 110 111
23 81 82 83 85 86 88 89 90 91 93 95 96 97 98 102 103 104 105 108 110 112 113 115
14 81 82 83 84 87 88 91 92 94 99 102 103 105 107
19 82 83 85 86 88 90 91 94 95 97 99 102 104 105 107 108 110 112 115
11 81 90 91 92 94 96 99 103 104 108 110
26 81 82 84 85 86 87 88 89 91 92 93 94 95 96 97 98 100 102 107 108 109 110 112 113 114 115
22 82 85 87 88 89 94 95 96 97 99 101 102 103 104 105 106 109 110 111 112 113 114
13 81 82 83 84 92 97 98 101 102 105 106 108 114
24 81 82 83 84 87 88 89 90 91 93 94 95 96 99 100 104 105 108 109 110 111 112 113 115
7 117 121 131 135 136 137 141
6 116 117 123 130 135 139
6 118 125 126 129 130 142
18 116 117 119 122 123 124 125 126 129 130 131 133 135 136 138 140 141 142
12 118 119 120 122 124 125 133 136 137 138 141 142
13 116 117 118 119 122 123 125 127 128 130 137 139 140
10 116 120 122 124 126 127 130 132 135 142
9 116 121 122 123 132 135 136 137 140
15 120 121 124 126 129 131 132 133 134 135 136 138 141 142 143
8 118 119 122 126 130 131 140 143
12 116 117 121 122 128 131 133 134 136 137 138 141
7 116 120 122 128 132 133 143
15 117 119 122 124 126 127 129 131 132 136 138 139 140 142 143
10 119 123 124 125 126 127 131 132 139 141
7 122 130 133 134 137 138 140
5 119 124 136 138 142
6 116 126 127 134 137 139
4 121 134 140 143
4 125 129 130 133
9 117 118 122 123 130 131 132 140 142
11 116 117 124 126 129 131 135 136 138 141 142
7 117 120 125 127 128 137 139
13 117 118 123 124 131 133 135 136 137 139 140 142 143
6 117 119 120 135 136 142
6 121 126 128 129 132 143
12 116 118 119 122 123 124 126 137 138 139 140 141
7 119 120 127 131 138 140 142
8 116 122 127 128 132 135 138 141
10 118 120 121 127 128 132 134 137 139 143
21 116 117 118 121 122 123 124 125 126 128 129 130 132 133 134 135 136 137 139 141 143
6 117 122 129 131 134 140
4 117 121 132 142
7 117 127 128 131 133 134 141
4 133 138 141 142
13 118 124 126 129 130 131 134 135 136 139 141 142 143
12 119 122 123 125 128 129 130 131 133 135 138 142
18 117 118 119 121 123 125 128 129 131 133 134 136 137 138 139 140 141 143
9 116 121 123 124 129 132 134 135 136
16 118 120 122 124 125 126 129 130 131 133 134 135 136 137 140 142
7 119 125 129 133 136 138 143
10 117 122 130 133 134 135 136 137 140 142
7 124 125 126 127 133 138 141
4 118 125 130 139
16 118 121 122 124 125 127 128 129 130 132 133 134 137 138 139 140
10 117 118 120 122 129 131 132 135 136 141
5 125 134 137 138 142
6 120 121 124 128 135 141
21 117 118 119 121 123 124 125 126 127 129 130 131 134 135 136 137 138 139 140 141 142
7 119 121 123 127 128 140 143
6 120 123 128 133 137 141
5 127 129 130 132 138
6 116 123 126 131 141 143
21 116 117 118 119 120 121 122 123 128 129 130 131 132 134 135 136 137 139 140 142 143
9 119 120 122 123 127 128 132 133 137
7 118 119 121 125 131 132 142
11 116 118 120 121 123 125 126 128 130 135 137
21 116 118 119 120 122 123 124 125 126 127 128 129 130 132 133 134 138 139 140 142 143
15 116 117 119 120 121 122 123 125 127 128 132 133 137 138 140
12 116 117 119 121 123 127 128 132 138 139 141 143
16 118 119 120 123 124 125 126 127 129 130 132 135 139 140 142 143
8 120 127 128 131 134 135 136 143
14 116 117 120 123 124 126 127 128 129 135 136 139 141 143
7 116 118 121 125 130 134 135
16 116 117 118 120 121 124 126 127 132 134 136 137 139 140 141 143
5 121 124 130 131 140
6 116 124 126 130 133 139
10 116 119 120 121 122 125 126 128 134 141
8 117 118 119 129 134 136 137 139
6 127 132 133 139 141 143
6 119 120 124 138 139 143
8 116 118 120 121 128 129 138 143
7 120 123 125 126 133 142 143
4 127 131 134 140
5 126 127 134 137 139
10 118 120 121 124 126 127 132 139 140 141
6 119 125 127 130 137 140
3 133 141 142
5 120 122 123 132 137
3 116 126 139
6 120 121 128 129 138 143
15 117 118 119 120 121 123 129 130 131 134 135 137 139 140 143
3 121 132 142
11 116 118 120 121 124 126 127 134 137 140 143
6 116 118 120 128 129 143
9 119 122 123 125 128 129 131 135 138
3 117 121 142
3 130 131 140
5 118 126 129 130 142
3 130 133 139
17 117 118 119 121 123 124 127 130 131 135 136 137 138 139 140 141 142
6 118 120 121 127 134 139
4 122 128 132 133
4 134 137 138 140
2 133 141
10 117 119 120 121 122 125 127 128 137 140
9 120 121 124 129 133 138 141 142 143
11 118 119 120 123 124 125 127 129 132 139 142
3 127 132 133
3 126 138 141
6 119 122 128 129 133 142
3 134 137 139
10 118 124 126 129 130 131 134 136 141 142
11 117 118 123 124 131 133 135 137 139 140 142
8 116 119 120 121 125 128 134 141
9 116 118 122 123 124 126 137 139 141
3 129 130 138
3 119 120 142
2 117 142
4 117 119 135 136
3 116 123 126
6 117 122 130 134 136 142
15 116 117 118 121 122 123 124 126 129 130 133 134 135 136 137
3 117 121 131
3 125 129 130
8 118 120 121 127 132 134 137 139
4 117 120 135 142
11 116 119 122 124 125 131 133 135 136 140 141
7 117 120 123 124 128 135 139
12 117 118 119 121 123 125 131 133 134 136 139 143
2 134 140
6 120 128 131 134 136 143
3 127 137 139
14 118 121 122 124 125 127 128 132 133 134 137 138 139 140
7 116 122 127 128 132 138 141
6 117 118 123 130 131 142
5 121 125 126 130 137
5 117 120 127 128 137
5 122 130 133 134 137
4 127 133 139 141
3 133 138 142
10 116 117 118 122 123 127 128 130 137 140
6 117 118 129 134 136 139
11 122 124 125 126 129 133 134 135 136 137 142
3 134 137 140
8 120 123 124 125 127 129 139 140
10 118 119 123 125 129 130 132 139 140 143
7 119 122 123 127 128 132 137
10 117 121 122 128 131 133 134 137 138 141
3 121 124 131
9 120 129 131 133 134 138 141 142 143
5 119 123 124 125 139
13 118 119 121 123 125 128 129 131 134 137 139 140 141
18 117 118 119 121 123 124 125 127 130 131 134 135 136 137 138 139 141 142
6 120 127 131 134 135 143
4 118 125 126 142
3 130 134 138
6 118 120 121 128 129 143
3 117 120 135
17 116 118 119 120 125 126 128 129 130 132 133 134 138 139 140 142 143
4 122 127 135 141
5 126 127 134 137 139
14 118 119 120 123 125 126 127 129 130 132 139 140 142 143
2 129 130
9 117 119 128 129 131 133 136 137 143
7 123 124 125 126 127 131 139
16 116 118 121 122 123 124 125 126 128 130 133 136 137 139 141 143
3 119 124 142
3 117 134 141
18 118 119 122 123 124 125 126 127 128 129 130 132 133 134 138 139 142 143
3 117 127 128
7 124 126 131 136 139 141 142
3 116 131 141
16 116 118 119 120 123 125 128 129 132 133 134 138 139 140 142 143
10 119 122 125 129 130 131 133 135 138 142
3 124 131 140
6 116 122 128 132 133 143
8 118 119 123 129 130 135 140 143
6 130 133 135 137 140 142
7 118 121 123 126 128 135 137
14 116 117 118 122 123 124 126 129 130 133 134 135 136 143
4 116 120 121 143
7 116 122 124 126 138 140 141
13 120 121 124 126 129 133 134 135 136 138 141 142 143
5 122 130 134 138 140
3 126 128 129
3 128 132 143
5 120 124 128 135 141
5 117 122 130 140 142
10 117 119 123 124 125 130 133 135 140 142
4 122 132 138 141
3 119 124 136
6 116 120 122 128 132 143
3 129 132 138
14 116 117 119 120 122 123 128 129 130 132 135 139 140 143
6 117 123 130 131 140 142
13 118 119 123 124 125 126 127 128 129 138 139 142 143
13 119 121 123 124 125 126 127 129 130 131 135 136 138
9 118 120 124 129 130 131 135 136 142
14 117 118 121 122 124 126 130 132 133 134 135 139 141 143
4 131 135 136 137
3 117 119 136
9 116 117 120 126 127 128 135 141 143
14 116 119 122 123 124 125 126 130 131 135 136 138 141 142
6 118 122 131 132 140 142
9 116 117 121 122 131 134 137 138 141
5 120 128 129 138 143
5 120 127 128 134 135
3 117 132 142
7 118 120 121 123 128 135 137
7 122 123 125 128 130 135 138
3 130 131 140
2 134 140
7 121 122 128 133 136 137 138
15 116 118 119 120 122 125 126 127 128 129 130 133 138 140 142
13 118 120 124 125 126 129 131 133 134 135 136 137 140
4 117 119 135 142
3 132 141 143
4 117 127 131 141
9 117 118 123 131 133 136 140 142 143
6 116 121 123 132 134 135
4 126 129 132 143
2 117 121
6 117 123 124 131 136 143
6 118 121 125 131 132 142
13 120 122 124 125 126 130 131 134 135 136 137 140 142
18 116 119 120 122 123 124 125 126 127 128 129 130 132 134 139 140 142 143
5 118 122 131 140 143
7 123 133 136 137 140 142 143
2 130 133
6 117 120 125 127 128 139
3 129 132 138
6 116 122 127 128 135 141
8 118 121 122 125 128 129 138 139
4 121 135 137 141
4 122 129 131 140
6 120 121 122 126 128 134
3 117 121 132
3 127 130 138
13 118 119 124 125 127 130 134 135 136 137 138 139 141
13 116 117 119 120 121 122 125 127 128 132 133 138 140
9 118 124 125 127 128 129 132 133 134
3 127 139 143
6 119 120 123 128 133 137
6 120 127 128 131 134 135
3 120 128 141
6 123 128 132 138 139 143
6 127 128 132 138 139 141
2 127 131
6 130 133 135 136 140 142
4 116 126 141 143
3 121 124 130
5 116 117 123 130 135
7 120 122 124 126 127 130 132
2 117 142
6 117 127 128 131 134 141
8 122 123 125 129 130 131 133 138
5 122 132 135 138 141
5 119 125 131 132 142
3 121 124 131
6 124 126 135 136 138 142
6 120 127 131 134 136 143
8 116 117 121 128 134 136 137 138
4 120 126 142 143
4 116 120 122 132
3 128 129 143
4 118 125 126 129
5 118 120 127 134 143
5 120 127 138 140 142
10 119 122 123 128 129 130 131 133 138 142
6 119 122 123 129 138 142
6 124 126 131 134 141 142
3 124 138 143
5 117 121 135 137 141
5 121 127 128 134 137
3 117 122 131
4 131 133 134 141
9 118 124 129 134 135 139 141 142 143
6 116 122 123 132 135 136
4 124 126 127 133
14 117 118 119 120 121 123 129 131 132 134 135 137 140 143
11 119 121 122 123 128 130 131 132 135 137 140
7 116 119 121 125 126 128 134
4 116 127 134 137
4 132 139 141 143
4 120 124 138 143
4 126 129 132 143
6 121 132 135 136 137 140
13 118 120 122 124 125 126 129 130 133 135 136 140 142
2 118 125
5 116 120 122 133 143
15 118 119 120 122 124 125 127 129 132 133 134 135 137 140 141
10 117 119 121 127 128 129 139 140 141 143
16 116 117 118 120 122 125 126 127 128 131 134 137 139 140 141 143
12 120 122 124 126 130 132 134 136 137 139 141 143
15 118 120 124 126 129 130 131 133 134 135 137 138 139 142 143
10 117 120 123 126 130 138 140 141 142 143
10 119 120 122 125 129 138 139 140 142 143
16 118 119 120 121 124 125 128 130 131 136 137 138 139 141 142 143
10 117 123 128 131 133 135 138 139 141 143
13 118 119 120 121 122 127 128 134 135 137 138 139 140
17 117 118 119 121 122 123 127 128 130 132 134 135 136 137 138 139 140
17 117 118 119 120 121 123 125 128 130 131 134 135 136 137 138 140 143
19 117 121 122 125 126 127 129 130 131 134 135 136 137 138 139 140 141 142 143
8 127 131 133 136 137 138 141 142
14 116 119 120 121 123 124 126 127 128 130 133 135 138 142
12 116 117 118 121 125 132 133 135 136 137 140 141
10 118 122 126 128 131 135 137 140 141 142
14 118 119 122 123 125 126 127 128 129 130 136 137 138 139
18 117 118 121 122 125 127 128 129 130 131 132 134 137 139 140 141 142 143
13 117 119 120 124 125 126 128 129 132 134 137 139 143
16 118 119 122 126 128 129 130 132 134 135 137 138 140 141 142 143
11 117 119 120 127 129 131 134 140 141 142 143
13 116 118 119 121 123 124 125 127 132 135 137 138 141
8 118 119 120 122 125 138 142 143
10 120 123 126 127 131 132 133 136 138 140
16 116 119 120 121 125 126 127 131 134 135 136 137 138 139 140 142
10 117 118 120 123 128 131 135 140 142 143
10 116 118 120 121 123 125 128 132 136 137
19 118 120 122 123 124 125 127 128 129 130 133 135 136 137 138 139 140 141 143
11 120 121 123 125 129 132 133 134 135 140 142
11 116 117 118 126 127 130 131 132 135 140 141
14 117 119 120 122 124 125 131 132 133 134 136 139 140 143
10 116 121 125 126 127 128 129 136 139 141
16 119 120 121 122 123 125 126 127 128 130 134 136 138 140 141 142
12 117 119 122 123 126 128 129 130 134 137 141 142
17 117 118 119 122 124 125 126 129 131 133 134 136 138 140 141 142 143
14 117 118 120 121 126 131 132 135 136 138 139 140 141 143
14 116 118 119 122 126 127 129 131 132 133 135 139 140 141
10 116 117 118 120 121 123 130 133 136 142
11 116 118 119 120 122 123 124 126 130 136 140
9 118 122 123 132 134 136 137 139 141
12 123 127 129 130 131 132 136 137 138 139 140 142
10 121 122 124 125 127 131 132 138 141 143
16 116 119 121 122 125 126 128 132 133 134 135 137 138 139 140 142
9 116 120 122 124 130 136 137 140 142
12 116 117 122 124 126 127 128 130 132 135 136 141
12 117 118 122 123 124 128 130 135 138 140 141 143
19 116 118 121 123 124 125 128 130 132 134 135 136 137 138 139 140 141 142 143
17 117 118 119 120 121 122 125 129 130 132 134 135 136 137 140 142 143
17 116 118 119 120 121 122 125 126 127 128 129 130 131 132 136 137 138
13 116 118 120 121 124 125 127 129 130 132 135 136 137
16 116 123 125 126 127 128 130 133 134 136 138 139 140 141 142 143
13 118 119 121 124 125 126 127 132 133 135 136 140 142
16 117 118 119 121 124 126 127 128 131 132 135 136 138 139 140 143
14 116 117 118 119 121 122 126 127 129 130 131 134 140 143
17 116 120 122 123 124 125 126 127 128 129 132 133 134 136 139 140 143
14 117 118 120 121 123 126 130 131 132 134 137 138 141 142
10 120 122 126 127 128 130 132 133 136 139
16 117 119 121 123 127 128 129 131 133 134 137 138 140 141 142 143
15 117 118 123 124 125 126 129 130 133 134 137 138 139 140 142
16 118 120 121 122 123 124 125 126 127 129 131 133 135 136 139 143
16 117 120 122 124 125 126 127 130 132 136 138 139 140 141 142 143
8 119 121 122 124 126 129 132 140
17 117 118 121 123 124 125 126 127 131 132 133 134 137 138 139 140 143
14 117 118 119 120 127 128 129 130 133 134 135 137 138 142
17 117 120 121 123 125 127 128 129 130 132 133 134 135 136 137 140 143
17 116 118 119 121 122 123 125 129 130 131 132 133 136 137 139 140 143
15 117 118 119 120 123 124 127 129 132 135 136 137 139 141 142
15 116 120 121 123 125 126 127 128 129 130 136 137 138 141 142
11 118 123 127 130 132 136 138 139 141 142 143
12 116 118 119 120 123 124 125 131 133 136 138 140
13 116 117 123 124 126 127 132 134 135 136 137 138 142
16 116 117 118 119 122 124 125 126 128 130 131 133 137 138 139 141
14 116 117 118 119 121 123 130 131 132 134 136 137 138 142
18 116 117 118 119 121 122 123 124 125 127 130 132 133 135 137 139 140 141
11 118 120 124 127 128 129 130 131 136 138 143
8 120 121 127 129 131 132 137 142
18 117 118 119 120 121 122 123 124 131 132 133 135 137 138 139 140 141 142
19 116 117 118 120 121 122 123 125 127 128 129 130 131 132 133 134 135 142 143
15 117 118 119 120 121 123 124 125 126 129 132 135 136 138 143
8 120 122 130 132 137 138 139 142
17 117 118 119 120 121 124 125 126 127 128 130 131 134 135 140 141 143
18 116 117 118 120 121 122 123 125 126 130 133 134 137 138 139 140 141 142
12 119 120 121 122 125 126 131 133 136 137 141 143
9 120 123 129 130 132 133 135 136 140
13 117 118 119 120 123 128 130 131 133 138 141 142 143
19 116 117 118 119 122 123 125 126 127 128 130 132 133 134 135 136 137 142 143
13 119 121 129 130 131 132 135 136 137 138 139 140 143
12 116 117 123 124 125 128 129 130 131 135 140 141
19 116 118 119 120 123 124 126 127 128 130 131 132 133 136 137 138 139 142 143
17 116 118 120 121 123 124 125 126 131 133 135 136 137 139 140 141 143
18 116 117 120 121 123 125 126 128 130 131 134 135 136 137 138 139 140 142
19 116 118 119 120 121 123 125 128 130 131 132 133 134 135 136 139 141 142 143
9 116 122 125 129 130 131 136 138 141
10 121 123 124 127 128 133 137 140 142 143
14 117 119 120 121 122 127 128 129 131 133 135 136 140 142
16 118 119 120 121 123 124 129 132 133 134 135 136 138 139 142 143
11 117 119 121 122 127 129 134 135 136 139 142
10 124 126 130 131 132 135 136 138 139 140
13 119 120 122 124 125 127 128 130 132 133 135 136 143
16 116 117 120 122 125 126 128 133 135 136 138 139 140 141 142 143
9 119 120 125 127 128 129 133 134 135
17 116 119 123 125 126 127 128 130 133 134 135 136 137 139 141 142 143
8 118 119 121 122 128 130 131 140
18 116 117 118 121 122 123 124 125 128 129 130 131 132 136 138 140 142 143
12 117 118 121 122 126 128 130 131 132 133 135 141
12 116 119 122 125 126 127 137 138 139 140 141 142
14 119 120 122 124 125 126 130 131 135 136 137 139 140 142
19 116 117 118 119 120 121 122 123 125 126 127 129 130 131 132 135 138 141 142
10 121 122 130 131 133 134 137 138 140 142
15 116 118 119 120 124 125 126 130 131 132 135 137 138 139 140
17 116 118 120 122 123 124 127 128 129 130 131 132 133 136 137 140 143
10 116 117 119 121 127 130 134 137 141 142
10 116 119 125 126 133 134 135 137 138 141
13 116 122 123 125 127 128 132 134 135 137 140 141 142
14 119 120 121 122 123 125 129 131 133 134 136 138 139 141
18 117 118 119 120 121 122 125 126 128 129 130 131 134 136 139 141 142 143
10 120 122 123 126 127 130 133 136 137 140
15 117 118 120 121 123 125 128 129 132 133 134 137 139 141 143
9 117 119 122 124 129 133 134 136 140
18 116 117 118 119 121 122 123 124 126 128 129 130 131 133 135 136 138 142
14 119 120 121 124 126 127 129 131 134 135 136 139 140 142
16 117 119 120 126 127 128 129 131 132 133 134 135 136 137 138 142
16 116 117 119 120 123 124 126 127 128 129 130 135 137 139 142 143
14 117 120 121 124 125 126 131 132 133 136 138 139 141 142
16 117 119 120 121 127 129 130 131 132 134 135 136 138 140 142 143
16 117 118 119 121 128 129 131 132 133 134 135 137 138 139 141 143
14 116 118 120 122 123 125 126 127 131 134 135 136 139 140
9 119 124 126 127 128 133 134 135 137
17 116 119 120 123 124 125 127 128 129 132 133 136 137 138 139 142 143
9 118 120 124 130 133 135 136 139 141
12 116 117 118 120 122 124 125 133 134 138 140 141
12 117 118 121 123 129 131 132 133 134 137 139 143
11 117 121 126 129 130 132 133 134 135 136 141
18 116 120 121 122 123 124 127 128 129 130 133 134 135 136 137 138 139 142
16 116 118 119 120 126 128 130 131 133 134 135 136 139 141 142 143
8 116 117 118 122 131 132 137 142
10 116 118 120 126 127 128 130 131 140 143
13 119 121 126 127 128 129 130 131 134 138 139 140 142
18 116 117 121 122 124 125 127 128 130 131 133 134 135 136 137 138 140 141
17 119 120 121 122 123 126 127 128 129 132 134 135 137 138 139 140 141
9 117 118 127 128 129 130 131 132 135
11 116 122 123 125 128 133 134 135 137 140 143
16 117 118 120 124 127 128 129 130 131 132 133 135 138 141 142 143
11 117 118 120 122 125 129 130 131 133 135 139
17 116 118 119 121 123 124 125 127 128 129 130 131 133 134 136 138 140
13 117 119 120 121 125 128 132 133 135 140 141 142 143
12 116 121 122 123 125 127 131 135 136 137 138 139
17 116 117 118 120 123 124 126 127 128 130 133 135 137 138 140 141 142
18 116 118 121 124 125 126 127 128 130 131 132 133 135 136 137 139 140 142
17 116 117 119 121 122 124 128 129 130 131 133 135 136 137 139 140 143
17 116 117 118 119 123 125 126 129 130 131 133 135 136 137 140 142 143
17 116 117 119 121 125 126 127 130 131 132 135 136 138 139 140 141 143
10 118 119 121 123 124 126 128 130 133 139
10 116 117 121 122 123 129 137 138 139 140
9 119 124 126 132 135 137 138 139 142
17 117 121 123 124 126 128 129 130 131 132 134 135 136 137 138 139 143
17 118 119 121 122 123 124 125 127 130 131 132 133 135 136 137 142 143
10 121 122 126 128 131 132 133 136 137 141
11 119 121 122 125 126 127 133 135 136 138 142
9 124 129 131 133 134 136 139 141 142
16 116 118 121 125 126 127 128 130 131 135 138 139 140 141 142 143
14 123 124 127 128 129 131 132 133 135 139 140 141 142 143
12 116 120 123 125 126 130 131 134 135 138 140 141
8 116 125 126 132 133 135 136 140
16 116 119 120 121 126 127 128 129 130 131 132 134 135 136 137 141
9 119 120 121 130 133 135 137 140 142
8 118 120 121 132 134 139 142 143
8 116 119 122 130 133 136 138 141
14 116 117 119 120 121 122 124 125 127 129 130 132 135 137
18 116 117 118 120 122 123 127 128 129 130 131 132 133 134 136 140 141 142
15 116 118 119 124 125 126 127 129 130 131 133 135 139 140 143
18 117 118 122 123 125 127 128 130 132 133 134 135 137 138 139 141 142 143
11 120 124 126 127 133 134 135 138 141 142 143
10 125 131 132 133 134 136 137 140 141 142
12 119 122 123 127 128 130 131 133 136 137 138 143
15 116 122 123 126 128 129 131 132 134 135 137 138 139 141 142
9 116 122 124 130 132 140 141 142 143
11 118 126 129 131 132 135 138 139 140 142 143
15 116 119 120 121 124 125 128 129 130 131 132 134 135 140 142
18 116 117 118 119 120 121 122 123 126 129 134 135 136 139 140 141 142 143
17 116 117 119 120 122 123 124 125 128 129 130 135 137 138 139 141 142
13 121 123 125 127 128 130 134 135 136 138 139 141 143
9 119 124 125 128 131 137 139 141 143
9 116 123 126 127 129 130 131 133 136
13 116 118 119 122 124 125 126 130 134 135 136 140 142
17 116 117 120 122 123 127 128 129 130 131 133 135 137 138 140 141 143
18 116 117 119 122 123 126 130 131 132 134 135 136 137 138 140 141 142 143
16 118 119 121 125 126 129 130 131 132 133 136 137 138 139 140 141
14 117 118 119 120 121 125 128 129 130 133 135 136 138 142
8 122 127 128 129 130 134 138 139
10 116 118 119 120 122 132 134 139 140 141
11 120 123 124 125 129 130 132 133 138 139 140
11 119 120 124 130 131 132 133 134 137 138 139
13 116 119 120 121 124 127 131 132 135 137 139 140 142
11 117 118 120 125 126 128 129 130 138 139 142
17 116 117 119 120 123 124 126 127 128 130 131 135 136 137 140 142 143
12 120 122 123 126 129 130 131 132 136 138 142 143
16 116 117 118 122 123 124 125 130 132 133 135 136 137 138 142 143
11 116 118 121 122 126 128 129 136 137 139 143
14 116 119 120 122 123 124 125 127 130 133 134 135 136 142
17 116 117 120 121 122 124 125 126 127 130 131 132 135 138 140 141 142
13 117 118 120 123 125 127 128 129 132 136 138 140 142
12 117 120 121 122 127 130 134 139 140 141 142 143
15 118 119 120 121 122 123 124 125 126 131 132 135 138 139 142
16 116 117 120 122 125 127 128 130 132 133 134 136 137 140 142 143
8 117 118 124 128 132 138 141 143
38 146 147 150 152 154 155 157 158 159 160 163 164 168 169 171 172 173 175 176 179 182 184 185 188 189 194 195 199 202 204 206 208 210 212 213 214 216 218
23 145 150 153 159 161 162 163 166 168 169 170 177 183 188 190 195 196 201 202 205 207 214 215
41 145 146 149 150 152 153 155 157 158 161 163 164 168 170 171 172 174 175 176 178 180 184 185 187 189 191 192 194 196 197 198 201 202 205 206 208 214 215 216 217 218
24 146 148 149 154 156 157 160 164 167 173 176 178 180 184 185 189 194 200 204 206 208 210 211 213
20 146 149 152 154 156 157 158 159 160 162 164 169 179 181 192 193 205 208 211 212
43 144 145 148 150 151 152 155 156 157 161 162 165 167 168 169 170 171 173 174 176 177 180 182 184 185 186 190 192 193 196 197 199 202 203 207 208 210 211 212 213 216 217 219
18 145 148 150 153 154 155 163 164 165 176 178 189 199 208 209 211 212 213
24 144 145 147 153 158 160 165 166 168 171 175 176 178 179 180 188 190 191 202 207 208 215 216 217
34 148 150 152 154 155 158 160 161 163 166 167 180 181 182 184 187 188 190 191 192 193 194 199 200 202 204 205 207 208 212 213 214 217 218
9 153 158 191 195 198 201 204 209 215
16 144 146 152 155 157 159 160 161 166 170 175 179 181 184 188 207
39 144 145 149 150 151 152 156 162 163 165 168 169 171 172 173 174 175 176 177 180 181 186 188 189 190 191 192 194 196 199 200 201 203 207 210 211 214 216 218
21 161 165 166 167 171 172 173 175 187 189 192 196 197 198 202 205 207 209 210 218 219
23 144 148 156 160 161 163 165 171 173 174 176 178 179 184 188 190 191 196 197 198 199 204 214
22 148 155 159 160 163 166 169 173 176 181 182 183 184 192 194 197 198 199 202 203 205 219
42 144 147 150 152 154 155 158 160 161 164 167 170 172 173 174 178 179 180 181 182 183 184 187 188 189 191 192 194 195 196 203 205 207 208 209 210 211 212 213 214 215 218
39 144 146 148 157 158 161 163 166 167 168 170 171 172 173 177 179 180 181 183 185 186 187 189 190 194 195 197 199 201 203 204 207 209 210 212 213 216 217 218
35 144 150 151 154 156 159 161 162 165 166 168 169 171 172 173 178 180 182 186 187 190 192 200 202 203 205 206 209 210 211 212 213 214 217 218
22 144 146 151 159 161 162 169 171 185 188 191 192 194 195 196 199 207 210 213 214 216 219
38 144 145 148 149 151 153 156 161 162 165 166 167 170 174 177 178 180 181 183 186 187 190 191 192 193 196 197 198 200 201 203 205 207 209 211 215 217 219
35 144 147 148 151 154 156 159 160 162 165 166 167 169 173 177 179 181 182 183 186 188 190 193 195 199 200 203 204 207 209 210 211 212 213 219
25 144 145 147 148 151 157 160 163 164 170 177 178 188 195 199 200 201 204 206 208 211 212 213 214 215
18 145 146 150 153 161 162 163 167 171 187 192 198 200 202 205 208 214 219
32 147 148 149 150 151 153 154 163 164 165 167 169 173 174 176 177 178 180 182 189 190 194 197 202 203 204 208 209 210 211 212 218
17 145 157 160 164 165 171 173 181 194 195 203 205 206 208 211 215 219
21 152 156 157 161 167 173 174 177 185 187 193 194 197 198 200 204 210 216 217 218 219
17 146 151 155 158 159 162 169 170 172 175 177 180 195 201 202 205 211
19 145 147 156 160 165 168 170 174 182 183 184 185 190 197 200 202 207 208 215
34 147 150 152 153 154 157 158 159 160 163 165 171 172 174 176 178 184 186 189 190 191 194 195 199 203 205 206 207 210 211 213 214 216 217
54 144 145 146 147 149 150 151 152 153 154 156 157 158 161 162 164 165 167 168 170 171 172 174 175 177 178 179 180 185 186 187 188 189 190 191 193 195 196 200 201 204 206 207 208 209 210 211 212 213 214 215 216 217 218
31 147 148 149 150 151 155 161 163 165 168 169 171 174 176 177 182 183 186 188 189 190 191 195 197 203 204 211 214 216 218 219
25 145 150 159 162 164 165 171 173 175 177 179 181 182 186 188 190 194 202 203 204 206 209 212 216 217
16 144 150 151 153 160 172 180 183 186 200 203 204 211 214 216 217
34 145 146 148 149 151 153 156 157 159 162 163 165 166 168 169 171 175 176 177 185 186 190 193 197 198 199 200 201 202 204 206 216 217 219
45 144 145 146 152 153 154 156 157 158 159 160 162 164 166 167 170 172 173 175 178 179 180 181 184 185 187 192 193 194 196 198 199 200 201 202 205 206 207 208 209 210 212 213 215 217
18 144 145 148 151 153 155 168 175 180 184 189 191 194 198 206 215 217 219
29 147 150 165 166 167 171 173 176 177 178 183 187 188 190 195 196 197 199 200 201 202 203 204 207 209 213 214 216 218
19 148 155 156 162 164 167 169 173 175 177 182 197 198 201 208 209 212 215 219
27 145 148 149 152 155 158 160 166 168 173 174 180 181 187 189 190 197 198 201 203 206 208 209 211 212 215 217
29 144 147 151 152 155 158 165 171 172 174 175 179 181 182 186 187 191 192 193 197 198 199 203 209 212 216 217 218 219
24 145 147 149 153 155 157 158 160 164 167 174 177 179 181 183 184 185 188 191 195 197 201 204 207
9 151 154 158 163 168 183 184 185 200
20 145 150 151 154 169 172 177 178 179 189 190 191 194 202 203 205 209 210 212 215
12 152 159 169 174 181 183 190 191 194 203 216 217
42 144 146 149 151 152 153 154 155 156 161 163 170 172 174 175 176 177 179 180 182 183 184 185 186 187 188 190 191 193 196 197 198 199 201 202 204 209 210 212 214 216 217
11 146 151 161 168 180 185 187 188 193 202 218
19 147 150 153 156 157 164 165 167 172 176 177 178 179 183 184 186 193 202 205
24 146 147 149 154 159 160 163 164 166 172 175 178 179 181 183 187 188 189 194 200 205 206 214 218
36 144 149 151 152 155 157 158 159 161 162 163 166 167 171 175 178 179 180 181 188 189 192 195 199 201 203 205 206 210 211 212 213 214 217 218 219
9 161 163 170 172 174 182 185 186 210
42 144 145 146 147 149 151 153 156 157 159 162 164 165 168 169 170 171 172 173 174 175 176 177 178 179 183 185 186 189 195 196 197 198 201 203 206 209 210 211 215 216 219
28 145 156 158 162 168 171 172 183 185 186 187 191 192 193 195 196 198 199 200 201 205 206 213 214 215 216 217 219
15 152 169 170 174 180 181 186 189 190 193 194 204 207 212 215
29 144 147 148 149 154 155 160 166 168 172 175 176 177 178 179 182 184 185 188 191 197 199 201 206 209 210 213 216 218
37 146 147 148 153 154 155 157 158 159 160 161 164 166 167 170 178 179 182 183 184 185 187 193 195 197 198 202 204 205 206 208 209 212 213 215 217 219
17 146 148 152 163 170 175 176 189 193 194 196 198 199 208 215 216 219
21 147 149 156 159 163 164 166 169 170 174 175 178 179 185 190 192 193 194 209 215 218
16 146 148 170 177 181 184 189 195 196 198 205 206 209 210 212 218
18 145 147 150 152 153 157 168 183 185 186 200 203 206 208 209 217 218 219
37 145 147 149 150 151 152 153 154 155 156 159 160 162 164 165 169 174 175 176 178 182 184 188 191 192 193 196 198 200 202 205 206 208 211 214 215 219
17 150 151 152 159 164 172 173 174 182 183 187 192 194 201 203 214 219
17 147 148 150 158 159 162 166 167 168 169 178 189 192 200 207 213 218
8 154 163 170 175 182 200 204 218
19 149 154 155 156 157 161 162 163 167 169 185 186 193 197 199 200 204 211 213
18 146 149 150 153 154 155 156 158 162 168 176 179 180 182 184 185 186 193
19 145 146 148 154 157 165 173 176 181 182 188 191 195 196 197 199 206 208 210
26 149 151 158 159 160 162 166 168 169 171 172 175 179 181 182 183 188 190 191 192 201 202 203 205 207 215
18 149 154 164 166 167 181 182 187 189 192 193 194 207 210 212 213 215 216
12 144 145 149 166 170 179 181 183 192 196 200 204
42 144 146 147 148 149 152 153 155 156 157 160 161 166 167 169 170 172 174 176 178 180 187 189 191 192 193 195 196 197 198 199 201 205 207 208 210 211 213 214 215 218 219
14 151 156 157 158 159 164 165 173 183 195 196 203 211 217
21 146 148 150 153 154 164 169 172 173 176 177 186 187 191 193 194 196 198 204 209 216
11 144 146 147 170 180 184 186 195 196 206 214
20 146 149 153 160 161 171 176 181 183 188 198 199 204 206 207 208 211 217 218 219
36 144 147 148 152 155 156 157 158 159 162 163 164 165 166 167 168 170 173 174 175 180 182 184 185 186 187 192 193 195 196 197 200 201 213 214 216
20 152 155 158 161 162 167 168 171 177 184 187 189 198 201 202 205 207 212 213 219
15 146 148 154 156 160 164 167 173 176 178 189 200 204 206 213
14 148 156 162 164 167 169 173 177 197 198 208 209 212 215
27 144 147 148 151 154 156 159 160 162 165 166 167 173 177 181 183 186 188 190 193 195 200 207 209 210 211 219
13 146 148 154 164 176 177 187 191 194 196 204 209 216
42 144 146 147 149 150 151 152 153 154 156 157 158 162 167 168 170 171 172 174 177 178 180 185 186 187 188 189 190 191 195 196 204 206 207 208 209 210 213 214 215 216 218
11 144 150 151 172 180 203 204 211 214 216 217
12 146 148 157 165 181 188 191 195 199 206 208 210
9 159 162 166 167 168 169 189 192 200
17 145 147 153 158 160 165 166 168 171 176 178 190 191 202 208 215 216
10 147 150 153 157 168 185 200 203 209 217
10 148 150 158 159 166 167 200 207 213 218
32 144 145 152 153 157 159 160 162 164 166 167 170 173 178 179 181 187 192 193 198 199 201 202 205 206 207 208 209 210 212 215 217
8 159 181 183 190 194 203 216 217
8 159 169 172 177 180 202 205 211
20 144 145 148 157 160 163 164 170 177 178 195 199 200 206 208 211 212 213 214 215
9 146 151 161 168 180 187 188 202 218
14 146 149 153 160 161 171 176 188 204 206 208 211 217 218
20 146 148 149 154 157 160 173 176 178 180 184 185 194 200 204 206 208 210 211 213
27 144 154 155 161 164 167 170 172 173 178 179 180 181 182 183 184 187 192 196 203 207 208 209 210 212 215 218
26 150 152 154 158 161 163 166 167 180 181 182 187 188 190 191 192 193 194 200 202 204 208 212 213 214 217
15 146 151 155 158 159 162 169 170 172 175 180 201 202 205 211
23 148 149 150 151 155 163 165 168 169 171 174 177 182 189 190 191 195 203 211 214 216 218 219
30 146 147 148 153 157 160 161 167 169 170 172 174 176 187 189 191 192 193 195 196 197 198 201 205 207 208 210 211 213 219
14 146 149 154 159 164 172 178 183 187 188 189 200 214 218
25 146 147 152 154 157 159 163 168 169 171 182 184 185 188 189 194 195 199 202 206 210 212 213 216 218
31 146 147 150 152 154 155 157 158 159 163 168 169 171 172 176 179 182 184 185 188 189 194 195 199 202 204 206 212 213 214 216
6 151 154 168 183 185 200
28 145 146 149 152 153 155 157 161 163 164 170 176 180 184 185 187 189 191 192 194 196 197 201 205 214 215 217 218
11 156 162 164 167 169 175 197 198 208 215 219
13 146 149 150 153 154 155 156 158 168 179 182 185 186
11 144 145 148 151 153 155 168 180 189 191 206
9 148 152 163 176 189 196 198 208 215
12 148 163 166 169 173 176 181 184 194 199 202 219
9 149 154 181 189 193 194 210 212 213
8 164 173 174 192 194 201 203 219
13 145 147 149 153 155 164 174 177 179 184 185 195 207
6 152 159 181 191 203 216
19 145 149 156 162 168 175 176 180 188 190 191 192 196 200 201 203 211 214 216
22 145 148 149 152 155 166 168 174 180 181 187 189 190 197 198 201 203 208 209 211 212 217
26 148 149 153 156 161 165 174 177 180 181 186 187 190 191 193 196 197 200 203 205 207 209 211 215 217 219
19 150 152 154 155 161 167 180 181 188 191 194 200 202 204 212 213 214 217 218
9 144 153 160 172 180 186 200 203 214
14 146 151 155 158 159 162 169 172 175 180 195 201 202 211
10 148 154 157 165 173 176 191 196 197 199
13 149 154 155 157 161 167 169 186 193 197 199 204 211
30 145 153 155 158 161 163 164 168 171 174 176 178 180 184 185 187 189 191 194 196 197 198 202 206 208 214 215 216 217 218
23 148 152 154 155 158 160 161 163 167 181 184 188 190 191 193 194 199 200 204 205 208 212 217
13 147 148 158 162 166 167 168 169 178 189 192 207 218
15 146 149 152 156 157 158 159 160 162 179 181 192 193 208 212
23 144 151 152 155 158 165 171 172 174 179 181 182 186 187 191 192 197 198 199 203 216 218 219
12 149 154 166 167 181 182 189 192 207 212 213 216
21 149 158 159 160 162 166 168 169 171 172 175 181 183 188 190 201 202 203 205 207 215
15 144 156 160 161 165 173 178 179 184 188 191 196 197 199 214
26 145 146 149 153 155 161 163 164 168 171 172 178 180 185 189 191 194 196 197 201 202 206 214 216 217 218
12 166 181 182 187 189 192 193 194 212 213 215 216
6 153 158 198 204 209 215
18 147 165 166 173 177 178 183 188 190 195 197 200 201 203 207 213 216 218
14 147 150 153 157 183 185 186 200 203 206 208 209 218 219
25 145 148 151 156 157 159 162 163 166 169 171 175 176 177 185 186 190 193 197 199 200 201 202 206 216
14 152 156 157 161 167 173 174 177 197 198 200 204 217 219
33 144 145 149 150 151 152 156 162 163 165 168 169 171 172 176 177 180 181 186 189 190 191 192 194 196 199 201 203 207 210 211 214 216
11 144 150 151 153 172 200 203 211 214 216 217
19 148 155 159 160 163 166 169 173 176 181 182 183 184 192 194 197 199 203 219
32 144 146 149 151 152 153 154 155 156 161 170 174 180 182 183 184 186 187 188 190 191 196 197 198 199 201 202 209 210 212 214 216
26 144 146 148 149 152 155 157 160 166 167 169 170 178 180 187 189 191 195 196 199 201 210 211 214 218 219
23 145 149 150 153 158 161 163 168 170 174 180 185 187 191 192 194 196 201 202 205 216 217 218
23 149 150 155 157 158 161 168 174 175 176 184 187 191 192 194 196 197 201 205 214 215 216 217
9 159 169 174 181 183 190 191 194 216
33 144 146 148 157 158 161 163 166 167 168 172 173 180 181 183 185 186 187 189 190 195 197 199 201 203 204 207 209 210 213 216 217 218
16 149 153 160 161 181 183 198 199 204 206 207 208 211 217 218 219
27 147 148 152 155 156 157 159 162 163 164 165 166 168 173 174 180 182 184 185 186 192 193 195 196 197 201 214
11 150 151 153 160 172 180 183 186 204 214 217
17 145 147 151 157 160 163 177 178 188 199 204 206 208 211 212 213 215
7 151 156 157 164 183 196 217
16 146 149 152 154 156 157 158 159 160 169 181 193 205 208 211 212
10 152 169 174 180 186 189 193 194 207 215
10 146 155 158 162 170 177 180 201 202 205
30 144 146 149 150 151 152 154 157 158 161 168 170 171 172 178 180 185 186 188 189 195 196 201 206 209 212 213 215 217 218
10 147 150 158 166 167 168 178 189 192 218
13 146 148 160 164 176 178 184 194 204 206 208 210 211
20 149 150 152 155 163 168 172 174 175 178 185 191 196 198 201 205 206 214 215 218
12 145 161 162 167 187 192 198 200 202 205 214 219
13 152 158 161 167 168 177 184 187 201 207 212 213 219
9 146 151 155 159 162 195 202 205 211
7 154 158 163 183 184 185 200
12 155 158 161 167 168 171 177 189 201 207 213 219
9 150 152 159 173 174 182 183 187 192
17 148 155 159 160 163 166 173 176 182 184 192 197 198 202 203 205 219
16 144 148 161 165 173 176 178 179 188 190 191 196 198 199 204 214
10 147 148 150 158 162 166 168 178 192 200
16 148 155 156 162 164 167 169 175 177 182 197 201 208 209 212 215
24 148 149 151 153 154 163 164 165 167 169 173 174 177 180 182 189 190 194 202 203 204 208 210 211
16 146 149 152 154 157 158 159 160 169 179 181 192 205 208 211 212
32 144 145 148 150 151 155 157 161 165 169 171 174 177 180 182 184 185 186 190 192 193 196 197 199 203 207 210 211 212 213 216 219
29 145 146 147 149 151 156 157 159 164 165 168 170 172 175 176 177 178 179 183 185 189 195 196 197 203 211 215 216 219
12 146 147 154 160 163 164 179 187 189 194 214 218
16 145 147 156 160 165 168 170 174 182 183 185 190 197 202 208 215
21 145 156 158 162 183 185 186 187 191 193 195 196 198 200 205 206 213 214 215 216 217
14 146 150 153 154 155 156 158 162 176 180 182 184 186 193
15 145 146 150 153 161 162 167 187 192 198 202 205 208 214 219
29 144 155 156 157 158 159 162 163 164 165 167 168 170 173 174 175 180 184 185 186 187 192 193 195 197 200 201 213 216
9 152 159 174 183 190 191 194 203 217
15 144 147 151 158 171 174 175 179 182 187 191 192 197 203 218
37 144 148 150 151 152 156 157 161 162 167 168 169 170 171 173 174 176 180 182 184 186 190 192 193 196 197 202 203 207 208 210 211 212 213 216 217 219
31 144 145 149 150 151 152 162 163 165 169 171 172 173 176 177 180 181 190 191 192 194 196 199 200 201 203 210 211 214 216 218
18 145 162 165 171 173 175 177 179 181 182 186 202 204 206 209 212 216 217
5 158 163 183 184 185
44 144 145 146 147 149 152 153 154 156 157 158 162 164 165 167 168 172 174 175 177 178 179 180 185 186 187 188 189 190 191 193 196 201 204 206 207 208 209 210 212 214 215 216 217
23 144 147 149 160 166 168 172 175 177 178 179 182 188 191 197 199 201 206 209 210 213 216 218
15 144 160 168 171 175 178 180 188 190 191 202 208 215 216 217
22 144 147 148 149 154 160 172 175 178 179 182 184 188 191 197 199 201 206 209 213 216 218
26 146 147 153 154 155 157 158 161 164 167 170 178 179 182 187 193 195 198 202 204 205 206 208 209 213 219
15 145 153 158 168 176 178 179 188 191 202 207 208 215 216 217
6 144 170 180 184 206 214
8 161 163 170 172 182 185 186 210
22 145 158 162 168 171 172 183 185 186 187 192 196 198 199 200 201 205 206 213 214 215 216
21 147 148 149 151 153 154 163 164 165 177 182 189 190 194 197 202 203 204 209 210 218
23 145 149 152 155 158 160 168 173 174 180 181 189 190 197 198 201 206 208 209 211 212 215 217
15 149 153 160 161 171 176 181 183 188 198 199 207 217 218 219
18 147 149 156 159 164 166 169 170 174 175 178 179 190 192 194 209 215 218
9 146 148 152 170 175 196 199 208 216
32 146 147 150 152 154 155 158 159 160 163 164 168 169 171 172 173 175 182 184 185 188 189 194 195 199 202 204 208 212 213 214 216
9 146 170 175 189 194 196 198 215 216
13 154 164 166 167 181 182 187 193 207 210 213 215 216
18 145 147 158 160 164 167 174 177 179 181 184 185 188 195 197 201 204 207
20 144 147 152 155 156 158 162 166 168 173 174 180 182 185 195 196 197 200 201 216
7 144 146 170 186 195 206 214
14 150 151 152 159 164 172 173 182 183 187 192 194 214 219
16 147 149 155 160 166 172 175 177 178 184 185 188 199 201 209 218
17 161 165 167 171 172 175 189 192 196 197 198 202 207 209 210 218 219
11 152 154 156 158 159 164 169 179 181 208 211
18 153 159 161 162 166 169 170 177 183 188 190 195 196 201 202 207 214 215
8 146 148 152 163 199 208 215 219
7 151 154 158 163 183 184 185
11 146 153 161 162 163 171 198 205 208 214 219
22 145 149 150 151 162 168 172 173 175 176 180 188 191 194 196 199 201 203 207 210 211 218
8 144 147 170 180 184 195 196 214
9 146 161 168 185 187 188 193 202 218
8 146 151 161 168 185 188 193 218
9 152 169 180 181 186 189 190 212 215
12 169 172 173 176 177 187 191 193 194 198 209 216
23 156 158 162 168 171 185 186 187 192 193 195 196 198 199 200 201 206 213 214 215 216 217 219
12 146 154 156 157 160 162 164 179 192 193 205 208
11 147 149 164 169 174 179 190 192 194 215 218
7 151 156 157 164 165 173 195
21 146 147 149 154 159 160 163 164 166 172 175 179 181 187 189 194 200 205 206 214 218
36 144 147 154 155 158 160 161 164 167 172 173 178 179 180 181 182 183 184 187 188 189 191 194 195 196 203 205 207 208 210 211 212 213 214 215 218
21 146 148 149 156 157 160 164 167 173 176 178 180 189 194 200 204 206 208 210 211 213
16 144 145 147 148 151 164 170 178 188 195 199 206 208 211 213 215
17 156 158 171 172 187 191 192 193 196 198 199 201 206 214 216 217 219
8 152 159 169 183 190 191 216 217
39 144 147 149 150 151 153 154 156 157 162 164 165 167 168 170 171 172 174 175 177 178 179 186 187 188 189 190 193 196 200 201 207 209 210 212 213 215 216 218
11 171 172 173 175 192 196 197 198 202 207 210
23 146 150 154 155 157 158 160 163 169 171 173 175 176 184 185 199 202 206 208 210 212 213 218
20 144 147 148 149 160 166 168 176 178 179 182 184 188 199 201 206 209 213 216 218
12 148 154 169 172 177 186 187 193 194 198 204 216
13 145 147 170 174 182 183 184 185 197 200 202 207 208
17 152 155 158 161 168 171 184 187 189 198 201 202 205 207 212 213 219
12 146 149 154 157 162 169 179 181 193 205 208 211
20 149 151 158 159 160 162 169 171 175 182 188 190 191 192 201 202 203 205 207 215
14 147 154 160 172 175 178 179 183 187 188 200 205 206 218
18 148 156 157 158 162 163 165 167 168 170 173 174 175 180 185 201 213 214
18 144 146 151 159 161 169 185 188 191 192 194 196 199 207 210 213 214 219
17 152 155 158 161 162 167 168 177 184 187 189 198 201 207 212 213 219
16 145 146 148 154 157 173 176 181 182 188 191 196 197 199 206 208
36 144 146 149 151 152 153 154 155 156 163 172 174 175 176 177 179 180 182 183 184 185 188 190 191 193 196 197 198 199 201 204 209 210 212 214 216
9 144 151 153 175 180 191 215 217 219
16 148 155 162 167 169 173 175 177 182 197 198 208 209 212 215 219
13 144 148 151 153 175 180 184 189 194 206 215 217 219
29 144 149 151 152 155 157 158 159 161 162 166 167 175 178 179 180 181 188 189 192 199 201 205 210 211 213 214 217 218
10 151 177 179 189 190 194 203 205 209 212
29 144 145 148 149 151 153 156 161 162 167 170 177 178 181 183 186 190 191 192 193 196 197 198 200 205 207 209 215 219
18 144 148 157 158 159 162 164 167 173 175 180 182 185 186 192 193 197 214
29 147 150 152 154 157 158 159 160 163 165 171 172 174 176 178 184 186 189 199 203 205 206 207 210 211 213 214 216 217
14 146 149 160 161 171 176 188 198 204 206 207 211 217 218
16 152 158 161 167 168 171 184 189 198 201 202 205 207 212 213 219
32 146 147 153 154 155 157 158 159 161 167 170 178 179 182 183 184 185 187 193 195 198 202 204 205 206 208 209 212 213 215 217 219
13 147 148 159 162 166 167 168 169 178 189 192 200 218
25 144 145 148 149 156 165 166 167 177 180 181 183 187 190 191 192 196 197 198 201 203 205 209 215 217
26 145 147 150 151 152 155 156 159 160 162 169 174 175 178 188 191 192 198 200 202 205 206 208 211 214 219
19 144 146 151 159 161 162 169 185 188 191 192 194 195 196 199 210 213 216 219
16 149 151 163 164 165 169 174 178 180 189 190 194 197 203 210 211
12 146 154 156 160 173 176 178 185 194 200 211 213
11 155 158 162 171 177 189 198 205 207 212 213
20 148 151 154 159 160 162 165 167 169 182 183 188 199 200 203 209 210 212 213 219
27 147 149 151 153 154 164 165 167 169 173 174 176 177 178 180 189 190 194 197 202 203 204 208 209 211 212 218
17 148 154 159 160 165 167 177 179 181 186 190 195 199 203 209 211 219
45 144 149 150 151 152 154 156 159 161 162 163 164 165 168 169 170 171 172 173 176 180 182 183 184 189 190 193 196 197 198 199 201 202 205 206 207 208 209 210 211 214 215 216 217 219
52 144 146 147 149 150 151 152 155 158 159 160 161 162 163 164 165 167 168 169 172 173 174 175 176 177 178 179 180 181 185 187 188 189 190 191 193 194 195 196 198 201 202 203 206 207 208 211 212 213 214 215 219
30 144 152 153 155 160 161 162 165 169 174 176 185 188 189 193 194 195 196 197 198 201 204 205 206 207 211 212 213 215 217
45 145 146 148 153 154 155 156 157 158 159 160 161 164 165 166 167 169 170 171 173 174 175 177 178 179 182 183 184 185 186 187 194 195 197 199 200 202 203 205 208 210 213 214 216 218
46 145 146 148 149 150 152 153 155 156 157 158 159 160 161 162 163 164 165 166 167 170 173 174 175 177 178 179 182 186 188 189 190 193 195 198 201 203 204 206 207 208 209 214 215 216 218
34 144 145 146 147 149 152 158 159 162 171 172 173 174 175 178 181 184 187 190 191 192 193 194 195 197 201 205 206 207 210 213 214 217 218
26 146 154 156 160 161 165 168 169 170 175 176 177 180 181 182 185 193 194 195 196 198 204 205 210 216 217
31 145 147 148 151 152 154 162 165 166 172 173 175 178 180 181 183 184 187 191 195 197 199 200 203 204 206 207 208 214 215 218
49 145 146 147 150 151 152 154 155 156 158 159 160 163 164 165 166 167 168 169 170 172 173 174 175 178 179 180 185 187 188 190 195 196 197 198 199 200 201 202 203 204 205 206 208 213 215 216 218 219
29 144 149 151 155 158 160 162 164 166 167 171 172 174 177 178 181 184 185 188 189 191 192 198 201 203 212 213 217 219
33 144 145 146 152 157 158 159 160 163 165 166 168 170 179 184 185 186 187 188 191 193 194 195 199 201 204 205 210 211 213 216 217 219
39 144 149 150 155 158 159 163 164 166 167 169 170 171 172 173 175 177 178 180 182 183 184 185 186 187 190 193 199 200 202 203 204 207 209 210 211 212 214 218
25 145 157 158 160 162 169 170 171 178 179 184 186 188 189 190 196 197 198 199 201 203 204 207 213 215
48 145 146 147 148 151 152 153 155 157 158 159 160 163 166 167 168 169 170 171 172 174 175 176 177 178 180 183 185 187 191 192 195 196 197 199 200 201 202 205 206 208 209 210 212 213 216 218 219
29 147 148 150 156 159 160 161 170 174 175 176 177 181 183 184 186 187 188 189 194 196 199 203 204 206 207 213 217 219
52 144 145 146 147 150 152 155 156 158 160 161 163 164 165 166 168 169 170 171 172 175 176 177 178 179 180 181 184 185 187 188 189 190 191 192 193 194 195 196 198 199 202 204 205 206 207 209 210 211 212 216 217
40 144 147 148 151 152 155 158 160 161 163 165 167 168 169 173 174 175 181 182 184 185 186 187 188 191 192 193 194 197 201 202 204 206 209 210 212 214 215 217 219
23 144 147 161 162 164 165 166 171 176 181 183 187 189 192 194 195 196 199 203 204 205 210 218
39 144 145 148 151 153 157 159 164 166 167 168 170 173 174 175 176 177 178 184 185 186 187 189 190 194 195 196 197 198 201 204 206 207 210 213 214 215 217 219
40 144 146 149 150 153 155 159 160 163 164 165 166 167 169 170 172 173 175 176 177 178 180 182 183 184 187 189 190 192 194 197 198 200 201 204 207 210 211 215 218
30 144 148 154 156 157 161 167 168 170 172 174 175 183 184 187 189 191 192 194 199 203 204 205 206 208 209 212 215 216 217
40 144 145 146 150 151 153 156 157 158 159 161 162 165 167 168 169 170 171 178 179 180 182 186 187 188 189 193 195 197 202 203 206 207 209 210 212 214 215 216 219
23 144 145 147 148 150 151 159 160 165 167 170 176 178 183 187 190 205 207 209 211 213 218 219
34 144 145 148 149 152 153 155 156 158 163 164 171 173 174 175 176 177 178 180 182 184 188 192 193 196 199 202 206 207 209 212 213 215 219
50 144 145 147 148 151 153 154 156 157 158 159 160 163 166 167 168 169 170 172 173 175 176 177 179 184 185 186 187 188 190 191 193 194 196 197 198 199 200 202 204 205 206 207 209 210 211 212 214 215 216
40 144 146 147 149 150 151 152 153 154 155 156 157 160 162 165 167 168 170 171 176 178 179 180 181 182 183 185 193 195 197 198 199 200 201 204 205 206 211 212 217
39 144 145 148 150 151 152 154 156 157 160 161 163 165 166 167 168 169 170 173 175 179 181 185 186 188 189 190 192 193 194 195 202 203 207 209 211 212 216 219
27 145 151 152 153 156 157 159 164 167 170 172 173 176 180 182 183 184 186 193 195 202 208 209 212 215 218 219
24 144 145 146 148 151 153 162 163 165 166 168 169 179 180 181 185 186 188 201 204 206 207 211 216
26 149 150 151 159 161 162 165 168 170 172 176 177 179 191 192 196 198 199 201 204 206 207 209 210 213 214
22 146 151 154 161 165 166 167 168 169 180 186 194 196 197 200 202 205 207 211 215 216 217
25 148 155 156 157 158 160 161 165 170 173 174 177 183 184 186 190 192 196 199 203 204 208 212 213 219
47 144 145 147 148 151 152 154 155 158 159 160 161 162 163 165 166 169 171 172 173 178 180 181 182 183 184 186 188 189 190 191 193 197 198 199 201 202 203 205 207 210 212 214 216 217 218 219
40 144 145 146 149 150 151 153 155 159 162 163 165 169 170 171 172 173 175 179 183 184 185 188 190 192 194 197 198 199 202 203 206 207 210 211 213 216 217 218 219
41 144 150 151 152 154 155 159 161 164 165 168 169 171 172 174 176 177 178 183 184 188 189 190 191 192 193 194 195 197 200 201 202 206 209 210 212 213 214 215 216 217
35 144 145 147 149 151 153 156 157 159 160 161 164 165 166 170 171 175 183 185 186 187 188 189 192 193 194 195 197 199 202 206 208 214 216 219
27 147 148 151 160 162 163 164 168 173 174 181 184 189 192 193 196 197 198 201 206 207 209 211 212 213 214 216
42 146 147 149 150 154 155 156 159 160 161 163 164 166 167 171 174 175 176 177 178 180 182 188 189 190 193 194 197 199 200 201 203 204 205 206 207 209 211 212 214 217 219
48 144 145 146 147 149 153 154 156 157 158 159 161 162 163 164 165 167 171 172 174 176 177 179 181 183 184 185 186 187 190 192 193 194 196 197 198 200 201 205 206 207 210 212 213 214 215 216 217
45 144 150 151 152 154 155 156 160 163 164 166 167 169 172 174 175 177 178 179 180 181 185 186 187 188 189 190 191 192 193 195 197 198 202 205 206 208 209 210 211 213 214 215 216 219
46 145 146 147 152 153 155 157 159 160 161 163 166 167 168 169 170 171 172 174 175 177 178 179 180 181 182 183 186 187 188 192 193 194 196 197 201 203 204 206 207 211 212 213 214 215 216
36 144 146 147 148 153 155 159 161 162 163 167 168 169 172 173 175 176 178 183 184 185 186 187 188 189 191 192 193 195 205 208 210 212 215 216 217
36 146 147 149 150 151 152 154 158 159 160 161 162 163 169 170 171 174 175 177 182 183 185 186 190 191 195 197 198 201 205 206 207 208 211 215 219
50 144 145 146 147 148 150 151 153 154 155 156 161 162 163 164 165 167 168 169 170 173 176 177 178 180 181 182 183 184 185 186 187 189 192 193 194 195 196 198 200 201 202 204 207 208 210 213 215 217 218
27 145 153 154 157 159 160 161 163 167 168 171 178 180 182 183 189 196 198 199 201 204 207 208 210 211 212 214
27 148 149 152 156 159 163 165 171 173 174 175 176 182 187 192 194 197 198 202 203 204 205 209 211 212 215 217
26 145 149 156 158 159 162 163 171 175 180 181 182 184 186 188 189 191 203 205 206 210 213 214 215 216 217
43 144 147 150 151 153 154 157 158 162 165 167 169 171 172 173 175 177 180 183 184 185 186 187 188 189 191 192 195 197 198 200 201 202 204 205 206 210 211 212 213 214 218 219
26 146 149 151 152 156 157 159 160 167 169 171 176 185 186 190 192 203 204 208 210 211 212 214 215 217 218
51 145 146 147 150 152 153 154 156 157 158 159 161 162 163 164 165 166 167 168 169 170 171 172 176 177 179 182 183 184 185 186 187 192 193 194 195 196 199 201 202 203 207 209 210 212 213 214 215 216 217 218
28 144 147 153 158 160 161 162 164 165 167 172 173 182 183 185 186 187 188 197 202 203 204 205 207 211 213 215 216
38 144 146 147 149 151 153 155 156 158 159 161 162 164 166 171 173 174 175 177 178 180 181 182 183 184 187 188 193 196 200 201 203 205 206 209 211 213 218
45 144 147 148 149 152 154 157 159 161 162 166 167 169 170 172 173 174 175 176 177 178 180 181 182 183 184 189 193 195 196 197 198 199 200 201 202 203 204 205 207 208 210 211 212 214
39 144 147 150 152 153 155 160 164 166 168 172 174 178 179 180 181 183 184 186 188 189 192 194 196 198 199 200 206 207 208 209 210 211 212 214 215 216 217 218
52 144 147 148 149 150 151 156 158 159 160 163 164 166 167 168 169 171 172 173 177 179 180 181 182 183 184 185 186 187 189 190 191 192 193 194 195 196 197 201 202 206 207 208 210 211 212 213 214 215 216 218 219
51 144 146 147 148 149 151 152 153 155 156 157 158 159 160 161 162 163 165 166 169 170 171 172 173 174 175 177 178 179 180 181 182 184 185 186 189 191 194 197 198 203 205 206 208 209 210 214 215 217 218 219
36 144 145 152 153 155 158 159 160 161 163 171 173 174 178 181 182 183 185 187 188 189 190 192 193 195 197 200 201 205 207 209 210 214 215 216 217
49 145 146 147 148 149 150 152 155 156 157 163 164 165 166 167 169 172 173 174 175 177 179 180 181 182 184 185 187 188 189 190 192 193 194 195 196 198 199 200 201 202 204 207 212 214 215 216 218 219
35 145 151 154 156 157 159 160 161 165 168 170 171 173 174 175 179 182 184 189 191 194 195 196 198 199 201 203 204 207 210 211 214 216 217 218
47 145 146 147 148 150 151 152 156 158 161 163 165 166 167 169 171 172 173 174 177 178 179 181 182 183 185 186 187 188 189 190 191 192 193 194 202 203 205 208 209 210 213 214 215 216 217 218
44 144 145 147 150 151 156 157 158 160 163 164 165 167 168 169 171 172 173 175 176 178 179 181 183 184 186 189 191 192 193 195 199 202 203 204 205 207 208 209 210 211 212 213 217
35 150 152 156 157 158 159 165 167 168 170 172 173 175 176 178 180 184 185 186 189 193 197 198 200 201 203 204 205 208 209 211 212 213 217 218
40 147 149 150 151 152 153 158 159 160 161 165 166 170 171 174 175 176 177 178 179 180 182 183 184 186 190 192 193 200 201 202 203 205 206 209 210 212 214 215 218
40 148 149 152 158 159 161 162 165 167 168 169 171 172 173 174 176 178 179 181 182 183 184 185 187 188 190 191 192 198 199 200 201 203 207 208 211 212 217 218 219
31 144 147 150 153 158 162 164 165 166 170 171 172 174 175 176 181 184 185 189 190 191 198 199 202 204 205 208 209 216 217 219
28 144 145 148 156 158 159 162 163 166 168 169 174 178 185 186 187 188 191 193 195 197 200 204 210 212 214 216 218
28 145 148 149 150 154 158 161 162 163 164 170 171 172 173 179 180 184 185 190 195 197 199 200 201 202 212 213 217
48 144 145 146 148 150 151 153 154 157 158 160 162 164 166 169 170 172 173 174 175 176 177 178 180 181 182 183 186 187 189 191 192 193 194 195 197 198 199 202 204 205 208 210 213 215 216 217 218
47 144 146 147 148 149 151 155 156 157 158 161 162 163 166 167 171 174 175 179 180 181 182 183 185 187 188 189 190 193 194 195 197 199 200 204 205 206 207 209 210 211 213 214 216 217 218 219
33 144 147 150 151 156 158 159 161 164 166 169 172 176 177 178 180 182 183 185 186 188 191 192 193 195 199 201 203 204 209 210 214 218
29 145 148 149 151 154 155 157 158 159 160 163 165 166 170 171 173 176 184 185 188 191 197 203 205 210 211 212 214 217
50 144 145 147 148 151 152 154 155 157 158 161 162 163 164 165 166 167 170 171 172 173 174 175 176 177 178 181 182 184 188 189 190 191 193 194 195 196 197 199 203 204 205 206 208 211 213 215 217 218 219
33 147 150 152 155 157 158 159 160 164 165 166 167 168 172 173 174 185 186 188 190 191 193 195 197 200 204 207 208 210 212 213 215 219
27 144 146 148 154 158 167 171 173 174 177 179 181 183 187 189 191 195 196 197 200 205 206 207 208 210 212 216
48 144 145 147 149 150 151 153 155 158 159 160 161 163 166 167 168 169 171 172 173 175 178 179 180 181 184 186 187 188 189 191 192 193 194 195 201 202 203 204 205 206 207 209 213 216 217 218 219
28 147 152 160 161 163 164 165 170 171 173 174 175 176 179 181 182 193 195 196 201 202 203 211 213 214 215 216 218
40 144 146 147 150 153 155 156 160 161 163 165 168 169 170 171 172 174 176 177 179 180 183 185 186 189 190 191 192 200 201 202 203 205 206 207 209 214 215 217 219
39 144 147 151 152 154 155 156 158 160 161 162 166 168 170 172 173 174 178 181 182 184 185 187 188 189 190 191 192 196 197 199 200 205 206 208 213 214 218 219
42 145 146 147 148 149 151 152 153 154 155 156 158 160 161 162 167 171 173 177 178 179 181 183 184 187 193 198 199 200 202 203 204 205 208 209 210 211 213 215 216 217 218
38 145 146 148 149 151 153 155 157 161 166 167 168 174 176 177 178 181 182 183 184 186 187 189 192 193 195 201 203 205 206 207 209 212 214 215 216 217 218
33 144 149 150 157 158 161 162 163 166 168 172 175 177 178 179 180 186 191 192 193 194 196 198 199 200 201 206 207 209 213 216 217 219
24 144 148 154 157 161 163 168 169 171 172 173 176 178 183 184 187 188 191 198 202 209 213 215 219
29 145 146 147 152 154 155 157 158 159 160 165 168 173 179 189 191 194 195 197 200 201 202 203 205 207 210 211 213 218
29 145 147 148 153 154 156 157 158 159 160 163 168 169 170 176 178 180 181 183 184 185 191 192 195 197 207 211 218 219
34 144 145 146 147 148 151 152 155 157 158 160 161 164 165 166 168 171 175 176 181 182 183 184 185 190 191 197 198 202 203 207 212 214 217
50 144 146 148 149 151 153 154 157 160 161 162 163 164 165 166 167 169 170 171 172 174 175 176 177 178 180 181 184 186 187 189 190 192 194 195 196 203 205 206 207 208 210 211 212 213 214 215 217 218 219
48 144 146 149 150 152 156 157 158 159 160 161 164 165 171 173 174 175 176 177 179 180 183 184 185 186 187 188 189 191 192 193 194 195 196 197 199 200 204 205 206 207 208 209 210 216 217 218 219
37 144 146 147 148 149 151 153 156 159 160 161 163 165 167 168 169 170 175 176 177 178 181 187 188 195 196 198 199 201 203 205 206 208 209 216 217 218
35 144 147 148 154 158 159 161 162 164 166 170 173 174 175 176 177 178 182 184 186 188 190 192 193 194 195 198 200 202 205 206 208 215 216 219
29 144 146 150 155 157 162 164 166 168 171 172 173 174 175 176 180 185 186 189 190 198 201 205 208 209 213 214 218 219
44 144 145 146 148 149 150 151 154 155 156 157 159 162 164 169 171 172 173 174 175 177 178 180 181 182 183 189 190 191 193 194 197 201 202 204 205 206 208 210 212 213 214 217 219
50 145 146 149 151 153 154 157 158 159 160 161 162 164 166 168 169 171 172 173 175 177 178 179 181 182 183 184 185 187 188 190 192 194 198 199 200 203 204 205 207 208 209 211 212 213 214 216 217 218 219
23 145 147 150 151 153 155 159 163 169 172 173 177 179 189 191 196 199 205 206 214 216 217 218
40 144 146 147 148 151 152 153 155 157 158 159 160 162 165 166 167 168 170 174 176 181 183 184 186 192 194 196 197 198 199 201 202 207 208 209 210 212 215 217 218
41 144 146 149 150 151 156 157 162 163 164 166 167 168 170 172 175 181 183 184 185 187 188 190 193 194 195 196 197 198 199 200 202 203 204 205 207 208 209 210 216 219
52 144 149 151 152 153 154 155 157 158 159 160 161 162 165 166 167 168 169 170 172 173 175 176 177 179 182 183 185 187 188 190 193 194 196 197 198 200 201 202 203 204 207 209 210 211 212 213 214 215 216 217 218
30 145 150 153 154 155 156 165 167 173 176 179 183 186 187 188 190 192 193 194 195 199 201 205 206 209 210 213 214 216 217
31 147 149 151 154 155 156 158 162 163 165 166 170 171 174 175 176 185 187 190 196 197 198 201 203 206 208 209 210 213 216 218
40 144 145 146 149 150 151 153 154 157 158 160 161 162 164 166 170 178 180 181 183 186 188 189 190 193 194 195 196 198 199 202 203 204 205 209 211 214 215 218 219
36 145 158 160 162 163 164 166 167 168 169 170 171 175 178 179 181 183 184 185 187 188 189 191 192 194 195 198 200 203 205 206 208 211 214 217 218
45 144 145 149 150 151 152 153 154 156 157 159 160 163 164 166 167 168 169 170 171 173 177 178 179 180 181 184 185 187 188 189 191 192 194 195 198 199 201 205 206 209 210 216 218 219
38 148 149 151 158 162 164 165 167 169 171 172 173 174 176 177 178 180 182 185 186 187 190 192 193 196 201 202 203 204 205 206 207 208 210 212 213 218 219
28 146 147 149 158 159 162 169 170 176 178 186 188 190 195 196 197 198 199 201 203 205 209 210 211 213 214 215 217
49 144 146 147 149 150 151 152 153 154 156 157 158 159 160 161 162 167 168 170 171 172 173 174 175 178 180 185 187 188 190 191 192 193 194 195 196 197 199 200 202 204 207 208 211 213 215 216 218 219
52 144 146 147 151 152 153 155 157 159 160 161 162 163 164 165 166 167 168 169 170 171 175 176 177 180 181 182 183 185 186 188 190 191 194 195 197 198 199 200 202 204 205 206 207 210 212 213 214 215 216 218 219
26 145 146 147 152 158 160 161 164 166 167 173 179 182 185 186 189 190 194 201 204 205 207 210 211 214 215
27 145 150 151 152 154 156 162 164 169 174 178 185 186 187 188 191 196 199 201 202 203 206 208 211 212 215 218
44 144 148 151 152 155 156 158 162 164 165 168 169 170 172 174 175 176 179 180 181 182 183 185 186 187 188 189 190 191 193 194 199 202 203 206 207 209 211 212 213 215 216 217 218
30 144 145 148 150 153 157 159 163 165 172 173 177 178 180 185 186 189 191 193 196 199 200 201 204 205 210 214 215 216 217
28 144 145 146 147 151 158 159 160 162 163 164 169 176 178 183 187 190 191 194 199 202 203 204 209 212 213 216 219
34 145 146 147 148 151 155 156 159 160 161 162 165 168 169 175 178 179 180 186 189 190 191 192 194 195 198 201 204 205 208 209 212 217 218
32 144 145 149 153 154 155 157 158 162 163 169 173 174 175 176 177 178 182 184 187 189 193 194 197 198 204 206 209 211 213 218 219
49 144 146 147 148 149 152 154 158 159 161 163 166 167 168 169 170 171 172 175 176 177 178 179 180 181 182 185 186 187 188 189 190 191 196 197 198 200 202 203 204 206 208 209 211 212 213 214 216 218
31 149 151 154 157 158 160 162 163 170 177 178 179 183 184 186 187 188 189 192 193 195 196 199 200 201 207 208 212 213 217 219
25 145 147 149 151 153 155 157 164 165 167 168 170 171 173 177 178 180 185 186 191 195 196 197 199 203
24 146 149 154 156 162 163 166 172 175 176 178 188 190 192 201 203 206 207 211 212 213 214 216 219
38 147 148 150 152 154 155 157 166 168 169 170 172 175 176 179 184 185 187 188 189 191 192 194 196 197 202 203 204 205 206 208 209 211 213 214 215 217 218
31 147 148 149 150 151 155 158 161 165 171 173 175 177 178 180 185 186 188 193 194 195 196 200 201 202 206 209 214 215 217 218
23 144 148 149 150 155 156 159 165 168 171 172 176 184 188 192 199 200 201 202 203 211 213 214
29 147 159 164 168 170 172 175 176 177 179 185 186 188 189 190 194 197 198 200 201 202 203 204 205 206 207 211 216 218
32 145 149 150 151 152 154 155 156 157 158 160 163 166 171 174 175 176 178 183 186 187 188 191 192 194 195 199 200 201 207 208 212
33 145 146 147 149 151 154 156 160 161 162 163 173 174 175 181 182 183 185 187 188 189 190 195 200 202 204 206 207 209 210 212 216 219
28 147 148 153 163 164 166 167 174 175 176 177 178 179 186 187 188 189 191 194 195 202 204 206 207 213 214 217 218
37 146 147 150 152 155 157 160 162 163 165 167 171 172 174 176 177 179 182 183 186 188 194 196 197 198 200 201 202 205 207 210 212 213 215 216 217 218
24 144 154 155 158 159 163 166 172 174 180 181 182 187 188 190 193 197 199 207 210 211 213 216 217
49 144 145 149 150 151 152 154 155 156 158 160 161 162 163 167 168 170 171 172 176 178 179 180 182 183 187 188 189 190 191 192 194 195 196 198 199 203 205 206 207 209 210 211 212 214 215 217 218 219
42 146 147 150 151 154 155 157 159 160 162 163 167 169 171 172 177 179 180 181 183 186 187 188 190 191 194 195 196 197 203 204 205 206 209 211 212 213 214 215 216 218 219
49 144 145 146 147 148 149 150 151 154 156 157 158 159 161 163 165 166 167 168 169 170 171 172 174 175 180 181 183 184 185 186 187 191 192 194 196 199 200 201 202 206 207 208 209 211 213 214 217 219
31 147 150 152 153 155 158 160 162 163 166 167 168 170 180 182 183 184 185 186 187 190 191 193 197 199 200 201 202 204 209 214
43 144 146 147 148 149 150 151 152 156 157 161 162 163 165 166 168 170 172 173 175 176 179 180 182 184 187 189 190 191 192 194 195 197 201 202 206 210 211 212 213 215 218 219
37 144 145 147 148 149 150 152 155 156 158 159 160 165 170 176 179 180 181 184 188 190 191 192 193 194 196 199 201 202 204 206 207 209 212 215 217 218
52 144 145 146 149 150 151 152 153 154 155 156 157 158 159 160 162 163 165 167 169 170 172 173 174 176 179 180 182 183 184 185 186 187 188 191 193 194 196 197 198 202 203 207 209 211 212 214 215 216 217 218 219
24 145 153 154 155 156 167 168 169 176 177 179 186 187 188 190 191 194 195 196 199 202 207 210 217
46 145 146 147 148 149 150 152 156 157 159 162 163 166 168 171 172 173 174 175 176 177 178 180 182 184 186 189 190 191 192 193 195 198 199 200 201 205 206 209 210 212 214 215 217 218 219
35 145 146 152 155 156 157 158 159 161 162 165 166 167 168 169 171 172 173 175 179 182 187 188 190 193 197 198 200 201 206 210 211 213 216 217
36 145 149 150 153 155 157 159 162 165 166 167 168 169 171 175 178 180 182 183 185 186 187 190 192 193 196 197 198 202 204 212 215 216 217 218 219
35 145 147 151 153 155 158 162 164 166 168 171 172 173 176 177 179 184 186 190 192 195 196 197 198 200 203 206 207 210 211 213 215 216 217 219
32 145 147 155 159 161 162 163 164 168 169 172 176 177 178 179 185 186 190 195 197 199 201 202 203 205 206 207 210 211 212 213 219
40 144 146 149 150 152 153 154 155 157 158 159 160 161 163 164 167 171 173 176 178 179 180 181 183 184 185 189 190 191 194 195 201 203 205 210 213 214 216 217 218
42 144 146 150 151 154 156 157 158 160 162 163 164 165 166 167 168 170 171 173 174 175 176 179 185 189 191 195 196 197 200 202 205 206 207 208 209 212 213 216 217 218 219
29 149 152 154 156 160 162 163 164 165 166 174 175 179 180 184 185 189 191 193 194 195 197 207 209 211 212 213 215 217
32 145 146 147 148 150 151 153 157 161 164 168 169 170 172 173 174 178 179 181 183 184 188 189 191 192 193 200 202 203 211 212 214
39 144 146 147 151 156 160 161 162 165 167 168 169 172 174 176 177 178 180 181 182 184 190 193 194 195 196 197 200 201 203 204 205 206 207 209 212 213 214 219
47 144 147 148 149 150 152 154 155 156 157 158 160 162 163 166 168 169 173 174 175 176 178 179 180 181 182 185 186 187 189 190 192 193 198 200 201 202 203 204 205 208 209 211 213 215 216 217
28 144 145 149 150 157 158 160 162 164 167 177 179 180 185 190 191 192 193 194 197 200 204 206 209 212 214 215 216
49 144 145 146 148 149 150 152 153 155 158 161 162 163 164 165 166 167 168 169 170 171 174 175 176 179 180 181 182 187 188 189 190 191 193 194 195 198 200 202 204 206 208 209 210 211 212 213 218 219
47 144 145 147 149 151 152 153 154 159 162 163 164 165 166 171 172 174 175 176 178 179 180 181 182 183 187 189 190 192 193 195 196 197 198 201 204 205 208 209 210 211 212 213 214 215 216 217
34 144 146 148 150 151 152 153 154 155 157 160 161 162 165 167 169 170 173 174 175 178 188 189 190 191 194 195 197 198 201 203 214 216 217
36 144 147 148 150 151 152 159 165 166 170 171 172 173 174 175 177 178 180 181 183 184 185 186 187 188 189 195 199 201 202 203 207 209 211 217 219
52 144 146 147 148 149 150 151 152 154 155 156 158 159 160 161 162 164 165 166 168 169 174 176 177 178 181 182 184 186 187 188 189 190 191 194 195 196 197 198 199 200 201 203 205 206 207 208 209 210 211 214 219
29 153 156 157 158 159 160 161 162 168 169 175 176 178 179 180 182 186 188 191 192 195 196 197 202 208 212 214 216 218
49 145 147 148 151 153 154 155 156 157 158 159 160 162 164 165 166 168 170 171 172 174 175 176 179 181 183 184 186 188 189 190 191 192 195 196 197 201 203 205 206 208 209 210 212 213 214 216 217 218
35 145 147 149 150 152 154 155 158 161 162 168 169 171 172 179 180 182 183 185 186 187 189 190 191 194 199 201 203 204 206 210 211 212 215 216
27 144 146 147 155 158 160 161 165 166 174 177 184 185 187 193 194 195 196 200 205 206 207 208 211 214 215 216
43 145 146 148 150 153 154 157 160 161 162 165 166 171 173 175 177 179 180 182 185 186 187 188 189 190 192 195 196 198 199 201 202 203 204 205 206 209 210 211 214 215 216 219
52 145 147 148 149 150 152 153 154 155 156 159 162 163 164 165 166 169 170 171 172 173 174 177 178 179 180 181 182 183 184 186 187 188 189 190 191 193 194 195 196 197 198 201 202 203 209 211 212 214 215 216 219
37 144 146 150 163 164 165 166 167 169 170 171 172 173 174 176 178 179 180 184 186 191 192 193 195 196 197 199 200 201 202 203 205 206 208 211 214 216
29 146 149 151 152 157 158 163 164 165 168 171 172 181 182 183 188 194 198 200 202 204 207 208 209 213 215 217 218 219
52 144 145 146 147 148 150 151 152 153 154 155 156 157 158 159 160 161 162 163 164 165 168 170 173 177 179 180 182 183 184 185 187 188 190 191 193 194 196 197 198 200 201 204 206 207 208 211 212 213 214 216 219
36 144 146 147 149 150 153 154 157 158 159 161 162 163 164 167 170 173 174 179 180 182 183 186 190 194 195 196 198 199 200 208 209 210 213 217 218
46 146 148 150 151 152 154 156 157 159 161 162 163 164 166 168 169 172 173 175 176 177 178 182 184 185 188 189 190 191 195 196 198 199 200 201 204 205 206 207 209 210 211 214 215 218 219
42 144 145 147 148 149 150 154 156 159 160 162 163 164 165 167 168 169 172 174 176 177 178 183 186 187 190 193 194 195 197 199 200 201 202 204 206 207 208 211 212 217 219
36 147 148 149 150 151 152 153 154 155 160 161 169 171 173 174 176 179 181 182 183 184 185 187 188 189 192 193 197 199 201 202 210 212 216 217 218
47 149 153 155 156 159 160 162 164 165 167 168 169 170 173 174 175 176 177 180 181 182 184 187 188 189 191 192 193 194 195 196 197 198 200 201 202 203 204 205 208 209 211 212 214 215 217 219
50 144 147 148 150 151 153 154 155 157 158 161 163 164 165 166 167 169 171 172 173 175 176 177 178 179 180 182 183 184 185 186 188 189 190 192 193 195 197 199 203 205 206 207 208 210 213 214 215 216 217
26 144 145 146 147 151 153 157 159 160 164 165 166 167 170 172 173 177 184 186 187 188 211 212 213 214 219
27 144 145 147 148 154 157 158 160 165 175 177 180 183 184 185 188 190 192 197 198 206 207 210 212 216 217 218
27 144 146 154 156 158 165 168 169 173 174 176 179 182 183 188 193 197 202 203 204 207 208 210 211 214 217 218
31 144 145 147 148 151 153 156 158 161 164 165 172 174 175 176 177 178 180 182 183 185 191 192 196 201 204 207 208 212 214 215
52 145 147 148 149 151 154 155 157 159 160 161 162 163 164 167 168 169 170 171 173 174 175 178 179 180 181 182 183 184 185 186 187 189 190 191 192 197 198 199 201 203 204 205 206 207 209 211 212 215 216 218 219
49 145 147 148 149 151 152 153 155 156 157 158 159 160 161 162 163 164 169 170 172 175 176 178 181 183 184 185 188 189 191 192 193 194 197 199 200 201 203 206 208 209 210 211 213 214 216 217 218 219
39 145 147 148 151 152 153 154 155 160 161 162 163 166 170 171 173 175 176 178 180 181 183 184 186 187 189 193 195 197 198 199 200 205 207 210 211 213 214 215
39 145 146 149 150 156 157 158 161 162 163 164 166 168 170 172 174 177 179 182 183 187 188 189 192 194 195 198 200 204 205 207 208 209 210 212 213 216 217 219
51 145 146 147 148 151 152 154 155 157 159 161 164 166 167 168 170 171 172 173 174 175 176 177 178 181 183 184 186 188 191 192 193 196 198 200 201 202 203 204 205 206 207 209 210 211 212 213 214 216 217 218
42 144 146 147 148 149 150 154 157 159 161 162 165 166 167 169 170 171 173 178 179 184 185 187 189 191 193 195 196 197 199 200 203 205 207 208 209 211 212 213 214 216 217
24 145 146 148 149 152 158 163 164 166 170 174 182 186 194 196 201 202 208 209 210 214 215 216 217
40 144 145 148 149 150 152 156 158 159 161 166 169 170 171 175 178 179 180 181 182 184 189 191 192 195 196 197 198 199 202 203 204 207 210 211 213 214 215 216 217
46 145 146 148 149 150 153 154 155 156 157 158 160 161 162 164 165 166 170 172 175 177 179 181 183 184 185 186 187 192 193 196 197 198 201 202 203 205 206 207 208 209 213 214 215 216 219
23 146 151 152 160 161 164 166 168 169 181 183 186 188 194 196 197 198 200 202 204 211 213 217
45 145 146 147 149 150 151 155 158 159 164 165 168 172 173 174 175 177 178 182 183 184 185 187 188 189 191 192 193 194 195 197 200 202 204 205 206 207 209 210 211 212 213 215 217 218
25 145 146 149 152 153 154 156 158 159 165 169 173 174 175 179 185 187 192 197 200 201 202 210 217 218
34 145 147 148 151 152 154 156 157 160 162 163 168 171 172 174 176 177 179 180 184 185 187 188 192 193 195 196 197 198 203 204 206 207 213
27 146 147 149 153 155 156 159 161 164 168 169 176 178 179 180 181 184 185 192 197 198 199 210 211 213 214 218
42 146 148 149 151 153 154 157 158 159 161 163 164 166 167 168 173 174 175 176 177 178 180 182 183 185 187 189 191 194 196 197 198 200 201 203 205 206 208 209 210 217 219
43 144 145 148 150 151 152 153 155 156 159 160 162 163 165 168 169 170 173 175 180 186 187 188 189 190 191 193 194 195 197 199 200 201 202 203 205 208 209 210 212 214 215 219
31 145 147 150 152 153 157 162 175 176 177 178 180 181 183 185 188 189 190 191 192 193 196 197 198 201 204 206 207 210 212 214
27 144 146 152 154 155 157 158 164 170 172 177 185 187 192 193 196 197 198 203 204 205 206 209 214 215 218 219
