179 1317
25 1 2 3 4 5 6 7 8 9 10 11 12 13 14 15 16 17 18 19 20 21 22 23 24 25
10 1 2 6 9 10 11 14 15 18 22
16 1 2 3 4 5 6 9 12 13 14 15 17 18 19 21 25
11 3 6 7 9 11 14 15 17 20 22 25
10 2 6 8 11 12 14 15 16 17 21
13 2 5 7 8 9 10 13 14 19 20 21 23 25
9 3 6 9 13 18 20 22 23 25
11 9 10 11 12 14 17 18 19 20 21 24
13 2 7 9 10 12 13 15 18 20 21 22 23 24
9 4 10 11 15 18 19 21 23 24
9 1 5 7 14 15 16 19 20 24
13 1 5 10 12 13 14 15 17 19 21 22 23 25
15 1 2 4 8 10 13 15 16 18 19 20 21 22 23 24
7 2 11 12 14 20 22 25
12 3 6 9 10 12 13 15 17 18 22 24 25
12 3 5 7 8 9 11 12 16 17 19 20 22
9 1 4 5 11 12 14 16 21 23
17 2 3 4 6 9 10 12 14 15 16 17 18 21 22 23 24 25
11 7 10 11 12 13 14 20 21 23 24 25
19 2 3 4 5 6 7 8 9 12 14 15 16 17 18 20 21 22 24 25
14 1 3 5 7 8 9 10 11 13 15 16 18 20 24
14 1 4 5 7 10 12 13 14 16 18 19 20 23 24
16 1 2 5 6 7 11 12 13 14 15 16 17 18 19 20 24
13 1 3 4 6 9 12 14 16 17 19 21 22 23
15 1 2 3 7 8 9 10 12 13 15 19 20 21 24 25
18 1 3 4 5 6 7 8 11 12 13 16 17 18 19 21 23 24 25
13 1 2 3 5 7 8 9 10 13 14 16 21 23
12 1 3 9 11 12 13 17 18 21 22 23 24
10 6 10 11 12 15 16 17 18 19 23
8 1 8 13 14 16 17 21 24
16 2 5 8 9 10 11 12 13 16 19 20 21 22 23 24 25
17 1 3 4 5 7 9 10 11 15 16 17 18 19 20 22 24 25
17 1 2 3 4 6 9 10 14 15 16 17 18 19 22 23 24 25
12 1 2 4 6 7 9 12 14 15 18 21 25
9 1 5 6 8 10 11 20 22 25
9 2 3 11 12 13 16 19 24 25
13 3 4 5 7 8 10 11 14 17 20 22 24 25
13 2 4 5 7 8 10 12 14 15 16 18 20 21
14 1 3 5 6 8 9 11 12 13 16 17 21 22 23
14 2 3 4 6 7 9 10 16 18 20 21 23 24 25
7 4 5 7 9 13 14 23
12 1 9 10 12 14 15 16 17 18 20 21 23
12 2 5 6 8 11 12 15 16 19 20 21 25
13 5 6 7 8 9 10 12 13 14 15 18 19 25
12 1 2 3 4 5 7 8 11 12 16 22 23
19 2 4 5 6 7 8 9 10 11 12 13 14 16 18 19 20 21 24 25
12 1 2 3 4 5 6 7 9 16 19 22 24
8 5 6 9 12 13 18 20 24
7 1 5 11 17 18 20 25
17 2 5 6 7 8 9 10 11 12 14 15 16 17 18 22 23 25
9 1 5 7 8 20 22 23 24 25
8 1 3 5 8 16 20 24 25
7 1 7 11 13 14 15 16
13 4 5 11 12 13 14 15 16 17 18 22 24 25
15 2 5 7 8 9 11 12 14 15 16 18 19 20 21 24
19 1 2 3 6 8 10 11 12 13 15 17 18 19 20 21 22 23 24 25
18 1 2 3 7 9 10 11 13 14 16 17 18 19 20 21 22 23 25
19 1 2 3 4 5 7 8 9 11 12 15 16 17 18 19 20 21 23 25
8 2 3 6 11 13 18 19 21
8 3 4 6 10 12 18 19 25
16 1 3 4 5 6 7 8 9 10 12 14 20 21 22 23 25
14 1 3 5 6 7 8 9 11 12 13 17 18 19 20
8 1 7 8 11 15 18 20 22
10 2 13 15 16 17 18 19 20 21 25
9 6 7 9 12 13 18 19 20 24
18 2 3 4 6 7 8 9 11 12 13 14 17 18 21 22 23 24 25
17 1 2 3 4 6 7 8 9 10 14 15 16 17 19 20 22 25
16 4 5 7 8 10 11 12 14 15 18 19 20 21 22 23 24
16 1 2 3 5 6 7 9 10 12 13 16 19 20 21 23 24
11 1 3 5 9 11 15 17 18 21 23 25
35 26 27 28 29 30 31 32 33 34 35 36 37 38 39 40 41 42 43 44 45 46 47 48 49 50 51 52 53 54 55 56 57 58 59 60
20 26 27 28 30 32 33 37 38 39 42 43 44 45 47 51 52 53 54 57 59
26 26 27 28 32 33 35 36 37 38 40 41 42 43 45 47 48 49 50 51 52 54 55 56 57 59 60
21 26 28 29 31 32 33 34 35 36 37 40 43 47 48 50 51 52 53 55 57 59
14 27 33 35 38 41 45 46 47 49 52 56 57 58 59
23 26 28 29 30 31 32 33 38 39 40 41 43 44 46 47 48 49 50 53 54 55 57 60
17 26 27 28 29 31 38 40 44 45 46 47 48 49 53 55 57 58
25 27 28 29 30 32 34 35 36 37 39 40 42 44 45 46 48 49 50 51 52 54 55 58 59 60
13 26 27 31 32 33 35 45 48 50 51 58 59 60
17 27 29 30 31 32 33 35 42 44 47 48 51 54 55 56 57 58
20 26 27 30 31 33 35 36 39 41 43 44 47 48 49 51 53 54 55 59 60
21 26 29 30 31 33 34 38 40 41 42 43 44 45 47 51 52 53 54 56 58 60
15 26 32 33 39 41 46 47 52 53 54 55 56 58 59 60
26 26 29 31 32 35 36 37 38 39 40 41 42 44 46 47 49 50 51 52 53 54 55 56 57 58 59
17 28 29 33 34 36 37 41 44 45 48 50 52 53 54 55 57 60
24 28 29 31 32 33 35 36 37 38 39 40 41 42 43 44 45 47 49 50 52 54 55 56 60
19 28 30 31 32 36 38 39 41 42 43 44 45 48 49 51 55 56 59 60
20 28 30 31 33 34 38 44 47 48 49 50 51 52 53 54 55 57 58 59 60
23 27 28 29 33 34 35 38 40 41 42 43 44 45 46 48 49 50 51 53 54 56 58 59
12 27 32 33 35 36 39 40 41 47 51 56 58
23 26 27 28 30 31 32 33 36 38 40 41 42 43 44 45 46 47 49 50 51 56 58 60
12 28 30 38 41 43 47 48 51 53 56 57 58
20 26 28 29 30 33 36 37 38 39 41 42 45 46 48 49 53 55 56 57 60
22 29 30 31 32 33 34 35 36 37 38 39 40 41 46 48 49 51 52 56 58 59 60
15 26 29 32 34 35 40 41 45 48 49 54 55 57 58 60
15 29 31 34 35 38 41 43 44 46 47 50 51 52 55 57
15 26 30 33 39 43 44 45 47 50 51 52 55 56 58 59
11 27 30 32 33 38 42 47 49 54 57 60
22 26 27 28 29 30 35 36 40 41 42 43 44 46 49 50 51 52 53 56 58 59 60
19 26 27 29 31 33 35 36 37 40 41 44 47 49 50 53 56 57 58 60
17 29 32 33 34 37 38 40 42 44 47 50 51 52 54 55 56 58
23 26 27 28 29 32 36 37 38 40 41 43 44 45 46 50 51 52 55 56 57 58 59 60
20 26 27 29 30 32 33 35 37 38 39 40 42 44 45 50 51 52 54 55 57
20 26 29 31 32 33 34 36 37 38 40 44 46 48 49 50 52 54 55 56 59
15 27 28 31 32 36 38 39 43 49 51 55 56 57 58 59
16 27 28 29 30 31 32 33 34 37 41 42 48 51 53 55 60
19 26 28 29 31 34 35 36 38 43 46 47 50 51 53 55 56 57 58 59
19 28 32 33 34 36 38 39 42 45 46 47 48 49 52 53 56 57 58 60
18 27 29 34 36 37 38 42 43 44 45 46 50 51 52 53 54 55 57
22 26 27 28 31 32 33 34 37 38 40 41 42 45 48 50 51 52 53 54 55 56 58
17 31 32 36 37 38 39 40 42 43 44 45 51 52 53 56 57 58
10 26 28 32 36 41 48 50 52 55 60
14 26 37 39 40 41 43 48 49 50 53 54 56 57 59
14 29 31 33 34 36 38 39 42 45 52 53 54 55 58
26 26 27 29 30 31 32 33 36 37 38 39 42 43 44 45 48 49 51 52 53 54 55 56 57 59 60
19 26 28 33 36 37 39 40 41 42 44 45 46 48 52 54 57 58 59 60
20 26 27 28 30 31 33 34 36 37 40 42 44 47 49 50 51 52 53 55 58
19 27 29 34 36 39 40 41 42 43 44 46 47 49 52 53 54 55 56 57
19 28 33 34 36 37 38 41 43 44 46 49 51 52 53 54 55 57 58 59
19 30 32 33 34 35 37 40 42 46 48 51 53 54 55 56 57 58 59 60
15 27 28 35 38 39 41 45 48 51 52 54 55 57 58 59
11 29 34 38 39 41 42 43 45 46 54 59
18 26 28 30 34 36 40 41 43 46 47 49 51 52 54 56 58 59 60
20 29 31 32 34 35 36 37 38 39 41 42 44 45 49 50 52 54 57 59 60
22 26 27 28 29 31 32 33 36 38 41 42 45 47 48 49 51 54 55 56 58 59 60
19 26 27 28 30 31 32 33 34 37 38 41 43 45 49 53 55 58 59 60
23 29 30 32 33 34 35 37 38 40 42 43 44 45 46 47 48 51 52 53 54 57 58 59
21 28 29 30 32 33 34 36 37 38 39 41 42 45 47 49 51 52 53 57 58 59
14 27 28 30 32 35 39 42 43 45 46 51 57 58 59
22 26 28 29 30 31 32 35 36 38 39 41 44 45 48 50 52 53 55 56 57 58 60
27 26 27 28 29 31 32 34 35 36 37 38 39 41 42 43 44 46 47 48 50 53 54 55 56 57 59 60
20 26 29 33 34 35 36 37 38 39 40 42 43 45 47 49 53 54 56 58 60
16 26 32 33 35 36 37 39 43 44 45 49 50 51 53 54 58
23 26 27 28 30 31 32 33 35 37 41 42 44 45 46 47 48 49 50 52 53 54 57 60
21 28 30 32 33 35 36 37 38 39 40 43 44 45 48 50 51 52 53 56 58 59
16 27 30 35 37 38 41 44 46 48 49 50 51 52 54 59 60
12 26 28 30 34 36 37 38 44 49 50 53 54
16 28 29 31 34 37 38 39 41 43 44 48 49 51 58 59 60
16 26 28 30 31 32 33 39 42 44 46 48 49 51 52 56 59
14 27 33 35 38 40 41 42 45 46 51 53 58 59 60
73 61 62 63 64 65 66 67 68 69 70 71 72 73 74 75 76 77 78 79 80 81 82 83 84 85 86 87 88 89 90 91 92 93 94 95 96 97 98 99 100 101 102 103 104 105 106 107 108 109 110 111 112 113 114 115 116 117 118 119 120 121 122 123 124 125 126 127 128 129 130 131 132 133
31 64 66 68 69 73 77 79 81 84 85 87 88 91 94 100 101 104 109 110 111 116 117 118 120 122 123 124 125 128 130 132
42 61 63 65 66 67 68 70 71 73 74 78 82 85 86 90 91 92 93 95 96 99 100 102 104 105 108 109 110 111 112 113 117 118 119 120 121 123 125 127 128 129 130
44 61 63 64 67 68 69 71 72 74 75 78 79 83 85 88 89 90 92 94 95 96 97 98 99 100 101 102 104 105 108 109 111 112 113 116 118 120 121 122 123 125 128 130 133
37 64 65 66 67 68 71 72 75 76 77 79 83 84 86 87 89 90 91 92 93 96 100 101 103 104 107 108 109 110 111 112 113 116 118 123 126 127
34 61 69 70 71 72 74 76 77 78 80 81 82 83 84 85 87 88 89 90 93 97 99 101 104 109 115 118 120 125 127 128 129 131 132
37 62 63 64 65 67 69 70 71 73 74 75 76 77 78 80 83 89 90 91 92 94 95 98 99 102 108 109 112 114 116 119 120 122 124 126 127 128
40 63 64 65 70 71 73 74 75 79 80 81 83 84 85 86 87 90 91 92 93 94 96 99 100 101 102 103 104 105 110 112 116 119 121 122 123 126 129 131 132
36 62 67 69 71 75 76 80 82 84 87 88 89 90 91 92 93 94 96 99 101 102 103 105 107 108 109 113 116 119 122 123 124 128 129 130 131
31 61 63 64 65 67 69 72 74 75 78 79 80 83 85 89 91 92 94 96 97 100 105 107 108 113 120 123 124 127 128 129
30 61 63 65 67 71 76 78 81 83 84 85 86 87 89 90 95 97 101 104 110 119 120 121 125 126 127 130 131 132 133
31 63 65 68 70 71 75 78 79 81 83 84 85 86 87 88 89 90 92 96 98 99 103 104 109 110 114 119 122 124 128 129
23 66 67 71 72 73 74 75 78 79 80 87 94 106 108 109 111 115 116 118 120 122 128 132
37 61 65 66 69 70 71 73 74 76 77 80 81 82 84 86 87 90 92 93 94 95 96 98 99 102 105 108 113 114 115 116 118 119 122 129 130 132
34 61 62 63 64 66 70 71 72 73 79 82 83 92 93 96 102 103 104 108 109 112 115 116 118 119 120 121 124 127 128 129 130 131 132
43 62 63 64 65 67 68 69 74 75 79 82 83 85 88 89 90 91 92 93 94 95 96 99 100 102 104 105 106 107 109 110 111 115 122 123 124 125 126 127 129 130 131 132
52 61 62 64 66 67 68 69 70 71 72 73 74 75 77 78 79 80 81 82 83 86 88 89 92 93 94 95 96 97 98 100 101 102 103 104 107 108 110 111 113 115 117 118 120 121 122 124 126 128 130 131 133
24 63 65 67 68 69 70 71 73 85 90 94 98 100 103 108 109 115 120 122 124 125 127 128 130
41 61 62 64 68 72 73 74 75 76 77 78 80 82 83 84 85 88 89 90 91 95 99 102 104 106 108 111 112 113 114 115 116 117 119 122 124 125 126 127 131 132
39 61 64 65 66 69 71 74 75 81 83 84 85 87 89 91 94 95 96 100 101 105 106 108 110 111 112 113 114 117 120 122 123 124 125 126 128 129 130 132
42 61 62 63 64 66 68 69 70 74 75 77 78 79 80 84 85 86 89 90 91 93 94 99 100 102 103 107 109 111 112 116 117 118 120 121 122 124 126 127 128 131 133
34 63 67 68 69 70 71 72 73 76 77 79 80 82 83 85 86 87 88 96 97 101 102 104 105 108 110 113 115 116 118 119 120 128 133
45 62 63 64 65 66 68 69 71 72 73 75 76 78 79 81 82 84 86 87 88 92 93 94 96 98 99 100 104 105 107 108 109 110 112 113 115 116 117 118 121 123 124 126 128 130
56 61 62 63 64 65 66 68 69 70 71 72 73 75 76 78 81 82 84 85 86 87 88 89 90 91 92 93 94 95 96 97 98 99 101 103 104 105 107 108 109 110 112 113 115 116 117 118 119 120 122 123 124 128 129 130 132
56 61 62 63 64 65 66 70 71 72 73 75 77 79 80 81 82 83 85 86 88 89 92 93 94 95 96 100 101 102 103 104 105 106 107 108 109 110 112 113 114 116 117 118 119 121 122 123 124 125 126 127 128 129 130 131 133
48 62 63 65 66 68 70 71 73 76 77 79 80 81 82 83 84 86 88 89 91 93 94 95 97 99 101 102 104 105 106 108 109 110 111 113 114 116 117 118 119 120 122 123 125 126 127 128 130
57 62 63 65 66 68 69 71 72 73 75 76 77 78 79 80 81 83 84 86 87 88 89 90 91 92 93 95 96 97 100 102 103 104 105 106 107 108 109 110 112 114 115 116 117 118 119 121 122 123 124 125 127 128 129 130 131 133
56 61 62 63 64 65 66 68 69 70 71 72 73 74 77 78 80 81 83 84 86 87 88 89 91 92 95 96 97 98 100 102 103 104 105 106 107 108 110 111 112 113 114 116 119 120 121 122 124 125 126 127 128 129 130 131 132
45 62 63 64 65 67 72 74 75 76 77 78 80 81 82 84 85 88 89 90 91 93 94 95 96 98 99 100 102 103 104 105 108 110 112 114 115 119 121 122 123 124 126 127 128 131
47 61 62 63 65 66 67 69 70 71 72 73 74 76 78 79 81 83 85 86 88 90 92 93 94 95 96 97 98 99 100 101 103 106 107 110 115 116 117 118 121 122 124 126 129 130 131 133
57 61 62 63 64 65 67 70 71 72 73 74 76 77 78 80 81 82 83 84 85 86 87 88 89 90 91 92 93 94 95 96 97 99 102 103 104 108 109 110 112 113 114 115 117 118 119 121 122 123 124 125 126 127 130 131 132 133
31 61 62 65 67 69 70 73 78 81 82 83 88 89 92 94 99 103 104 105 108 109 110 113 116 117 118 121 123 125 126 129
55 61 62 63 64 65 66 67 69 70 73 76 77 78 79 81 82 83 84 85 86 87 88 89 90 93 94 95 97 98 101 102 103 105 109 110 111 112 114 115 116 117 119 121 122 123 124 125 126 127 128 129 130 131 132 133
33 62 65 66 69 72 73 79 80 81 83 86 88 94 97 100 101 102 103 107 108 109 111 112 115 117 119 121 122 124 126 129 131 133
23 62 63 65 69 70 75 79 80 83 92 94 97 99 104 105 109 110 117 118 119 120 127 132
33 64 66 67 69 74 75 76 77 80 87 88 91 92 94 96 97 99 100 101 102 103 106 109 111 113 115 118 119 120 123 124 130 133
56 61 63 64 65 66 67 69 71 72 73 74 76 77 78 79 82 84 85 87 89 90 91 92 93 94 95 96 97 98 99 100 101 102 103 105 106 108 111 113 114 116 117 118 119 120 121 122 123 124 126 127 128 130 131 132 133
51 61 62 63 65 67 69 71 72 73 76 77 78 80 82 83 84 85 87 88 89 93 94 95 96 97 98 99 100 101 102 103 104 106 107 108 109 110 111 114 115 116 117 118 119 120 121 122 129 130 131 133
48 62 63 64 65 66 68 69 72 73 74 75 78 79 81 83 84 86 87 88 90 91 93 96 97 98 101 106 107 108 109 110 112 113 115 116 117 118 119 120 121 123 124 125 127 129 130 132 133
48 61 63 65 66 67 68 69 70 71 73 74 75 76 78 79 80 81 82 85 86 90 91 94 95 96 98 99 100 101 105 106 107 108 110 112 113 115 116 118 120 121 122 124 126 127 128 129 132
30 63 69 70 73 75 76 78 82 83 90 93 95 99 103 104 108 109 110 111 112 113 119 120 122 123 124 125 127 129 130
22 63 64 65 74 80 81 89 91 93 97 100 102 107 108 110 113 117 120 122 126 130 132
35 61 62 64 65 68 69 70 72 74 76 77 78 79 80 81 87 89 90 93 96 99 102 105 111 112 114 118 119 124 126 127 128 130 132 133
56 61 62 63 64 65 66 67 68 69 71 72 73 74 75 77 78 79 80 82 84 86 87 88 89 90 91 92 93 94 95 98 99 101 103 106 107 109 111 113 114 115 116 117 118 119 120 122 123 124 125 127 128 129 130 132 133
41 61 62 64 65 70 74 75 76 77 79 81 82 83 89 91 92 93 94 96 99 101 102 103 105 106 108 110 111 113 114 117 120 121 123 124 127 128 129 130 131 133
48 61 62 63 65 66 67 73 74 76 77 78 79 80 81 82 84 85 87 91 92 93 95 96 97 98 100 102 103 104 105 106 107 109 110 113 116 117 118 119 121 122 124 125 126 128 129 130 133
46 61 62 64 65 66 67 68 71 72 73 74 75 76 77 80 84 85 86 87 88 89 91 92 94 95 96 98 99 101 105 109 110 111 112 114 115 117 119 122 123 124 126 127 128 129 130
33 63 64 66 67 70 72 73 74 75 83 84 86 87 90 93 95 96 97 100 103 107 108 109 110 111 112 113 115 117 126 128 130 132
55 61 63 64 66 68 69 70 71 72 73 74 75 77 78 79 81 85 86 87 88 89 90 91 92 93 94 95 96 97 99 100 103 104 105 107 108 109 110 111 112 116 117 118 119 120 121 123 124 125 126 127 129 130 132 133
22 63 72 76 80 87 96 101 102 103 106 109 111 114 117 121 123 124 126 127 128 131 132
46 61 62 64 65 68 71 72 73 74 75 77 78 80 81 82 84 85 87 88 89 90 92 95 97 98 99 100 102 103 104 105 106 107 108 109 110 112 115 116 118 119 120 121 122 123 131
31 61 62 64 65 68 69 70 72 77 81 85 87 92 94 97 98 100 101 102 106 109 111 112 113 114 116 121 124 127 128 129
22 65 66 73 74 81 87 89 90 92 95 96 97 99 101 105 109 114 115 117 120 121 122
27 65 68 70 72 73 79 85 86 88 91 96 100 101 102 103 104 106 107 108 110 111 116 119 120 121 123 131
48 61 62 63 64 65 67 69 70 72 76 78 79 80 81 82 84 88 90 92 93 95 97 98 100 101 102 104 105 106 107 108 109 110 113 114 116 117 118 121 123 125 126 127 128 129 130 131 132
53 61 62 63 65 66 67 68 70 71 73 74 77 78 79 80 81 82 83 84 85 86 89 90 91 92 94 95 96 97 98 101 102 103 105 106 107 108 109 111 112 113 114 115 116 117 118 120 122 123 125 127 132 133
46 61 62 63 65 67 69 72 73 74 76 78 79 80 81 82 85 88 90 91 92 93 94 95 98 99 100 102 103 104 111 112 113 114 115 118 120 121 123 124 125 127 128 129 130 131 133
43 62 63 64 65 67 73 76 77 79 80 81 84 87 88 91 93 95 96 97 99 100 101 102 103 106 108 109 111 112 113 114 115 116 118 119 123 124 125 126 128 131 132 133
52 62 63 64 65 66 67 68 69 70 71 72 74 75 76 77 78 81 82 83 84 85 86 87 88 90 91 92 95 96 97 98 99 103 105 107 108 110 111 112 113 114 115 116 118 121 123 124 125 127 128 131 132
40 61 62 63 64 65 66 67 68 69 70 81 83 84 88 90 91 96 97 101 102 104 105 106 107 109 110 112 114 116 117 118 119 120 121 122 124 125 126 127 129
45 61 62 63 64 66 69 71 74 75 76 77 78 83 85 86 88 89 91 92 93 94 95 96 97 98 101 102 104 106 111 113 114 115 116 117 119 120 121 123 127 128 129 130 131 133
36 61 62 65 66 69 70 72 73 75 76 78 79 80 82 83 85 86 87 89 90 93 95 99 103 104 106 108 116 117 118 124 125 127 129 132 133
32 62 63 64 65 66 67 69 70 71 72 77 79 81 86 87 97 98 99 100 102 105 106 108 109 111 112 120 122 124 125 127 132
24 61 62 63 64 65 69 70 71 73 76 82 89 97 101 102 106 111 114 116 121 123 127 130 132
47 61 62 64 66 68 69 70 71 72 73 75 76 78 79 80 84 89 90 92 94 95 96 97 98 99 102 103 104 105 106 107 109 110 112 113 115 117 122 123 124 125 126 127 128 129 131 132
51 61 62 63 65 66 67 69 72 73 74 76 77 81 82 83 85 86 87 88 90 91 95 97 98 99 100 101 102 103 106 107 108 110 112 113 114 116 117 118 119 120 121 122 123 124 127 129 130 131 132 133
48 64 65 66 68 70 72 73 74 75 76 77 78 79 80 82 83 85 86 88 90 92 94 95 96 99 102 103 104 105 107 108 110 111 113 114 115 117 121 122 123 124 125 126 128 129 131 132 133
56 61 63 66 69 70 71 72 73 74 75 76 77 79 81 83 84 85 87 88 89 90 91 92 93 94 95 96 99 100 101 102 104 105 107 108 109 110 111 112 113 114 115 116 117 118 119 122 123 124 125 126 128 130 131 132 133
38 61 62 69 70 72 73 74 76 77 78 79 80 82 84 86 87 92 95 96 102 103 105 108 112 113 116 117 118 119 120 121 122 123 124 126 131 132 133
46 61 62 64 68 71 72 74 75 76 77 78 79 80 81 84 85 86 87 88 90 94 95 96 97 98 99 102 103 104 105 106 107 109 112 114 115 120 121 124 125 126 127 129 130 132 133
25 62 64 65 68 69 70 71 76 79 82 88 99 100 103 108 112 119 122 123 125 127 128 131 132 133
28 66 67 72 73 75 77 79 80 84 86 87 91 93 97 98 100 102 103 105 106 108 111 116 126 127 128 131 133
48 61 62 65 66 67 68 69 70 71 73 74 79 81 82 83 84 86 87 90 91 94 95 96 97 98 99 100 102 104 105 109 110 111 112 113 114 115 119 120 121 122 124 125 126 127 131 132 133
32 61 62 64 65 66 67 74 75 76 80 83 86 92 93 96 99 100 101 103 105 110 112 115 116 117 118 121 124 128 129 130 132
31 64 65 67 69 70 71 72 74 75 77 81 82 83 84 85 92 94 95 96 99 102 104 107 114 115 120 121 123 130 131 133
55 61 63 64 65 68 69 70 71 72 73 75 76 77 80 81 82 83 84 85 87 88 89 90 91 92 95 96 97 98 99 101 103 104 105 107 108 109 111 113 114 115 116 117 118 119 120 124 125 126 127 128 129 130 131 132
42 61 63 64 65 66 68 70 71 73 74 75 76 77 78 80 82 83 84 86 87 89 90 91 94 95 99 100 101 102 104 108 109 115 116 118 119 120 121 124 126 128 131
24 61 62 67 70 74 75 77 78 81 85 87 92 96 100 104 105 106 110 113 120 122 126 130 133
48 61 62 64 65 66 68 69 70 71 72 73 75 77 78 79 81 82 83 84 85 86 87 90 91 93 94 95 96 98 100 101 102 103 104 106 113 114 116 118 119 121 122 123 124 125 129 131 132
29 61 66 69 73 74 75 76 78 79 81 82 86 87 88 92 93 101 103 104 105 106 108 111 117 119 120 124 127 133
55 62 64 65 66 67 68 69 72 74 75 78 79 80 81 82 83 84 85 86 88 89 90 91 92 93 95 96 98 99 100 103 105 106 107 108 109 110 111 112 113 114 115 117 118 120 121 123 124 125 126 127 128 130 131 133
44 62 63 65 66 68 70 72 74 75 77 78 79 80 83 84 85 86 91 92 93 94 97 98 99 100 101 104 106 107 110 111 113 114 118 120 121 122 123 126 127 128 130 131 132
53 61 62 65 66 68 70 71 72 73 74 75 77 78 83 84 85 87 89 90 91 92 95 96 97 98 99 101 102 103 105 106 107 108 109 110 111 112 113 114 115 116 117 118 119 120 121 123 124 125 126 128 131 132
30 61 63 64 65 69 70 73 76 79 80 88 90 91 92 96 99 103 104 105 106 107 109 110 111 112 126 127 129 130 132
47 61 62 63 64 65 66 68 69 70 72 74 79 80 81 83 84 85 86 88 90 94 95 97 99 100 101 103 104 105 107 108 110 113 114 115 117 118 120 121 122 123 124 126 127 129 130 131
29 61 63 67 68 70 74 77 78 79 80 83 86 87 89 98 100 102 103 104 105 107 108 113 117 123 125 126 127 130
47 61 62 63 65 66 68 69 70 71 72 73 74 75 76 77 80 81 82 83 84 86 87 88 89 91 94 96 97 98 99 100 101 104 106 108 110 111 112 117 119 121 125 126 127 128 132 133
52 61 62 63 64 66 67 69 70 71 72 73 76 78 79 80 81 82 84 85 88 90 92 93 94 96 99 100 101 102 104 106 107 108 109 110 111 112 114 115 116 117 118 119 120 121 122 126 127 130 131 132 133
27 61 66 68 70 77 78 80 84 85 86 87 88 95 98 100 101 105 110 118 119 121 122 123 127 128 131 133
32 61 62 65 66 69 72 73 74 80 82 89 90 91 95 98 99 100 102 104 105 106 108 111 114 115 120 121 122 125 129 130 131
23 63 64 66 68 69 78 81 83 84 86 88 91 99 106 109 112 113 114 116 126 130 132 133
44 62 63 64 66 67 68 69 71 73 74 75 77 78 79 80 81 84 85 86 87 89 90 91 92 94 95 97 98 100 101 103 107 109 110 111 112 115 119 121 122 123 127 129 130
41 61 62 63 65 66 67 68 70 72 73 75 77 78 80 81 83 84 85 87 93 96 97 100 102 104 106 112 115 116 117 118 119 121 122 124 126 127 129 130 131 132
49 62 63 64 65 66 67 68 70 71 73 74 75 76 79 80 81 82 83 88 89 90 91 92 94 96 97 98 104 106 107 108 110 111 112 113 116 117 119 121 122 123 124 125 126 127 128 129 130 133
6 135 136 142 147 153 154
3 138 152 156
7 139 141 144 146 148 154 155
8 134 137 140 142 145 149 155 156
4 142 149 152 156
6 139 143 145 147 149 150
8 134 135 137 141 144 146 154 155
7 134 135 136 137 142 143 149
6 135 136 141 142 145 154
13 134 137 138 139 140 143 144 146 148 150 151 152 157
10 134 135 136 137 138 139 142 145 146 154
7 134 135 142 146 151 152 157
12 135 136 137 138 140 141 144 145 146 147 154 156
3 143 149 153
12 137 138 139 140 141 142 145 146 148 153 154 155
9 134 138 140 146 147 149 151 155 156
5 137 139 141 147 151
9 134 136 143 145 146 149 152 153 155
7 140 141 142 146 148 155 157
6 138 140 147 148 149 156
14 135 136 140 141 142 144 145 146 147 148 149 151 152 157
16 134 135 136 138 139 141 143 145 148 149 150 151 152 154 155 157
5 147 149 153 155 156
11 135 141 143 146 147 149 152 153 154 155 156
3 139 142 156
3 135 154 157
6 135 138 142 145 148 156
9 137 139 140 142 146 147 151 152 155
10 134 137 138 139 143 150 153 154 155 156
4 136 140 147 152
5 136 137 144 146 154
10 135 139 142 143 144 145 148 150 152 153
9 134 137 138 139 141 143 145 148 154
4 138 140 151 153
7 137 141 144 147 149 150 153
9 135 138 139 143 144 146 152 154 157
5 138 143 146 150 157
9 134 138 140 144 145 149 151 155 157
8 137 140 142 144 146 147 153 156
11 135 136 140 144 146 147 150 151 153 155 157
7 136 141 147 148 150 151 153
6 136 142 148 152 156 157
6 138 139 141 145 146 157
19 135 136 137 138 139 142 143 144 145 146 147 149 150 151 152 153 154 155 157
5 145 147 151 152 155
9 134 136 137 139 140 142 151 154 155
5 136 139 142 144 150
4 139 143 146 157
5 134 140 141 148 156
5 136 137 141 154 157
10 134 138 143 144 145 147 151 152 153 156
7 137 138 141 144 147 148 154
11 140 141 144 147 148 150 151 152 155 156 157
7 140 145 147 150 151 153 157
13 134 136 140 143 144 146 149 150 152 153 154 155 157
4 135 136 137 154
2 143 146
5 134 147 148 153 154
7 137 139 141 148 150 152 156
12 134 139 142 143 148 149 150 151 152 153 155 157
5 144 149 150 152 155
15 134 135 136 138 141 143 144 145 148 149 150 153 154 156 157
5 135 140 150 151 157
9 134 138 140 142 145 148 151 155 156
3 139 149 150
11 134 138 139 140 142 147 148 150 151 152 156
4 135 136 152 154
20 134 135 137 138 139 141 142 143 144 145 146 148 149 150 151 153 154 155 156 157
8 135 136 137 140 142 143 151 156
16 134 136 137 138 139 140 141 142 143 144 146 148 149 150 153 156
12 134 135 136 143 144 147 149 150 151 152 156 157
7 135 141 145 147 148 149 153
11 136 137 139 141 143 144 145 150 153 154 155
8 134 137 138 140 145 148 151 157
3 144 152 156
8 135 141 143 145 149 153 155 157
3 142 152 157
6 135 147 152 154 155 156
4 139 141 147 151
2 154 157
8 139 142 143 148 149 151 152 157
1 135
4 134 138 151 155
3 137 141 154
2 135 154
6 134 139 142 148 149 150
1 150
2 149 150
9 135 136 140 146 147 150 153 155 157
2 139 142
2 139 149
6 139 140 142 147 152 156
4 138 145 148 156
3 140 150 157
1 156
4 134 137 142 149
5 134 145 151 155 157
6 134 136 137 142 154 155
5 134 140 142 145 155
12 135 138 139 143 145 148 149 150 151 152 154 155
6 134 137 145 148 151 157
3 135 136 137
4 142 145 148 156
3 135 138 156
9 134 138 139 140 147 148 150 152 156
10 134 136 140 143 144 150 152 153 155 157
1 156
17 134 135 137 138 139 141 142 144 145 146 148 149 153 154 155 156 157
4 137 138 147 154
3 142 149 156
11 136 137 138 139 143 145 146 147 149 150 155
4 134 140 149 156
6 136 141 147 150 151 153
5 143 144 145 147 152
3 149 150 152
6 134 138 140 142 148 155
4 138 141 148 154
6 134 140 146 149 151 155
3 142 145 154
10 134 139 142 143 148 149 150 153 155 157
3 147 149 155
3 139 141 146
11 134 135 136 138 141 143 145 148 149 150 153
8 138 142 145 146 148 153 154 155
11 135 136 140 142 144 145 146 149 151 152 157
2 139 141
8 140 144 147 148 150 151 155 157
5 140 141 142 146 157
3 149 153 156
8 134 138 139 150 153 154 155 156
7 141 149 152 153 154 155 156
8 134 143 144 146 149 150 152 157
4 137 142 143 156
5 143 146 152 153 154
2 149 153
6 140 148 150 151 156 157
1 149
6 137 138 150 153 155 156
1 152
9 135 143 146 147 149 152 153 154 156
6 140 141 142 146 148 155
1 150
3 138 142 148
4 138 140 149 156
5 137 139 140 152 155
5 137 140 142 147 153
7 138 143 145 147 151 153 156
3 138 140 153
6 137 138 144 147 148 154
2 143 157
13 134 136 137 138 139 140 141 142 143 144 146 150 156
5 136 143 146 149 152
9 136 139 141 144 145 150 153 154 155
4 137 149 150 153
5 140 146 147 151 156
1 139
2 139 150
3 135 137 154
8 135 142 143 144 145 148 150 152
7 139 142 143 144 145 148 153
17 134 137 138 141 142 143 145 146 148 149 150 151 153 154 155 156 157
4 135 137 142 143
1 135
3 144 149 155
4 141 145 147 148
5 141 144 147 149 150
3 138 148 156
2 135 137
9 134 136 138 143 148 149 150 151 152
1 156
4 135 145 148 149
4 136 142 152 157
6 135 138 139 144 146 152
7 138 139 143 144 146 154 157
2 140 150
5 143 144 145 147 153
5 138 140 144 149 155
6 134 138 139 141 143 154
4 137 140 146 156
5 134 136 143 145 149
1 154
3 136 140 152
4 139 141 146 157
7 134 136 137 139 140 142 154
14 135 136 137 142 143 145 146 149 151 152 153 154 155 157
5 139 143 145 147 149
3 135 145 154
6 134 137 139 143 145 148
9 141 147 148 150 151 152 155 156 157
6 134 148 150 153 155 157
2 155 156
5 134 142 151 152 157
6 134 138 145 148 151 157
2 147 153
4 138 140 147 149
5 139 141 145 146 157
4 147 148 149 156
8 134 138 147 148 150 151 152 156
11 134 135 136 138 141 144 145 149 154 156 157
3 140 146 155
2 140 153
5 143 149 152 154 156
5 137 141 144 147 149
2 152 156
4 134 137 140 145
2 147 148
7 135 143 144 148 150 152 153
2 147 152
11 135 140 141 142 144 145 147 148 151 152 157
4 141 145 148 153
2 139 150
6 134 138 145 148 151 155
3 134 141 156
4 137 141 147 150
4 135 141 148 153
2 139 142
6 134 143 144 150 151 156
5 135 136 142 147 153
5 139 141 148 154 155
3 141 154 157
7 134 138 140 145 148 151 157
5 137 141 146 154 155
6 137 141 143 145 150 154
5 135 138 142 148 156
2 149 152
4 140 146 148 157
11 135 136 140 141 142 144 145 146 147 149 152
3 135 152 154
7 135 140 150 151 153 155 157
3 138 139 145
14 135 136 138 139 142 143 144 147 149 150 151 152 154 155
3 138 140 151
7 134 137 138 140 148 151 157
6 140 147 150 152 156 157
6 135 141 153 154 155 156
3 138 142 156
8 136 137 139 140 142 151 154 155
11 136 142 143 144 145 147 149 150 152 153 155
6 137 140 142 147 151 155
9 140 141 144 147 148 150 152 155 156
5 135 141 149 152 154
6 134 138 140 145 148 151
7 134 140 146 147 149 151 156
5 137 142 147 151 155
8 138 140 143 144 146 148 151 152
9 134 135 137 138 146 147 149 152 154
10 136 137 139 142 144 146 147 148 150 151
12 136 138 139 142 145 150 151 152 153 154 156 157
7 136 137 142 145 148 149 150
13 134 136 137 138 140 141 143 144 150 153 154 155 157
8 136 138 140 141 148 149 152 156
15 134 136 138 140 142 144 146 147 148 149 150 152 155 156 157
16 135 136 137 138 139 140 141 143 145 146 147 149 150 151 152 154
15 134 135 136 137 138 139 140 141 145 146 148 149 152 153 156
8 134 138 139 142 148 151 155 157
13 134 135 136 137 139 145 146 149 150 151 153 154 155
14 134 135 137 138 141 143 144 147 148 149 151 153 154 157
8 134 142 144 145 146 147 148 151
8 134 141 143 148 149 150 155 157
14 134 137 141 142 144 147 148 149 150 151 152 154 156 157
15 134 135 136 137 139 141 144 147 148 149 150 151 152 154 155
11 134 136 139 141 143 145 147 151 153 156 157
10 137 138 139 144 145 148 150 151 152 154
16 135 136 137 139 140 141 143 144 145 146 149 150 151 153 154 156
7 135 136 137 148 151 153 157
15 134 135 136 137 138 139 140 144 147 148 149 151 152 153 156
10 134 138 139 141 142 143 145 146 151 152
10 134 140 143 144 147 149 150 151 152 156
14 135 137 140 142 143 144 147 149 150 151 152 153 154 156
11 135 138 140 142 143 144 146 148 150 151 155
8 135 138 139 142 148 152 156 157
13 134 135 136 138 139 140 141 144 148 150 154 156 157
9 134 138 139 142 147 150 152 153 155
15 134 135 136 137 138 141 143 145 146 147 148 149 151 153 155
7 134 136 142 144 147 151 152
11 135 136 141 142 145 146 148 149 152 153 156
13 134 135 138 141 142 144 145 147 148 151 152 155 157
14 135 137 138 139 140 143 144 146 147 148 149 152 153 154
7 144 145 146 150 153 155 156
12 134 136 137 138 140 142 144 147 150 151 153 154
14 134 135 137 139 140 142 143 146 148 149 152 153 154 157
12 134 135 137 141 144 146 147 151 152 154 156 157
14 134 135 137 138 142 143 144 145 146 147 148 149 154 156
13 135 136 137 138 140 142 147 148 151 152 153 154 155
13 134 135 137 138 139 140 141 142 148 150 153 154 156
14 134 135 139 140 143 144 145 146 147 148 151 153 154 155
15 134 136 137 138 140 141 143 144 147 150 151 153 154 156 157
8 135 147 148 149 150 153 154 155
16 134 136 139 140 141 142 143 145 146 147 148 149 151 155 156 157
10 134 138 139 141 142 145 149 150 156 157
11 136 140 141 142 147 149 150 152 153 156 157
12 137 138 139 140 141 142 143 150 151 153 156 157
14 135 136 139 141 143 144 145 147 148 149 150 153 155 156
14 134 135 136 138 139 140 143 144 145 149 150 152 153 156
10 135 137 138 139 142 143 151 152 155 156
7 135 138 142 144 148 149 155
9 136 138 142 148 152 153 154 155 156
11 136 137 141 142 143 145 146 148 149 156 157
11 134 141 142 144 145 147 148 149 150 151 152
15 134 135 137 138 140 141 144 145 147 148 150 151 152 156 157
9 134 136 140 141 147 148 149 151 153
12 135 137 143 146 147 149 152 153 154 155 156 157
10 135 137 140 142 146 148 150 151 155 157
16 134 135 136 137 138 139 140 142 143 145 149 150 151 152 154 155
9 137 139 140 142 143 145 147 148 156
10 134 137 138 139 141 142 145 146 152 153
14 135 137 138 139 141 143 144 145 146 147 151 152 153 155
15 135 137 138 140 142 143 144 147 148 149 150 151 153 156 157
12 134 136 139 140 146 147 148 150 152 154 156 157
16 134 136 138 139 142 143 145 147 148 149 150 151 152 154 155 156
12 138 141 142 143 144 145 146 147 148 149 152 155
10 134 136 137 140 142 145 147 152 153 157
15 135 136 138 140 141 143 144 145 147 149 150 151 152 153 155
10 134 135 136 138 139 144 146 149 153 156
11 135 136 142 147 150 151 152 153 155 156 157
11 134 137 138 140 144 147 148 150 151 155 156
8 134 137 139 140 142 151 154 155
11 134 135 139 145 146 147 148 150 151 155 157
16 134 135 136 138 142 143 144 146 147 149 150 152 153 154 155 156
13 134 136 137 140 141 143 146 149 150 153 154 155 156
11 134 137 139 141 142 144 145 146 152 154 156
9 134 135 138 140 142 143 151 152 155
12 135 136 137 139 141 142 143 145 150 152 153 155
16 134 138 139 141 142 143 144 145 146 148 149 150 154 155 156 157
13 134 137 139 140 141 142 147 148 149 153 154 155 156
14 135 138 139 140 142 143 145 146 149 151 152 154 155 156
16 135 136 138 139 140 142 144 145 146 147 148 149 151 152 153 155
13 134 136 137 139 140 145 146 147 150 151 154 155 157
8 134 141 145 149 150 153 154 155
7 140 142 146 152 153 155 157
14 137 138 139 142 143 145 146 147 152 153 154 155 156 157
12 135 136 138 141 142 144 145 147 148 149 155 156
7 137 138 142 143 145 146 150
14 134 135 136 137 139 140 141 143 146 147 148 150 154 156
7 136 141 147 150 151 152 154
13 137 139 141 142 144 147 148 149 151 152 153 154 157
12 135 136 141 142 144 147 148 149 151 152 154 155
10 136 143 144 145 148 149 152 155 156 157
8 137 142 143 147 149 151 152 155
12 134 136 137 138 139 141 142 144 148 151 152 156
12 137 140 141 143 144 145 147 148 150 152 153 154
8 137 138 147 149 151 153 154 155
9 138 140 143 147 151 152 153 154 157
15 134 135 136 141 142 143 144 149 150 151 152 153 154 155 157
16 134 135 136 137 139 141 144 145 146 147 148 149 150 152 153 154
14 134 137 138 140 141 142 143 144 145 146 147 148 150 154
10 135 136 137 140 143 147 151 153 155 157
11 135 136 138 139 140 146 147 148 152 154 155
10 134 135 137 139 145 148 150 151 153 154
11 136 139 140 141 147 148 149 150 155 156 157
9 135 143 144 148 149 150 151 153 155
8 135 138 142 143 152 153 156 157
9 137 140 142 143 145 146 149 153 154
7 138 140 144 145 146 150 151
15 134 140 142 143 144 145 146 147 148 149 150 151 153 154 155
16 136 137 138 140 141 143 144 145 147 149 150 151 153 154 156 157
14 136 143 144 145 146 147 148 149 150 152 153 155 156 157
12 134 135 138 139 141 143 146 148 149 151 155 156
11 134 139 140 141 144 148 149 153 154 155 157
15 136 137 138 139 141 142 143 144 146 147 148 151 155 156 157
9 134 137 140 141 142 144 145 146 154
11 135 138 139 140 141 144 148 151 155 156 157
13 134 136 137 139 143 145 146 148 150 151 152 156 157
12 135 138 140 141 147 148 149 151 152 153 155 157
11 138 142 143 145 147 151 152 153 154 155 156
15 134 136 137 138 141 145 147 148 149 150 151 152 153 156 157
7 138 144 146 148 149 154 155
9 134 136 141 142 144 148 151 152 155
15 134 136 138 140 142 143 145 146 147 148 149 150 152 154 156
9 134 136 140 142 146 149 150 155 157
10 136 137 139 140 143 147 148 150 151 154
12 134 136 138 139 141 143 145 147 148 149 151 156
11 135 137 138 139 140 147 151 152 153 155 156
12 135 137 138 139 140 142 143 144 149 150 151 154
9 136 140 141 145 150 151 152 153 154
13 134 137 138 140 141 143 145 147 148 150 153 155 156
11 134 135 141 142 143 144 148 149 150 154 157
15 135 137 138 139 143 144 145 146 147 148 150 151 153 155 156
16 134 135 136 138 139 142 144 146 147 149 150 151 152 153 154 155
11 135 137 138 141 142 145 146 148 152 155 156
11 134 135 137 142 146 149 150 151 152 155 157
14 135 137 139 141 142 143 144 147 148 149 151 152 153 155
12 135 137 138 141 143 146 148 149 150 152 153 157
11 135 136 140 141 142 145 146 148 151 155 157
12 136 137 139 140 142 143 145 146 148 150 151 156
12 134 135 137 140 143 144 147 149 150 152 153 155
14 134 135 136 137 139 140 141 144 145 146 147 151 153 156
14 134 136 137 138 139 141 143 145 148 151 152 153 154 156
12 134 137 139 141 142 143 144 145 146 149 150 153
15 134 136 138 139 140 141 143 146 148 149 153 154 155 156 157
10 137 139 140 143 146 148 152 155 156 157
9 134 136 140 141 143 146 151 152 155
11 134 138 140 142 144 145 149 150 151 153 155
8 136 137 139 140 145 151 152 155
8 134 135 137 139 140 148 149 156
15 137 140 142 143 144 145 146 147 150 151 152 153 155 156 157
12 135 137 139 141 142 143 146 147 148 150 152 153
7 135 139 142 144 145 150 153
14 136 139 140 141 142 143 144 145 146 149 150 152 156 157
13 134 135 137 139 140 142 143 145 147 148 151 153 154
8 134 137 141 142 146 151 152 156
11 135 136 139 142 144 147 149 150 153 154 157
10 134 136 140 143 146 148 149 152 153 155
11 134 135 136 137 138 139 144 146 152 153 154
13 136 137 138 142 143 144 145 146 148 151 152 153 154
16 134 135 136 137 138 139 140 142 143 144 146 149 151 153 156 157
9 134 138 140 143 146 149 152 153 154
14 134 135 136 137 139 140 141 143 146 148 152 153 155 157
7 134 136 143 145 146 148 156
12 134 135 136 140 141 142 145 146 147 152 154 155
13 135 137 138 141 144 147 148 149 151 152 153 155 156
13 135 137 138 139 144 146 148 149 150 151 154 156 157
4 159 169 172 176
8 158 163 166 167 169 171 172 178
6 159 162 167 175 176 177
7 159 163 167 168 176 177 179
11 159 160 161 163 164 168 170 172 176 177 178
2 175 177
12 158 159 160 161 162 163 164 169 175 176 178 179
10 165 166 167 168 170 171 172 173 174 177
8 161 164 166 167 168 170 173 174
10 158 159 163 166 167 172 174 176 177 178
7 159 161 165 167 168 169 170
6 160 166 167 168 169 174
10 158 160 163 164 169 170 171 173 174 179
10 159 160 161 163 164 167 169 172 175 176
12 160 162 163 167 168 169 170 172 173 174 176 178
6 161 164 168 169 171 173
15 158 159 160 162 163 164 165 167 170 172 173 174 175 178 179
5 158 165 168 177 179
6 160 162 165 170 175 179
2 169 179
8 159 160 161 162 164 168 173 177
10 159 164 165 170 171 173 176 177 178 179
2 161 168
7 161 166 168 169 171 176 177
6 161 172 173 174 175 177
9 158 159 160 161 164 165 173 177 178
9 158 162 165 166 171 173 174 175 179
4 160 162 166 174
4 165 168 170 179
3 159 168 169
5 163 167 171 174 176
15 158 160 162 163 164 166 171 172 173 174 175 176 177 178 179
8 158 160 162 163 165 169 177 179
6 161 164 170 173 174 175
6 159 171 172 175 176 178
7 158 162 163 165 166 168 171
11 158 159 162 163 164 165 170 172 173 176 179
10 159 160 161 163 167 173 175 176 177 178
6 161 167 174 175 177 178
9 159 160 167 169 172 176 177 178 179
5 158 165 169 178 179
3 159 161 168
12 158 159 160 162 163 165 166 167 170 171 178 179
3 158 161 166
4 167 172 175 176
14 159 161 162 163 164 165 168 170 171 172 173 174 175 179
4 160 165 174 178
8 162 164 169 170 171 172 173 175
8 158 159 161 164 165 166 171 179
6 165 170 174 175 176 179
7 162 166 170 171 173 174 178
7 162 165 166 172 175 176 177
10 158 162 163 164 165 167 170 173 174 175
9 159 161 163 164 168 170 171 173 177
4 164 168 169 176
9 158 159 160 162 164 166 168 173 178
5 160 168 171 173 174
6 161 172 175 176 177 179
10 159 160 166 169 171 172 176 177 178 179
13 160 162 163 166 167 171 172 173 174 175 176 177 178
5 158 159 164 172 179
6 158 161 165 166 170 173
2 167 169
2 167 178
5 160 166 168 169 171
6 158 161 162 163 172 175
3 168 172 175
9 158 161 163 164 165 166 170 172 178
8 158 162 164 166 169 171 172 174
9 160 162 163 165 166 169 173 174 178
5 158 161 165 170 179
8 161 167 168 170 171 175 176 177
12 160 162 163 164 167 168 171 174 175 177 178 179
1 164
7 163 165 167 169 170 171 174
5 162 166 169 170 179
8 158 160 166 167 169 176 177 178
5 158 161 165 166 173
5 161 172 173 174 175
7 160 162 163 167 170 173 176
5 159 163 171 173 177
5 158 163 167 174 178
1 168
4 158 159 164 172
5 161 164 170 173 174
5 165 166 168 174 177
3 160 168 171
5 158 162 163 169 179
6 158 160 166 169 176 178
5 159 164 171 177 178
1 161
5 164 167 170 173 174
3 163 170 174
4 159 171 172 176
3 168 169 171
7 161 163 168 170 171 173 177
1 179
8 158 159 163 166 174 176 177 178
5 164 166 171 172 174
4 163 165 174 178
8 158 159 163 166 167 174 176 178
1 159
13 158 159 160 162 163 165 167 170 172 173 175 178 179
5 158 159 161 165 166
2 161 166
7 158 162 165 171 174 175 179
7 158 161 164 166 170 172 178
3 158 165 168
4 162 164 171 172
5 160 169 176 177 179
5 162 166 171 173 178
3 164 168 169
4 168 171 173 174
8 159 164 165 170 171 173 176 179
4 165 169 170 174
1 177
10 160 162 163 166 171 172 173 176 177 178
6 161 167 173 175 176 178
5 165 170 175 176 179
5 159 160 161 164 168
2 174 178
5 164 166 167 173 174
4 163 165 166 171
1 168
6 165 171 173 174 175 179
9 160 163 171 172 173 174 176 177 178
5 166 167 169 172 178
6 160 162 167 168 177 179
4 160 166 169 174
5 160 172 176 178 179
4 160 168 171 174
3 158 164 179
2 172 175
7 158 162 164 166 169 171 172
6 159 165 170 171 177 179
3 170 174 175
4 165 166 173 179
3 162 175 177
4 165 175 176 179
5 163 165 167 171 174
2 159 179
2 158 161
5 161 173 174 175 177
1 178
8 159 160 169 171 172 176 178 179
7 158 162 164 169 171 172 174
4 159 172 176 178
6 162 163 165 166 173 174
4 164 166 170 178
5 160 166 168 169 174
2 158 161
5 160 172 176 177 179
5 159 163 168 176 179
8 158 159 162 165 166 167 170 178
5 166 169 172 178 179
3 171 174 176
3 159 167 170
9 163 167 171 173 174 175 176 177 178
8 158 163 164 169 170 171 174 179
3 165 166 173
2 159 169
3 160 168 173
3 168 171 174
1 167
5 158 162 167 174 175
5 159 161 165 168 170
5 164 165 166 171 179
5 158 169 170 171 173
5 159 161 165 167 169
3 172 175 177
6 159 161 163 171 173 177
5 158 161 164 166 171
1 179
5 158 161 164 170 178
4 158 166 170 173
3 164 173 174
6 158 162 163 164 167 170
5 158 161 165 166 173
8 158 159 163 165 170 173 176 179
5 162 165 166 172 175
3 158 164 172
1 161
4 160 167 177 178
1 169
7 158 160 166 167 169 176 177
4 162 166 170 174
3 158 172 179
1 169
8 165 166 167 168 170 171 172 177
4 158 162 172 175
4 159 167 168 170
9 158 159 162 164 165 170 172 173 179
5 163 165 169 171 174
5 160 163 169 177 179
3 161 162 175
3 165 170 179
4 166 170 173 174
8 159 160 163 173 175 176 177 178
3 160 166 168
2 161 168
2 163 176
5 159 161 167 175 177
5 161 164 170 173 175
4 163 166 173 174
5 165 171 172 173 174
7 158 159 162 163 175 178 179
9 158 162 163 173 174 175 176 178 179
9 159 160 163 164 168 170 176 177 178
4 161 162 163 175
3 168 171 174
4 162 165 170 175
1 177
6 159 167 176 177 178 179
5 159 160 162 168 173
4 163 167 171 176
6 158 161 164 165 166 179
6 160 168 169 173 174 176
2 169 176
2 159 161
2 158 179
1 169
6 165 168 172 173 174 177
4 160 168 173 174
2 167 172
4 158 165 168 171
3 158 165 169
7 159 160 167 173 175 177 178
5 158 166 174 176 178
4 162 164 170 175
1 179
4 161 164 173 175
8 159 161 163 164 168 170 173 177
2 159 176
1 168
5 162 167 175 176 177
7 164 170 171 173 177 178 179
7 158 159 161 164 165 177 178
1 179
5 159 167 172 174 176
3 167 172 176
4 158 161 165 179
3 159 172 179
3 158 162 163
3 168 169 176
5 164 170 171 176 179
5 158 165 166 174 175
8 158 162 165 167 170 173 174 175
3 169 170 179
8 159 160 167 169 176 177 178 179
4 159 171 175 178
6 163 166 167 169 171 172
6 158 164 171 173 174 179
6 161 164 166 167 168 173
2 160 174
3 161 174 175
5 164 166 167 168 174
5 163 167 169 171 174
2 167 175
7 158 159 161 164 175 176 179
6 160 169 171 172 176 178
5 161 166 168 169 177
5 167 169 177 178 179
6 161 163 170 171 173 177
2 168 176
5 161 165 168 169 170
4 158 163 166 169
6 158 165 167 170 173 174
5 168 170 175 176 177
2 165 168
4 161 171 175 176
7 159 161 163 170 172 176 177
3 160 168 174
3 167 172 175
9 162 163 166 167 171 174 175 176 177
1 175
5 163 164 169 175 176
3 158 178 179
2 168 172
5 161 164 165 166 171
4 162 164 169 171
1 159
3 162 175 176
5 159 161 162 164 168
3 160 166 169
2 171 176
7 158 164 169 170 173 174 179
3 161 175 179
2 160 165
6 158 159 161 164 177 178
1 178
4 158 165 166 173
6 161 162 164 168 173 177
2 162 179
3 165 170 179
4 159 160 161 177
13 158 159 160 162 163 164 165 167 170 172 173 174 178
2 172 175
4 159 161 169 170
6 163 167 168 176 177 179
5 161 170 172 177 178
7 158 159 162 163 167 172 173
4 172 175 177 179
3 164 168 169
11 158 159 162 163 167 170 172 173 174 175 178
5 161 166 168 171 176
2 161 166
1 159
4 162 175 176 177
2 159 168
4 161 172 176 179
3 167 172 175
6 158 160 163 164 169 173
1 169
5 158 162 165 171 173
4 160 166 169 171
8 159 162 165 170 172 173 176 179
1 168
2 164 168
5 167 170 171 175 176
6 158 160 161 163 169 175
6 158 161 164 165 170 178
6 162 164 170 171 172 175
4 162 165 176 177
4 161 166 169 176
3 160 171 173
5 161 175 176 177 179
8 160 162 166 167 171 173 176 177
1 169
5 160 162 164 168 178
4 163 167 177 179
4 158 164 166 169
6 158 160 164 169 170 179
6 160 163 165 169 173 174
2 168 171
3 158 162 163
8 159 160 161 162 163 164 169 178
10 159 162 163 164 165 168 171 172 173 179
2 164 179
8 162 164 166 171 174 175 176 179
4 159 163 168 179
2 168 172
1 168
6 159 160 166 169 176 179
2 167 172
3 162 166 174
6 160 161 163 167 173 175
3 159 161 169
6 168 170 172 173 174 177
5 158 162 163 166 168
5 161 167 170 171 175
3 168 170 179
5 162 167 175 176 177
7 158 165 166 173 174 175 179
4 159 165 167 168
7 158 159 163 166 167 172 174
10 160 162 163 164 168 171 175 177 178 179
7 159 161 164 165 173 177 178
7 160 163 164 173 174 178 179
6 158 162 163 167 170 174
6 160 163 169 170 172 178
4 173 174 175 177
5 158 163 169 172 178
3 161 165 170
11 158 160 162 163 166 172 173 174 175 176 179
6 158 165 173 174 175 179
5 159 161 167 169 170
10 160 162 163 167 168 171 174 175 177 179
4 170 174 175 179
7 167 168 169 172 174 176 178
2 165 178
5 160 162 164 166 173
2 164 179
9 158 159 162 165 169 172 173 176 178
11 158 159 161 164 165 166 168 169 171 178 179
14 158 159 162 164 165 166 168 169 170 171 175 177 178 179
7 158 159 161 163 176 178 179
15 159 160 161 162 163 164 166 168 170 171 173 174 175 176 178
14 160 162 163 166 167 168 169 172 173 174 175 176 177 178
12 158 159 162 163 164 167 169 171 172 173 175 176
13 161 164 165 166 167 168 169 171 172 174 175 177 178
13 159 160 161 162 163 166 168 169 170 171 172 173 174
8 159 160 161 164 167 174 175 178
9 162 164 166 169 170 172 173 176 178
6 158 167 172 173 175 177
13 158 159 160 161 162 164 166 168 169 170 171 172 176
13 158 160 161 162 163 166 167 169 171 174 175 178 179
14 159 160 161 162 163 164 165 167 168 170 172 174 176 177
9 161 165 167 170 172 173 174 175 176
7 160 161 162 166 171 174 175
11 158 160 162 163 165 166 170 171 172 173 177
12 158 159 160 161 164 165 167 168 169 171 172 179
10 159 160 161 162 164 166 169 172 173 177
11 158 159 160 163 167 168 169 171 174 175 178
7 158 159 164 167 173 176 178
13 159 162 164 166 167 169 170 172 174 175 176 177 179
12 158 159 160 161 163 168 169 171 173 175 176 177
10 160 162 163 165 166 169 170 172 178 179
8 160 163 165 169 171 172 174 177
9 160 163 165 167 168 171 172 174 178
9 161 162 163 164 165 172 173 176 177
7 158 159 163 167 169 171 178
14 158 159 160 161 162 163 164 165 168 170 172 174 176 177
14 159 160 162 163 165 166 167 169 170 172 173 175 176 179
9 159 160 162 164 166 167 169 170 175
10 158 160 161 162 167 168 173 175 176 177
14 158 160 161 162 164 167 168 169 170 172 174 175 177 179
11 159 160 161 164 166 169 170 171 172 175 176
7 158 160 166 168 171 174 175
8 158 162 165 166 171 172 173 179
12 161 163 164 165 166 167 168 169 170 174 176 178
9 158 161 164 165 172 173 174 175 179
14 160 161 162 164 165 167 169 171 173 175 176 177 178 179
12 158 160 163 166 167 168 169 171 173 174 177 178
15 159 160 161 164 165 166 167 169 171 172 173 175 176 177 179
12 158 160 161 162 164 168 172 173 174 175 177 178
12 159 163 164 165 166 167 169 171 175 176 177 179
11 158 159 160 162 163 164 165 167 169 172 176
10 158 159 165 167 168 174 176 177 178 179
10 159 160 163 166 168 172 175 177 178 179
9 159 160 166 167 171 173 174 175 176
14 158 159 160 161 162 166 167 168 169 172 174 176 177 179
13 160 161 162 163 164 165 170 171 172 173 174 176 178
13 158 159 160 161 162 164 165 170 173 174 175 176 177
13 158 159 160 161 162 165 166 170 171 172 173 175 178
10 161 162 165 167 169 173 175 176 177 178
11 160 161 163 164 165 166 167 169 174 175 178
8 161 162 165 166 168 172 175 176
13 158 160 161 163 164 166 168 170 171 174 177 178 179
15 159 160 162 163 164 165 166 168 170 172 174 175 177 178 179
13 158 160 161 163 164 165 168 169 172 174 177 178 179
8 158 159 160 164 166 168 169 174
9 158 161 164 167 168 171 174 177 178
13 160 161 162 163 164 165 167 168 169 172 173 176 178
14 161 162 164 165 168 169 170 171 172 174 175 176 177 179
12 161 162 164 165 166 169 171 172 173 175 177 178
7 159 161 167 168 177 178 179
10 158 159 161 162 164 165 166 169 172 177
7 161 163 168 170 176 177 179
13 159 160 161 165 166 168 169 170 172 174 175 176 177
13 158 159 161 162 163 164 166 169 171 172 176 177 178
12 158 161 163 165 167 168 170 172 174 176 177 178
9 159 161 163 166 167 168 169 177 178
13 158 159 160 163 165 166 168 169 172 173 177 178 179
11 160 161 164 165 166 167 170 171 173 174 178
8 158 160 161 163 171 175 177 178
12 159 161 162 164 165 167 168 169 174 177 178 179
13 159 160 161 163 165 167 168 169 170 171 173 175 177
14 158 160 164 165 166 168 169 170 172 173 174 177 178 179
15 158 159 160 161 162 163 164 165 167 168 170 173 175 178 179
11 160 161 166 167 169 170 171 172 175 177 178
7 159 160 172 173 177 178 179
14 160 162 163 164 166 167 168 169 170 172 173 174 177 179
15 160 161 162 163 165 166 168 169 170 172 173 174 177 178 179
9 158 162 163 164 165 168 169 176 177
14 158 160 161 162 163 164 167 169 170 171 172 175 176 178
14 159 161 162 163 164 165 166 167 170 172 174 175 176 178
13 159 161 163 164 166 168 169 172 173 174 175 178 179
6 160 165 170 175 177 179
12 161 162 163 164 166 167 168 169 173 174 178 179
13 158 159 161 162 163 164 166 167 168 172 174 178 179
10 159 160 161 165 168 171 174 175 178 179
9 158 162 164 165 170 171 174 178 179
7 158 160 165 170 175 176 179
14 158 159 164 165 167 168 170 171 172 173 174 175 176 178
7 158 163 166 174 176 177 179
10 159 161 162 164 167 169 171 173 174 178
9 158 161 164 168 171 172 177 178 179
9 159 160 161 162 167 170 172 173 174
11 158 159 161 164 170 173 174 175 176 177 178
12 158 159 162 163 164 166 167 168 169 171 172 175
12 158 159 163 165 167 169 170 173 175 176 177 179
13 159 161 162 163 164 165 167 171 172 174 175 177 179
9 160 161 166 168 169 172 173 176 177
11 158 160 161 164 168 170 171 172 174 176 178
13 160 161 163 165 166 168 170 171 172 173 174 175 179
8 160 161 166 168 172 173 175 176
15 159 160 161 163 164 165 166 167 168 172 174 176 177 178 179
9 163 164 170 171 172 173 176 177 178
6 161 169 173 176 177 179
9 162 163 164 165 168 170 173 175 177
11 159 161 162 165 167 169 171 172 176 177 179
14 158 159 162 163 165 166 167 168 169 172 175 176 177 178
13 161 162 163 164 166 168 169 170 171 173 174 175 176
7 160 162 164 171 172 174 175
13 159 160 161 162 165 166 167 168 170 171 172 173 176
14 158 159 161 163 165 168 169 173 174 175 176 177 178 179
6 159 161 163 165 169 174
10 159 161 163 164 165 168 169 173 175 178
13 158 160 161 162 163 167 171 172 173 174 176 177 178
10 158 161 164 166 169 170 174 175 176 177
8 161 162 166 168 171 174 177 179
11 158 162 164 165 167 168 170 175 176 177 179
11 162 163 164 168 170 171 173 174 175 176 177
12 158 159 161 162 164 165 166 172 173 176 178 179
12 158 160 162 163 164 165 167 168 170 171 176 177
7 164 168 170 172 173 175 177
13 158 159 160 161 162 163 166 167 171 172 173 176 178
9 163 166 168 169 172 173 175 177 178
15 159 160 162 165 166 167 168 169 170 171 172 174 176 178 179
14 158 160 161 162 163 164 165 168 169 173 176 177 178 179
6 166 167 171 172 173 177
9 158 160 162 167 168 169 174 175 179
13 158 159 160 162 163 165 169 172 173 174 175 176 179
12 159 161 162 163 164 166 170 171 173 174 176 178
9 161 162 163 167 171 172 176 177 178
8 161 162 163 174 176 177 178 179
6 159 160 163 165 167 174
7 159 160 164 166 173 175 176
6 158 164 167 175 178 179
13 158 159 160 161 162 164 165 167 172 175 176 177 178
11 160 161 162 163 165 166 168 170 171 176 178
11 159 163 165 166 167 168 169 171 173 175 179
12 158 159 160 162 163 164 165 167 171 173 174 175
12 159 161 162 163 165 167 168 169 172 173 174 179
11 164 167 168 169 170 171 172 173 175 177 179
11 162 164 168 169 171 172 174 176 177 178 179
13 158 161 162 164 165 168 170 171 172 173 175 177 178
8 159 161 169 171 174 175 176 179
14 158 159 160 161 162 163 164 166 167 168 171 173 177 179
9 159 162 163 164 168 172 173 177 179
7 158 161 162 163 166 172 174
11 158 160 161 162 168 169 171 172 176 177 178
8 159 161 163 164 167 170 174 176
10 158 162 163 164 166 168 169 175 176 177
8 160 162 164 170 171 172 173 179
8 162 164 165 171 173 175 177 178
8 160 161 162 164 166 167 176 177
14 158 160 161 162 163 164 165 167 169 170 171 172 177 179
12 158 159 160 164 166 167 168 169 174 176 177 179
7 165 168 170 173 174 177 178
7 159 163 165 166 168 171 174
9 163 165 168 171 172 173 175 176 179
12 159 161 163 165 167 168 170 172 173 174 177 179
14 158 159 160 161 162 164 165 166 170 174 175 176 177 179
10 158 161 162 166 167 168 169 173 174 179
14 158 159 162 163 165 166 167 168 170 173 174 175 176 179
8 158 162 166 167 169 173 175 178
14 158 159 160 162 164 167 169 170 171 172 173 177 178 179
14 158 159 162 164 166 167 168 169 171 173 174 175 176 179
10 160 165 166 167 168 172 173 174 176 179
12 158 159 161 162 164 166 168 169 172 173 175 178
8 161 162 163 165 171 175 178 179
6 160 161 164 166 168 176
8 159 164 165 167 168 169 173 179
7 158 159 160 163 165 172 174
11 159 162 164 165 166 170 171 173 175 176 179
7 160 161 162 173 174 175 176
11 158 159 164 166 169 170 172 173 174 176 179
12 159 162 164 165 166 169 172 173 174 175 176 177
9 162 163 164 165 169 172 174 175 179
7 162 163 167 173 174 175 176
9 159 160 163 164 166 169 170 173 178
14 158 159 160 163 168 169 170 172 173 175 176 177 178 179
11 162 163 164 165 168 171 173 174 175 176 179
12 160 161 163 166 167 168 172 175 176 177 178 179
12 160 161 167 169 170 172 174 175 176 177 178 179
9 159 160 161 163 170 171 172 177 179
13 158 160 162 164 165 166 168 169 171 173 176 177 178
12 158 160 163 165 167 169 172 174 176 177 178 179
7 159 162 163 165 166 170 171
8 159 160 163 165 167 175 176 179
11 159 160 161 162 163 168 170 171 175 176 178
6 159 163 167 171 172 178
11 158 160 161 168 169 170 172 173 175 177 179
7 159 163 165 166 167 173 178
12 158 159 162 163 164 167 168 169 173 175 178 179
11 160 162 165 167 169 171 172 174 175 176 179
7 159 162 164 167 171 174 179
7 158 159 160 161 171 175 179
13 158 161 162 164 165 166 167 168 169 171 174 175 177
7 158 161 163 166 172 173 174
14 159 160 161 162 165 166 167 169 171 172 173 174 176 179
11 159 160 161 162 166 171 172 173 176 177 179
10 159 161 162 165 167 170 171 177 178 179
13 158 159 160 161 163 164 165 168 169 171 173 174 176
10 160 161 163 164 168 169 170 172 173 177
12 159 160 161 162 164 166 170 172 174 175 176 179
9 158 163 165 167 168 174 175 176 178
15 159 160 161 162 164 165 167 168 169 170 171 175 176 178 179
6 160 161 163 165 176 178
8 159 164 165 167 168 169 171 177
15 158 159 160 161 162 163 167 169 170 171 172 173 175 176 178
7 159 163 165 169 173 174 179
9 158 159 161 164 170 171 173 175 176
9 159 160 161 162 169 172 173 175 179
7 161 163 166 170 174 175 176
14 158 160 163 164 165 171 172 173 174 175 176 177 178 179
11 158 159 161 162 167 169 171 173 176 177 179
8 158 160 164 167 168 173 174 178
14 158 160 164 165 167 168 169 172 173 174 176 177 178 179
9 158 160 161 170 171 172 174 177 179
7 158 169 170 172 173 176 177
10 160 161 162 165 167 169 173 174 176 178
11 158 162 164 165 168 169 172 173 177 178 179
6 166 170 172 174 176 177
9 159 162 163 167 168 169 172 175 176
9 159 160 162 164 167 168 170 175 179
14 158 159 160 162 163 164 165 166 172 173 174 175 176 177
13 158 162 163 164 165 167 168 169 171 172 173 176 178
14 158 159 161 162 163 167 168 169 170 171 174 175 178 179
12 158 159 163 166 167 170 174 175 176 177 178 179
13 158 159 160 161 162 163 164 166 170 171 174 175 177
11 158 159 161 162 163 164 167 170 172 174 177
12 159 160 164 166 167 169 171 173 174 175 178 179
13 159 160 161 162 163 165 166 168 172 174 175 176 178
7 160 162 167 168 170 174 176
13 158 162 164 166 167 168 169 173 174 175 177 178 179
11 158 159 160 161 163 165 166 167 176 177 179
13 158 159 160 161 162 164 165 167 168 170 175 176 179
12 159 161 163 164 166 169 171 173 176 177 178 179
11 158 159 161 162 163 165 168 171 173 176 177
8 160 161 164 170 171 173 175 176
12 159 161 164 165 168 169 171 172 173 175 176 178
13 158 159 160 161 163 164 165 167 170 171 174 175 179
10 158 159 162 166 168 171 175 176 177 179
14 158 159 161 162 165 167 169 170 171 174 175 176 177 178
8 161 163 165 166 168 174 175 178
10 159 160 167 170 172 174 175 176 178 179
14 160 161 162 164 165 166 167 168 169 170 171 172 174 177
11 160 161 162 165 169 170 171 173 177 178 179
10 160 161 163 165 167 168 171 173 175 178
11 159 160 161 163 164 167 168 169 170 175 178
11 158 159 160 165 168 170 171 172 173 177 179
13 158 161 162 164 166 170 171 172 173 174 175 177 179
13 158 161 162 163 166 167 168 170 172 173 174 177 178
12 158 159 163 164 165 168 169 170 171 172 176 178
12 160 161 166 167 168 169 170 171 175 176 177 178
7 160 162 167 169 172 173 175
14 158 159 160 161 162 163 164 169 171 172 174 176 178 179
7 160 161 168 169 173 176 179
14 158 163 164 166 167 168 169 171 172 173 174 175 177 178
6 159 160 164 169 171 175
8 158 160 161 164 165 172 174 177
13 158 160 162 163 168 170 171 172 173 175 176 177 178
8 160 162 166 167 170 173 174 176
13 158 159 160 161 163 165 168 171 172 173 174 175 176
10 158 159 164 165 167 169 171 173 178 179
12 158 159 160 161 162 163 165 167 170 173 176 177
8 158 160 161 169 172 176 178 179
10 158 159 160 161 166 167 169 172 175 176
12 160 163 164 166 169 170 173 174 175 177 178 179
15 158 161 162 164 165 166 167 169 170 171 172 173 174 175 177
14 158 160 161 163 164 166 167 168 169 170 172 175 176 177
6 162 168 171 174 176 178
10 160 161 162 164 165 167 168 169 173 174
12 159 161 162 163 165 167 172 173 174 175 176 178
6 159 164 165 167 171 178
9 158 165 166 167 169 171 174 175 179
10 159 160 162 163 165 169 171 172 178 179
8 158 159 160 162 171 173 175 178
11 159 161 163 164 166 167 172 175 176 177 178
8 158 160 166 168 171 174 176 179
6 159 160 164 165 173 176
7 161 163 167 168 169 171 172
7 159 160 162 164 165 169 170
9 158 159 166 167 168 169 171 173 177
10 161 163 165 166 168 170 172 173 174 175
6 159 164 166 168 169 175
13 158 159 160 162 163 164 166 170 171 173 174 175 177
10 160 164 165 169 170 171 172 173 175 177
13 158 159 160 162 164 165 169 170 171 173 174 175 178
8 158 160 161 162 163 164 165 167
8 158 159 160 167 170 174 177 178
15 158 160 161 164 165 166 167 168 171 172 173 174 176 178 179
11 159 160 161 162 164 165 168 173 176 177 178
11 159 160 161 162 163 168 169 170 176 178 179
10 158 161 162 165 167 168 169 170 173 179
9 158 160 161 162 166 172 175 176 177
13 159 163 165 167 168 170 172 173 174 175 176 177 178
10 160 162 163 164 169 170 174 175 176 178
8 158 161 166 167 171 173 174 179
