149 1106
34 1 2 3 4 5 6 7 8 9 10 11 12 13 14 15 16 17 18 19 20 21 22 23 24 25 26 27 28 29 30 31 32 33 34
22 1 2 4 5 6 7 8 10 12 13 14 15 16 19 22 23 25 27 28 30 31 32
22 1 2 3 5 10 11 14 15 16 17 18 19 20 21 23 24 26 27 28 29 31 34
20 1 4 6 8 9 10 11 14 16 17 19 20 22 24 26 27 28 30 31 34
24 2 3 5 6 7 8 11 13 14 15 16 18 19 20 21 22 23 24 25 28 30 32 33 34
26 1 2 5 6 7 8 9 10 12 13 14 15 17 18 19 22 23 24 25 26 28 29 30 31 32 33
23 1 2 5 6 8 10 11 15 17 19 20 21 22 23 24 25 26 27 30 31 32 33 34
19 1 2 3 4 6 11 12 13 15 16 17 19 21 24 29 30 31 32 34
14 3 6 7 9 10 12 13 19 23 24 25 27 32 34
19 2 4 6 8 10 12 13 14 16 18 21 25 26 28 29 31 32 33 34
23 1 2 4 5 7 8 9 11 13 14 15 16 17 19 20 21 23 25 26 27 29 32 34
19 1 2 4 5 6 7 8 9 13 14 15 18 23 24 28 29 30 32 33
18 2 5 7 8 9 10 14 16 18 19 22 25 27 28 29 30 32 34
26 1 2 3 4 5 7 8 9 10 11 12 13 15 16 17 18 19 22 23 25 26 29 30 32 33 34
20 2 3 5 6 7 10 11 12 15 16 18 21 23 25 26 27 29 30 31 32
21 1 2 3 4 7 8 9 11 14 16 17 19 23 24 25 28 29 30 31 32 34
15 1 6 7 9 10 15 17 22 26 27 28 29 31 32 33
10 1 3 11 13 20 21 22 29 30 31
11 1 3 10 11 12 16 18 24 27 31 33
17 2 4 7 8 12 13 14 15 17 18 19 24 25 28 31 32 33
21 1 3 5 6 7 8 10 12 13 14 16 17 20 22 24 25 29 31 32 33 34
15 4 6 9 12 16 17 19 21 23 26 28 29 30 32 33
14 1 2 3 7 13 17 18 19 22 27 29 32 33 34
14 4 5 6 7 9 14 17 18 19 21 25 29 32 33
18 6 7 8 9 11 14 15 19 20 21 22 23 24 25 28 30 31 34
17 4 5 8 9 10 15 17 18 19 20 21 23 24 25 27 29 32
24 1 3 5 6 7 8 9 10 12 14 15 17 18 19 20 22 23 24 27 28 29 30 31 33
13 2 4 10 12 15 18 19 20 24 27 28 30 33
14 1 4 6 8 10 11 13 14 17 21 25 27 30 32
10 3 15 18 19 21 22 24 31 32 33
13 2 4 6 8 9 11 15 20 21 22 25 27 34
19 1 2 3 4 5 7 8 10 14 15 17 18 20 22 24 28 30 31 32
13 1 3 9 10 11 12 13 18 22 23 28 29 34
25 1 2 3 4 5 7 8 9 10 12 13 15 16 18 20 21 23 24 25 27 28 29 30 33 34
25 1 2 4 5 6 7 9 10 11 13 14 15 17 19 20 21 22 23 26 27 28 29 32 33 34
13 1 2 9 13 15 18 21 22 25 27 30 32 33
18 1 2 8 9 12 17 18 20 21 22 23 24 25 26 27 28 30 33
18 1 3 5 8 9 10 13 15 16 18 21 23 26 27 28 29 30 31
25 1 2 3 4 6 8 10 11 12 15 16 17 19 21 22 23 24 25 26 27 28 29 32 33 34
16 3 5 12 14 15 18 19 22 23 25 26 27 28 29 33 34
23 3 5 6 7 8 9 12 13 14 15 16 17 18 19 23 24 25 26 27 28 31 32 34
22 1 3 4 5 6 7 8 9 12 14 15 16 17 18 20 21 22 24 28 29 32 34
11 2 8 11 13 15 16 18 21 27 30 32
17 1 3 4 5 8 9 11 14 15 17 20 21 22 23 26 27 30
14 1 2 7 10 12 13 14 18 19 22 23 26 29 32
25 1 3 5 8 10 12 13 14 15 16 17 18 19 20 22 23 24 25 26 27 28 29 30 32 33
11 5 13 15 17 18 20 26 29 30 31 32
18 4 5 6 9 10 14 15 17 18 20 22 23 25 26 29 31 33 34
20 1 3 6 7 8 9 12 13 15 16 17 18 20 23 25 27 28 32 33 34
16 1 2 7 8 10 11 13 16 19 21 24 25 26 28 30 31
20 1 2 5 7 8 9 10 11 12 13 14 15 19 22 25 27 29 30 32 33
16 2 4 8 9 11 12 13 19 20 24 27 28 29 32 33 34
16 1 3 4 6 8 13 16 17 18 20 22 24 25 26 27 29
12 1 3 4 5 7 8 9 11 12 23 25 28
44 35 36 37 38 39 40 41 42 43 44 45 46 47 48 49 50 51 52 53 54 55 56 57 58 59 60 61 62 63 64 65 66 67 68 69 70 71 72 73 74 75 76 77 78
17 39 45 46 49 51 56 59 60 62 64 65 66 69 72 73 75 76
29 35 36 38 39 40 41 43 45 46 47 48 49 50 51 53 54 55 56 57 59 60 62 63 64 65 67 68 69 78
15 36 38 40 42 44 48 49 54 56 59 60 61 69 71 73
16 36 38 39 43 44 48 53 54 57 61 63 67 68 69 74 75
30 36 38 39 41 43 45 46 48 49 51 54 55 56 57 59 60 62 63 64 66 68 69 70 71 72 73 74 75 77 78
22 36 37 38 39 41 45 47 48 51 53 54 55 59 61 63 67 70 71 72 73 77 78
17 39 41 42 50 54 56 58 60 61 62 63 64 65 66 70 72 73
20 36 38 39 45 46 47 49 50 51 52 56 57 58 61 64 67 68 73 74 76
27 35 36 38 42 45 46 47 50 51 52 54 55 57 58 59 61 62 63 64 65 67 68 69 70 71 77 78
19 37 39 40 41 44 46 47 53 54 55 59 62 66 67 69 70 71 72 75
30 35 36 38 39 42 43 44 46 47 49 50 52 53 54 55 57 58 59 61 63 64 66 67 69 71 72 73 74 75 76
13 38 41 48 54 55 58 59 65 66 67 69 73 76
23 36 37 38 39 40 41 43 45 47 51 52 53 55 59 60 64 65 67 68 70 72 74 75
15 35 38 40 42 43 44 47 48 49 50 57 59 61 71 77
31 35 37 38 39 40 41 42 44 45 49 50 51 52 54 55 56 57 58 60 61 62 65 66 68 69 70 71 72 74 77 78
32 35 36 39 40 41 43 46 47 48 49 50 51 52 53 54 55 56 57 60 61 62 64 67 68 69 71 72 73 74 75 77 78
32 35 37 38 39 40 41 44 47 49 50 51 52 53 55 56 57 58 59 60 61 62 63 64 66 68 69 70 73 74 76 77 78
27 35 37 38 39 40 41 42 44 47 48 49 50 51 52 54 55 57 58 59 60 68 69 71 72 73 77 78
31 35 36 39 40 41 42 43 44 45 46 47 49 50 52 53 57 58 60 61 62 66 68 69 70 71 72 73 74 75 77 78
23 38 40 42 43 44 45 46 47 48 52 53 54 56 59 60 61 62 63 65 66 74 76 78
33 35 36 38 40 41 42 44 45 46 47 49 50 53 54 55 57 60 61 63 64 65 66 67 68 69 70 71 72 73 74 76 77 78
33 35 36 37 40 41 43 44 45 46 47 48 49 50 52 53 54 55 57 59 61 62 63 65 66 67 69 70 71 72 74 75 77 78
14 35 36 41 45 46 51 55 57 69 70 72 75 76 77
20 38 41 43 44 45 50 51 53 57 59 61 62 63 66 67 72 73 74 75 76
18 35 36 39 40 41 43 44 49 53 55 58 64 65 68 69 70 72 74
20 35 42 45 47 57 58 60 61 62 63 64 65 66 67 68 69 71 72 75 77
13 36 37 39 41 43 45 49 50 52 53 64 67 71
32 35 37 38 39 40 41 42 43 44 45 47 51 52 53 54 55 59 60 61 62 63 64 66 67 68 69 71 72 73 74 76 78
19 35 36 37 38 46 47 49 51 53 54 56 58 59 60 64 69 71 72 73
28 35 39 40 41 43 44 45 46 47 48 49 50 52 53 55 58 59 63 64 65 66 68 70 73 75 76 77 78
30 37 38 41 42 43 45 47 48 49 50 51 52 53 54 55 56 58 59 60 61 63 64 67 69 70 71 72 74 77 78
22 35 37 39 43 44 47 49 50 57 58 61 63 64 66 67 68 69 73 74 75 76 77
23 37 41 43 44 46 48 49 50 54 56 58 59 60 64 65 66 67 70 71 73 75 77 78
19 38 41 43 45 46 47 48 49 54 55 56 58 59 60 72 73 74 77 78
33 35 36 38 39 40 42 44 45 46 47 49 50 51 52 53 54 55 56 57 58 62 63 64 66 67 68 69 70 71 74 75 77 78
19 35 39 40 42 46 49 50 52 53 55 57 61 63 67 68 71 74 75 76
33 35 36 37 40 41 42 43 44 45 46 47 48 51 52 53 54 55 56 57 60 61 62 65 67 68 69 70 71 72 74 75 76 77
26 36 37 38 40 44 45 47 48 49 50 51 52 53 54 55 61 62 63 69 70 71 72 73 74 75 78
21 35 37 38 40 41 42 46 47 50 51 54 55 57 61 69 70 71 73 75 76 77
12 79 80 86 87 90 97 100 103 104 108 109 115
13 79 81 84 95 96 102 104 105 109 110 115 116 118
28 79 80 81 83 85 86 87 90 91 92 94 96 97 99 100 101 102 103 104 107 109 112 113 114 115 117 118 119
5 81 92 93 101 111
10 79 80 81 91 94 96 97 98 100 114
22 79 81 82 87 88 89 90 92 94 95 98 101 102 103 105 106 109 112 115 116 117 118
26 79 80 81 82 83 84 85 87 88 89 90 91 92 93 95 97 98 99 100 103 104 106 107 108 109 112
15 79 80 81 83 86 90 91 92 95 96 97 106 113 116 117
8 79 80 81 85 98 99 101 109
10 83 84 89 91 93 94 98 101 111 119
15 86 94 96 101 102 105 110 111 113 114 115 116 117 118 119
10 81 84 95 99 100 101 108 110 116 117
14 81 84 88 89 92 97 100 101 105 112 114 116 118 119
13 82 83 85 86 91 99 102 105 109 110 112 117 119
14 80 83 84 85 87 90 97 98 101 103 104 114 118 119
29 79 80 82 83 85 86 87 88 89 90 92 93 94 95 97 99 101 102 103 105 106 107 109 111 112 114 115 116 118
10 81 86 88 92 94 105 106 110 112 113
7 84 85 88 98 108 109 112
22 79 82 83 86 87 88 89 90 91 93 94 95 98 99 100 101 104 105 107 109 110 114
11 81 84 96 97 103 111 112 113 115 116 118
15 80 84 85 86 89 91 95 96 97 102 103 105 107 110 113
15 79 86 89 91 98 99 100 101 104 105 109 110 113 115 116
8 82 83 90 92 94 98 104 112
13 79 80 83 86 87 90 94 97 98 106 111 113 114
18 79 81 85 87 88 89 90 96 97 99 101 102 108 109 113 114 116 118
10 87 93 99 101 103 107 114 115 118 119
9 80 84 87 99 102 103 111 115 116
10 90 91 93 94 99 102 108 109 111 113
12 80 81 86 88 90 94 97 101 107 108 110 114
12 79 87 88 92 94 95 99 110 112 115 117 118
14 81 82 92 93 96 98 100 108 109 110 111 114 115 116
11 81 83 85 88 99 101 110 114 115 116 117
17 80 83 85 87 89 90 92 93 94 97 99 100 103 106 107 112 119
10 82 85 92 95 96 99 106 114 117 118
7 80 89 98 103 106 109 113
9 79 83 85 95 98 107 110 115 117
10 81 84 88 93 100 108 111 112 116 119
23 80 82 83 84 86 91 92 93 94 95 98 100 103 104 105 106 107 110 111 112 115 117 119
18 79 81 87 88 93 99 100 101 106 108 109 111 114 115 116 117 118 119
5 92 93 95 103 106
12 86 87 88 101 105 109 110 111 116 117 118 119
10 79 89 94 95 97 98 106 108 113 115
13 82 84 88 89 93 95 98 105 106 108 110 111 116
8 91 92 94 95 101 102 103 105
9 82 89 94 100 102 104 105 110 111
21 80 81 82 83 84 85 87 88 90 94 96 97 102 107 108 111 112 114 117 118 119
12 80 83 85 97 101 102 103 106 108 109 113 114
5 79 82 95 107 109
10 84 85 90 93 102 103 104 108 112 115
8 82 85 87 89 109 114 115 117
9 81 88 102 105 107 110 112 113 116
17 79 84 85 87 91 92 95 96 98 99 102 103 106 111 113 116 117
13 80 84 87 88 90 96 100 103 104 107 114 116 118
15 79 82 84 86 87 90 91 92 93 96 102 104 105 107 112
17 81 82 84 86 89 90 91 93 96 98 100 104 105 107 111 116 119
11 80 81 82 85 97 99 103 107 110 111 113
13 79 80 84 85 89 94 95 97 101 105 112 113 119
13 79 82 83 86 89 90 91 92 97 104 106 107 112
26 80 81 84 86 87 88 90 91 92 93 95 96 98 102 103 106 108 109 111 112 113 115 116 117 118 119
12 81 84 91 96 98 100 104 108 110 113 117 119
19 81 85 88 93 94 95 96 98 100 101 105 108 109 110 113 114 117 118 119
8 94 95 97 100 108 111 118 119
12 89 91 93 96 99 100 102 108 111 115 116 117
14 83 86 87 88 90 91 99 102 103 104 106 107 117 118
15 79 82 83 85 89 94 97 99 100 101 104 105 107 110 114
15 79 80 83 86 90 96 97 98 99 104 106 107 110 113 118
19 80 83 84 85 86 91 93 96 97 99 100 104 107 108 110 111 113 114 119
8 83 86 87 96 100 111 113 117
16 82 84 88 90 92 93 94 102 104 105 106 108 110 114 115 116
8 80 85 92 102 106 108 117 119
18 82 85 88 89 91 92 93 96 102 103 104 105 107 109 112 115 118 119
11 82 86 88 91 98 101 108 111 113 114 117
12 82 83 89 93 100 104 105 109 112 115 118 119
30 79 83 84 86 87 88 89 90 91 92 93 94 95 96 98 100 101 102 104 105 106 108 109 112 114 115 116 117 118 119
8 80 82 86 87 96 103 104 106
9 89 91 95 97 103 107 112 118 119
9 82 83 89 92 95 99 106 107 113
9 80 84 85 86 95 96 102 103 110
6 80 90 101 107 108 114
6 84 91 104 108 113 119
7 83 86 99 102 103 106 107
6 82 89 92 95 107 113
10 82 83 89 93 100 104 105 112 115 118
8 81 96 97 111 113 115 116 118
8 83 85 101 102 103 106 108 114
12 79 84 85 92 95 96 98 99 106 111 113 117
8 79 94 97 98 106 108 113 115
5 84 89 91 94 111
8 80 83 97 98 101 103 104 114
7 79 85 89 94 112 113 119
12 79 81 87 99 100 106 108 109 111 116 118 119
3 84 85 98
3 98 106 113
12 80 84 85 86 89 91 96 97 103 107 110 113
6 84 100 111 112 116 119
6 80 82 86 96 103 106
9 88 93 100 106 109 111 114 115 116
10 80 83 85 101 102 106 108 109 113 114
7 80 83 97 102 108 113 114
6 89 91 93 94 98 101
12 80 83 85 87 90 97 98 101 103 104 114 118
3 79 107 109
11 80 83 85 86 91 100 104 110 111 113 119
7 81 86 92 105 106 110 112
8 84 98 100 108 110 113 117 119
13 82 84 88 90 92 93 104 105 106 108 110 115 116
9 80 84 87 96 100 103 104 107 116
6 80 86 87 96 103 106
7 80 84 87 99 102 103 115
11 82 88 89 91 96 103 104 105 107 109 118
6 82 86 96 103 104 106
8 81 86 88 92 105 106 112 113
4 79 95 107 109
2 81 92
10 79 80 86 87 90 97 104 108 109 115
7 79 94 95 98 108 113 115
9 80 81 86 88 90 94 101 108 114
4 84 85 88 108
9 82 86 91 98 101 108 113 114 117
11 81 88 93 99 100 106 109 111 114 118 119
5 89 91 103 107 119
4 84 85 88 98
5 82 92 99 106 114
7 89 99 100 102 108 116 117
18 79 81 83 86 87 90 91 94 96 97 100 101 103 104 112 113 117 119
4 92 93 95 103
7 89 97 100 105 112 116 118
8 81 84 92 97 101 112 114 116
10 81 88 89 92 97 100 105 112 114 116
4 91 102 103 105
25 79 83 86 87 88 89 90 91 92 94 95 96 98 100 101 102 105 108 109 112 114 115 116 118 119
6 82 86 101 111 114 117
5 80 82 87 103 106
8 79 89 94 95 97 98 108 113
10 81 84 88 97 100 101 105 112 114 118
11 81 85 87 96 97 99 101 108 109 113 118
21 79 80 83 85 86 89 90 93 99 101 102 105 106 107 109 111 112 114 115 116 118
7 83 88 99 110 114 115 116
8 87 90 91 99 102 103 104 107
8 82 92 96 100 109 110 114 116
3 95 107 109
24 79 80 82 83 86 87 88 89 90 92 93 94 99 101 102 103 105 106 107 109 111 114 115 118
6 84 85 98 108 109 112
10 79 84 85 89 95 97 101 105 112 113
11 86 89 91 98 99 101 104 105 109 113 115
2 95 106
13 81 87 93 99 100 106 108 109 111 114 115 116 117
3 84 98 108
10 81 84 97 100 101 105 112 114 116 119
14 80 81 82 83 88 94 96 97 107 108 111 112 114 119
6 95 103 107 112 118 119
8 82 85 92 95 96 99 114 117
11 87 88 89 90 91 94 95 98 100 104 114
10 86 94 96 101 111 114 115 116 117 118
10 80 86 90 91 92 95 96 97 106 116
6 86 87 88 101 105 111
10 82 96 100 108 109 110 111 114 115 116
5 83 89 91 111 119
7 81 95 99 100 108 110 116
6 79 83 85 95 107 110
19 79 81 83 85 90 91 94 96 97 100 101 102 107 109 112 115 117 118 119
5 91 92 94 102 105
7 79 81 84 96 104 105 109
9 79 80 83 92 96 97 106 113 117
4 82 85 87 117
13 82 87 88 90 91 93 98 99 100 101 104 107 110
7 82 89 92 99 106 107 113
10 83 86 87 90 102 103 106 107 117 118
3 80 89 109
7 81 88 92 97 112 118 119
13 82 88 90 92 94 102 104 105 106 110 114 115 116
5 80 102 103 115 116
16 80 83 84 86 91 92 94 95 100 103 104 106 107 111 112 117
15 87 88 91 92 95 96 98 103 106 109 111 112 113 116 119
7 93 99 102 108 115 116 117
23 79 83 86 87 90 92 93 95 96 100 101 102 104 105 106 108 109 112 114 115 117 118 119
7 91 93 94 99 102 108 109
19 79 83 88 89 90 92 93 100 101 102 104 106 108 109 115 116 117 118 119
4 92 108 117 119
8 87 93 99 103 107 114 115 118
25 79 80 82 85 86 87 88 89 90 92 95 99 101 102 103 105 106 107 109 111 112 114 115 116 118
13 81 82 84 86 89 90 91 96 98 100 104 116 119
6 84 96 104 105 116 118
6 79 86 87 94 97 114
7 84 85 95 97 105 112 113
8 82 83 85 99 102 109 112 117
13 80 82 83 91 92 95 97 98 100 103 108 109 112
7 89 93 100 104 109 115 119
9 79 80 85 94 95 97 101 112 113
4 89 98 106 113
5 93 102 108 109 113
6 89 93 100 108 111 117
5 85 98 107 110 117
8 80 81 97 101 107 108 110 114
10 80 84 87 88 90 96 100 103 104 114
4 82 92 94 112
9 86 94 101 102 105 110 113 114 116
11 79 80 84 89 94 95 97 101 105 113 119
7 79 87 88 92 94 95 118
5 84 85 98 108 112
24 79 80 82 83 85 89 90 92 93 94 95 101 102 103 105 106 107 109 111 112 114 115 116 118
8 80 82 85 97 99 103 110 113
6 86 87 96 103 104 106
8 86 88 94 105 106 110 112 113
13 80 83 84 87 90 94 102 107 111 112 117 118 119
7 89 95 97 98 108 113 115
15 82 85 88 91 92 93 96 102 104 105 107 109 112 118 119
5 82 87 89 109 115
9 82 84 88 89 95 106 108 110 111
9 81 88 99 106 109 111 114 115 119
9 79 89 94 97 101 105 112 113 119
16 80 81 83 84 85 87 88 94 96 97 102 107 112 114 117 119
9 80 83 86 90 91 92 95 116 117
7 79 82 94 100 101 104 105
4 82 83 92 104
18 79 82 83 86 87 88 91 93 94 95 98 99 100 101 104 105 107 110
14 79 87 88 89 90 95 101 102 105 106 109 112 115 116
6 83 104 105 109 112 119
14 80 83 85 87 89 90 92 94 97 99 100 103 106 119
7 81 82 85 103 110 111 113
17 83 86 88 89 91 94 96 98 102 104 106 108 109 112 114 117 118
11 86 87 88 90 99 102 103 104 107 117 118
8 80 84 88 90 103 114 116 118
9 80 81 88 90 94 97 101 107 110
11 80 83 87 90 92 93 97 100 103 107 119
5 103 107 114 115 118
8 80 83 85 97 102 103 106 109
9 80 88 90 96 100 107 114 116 118
6 86 90 94 97 101 108
12 79 91 98 99 100 101 104 105 109 113 115 116
6 79 87 95 99 112 117
22 79 83 86 87 88 89 90 91 93 94 98 100 101 102 104 105 108 112 115 116 118 119
6 81 86 94 106 110 112
8 82 85 86 99 109 112 117 119
2 79 107
25 79 83 84 86 88 89 91 92 93 94 95 96 98 100 101 102 105 106 108 112 114 116 117 118 119
8 81 82 85 103 107 110 111 113
7 89 91 96 108 115 116 117
7 80 81 86 90 91 97 116
11 79 82 83 86 89 90 91 92 104 106 107
6 80 99 102 103 111 116
5 79 80 81 99 101
3 92 95 106
6 82 85 95 96 106 118
8 88 101 109 110 116 117 118 119
10 79 81 87 88 108 111 114 115 117 119
6 79 83 89 91 104 112
4 93 95 103 106
8 79 80 86 90 103 108 109 115
7 79 94 95 99 112 115 118
8 79 80 84 89 95 101 112 113
4 103 111 115 116
7 83 87 97 98 101 103 118
11 88 100 106 108 109 114 115 116 117 118 119
8 81 84 89 100 101 105 112 119
10 79 87 88 92 94 99 110 112 115 118
10 80 83 85 87 89 90 97 99 103 106
14 80 83 87 88 90 94 97 102 107 108 112 114 117 119
10 79 84 85 91 98 99 102 111 113 116
12 79 80 81 83 86 90 92 96 97 106 113 116
8 81 84 95 99 101 108 110 116
5 89 94 106 113 115
3 81 93 101
8 91 93 94 99 108 109 111 113
8 86 102 110 114 116 117 118 119
5 85 103 108 112 115
4 93 95 103 106
5 91 102 108 109 113
6 89 91 95 97 112 119
4 80 82 86 96
11 84 86 92 93 100 103 104 106 112 115 117
15 79 89 90 91 93 94 95 98 99 101 105 107 109 110 114
8 80 89 94 95 97 112 113 119
14 80 83 84 85 91 93 96 97 99 108 110 113 114 119
4 79 95 107 117
3 84 88 108
8 80 81 85 97 107 110 111 113
6 81 99 103 110 111 113
10 80 81 86 88 90 94 97 101 107 114
10 88 90 93 94 102 104 105 106 108 116
9 86 91 98 101 108 111 113 114 117
11 81 82 92 93 96 98 100 108 114 115 116
6 92 94 95 115 117 118
5 80 81 85 98 99
9 86 87 88 105 110 111 116 118 119
13 81 87 88 90 96 99 102 108 109 113 114 116 118
9 87 88 105 109 110 111 116 117 119
17 79 81 82 87 88 89 92 94 95 98 101 102 103 105 106 109 112
17 80 81 82 83 84 87 88 90 94 102 107 108 111 114 117 118 119
14 82 85 88 89 93 96 102 103 105 107 112 115 118 119
11 79 89 98 99 100 101 104 105 109 110 113
4 89 103 106 109
11 80 82 83 84 85 94 96 97 107 111 114
5 79 80 81 85 98
10 79 84 85 92 95 99 106 111 116 117
8 80 83 87 90 97 106 111 114
6 84 91 93 98 101 119
7 84 90 102 103 104 108 112
5 90 94 99 108 113
5 84 88 108 109 112
6 90 94 97 101 107 110
7 92 93 100 108 109 114 115
18 80 81 82 83 84 87 88 90 94 97 102 107 108 111 112 117 118 119
6 89 95 97 103 107 112
4 95 101 102 103
5 85 98 108 109 112
11 87 88 89 99 101 102 108 109 113 114 116
11 82 83 85 86 91 99 102 105 110 112 119
8 80 83 97 98 101 104 118 119
8 80 86 94 97 98 111 113 114
9 80 84 88 90 100 104 107 114 116
6 88 108 111 112 116 119
14 79 81 87 88 89 90 92 94 95 101 103 106 117 118
5 89 100 102 105 110
9 86 94 96 110 111 114 115 116 117
4 84 88 108 112
7 81 102 105 107 110 113 116
8 80 90 96 104 107 114 116 118
7 80 83 87 90 97 98 101
27 82 83 85 86 87 88 90 91 93 94 99 100 101 102 104 107 108 110 111 112 113 114 115 116 117 118 119
25 80 81 85 87 89 90 93 94 95 97 98 99 100 101 102 103 107 108 110 111 112 113 115 117 118
18 80 81 83 85 86 90 92 93 98 99 100 104 108 111 113 114 116 119
23 80 81 85 87 88 89 91 93 94 97 98 102 105 106 108 109 110 111 114 116 117 118 119
19 79 82 83 84 90 92 93 94 95 99 100 101 105 108 109 111 112 114 116
14 83 84 88 91 95 104 105 106 109 110 111 114 115 116
18 79 80 87 88 92 94 100 102 104 105 110 111 112 113 114 115 117 119
26 79 81 83 86 87 88 91 92 95 96 97 100 101 103 104 105 107 109 110 111 112 113 114 115 118 119
17 79 80 82 83 85 90 93 94 96 97 99 105 106 109 111 113 119
13 81 83 85 90 94 96 99 103 107 109 110 111 117
27 80 81 83 85 86 87 88 91 92 93 96 97 99 101 103 105 106 107 108 109 111 112 113 114 115 116 119
23 80 81 86 88 89 90 91 92 94 99 100 103 104 105 106 107 110 111 112 113 114 118 119
19 79 82 87 89 92 94 95 96 97 99 101 103 105 109 110 112 114 117 119
25 79 80 82 87 88 89 90 92 94 95 96 97 99 102 104 106 107 108 109 111 115 116 117 118 119
18 80 81 83 84 85 88 90 92 96 100 102 105 107 110 111 112 113 116
22 79 81 83 84 85 88 92 93 94 96 98 100 101 102 105 108 109 110 111 114 117 119
18 81 83 84 85 87 92 93 95 97 103 105 106 107 108 112 116 117 118
15 82 83 84 91 94 96 97 100 105 106 109 112 114 115 119
21 79 80 82 85 87 89 93 94 96 97 98 101 102 105 106 110 112 113 115 116 118
25 79 80 81 85 87 90 91 93 94 95 96 98 99 102 103 104 105 108 112 113 114 115 116 117 118
27 79 81 82 83 84 85 86 87 92 93 97 98 100 101 102 103 104 105 106 107 108 112 114 115 116 117 119
20 80 84 89 92 93 95 98 99 101 102 104 106 107 108 111 113 114 117 118 119
14 79 82 83 86 92 93 96 99 100 102 111 114 116 117
22 79 83 86 87 89 94 98 99 100 101 102 103 104 105 107 109 111 112 113 114 115 117
23 79 80 81 82 84 85 88 89 94 97 98 99 102 104 107 109 110 111 112 115 117 118 119
22 79 81 85 87 88 90 94 95 96 100 101 102 104 106 107 109 110 112 113 116 117 119
23 81 82 84 85 87 91 92 93 95 97 98 101 104 106 107 108 109 110 112 114 115 116 119
19 80 81 84 87 88 91 93 94 95 96 98 101 102 104 108 109 110 112 115
24 80 81 82 83 84 85 87 89 90 91 93 95 96 98 102 104 105 106 110 111 112 115 117 119
25 79 81 82 84 86 88 90 91 92 96 97 98 99 100 102 103 104 107 108 109 110 112 115 116 117
24 80 82 83 84 85 87 90 93 97 98 100 101 106 107 108 109 111 112 113 114 115 116 117 119
24 79 80 81 83 84 86 89 91 92 93 94 95 97 98 99 100 103 104 105 110 111 115 116 117
17 80 82 83 84 85 92 93 98 101 103 104 106 107 110 112 113 118
15 80 83 86 87 88 92 94 99 101 103 105 106 110 112 113
25 79 80 82 87 90 92 93 95 96 97 100 102 103 104 105 106 107 108 109 110 111 113 116 117 118
15 79 81 83 84 90 92 93 94 99 100 101 109 110 117 119
19 80 83 84 85 87 89 92 93 95 98 102 103 104 105 106 109 110 112 117
20 79 81 82 87 89 90 92 95 98 100 102 103 104 105 107 108 109 110 114 115
26 79 81 83 84 85 86 88 90 91 93 94 95 98 99 100 101 106 107 108 109 110 111 112 113 117 118
17 81 82 83 84 87 91 92 93 99 101 102 107 108 110 114 115 118
15 84 85 86 88 89 91 92 101 102 103 104 105 106 107 110
14 79 80 83 93 96 97 103 108 112 114 115 116 117 119
19 79 81 83 85 86 96 99 100 104 105 107 108 109 111 112 114 115 118 119
18 80 81 83 85 86 87 88 94 95 96 98 104 105 107 115 117 118 119
25 80 82 83 85 90 91 92 93 97 99 101 102 103 104 105 107 110 111 112 113 114 115 116 117 118
15 83 85 87 89 91 93 96 99 105 108 109 110 111 112 116
18 79 84 85 86 90 93 95 97 98 99 100 107 108 110 113 115 117 118
15 86 89 90 91 94 96 97 99 101 104 109 110 114 116 117
21 80 81 82 84 85 86 92 93 94 96 99 104 105 106 107 109 110 114 116 118 119
25 79 80 81 84 86 87 90 92 94 95 97 98 99 100 102 103 104 109 111 112 113 114 115 117 118
27 79 80 81 82 83 84 85 87 90 91 92 93 95 97 98 99 101 102 105 106 109 112 113 114 115 116 119
20 79 80 81 82 86 89 91 94 95 97 99 101 103 107 110 113 114 116 117 118
17 79 82 83 85 87 88 91 94 96 97 99 103 104 105 110 118 119
20 79 80 82 83 84 85 92 93 94 95 97 100 101 102 105 108 109 111 113 115
19 79 80 81 84 85 86 87 89 93 96 102 104 107 108 109 110 113 114 116
13 84 85 89 94 104 106 108 111 112 115 116 118 119
17 81 82 83 88 89 95 97 98 99 100 103 108 109 111 113 114 118
21 79 81 82 83 85 89 91 92 93 95 97 101 104 105 106 107 111 113 116 118 119
15 79 87 88 91 97 98 100 104 106 107 111 114 115 118 119
25 80 81 83 87 88 89 93 94 95 99 100 103 104 106 108 109 110 111 112 113 114 115 116 117 119
24 80 82 84 85 87 88 89 90 91 93 95 96 100 101 102 103 106 108 109 110 111 114 115 116
13 79 81 83 85 86 88 91 97 100 108 111 114 117
16 81 84 87 89 91 93 95 99 110 111 112 115 116 117 118 119
27 79 80 81 82 83 85 86 89 90 92 93 96 99 100 101 102 104 106 107 108 109 110 111 112 114 118 119
13 79 83 89 91 93 96 100 102 105 106 107 116 119
22 80 81 83 85 86 87 90 91 93 96 98 100 101 102 103 104 106 108 109 110 111 119
23 79 80 81 83 84 85 87 88 89 91 96 97 98 99 100 105 107 110 111 112 116 117 118
28 79 81 82 85 86 87 89 91 92 94 96 97 98 99 100 101 102 103 109 110 111 112 113 115 116 117 118 119
18 81 83 85 88 92 94 96 97 101 104 105 106 111 113 114 116 117 119
14 80 84 86 92 95 97 99 102 103 104 108 112 114 116
22 79 80 83 84 85 86 87 91 92 93 96 99 100 101 102 105 111 112 115 116 117 119
21 79 80 81 82 83 84 86 87 90 92 93 95 99 102 104 106 109 111 113 114 116
27 79 80 81 83 84 86 87 88 89 91 94 96 99 100 101 102 103 107 108 110 111 112 114 116 117 118 119
26 79 80 81 82 85 86 87 89 92 93 96 98 99 100 101 102 103 105 106 107 111 114 115 116 118 119
16 84 86 87 88 89 90 91 94 97 101 105 108 112 115 117 119
12 89 91 93 95 96 101 106 107 109 111 113 117
13 87 92 95 102 105 106 109 110 111 112 115 117 119
14 79 80 82 83 84 86 87 90 94 98 99 102 109 114
22 79 80 83 84 86 87 88 89 95 97 98 99 100 101 104 106 109 114 116 117 118 119
12 80 85 86 88 93 94 99 103 105 108 111 119
23 80 81 82 83 85 86 88 89 93 94 95 97 99 100 101 102 103 104 107 112 113 116 119
18 79 80 82 83 84 87 89 90 94 95 97 100 104 107 110 112 115 116
26 79 81 82 83 85 86 87 88 91 92 94 95 96 97 98 102 104 105 107 109 111 114 115 116 117 119
23 79 82 84 86 87 90 91 92 94 95 96 97 99 101 102 103 104 106 109 112 113 114 117
17 79 81 82 83 84 86 97 99 100 102 104 105 108 110 111 116 118
17 80 84 87 91 92 93 94 95 103 106 107 108 110 112 114 116 118
25 85 86 87 88 90 91 92 94 95 98 99 100 102 103 104 105 107 108 109 110 111 114 115 116 117
15 81 87 88 93 95 96 98 100 101 102 103 111 115 117 119
15 83 84 87 94 95 96 97 98 100 104 105 107 113 114 118
24 79 81 83 84 90 91 92 93 95 97 98 100 102 104 105 106 107 108 109 111 113 117 118 119
14 89 90 92 93 96 99 101 104 105 108 109 113 115 116
20 80 82 84 86 89 90 92 96 97 98 105 106 107 108 109 113 114 117 118 119
16 79 80 84 89 92 95 96 97 102 104 106 110 111 114 116 119
26 80 81 82 83 85 86 88 89 90 92 93 96 97 98 100 101 102 105 106 107 110 111 112 114 116 117
14 82 83 85 89 92 94 97 98 101 105 106 109 111 117
23 80 81 82 84 85 86 88 90 91 92 93 95 96 104 108 110 111 113 114 115 116 117 119
24 80 81 82 83 84 85 87 89 91 92 96 99 100 101 102 103 104 106 107 109 111 116 118 119
14 81 82 90 92 102 104 105 108 111 112 114 116 117 119
28 79 80 81 84 85 86 89 90 91 92 93 94 96 98 100 101 103 106 108 109 110 111 113 115 116 117 118 119
17 79 80 85 86 88 90 97 99 102 105 106 108 110 112 116 117 119
21 80 83 85 87 89 91 92 93 94 97 98 100 102 103 104 105 106 107 111 114 118
20 80 83 84 86 87 89 90 95 96 97 99 100 105 106 107 108 111 112 114 119
25 79 81 82 84 88 91 93 94 95 99 100 103 104 105 106 107 108 109 111 113 114 115 116 117 118
19 79 80 82 86 88 89 94 95 96 99 107 108 109 110 112 113 115 116 118
22 80 81 82 83 84 87 88 89 91 94 95 101 102 103 104 105 106 109 110 111 117 119
16 79 81 84 85 87 91 92 94 95 97 98 103 115 116 117 118
15 80 86 90 91 92 93 96 97 98 100 106 107 111 115 116
24 79 80 81 82 83 85 86 87 92 94 95 96 97 101 102 103 104 105 106 108 113 116 118 119
13 87 88 90 96 97 98 103 105 107 108 110 113 114
21 82 84 86 88 91 93 94 97 100 101 102 104 105 106 107 109 110 114 115 117 118
16 79 80 85 88 91 92 95 96 99 102 103 104 105 112 115 118
19 79 80 81 86 91 93 94 96 98 100 102 103 104 108 110 113 117 118 119
20 80 83 84 88 89 90 95 97 100 105 106 107 108 109 111 112 115 117 118 119
26 80 81 82 83 85 86 88 90 93 94 95 96 97 98 99 100 101 103 105 109 110 111 112 113 114 117
15 80 81 82 85 86 87 88 90 94 102 103 104 109 113 116
24 79 80 82 83 84 85 86 87 89 92 93 96 97 98 101 106 107 108 110 111 113 114 115 116
26 79 80 81 82 85 86 87 89 91 92 93 95 96 97 100 101 103 104 108 109 111 112 113 115 116 118
25 80 81 83 86 87 88 89 90 92 94 95 96 99 100 101 102 103 104 106 107 108 109 111 112 113
21 79 84 85 86 88 89 91 92 100 101 102 103 104 106 107 111 112 114 115 116 117
15 88 89 92 99 100 101 103 104 105 106 114 116 117 118 119
13 79 82 89 92 97 104 105 107 108 109 112 113 115
14 81 82 83 87 88 89 95 96 98 99 108 109 116 118
25 80 82 84 86 87 89 90 92 93 95 97 98 100 105 106 108 109 111 112 114 115 116 117 118 119
20 79 83 84 85 88 89 93 94 95 97 98 100 103 110 111 112 114 115 117 118
16 79 81 84 85 87 88 94 96 98 99 101 105 109 114 116 117
25 79 81 82 84 86 88 89 91 92 93 94 98 99 100 101 103 106 108 109 111 112 114 115 116 119
16 79 80 83 91 93 94 96 99 100 102 103 104 108 116 117 118
20 79 80 84 86 88 89 91 97 99 102 103 105 106 107 110 113 115 116 117 119
21 79 80 85 86 87 88 89 91 92 94 95 99 100 102 104 105 108 109 111 113 119
18 79 80 83 84 87 88 89 94 99 100 102 103 105 114 115 117 118 119
20 80 81 85 88 89 91 92 93 96 97 98 100 102 103 108 109 110 112 116 119
22 80 81 82 84 85 86 87 89 90 92 95 96 99 101 102 104 106 110 112 114 115 116
25 79 80 83 85 86 87 90 92 94 95 96 97 99 100 101 103 104 105 107 109 111 113 115 116 117
26 80 81 82 83 86 87 88 89 92 94 95 96 98 100 101 102 105 107 108 110 112 113 114 117 118 119
23 79 80 81 82 86 89 91 92 93 95 96 99 100 101 102 103 104 105 108 109 111 113 114
26 79 81 82 85 86 89 90 92 93 94 95 98 101 103 104 106 107 108 109 111 113 114 116 117 118 119
26 79 80 82 85 87 89 90 92 93 94 95 96 102 104 105 106 107 110 111 113 114 115 116 117 118 119
27 82 84 86 87 88 89 90 91 92 95 96 97 98 100 101 103 104 105 107 108 110 111 113 114 116 117 118
19 80 81 85 88 91 92 97 98 99 100 101 105 106 114 115 116 117 118 119
17 79 81 82 84 85 86 87 90 92 94 96 97 98 100 106 110 114
20 80 81 83 84 86 87 89 91 93 95 99 100 102 103 106 107 112 115 116 117
25 79 80 83 84 85 86 88 89 90 93 96 100 101 102 104 105 106 107 110 111 112 113 115 117 118
25 79 80 83 84 85 86 88 89 94 97 98 99 101 102 103 105 107 109 110 114 115 116 117 118 119
13 79 80 81 83 85 93 98 100 102 103 109 114 116
18 79 81 85 87 88 90 92 93 95 97 98 99 100 104 108 109 110 113
26 81 84 86 87 88 90 91 93 94 96 97 98 99 100 101 103 106 107 108 109 110 112 113 114 116 119
26 79 81 83 84 85 86 89 91 93 94 95 96 97 98 99 101 102 103 105 106 108 112 113 115 116 119
16 79 81 83 89 90 94 101 102 104 105 106 108 110 112 117 119
15 80 87 88 89 90 91 95 98 101 104 105 107 109 112 119
22 79 81 82 84 87 88 89 90 92 93 94 96 98 101 103 104 105 108 109 111 113 114
24 79 81 85 87 88 90 91 92 93 94 96 97 98 101 103 106 107 111 112 113 114 116 117 119
20 81 83 84 85 87 88 91 92 93 96 97 98 99 105 109 110 112 115 116 118
23 79 80 82 83 85 86 88 89 90 91 94 96 98 99 101 103 105 109 110 113 114 115 119
13 82 85 88 95 96 97 99 101 102 105 115 118 119
21 80 82 85 86 87 90 91 92 94 95 97 102 103 107 108 110 112 113 114 115 116
28 80 82 83 84 85 86 88 89 90 91 95 96 97 98 99 100 101 102 103 104 110 111 112 113 115 116 117 118
26 80 81 82 83 84 85 86 87 89 92 93 95 97 98 99 100 104 106 107 108 109 111 113 114 116 118
27 79 80 82 83 85 86 87 89 90 92 93 94 95 96 98 100 102 103 104 105 106 108 109 111 113 114 115
20 85 89 91 93 94 97 100 101 103 105 106 107 108 109 111 112 115 116 117 118
15 79 80 82 84 92 93 98 101 102 103 111 112 114 116 118
20 79 80 81 83 87 88 89 91 94 97 98 99 104 106 108 110 111 112 114 116
21 79 81 84 85 88 90 91 93 95 100 102 104 105 107 110 111 112 113 115 116 117
23 80 81 83 86 87 89 93 94 95 97 98 100 101 102 103 108 109 110 111 112 114 117 119
16 82 85 89 92 93 98 99 102 106 107 108 110 111 113 114 118
27 80 82 83 84 85 86 90 93 94 95 96 97 98 99 100 103 104 105 106 107 109 112 113 114 115 116 119
16 80 82 83 85 88 90 102 103 104 105 107 111 115 117 118 119
23 80 81 83 84 85 87 88 91 92 94 96 98 99 100 101 102 105 108 111 112 113 114 118
27 79 80 81 83 85 86 87 88 90 93 96 97 99 100 101 104 106 108 109 111 112 113 114 115 116 117 118
14 79 82 86 91 94 103 104 110 112 113 114 115 117 119
14 79 85 86 89 91 92 98 99 102 105 109 111 116 119
27 80 83 84 85 86 87 90 91 92 93 94 95 96 98 100 101 102 103 105 107 108 110 111 112 115 117 118
14 79 81 83 87 90 96 99 103 105 110 114 116 117 119
12 84 93 95 97 99 100 102 106 107 110 113 115
19 81 83 85 86 87 93 95 97 100 103 104 105 106 108 109 110 111 113 115
22 79 80 82 88 91 93 94 95 96 97 98 99 103 104 106 107 109 110 111 113 114 117
20 79 80 81 82 83 87 88 90 94 95 101 104 107 109 110 112 114 115 118 119
12 80 81 86 93 94 96 97 98 101 105 107 111
17 79 80 82 86 87 92 95 96 97 98 104 111 112 113 115 116 117
16 80 82 92 94 96 97 98 100 104 106 108 111 113 115 117 119
20 79 81 84 86 87 88 90 91 92 98 99 100 105 106 110 111 115 116 118 119
19 84 85 86 93 94 95 97 98 99 101 103 105 107 108 113 116 117 118 119
14 79 84 85 91 94 96 100 101 102 109 110 111 115 119
28 79 80 82 84 85 87 88 90 91 92 93 94 99 101 102 103 104 105 106 107 111 112 113 114 116 117 118 119
14 83 84 85 86 88 89 93 96 99 100 101 110 114 118
13 82 85 86 90 93 103 106 109 110 111 113 117 118
18 79 82 83 84 90 93 95 99 101 106 109 111 112 113 116 117 118 119
12 80 83 85 88 89 90 91 97 112 113 115 118
23 79 81 82 83 84 88 90 91 95 99 101 102 107 108 109 110 111 113 114 115 116 117 118
18 79 81 84 85 91 92 94 96 97 100 102 104 105 108 112 113 115 119
26 80 81 83 85 86 87 89 93 95 96 97 98 99 101 104 105 106 108 109 111 112 113 115 116 117 119
28 79 81 82 85 86 87 88 89 93 95 97 98 99 100 103 104 105 106 107 110 111 112 113 114 115 116 117 119
20 79 80 82 83 88 89 90 94 99 101 103 107 109 111 113 114 115 116 117 118
22 79 80 81 82 86 87 91 92 93 94 95 98 100 101 102 104 107 108 109 113 115 118
14 81 90 92 93 94 98 99 105 106 111 113 114 115 117
26 79 80 81 83 84 85 91 92 93 95 96 97 99 102 103 104 105 107 108 110 111 112 115 116 117 119
22 80 83 84 85 87 88 89 90 92 93 95 98 99 101 102 103 105 106 113 114 115 116
14 79 82 85 89 90 94 97 98 99 102 105 107 112 114
14 79 86 87 91 93 95 98 106 107 111 112 116 117 119
24 80 82 83 84 85 87 88 90 93 94 96 98 100 101 103 105 106 110 111 113 115 116 117 119
23 79 81 83 84 85 87 90 91 94 95 99 100 103 104 106 107 108 109 111 112 113 118 119
28 79 80 84 87 88 89 90 91 94 95 96 97 99 100 101 102 103 105 106 107 108 109 111 112 114 116 118 119
14 83 85 88 92 103 105 107 108 109 111 112 116 118 119
14 82 84 88 89 91 99 101 108 112 115 116 117 118 119
18 79 80 81 83 85 89 91 93 96 98 99 101 102 103 104 113 117 119
20 79 81 83 84 85 89 90 91 92 98 99 101 103 105 106 107 110 114 117 119
25 79 80 81 82 83 84 87 90 91 92 93 94 97 98 100 102 103 105 107 108 111 113 114 115 118
26 81 82 84 85 86 88 91 92 93 94 95 98 99 101 102 104 105 106 108 109 111 112 113 114 117 118
15 79 85 95 96 97 100 102 104 105 106 108 112 113 114 117
19 79 84 85 86 88 92 93 94 95 97 98 99 100 102 106 107 109 110 115
25 80 81 82 83 85 86 87 89 90 91 94 96 97 98 100 103 104 106 107 108 109 110 111 114 116
13 84 85 90 91 92 93 101 103 104 106 116 117 118
20 82 85 86 87 90 92 95 96 98 102 103 105 106 107 108 111 114 117 118 119
24 80 81 82 83 84 85 86 90 91 95 96 97 98 99 100 103 104 105 106 110 111 113 114 116
17 79 82 83 86 89 90 94 96 99 100 102 105 106 108 111 118 119
14 79 81 83 87 89 92 93 95 96 99 100 101 104 110
16 82 83 87 89 95 99 102 104 105 110 112 113 115 116 118 119
20 83 84 86 87 90 93 94 98 99 101 103 104 105 107 109 111 112 113 114 119
23 79 80 83 85 86 87 88 89 91 92 93 95 99 100 104 106 107 108 110 111 114 115 116
27 80 81 83 84 85 86 87 89 93 94 95 96 97 99 100 101 104 106 107 108 109 110 111 114 115 116 119
22 79 81 82 84 85 86 91 94 96 97 99 100 101 105 106 107 110 112 113 114 116 118
17 80 84 87 88 89 94 95 96 97 99 100 101 103 109 112 114 116
27 80 81 83 85 86 87 88 89 90 91 92 93 95 96 99 100 101 104 106 107 110 112 113 114 115 117 119
14 79 84 88 89 90 91 92 95 98 103 109 111 113 117
20 79 81 86 87 89 91 93 95 96 97 98 102 103 106 107 108 109 110 115 117
17 81 82 84 85 87 89 90 94 95 97 99 100 101 105 107 114 117
22 79 80 81 82 83 88 89 95 96 98 99 101 102 103 105 108 109 111 112 117 118 119
25 80 81 82 84 85 86 90 91 92 94 95 96 97 100 101 102 105 106 107 108 109 111 112 113 117
26 79 80 82 83 84 87 90 93 94 98 99 100 101 102 103 106 107 108 109 110 111 113 114 115 117 119
22 84 89 91 93 94 97 98 99 100 101 102 104 107 108 109 110 112 113 115 117 118 119
12 80 88 90 91 92 94 101 106 107 108 112 118
25 81 83 84 87 88 89 91 92 93 95 97 99 100 101 102 103 104 105 107 108 109 110 111 112 115
17 79 81 82 83 84 85 86 90 92 97 98 103 107 108 112 114 117
15 79 80 86 87 88 91 92 100 103 105 107 108 110 115 117
15 79 85 86 89 90 92 98 101 103 106 107 112 113 114 117
25 79 82 83 84 85 91 92 95 96 98 99 101 104 105 106 108 109 110 111 113 114 115 116 118 119
21 80 83 84 85 87 88 90 92 93 94 95 96 97 101 104 105 106 107 110 112 114
14 85 86 87 88 94 95 96 97 98 103 107 108 113 115
24 86 88 89 90 91 92 93 94 95 97 99 101 103 104 105 108 110 111 112 113 114 115 116 117
15 80 84 86 88 91 95 99 102 103 104 106 110 113 117 118
18 79 80 84 88 89 90 93 95 100 101 103 106 111 113 114 115 116 119
17 80 86 88 89 91 92 96 100 102 105 106 108 109 110 111 112 113
19 80 81 82 83 84 85 86 88 89 92 97 100 106 107 108 110 112 114 116
21 81 86 87 89 91 92 93 94 98 99 100 102 107 108 110 111 112 113 114 115 119
15 121 122 125 126 128 130 131 134 137 138 139 140 142 143 148
17 121 122 123 124 125 126 128 131 132 137 138 140 142 143 144 148 149
9 121 122 126 127 128 130 136 139 142
7 122 123 125 134 140 141 149
21 120 121 122 123 124 125 126 127 129 131 132 133 134 135 136 139 141 142 145 146 149
12 125 128 129 135 138 139 141 143 144 145 147 148
10 122 124 125 126 128 131 137 138 144 149
8 122 123 127 129 130 133 136 148
20 120 121 122 126 127 131 133 134 135 136 137 138 139 142 143 144 145 146 147 148
3 128 137 149
8 121 126 128 138 139 141 147 149
15 120 121 122 123 125 126 127 135 136 137 141 144 145 146 148
6 133 139 142 143 145 148
9 128 130 137 138 140 143 144 147 148
10 123 127 129 130 132 136 140 143 145 148
12 121 124 127 130 131 132 133 136 142 147 148 149
6 122 123 131 141 143 147
12 120 123 127 130 131 133 136 138 139 140 143 149
9 125 132 133 134 135 139 141 145 149
10 123 124 125 128 129 130 132 140 141 149
15 125 128 129 131 132 133 134 136 138 139 140 142 144 148 149
16 120 121 124 125 128 129 132 133 135 136 138 139 140 145 147 149
7 120 124 133 134 135 141 147
10 121 124 130 131 132 136 137 144 146 147
8 120 129 131 132 133 141 142 143
15 122 129 130 131 132 134 136 139 140 141 142 143 145 148 149
7 122 124 129 130 142 143 148
9 124 125 128 132 134 135 137 145 147
14 120 121 123 125 129 130 132 133 134 135 136 139 141 147
6 124 127 130 132 133 144
15 120 121 123 124 125 126 127 128 133 135 137 138 144 146 147
4 121 127 141 142
17 120 121 122 124 126 127 128 130 131 136 137 138 140 142 143 146 148
26 120 121 123 124 125 126 127 128 129 130 131 133 134 135 136 137 138 139 140 141 143 144 146 147 148 149
15 120 123 124 127 129 132 133 135 136 141 144 145 146 147 149
10 127 129 130 133 134 135 136 139 141 146
7 121 134 135 140 142 146 149
15 120 121 122 123 124 126 127 130 135 137 141 143 145 146 147
5 138 143 144 145 146
7 120 126 127 128 129 135 138
19 120 121 125 126 129 130 132 133 136 137 138 139 140 141 143 144 145 146 148
6 122 128 131 139 142 149
7 121 125 126 137 138 144 146
14 122 123 126 127 130 131 134 137 141 142 143 144 146 148
6 132 133 134 137 145 147
10 123 125 126 127 131 132 134 138 140 141
11 120 125 126 128 129 136 137 138 139 145 148
11 122 123 124 127 128 131 134 135 142 147 149
7 123 124 125 135 144 146 147
14 120 124 125 131 132 134 135 137 140 142 143 144 145 146
18 120 121 122 123 124 126 127 130 131 132 133 134 136 137 140 142 146 149
8 122 124 126 127 131 140 142 148
8 121 127 129 131 136 138 139 148
5 130 134 135 136 147
14 120 129 131 132 133 134 137 138 140 141 143 145 148 149
3 124 139 142
4 123 129 144 147
7 125 128 129 134 139 142 148
6 120 122 130 142 143 149
9 121 122 126 129 141 142 144 146 148
10 123 124 125 126 128 135 140 141 144 146
5 130 131 132 133 149
22 121 122 123 124 125 126 127 128 130 134 135 136 137 138 139 140 144 145 146 147 148 149
18 120 122 123 125 126 128 129 134 135 137 138 139 140 141 143 144 145 146
3 120 145 147
7 128 129 134 138 140 143 147
4 122 132 142 145
23 120 121 122 123 124 126 127 130 131 132 133 135 136 137 138 140 141 143 144 145 146 147 149
11 120 123 129 132 133 139 140 143 145 146 148
13 120 121 128 133 135 136 137 139 144 145 146 147 149
4 138 143 145 146
4 128 129 138 140
5 121 134 135 142 149
5 123 124 125 132 149
6 122 124 126 131 142 148
7 128 130 137 138 140 147 148
5 120 133 134 141 147
7 120 123 125 132 136 139 141
7 122 124 128 137 138 144 149
9 120 121 124 126 127 134 137 146 149
12 120 123 124 127 132 133 135 136 141 145 147 149
6 127 129 130 136 139 146
12 120 125 126 129 130 136 139 140 141 144 145 148
4 134 135 137 147
8 123 127 129 130 132 140 143 148
3 130 134 136
14 120 121 122 124 126 127 130 131 132 133 134 136 137 140
8 122 123 126 127 135 136 144 148
8 123 125 130 133 134 135 136 141
3 131 142 149
9 122 127 130 131 134 137 142 144 148
4 122 123 143 147
5 130 131 136 146 147
2 132 142
13 121 124 125 128 129 132 133 135 138 139 145 147 149
4 125 129 134 148
3 122 141 147
12 120 124 125 132 134 135 137 140 142 144 145 146
2 124 139
12 120 121 122 124 127 131 133 136 137 142 146 149
2 130 147
15 122 123 124 125 126 131 132 137 138 140 142 143 144 148 149
4 122 126 136 142
4 132 133 137 145
6 124 125 126 137 138 144
3 130 131 132
3 123 144 147
9 120 122 124 127 135 137 141 146 147
3 129 142 143
1 124
6 128 137 138 140 143 147
11 122 126 127 130 131 134 137 141 142 143 146
10 120 124 131 134 137 140 142 143 144 146
14 120 121 127 133 134 135 136 138 139 142 143 144 145 146
3 130 135 136
2 143 144
14 120 122 123 127 130 131 132 136 137 138 143 145 147 149
6 121 124 131 137 146 147
6 123 124 135 144 146 147
9 122 124 128 130 131 138 140 142 146
7 120 129 132 134 138 141 148
2 143 146
4 130 134 136 147
6 123 127 128 131 134 149
6 121 134 135 140 142 149
3 133 137 145
12 120 121 131 133 134 135 136 137 142 144 147 148
2 145 147
8 123 126 128 135 140 141 144 146
12 120 121 122 123 125 127 136 141 144 145 146 148
5 124 131 137 144 149
8 129 130 134 136 139 140 142 148
6 121 127 136 138 139 148
3 137 138 146
17 120 122 123 124 125 126 127 131 132 133 134 135 136 139 142 145 146
6 127 130 133 136 147 148
4 120 124 133 141
4 133 139 142 148
5 121 135 142 146 149
8 120 125 129 132 134 139 141 147
7 123 125 126 128 140 141 146
3 132 134 147
4 128 129 134 143
8 121 130 131 132 136 137 146 147
4 125 128 129 139
6 124 127 132 142 148 149
5 121 122 127 128 136
17 121 126 127 131 133 134 135 136 137 138 139 142 143 145 146 147 148
15 120 121 124 126 127 128 130 131 136 137 138 140 142 143 148
5 134 135 140 142 149
9 120 127 129 132 133 141 145 146 149
9 127 131 132 133 134 136 140 146 149
8 120 121 128 133 135 136 137 145
13 120 121 125 129 130 132 137 140 141 143 144 146 148
13 121 122 125 126 128 130 131 134 137 138 139 140 142
3 132 133 149
3 133 139 148
7 120 121 135 137 139 145 149
5 129 134 138 140 143
6 122 124 126 140 142 148
3 122 131 142
12 120 121 122 123 127 131 133 134 136 140 142 146
10 120 121 125 126 130 139 141 143 145 148
16 121 122 124 127 131 132 133 135 136 137 138 141 144 145 146 147
6 121 126 128 138 147 149
7 125 132 135 143 144 145 146
3 124 130 132
7 120 123 129 143 145 146 148
4 122 123 141 143
4 131 132 142 143
4 126 127 131 140
6 124 125 128 129 130 132
3 123 129 144
8 121 124 127 130 132 136 142 148
4 133 139 143 145
9 120 128 133 135 137 139 144 146 147
6 130 137 140 143 144 148
6 130 137 138 144 147 148
11 120 122 127 131 133 135 137 143 144 146 147
6 121 124 131 132 144 146
6 123 124 125 128 132 140
5 122 123 140 141 149
5 120 126 127 129 138
8 120 121 123 130 133 136 139 147
7 120 132 133 140 143 145 148
7 123 125 126 127 131 134 140
4 122 126 131 140
3 121 127 141
6 121 127 128 136 139 142
6 122 127 130 133 136 148
5 125 133 139 141 145
5 125 131 137 144 149
7 122 124 125 126 128 131 138
2 123 147
2 145 147
6 125 128 129 134 142 148
6 123 129 133 139 140 146
6 121 130 131 133 142 148
9 120 129 133 134 137 138 143 148 149
5 122 127 128 130 139
8 123 124 125 128 135 141 144 146
4 133 143 145 148
6 122 126 128 136 139 142
12 121 124 125 129 132 133 136 138 139 145 147 149
14 121 126 127 131 135 136 137 138 142 143 144 145 146 147
4 123 129 130 133
2 123 144
5 125 132 133 141 149
12 120 121 122 123 124 127 130 131 134 136 137 146
6 123 125 126 132 134 141
8 123 124 125 128 130 132 141 149
6 120 130 131 133 139 143
7 123 127 129 130 136 145 148
11 124 128 129 133 135 136 138 139 145 147 149
6 123 125 135 144 146 147
11 120 122 125 126 129 134 135 137 140 141 143
10 128 129 131 133 134 136 139 140 144 148
5 134 140 142 146 149
17 120 122 123 125 126 127 129 131 132 133 134 135 136 141 145 146 149
7 127 129 130 132 140 143 148
2 139 142
6 123 124 128 140 144 146
2 127 141
5 127 130 134 135 141
3 130 143 148
8 121 128 130 131 134 140 142 143
12 122 123 126 127 131 137 141 142 143 144 146 148
3 130 143 149
5 127 131 140 142 148
6 128 130 137 138 143 147
9 124 130 131 132 136 142 147 148 149
8 123 124 128 130 132 140 141 149
16 120 122 126 127 131 133 134 135 136 138 139 142 143 144 145 146
4 127 129 133 136
11 121 122 124 127 130 135 141 143 145 146 147
4 123 124 135 146
7 128 130 138 140 143 147 148
4 130 134 136 147
7 123 125 127 132 138 140 141
9 121 122 124 126 131 133 136 140 146
1 120
6 123 133 140 143 145 146
8 123 130 133 136 138 140 143 149
8 127 129 130 133 134 139 141 146
7 123 125 126 132 134 138 140
9 122 130 132 136 140 142 145 148 149
5 122 126 128 131 149
8 122 130 131 139 141 145 148 149
8 123 125 126 131 132 134 140 141
9 122 129 130 131 134 140 141 142 143
10 120 129 131 133 134 138 141 143 145 148
4 124 126 140 142
3 133 134 147
6 121 134 135 142 146 149
9 120 123 124 125 126 128 133 135 147
6 128 132 135 137 145 147
6 131 132 136 144 146 147
2 128 149
5 134 135 142 146 149
8 121 122 123 126 127 141 145 147
10 121 123 127 132 137 138 139 143 144 147
18 120 123 125 127 128 130 131 134 137 138 139 143 144 145 146 147 148 149
17 121 123 124 126 127 128 129 132 134 135 136 137 138 140 142 146 149
10 120 124 127 128 131 133 135 142 145 147
18 122 124 125 128 129 131 133 134 135 136 137 139 142 143 144 145 148 149
19 122 124 125 126 128 130 131 132 133 134 137 139 140 142 143 145 146 147 149
15 124 125 130 133 135 136 137 140 141 143 144 145 146 148 149
20 120 122 123 124 125 127 130 131 134 135 136 137 139 140 141 144 145 146 147 148
12 120 125 126 127 128 129 131 134 137 141 144 148
16 124 125 127 128 129 130 131 134 137 139 140 141 143 146 148 149
12 122 124 125 129 130 134 136 138 141 142 145 146
18 121 122 123 124 126 127 128 129 130 131 134 136 138 140 142 143 144 145
12 120 121 125 126 129 130 131 134 138 141 145 146
20 120 121 123 125 126 128 129 131 133 134 135 137 139 140 142 144 145 146 148 149
20 120 121 123 125 129 130 131 132 133 136 137 138 140 141 142 144 145 146 147 148
18 120 122 124 126 128 129 131 134 135 137 139 140 141 142 144 146 148 149
9 121 125 134 135 137 141 143 144 145
9 125 128 132 133 134 135 141 144 149
19 120 121 122 123 124 128 129 131 134 136 138 139 140 142 143 145 147 148 149
15 120 121 123 124 126 128 129 131 133 139 141 142 144 147 148
17 120 121 123 124 125 129 131 132 134 135 137 138 140 141 143 145 149
13 120 121 130 132 136 138 139 140 141 143 145 146 149
10 122 123 124 128 133 134 135 137 138 144
12 120 122 123 124 128 131 133 135 137 138 141 149
19 121 122 126 127 129 131 132 133 134 136 137 138 139 140 142 145 146 147 149
17 120 121 123 124 134 135 136 137 138 139 140 141 143 145 146 147 148
18 121 124 125 127 130 131 132 133 134 137 138 141 142 143 145 146 148 149
9 124 129 130 131 133 136 137 139 146
16 120 123 124 126 127 128 129 130 138 139 142 143 144 145 146 148
20 120 122 124 125 127 129 130 132 135 136 139 141 142 143 144 145 146 147 148 149
19 120 122 123 127 129 131 132 133 134 135 136 137 138 141 142 144 145 147 148
12 120 122 130 132 133 134 135 138 141 147 148 149
12 120 122 125 126 128 133 134 137 138 144 147 148
12 122 124 125 128 130 137 138 140 141 142 145 148
18 120 121 125 126 128 130 132 133 134 135 136 137 138 139 144 146 148 149
20 120 121 124 126 127 128 131 132 134 136 137 139 140 141 142 144 145 146 147 148
18 120 121 122 126 127 129 133 134 135 136 137 138 140 141 142 143 145 149
17 121 122 124 125 128 129 130 131 132 134 136 140 141 142 145 147 148
19 121 122 123 125 126 128 129 130 131 133 137 139 140 143 144 145 146 147 149
20 120 121 122 124 125 127 129 131 132 134 135 136 137 139 142 143 144 145 147 148
17 120 122 123 124 125 129 132 134 136 137 138 139 140 143 144 146 148
9 123 125 127 133 136 138 139 141 143
13 121 123 127 129 131 133 138 139 141 142 145 146 148
20 121 124 125 126 127 130 133 134 135 136 137 138 139 140 141 142 144 146 147 148
14 120 122 124 125 130 135 137 138 140 142 143 145 146 148
9 120 122 126 128 135 140 144 148 149
13 123 127 128 129 131 132 133 134 135 137 138 144 145
19 120 122 123 124 125 126 127 128 129 130 133 135 138 140 142 144 145 147 148
14 120 121 126 127 129 133 134 136 140 141 143 146 147 148
15 120 121 122 126 127 128 129 130 136 141 142 143 145 148 149
15 120 122 126 127 129 132 134 135 137 139 140 141 142 143 146
14 124 127 130 131 132 133 134 136 141 142 143 145 148 149
11 121 122 125 127 132 135 137 138 139 141 145
18 121 122 126 128 129 130 132 134 135 136 137 138 140 141 143 145 147 148
17 120 125 127 128 129 130 133 134 135 136 137 139 143 145 146 147 149
12 120 121 123 130 132 133 134 135 142 143 147 148
17 121 125 127 128 130 131 132 133 134 137 138 139 140 143 144 147 148
19 120 121 122 124 125 126 127 128 130 133 134 135 136 137 141 142 145 146 149
14 121 124 126 128 129 132 134 135 136 138 139 141 143 144
17 120 122 124 125 126 127 128 130 131 132 136 137 142 145 146 147 148
15 120 121 122 123 124 129 131 134 135 136 137 139 140 143 145
19 120 121 123 124 125 126 127 129 130 133 135 137 138 141 142 143 144 145 148
12 121 122 123 128 131 132 135 139 142 144 146 147
20 122 124 125 126 127 133 134 135 136 137 138 139 140 141 142 143 144 146 147 149
9 122 123 125 127 131 136 142 145 148
15 120 121 122 123 126 127 131 133 136 137 140 143 145 147 149
19 121 122 124 125 126 128 130 131 132 133 136 137 139 140 142 144 146 148 149
12 120 123 128 130 136 137 138 140 142 143 145 148
17 120 124 125 131 132 133 135 138 139 140 141 142 143 144 146 148 149
10 123 127 130 138 140 142 143 144 145 146
14 121 123 125 126 127 128 130 134 136 137 139 143 144 149
12 121 123 125 128 129 133 135 137 138 139 146 148
20 120 121 122 123 125 127 129 130 131 133 136 138 139 140 141 142 143 144 147 149
13 120 125 126 129 131 133 134 137 142 144 145 147 148
15 120 121 124 125 129 131 132 135 137 138 140 141 145 147 149
18 120 123 124 125 127 128 130 131 133 135 136 137 139 141 142 143 144 145
10 121 122 123 124 125 126 129 135 136 147
9 123 129 135 139 140 144 145 146 149
14 120 122 123 124 128 131 134 135 141 142 143 144 147 148
17 122 126 127 131 133 134 135 136 137 139 140 143 144 145 147 148 149
15 123 125 127 129 131 132 134 136 137 139 143 145 146 147 148
9 120 125 131 135 137 139 140 147 148
19 120 121 122 123 127 128 129 133 135 138 140 141 142 143 144 145 146 148 149
17 121 124 126 127 130 131 132 134 135 136 140 142 143 144 145 147 148
12 121 122 123 128 134 136 137 139 141 142 145 146
19 120 121 124 125 126 127 129 130 133 134 135 136 138 139 140 141 142 143 149
20 120 122 123 125 126 127 128 130 134 136 137 138 140 141 142 143 144 145 146 147
12 127 129 130 133 134 136 138 141 142 143 146 147
13 122 123 125 126 129 130 133 135 136 137 138 141 148
15 122 127 128 130 131 132 133 135 136 137 139 144 146 147 148
18 120 122 124 125 126 128 129 132 133 135 136 137 138 139 140 147 148 149
19 120 122 123 125 126 127 131 132 133 135 136 138 139 140 142 143 145 146 147
17 120 121 123 125 126 127 130 131 133 134 137 138 139 140 143 147 149
15 120 122 123 124 125 128 130 131 135 136 137 139 140 142 143
19 123 124 126 127 128 129 130 131 132 135 136 138 139 140 141 142 144 146 149
10 122 129 131 134 139 140 142 146 147 148
15 120 123 124 128 129 130 132 134 138 140 141 143 144 147 148
12 121 124 125 126 127 129 130 133 141 142 143 145
12 122 124 126 128 130 132 135 137 144 145 146 149
12 121 126 127 130 132 134 135 137 139 142 146 148
17 121 122 123 127 128 129 130 132 134 138 143 144 145 146 147 148 149
12 127 128 129 130 131 135 136 139 141 144 146 147
20 120 121 123 125 126 127 128 129 131 132 133 135 137 138 141 142 143 147 148 149
13 121 122 123 128 131 132 134 135 136 138 141 142 149
15 121 122 124 125 127 133 134 135 138 139 140 143 146 147 148
16 120 121 122 127 128 134 135 136 137 139 140 144 145 146 148 149
12 122 125 126 131 132 134 136 139 140 144 145 149
20 121 122 123 124 125 129 130 131 132 133 134 136 137 139 142 143 144 145 146 148
10 120 122 129 133 134 137 139 141 145 147
14 123 125 126 127 132 134 135 139 140 141 145 146 147 148
17 120 121 123 124 125 127 128 129 130 131 132 133 134 135 140 145 146
17 120 123 125 126 127 128 130 132 134 136 137 139 140 141 143 145 148
13 121 123 126 128 129 130 131 137 139 141 142 147 148
15 121 123 124 125 126 131 132 134 135 138 139 141 142 145 148
20 120 121 122 123 126 130 132 133 135 137 138 140 141 142 143 145 146 147 148 149
16 120 121 124 125 126 127 129 130 133 135 136 139 140 142 147 148
18 122 123 124 125 127 131 132 133 134 135 137 139 140 142 144 147 148 149
13 123 124 125 130 131 135 137 139 141 142 143 146 148
10 123 125 126 134 136 137 140 142 148 149
18 120 121 123 125 127 131 133 134 135 137 138 140 143 144 145 147 148 149
13 121 124 125 126 133 135 140 141 143 144 146 147 149
13 121 125 126 127 128 130 133 135 137 138 139 148 149
19 120 121 122 123 124 127 129 130 132 133 134 135 137 139 140 142 146 147 148
13 120 121 124 127 131 133 137 140 143 144 145 147 149
18 120 122 123 124 126 130 131 134 135 137 139 140 141 143 144 145 147 148
14 120 121 122 123 125 129 133 135 139 142 144 145 147 149
19 120 121 122 127 128 129 130 131 133 134 137 138 140 142 143 144 147 148 149
10 128 130 132 133 136 137 139 140 143 146
12 121 122 124 125 130 134 138 139 146 147 148 149
18 120 121 123 127 128 129 130 131 133 134 136 137 139 140 142 143 144 148
16 120 123 124 125 126 128 129 132 133 135 136 137 139 142 145 146
19 124 125 126 127 128 129 132 134 135 136 137 139 141 142 144 145 146 147 149
17 121 128 130 131 132 134 135 136 138 139 140 142 143 144 145 147 148
19 120 125 126 127 129 130 131 132 134 135 137 138 139 141 142 143 144 148 149
17 120 122 123 125 127 128 129 130 133 136 137 138 139 145 147 148 149
17 122 125 126 128 129 130 131 132 133 136 138 139 140 141 144 146 148
15 120 123 127 129 131 132 133 135 136 139 140 141 143 144 146
11 120 122 124 125 126 127 133 137 147 148 149
18 120 121 122 123 124 128 130 131 135 136 138 140 141 144 145 146 147 149
14 120 121 125 126 129 132 133 135 138 139 145 146 147 149
9 124 126 129 131 133 142 145 147 149
16 120 125 126 128 129 130 132 133 134 136 137 140 141 144 147 148
14 121 122 123 125 132 136 138 140 142 143 145 146 148 149
15 120 121 122 123 125 128 129 135 136 137 141 142 145 147 149
11 121 125 129 130 131 132 138 139 143 145 147
17 120 122 123 124 125 126 127 128 130 132 133 136 137 138 142 144 146
10 121 130 131 135 138 139 140 142 148 149
15 122 125 128 130 131 133 138 139 140 143 144 145 146 147 149
17 122 123 124 125 126 129 130 131 133 136 137 139 141 145 146 147 148
9 124 125 128 129 131 135 136 146 148
15 121 122 124 125 126 127 128 129 131 132 135 136 140 141 146
16 121 125 126 127 128 129 130 131 134 138 140 141 142 143 144 148
18 121 123 124 125 128 131 132 133 136 137 138 139 140 142 143 145 146 148
12 121 122 126 134 136 139 140 142 145 146 148 149
18 120 121 122 123 126 128 130 133 134 136 139 140 141 145 146 147 148 149
13 124 126 128 130 132 134 135 137 139 140 141 148 149
9 130 136 138 139 141 142 146 147 149
15 121 122 126 127 128 130 132 135 136 137 142 143 145 147 149
10 120 122 124 125 126 130 132 135 140 146
14 120 121 123 126 128 129 133 135 141 142 144 145 147 148
11 122 124 125 126 129 136 140 142 143 146 147
13 120 121 122 126 127 130 134 139 140 143 144 147 148
16 120 121 122 123 125 126 128 130 131 133 134 139 143 146 148 149
19 121 123 127 129 130 131 132 133 134 137 138 139 141 142 143 146 147 148 149
18 120 122 123 124 126 127 129 130 134 136 137 139 141 142 144 146 147 149
18 121 122 123 124 125 126 127 129 131 133 135 138 139 141 143 145 146 147
19 121 122 124 125 126 127 130 131 132 134 135 137 139 140 144 145 147 148 149
16 122 123 124 126 127 128 129 131 132 133 134 136 138 140 144 149
12 120 121 123 124 126 127 133 136 144 147 148 149
19 120 121 123 125 127 128 129 130 131 132 134 137 139 140 141 144 146 147 148
13 121 127 128 129 130 135 136 137 139 144 147 148 149
13 120 123 125 130 133 135 136 138 140 142 145 146 148
13 120 122 124 125 126 133 134 135 137 138 142 144 146
17 120 121 122 123 125 126 128 129 134 135 136 138 139 141 142 144 149
10 123 124 126 127 129 134 136 141 142 144
14 124 125 126 127 129 131 133 134 139 140 141 143 144 147
19 120 121 124 125 127 129 130 135 136 138 139 141 142 143 145 146 147 148 149
10 124 125 128 130 131 135 139 142 145 149
16 120 124 126 129 132 133 135 136 137 138 139 143 144 145 147 149
19 121 123 124 125 126 128 129 132 133 138 139 140 142 144 145 146 147 148 149
15 120 121 126 127 128 129 130 134 135 142 143 144 146 147 148
10 120 127 129 130 132 133 141 143 146 149
16 120 122 127 128 130 131 132 135 138 140 141 142 143 144 147 149
16 121 123 126 128 129 130 132 134 135 137 139 141 142 145 146 149
20 120 122 123 124 125 126 127 128 129 130 131 132 136 137 138 139 142 143 148 149
19 123 124 125 127 128 129 130 131 132 134 135 136 138 140 141 142 143 144 148
17 120 127 128 129 130 131 132 134 135 136 137 138 139 141 142 148 149
19 120 122 123 125 126 128 130 131 133 136 137 139 140 141 142 143 144 145 146
20 123 125 126 127 128 129 130 131 133 134 136 137 138 139 141 143 144 146 148 149
10 123 124 129 132 134 135 138 140 141 149
