157 1245
20 1 2 3 4 5 6 7 8 9 10 11 12 13 14 15 16 17 18 19 20
11 3 5 6 7 8 9 10 12 13 14 20
6 4 5 11 14 16 17
14 4 7 8 9 10 11 12 13 14 15 16 17 18 19
14 1 2 5 6 7 8 9 10 12 13 15 16 18 19
11 1 2 3 5 8 10 12 13 16 18 19
11 3 4 5 8 9 10 12 13 14 15 20
6 4 8 11 15 19 20
6 7 11 13 16 19 20
11 4 5 6 7 10 11 12 13 14 16 18
10 2 5 6 9 11 14 17 18 19 20
7 3 9 10 11 12 14 16
11 1 5 6 10 11 13 15 16 17 19 20
7 1 3 14 16 17 18 20
15 1 2 3 4 6 7 8 11 12 13 14 17 18 19 20
6 3 5 8 16 17 19
11 1 2 7 10 11 15 16 17 18 19 20
12 1 4 6 7 10 11 13 15 16 17 19 20
13 3 5 6 7 8 9 10 11 12 13 17 19 20
7 3 4 7 9 14 17 20
7 1 6 8 10 14 16 20
10 3 5 7 9 11 14 16 17 19 20
7 4 8 10 11 15 17 20
14 1 2 3 9 10 11 12 13 14 16 17 18 19 20
12 1 2 4 5 9 10 11 13 14 16 17 20
15 3 4 5 6 7 8 10 12 13 14 15 16 17 18 20
13 1 2 3 4 6 8 10 13 15 16 17 19 20
8 3 8 9 12 13 15 16 17
12 1 3 5 6 9 10 11 12 16 18 19 20
11 1 4 5 8 9 10 12 15 16 17 20
11 1 5 7 8 10 11 15 17 18 19 20
6 2 3 6 10 14 17
10 1 3 5 6 7 10 13 14 17 19
9 5 7 9 11 12 13 15 17 19
15 1 2 4 5 6 7 8 9 11 12 13 14 15 16 18
15 1 4 5 6 7 8 10 11 12 13 15 16 17 19 20
11 4 6 8 9 10 11 12 13 14 15 17
14 1 2 4 5 6 7 9 11 14 15 17 18 19 20
10 2 3 4 5 6 7 9 17 18 20
9 4 6 7 8 10 14 15 19 20
12 1 2 4 5 6 7 9 11 12 14 17 18
9 2 5 6 7 12 16 17 18 19
9 2 3 4 5 8 11 12 15 17
9 1 4 6 7 12 14 15 16 17
9 2 4 5 6 10 12 13 17 19
10 1 3 6 8 11 12 16 17 18 20
7 5 7 8 9 12 16 18
9 1 2 3 4 6 8 9 10 13
15 1 2 5 6 7 9 10 11 12 13 14 15 17 18 19
12 2 4 6 9 10 12 13 15 16 17 19 20
9 1 3 5 6 9 12 15 16 18
8 2 4 8 10 12 15 16 17
7 2 6 7 8 11 16 19
15 1 3 4 5 6 7 9 11 12 13 15 16 18 19 20
14 1 2 5 6 7 8 10 11 12 13 16 18 19 20
12 1 2 4 7 8 9 10 13 14 16 19 20
9 1 5 8 9 10 12 14 15 18
13 2 4 6 7 8 10 11 12 13 15 16 17 20
13 2 3 4 5 6 7 8 9 10 11 12 13 18
13 3 4 6 8 10 11 12 13 15 17 18 19 20
13 2 3 4 5 6 8 9 12 13 14 15 17 18
7 1 3 7 15 16 18 19
15 2 3 4 6 8 9 11 12 14 15 16 17 18 19 20
7 1 3 4 6 7 13 15
14 2 3 5 6 8 9 10 11 12 15 16 17 18 20
15 1 2 3 4 6 7 8 10 11 15 16 17 18 19 20
14 1 2 3 6 7 8 10 12 13 15 16 17 19 20
15 1 5 6 7 9 10 11 12 13 14 16 17 18 19 20
9 1 2 7 8 10 11 12 16 17
15 1 2 5 6 7 8 9 10 11 14 16 17 18 19 20
23 21 22 23 24 25 26 27 28 29 30 31 32 33 34 35 36 37 38 39 40 41 42 43
9 21 22 25 32 33 38 39 42 43
16 22 23 25 27 29 30 31 33 35 36 37 38 40 41 42 43
13 22 25 26 27 30 32 34 36 37 38 40 41 42
8 28 30 34 37 38 39 40 42
12 24 25 26 28 30 31 33 35 36 38 39 43
9 24 25 26 29 31 33 35 41 42
8 21 22 27 31 33 37 40 41
15 21 22 24 26 28 30 31 32 33 35 36 38 39 40 43
17 21 23 24 25 26 28 30 31 32 33 34 35 37 38 39 40 43
8 22 24 25 31 32 34 36 43
16 21 22 23 25 26 29 32 33 35 36 37 38 39 40 41 43
7 23 25 27 34 38 41 43
11 22 26 27 28 29 32 36 37 40 42 43
14 21 23 24 25 26 28 29 30 31 32 33 36 40 41
12 22 23 24 26 29 34 35 36 37 40 41 42
8 22 23 25 27 30 37 42 43
13 21 26 28 29 30 32 35 36 37 38 39 40 42
11 21 22 24 25 26 28 29 33 35 39 42
8 23 26 29 30 31 32 35 38
10 21 23 24 27 29 30 37 40 41 43
11 22 23 24 26 29 31 33 39 40 41 42
13 21 22 23 26 29 30 31 35 37 38 40 41 42
14 25 26 27 31 32 33 34 35 36 37 38 39 40 41
15 21 22 24 25 26 30 31 32 33 37 38 39 41 42 43
8 24 27 29 30 31 39 42 43
17 21 22 24 26 28 29 30 33 34 35 36 38 39 40 41 42 43
9 23 27 28 29 35 38 39 40 41
15 22 23 24 26 27 28 29 30 32 33 34 36 37 40 41
9 22 26 29 31 33 34 36 40 41
15 21 23 24 27 28 29 30 35 36 37 38 40 41 42 43
14 24 25 27 29 30 32 33 34 35 36 38 40 41 42
7 22 23 24 26 27 31 33
15 21 23 24 27 28 31 32 33 36 37 38 39 40 41 43
9 21 24 26 27 28 33 34 41 42
15 21 22 24 27 28 29 32 33 34 35 36 37 38 42 43
17 21 22 23 24 25 26 28 30 31 33 34 35 37 38 39 40 42
16 21 22 26 28 29 30 31 32 33 34 37 38 40 41 42 43
10 24 27 28 31 32 34 37 38 39 40
15 21 22 23 24 29 31 33 34 36 37 39 40 41 42 43
16 21 24 25 26 27 28 29 30 31 32 33 34 35 39 41 43
17 21 23 25 27 28 29 30 31 32 33 36 37 38 39 40 41 42
7 21 23 29 30 39 41 43
12 21 23 25 26 28 29 30 31 32 36 38 43
17 21 23 25 26 27 28 29 30 31 32 33 34 35 36 37 39 40
9 21 22 28 30 35 36 37 38 43
9 24 26 28 31 32 34 35 36 43
8 26 29 32 33 34 36 40 41
8 21 23 26 28 29 36 37 39
14 22 23 25 27 28 30 31 33 34 38 39 40 42 43
13 22 23 25 27 29 30 31 36 37 38 39 41 43
12 22 23 25 26 28 29 30 33 34 39 42 43
15 21 22 24 25 26 27 28 30 33 36 39 40 41 42 43
14 21 22 23 25 27 32 33 35 36 38 39 41 42 43
15 22 23 24 25 26 27 28 30 32 34 37 39 40 41 43
15 21 22 26 27 28 30 31 33 34 35 36 37 39 41 43
14 22 25 26 27 28 30 32 33 35 37 38 39 41 43
9 23 27 31 33 34 37 38 39 41
17 21 23 24 25 26 29 30 32 33 34 35 36 37 38 41 42 43
17 21 23 24 25 26 27 29 30 31 32 34 35 36 37 38 40 43
17 22 23 24 25 26 27 28 29 31 33 36 37 38 39 40 41 42
14 22 25 26 27 29 30 33 35 36 37 38 39 40 41
10 21 22 23 26 29 32 34 37 38 40
18 21 26 27 28 29 30 31 32 33 34 35 36 37 38 39 40 42 43
7 23 26 29 30 33 36 43
9 21 24 27 30 31 32 34 38 40
18 21 22 23 24 25 27 28 29 31 32 33 36 37 38 39 40 42 43
10 21 25 26 28 29 30 35 36 40 42
7 21 23 25 36 39 40 41
7 24 30 34 35 37 40 43
12 21 22 23 24 29 30 32 34 35 38 40 43
16 21 23 24 25 26 27 29 30 31 32 33 34 35 38 40 43
11 21 23 25 28 29 31 35 37 38 39 40
13 21 23 25 26 30 31 32 34 36 37 39 41 42
10 21 22 23 24 26 27 34 36 37 39
13 21 22 23 24 27 30 31 34 35 37 39 40 41
13 21 23 24 26 28 29 30 32 33 35 38 40 43
8 23 24 27 28 29 34 37 41
13 22 23 24 26 27 32 33 34 35 37 39 40 42
14 22 23 24 25 27 29 30 31 32 34 37 38 40 42
11 22 25 26 27 28 32 33 36 41 42 43
17 22 23 24 25 26 30 31 32 34 35 36 37 38 40 41 42 43
7 26 30 31 32 35 38 39
7 24 25 27 31 32 40 41
16 21 22 23 26 27 28 30 31 33 35 36 37 38 39 40 41
7 23 24 25 30 31 37 39
14 21 23 24 25 26 27 29 30 31 32 34 38 39 42
14 22 23 24 25 28 29 32 33 34 35 38 41 42 43
28 48 49 51 52 57 58 59 60 62 64 65 66 69 70 73 80 81 83 84 88 89 91 92 93 97 99 100 101
24 45 47 53 56 57 58 63 65 66 68 70 72 73 77 78 79 80 82 83 84 92 100 101 102
31 49 51 53 54 58 59 60 61 62 63 66 67 71 72 73 75 76 77 78 79 80 84 86 88 89 90 93 96 98 100 103
27 50 51 53 55 56 60 63 72 73 76 77 80 81 82 83 84 85 87 88 90 92 94 96 98 102 103 104
35 44 45 46 53 55 56 58 60 61 63 65 69 71 72 73 74 75 76 79 80 81 82 83 85 88 89 90 93 96 97 99 100 101 103 104
26 46 47 48 49 52 53 57 63 65 66 67 68 72 77 79 80 81 83 85 87 94 95 96 99 102 104
39 45 48 50 51 52 53 55 56 57 59 61 62 63 64 65 66 67 68 70 71 76 77 78 79 81 82 83 86 87 88 89 91 92 94 97 98 101 102 104
20 46 47 50 52 59 61 65 74 75 76 78 81 85 88 93 96 97 101 103 104
14 48 49 57 63 67 68 71 72 73 77 80 89 92 98
12 46 47 53 55 57 61 74 89 91 98 102 103
13 44 49 50 54 55 66 68 74 75 81 86 100 104
9 44 46 55 61 64 82 85 92 104
26 46 48 50 51 52 54 55 60 62 71 74 75 81 85 86 87 88 89 90 91 94 96 97 99 103 104
21 52 54 55 56 57 58 60 61 67 71 73 75 78 80 90 91 94 95 101 102 104
21 45 47 48 50 51 54 56 57 58 60 66 69 79 80 83 85 86 89 94 97 98
8 49 60 69 73 74 75 84 100
16 47 50 53 62 63 64 65 69 70 72 76 79 84 85 86 99
4 46 47 58 90
32 45 47 48 51 52 53 56 57 58 59 63 64 65 67 69 70 71 72 76 77 79 82 83 84 89 91 93 94 96 98 101 103
35 45 48 49 51 52 53 54 58 61 62 63 66 70 71 72 73 74 75 77 79 82 84 86 87 90 91 92 93 94 95 96 97 100 103 104
16 44 48 52 54 58 61 66 67 71 75 89 91 95 97 99 100
24 44 45 50 51 54 55 59 60 61 62 69 71 75 76 78 82 86 88 89 91 92 98 101 103
16 51 55 56 62 64 66 69 70 83 86 87 91 94 95 99 102
32 46 49 52 57 58 59 60 63 64 65 66 67 69 70 75 76 78 80 81 82 83 84 85 86 89 91 94 95 98 100 101 104
11 44 45 53 54 58 60 79 82 84 90 100
9 45 48 51 56 62 68 71 96 99
14 56 60 61 63 65 68 72 74 88 89 90 92 96 104
15 46 53 56 58 69 70 78 79 82 87 91 92 95 99 102
7 49 51 57 59 67 86 87
30 44 45 46 47 48 50 52 55 56 57 64 65 68 69 70 74 81 82 83 85 87 91 92 94 95 97 99 101 102 104
20 44 47 49 50 51 52 57 64 67 74 80 81 84 85 86 88 89 90 93 94
28 44 45 49 51 53 56 57 60 61 63 65 67 71 74 76 77 80 81 83 84 88 90 91 94 96 98 99 102
33 44 45 46 47 50 53 54 55 56 61 63 67 68 71 72 74 75 76 77 78 79 82 85 86 87 90 94 95 96 98 102 103 104
8 52 61 76 78 85 93 98 104
11 47 62 63 64 68 80 83 92 97 100 101
9 45 48 62 63 71 73 76 96 100
19 47 48 50 52 54 62 64 66 68 70 77 78 84 91 92 94 95 98 102
21 45 52 54 56 58 59 60 63 69 71 77 78 81 83 86 87 88 91 93 95 101
26 46 49 50 57 58 59 63 66 67 69 70 71 73 77 79 80 82 85 87 88 89 92 95 96 99 103
20 44 47 50 53 54 55 61 72 73 74 77 79 87 88 90 92 93 97 102 103
17 54 55 59 60 61 65 66 68 72 75 77 83 97 98 101 103 104
27 44 46 49 53 55 61 62 63 64 65 67 68 70 71 72 74 75 76 84 87 91 93 96 99 100 103 104
3 71 77 82
17 46 48 52 54 59 60 63 66 70 71 74 79 89 91 97 99 101
31 47 48 49 50 51 53 57 62 65 66 67 68 70 72 73 74 75 76 79 80 84 89 90 94 96 97 98 99 100 102 103
10 45 48 51 59 67 71 78 81 91 97
15 46 47 52 55 57 64 75 77 79 82 83 94 98 100 103
13 52 59 73 77 78 81 82 88 90 92 95 101 102
22 44 49 50 53 54 58 62 66 69 70 73 76 80 84 85 86 87 93 95 99 101 102
23 54 56 59 64 65 67 69 72 73 75 77 78 79 81 82 85 86 90 92 93 96 97 99
12 44 46 48 50 51 55 59 66 75 82 96 99
30 45 49 53 54 56 57 58 60 65 67 69 70 71 72 73 74 77 79 81 84 86 87 88 89 90 91 94 95 102 103
18 45 47 51 52 54 62 64 68 72 74 78 81 84 91 94 100 102 104
33 46 47 48 50 52 54 55 58 59 62 64 66 68 69 70 72 73 75 78 79 82 85 86 87 89 92 93 95 97 100 101 103 104
29 50 52 54 56 60 61 63 65 67 70 71 72 73 74 75 76 77 78 84 85 86 88 90 95 96 97 98 102 104
16 46 60 61 62 73 78 80 85 87 88 90 92 95 97 99 102
32 44 45 46 47 48 49 51 53 55 57 58 59 62 64 66 68 69 79 80 81 82 83 87 89 91 92 93 94 99 100 101 103
13 45 47 51 55 61 62 65 75 81 92 98 102 103
24 44 45 46 48 49 51 59 66 68 74 77 81 82 83 87 88 89 92 93 96 97 98 100 103
11 44 49 59 61 64 67 69 76 93 95 98
17 44 48 53 55 56 60 61 65 75 76 83 86 90 93 97 98 101
11 56 58 64 70 73 74 84 90 93 97 100
18 44 50 53 56 67 69 77 78 82 85 87 88 90 93 94 95 96 100
26 44 46 47 50 55 56 57 59 60 64 65 67 68 69 76 78 80 81 83 85 88 89 98 99 101 102
35 44 45 49 51 55 57 59 60 62 64 66 67 68 69 70 72 73 74 75 79 80 82 87 88 89 93 94 95 96 97 98 100 101 102 104
7 54 59 61 80 81 84 89
26 46 47 48 50 52 53 54 56 58 61 63 65 71 76 77 78 81 83 84 85 86 90 91 92 99 103
18 45 46 47 49 57 59 62 64 65 68 69 70 74 78 79 86 93 101
10 44 54 72 80 85 93 95 96 99 103
21 47 48 50 51 53 54 56 57 58 61 63 65 72 80 84 85 86 90 91 93 104
15 44 49 51 56 57 64 65 67 69 71 74 77 78 85 101
17 45 47 53 55 62 73 75 83 88 90 93 96 97 99 100 103 104
24 44 45 46 49 52 59 60 62 64 68 70 73 76 78 79 81 83 88 92 94 95 96 100 103
26 44 45 48 49 50 51 52 58 60 62 63 66 68 70 71 76 80 83 84 87 88 94 95 100 101 104
13 55 66 67 69 74 75 87 89 97 98 99 101 102
22 46 48 50 52 58 60 63 66 68 70 72 76 79 82 86 87 91 92 94 95 98 102
13 49 57 58 64 68 72 73 76 80 83 84 86 104
5 49 60 69 73 100
28 48 49 51 52 53 54 58 62 70 71 72 73 74 77 79 82 84 86 87 90 91 92 93 94 96 100 103 104
13 51 56 62 64 66 69 70 83 86 87 91 94 99
8 44 51 56 67 69 77 78 101
8 45 48 59 67 71 78 91 97
26 44 45 46 47 48 49 53 57 58 59 62 64 66 68 69 80 81 82 83 87 89 92 94 99 101 103
17 47 50 52 59 61 65 74 75 78 81 85 88 93 97 101 103 104
12 47 48 50 52 54 64 66 78 84 91 94 102
15 56 60 61 67 71 72 74 77 84 86 90 96 97 98 102
12 53 55 65 75 76 83 86 90 93 97 98 101
7 45 48 51 56 68 96 99
10 57 58 64 68 72 73 76 83 84 104
18 44 46 47 50 53 55 61 63 72 74 76 79 82 86 87 90 96 98
13 55 56 64 66 69 70 83 86 91 94 95 99 102
23 49 53 59 60 61 63 66 67 71 72 73 75 78 79 80 84 86 89 90 96 98 100 103
15 47 50 52 65 74 75 76 78 81 85 88 93 97 101 103
18 44 45 49 60 68 73 76 78 79 81 83 88 92 94 95 96 100 103
4 49 60 84 100
7 45 53 54 58 60 84 90
18 44 45 46 49 52 59 62 64 70 76 78 79 83 92 94 95 96 103
15 46 47 57 63 68 79 80 81 83 85 87 94 96 99 104
23 45 46 47 50 56 57 64 65 68 69 70 74 83 85 87 91 92 94 95 99 101 102 104
22 46 47 48 50 52 53 56 58 61 63 65 71 77 78 81 83 86 90 91 92 99 103
10 47 52 54 62 64 68 78 84 94 102
27 46 49 52 57 58 59 63 64 65 66 69 70 76 78 80 81 82 83 84 85 86 89 91 94 98 101 104
14 48 52 53 57 65 67 68 77 79 81 83 85 87 96
5 62 64 68 80 97
18 45 54 56 58 59 60 63 69 71 77 78 81 83 86 87 88 93 95
14 52 54 56 57 58 61 71 75 78 80 90 91 101 104
5 53 54 79 84 100
15 50 54 58 62 66 70 73 76 80 84 85 86 93 99 101
14 44 50 53 56 67 69 78 82 87 88 90 93 95 96
18 44 45 50 51 54 60 61 69 71 75 76 88 89 91 92 98 101 103
16 45 49 54 60 69 70 73 74 79 81 86 88 89 95 102 103
15 54 55 57 58 60 61 67 73 75 78 80 90 94 101 102
29 45 49 51 55 57 59 60 62 64 67 68 69 70 72 73 74 79 88 89 93 94 95 96 97 98 100 101 102 104
10 46 47 53 57 61 74 89 91 98 102
6 51 59 67 78 91 97
5 52 61 85 93 104
19 44 46 49 55 61 62 63 65 67 68 70 71 72 76 87 91 93 100 103
14 47 48 50 52 54 56 58 63 71 81 86 90 92 99
18 47 48 49 50 53 62 66 73 74 76 79 80 84 89 97 99 100 103
21 46 49 50 57 58 59 63 67 69 70 71 73 79 82 85 87 88 89 95 96 99
15 48 50 51 53 54 57 58 61 63 72 80 86 90 91 93
12 47 52 55 57 64 75 77 82 83 98 100 103
8 44 54 80 93 95 96 99 103
14 50 52 61 63 71 73 75 77 78 86 90 95 96 104
8 55 66 69 74 97 98 99 102
27 48 50 51 52 55 56 61 62 63 64 65 67 68 70 71 79 81 82 83 86 88 91 92 94 98 102 104
29 45 48 50 51 52 56 57 59 61 63 65 66 67 68 70 76 79 81 82 86 87 88 89 91 94 97 98 102 104
9 44 50 56 82 85 87 90 93 95
15 47 53 55 62 73 83 88 90 93 96 97 99 100 103 104
2 47 58
11 47 52 55 57 64 75 82 83 94 98 103
5 49 51 57 67 87
17 44 45 46 49 57 59 62 66 79 83 89 91 93 99 100 101 103
11 46 52 61 65 75 76 78 81 93 103 104
19 46 48 50 52 58 60 63 66 68 70 72 79 87 91 92 94 95 98 102
8 55 62 64 66 83 86 95 99
13 46 47 48 52 65 83 85 87 94 95 96 99 102
5 45 59 71 81 91
18 54 56 60 63 65 70 72 73 74 75 76 77 78 84 96 97 102 104
15 52 56 61 67 71 73 75 78 80 91 94 95 101 102 104
22 45 49 51 53 61 66 70 71 74 75 77 79 82 84 90 93 94 96 97 100 103 104
9 45 47 62 65 75 81 92 98 102
5 54 80 81 84 89
8 47 57 61 74 89 91 98 103
15 44 49 53 55 64 65 67 68 71 72 75 84 91 100 104
19 46 48 51 52 54 60 62 71 74 75 81 85 86 87 90 91 94 99 103
17 46 47 48 50 52 54 61 65 78 83 85 86 90 91 92 99 103
26 48 49 51 53 54 58 62 63 66 70 72 73 74 77 82 84 87 91 92 94 95 96 97 100 103 104
7 45 51 71 78 81 91 97
1 71
19 44 50 51 54 55 59 60 61 62 69 75 76 78 86 88 91 92 101 103
17 45 47 57 58 63 66 70 72 73 78 79 80 83 84 92 100 101
15 44 50 53 67 69 77 78 85 87 88 93 94 95 96 100
11 44 48 52 54 66 67 71 75 95 97 100
18 47 48 50 51 53 56 58 61 63 65 72 80 84 85 86 90 91 104
24 48 49 52 57 58 59 60 62 64 65 66 69 70 73 81 83 84 89 92 93 97 99 100 101
10 55 56 62 64 66 70 83 94 99 102
20 56 59 64 65 67 69 72 73 75 77 78 79 81 85 86 90 92 93 96 97
18 46 49 50 57 59 63 66 67 69 70 71 73 80 87 88 96 99 103
28 45 47 49 51 53 55 57 58 59 62 64 66 68 69 80 81 82 83 87 89 91 92 93 94 99 100 101 103
10 46 52 55 75 79 82 83 98 100 103
18 44 49 50 53 54 58 62 66 69 70 73 76 80 84 85 99 101 102
25 47 48 50 55 58 59 64 66 68 70 73 75 78 79 82 85 86 87 89 92 95 97 101 103 104
13 54 56 59 65 67 73 75 77 79 82 90 96 99
25 49 51 53 54 58 59 60 61 62 63 66 67 71 72 75 76 77 78 80 84 86 93 98 100 103
8 55 62 70 86 91 94 99 102
7 44 45 54 60 79 90 100
22 51 52 57 58 59 60 62 64 65 66 69 80 81 83 84 88 91 93 97 99 100 101
25 45 48 49 51 52 53 54 61 62 63 66 72 73 75 82 84 86 87 90 92 94 95 100 103 104
11 46 61 80 85 87 88 90 92 95 97 99
6 67 69 75 98 99 101
11 45 56 58 59 63 69 71 83 87 91 101
10 46 61 62 73 78 80 87 95 97 99
6 46 61 64 85 92 104
5 46 82 85 92 104
8 47 53 55 73 83 93 96 97
20 45 56 57 60 61 63 65 67 71 74 76 77 80 83 88 90 96 98 99 102
18 52 58 59 60 63 64 65 66 67 69 75 80 82 83 84 94 95 104
15 45 47 50 51 54 56 66 69 79 80 83 85 89 94 98
21 44 49 53 56 60 61 65 67 71 74 76 77 80 81 83 84 88 90 91 98 102
1 77
6 44 48 50 55 96 99
7 56 60 61 65 88 90 96
22 44 45 48 49 50 51 52 58 60 62 63 66 68 70 76 83 84 87 94 100 101 104
12 45 46 52 60 64 70 79 83 92 95 100 103
10 49 51 57 64 67 69 71 74 77 101
18 45 48 49 51 66 77 81 82 83 87 88 92 93 96 97 98 100 103
8 54 55 66 74 75 81 100 104
14 47 48 50 52 54 66 68 70 84 91 94 95 98 102
8 51 55 62 65 81 98 102 103
10 50 55 61 73 77 79 87 90 102 103
25 49 51 53 58 59 61 62 66 67 71 72 73 75 76 77 79 84 86 88 89 90 93 96 100 103
6 61 65 75 92 98 103
6 47 64 68 80 100 101
8 44 72 80 93 95 96 99 103
8 56 58 70 73 84 90 93 97
15 54 55 59 60 61 65 66 68 72 75 77 83 97 98 103
1 77
24 44 46 47 48 49 51 53 55 57 62 66 68 69 80 81 82 83 91 92 93 99 100 101 103
12 48 49 57 63 67 68 71 77 80 89 92 98
21 47 48 50 51 53 66 67 68 70 73 74 75 76 84 89 90 97 98 99 100 102
10 52 54 56 59 60 81 87 88 93 95
15 50 51 53 73 76 80 81 82 83 84 85 87 88 90 104
10 45 47 55 75 90 93 96 97 100 103
24 44 49 57 59 60 64 67 69 70 73 75 79 80 82 87 89 93 94 96 97 98 100 102 104
11 56 60 61 65 68 74 88 90 92 96 104
6 78 81 82 90 95 102
8 45 75 83 93 97 99 100 103
16 54 56 64 69 72 73 75 77 78 81 86 90 92 96 97 99
8 64 68 80 83 92 97 100 101
10 51 55 64 69 70 83 86 87 94 102
17 45 47 48 50 51 56 57 60 79 80 83 85 86 89 94 97 98
12 47 59 61 65 75 76 78 88 93 101 103 104
23 48 49 50 57 62 66 67 68 70 72 73 74 75 76 80 84 89 96 98 99 100 102 103
15 45 46 47 57 64 69 74 83 87 91 94 95 99 102 104
27 53 54 58 59 60 61 62 63 66 67 71 72 73 75 76 77 78 79 84 86 88 89 90 93 96 98 103
3 54 81 89
17 48 52 54 55 60 62 71 74 81 85 87 88 89 94 96 99 104
11 44 49 51 56 69 71 74 77 78 85 101
6 47 62 63 80 92 101
14 60 61 62 73 78 80 85 87 88 90 92 95 99 102
19 45 52 53 62 66 70 71 73 75 82 86 91 92 93 95 96 97 100 104
14 44 47 50 55 61 72 73 77 79 87 88 92 93 102
10 46 53 56 58 70 79 82 92 95 102
24 45 49 51 52 53 54 58 62 63 66 71 72 73 74 75 79 87 90 92 93 95 96 103 104
25 44 46 47 48 50 52 55 56 57 65 68 69 70 74 81 83 85 87 91 92 94 95 97 99 102
16 46 49 57 58 63 66 67 69 70 73 80 88 95 96 99 103
6 51 57 59 67 86 87
18 45 47 48 50 51 56 57 58 60 66 69 80 83 85 86 94 97 98
6 46 55 61 74 98 103
12 54 60 61 65 66 72 75 83 97 98 101 103
12 47 48 50 52 54 66 77 78 84 91 94 98
8 46 53 56 79 82 87 91 99
19 44 47 50 54 56 67 72 74 77 78 82 85 87 90 94 95 96 98 103
17 44 47 50 53 54 55 61 73 77 79 87 88 90 92 93 97 102
6 49 60 69 75 84 100
6 44 45 53 54 79 82
7 45 48 62 68 71 96 99
10 49 57 64 65 68 69 78 79 86 101
13 45 53 55 62 73 75 83 88 93 96 97 100 104
18 45 47 50 51 54 57 58 60 66 69 79 80 83 85 86 89 97 98
20 46 49 63 65 66 67 69 70 75 76 81 82 85 89 91 94 98 100 101 104
8 46 53 61 74 89 91 98 103
10 46 52 54 59 79 89 91 97 99 101
16 46 49 57 59 63 66 67 70 73 77 80 85 87 88 92 96
13 46 49 53 55 61 62 63 68 71 84 96 99 104
21 45 47 48 51 52 53 57 58 64 65 67 70 72 76 77 82 83 84 89 91 103
17 45 52 56 59 60 63 69 71 77 78 83 87 88 91 93 95 101
15 44 50 53 56 67 77 78 82 85 87 88 90 93 95 96
16 45 46 51 55 57 58 69 80 81 89 91 92 93 94 100 101
9 55 66 67 74 89 97 98 99 101
10 67 69 74 75 87 89 97 98 99 101
3 46 47 90
15 54 56 59 65 67 69 73 75 78 85 86 93 96 97 99
10 52 59 73 77 78 82 88 90 95 101
20 49 51 54 58 59 60 61 62 63 66 67 72 75 77 84 88 89 90 100 103
19 56 59 64 65 69 72 73 75 77 78 79 81 82 85 86 93 96 97 99
15 46 48 58 60 63 66 68 72 76 79 82 87 91 94 98
17 49 52 57 63 65 66 67 72 81 83 85 87 94 95 99 102 104
11 66 67 69 74 75 87 89 97 98 99 101
5 49 69 73 74 84
11 50 56 67 69 78 82 85 90 94 96 100
10 51 55 56 62 64 69 70 83 91 94
27 45 46 47 51 54 55 56 57 58 59 60 65 68 69 71 72 79 84 85 86 89 90 91 94 96 98 100
26 47 48 49 50 55 57 65 68 74 76 77 78 81 83 84 85 86 89 90 93 95 96 98 102 103 104
42 44 48 49 50 51 52 54 55 56 57 58 59 61 63 65 66 67 68 69 70 73 75 76 78 79 80 81 83 84 85 88 91 92 93 94 95 96 97 99 101 102 103
18 44 47 49 53 65 66 68 69 71 72 73 76 82 89 92 93 94 102
36 44 45 47 49 50 51 55 57 61 63 64 66 68 72 73 74 75 76 77 79 80 83 84 85 86 87 88 89 90 91 93 98 100 102 103 104
25 45 46 50 53 55 57 60 62 63 65 66 72 73 75 77 80 81 82 89 93 95 98 99 103 104
22 45 47 51 53 55 57 58 59 60 62 63 64 68 73 74 86 89 92 94 96 98 100
26 46 47 48 50 52 54 56 57 58 61 62 63 65 69 73 78 83 85 87 89 93 94 95 99 101 104
19 46 50 51 52 56 61 62 67 68 69 72 74 80 82 87 88 97 100 101
38 44 45 46 50 52 53 55 56 60 61 64 66 69 70 71 74 76 78 80 81 82 83 84 85 86 87 89 91 92 93 95 96 97 98 99 100 102 104
21 44 45 48 50 51 53 55 58 68 72 75 79 82 83 84 85 89 95 96 97 101
19 44 46 50 54 59 64 66 68 73 76 83 84 85 86 88 89 96 99 102
26 45 47 48 54 55 56 57 59 60 61 63 66 70 72 76 77 79 80 82 85 86 87 91 93 95 96
23 48 50 51 53 57 60 62 64 65 66 68 69 71 75 77 80 87 90 94 96 97 99 103
34 44 46 49 50 52 53 54 55 56 58 59 60 66 75 77 79 80 81 82 83 85 86 87 88 89 90 92 93 95 98 99 100 101 103
28 47 48 50 54 55 56 58 60 61 65 67 72 73 76 77 78 79 80 81 82 88 94 95 97 98 99 101 104
37 44 46 48 49 50 53 55 56 57 58 60 61 62 63 64 65 67 68 69 73 74 75 78 79 81 82 84 86 87 91 92 94 95 98 100 103 104
34 49 50 52 53 54 57 60 62 63 64 65 67 70 72 74 77 80 81 82 84 85 87 88 91 92 93 94 96 97 98 99 102 103 104
30 45 46 47 48 50 52 53 55 56 57 58 59 61 65 66 70 71 75 79 81 82 85 86 88 91 92 95 97 98 104
42 44 45 46 47 48 49 51 52 53 54 56 57 58 59 61 62 63 64 65 66 69 70 72 73 75 78 80 81 82 84 85 86 87 88 92 94 95 99 100 101 102 103
19 44 46 47 51 55 61 63 67 69 73 75 77 80 84 89 92 97 99 100
25 46 47 50 54 57 58 62 63 65 67 68 70 71 75 82 85 86 87 89 92 95 96 97 100 102
31 44 45 48 49 50 51 52 54 59 60 65 67 68 70 74 75 76 80 81 84 85 89 91 92 93 94 97 98 99 102 104
27 47 50 52 53 54 56 57 59 60 61 62 71 72 75 78 80 81 83 85 90 91 92 96 99 100 102 104
32 47 48 51 53 57 58 59 61 62 64 66 70 72 73 75 79 80 81 82 88 89 90 91 92 94 95 96 97 101 102 103 104
27 45 48 52 54 56 57 59 60 62 63 66 72 78 79 80 82 83 84 86 91 94 95 96 97 99 100 101
26 44 46 47 48 49 53 54 60 61 72 73 77 78 79 81 82 83 89 92 94 95 96 99 100 101 102
41 45 48 49 50 53 54 55 56 57 58 59 60 61 62 63 64 65 66 68 69 71 73 74 75 76 77 78 81 82 84 85 86 91 95 96 97 99 100 101 102 104
42 44 45 46 47 49 50 51 53 54 55 58 60 62 63 64 65 66 67 69 70 72 73 74 75 76 77 78 80 82 84 85 86 87 88 89 90 92 95 96 97 100 102
26 44 46 49 50 51 54 56 57 60 62 63 64 69 74 75 76 77 81 84 88 89 91 93 97 99 100
20 44 45 51 54 55 60 61 65 66 67 70 79 84 89 91 95 96 97 99 103
33 44 46 47 49 52 54 57 58 59 60 63 64 65 67 69 70 74 75 76 79 80 81 82 83 84 86 87 90 98 99 100 101 104
33 45 47 49 51 55 56 57 60 61 63 65 67 69 70 71 72 75 77 80 81 86 87 88 89 90 91 93 94 99 100 101 102 104
32 44 47 48 49 52 53 54 55 56 57 58 61 62 66 67 73 75 76 79 81 82 84 85 86 87 90 91 92 96 97 99 102
41 46 48 49 50 51 53 54 55 56 57 58 59 61 62 63 64 65 68 71 72 75 76 77 79 80 83 84 86 88 89 90 91 92 93 95 96 98 99 100 103 104
35 44 45 48 49 50 51 53 56 57 58 59 61 64 65 66 67 68 70 72 74 78 81 83 84 85 86 90 91 92 97 98 100 102 103 104
35 44 45 46 47 50 52 56 57 59 60 61 64 66 68 70 72 74 76 78 79 81 82 83 84 85 86 88 91 93 95 96 99 100 102 103
32 44 45 47 49 55 59 60 62 63 64 67 69 71 72 73 74 75 76 77 78 79 82 83 85 86 96 97 98 100 102 103 104
20 44 45 46 48 52 58 60 61 62 66 74 75 81 90 96 98 99 102 103 104
32 44 46 47 49 51 52 55 56 57 58 59 64 66 69 70 71 72 74 75 76 77 78 80 83 86 91 92 95 96 99 100 102
26 45 46 52 56 57 61 62 63 65 66 67 71 72 74 75 76 77 78 79 82 85 87 92 95 100 101
41 45 46 47 48 49 53 55 56 57 58 60 61 62 63 64 66 67 68 69 70 71 72 73 74 75 78 79 81 83 84 85 86 88 89 93 95 98 99 102 103 104
21 44 45 50 51 52 53 57 58 59 60 67 71 78 85 87 89 90 91 93 94 98
34 45 47 48 49 52 56 57 58 59 60 65 66 69 70 71 72 75 78 80 82 83 86 87 88 90 91 92 94 97 98 99 101 103 104
27 44 46 50 52 55 57 58 59 66 69 71 74 78 79 80 83 85 86 87 90 91 93 94 96 99 102 104
29 44 46 47 48 55 56 57 58 60 62 63 64 67 68 72 76 79 81 82 83 84 85 88 91 92 95 97 102 104
22 44 45 52 55 56 58 64 69 70 75 77 78 83 85 90 91 92 96 97 98 100 101
25 44 47 49 51 52 54 57 62 67 68 71 72 73 74 75 76 77 81 84 95 96 98 99 101 104
26 44 45 46 47 50 52 55 56 60 62 63 65 67 68 69 75 79 81 84 92 93 95 96 98 99 104
37 44 47 51 52 53 54 55 56 59 61 62 63 65 67 68 69 71 72 73 76 78 79 85 86 87 88 89 91 92 93 95 97 100 101 102 103 104
38 45 47 49 52 55 56 58 59 60 63 64 65 66 67 68 69 70 71 73 74 75 77 78 79 80 81 82 83 85 86 88 89 90 92 93 96 98 99
21 44 46 49 54 61 66 68 70 71 74 77 79 85 87 90 98 99 100 102 103 104
32 45 46 47 48 54 56 57 58 59 62 65 66 67 68 73 74 76 78 80 81 83 87 92 93 94 95 97 99 100 102 103 104
24 44 47 48 49 50 55 57 65 68 70 78 80 85 88 90 93 94 95 96 98 101 102 103 104
35 44 46 47 48 52 53 55 57 58 59 60 61 64 66 67 68 69 71 72 73 75 76 77 80 81 83 84 85 87 89 92 94 96 98 100
39 44 46 47 50 53 54 55 58 59 61 62 64 65 67 68 70 73 74 75 76 79 81 82 84 85 86 87 88 89 90 93 94 95 96 97 98 99 100 103
26 44 48 49 50 53 54 55 56 60 62 64 65 67 69 70 71 73 75 78 80 83 85 93 95 96 101
28 44 46 48 50 51 57 59 62 63 64 65 66 70 73 74 76 81 82 83 85 86 89 91 96 98 99 100 101
20 44 48 49 51 54 55 56 57 58 64 74 78 79 80 89 95 96 99 100 101
32 45 46 48 50 51 53 54 57 58 59 60 61 62 63 65 67 74 75 77 79 80 81 83 87 90 91 92 94 95 97 99 102
22 44 45 46 52 57 58 62 68 69 71 73 79 80 84 86 87 88 90 96 99 103 104
33 44 45 47 48 50 51 52 53 58 60 63 66 68 69 71 72 73 74 75 77 78 81 82 86 88 91 92 93 95 96 98 100 101
38 44 45 46 48 49 50 51 52 55 56 58 59 60 65 66 67 68 69 71 73 76 77 78 79 81 84 86 87 88 89 90 91 92 95 96 99 100 104
26 46 48 51 56 60 63 66 70 71 73 75 76 78 79 80 83 84 90 92 95 96 97 99 102 103 104
37 44 45 49 50 51 53 54 56 57 58 60 61 62 63 64 66 67 69 71 72 77 79 80 82 84 87 89 90 92 93 96 97 99 101 102 103 104
31 46 47 48 51 52 54 55 57 60 61 62 66 67 68 69 70 73 76 80 81 84 85 89 90 92 93 97 98 99 100 103
40 44 46 47 48 51 52 54 55 56 59 62 64 65 66 69 71 72 73 76 78 79 81 82 84 85 86 87 88 90 91 92 93 95 96 98 99 100 101 103 104
27 45 46 49 50 52 53 58 61 63 65 71 73 74 75 79 82 84 85 88 89 92 93 95 98 99 100 102
33 44 45 46 47 52 54 56 57 58 61 62 64 65 66 70 72 74 76 77 78 84 85 86 89 90 91 93 95 100 101 102 103 104
20 44 45 52 54 55 56 61 63 65 67 69 70 72 73 76 80 83 92 96 99
42 44 45 46 48 49 51 52 54 55 57 58 60 61 62 64 65 67 69 71 73 74 75 76 77 78 80 82 84 85 86 88 89 90 93 96 98 99 100 101 102 103 104
18 49 50 51 52 53 57 68 69 71 73 77 80 84 85 87 90 94 99
40 44 45 46 49 50 54 55 58 60 62 66 68 71 72 74 75 76 77 78 79 80 81 85 86 87 88 89 90 91 92 93 95 96 97 98 99 101 102 103 104
31 44 45 46 48 49 51 53 54 55 57 58 59 61 63 64 66 69 70 72 73 74 76 77 78 79 83 89 90 95 97 104
27 44 45 48 49 51 52 53 54 57 60 62 63 64 65 66 70 71 72 74 80 84 85 91 94 96 100 103
27 44 53 54 56 57 58 59 60 61 62 65 68 71 72 73 77 82 84 87 90 91 92 94 97 99 100 102
29 45 46 48 49 50 54 56 57 58 59 63 64 65 66 70 75 77 78 80 81 82 85 86 89 90 91 97 98 100
25 45 53 54 55 57 58 60 61 62 65 69 70 71 72 74 76 77 78 87 92 96 97 98 99 101
22 46 47 52 54 59 60 62 63 67 68 69 72 73 76 77 81 84 86 96 99 103 104
27 44 45 53 55 56 58 60 61 62 63 64 65 67 68 69 71 73 75 77 78 85 88 89 91 93 99 102
22 49 51 59 62 67 69 71 74 75 78 79 82 84 85 86 87 91 92 94 95 103 104
37 45 47 48 49 51 55 56 57 58 59 60 63 65 66 70 71 72 73 75 78 81 83 85 87 89 90 91 92 93 94 95 96 98 100 101 102 103
38 44 45 46 47 48 50 51 52 53 54 55 57 60 61 63 65 67 70 73 76 77 79 81 82 85 87 89 91 92 93 95 96 97 98 99 100 102 104
22 45 46 48 50 54 55 58 60 61 62 70 72 77 78 83 86 88 89 91 93 96 104
20 46 49 55 56 64 66 67 68 69 70 71 76 79 83 85 87 88 91 98 104
31 44 49 50 52 55 56 59 64 65 66 68 69 74 77 78 81 82 84 85 86 88 89 94 95 96 97 98 99 102 103 104
33 44 45 46 50 51 56 57 60 64 67 69 70 73 74 76 78 79 80 81 82 83 84 86 87 89 90 92 93 94 97 98 100 103
40 44 46 47 48 49 50 53 55 56 57 58 59 60 64 65 66 68 69 71 73 76 77 78 81 83 84 85 87 88 90 91 92 93 94 95 98 100 101 102 103
23 45 50 51 52 55 56 60 65 66 68 71 74 76 78 80 81 88 91 95 96 98 102 104
33 49 50 52 53 54 55 57 59 60 62 63 64 66 69 71 72 73 74 75 76 78 80 81 82 86 89 90 92 93 94 96 97 103
29 44 45 46 49 51 52 54 55 57 61 64 66 72 74 75 77 79 82 84 86 87 88 92 93 95 96 97 100 103
30 44 47 48 51 53 58 59 61 63 64 65 66 68 70 74 77 78 80 82 83 87 89 90 93 94 95 99 101 103 104
41 44 46 48 49 51 52 53 54 55 56 57 61 65 66 67 68 71 72 73 74 76 77 80 81 82 83 84 86 87 90 91 92 93 94 95 97 98 99 101 102 104
19 52 57 59 62 67 68 69 73 74 77 78 81 83 85 88 89 92 98 100
26 44 46 48 52 53 56 59 60 63 65 66 67 72 75 77 79 81 82 84 87 90 93 95 96 97 101
38 44 45 46 47 48 49 53 56 58 59 63 65 66 68 69 70 71 72 73 74 75 76 77 79 80 82 83 86 87 90 91 94 95 96 97 99 101 102
28 44 45 47 48 49 50 57 58 60 66 67 68 69 71 72 73 74 76 78 80 85 86 87 88 91 98 99 101
40 44 45 46 49 51 52 53 54 55 56 57 59 60 62 63 64 69 71 73 77 78 80 81 82 83 84 85 86 87 88 90 91 97 98 99 100 101 102 103 104
22 44 47 49 55 57 58 60 62 63 64 65 67 69 77 82 84 86 87 88 96 98 100
41 47 48 49 50 51 52 54 55 56 57 58 59 62 63 64 66 67 68 69 70 71 73 78 79 80 81 83 84 85 86 88 90 91 92 93 94 95 97 98 100 102
32 45 46 54 57 59 60 64 66 67 68 71 73 74 75 76 77 78 79 80 81 82 85 88 91 92 95 96 98 99 100 101 104
24 44 45 46 48 50 51 62 65 71 74 78 79 80 81 82 86 87 88 93 94 99 100 103 104
25 45 46 47 49 50 51 52 57 58 61 62 63 65 66 69 71 72 80 81 85 89 93 99 100 102
42 44 47 48 49 50 51 53 54 55 57 58 59 60 64 67 68 69 71 72 73 74 75 76 77 79 83 84 85 86 90 91 92 93 94 95 96 97 98 99 100 102 104
41 44 45 46 50 51 53 54 55 57 58 60 61 62 63 65 67 68 70 71 73 75 78 79 80 81 82 83 84 85 87 88 89 90 91 96 97 98 101 102 103 104
18 46 47 54 55 56 61 63 65 71 74 78 87 88 92 97 98 100 102
33 45 49 50 51 53 57 58 59 60 62 63 64 66 67 69 70 71 74 76 77 80 81 82 84 87 88 90 91 94 97 100 101 102
33 44 46 50 51 52 53 54 55 56 58 59 60 61 63 64 67 68 70 73 79 80 81 82 86 88 93 94 98 99 100 101 103 104
28 44 50 52 54 56 57 58 59 61 62 64 67 68 74 75 77 79 81 83 85 86 92 93 98 99 100 101 102
29 44 46 48 52 56 57 58 61 64 67 72 73 75 77 78 81 82 83 84 87 88 89 90 95 96 97 99 101 102
34 44 45 46 47 48 51 54 57 59 62 63 65 66 67 68 69 71 73 74 75 77 78 79 80 82 83 85 87 89 91 95 99 101 102
23 46 48 53 57 58 62 64 67 69 74 75 76 79 82 84 88 89 90 91 94 98 101 103
25 44 45 48 49 53 56 58 61 63 64 70 72 74 76 77 78 79 80 83 86 89 92 94 99 103
29 45 46 47 50 51 53 55 56 57 60 61 63 70 71 73 82 83 85 86 87 88 89 92 95 99 100 101 103 104
32 44 45 46 48 49 50 51 52 53 55 57 58 59 63 67 69 70 72 73 75 79 80 82 86 87 88 90 92 93 94 97 102
35 44 45 51 52 54 55 56 58 61 62 63 64 65 67 73 75 76 79 81 82 83 85 87 88 89 91 93 94 95 98 99 100 101 103 104
39 44 45 46 48 50 51 54 56 58 60 61 63 64 65 66 67 68 70 72 75 76 77 78 80 83 84 85 87 89 91 92 94 96 97 98 99 102 103 104
26 44 45 46 48 52 53 56 57 58 60 61 67 69 72 80 81 83 85 87 92 94 96 97 99 100 102
28 45 46 47 48 49 52 56 57 58 59 64 65 69 73 78 83 84 88 89 90 92 93 94 95 96 98 103 104
20 56 58 60 61 65 66 68 71 74 76 77 83 87 88 89 90 91 97 101 103
30 44 49 50 53 54 55 56 61 62 63 64 66 67 69 71 72 73 76 80 82 83 85 88 89 90 93 94 95 100 102
24 48 52 53 59 62 63 64 66 67 68 69 70 76 79 80 86 89 91 92 94 96 98 102 103
32 46 47 49 58 59 60 61 63 64 65 66 68 69 71 75 77 78 79 80 84 85 86 87 88 90 94 96 97 98 99 101 102
28 44 46 48 49 50 53 56 57 58 60 63 66 69 73 74 76 77 83 84 89 92 95 96 97 98 99 101 104
25 44 47 49 52 54 55 56 59 60 64 66 71 74 78 81 83 85 86 88 89 91 92 96 97 102
39 45 46 47 48 49 50 52 54 55 57 59 62 66 68 69 70 72 73 74 76 77 78 79 81 82 84 85 86 87 88 89 90 91 92 94 97 101 102 104
39 44 45 48 49 50 51 52 55 58 60 61 63 65 66 67 68 70 71 72 73 75 78 81 82 83 89 90 92 93 94 95 96 97 98 99 101 102 103 104
23 46 47 49 53 57 61 62 64 69 72 73 75 76 77 79 83 85 90 91 93 96 97 101
20 44 52 54 56 60 64 67 72 75 83 84 85 87 88 90 94 95 96 97 100
18 46 48 51 54 64 65 69 70 71 76 79 81 86 94 95 97 98 103
27 46 50 52 53 55 57 60 65 66 68 69 70 74 75 76 80 81 82 89 91 92 93 94 96 98 100 101
33 45 48 51 52 53 54 55 58 59 63 64 66 67 69 70 72 74 77 78 80 82 83 84 86 88 89 90 94 95 97 98 100 101
21 44 45 46 47 49 53 54 55 56 61 65 70 71 73 76 77 79 89 93 96 101
38 44 47 48 49 51 52 53 54 55 56 57 62 63 66 67 68 69 70 73 74 76 77 80 82 83 84 85 87 90 91 93 94 97 98 99 101 103 104
31 44 46 47 50 51 53 56 60 61 63 65 66 69 70 72 75 76 79 81 82 84 87 89 90 92 96 98 100 101 103 104
22 45 46 47 54 56 61 63 67 72 73 75 77 79 80 83 84 86 87 91 98 99 102
18 45 48 52 55 60 61 65 67 73 74 78 80 85 86 89 94 97 103
35 45 46 50 52 53 54 55 57 58 60 62 69 71 72 75 76 78 79 84 85 86 88 89 90 91 92 94 95 96 97 98 99 100 101 103
24 47 52 54 58 59 61 64 67 68 69 70 74 77 84 85 88 90 91 97 98 99 100 101 103
27 45 47 50 51 52 55 59 62 63 64 66 68 70 74 76 77 78 84 87 88 89 90 94 96 97 100 101
42 44 45 47 48 49 52 53 55 56 57 58 59 60 61 62 63 64 65 67 68 71 72 73 75 76 77 78 79 81 82 86 87 88 89 90 92 93 94 95 96 97 103
24 46 48 50 51 56 59 61 63 65 67 68 69 70 71 77 80 81 86 88 92 93 94 99 100
28 44 45 46 47 53 55 56 60 62 63 71 72 73 75 78 79 80 81 82 83 84 85 94 98 99 101 103 104
31 48 50 54 56 57 59 63 64 66 67 68 73 74 80 81 82 83 84 85 86 87 88 89 90 91 94 95 96 98 99 100
23 44 45 47 48 50 51 54 55 56 58 65 67 72 74 75 76 77 80 81 82 91 101 103
32 44 45 49 50 52 53 56 58 59 62 66 67 68 69 70 71 72 73 75 76 77 79 81 83 85 86 88 91 96 101 102 104
28 45 46 49 50 51 54 58 59 61 63 66 67 69 71 74 76 78 79 83 85 88 89 90 91 93 95 100 101
30 46 47 48 50 52 55 57 59 60 61 64 65 66 67 68 71 72 74 77 78 79 84 85 88 92 93 96 97 98 100
18 46 47 48 50 52 55 57 59 63 66 68 70 76 81 88 92 93 99
30 44 49 51 53 55 59 60 62 63 64 65 66 73 74 76 77 80 82 84 85 86 87 88 92 93 96 97 101 103 104
36 46 47 48 49 50 52 53 55 56 57 59 61 64 65 66 67 68 71 72 75 78 80 81 82 83 85 86 88 89 90 93 94 97 102 103 104
32 44 46 47 48 49 54 55 57 59 60 62 64 65 68 72 73 74 75 78 79 81 82 85 86 87 88 91 94 95 97 102 103
18 44 46 53 55 58 62 66 72 77 81 82 84 85 86 90 91 99 104
33 44 46 51 52 53 54 56 57 60 61 65 66 67 69 70 72 73 74 81 83 84 86 87 89 91 93 97 98 99 100 101 102 103
18 46 47 50 52 56 59 62 63 70 78 79 88 90 91 93 98 99 104
36 45 46 49 50 51 52 53 57 60 62 64 67 69 70 71 72 73 75 77 78 80 81 82 83 85 86 87 92 95 96 97 98 99 101 102 103
41 44 45 46 47 49 50 51 53 54 57 59 61 62 67 69 70 71 72 73 75 77 78 80 81 82 83 86 87 88 89 90 91 92 94 95 96 98 99 101 102 103
20 49 54 55 56 59 60 64 66 70 72 75 77 78 82 84 95 96 97 98 100
31 46 47 48 49 52 53 55 56 57 58 59 61 65 68 70 74 79 81 84 86 87 88 89 90 93 94 97 98 99 100 103
23 45 50 51 58 60 66 67 70 71 73 75 76 78 79 82 83 89 91 92 93 95 99 102
35 46 47 48 50 53 54 57 58 59 60 63 64 65 66 68 69 70 73 74 77 78 80 82 84 86 87 89 92 94 97 99 100 101 102 103
18 44 47 60 62 63 66 67 68 71 72 75 77 78 81 86 91 102 104
20 47 48 51 56 58 59 60 61 64 69 71 75 78 79 85 86 90 95 103 104
35 44 46 47 49 50 51 54 55 56 57 58 59 60 61 64 65 67 69 72 78 79 81 83 85 88 91 92 94 95 97 98 100 102 103 104
34 45 46 48 49 50 51 54 55 57 59 63 64 65 66 67 68 76 77 78 80 81 83 85 86 88 90 91 92 93 94 97 99 102 104
33 44 46 48 49 52 53 54 55 59 61 62 64 65 66 72 76 77 78 82 84 85 86 87 89 92 93 94 95 96 98 101 103 104
38 44 45 46 47 48 51 53 54 55 56 57 58 60 62 64 65 66 67 68 72 73 75 76 77 80 81 82 85 86 89 93 94 95 98 99 100 102 104
33 44 47 49 51 52 56 57 59 60 61 65 69 70 72 73 74 76 78 79 81 84 88 93 94 96 97 98 99 100 101 102 103 104
28 44 46 49 51 53 55 56 60 65 66 69 70 71 72 73 78 79 80 81 83 89 90 91 92 93 96 99 100
38 46 49 50 52 53 54 55 56 58 59 60 61 64 65 66 68 69 70 71 72 74 76 77 78 81 82 85 86 87 88 93 94 96 98 99 100 101 102
33 44 45 46 47 48 50 53 54 56 57 63 64 65 66 67 68 74 75 77 80 81 82 83 85 86 89 91 93 94 99 100 103 104
20 47 48 54 58 62 67 73 78 79 80 81 82 83 85 87 91 93 95 99 103
22 51 52 53 56 62 63 65 69 70 72 75 81 82 85 86 87 88 90 95 98 101 103
22 44 47 48 49 54 55 63 65 66 69 71 72 81 82 83 86 87 91 92 96 101 102
27 44 45 46 49 51 54 56 57 60 61 66 67 68 71 73 75 78 79 81 85 88 90 92 94 95 96 104
32 45 46 47 48 49 50 52 53 56 58 62 64 65 66 71 76 77 80 83 84 86 87 90 91 94 96 98 99 101 102 103 104
30 44 46 47 49 54 55 57 61 62 65 70 71 73 74 75 77 79 81 82 83 84 85 88 89 92 95 97 98 103 104
21 44 46 47 53 57 62 69 73 76 77 78 81 83 85 86 88 94 96 99 101 103
20 44 50 57 58 60 61 68 73 77 81 83 85 86 88 90 96 98 101 103 104
37 45 47 50 51 54 61 62 63 64 65 68 70 71 72 73 76 77 78 79 81 82 83 84 85 88 89 90 91 92 94 95 96 99 100 102 103 104
36 44 46 47 50 52 53 54 55 56 57 58 60 61 64 67 69 70 72 75 76 78 80 81 83 85 86 87 88 92 93 94 96 98 99 102 104
25 45 46 49 50 56 57 59 60 65 68 70 71 75 76 78 79 80 83 85 87 92 93 99 101 104
37 46 49 50 52 56 58 59 60 65 66 67 70 71 72 76 77 78 80 82 83 84 86 87 88 89 90 91 92 93 94 95 97 99 100 102 103 104
34 45 46 48 50 51 53 54 56 57 58 59 61 62 63 64 66 70 72 74 75 78 79 80 83 85 90 93 95 96 99 100 102 103 104
34 46 48 52 54 55 56 58 59 62 63 65 69 71 72 73 74 77 78 79 83 84 86 87 88 91 92 93 94 96 97 98 101 103 104
38 44 45 47 51 52 53 58 59 62 63 64 65 67 68 69 71 74 75 76 77 80 81 82 85 86 89 91 92 93 95 96 97 98 100 101 102 103 104
26 44 47 49 50 52 53 56 58 59 62 64 71 72 79 81 83 84 85 89 91 94 97 98 99 102 103
8 121 122 128 136 145 151 155 156
31 105 106 108 112 116 117 118 119 121 122 126 128 129 130 131 132 133 134 135 137 138 140 143 144 147 149 151 152 153 155 157
16 109 118 119 124 127 129 131 132 134 139 140 142 143 149 151 155
7 126 141 147 149 151 153 156
10 108 115 124 126 131 134 136 149 151 156
21 105 107 109 113 114 115 116 117 118 119 120 125 126 129 131 136 144 147 148 149 152
7 110 112 117 121 123 139 151
13 112 114 121 127 128 130 138 144 145 149 150 152 157
10 106 109 112 113 115 130 134 137 146 157
13 111 112 124 128 129 141 142 143 145 146 150 152 154
13 109 110 115 116 118 120 123 135 137 143 144 152 154
12 105 106 109 117 120 122 132 135 140 141 149 154
11 110 115 117 122 125 127 130 133 134 151 155
15 105 106 109 115 116 121 125 129 130 141 147 148 151 152 154
29 109 110 112 114 116 118 119 123 124 125 126 128 129 130 131 135 136 137 138 142 143 147 149 150 151 152 154 155 157
6 105 108 113 114 123 144
32 105 106 107 108 109 110 111 116 117 123 124 125 126 128 132 133 134 135 136 137 138 141 142 145 147 148 149 150 152 154 156 157
33 105 106 107 108 111 112 113 114 117 119 121 122 124 125 127 128 129 130 131 132 133 134 136 138 139 140 142 145 146 148 150 155 157
21 105 114 116 117 119 120 123 124 125 126 129 131 133 135 138 141 143 144 149 152 153
15 106 107 113 119 120 123 128 131 132 135 137 141 144 150 153
23 105 106 109 111 119 122 125 126 127 128 129 130 132 133 134 136 138 141 145 149 153 154 157
13 105 106 110 111 121 124 129 132 140 142 143 154 155
19 108 110 113 119 124 129 133 134 136 138 142 144 145 146 148 150 151 156 157
26 105 106 109 112 113 115 117 118 120 121 122 123 128 131 135 136 137 138 142 143 145 147 148 149 155 157
24 105 112 114 116 117 118 121 122 123 125 126 129 131 133 134 135 136 137 139 140 146 152 154 157
21 106 109 111 112 113 116 119 121 126 128 131 132 134 138 144 146 147 148 149 150 155
22 107 109 110 111 113 114 115 120 123 124 125 127 136 139 141 142 145 146 148 150 154 156
18 108 110 117 122 125 127 129 137 139 140 141 142 143 145 152 153 154 156
12 105 108 111 121 124 126 129 139 140 142 146 147
14 105 107 114 115 118 120 123 124 130 133 135 136 151 157
13 105 112 113 116 119 125 129 137 139 140 141 142 155
9 105 117 120 126 128 134 137 144 156
21 107 111 113 114 117 118 122 123 128 129 132 133 135 139 140 141 146 147 152 154 155
20 106 108 109 110 111 113 115 119 124 127 128 130 138 141 142 144 145 147 153 155
26 105 107 108 110 113 114 115 117 119 121 130 131 132 133 134 135 137 139 147 148 149 151 153 155 156 157
25 108 109 110 111 113 114 117 120 122 124 125 132 135 136 137 139 141 143 147 151 152 153 155 156 157
21 112 113 114 115 118 119 120 121 122 127 129 130 131 139 140 143 144 146 151 153 155
15 109 112 114 121 122 123 124 125 127 129 130 131 134 135 148
19 106 107 108 109 111 114 121 126 127 134 135 143 144 145 147 150 151 153 156
27 106 108 110 111 121 122 123 127 128 130 133 134 137 138 140 141 142 143 145 146 150 151 153 154 155 156 157
17 107 112 115 118 119 121 123 128 129 131 138 140 142 145 149 150 154
6 108 111 114 124 132 152
23 107 108 113 114 115 116 118 120 124 131 135 137 140 142 143 144 146 147 148 150 152 155 156
14 106 109 116 118 120 122 123 125 126 127 136 138 140 144
24 107 109 112 115 117 119 120 125 127 128 130 133 134 136 137 138 144 146 147 148 152 153 156 157
14 107 108 110 111 118 127 132 139 140 142 147 148 150 154
10 105 109 116 119 125 127 142 144 145 150
24 105 106 107 108 111 113 115 117 120 121 122 127 132 133 134 139 140 141 144 145 146 148 153 156
38 105 106 107 109 110 112 113 114 115 116 117 119 120 121 122 125 126 127 128 129 131 133 134 136 137 139 140 141 142 144 145 150 151 152 153 154 155 156
5 112 124 132 135 139
17 106 113 114 116 121 127 130 131 132 136 139 141 147 149 153 154 155
9 116 132 134 135 141 147 151 153 155
37 105 106 107 108 110 111 112 113 114 115 116 117 120 121 122 123 125 126 128 130 133 135 136 137 138 141 144 145 146 147 148 150 152 153 154 156 157
25 105 106 108 110 111 113 115 116 117 119 120 126 128 132 140 143 144 146 147 149 151 152 153 154 155
9 107 120 132 143 148 149 150 151 156
10 110 118 124 130 131 132 136 149 152 157
17 107 111 112 114 115 116 123 125 126 128 130 131 143 147 152 153 155
20 112 117 118 119 120 124 127 128 129 130 131 136 138 140 141 142 148 149 155 157
5 118 121 127 137 139
12 106 110 112 120 121 130 137 138 143 148 153 157
16 107 111 117 120 122 126 128 129 130 131 133 135 141 146 148 154
15 108 111 118 123 124 130 132 135 138 143 146 147 148 149 157
5 108 131 139 141 149
11 105 106 116 126 127 130 133 134 144 146 148
21 107 110 116 119 125 126 127 129 130 133 134 139 140 141 144 146 150 151 153 154 156
13 107 118 133 136 137 138 139 141 142 145 150 156 157
22 108 111 112 113 114 117 118 122 124 131 133 134 135 137 140 145 146 149 150 155 156 157
37 105 106 108 109 110 112 113 114 115 116 118 119 121 123 124 125 127 132 134 136 137 138 139 140 142 143 144 145 147 149 150 151 152 153 155 156 157
11 110 111 112 122 124 125 129 135 142 145 146
17 106 107 108 109 111 117 118 120 124 125 129 139 142 143 148 154 156
11 113 114 116 118 122 123 126 135 145 150 151
16 107 110 119 120 123 126 127 128 132 136 138 139 142 143 144 153
11 115 117 120 122 123 128 133 138 146 148 154
16 106 109 116 122 125 126 132 133 139 143 145 150 151 152 153 154
16 107 108 109 115 118 119 123 133 138 140 143 148 150 151 152 157
15 109 112 114 116 118 136 138 143 145 148 149 152 154 156 157
14 105 110 113 115 119 122 123 126 131 133 136 137 140 146
11 107 110 111 115 121 134 135 137 146 147 156
16 112 117 118 119 120 124 127 128 130 131 138 140 141 148 155 157
13 106 108 113 119 124 127 128 130 138 142 144 147 153
8 105 106 126 130 133 144 146 148
12 107 111 114 116 123 128 130 131 147 152 153 155
8 112 124 128 141 142 143 152 154
4 118 127 137 139
10 114 115 117 120 125 126 131 136 144 147
7 105 115 125 141 147 151 152
7 124 130 146 147 148 149 157
5 115 124 134 151 156
13 117 118 119 124 127 136 138 140 141 142 149 155 157
19 105 114 116 117 118 121 122 123 125 126 131 133 135 136 139 140 152 154 157
14 111 113 117 118 128 129 132 135 139 140 141 147 152 154
11 106 108 109 111 114 126 143 145 147 150 156
20 108 110 111 113 115 116 117 119 120 128 132 140 146 147 149 151 152 153 154 155
9 108 111 127 132 139 140 142 147 148
11 107 114 118 120 123 124 130 133 135 136 157
19 105 114 116 117 118 122 123 125 126 129 131 133 134 135 136 137 139 140 154
15 108 110 117 122 127 129 139 140 141 143 145 152 153 154 156
10 105 106 109 117 120 132 135 140 149 154
20 108 109 110 111 113 120 125 132 135 136 137 139 141 143 147 151 152 155 156 157
16 108 110 113 119 124 134 136 138 142 144 145 148 150 151 156 157
2 132 135
13 114 116 121 127 130 131 132 136 139 141 147 149 155
10 111 113 119 124 127 130 138 141 153 155
18 107 111 113 115 120 123 124 125 127 136 139 142 145 146 148 150 154 156
14 110 119 120 123 126 127 128 132 136 138 139 142 143 144
5 110 112 117 121 139
11 106 109 118 120 123 126 127 136 138 140 144
22 105 106 108 112 116 121 122 128 129 131 133 134 135 137 138 140 144 147 151 153 155 157
7 108 126 131 134 149 151 156
8 110 112 122 124 129 142 145 146
8 109 110 116 120 123 135 144 154
8 114 121 127 128 130 144 145 150
12 107 115 123 128 129 131 138 140 142 149 150 154
13 112 115 119 120 127 128 137 138 144 146 147 152 156
7 124 128 141 142 143 145 154
16 106 108 110 121 127 128 133 134 138 141 142 145 146 151 153 155
6 108 111 121 139 146 147
11 106 107 108 114 121 127 134 135 143 145 151
8 114 116 122 123 126 135 145 150
16 107 109 110 111 114 115 120 123 124 125 127 136 142 145 150 154
18 106 109 111 112 113 116 119 126 128 132 134 138 144 146 147 149 150 155
8 107 118 136 137 139 141 145 150
11 107 109 110 111 113 115 123 136 139 141 148
13 105 125 126 127 130 132 133 134 136 145 149 153 154
17 107 112 115 119 120 125 128 130 133 134 136 138 144 148 152 156 157
13 106 113 114 121 130 131 136 139 141 149 153 154 155
4 107 143 150 151
9 114 127 128 130 138 144 149 150 152
11 113 115 118 119 121 122 127 130 139 140 151
8 106 109 112 113 115 134 146 157
17 109 111 114 117 120 122 125 132 135 137 139 143 147 152 153 156 157
10 116 125 126 133 145 150 151 152 153 154
11 109 118 119 124 127 131 142 143 149 151 155
3 108 131 149
21 105 107 108 109 116 117 124 125 126 133 135 136 138 141 142 145 147 148 149 150 154
7 106 110 120 130 137 143 157
3 121 139 151
19 106 107 108 111 112 113 114 121 124 127 128 129 131 133 134 138 140 142 145
10 107 108 111 117 118 120 139 142 148 154
8 108 109 118 120 125 129 143 154
6 111 122 129 135 142 145
13 106 108 109 111 119 124 128 141 142 144 145 147 153
14 108 110 113 115 119 121 132 133 137 139 148 149 153 155
10 106 109 118 120 122 125 136 138 140 144
18 108 111 113 114 117 118 122 124 131 134 135 137 145 146 150 155 156 157
9 110 115 122 125 127 133 134 151 155
4 108 139 141 149
3 124 135 139
11 112 115 121 123 128 129 131 138 140 149 154
10 107 118 133 136 137 138 139 142 156 157
10 108 109 138 140 143 148 150 151 152 157
12 109 119 124 127 129 131 139 140 142 143 149 151
8 114 121 123 125 127 130 131 135
20 107 108 110 115 117 119 121 130 131 132 133 134 135 139 147 148 149 153 155 157
7 105 108 111 121 139 140 147
9 105 106 109 117 120 122 132 140 154
7 105 126 127 130 133 146 148
18 105 114 116 117 119 120 123 124 125 126 129 131 133 135 141 149 152 153
13 107 109 115 118 119 123 138 140 143 148 150 151 157
6 105 117 120 126 134 156
14 106 108 109 111 117 118 120 124 129 139 143 148 154 156
25 105 108 112 116 117 118 119 121 122 126 128 129 130 131 132 133 135 137 138 140 143 147 152 153 155
3 127 137 139
11 118 124 127 131 132 134 142 143 149 151 155
12 107 108 115 123 133 138 140 143 148 150 151 152
12 107 116 125 126 129 134 140 141 146 150 153 156
15 106 112 118 120 121 122 123 128 135 137 138 142 143 147 155
9 122 126 129 131 133 135 141 148 154
6 116 119 125 127 144 145
12 109 116 122 132 133 139 145 150 151 152 153 154
11 109 115 116 125 129 130 141 147 148 151 152
10 107 109 114 118 126 131 144 148 149 152
5 110 112 121 123 151
17 112 114 117 118 122 131 133 134 135 137 140 145 149 150 155 156 157
17 108 110 113 119 124 133 134 136 138 142 144 145 146 148 150 151 157
18 112 116 117 118 121 122 123 129 131 133 135 136 137 139 140 146 154 157
11 106 109 115 116 121 125 129 141 147 148 151
6 110 122 124 125 142 145
21 105 106 107 108 113 115 117 120 121 122 127 132 133 134 139 140 141 145 146 153 156
6 115 120 123 138 146 154
13 107 111 113 123 124 127 141 142 146 148 150 154 156
9 107 119 123 126 128 139 142 143 153
16 108 111 112 117 118 124 131 134 137 140 145 146 150 155 156 157
6 105 106 126 127 130 148
9 110 112 122 124 125 129 135 142 146
19 105 116 117 118 121 122 123 125 126 131 133 134 135 136 137 139 146 152 157
8 108 115 124 126 131 136 151 156
19 109 110 112 116 118 124 125 128 130 135 136 138 142 143 147 151 152 155 157
7 110 112 121 138 148 153 157
16 106 107 108 111 114 121 126 127 134 135 144 145 147 150 151 153
4 121 136 145 156
7 126 131 134 136 149 151 156
10 106 109 116 118 120 122 125 126 127 138
5 115 124 126 149 151
12 112 121 123 124 125 127 129 130 131 134 135 148
4 111 114 124 132
8 106 109 116 129 141 147 148 151
23 109 110 112 114 118 119 124 125 126 128 129 130 131 135 137 138 142 143 149 151 152 154 155
15 111 122 123 127 130 134 137 138 142 143 146 150 153 154 155
15 106 108 109 111 114 126 134 135 143 144 145 147 151 153 156
18 105 114 116 117 119 120 123 124 125 126 129 131 133 135 138 143 149 152
13 107 111 112 114 116 123 125 126 128 130 143 152 155
24 106 108 110 111 121 123 127 130 133 134 138 140 141 142 143 145 146 150 151 153 154 155 156 157
13 108 110 111 117 124 125 132 136 137 141 147 155 156
4 122 136 145 155
5 105 117 126 137 144
26 105 107 110 111 112 114 115 116 117 120 121 122 123 128 130 135 136 137 141 145 146 147 148 153 154 156
12 112 117 119 120 127 130 136 140 148 149 155 157
11 114 116 118 136 145 148 149 152 154 156 157
5 112 117 121 139 151
5 120 132 149 150 156
17 109 110 111 113 114 115 120 123 124 127 136 139 142 145 146 150 154
6 108 121 126 139 140 146
11 110 117 122 125 129 140 142 143 152 153 156
17 107 108 113 114 116 118 120 124 135 137 140 143 146 147 148 155 156
29 105 106 107 109 112 113 115 116 117 120 121 125 127 128 131 136 137 139 140 141 142 144 145 150 151 153 154 155 156
13 119 120 124 127 131 136 138 140 141 142 148 149 155
13 107 113 119 120 123 128 132 135 137 141 144 150 153
11 106 107 108 111 120 129 139 142 143 148 154
25 105 107 112 113 114 117 119 124 125 128 129 131 132 133 134 136 138 139 140 142 145 146 148 150 155
3 118 127 137
9 106 113 130 131 136 139 141 147 154
15 107 109 113 114 116 117 118 119 125 129 144 147 148 149 152
6 107 120 132 148 150 151
7 115 118 123 135 137 144 154
13 105 118 123 125 126 129 134 135 136 137 140 146 154
3 108 139 149
10 109 112 114 116 145 148 152 154 156 157
18 109 110 113 115 124 127 132 134 136 137 140 144 145 147 151 152 155 156
3 124 132 135
15 110 123 127 128 130 133 134 138 140 146 150 151 153 154 157
11 108 109 114 121 127 134 144 145 147 150 156
9 112 124 128 143 145 146 150 152 154
7 109 116 119 125 127 145 150
20 105 106 111 112 113 114 115 116 117 122 128 133 136 137 141 150 152 153 156 157
14 114 115 119 120 122 129 130 131 139 144 146 151 153 155
14 106 113 116 121 127 130 131 132 136 139 141 149 153 155
14 105 107 108 115 117 119 132 135 139 147 153 155 156 157
9 109 116 118 120 123 135 143 144 152
10 105 110 115 119 122 126 133 136 137 140
7 116 132 135 141 151 153 155
3 139 141 149
3 118 121 137
7 132 134 135 141 147 151 153
13 108 110 124 129 133 134 138 144 145 146 148 150 157
4 111 114 132 152
15 105 114 117 118 121 122 125 126 129 133 136 137 152 154 157
6 122 128 145 151 155 156
7 115 124 126 131 134 151 156
3 124 132 135
13 105 106 110 111 113 115 120 128 132 144 149 153 155
7 118 133 137 141 142 145 150
5 126 141 149 151 156
3 108 114 123
7 110 112 122 124 125 142 146
16 111 121 122 123 127 134 142 143 145 146 150 151 153 154 155 156
11 105 107 114 115 118 120 123 124 133 151 157
16 105 106 108 113 115 120 121 122 127 132 134 139 140 141 148 156
16 107 111 113 114 117 123 128 132 133 135 141 146 147 152 154 155
33 106 107 109 110 112 113 114 116 117 119 120 121 122 125 126 127 128 129 131 133 134 136 137 139 141 142 144 150 151 152 153 154 156
9 110 113 122 123 126 133 136 137 140
6 116 134 141 147 151 155
15 106 107 109 117 118 120 124 125 129 139 142 143 148 154 156
8 115 118 120 123 130 135 136 157
6 110 118 120 135 137 144
9 107 111 121 134 135 137 146 147 156
25 109 110 112 114 116 119 123 124 125 126 128 130 131 135 136 137 138 143 149 150 151 152 154 155 157
12 109 112 119 125 127 128 130 137 138 146 147 157
3 141 147 156
15 108 112 117 118 122 124 133 134 140 145 146 149 150 155 157
17 112 117 118 120 127 128 129 130 131 136 140 141 142 148 149 155 157
3 108 131 149
16 105 111 115 117 119 120 126 128 132 140 143 146 147 149 152 155
6 108 131 136 149 151 156
10 108 115 118 119 133 138 140 143 150 152
20 105 107 108 124 125 126 128 133 135 136 138 142 145 147 148 149 150 152 154 157
12 105 107 114 115 118 120 123 124 130 133 135 157
9 105 110 113 122 123 126 131 136 137
8 105 117 122 132 135 141 149 154
7 117 122 123 133 138 148 154
10 106 107 108 109 111 117 120 139 142 154
11 107 108 109 111 117 120 125 139 143 154 156
9 114 127 130 131 132 136 139 147 155
12 107 108 109 118 119 123 133 138 140 151 152 157
8 106 109 118 120 122 127 136 138
10 118 119 124 127 129 134 139 142 143 155
10 114 115 118 119 120 122 127 131 143 144
4 118 121 137 139
20 106 111 119 122 125 126 127 128 129 130 132 133 134 136 138 141 145 149 153 157
14 108 110 117 125 127 137 139 140 141 142 145 153 154 156
8 105 119 125 127 142 144 145 150
4 110 117 121 151
3 112 135 139
6 121 122 136 145 151 156
8 107 123 129 131 138 142 149 150
14 106 109 110 111 115 124 127 128 130 138 142 145 147 153
9 107 108 111 118 127 139 140 150 154
11 120 123 127 128 136 138 139 142 143 144 153
6 107 110 121 134 135 137
7 106 112 120 121 137 148 157
16 112 114 115 118 119 120 122 127 130 131 139 143 144 146 153 155
11 107 115 119 128 131 138 140 142 149 150 154
6 107 120 132 150 151 156
31 105 106 108 109 110 112 113 115 116 118 119 121 123 124 132 134 137 138 139 140 142 143 145 147 149 150 151 152 153 156 157
7 116 134 135 141 147 151 153
6 106 109 113 115 134 157
16 107 110 116 126 127 133 134 139 140 141 144 150 151 153 154 156
14 106 107 108 109 111 114 127 134 135 147 150 151 153 156
11 109 112 121 122 124 125 127 129 131 135 148
12 109 111 112 113 119 121 128 134 144 148 149 155
11 107 111 112 115 125 126 128 130 143 152 153
6 114 118 122 123 135 145
7 107 120 143 149 150 151 156
28 105 106 107 108 110 111 112 113 115 117 120 121 123 125 126 128 130 133 136 137 141 144 146 147 148 152 153 156
12 106 108 111 117 118 124 125 129 139 142 148 154
10 114 121 122 123 124 125 129 130 135 148
16 107 113 114 115 116 118 124 131 135 140 142 143 146 152 155 156
3 108 124 152
2 118 127
7 113 114 122 123 145 150 151
14 108 111 112 117 118 122 133 134 135 137 140 145 150 156
4 120 126 134 144
6 105 109 116 127 145 150
8 110 111 112 122 125 135 142 146
22 105 108 110 111 113 115 116 117 119 120 126 128 132 144 146 147 149 151 152 153 154 155
8 109 110 118 123 137 143 152 154
13 108 113 114 115 118 120 124 131 140 142 147 148 152
6 115 120 122 123 128 138
11 105 113 115 119 122 123 126 131 136 140 146
20 110 112 114 116 118 119 126 129 130 131 135 137 142 143 147 151 152 154 155 157
2 108 149
8 105 112 125 129 139 140 141 142
3 110 117 123
6 124 131 136 149 151 156
5 106 113 130 137 146
11 106 107 113 119 128 131 132 137 141 144 153
19 106 108 110 111 127 128 130 133 134 138 140 143 145 146 150 153 155 156 157
3 108 131 139
18 112 113 114 117 119 124 128 129 133 134 139 140 142 145 146 148 150 157
8 109 114 121 123 125 129 131 148
7 114 118 120 130 133 135 136
12 112 114 121 122 124 125 127 129 130 131 135 148
9 105 109 117 120 122 132 135 141 154
9 108 110 125 127 140 141 143 152 156
5 115 123 128 133 154
12 108 111 118 124 130 132 135 143 146 148 149 157
11 105 107 114 115 118 123 124 133 136 151 157
14 107 111 113 117 118 122 123 129 133 146 147 152 154 155
5 116 122 123 135 145
10 111 112 124 128 129 141 142 143 146 154
15 112 113 115 118 119 120 122 127 129 130 131 139 140 144 155
13 106 109 111 114 126 127 143 144 145 147 150 151 153
13 111 114 124 127 139 141 142 145 146 148 150 154 156
14 106 108 109 111 117 118 124 125 129 139 142 143 148 154
8 105 115 116 121 147 148 151 154
3 105 108 113
5 117 120 126 134 144
36 105 106 107 108 109 110 111 112 113 115 116 118 119 120 121 122 127 129 130 131 132 133 137 138 140 142 144 145 146 148 149 151 152 154 155 157
22 105 108 109 110 112 117 120 121 123 124 131 133 135 140 144 145 147 149 150 151 152 155
34 105 106 107 108 109 110 115 116 117 120 121 122 123 124 126 128 129 130 133 134 135 136 138 139 141 142 143 144 145 148 149 150 156 157
31 106 107 108 109 110 113 115 116 117 118 122 123 124 125 126 129 132 133 134 137 138 139 140 144 145 150 151 152 154 155 157
22 105 107 108 109 110 111 113 114 115 118 120 121 123 125 135 138 139 140 143 145 146 152
21 105 109 111 113 115 122 123 125 128 129 132 135 136 139 146 148 150 151 154 155 157
20 112 114 118 119 121 122 127 128 130 131 132 134 140 149 150 151 152 154 155 156
34 105 106 108 110 114 116 118 119 120 121 124 125 128 130 131 132 133 135 136 138 139 141 143 144 146 147 149 150 151 152 153 154 156 157
32 105 106 107 108 109 111 112 114 115 117 118 119 122 124 125 127 129 131 133 134 135 137 139 141 142 146 148 149 152 153 156 157
16 106 110 118 119 120 121 122 127 130 136 138 139 145 150 152 155
20 108 110 111 114 116 118 120 123 124 127 128 129 131 133 135 137 139 143 147 153
30 107 108 109 110 112 115 119 122 123 126 127 128 131 132 133 134 136 137 139 143 144 145 146 147 148 149 151 154 156 157
27 106 108 111 112 113 118 119 121 122 124 126 127 129 131 132 133 136 137 138 139 141 147 148 149 151 152 154
31 106 108 109 110 112 115 118 121 122 124 127 128 129 130 136 137 138 139 140 142 143 144 147 148 150 151 153 154 155 156 157
29 106 108 111 112 114 115 118 119 122 125 128 129 130 132 134 137 138 139 140 141 142 146 147 149 150 152 153 156 157
27 105 106 109 111 114 116 119 120 122 127 129 131 133 134 136 137 139 140 141 144 145 148 149 150 151 153 156
19 108 112 113 117 118 120 123 130 131 132 135 139 141 143 147 150 152 155 156
29 107 108 109 110 112 115 118 119 120 122 123 124 125 127 128 129 138 140 142 144 145 146 149 150 151 153 154 156 157
25 105 111 112 114 116 118 119 120 125 128 131 134 135 136 137 138 140 141 143 146 148 152 153 154 156
30 105 106 108 110 111 112 113 114 115 117 119 120 121 123 127 129 132 133 138 140 141 142 145 148 149 150 151 153 154 157
23 106 109 110 115 116 117 121 122 124 125 127 128 130 132 133 134 135 136 143 145 146 150 151
22 107 108 112 113 114 116 117 118 119 123 125 126 130 133 134 136 138 145 146 148 154 155
22 107 108 110 113 117 123 125 127 128 130 135 136 141 142 143 145 146 150 151 152 153 156
25 106 107 108 109 111 113 116 118 119 122 124 126 127 129 131 135 138 140 141 144 145 146 147 155 157
22 105 113 116 117 120 121 123 126 127 135 136 137 140 142 144 145 147 148 150 154 156 157
22 105 107 108 109 112 114 115 121 124 125 126 128 134 135 137 138 141 143 146 149 154 156
33 105 109 110 113 114 116 117 118 119 120 121 123 124 126 127 131 132 133 135 136 137 138 142 143 144 145 146 148 150 151 152 155 156
19 113 114 115 116 120 121 126 127 130 131 132 134 140 144 148 149 151 154 157
17 105 106 110 111 113 115 123 124 127 135 139 141 142 143 148 150 156
23 106 109 111 113 118 119 123 124 126 128 129 133 136 137 139 142 144 145 147 149 151 154 157
23 106 109 110 111 112 113 114 115 118 119 120 126 131 135 136 137 138 140 141 143 146 148 149
34 105 107 108 110 111 112 113 114 115 117 119 120 122 123 124 126 127 128 129 130 135 136 137 138 139 145 147 148 149 150 152 153 155 157
18 112 115 116 119 123 125 132 133 134 137 138 140 141 142 143 147 152 155
24 105 106 112 113 114 115 116 117 119 121 126 130 133 134 136 137 138 144 145 146 148 151 152 157
31 106 107 109 111 113 114 116 117 118 119 120 124 125 130 132 134 135 138 140 141 143 144 145 146 148 149 150 151 153 154 157
34 105 106 108 111 112 113 116 117 119 123 124 125 126 129 130 131 132 133 134 135 138 139 140 141 144 145 146 147 148 149 152 154 156 157
18 110 112 116 118 122 126 127 131 133 138 139 142 143 145 146 147 148 151
22 106 107 110 115 117 119 121 123 125 126 131 132 133 134 136 138 143 145 151 152 153 154
19 105 107 113 114 115 122 123 130 131 135 136 140 144 148 149 153 154 156 157
21 108 109 110 116 118 119 120 122 123 127 128 141 142 144 145 146 147 150 153 154 155
27 106 109 110 111 112 115 116 118 120 121 124 125 126 129 133 134 139 140 143 144 145 148 150 151 152 154 155
21 108 112 114 115 116 118 123 127 134 137 138 139 145 146 147 148 151 152 154 155 156
16 107 109 113 117 122 125 126 127 129 132 133 134 137 139 143 154
24 105 107 108 109 113 115 118 119 123 126 127 128 130 131 134 142 146 148 149 151 153 154 155 156
30 105 106 107 108 109 110 112 115 117 120 127 128 130 132 135 136 139 140 141 143 144 145 148 149 150 151 152 153 154 156
26 106 108 109 111 113 117 118 121 123 125 128 133 137 139 140 141 142 144 145 146 148 149 151 152 153 154
20 108 109 113 114 117 119 120 126 128 130 131 138 142 144 145 149 151 154 155 156
17 105 107 111 113 115 119 122 124 128 134 142 144 145 147 151 154 155
22 110 112 113 114 115 116 119 121 126 130 131 133 135 140 141 145 146 148 149 150 153 157
32 105 106 107 108 109 110 112 113 114 115 116 117 120 122 123 124 125 130 131 132 133 134 137 139 142 144 145 146 148 150 152 156
20 107 108 112 115 116 118 119 122 126 128 132 138 139 141 146 149 151 152 153 155
17 106 109 115 116 117 118 123 127 134 136 140 141 144 146 151 154 155
18 110 112 116 117 118 119 120 121 122 124 131 134 142 153 154 155 156 157
27 106 107 108 110 112 113 116 117 118 119 120 124 125 126 130 132 136 137 138 140 141 143 152 153 154 155 157
24 105 108 109 113 114 116 118 123 125 126 127 131 132 133 137 140 143 144 145 147 150 151 156 157
28 107 108 109 111 112 113 118 119 122 123 124 125 129 131 132 133 134 135 136 137 138 142 143 145 147 149 153 155
25 105 111 112 115 116 117 122 123 124 125 126 128 129 130 132 137 139 141 143 145 148 149 151 153 156
31 106 107 110 111 112 115 116 118 120 121 122 125 126 127 128 129 130 131 132 137 139 140 141 145 146 149 151 153 154 155 157
33 106 107 110 112 114 115 116 120 121 122 123 124 125 129 132 134 135 136 137 139 141 142 144 146 147 149 150 151 153 154 155 156 157
33 105 107 108 109 110 112 113 114 115 116 117 119 121 122 124 126 127 129 133 136 137 140 142 144 147 148 149 150 151 152 154 155 157
32 105 106 107 109 110 111 113 114 115 116 118 120 121 123 125 127 130 132 133 134 137 138 139 141 142 146 149 151 152 154 156 157
16 105 108 114 116 117 118 121 122 124 135 136 142 143 151 152 154
36 105 106 107 110 112 113 114 116 117 118 119 120 121 123 126 127 128 129 132 134 135 136 138 141 142 144 145 146 147 148 149 150 151 152 153 156
27 111 112 113 114 116 117 118 123 124 132 133 134 135 138 139 140 141 142 145 146 149 151 152 154 155 156 157
31 105 107 110 111 112 114 115 117 119 120 121 122 123 128 130 131 133 135 136 137 138 139 142 143 149 150 151 152 153 154 156
22 107 110 111 113 117 118 119 123 124 130 132 133 135 137 138 142 143 146 152 153 154 155
35 105 109 110 112 114 115 116 118 120 121 122 123 124 125 126 128 129 130 131 133 134 135 138 140 141 143 144 145 146 147 152 153 154 155 156
28 105 106 108 109 110 113 118 120 121 122 123 126 127 128 129 131 132 133 134 135 138 139 142 146 149 151 152 155
36 105 107 108 110 111 112 113 115 116 118 119 121 122 123 125 128 129 131 132 133 135 136 137 139 140 141 142 143 145 146 151 152 153 154 156 157
18 108 109 111 112 114 116 119 122 127 132 133 138 139 142 149 154 155 156
22 107 108 110 111 113 114 117 118 122 125 128 131 136 137 141 146 147 149 152 155 156 157
21 111 116 120 121 122 124 126 128 129 130 131 132 133 136 139 142 147 152 153 154 156
33 106 107 108 111 112 113 116 117 118 119 120 121 122 124 125 128 132 136 137 138 139 140 141 143 144 145 146 148 149 151 155 156 157
29 105 106 107 110 111 117 119 120 122 123 124 126 127 128 130 131 137 138 139 142 143 144 147 150 151 152 154 156 157
20 107 110 114 116 120 121 123 126 128 131 132 133 139 142 144 145 152 153 154 156
28 107 109 113 114 115 117 120 121 122 123 124 125 134 136 137 140 141 144 145 146 147 148 149 151 153 154 155 156
26 108 109 110 112 117 118 120 122 124 125 126 127 128 129 130 131 133 135 137 142 143 144 148 151 152 154
26 106 111 114 115 117 119 120 121 122 124 126 128 129 131 135 137 138 139 141 143 144 145 146 148 156 157
36 105 106 107 109 110 111 112 113 114 116 117 119 120 121 122 126 128 129 131 132 136 137 138 139 141 142 143 144 146 147 148 149 152 153 155 156
20 106 109 114 115 120 121 123 128 132 133 135 136 139 143 145 150 152 153 155 157
32 107 108 109 110 111 113 114 115 120 121 122 123 124 126 132 134 135 136 137 138 139 140 141 142 143 145 148 150 151 154 155 156
23 107 111 112 113 117 120 121 122 123 124 131 132 133 137 138 141 143 144 149 151 154 155 157
23 105 106 108 112 113 114 116 117 123 124 125 126 127 130 131 138 139 141 148 150 153 155 156
34 105 108 112 113 115 117 118 120 121 122 127 129 130 131 132 134 135 136 138 139 140 141 142 144 145 147 148 149 150 151 152 153 154 155
24 107 108 109 110 112 113 114 115 117 121 123 125 126 127 130 133 138 143 144 145 147 152 154 155
33 106 107 110 111 112 113 115 116 117 118 120 121 125 128 129 130 132 134 135 136 138 140 141 142 144 145 150 151 152 153 154 156 157
20 105 106 107 112 113 117 119 120 121 122 126 130 137 138 140 141 143 144 146 147
28 106 109 110 111 114 115 117 119 120 121 123 124 125 127 129 131 136 138 139 140 141 142 143 144 148 150 155 156
18 105 106 107 108 113 115 119 123 127 128 133 137 140 141 144 152 153 157
31 106 107 108 109 111 112 115 116 117 119 120 122 124 126 132 134 136 137 138 141 142 143 146 148 149 150 153 154 155 156 157
18 109 112 113 117 124 126 127 129 133 135 138 141 146 149 151 152 155 156
16 109 110 115 116 117 123 126 128 130 133 134 135 136 138 143 150
17 105 106 107 108 111 112 114 116 120 121 126 127 134 143 145 152 157
35 106 108 110 111 112 113 115 116 118 119 120 121 123 125 126 128 129 130 131 132 133 136 137 141 142 143 144 145 148 149 150 151 153 154 157
28 105 107 111 115 118 120 121 122 124 125 126 128 130 131 132 133 134 135 137 138 139 142 145 148 149 151 152 157
21 105 108 109 110 113 120 121 123 124 127 131 133 135 136 142 143 145 146 147 148 149
24 105 108 109 110 111 112 113 114 124 126 127 128 138 139 140 143 144 148 149 152 153 154 155 156
35 106 107 109 110 111 113 115 116 117 119 121 122 123 124 125 127 128 130 132 133 135 137 139 140 144 145 146 147 148 149 152 153 154 155 157
33 105 106 107 109 110 113 114 115 116 118 120 122 124 125 126 128 130 133 135 136 137 138 139 142 144 146 147 148 149 150 152 155 156
17 105 110 112 115 117 121 126 127 129 135 137 138 139 143 144 150 152
16 106 107 109 110 114 119 130 133 137 140 141 142 144 152 156 157
33 105 106 109 110 113 115 116 119 121 123 124 128 129 130 132 133 134 135 136 137 138 140 142 144 145 148 149 150 152 153 155 156 157
23 107 112 113 115 120 123 124 126 128 129 131 133 134 138 143 144 145 149 150 151 153 155 156
30 105 109 110 111 115 118 122 123 125 127 129 131 133 134 135 136 139 140 141 143 144 145 146 148 150 151 152 153 154 157
16 105 108 112 113 120 122 123 128 130 134 135 137 140 141 143 144
23 105 107 110 115 118 119 123 125 126 129 135 136 137 138 139 140 142 144 145 147 149 152 154
22 105 109 110 114 115 117 120 124 125 129 130 131 135 139 140 142 146 147 148 153 156 157
18 105 108 111 112 113 119 120 121 122 126 130 132 133 142 149 152 154 157
20 107 109 111 112 114 115 116 117 118 120 122 124 131 133 135 141 148 151 153 155
29 106 107 108 109 111 113 114 118 120 123 126 128 129 130 132 135 137 140 141 143 145 146 147 148 150 151 152 154 157
25 107 109 110 111 112 116 119 120 121 123 124 125 126 129 136 142 143 145 146 148 152 153 154 155 156
21 113 116 117 121 123 124 125 126 127 129 130 133 138 139 140 141 143 145 146 150 153
17 107 110 113 116 117 123 124 125 126 130 133 135 137 151 154 155 157
26 105 106 109 110 111 112 115 118 120 121 122 123 124 126 131 133 134 135 137 138 140 141 146 150 154 157
22 105 106 108 113 118 122 123 124 126 130 132 136 137 139 144 145 147 149 153 154 155 157
28 105 111 112 113 114 116 117 121 122 124 127 128 129 131 133 135 136 137 138 141 142 143 148 150 151 153 154 157
20 106 107 111 112 114 116 118 119 123 125 128 132 137 140 141 149 150 151 152 155
23 105 112 114 115 117 118 119 120 121 123 124 125 128 131 132 135 136 139 142 143 144 149 150
17 110 114 115 119 122 123 125 128 135 138 139 140 144 147 150 151 152
34 105 106 107 108 109 111 112 113 114 116 119 120 123 125 127 128 129 133 138 139 140 141 142 143 144 145 147 149 150 152 153 154 155 157
32 106 107 108 109 110 112 114 115 117 118 119 120 121 126 127 130 133 135 136 137 139 141 143 144 145 146 148 150 152 153 156 157
29 109 110 111 112 114 116 117 119 120 124 125 129 130 131 132 133 135 138 139 140 143 144 146 148 151 154 155 156 157
21 105 106 107 108 114 117 121 123 124 125 126 128 130 134 137 139 143 144 149 151 153
18 107 109 113 114 118 119 121 123 127 128 131 135 138 141 142 145 147 155
35 105 106 109 111 112 114 115 117 118 119 121 123 124 125 127 128 129 130 131 132 133 135 136 137 138 139 144 145 147 148 149 151 153 155 157
34 107 108 109 111 113 114 115 116 117 120 121 122 123 124 125 126 128 129 130 131 132 134 136 138 139 140 141 144 145 146 148 152 153 154
17 108 109 113 117 119 122 124 125 130 134 139 148 149 150 151 153 156
27 105 106 111 114 115 118 121 122 123 124 125 126 128 129 130 131 133 134 138 140 142 143 149 150 152 155 156
27 105 106 107 109 110 112 113 114 117 118 119 121 123 125 130 132 133 140 141 142 145 146 147 149 153 154 157
19 105 110 111 112 113 116 117 124 126 137 139 142 143 144 146 147 150 151 154
26 105 107 108 109 110 111 116 123 124 125 128 132 135 136 137 140 141 143 144 146 147 149 150 151 156 157
28 105 107 108 109 110 114 116 118 120 122 123 124 125 128 129 130 132 139 140 142 143 146 147 149 152 153 154 155
34 105 107 109 111 112 113 114 115 116 117 119 120 121 124 125 127 129 130 131 132 133 135 137 138 140 141 145 147 148 149 151 153 154 157
27 108 110 111 115 118 119 120 121 122 123 124 130 131 133 134 136 140 141 144 146 147 148 149 151 152 154 156
30 105 106 108 109 110 111 117 118 119 125 128 129 130 131 132 135 136 137 138 140 141 142 143 148 149 151 152 153 154 155
24 105 107 108 109 110 115 120 121 128 129 132 133 134 135 136 137 138 139 144 150 151 154 155 157
23 107 108 109 122 123 124 125 126 130 132 135 137 138 139 141 144 146 148 149 151 152 154 155
23 108 111 112 113 115 118 121 124 125 128 130 136 137 141 142 143 147 148 149 150 151 152 153
24 105 107 108 109 110 111 115 116 120 121 124 125 128 130 131 134 137 138 139 141 142 148 154 156
29 105 106 108 110 111 112 114 117 120 121 122 123 124 125 130 132 136 140 141 142 144 145 146 147 149 151 152 154 155
22 107 109 112 114 118 119 121 123 124 126 128 137 138 140 143 144 150 151 153 154 156 157
21 105 107 109 112 113 115 118 123 126 127 130 133 135 136 140 143 145 149 151 154 157
30 107 110 111 112 114 115 116 117 119 120 128 129 130 131 132 136 137 138 139 141 143 144 147 149 150 151 154 155 156 157
26 106 107 109 110 111 112 114 118 120 124 130 135 137 138 139 140 142 144 145 147 150 151 152 153 154 157
16 107 108 112 113 114 123 125 126 127 128 129 131 132 143 149 151
37 105 107 108 109 110 113 114 115 116 117 118 119 120 121 122 123 124 125 127 128 130 131 132 136 137 138 140 141 142 147 148 149 150 152 154 155 156
17 113 114 116 120 124 128 132 136 138 143 144 146 147 148 152 153 157
29 105 107 109 110 112 114 115 117 118 119 121 122 126 129 134 135 138 139 142 143 145 146 147 150 153 154 155 156 157
29 106 108 109 111 112 113 116 117 119 120 121 123 124 125 126 131 133 134 136 137 144 146 147 148 149 150 151 154 156
21 106 108 111 112 113 114 115 117 121 123 124 125 126 127 129 132 137 142 143 149 156
20 105 106 107 111 114 118 119 121 124 125 128 129 130 135 138 140 141 142 146 152
30 105 107 108 109 111 112 116 117 118 119 121 122 124 127 128 129 132 137 138 139 140 143 144 145 146 147 150 151 153 154
16 105 106 108 109 110 115 121 125 127 128 129 132 140 143 145 153
24 105 108 109 110 111 116 117 120 122 124 125 126 127 134 136 137 138 143 146 147 152 154 156 157
30 108 109 111 112 114 117 118 123 124 125 127 128 129 130 133 134 135 138 139 140 141 143 144 148 149 150 152 153 154 157
26 105 106 108 112 115 118 120 121 124 127 128 129 131 133 136 137 138 140 141 142 143 145 148 153 154 155
35 105 107 108 109 110 111 112 113 114 115 116 120 121 123 125 126 127 128 132 133 134 135 137 138 140 141 142 146 148 149 150 153 154 155 156
36 105 106 107 110 111 112 114 115 116 117 118 120 121 122 124 126 127 130 131 132 134 135 137 140 142 144 146 147 148 150 151 152 153 154 155 157
34 105 107 108 109 110 111 113 114 116 117 118 119 120 121 122 128 129 133 134 135 136 138 140 141 142 143 144 149 150 152 154 155 156 157
36 106 107 108 109 110 113 114 116 117 118 119 120 121 123 124 125 126 128 130 132 134 137 139 140 141 142 143 146 147 148 149 150 152 155 156 157
28 108 109 111 114 118 119 120 122 123 125 127 128 132 134 135 136 137 138 140 141 143 144 149 151 152 153 154 155
16 105 106 109 111 112 115 116 119 120 123 127 140 146 150 154 155
36 106 107 108 114 115 116 117 119 120 121 122 123 124 126 127 130 131 132 133 134 135 136 137 139 141 142 143 145 146 147 148 149 151 152 155 157
20 106 107 112 115 118 119 120 124 127 128 130 132 137 138 141 147 149 151 154 157
18 115 116 118 124 127 128 130 131 132 134 137 139 142 146 147 149 150 155
31 105 106 107 108 111 113 114 115 116 117 118 119 121 122 123 126 127 128 129 130 135 138 139 143 144 145 146 152 154 155 157
32 105 106 109 110 112 114 115 116 121 122 123 124 125 127 128 131 132 134 138 140 141 142 143 144 147 148 150 151 152 154 155 157
35 106 107 108 109 111 113 114 115 116 118 121 122 123 125 126 127 128 130 131 132 133 135 136 139 141 142 144 145 146 147 152 153 154 156 157
20 105 115 116 118 123 126 127 129 130 131 134 138 144 145 146 147 148 149 153 156
34 105 106 107 108 109 111 116 117 118 119 120 121 123 125 128 129 130 131 132 134 135 136 139 140 142 143 147 148 149 150 151 153 155 157
31 107 108 109 113 114 116 119 120 121 122 125 127 128 129 130 131 133 134 135 136 137 138 139 143 144 145 149 151 152 156 157
28 105 106 107 108 110 114 115 116 121 123 125 127 128 129 131 132 134 135 137 138 144 146 148 149 153 154 156 157
18 107 111 116 123 124 125 127 128 129 134 135 136 137 146 147 148 150 155
16 105 110 112 113 119 124 125 127 137 140 141 148 149 151 152 156
28 108 112 113 115 116 117 118 119 120 122 124 125 126 128 130 132 133 136 137 139 140 141 142 147 149 150 153 154
36 106 107 108 109 110 112 113 115 117 119 121 122 123 124 125 126 127 129 132 133 136 138 139 140 143 144 145 146 148 149 150 151 152 153 154 156
36 105 106 107 108 109 112 114 115 117 118 121 122 124 125 126 127 128 129 130 131 133 134 135 136 138 139 140 141 143 146 147 149 151 154 156 157
26 106 108 109 110 111 112 113 115 118 122 123 124 126 127 129 135 136 137 140 141 142 146 149 150 152 156
28 105 109 110 111 115 117 121 123 124 128 129 130 131 134 135 136 137 140 141 143 146 148 150 151 153 154 156 157
32 105 107 108 109 111 112 113 115 117 120 121 124 126 129 130 132 133 134 136 138 139 142 145 147 148 149 150 151 152 153 154 155
23 108 110 114 116 118 122 124 128 129 133 134 137 140 145 146 147 148 152 153 154 155 156 157
30 105 107 108 109 110 112 114 115 121 122 123 124 126 128 129 130 133 135 136 138 139 140 142 143 145 148 150 152 154 157
25 106 112 117 118 119 121 122 125 127 128 129 131 132 134 135 137 140 141 145 146 149 150 152 153 154
31 105 107 111 113 116 117 119 121 123 126 127 128 129 130 131 136 137 138 139 141 142 144 145 148 149 150 151 152 153 155 156
31 105 106 108 109 111 112 115 116 119 120 121 124 125 126 128 129 130 132 133 136 137 138 141 142 146 147 148 150 153 154 157
36 106 107 108 109 111 114 116 118 119 120 121 123 124 127 128 129 132 133 134 136 138 142 143 144 145 146 147 148 149 150 152 153 154 155 156 157
19 108 114 118 122 126 127 129 131 133 136 139 140 149 150 153 154 155 156 157
26 107 108 114 116 117 119 120 121 122 125 128 130 135 137 143 144 145 146 147 148 149 150 152 153 154 155
36 106 108 110 111 112 113 114 115 116 117 118 120 121 123 124 126 128 129 131 132 133 136 137 138 139 141 142 143 144 145 147 149 150 155 156 157
33 105 106 107 108 109 112 113 115 116 118 120 121 123 124 125 126 129 133 134 136 137 138 140 141 144 145 146 148 151 153 155 156 157
25 105 106 113 116 118 120 121 122 123 126 127 129 130 135 136 137 138 140 143 144 150 151 153 154 157
34 106 107 108 110 113 114 115 116 119 121 124 125 126 128 131 132 133 135 136 137 138 141 142 144 146 149 150 151 152 153 154 155 156 157
22 105 106 112 114 120 122 125 127 129 130 133 134 136 137 140 141 142 148 152 154 156 157
24 107 108 109 110 111 112 113 115 121 122 124 125 126 128 132 133 136 137 138 143 149 151 155 157
28 106 109 110 111 113 114 117 118 119 122 123 128 130 132 133 136 137 138 140 142 144 145 147 149 151 153 156 157
18 110 111 115 116 120 122 124 127 132 135 139 142 143 148 149 154 155 156
18 116 117 120 124 125 126 129 134 137 138 139 141 150 151 152 155 156 157
30 107 110 112 113 114 116 117 118 119 123 124 125 127 129 130 132 133 134 135 136 137 138 139 140 144 149 150 151 152 157
35 105 107 108 113 114 115 117 118 120 121 122 123 124 125 126 127 130 131 132 133 136 138 139 140 142 143 145 146 147 148 149 150 152 155 156
24 105 106 108 109 111 112 114 126 127 132 133 134 135 136 137 141 142 143 144 146 149 151 152 157
27 105 106 110 111 112 115 116 120 121 125 126 128 129 130 131 132 133 136 137 139 141 146 150 151 153 154 157
18 105 108 115 116 122 126 133 135 140 141 142 143 144 145 150 153 155 157
28 105 108 110 111 115 117 121 125 126 128 129 130 131 132 134 138 139 140 141 143 144 148 149 150 151 152 155 156
21 107 111 113 117 126 128 129 132 134 137 138 139 140 141 142 144 151 152 153 155 157
24 106 107 109 111 112 114 115 116 125 130 132 135 137 138 140 141 142 145 146 147 150 152 154 155
31 105 106 107 108 109 110 111 112 114 115 116 119 121 122 123 126 127 128 131 134 141 143 145 148 150 151 152 153 154 156 157
31 106 107 108 111 112 114 115 116 120 121 123 124 126 128 129 133 134 135 137 138 139 141 142 148 149 150 152 153 155 156 157
31 106 107 108 109 113 115 118 120 121 122 124 125 127 129 130 133 135 136 137 139 140 141 143 145 146 148 149 152 153 154 155
29 105 106 107 109 112 113 114 115 118 119 120 123 124 125 128 129 130 133 134 135 137 138 140 141 144 148 152 153 157
36 105 107 108 109 110 112 114 115 116 117 118 119 121 122 124 126 129 130 131 132 133 134 135 137 138 139 140 141 144 145 146 147 149 153 156 157
16 105 118 121 123 127 128 131 133 136 142 143 145 149 150 156 157
16 110 112 115 116 122 127 133 136 137 140 141 144 149 152 154 155
23 105 111 114 117 118 119 120 122 123 124 125 127 131 132 134 136 137 138 145 149 153 154 155
25 105 106 107 108 109 114 120 121 122 124 126 129 131 133 136 140 142 143 145 147 148 149 151 153 154
16 106 118 119 120 125 126 128 130 133 134 139 140 144 145 153 154
26 105 106 107 111 112 113 116 118 123 124 125 126 128 131 136 137 138 139 140 141 144 147 150 152 154 157
20 106 109 112 118 120 126 132 133 138 139 140 142 143 145 146 149 150 153 154 156
35 109 110 111 112 113 114 115 116 118 119 120 121 123 124 126 128 129 130 131 132 133 134 136 138 140 142 143 145 146 149 150 152 154 155 156
30 109 111 112 114 116 117 120 121 123 124 126 128 129 131 132 133 134 138 139 140 142 143 144 145 148 149 151 153 154 157
18 107 108 109 117 118 119 121 124 131 134 135 138 142 143 145 147 153 156
17 107 109 114 116 121 122 128 134 135 136 137 140 144 145 148 153 156
22 106 108 109 110 112 119 120 127 128 130 132 136 137 138 140 141 151 152 154 155 156 157
27 106 107 110 111 113 117 122 123 124 125 127 128 130 134 135 138 139 144 145 147 149 150 151 152 154 156 157
33 105 107 108 111 112 113 114 115 116 117 119 120 122 123 124 127 128 130 132 133 137 140 141 142 143 144 145 147 149 151 153 154 156
31 105 106 108 111 112 113 117 120 123 124 125 126 128 129 130 131 133 134 138 142 143 144 145 147 148 149 151 152 154 155 157
28 105 106 108 110 111 112 113 116 118 119 120 121 123 128 130 131 133 134 136 140 141 142 143 146 147 149 150 155
27 105 107 108 111 116 117 118 122 124 125 126 127 130 131 134 138 139 145 147 148 149 150 151 152 153 154 157
27 106 109 110 113 114 115 117 119 121 123 126 128 129 134 135 139 141 143 145 147 149 150 152 153 155 156 157
31 106 107 108 109 112 113 115 118 123 124 126 127 128 131 132 133 135 136 137 141 142 144 145 148 149 150 151 152 153 155 156
36 105 106 108 110 111 112 113 114 115 117 120 121 122 123 124 125 127 128 130 133 134 137 138 139 141 143 144 146 148 149 150 151 153 154 155 157
20 107 108 110 113 115 117 124 128 129 130 136 138 141 142 145 147 150 151 152 155
15 110 112 114 121 123 135 136 137 142 143 146 147 152 156 157
36 105 106 111 113 114 116 117 118 119 121 122 123 124 125 126 127 129 130 131 132 133 134 135 137 138 140 141 142 146 147 149 151 153 155 156 157
35 105 106 109 110 111 112 113 114 115 116 117 118 119 122 123 124 125 126 127 128 131 132 133 134 136 139 140 141 145 147 148 149 154 155 157
27 106 112 113 114 118 119 120 121 123 125 126 127 129 130 131 132 133 141 142 144 146 147 151 153 155 156 157
25 105 106 107 111 112 113 114 115 117 118 119 121 122 124 125 126 131 134 137 140 142 144 147 153 156
23 105 106 108 111 113 115 116 120 121 123 125 126 129 137 139 140 141 142 143 144 146 153 157
30 106 108 110 112 113 114 116 118 119 120 121 123 126 127 129 131 132 134 137 140 141 142 144 146 148 149 150 151 153 154
18 105 106 109 110 115 119 122 127 133 134 137 138 142 143 144 146 153 155
26 105 106 108 118 119 120 121 123 125 127 128 130 132 133 134 137 139 142 143 144 145 146 147 152 154 155
29 105 106 107 109 112 113 114 115 116 119 120 121 123 124 125 130 132 133 135 137 138 143 146 148 149 151 152 153 156
30 106 107 108 109 110 111 114 119 120 121 126 127 128 129 130 131 133 135 137 138 142 143 146 147 149 150 152 153 155 156
25 109 114 115 121 123 125 126 127 137 138 139 141 143 145 146 148 149 150 151 152 153 154 155 156 157
27 105 107 110 111 112 115 116 117 118 125 127 128 130 131 136 139 140 141 142 143 145 146 151 153 155 156 157
18 105 111 112 116 117 120 122 127 129 130 131 132 133 135 144 148 153 155
35 105 107 108 109 110 113 114 115 117 119 120 121 123 124 125 126 128 129 130 133 134 135 136 137 138 139 140 144 145 146 147 150 151 154 156
25 109 113 115 116 117 118 119 122 124 128 131 133 134 139 140 142 143 144 149 150 152 153 154 155 156
31 106 107 108 109 110 113 115 118 120 125 126 127 128 129 130 131 134 137 139 140 141 142 143 144 147 148 149 153 154 155 156
18 106 107 108 109 110 111 112 113 115 116 118 125 130 138 140 152 156 157
33 106 108 109 110 113 114 115 118 119 120 121 122 123 126 127 128 130 131 132 133 134 138 139 140 142 145 148 149 150 152 153 154 155
25 105 106 107 111 115 116 120 121 123 126 127 128 129 131 132 135 136 138 139 140 142 143 146 149 157
35 106 107 108 109 110 112 113 115 116 117 119 121 122 125 126 127 128 129 130 131 133 134 135 136 137 138 141 144 145 146 147 152 155 156 157
26 105 106 107 109 110 112 115 120 124 126 127 129 130 131 132 133 136 140 142 144 146 148 149 150 153 155
33 105 106 110 111 112 113 114 115 118 120 123 124 125 127 128 131 132 133 135 136 138 139 140 143 144 145 148 149 150 151 153 156 157
19 109 110 111 116 119 121 124 125 128 129 130 135 138 140 145 147 151 154 155
23 108 109 110 114 115 117 120 122 125 128 129 133 134 135 140 141 142 144 146 148 151 155 157
22 105 106 107 108 109 111 112 117 119 122 123 124 125 130 137 143 145 148 151 152 154 156
28 106 108 116 118 119 120 122 123 125 129 130 131 132 135 138 139 140 141 142 144 145 147 148 149 150 151 154 155
22 105 108 110 114 118 119 120 121 122 123 124 127 128 132 135 137 139 140 149 150 153 155
33 105 106 107 108 109 110 113 114 116 117 118 120 122 123 124 128 129 130 133 136 137 138 139 140 141 144 148 151 152 154 155 156 157
15 106 108 111 113 114 119 122 123 128 130 132 133 139 153 154
18 106 107 108 114 115 116 117 118 123 127 143 146 148 149 150 151 154 155
33 106 108 109 110 112 114 117 119 120 121 122 124 125 127 130 132 134 135 137 138 139 140 141 142 144 145 147 148 152 154 155 156 157
36 106 107 108 109 111 112 113 114 117 120 122 123 125 126 127 128 129 130 131 133 134 137 138 139 140 141 143 144 145 148 149 150 151 153 154 155
32 106 109 110 111 112 113 114 115 118 119 120 121 122 124 125 126 130 132 133 134 136 141 144 145 146 148 149 151 154 155 156 157
24 107 111 116 117 118 123 125 127 130 132 133 135 138 143 144 145 146 147 149 150 151 155 156 157
27 108 109 110 116 117 119 121 122 127 129 131 134 136 139 140 141 143 145 147 148 149 151 153 154 155 156 157
34 106 107 108 109 115 116 117 119 120 121 123 124 126 127 130 131 132 134 135 138 139 141 142 143 144 145 146 148 149 151 153 154 155 156
16 105 108 113 115 116 117 118 124 125 126 134 139 143 148 151 154
36 106 109 110 112 113 114 115 117 118 119 121 122 123 125 126 128 129 130 131 132 133 137 139 140 141 142 144 145 146 148 149 150 153 154 155 157
30 105 106 108 112 113 114 115 117 118 119 124 125 129 132 135 136 139 140 141 142 143 144 145 150 152 153 154 155 156 157
35 106 108 110 111 112 113 114 115 116 117 119 121 122 125 127 128 129 130 131 132 133 134 135 137 139 140 145 147 148 149 150 151 153 155 157
20 106 111 114 115 117 119 121 122 124 131 135 136 137 139 145 147 148 154 156 157
26 106 107 108 109 111 115 116 117 118 119 120 121 123 125 126 129 130 133 139 141 142 147 149 150 152 155
19 110 111 114 117 119 122 125 130 131 132 134 144 145 147 149 154 155 156 157
24 106 107 111 120 121 122 124 126 128 129 133 135 136 138 139 140 143 145 147 151 152 154 155 157
24 105 109 111 112 113 119 121 123 126 129 133 134 138 139 140 141 144 148 149 150 152 153 156 157
36 105 106 107 108 110 111 112 113 115 116 118 119 120 122 123 125 126 127 130 131 132 134 135 141 142 143 146 148 149 150 151 152 153 154 156 157
17 105 108 112 114 116 117 119 128 129 131 132 141 145 150 151 152 154
27 106 108 109 111 113 118 119 121 124 125 127 128 129 130 132 134 136 137 139 140 142 145 146 148 149 155 156
