186 1312
63 1 2 3 4 5 6 7 8 9 10 11 12 13 14 15 16 17 18 19 20 21 22 23 24 25 26 27 28 29 30 31 32 33 34 35 36 37 38 39 40 41 42 43 44 45 46 47 48 49 50 51 52 53 54 55 56 57 58 59 60 61 62 63
44 1 3 5 9 10 11 13 15 16 17 18 19 20 22 23 24 25 26 28 29 31 32 34 35 36 37 39 40 41 43 44 46 47 48 50 51 52 53 54 55 56 59 60 63
20 4 9 13 14 17 19 21 25 27 31 34 39 41 47 51 53 54 57 59 63
29 2 4 5 7 8 14 15 17 19 20 22 23 25 30 35 36 37 40 42 43 44 48 50 51 53 55 59 60 63
46 1 2 3 4 5 6 8 9 10 12 13 14 15 16 17 18 21 23 24 25 26 27 30 32 33 36 37 39 40 41 44 46 48 49 50 52 53 54 55 56 57 58 59 60 62 63
25 1 4 5 7 9 10 11 12 20 24 25 28 30 32 34 35 36 37 41 47 48 49 50 59 61
29 1 2 6 7 8 11 13 16 18 20 21 28 29 30 35 37 38 39 40 41 43 45 50 53 56 57 60 61 63
21 1 7 9 12 18 21 22 24 25 28 29 33 34 36 41 43 47 49 50 56 59
36 1 2 4 6 7 8 10 17 19 23 24 25 27 28 30 31 32 33 34 35 36 38 39 41 42 43 45 47 48 51 54 56 57 58 59 63
42 2 3 4 5 6 10 12 14 15 16 17 18 22 24 25 26 28 29 30 31 32 33 34 35 36 37 39 40 41 42 43 44 46 49 52 54 55 58 59 60 61 63
41 1 2 5 9 10 11 12 13 16 17 20 21 22 23 24 25 29 31 32 35 36 37 38 39 41 42 44 46 47 48 51 52 54 55 56 57 58 59 60 62 63
46 1 2 3 5 6 8 9 12 13 14 15 16 18 20 21 22 23 25 26 27 28 29 30 31 32 33 34 38 39 42 43 44 45 46 49 50 51 53 54 55 56 57 58 59 62 63
49 1 2 4 5 6 7 11 13 14 15 16 17 18 19 20 21 23 25 26 27 28 29 30 32 34 35 36 37 38 40 41 44 45 46 47 48 49 50 51 52 53 55 56 57 58 59 60 62 63
37 1 3 4 5 6 7 8 13 15 16 17 19 22 24 27 28 30 31 32 33 34 36 37 41 42 43 45 48 49 50 52 53 54 55 56 58 62
21 2 8 11 12 13 16 18 23 25 26 30 34 36 41 42 46 49 51 53 56 59
26 1 2 5 6 9 11 12 13 17 18 20 25 30 33 35 37 38 45 46 47 48 50 55 56 59 62
32 3 4 9 11 12 16 18 19 23 26 30 32 33 35 36 37 38 39 41 45 46 47 48 51 53 55 56 57 59 60 61 62
19 4 6 8 10 11 12 14 16 17 18 21 23 24 26 38 40 45 46 50
29 2 3 4 6 7 8 10 11 16 17 21 22 23 24 27 28 33 34 35 38 40 45 49 50 53 54 55 59 61
22 3 5 7 13 14 15 17 18 22 23 26 36 39 41 42 45 50 51 53 54 55 59
33 1 2 4 9 10 11 14 15 18 19 20 21 22 23 28 29 30 32 34 36 38 40 41 44 45 46 47 49 51 53 59 61 63
27 2 3 4 6 8 9 10 11 14 18 20 21 22 26 29 32 33 35 38 40 42 47 52 54 57 62 63
39 2 6 7 9 10 12 14 15 19 20 24 25 26 27 28 29 30 31 34 35 36 37 38 40 41 42 43 44 46 47 49 50 51 53 55 56 59 61 63
43 1 2 3 5 7 8 10 11 12 14 15 16 19 21 22 23 24 25 28 29 31 32 35 36 37 38 39 40 44 45 46 47 48 49 50 52 54 56 57 59 60 61 63
23 2 3 5 7 8 13 19 20 22 23 27 28 32 33 38 44 46 50 52 56 60 61 62
32 1 3 7 8 9 10 13 14 15 16 18 21 23 25 26 28 31 33 34 36 38 40 41 44 45 47 50 52 54 55 56 58
24 1 5 6 7 12 14 22 27 29 31 32 34 36 43 46 47 49 51 53 54 57 59 60 63
42 5 6 7 9 10 11 14 15 16 17 18 19 20 21 22 25 26 29 30 32 34 37 38 39 40 41 43 48 49 50 51 52 53 54 55 56 58 59 60 61 62 63
30 3 4 5 7 9 10 12 14 16 19 20 22 23 26 30 31 32 33 37 38 39 43 45 48 49 52 53 54 57 61
44 1 2 3 7 8 10 11 14 16 17 18 19 20 22 23 24 25 26 27 28 29 31 32 33 34 36 37 39 42 43 45 46 47 51 52 53 55 56 57 58 59 61 62 63
24 4 5 6 14 15 23 24 26 27 28 31 32 36 38 39 41 42 46 48 51 55 56 59 61
33 1 2 3 7 8 9 10 13 14 15 16 17 18 20 21 25 26 28 30 31 32 34 38 42 43 44 45 47 49 51 52 58 63
40 2 4 5 6 8 9 10 11 12 14 15 17 18 21 23 24 26 27 28 30 31 33 34 35 36 39 41 42 46 47 48 50 53 54 55 56 57 60 61 62
39 3 7 10 11 12 15 16 20 21 23 24 25 26 27 28 29 30 31 32 33 34 35 36 38 39 40 41 42 43 45 46 48 49 50 51 52 56 60 62
44 1 2 3 4 6 7 9 11 12 13 14 15 16 17 19 20 21 22 24 26 32 33 34 35 36 37 39 40 42 43 44 45 47 48 50 51 52 53 54 56 58 59 60 61
20 1 2 4 6 8 9 14 15 19 20 23 25 32 33 34 36 56 57 58 60
29 4 7 8 9 10 13 15 16 21 25 26 27 32 38 40 41 42 43 44 46 47 49 50 51 52 53 57 60 62
28 1 2 4 6 7 9 10 11 12 16 20 21 23 24 28 30 31 34 38 40 43 46 49 51 52 54 62 63
45 1 3 5 7 8 9 12 15 16 17 18 20 22 23 24 25 26 27 28 29 31 32 34 35 36 37 38 39 40 41 44 46 47 48 49 53 54 55 56 57 58 59 60 61 62
29 1 2 6 7 10 16 17 18 20 21 26 27 28 29 33 35 37 42 45 48 50 51 52 54 55 58 59 60 62
29 9 10 11 15 16 17 19 20 21 22 24 25 28 32 34 35 36 40 43 44 46 51 55 56 57 59 60 61 62
33 1 4 5 6 8 10 13 15 16 19 20 21 23 24 25 26 29 30 31 35 36 39 42 43 44 45 49 53 55 58 59 60 61
46 1 2 3 4 5 6 7 8 9 10 12 14 16 17 18 19 20 21 22 24 25 27 28 30 31 33 37 38 39 40 41 46 48 49 50 51 53 54 56 57 58 59 60 61 62 63
40 1 3 5 7 8 9 10 12 14 15 17 18 19 21 23 24 25 28 31 32 33 34 36 37 39 41 43 44 45 47 48 49 50 51 53 56 57 60 61 62
31 1 2 3 5 7 9 10 11 12 16 18 20 21 22 28 32 33 35 36 38 42 43 46 47 48 50 51 53 58 59 62
29 1 2 8 9 10 13 15 20 23 25 27 30 34 36 37 39 40 44 45 50 51 52 53 57 58 59 60 62 63
41 1 2 3 4 5 11 14 17 18 19 20 21 24 26 28 30 31 32 33 34 35 38 39 40 41 42 43 44 46 47 48 49 50 51 52 54 55 58 59 60 63
32 1 3 4 5 6 7 9 10 12 14 16 17 18 20 21 23 25 26 27 32 35 39 42 43 46 48 52 53 57 58 59 60
31 4 6 11 12 13 16 19 21 24 25 28 31 32 35 36 37 38 39 42 43 44 45 46 47 51 54 58 59 60 62 63
26 4 6 8 12 14 19 20 24 26 28 29 31 33 35 36 38 44 45 53 55 56 58 59 60 61 63
48 1 2 3 4 5 6 7 8 9 11 12 17 19 21 22 23 24 25 26 27 28 30 31 32 33 34 35 37 38 39 40 42 43 44 47 48 49 50 51 53 54 55 56 57 59 60 62 63
23 9 12 13 14 17 24 25 26 27 32 33 36 38 40 41 47 49 52 55 58 59 61 62
41 2 3 5 6 7 8 12 15 16 17 19 20 22 23 24 26 28 29 30 31 32 33 35 37 38 40 44 46 48 49 50 51 52 53 54 56 57 59 61 62 63
38 64 65 66 67 68 69 70 71 72 73 74 75 76 77 78 79 80 81 82 83 84 85 86 87 88 89 90 91 92 93 94 95 96 97 98 99 100 101
13 64 65 68 70 72 73 75 85 86 87 94 100 101
22 64 67 68 69 71 72 73 75 76 78 79 80 81 83 89 92 93 95 96 98 99 100
17 71 72 73 74 76 77 80 81 82 88 89 91 94 95 96 99 101
12 65 71 78 82 85 88 89 92 93 96 97 99
23 66 67 68 69 70 71 72 74 75 76 77 78 79 84 85 86 87 89 92 93 96 98 99
14 66 71 76 77 78 79 83 85 87 89 90 93 95 97
16 64 65 66 68 73 76 82 85 86 87 89 90 91 92 97 101
27 64 66 67 68 70 71 72 73 76 77 78 79 80 82 84 86 87 88 89 91 92 93 96 97 99 100 101
13 65 67 68 70 75 80 81 85 89 90 91 93 99
19 64 65 66 68 70 71 72 75 76 77 83 84 91 92 94 95 96 97 98
28 64 65 66 69 70 71 72 73 76 77 79 81 83 84 85 86 87 88 89 90 91 92 93 94 95 97 99 100
11 66 67 69 75 77 79 92 93 94 95 101
15 64 69 75 76 79 82 83 84 85 86 90 92 94 95 97
25 64 65 68 70 71 72 73 74 75 77 78 80 81 83 85 88 90 91 92 94 96 97 98 99 100
18 65 66 67 70 74 75 76 79 82 86 89 90 91 93 95 99 100 101
27 64 65 66 69 71 72 73 74 76 78 79 81 82 83 85 86 87 88 90 91 92 94 95 96 97 99 100
30 64 65 66 67 68 69 71 73 74 76 77 78 79 81 82 83 85 86 88 89 90 91 94 95 96 97 98 99 100 101
21 64 69 71 73 75 76 77 78 79 80 82 83 84 86 87 89 90 92 94 95 97
13 67 70 72 73 77 80 81 82 83 88 89 95 99
30 65 67 68 69 70 71 72 73 74 75 76 77 80 81 82 84 86 88 89 90 91 92 93 94 95 96 97 98 99 101
17 64 66 67 69 70 72 73 74 75 78 79 83 86 90 91 98 100
12 64 72 73 74 77 84 85 92 93 94 96 101
15 66 69 73 76 77 78 80 84 85 91 92 96 98 99 100
15 66 71 74 79 83 86 87 89 90 93 95 98 99 100 101
27 64 66 68 69 72 73 74 75 77 78 79 80 81 82 85 86 87 88 90 94 95 96 97 98 99 100 101
27 65 66 67 68 69 71 72 73 74 75 77 79 81 82 84 85 87 88 89 91 93 94 95 96 97 98 100
14 65 66 75 76 79 81 82 84 85 86 92 93 97 101
24 65 67 68 69 70 71 72 73 74 76 77 79 82 83 86 87 88 89 90 94 95 97 98 99
27 65 66 67 68 69 71 72 73 74 76 77 79 80 82 83 85 86 87 88 89 91 92 94 95 97 98 99
23 65 66 68 71 73 75 76 77 79 81 82 83 86 88 89 90 91 92 93 94 95 97 98
17 64 66 67 71 75 76 79 82 84 87 88 90 91 95 99 100 101
26 64 65 66 68 70 72 73 74 75 77 78 80 82 83 84 85 86 88 89 90 91 93 96 99 100 101
19 67 68 69 70 71 73 74 75 76 80 82 85 88 92 94 96 99 100 101
28 64 66 68 70 73 74 75 76 78 79 80 81 82 83 84 85 86 87 89 91 93 94 95 96 97 98 99 100
23 64 65 67 69 70 71 72 73 74 75 77 78 80 81 83 87 88 91 92 95 97 99 100
30 64 67 69 70 71 72 73 74 76 77 78 79 80 81 82 83 84 86 87 88 90 91 92 93 94 96 97 98 100 101
14 65 70 75 78 81 83 84 85 86 89 91 93 95 97
16 71 73 74 77 78 79 81 84 85 87 90 92 93 95 96 99
30 64 65 66 67 68 69 70 71 73 75 77 78 79 80 82 83 85 86 89 90 91 92 93 94 95 96 97 99 100 101
22 64 68 69 72 73 74 76 78 79 80 82 83 85 86 87 90 96 97 98 99 100 101
20 67 68 69 71 72 73 74 75 77 82 83 84 87 88 91 93 96 98 99 101
27 68 69 70 71 72 73 75 77 78 79 80 81 82 83 84 85 88 89 90 91 92 94 95 96 97 99 100
23 64 65 68 69 70 71 73 74 77 82 83 86 88 90 91 92 94 95 97 98 99 100 101
28 64 66 68 69 70 71 72 73 74 75 76 77 78 79 80 81 83 84 85 88 89 90 91 92 97 98 100 101
11 66 80 81 83 84 86 92 95 97 98 100
13 71 72 73 78 81 90 91 92 94 95 96 97 100
22 64 65 66 67 70 72 73 74 76 77 79 81 84 85 87 88 90 91 92 93 96 101
12 64 68 69 80 81 84 87 89 92 93 94 99
22 65 66 67 68 70 71 72 75 76 80 82 85 86 87 88 89 90 92 93 96 97 101
12 65 68 70 74 75 80 82 88 96 98 100 101
24 65 68 69 70 71 72 74 75 77 80 81 82 83 86 87 90 91 94 95 96 97 99 100 101
24 64 66 67 68 70 71 73 74 75 78 82 83 85 86 88 89 90 94 95 96 97 98 99 100
16 68 71 73 76 77 81 85 86 87 89 90 92 94 95 96 101
24 64 65 66 67 68 70 71 74 75 76 78 80 83 85 86 87 89 90 92 94 96 98 99 101
13 68 74 77 78 80 81 82 83 84 85 86 90 92
15 64 66 68 70 72 73 76 78 88 89 90 95 96 98 101
27 67 69 70 73 75 76 77 78 79 80 81 82 83 84 85 86 87 88 89 90 92 93 94 95 96 98 99
14 66 69 70 72 73 77 80 83 88 92 93 98 99 100
25 64 65 70 71 73 74 78 80 81 82 83 84 85 87 88 89 91 92 93 96 97 98 99 100 101
20 64 65 66 67 68 69 70 72 74 75 78 80 82 89 91 95 96 97 99 101
23 64 67 68 69 70 71 74 75 77 78 79 80 81 83 87 88 90 91 93 95 98 100 101
17 65 68 71 72 75 76 83 84 86 87 90 92 94 97 98 99 100
28 64 65 66 67 68 69 70 75 77 78 79 81 82 84 85 87 88 89 90 91 92 94 95 96 97 98 100 101
25 66 71 72 74 75 76 77 78 79 80 82 84 85 86 87 88 90 91 92 93 96 97 99 100 101
21 65 66 69 70 71 74 75 76 77 80 81 82 84 85 86 87 89 91 92 99 101
14 67 72 75 78 80 81 82 83 91 93 94 96 97 99
25 64 65 68 70 73 75 76 78 79 80 81 83 84 86 87 88 91 92 93 94 95 97 99 100 101
20 64 65 69 70 71 78 79 80 81 83 84 85 87 88 91 92 93 98 99 101
11 66 68 70 78 83 84 91 96 98 100 101
16 68 71 75 80 81 84 86 88 92 93 94 95 97 98 100 101
14 65 69 71 72 76 83 85 90 92 95 96 97 100 101
12 68 69 73 78 83 84 85 87 88 91 92 95
13 68 72 73 76 82 83 85 86 87 88 89 91 99
26 64 65 66 67 68 70 71 73 75 76 77 79 80 83 84 86 87 88 89 90 91 92 93 94 96 98
28 64 65 66 67 69 70 71 72 73 74 76 77 78 80 82 83 85 87 88 89 93 94 95 96 97 98 99 101
29 66 67 69 70 71 73 74 75 76 77 78 79 80 81 82 84 85 88 89 91 92 93 94 95 96 97 98 100 101
15 66 70 71 75 77 81 83 84 85 86 90 91 92 95 97
17 65 66 67 71 76 77 80 81 82 83 85 87 88 95 97 99 101
28 64 65 67 68 69 71 72 73 74 75 76 77 78 79 81 84 85 87 88 89 90 91 94 95 97 98 99 100
20 64 65 67 70 71 72 73 75 76 78 81 82 83 84 87 88 92 93 94 99
12 64 68 70 77 80 81 83 84 88 89 93 99
13 66 69 77 80 81 82 87 90 93 95 98 100 101
21 65 68 69 70 71 74 75 78 79 81 82 84 85 86 90 91 93 96 98 99 101
20 64 66 67 68 69 72 74 75 77 84 87 88 90 92 93 94 95 96 97 98
25 65 66 67 68 69 71 72 73 74 76 77 79 81 82 84 85 86 87 89 93 94 96 98 99 100
11 67 69 71 72 76 77 80 83 90 92 101
16 65 66 67 71 75 77 78 79 80 81 84 87 95 98 99 101
27 66 68 70 72 73 75 77 78 79 80 81 82 83 84 85 87 88 89 91 92 93 94 95 97 98 99 100
14 64 65 70 71 73 74 75 76 78 82 86 95 98 99
20 64 68 70 71 73 74 75 77 78 80 81 85 89 92 93 94 97 98 99 100
18 64 66 67 68 69 70 78 79 83 88 89 91 94 95 96 97 98 99
26 64 65 68 69 70 72 73 74 75 77 78 79 81 83 85 87 88 89 91 92 93 94 95 98 100 101
15 64 65 66 75 79 83 84 85 86 90 92 93 95 97 100
14 64 65 72 75 78 81 83 86 93 94 95 97 100 101
21 64 65 66 67 69 73 74 75 77 78 79 81 85 87 88 90 92 93 94 98 99
27 64 65 69 70 71 72 73 74 76 77 79 84 85 86 87 88 89 90 91 93 95 96 97 98 99 100 101
21 65 66 68 70 72 73 74 75 79 81 84 86 88 91 92 93 95 96 98 99 101
10 102 105 106 108 112 113 114 118 119 121
3 111 113 120
3 104 105 117
14 102 103 104 105 106 107 109 110 111 112 114 115 119 123
12 104 105 106 108 109 112 115 116 117 118 122 123
12 102 109 110 111 112 114 115 116 117 118 120 123
6 104 108 112 117 121 123
3 106 115 122
5 102 107 108 109 111
5 104 115 116 119 122
8 104 105 106 110 115 118 120 121
8 108 113 116 117 118 120 121 122
7 106 112 115 117 118 119 123
14 102 103 105 107 109 110 112 113 114 116 117 119 121 122
4 102 105 116 122
9 102 103 110 111 112 115 120 122 123
10 103 104 105 109 111 112 119 120 121 123
3 108 110 113
5 102 106 114 115 122
5 103 106 111 115 122
4 106 115 117 121
9 103 106 109 114 116 117 120 121 122
7 105 107 108 111 116 120 121
4 102 104 105 108
5 110 111 112 113 122
10 103 104 105 106 107 108 113 119 121 122
3 111 115 122
8 103 108 110 113 116 118 119 123
5 106 108 111 113 120
8 102 109 112 113 114 115 118 123
8 102 103 110 113 116 118 119 120
10 103 105 108 110 112 116 119 120 122 123
10 102 103 107 110 111 113 114 119 120 121
5 103 108 112 113 123
7 105 106 108 109 110 114 118
8 104 105 107 108 111 116 117 122
7 102 103 105 108 114 119 120
6 106 107 113 114 118 121
5 105 107 109 111 114
6 107 111 112 113 115 123
8 103 105 107 114 116 117 118 120
5 104 105 107 109 117
14 102 105 106 108 109 110 113 115 116 117 118 119 120 122
5 109 110 114 116 121
8 104 106 108 111 115 118 120 123
3 104 110 118
8 107 112 113 117 118 119 120 123
4 111 112 120 121
1 119
11 102 104 106 108 109 110 112 113 119 121 123
8 103 104 107 109 111 115 116 123
12 103 104 105 106 108 110 111 112 113 115 118 120
7 107 109 110 114 115 117 119
14 102 103 104 108 112 113 114 115 118 119 120 121 122 123
6 106 116 118 119 121 123
7 102 105 107 110 111 115 117
17 102 104 105 106 107 108 109 110 111 114 115 116 118 119 121 122 123
4 110 117 120 122
5 103 106 110 120 121
5 102 107 115 116 122
10 102 107 109 114 116 117 119 121 122 123
6 104 106 111 118 120 121
7 102 103 107 112 117 121 123
9 103 112 113 114 116 117 119 122 123
4 106 114 117 118
9 102 103 105 107 112 115 118 119 122
8 102 103 104 109 110 113 114 122
4 108 109 116 119
8 103 104 107 111 112 114 121 123
4 102 105 108 119
10 104 106 107 109 115 116 117 118 121 123
8 105 106 107 109 110 111 116 117
8 104 109 110 114 116 117 121 123
5 103 112 113 117 120
8 102 104 107 109 111 113 114 118
6 104 108 109 113 114 122
3 103 112 120
5 102 103 105 108 119
7 102 103 104 108 112 122 123
7 104 108 112 113 115 119 122
5 102 112 115 118 123
4 102 103 117 121
6 103 106 109 114 120 122
9 102 104 105 107 109 110 111 114 115
6 108 110 116 120 122 123
3 109 110 121
4 104 106 118 120
2 105 122
5 102 111 113 119 121
2 102 105
3 108 111 113
3 105 107 109
7 103 104 105 110 111 112 115
5 102 113 116 119 120
6 107 109 115 116 117 123
4 102 107 109 111
4 104 116 119 122
5 102 103 112 115 118
4 104 111 120 121
8 104 113 114 115 119 120 121 122
2 111 122
4 104 110 113 122
6 103 108 110 113 118 123
6 109 114 116 119 121 123
2 107 115
3 105 114 119
4 104 110 121 123
7 102 104 105 107 109 110 119
2 117 122
2 102 108
10 102 103 104 108 112 114 115 119 120 122
2 106 108
8 105 107 110 113 114 116 121 122
6 103 110 113 118 119 123
3 106 108 113
7 104 105 107 108 111 116 117
6 110 113 116 118 119 123
3 102 107 108
4 103 108 112 123
3 103 117 123
3 106 120 121
2 116 122
3 107 110 117
5 105 106 118 119 121
3 110 120 121
6 104 105 106 118 120 121
2 112 120
7 104 112 115 117 118 122 123
3 104 105 107
6 102 104 107 109 113 114
5 104 110 112 113 123
5 103 107 115 118 122
6 102 109 112 113 118 123
2 111 120
6 108 113 116 117 120 121
4 110 114 116 121
2 107 111
2 104 110
3 102 103 120
4 110 111 115 122
5 109 111 112 119 123
6 103 104 105 109 121 123
6 104 106 108 115 120 123
4 105 106 109 114
6 103 106 109 114 120 122
5 102 103 104 109 110
5 103 105 112 119 122
1 108
9 102 105 106 109 110 113 115 116 118
2 103 112
1 105
6 104 114 116 117 121 123
7 105 108 112 115 116 118 122
1 111
3 102 105 116
11 102 104 105 106 109 110 114 115 116 121 123
8 103 107 110 111 113 114 119 120
2 106 114
6 104 110 115 118 120 121
7 108 113 116 117 118 120 121
5 105 108 111 116 121
8 102 104 109 110 112 119 121 123
4 104 109 111 116
2 119 122
2 110 112
3 110 112 113
3 107 114 118
2 108 119
11 102 103 104 108 113 114 115 118 119 121 123
4 102 103 105 114
6 103 109 116 120 121 122
8 104 105 112 115 116 117 118 122
3 106 110 120
5 102 103 108 119 120
7 107 112 113 116 117 119 121
3 108 109 119
6 103 105 115 118 119 122
3 103 115 122
9 104 105 106 109 112 115 117 118 122
2 105 116
7 104 105 108 112 115 116 118
6 104 109 111 113 114 118
2 102 119
10 102 103 104 112 113 114 118 119 120 121
4 106 111 118 121
5 103 105 116 117 120
2 106 118
2 106 122
6 104 107 115 116 117 118
3 111 120 121
3 104 105 109
5 104 106 109 116 123
8 105 106 108 109 115 116 117 122
4 102 103 110 119
5 110 116 117 121 123
3 102 107 122
3 104 112 117
3 106 108 113
2 105 116
5 105 107 108 111 120
4 104 108 109 114
11 102 106 109 110 113 115 116 117 119 120 122
3 105 107 111
5 103 105 111 119 123
5 102 105 113 119 121
6 106 109 114 117 120 122
5 106 117 118 119 123
12 102 105 106 108 109 113 115 116 117 119 120 122
2 102 105
4 113 114 115 118
4 109 110 113 122
2 110 111
3 103 112 113
6 109 110 114 115 117 119
7 107 110 113 116 119 121 122
8 102 107 109 114 117 119 122 123
6 103 104 107 111 115 116
5 107 108 111 117 122
3 104 108 117
4 109 114 116 122
9 102 104 107 110 111 114 115 118 122
2 111 112
4 111 112 113 122
4 106 109 110 117
3 102 104 108
7 103 107 112 115 118 119 122
3 110 114 116
7 103 112 113 114 119 122 123
3 102 105 119
2 111 121
7 103 105 107 114 116 117 120
7 103 104 109 111 119 121 123
1 118
4 104 113 114 122
5 106 109 110 116 117
3 104 108 121
5 102 103 113 116 120
6 103 104 107 109 115 116
3 102 105 119
5 104 109 113 114 122
4 107 111 112 113
5 106 108 110 112 119
5 104 106 118 120 121
4 106 114 115 122
8 103 104 105 107 113 119 121 122
1 110
7 104 106 108 111 115 120 123
5 103 107 114 117 120
2 106 114
4 104 113 114 122
2 111 113
2 105 108
5 106 108 111 115 123
4 102 109 114 115
2 109 119
1 118
8 104 105 109 111 112 119 121 123
5 104 107 111 112 121
5 105 106 108 110 114
4 104 115 120 123
5 107 110 115 117 119
5 107 109 110 115 117
5 106 112 115 118 123
10 102 105 106 108 109 110 113 116 117 120
3 102 108 119
2 111 113
7 102 105 112 115 118 119 122
5 104 114 116 117 121
5 105 106 108 110 118
4 102 113 114 118
4 106 109 110 114
11 102 105 106 107 108 109 114 119 121 122 123
6 109 114 116 117 119 121
3 110 112 113
12 102 103 107 109 110 112 113 114 116 117 119 121
5 107 109 114 115 119
3 102 104 105
2 104 117
9 102 105 107 108 109 111 114 116 122
3 104 116 119
3 106 107 118
7 105 108 110 113 117 119 120
13 102 105 108 110 112 114 115 116 117 119 120 121 122
7 105 106 107 110 112 113 123
8 103 106 111 114 116 117 120 123
12 104 105 106 107 108 111 112 113 115 117 118 122
11 102 103 104 107 112 113 114 116 118 119 120
14 105 107 108 110 111 114 115 116 117 118 119 120 121 122
11 102 104 105 106 107 110 111 113 117 121 123
13 102 103 105 106 108 109 110 114 115 116 117 119 120
8 108 113 115 116 117 119 121 122
12 102 104 107 108 111 113 114 116 117 119 121 123
11 102 103 106 107 109 111 112 118 120 121 123
8 105 106 111 116 118 119 122 123
10 103 110 111 112 113 114 117 118 120 123
14 102 104 105 106 107 108 110 111 114 115 117 119 121 122
14 102 103 104 106 107 109 110 112 115 116 118 119 121 123
15 102 103 104 105 106 107 108 109 110 111 112 113 120 121 123
10 104 105 109 110 111 113 115 116 117 121
14 102 103 105 107 109 110 111 112 114 115 117 120 121 123
9 102 103 106 108 110 112 115 120 123
7 102 105 110 112 116 121 123
8 105 111 117 118 120 121 122 123
10 107 108 109 111 113 117 118 119 122 123
8 103 107 108 109 112 113 117 122
14 103 104 106 107 108 109 110 111 112 115 118 119 120 121
8 104 107 111 113 114 116 119 120
12 102 103 106 108 109 110 111 112 114 116 117 118
11 103 104 105 106 107 108 112 113 121 122 123
13 102 103 104 106 108 112 114 115 117 118 119 121 123
13 103 104 107 108 109 110 111 112 114 116 119 120 121
7 102 115 116 117 118 119 120
15 102 104 105 106 107 109 110 111 114 118 119 120 121 122 123
10 105 107 108 110 111 114 116 118 119 120
6 103 105 108 113 116 119
12 102 103 105 108 109 110 113 114 115 117 119 123
12 104 106 107 108 110 111 112 113 114 118 119 121
11 106 108 110 111 112 113 117 118 119 120 123
7 104 106 111 112 113 117 118
12 103 105 107 110 113 114 116 117 118 121 122 123
11 103 105 106 108 111 112 113 115 118 121 122
9 103 104 105 106 107 111 114 118 119
11 102 105 106 110 113 116 117 119 120 121 123
10 102 104 106 108 110 113 116 118 122 123
12 102 103 104 106 107 110 114 115 117 119 120 121
7 105 106 107 110 111 116 120
12 103 104 105 106 107 109 110 113 117 119 122 123
14 103 107 108 109 110 111 112 114 115 116 118 120 121 122
9 102 106 110 112 116 119 120 121 123
9 104 107 109 110 112 113 114 119 120
7 102 109 111 116 117 120 121
10 102 105 109 112 115 117 118 121 122 123
15 102 103 105 106 109 110 111 113 114 115 117 118 119 120 121
7 104 105 107 111 113 115 123
9 103 104 108 109 114 116 119 120 122
13 103 104 105 106 111 112 113 114 115 117 118 121 122
13 105 107 108 109 110 111 113 114 118 119 120 122 123
15 104 106 108 109 110 111 113 115 116 118 119 120 121 122 123
13 103 106 108 109 110 112 115 117 118 119 121 122 123
12 103 104 105 106 109 110 111 112 118 119 120 123
9 103 107 109 110 111 112 116 119 120
7 105 108 114 116 119 120 122
8 102 104 105 106 112 114 116 121
14 102 103 105 107 109 110 112 114 115 116 118 119 120 123
13 102 103 104 107 108 109 110 112 115 116 117 118 121
10 102 110 111 114 115 116 117 119 121 122
7 107 111 113 115 118 120 123
11 102 104 106 108 109 111 112 113 114 118 121
7 108 112 113 118 119 120 122
13 104 105 107 108 110 112 113 114 116 117 119 122 123
13 103 104 105 106 108 110 112 113 114 116 117 118 120
12 102 103 104 108 109 111 114 115 116 118 119 122
13 103 105 106 107 109 110 111 113 117 118 119 120 122
12 102 103 105 106 108 109 114 115 116 117 120 121
9 106 110 113 116 117 118 119 120 122
12 103 105 106 108 109 110 111 114 117 118 120 123
14 102 103 104 105 106 108 109 110 112 114 117 120 121 122
8 102 105 108 109 111 120 121 123
14 102 104 105 108 110 112 114 115 118 119 120 121 122 123
12 106 107 108 110 111 112 113 114 115 117 118 123
6 103 105 106 108 109 114
11 103 104 106 111 113 114 115 117 118 119 123
8 103 104 108 109 111 112 121 122
14 102 103 104 106 107 109 111 112 113 116 117 119 122 123
12 102 103 109 110 115 116 118 119 120 121 122 123
11 105 106 109 110 112 115 116 118 119 120 123
13 103 105 106 107 110 113 114 115 116 118 119 120 122
8 102 104 106 109 114 118 119 121
9 107 109 110 113 115 116 117 118 119
7 104 110 113 115 116 118 121
12 102 103 105 106 108 110 111 112 115 117 119 123
8 103 105 108 111 112 113 120 122
8 104 105 108 110 114 117 118 123
14 102 104 106 107 109 110 111 112 114 115 116 117 120 121
14 103 106 107 108 109 111 112 113 114 115 116 119 121 122
11 103 109 110 111 112 113 116 117 119 121 123
13 102 103 104 110 111 112 113 114 115 117 119 122 123
6 102 103 106 110 117 122
9 107 108 110 111 112 114 116 117 118
9 102 103 105 106 108 110 117 118 119
12 102 103 106 109 110 111 112 114 117 120 121 123
15 103 104 105 106 107 108 109 110 112 113 115 116 120 121 123
9 102 103 106 107 110 113 118 119 120
6 105 109 118 119 120 122
14 103 104 107 109 111 112 113 114 115 116 118 119 120 123
12 102 103 104 105 108 110 111 114 116 117 120 121
11 103 104 110 113 115 116 117 119 120 121 123
8 102 105 106 109 110 115 116 121
11 102 103 104 106 107 112 113 115 116 117 123
9 102 105 106 111 112 113 117 118 121
13 105 106 108 109 111 112 113 115 116 117 119 121 123
9 102 107 108 109 111 115 117 119 120
6 104 109 110 111 114 117
14 102 104 105 109 110 111 112 113 114 115 116 118 121 123
13 102 103 104 105 107 108 111 113 114 118 119 121 122
8 104 107 108 111 113 116 118 122
14 103 104 106 109 110 112 113 114 115 116 117 118 121 122
8 102 105 110 112 116 119 122 123
6 103 104 106 111 112 115
14 102 103 104 105 106 107 108 112 115 117 119 120 121 122
6 103 109 110 113 114 117
11 102 103 107 110 111 114 116 117 118 119 121
7 110 114 117 119 120 121 122
8 103 106 108 110 111 112 119 123
14 105 106 107 108 111 113 114 116 117 118 119 120 121 122
10 105 107 109 110 112 113 115 116 119 122
8 102 103 106 111 112 113 115 119
13 103 106 107 108 109 111 113 114 116 118 119 121 122
10 102 103 104 106 107 108 112 114 119 122
10 102 103 104 107 108 111 113 115 116 120
14 104 105 107 108 109 110 111 112 113 114 115 116 120 123
11 104 105 106 107 109 110 115 117 118 120 122
9 104 106 111 113 115 116 117 122 123
8 107 108 109 111 112 115 119 120
9 105 106 107 108 110 114 115 117 121
13 103 104 105 107 108 110 111 112 114 115 120 121 123
15 102 104 106 107 108 109 111 112 113 114 116 119 120 122 123
9 103 107 111 112 113 116 118 120 123
14 103 105 108 109 110 113 114 115 116 117 118 119 120 123
11 102 103 104 107 109 111 112 113 116 119 123
13 103 104 105 106 108 113 114 115 116 117 118 119 123
9 106 107 109 112 113 114 118 119 123
9 103 107 108 109 110 115 116 120 122
14 103 107 108 110 111 112 113 114 115 116 119 121 122 123
12 102 104 105 106 107 108 112 114 115 117 120 121
6 106 116 117 118 119 123
7 102 111 112 119 120 122 123
11 106 108 109 110 111 112 113 115 119 122 123
10 102 103 105 107 108 110 113 114 116 119
14 102 103 105 106 107 109 111 112 114 115 116 117 118 123
8 103 105 106 107 108 112 113 120
12 102 103 104 108 109 110 112 113 117 118 119 123
6 106 113 116 118 119 122
8 102 104 107 108 117 118 122 123
14 102 103 105 106 107 108 109 110 111 112 114 116 119 123
6 107 109 112 116 119 121
14 102 103 104 106 108 110 113 114 117 118 120 121 122 123
7 102 103 106 108 111 113 120
9 105 108 111 112 114 117 118 120 123
9 103 104 107 110 112 116 121 122 123
11 102 103 106 107 109 110 111 112 118 120 122
13 103 104 106 107 108 111 112 114 117 119 120 121 122
11 103 104 105 110 111 112 114 116 117 118 120
9 108 110 112 115 116 117 121 122 123
8 102 103 110 111 114 116 120 122
15 103 104 106 107 109 111 112 114 115 116 117 119 120 122 123
11 104 105 106 108 109 111 113 114 115 118 119
7 102 103 105 106 107 108 121
8 103 106 108 110 111 112 117 118
14 103 104 105 108 110 112 115 116 117 118 119 121 122 123
8 105 106 109 113 114 116 117 120
11 103 105 106 107 110 111 113 116 119 122 123
12 104 107 108 109 112 114 117 118 119 120 121 123
9 104 105 108 111 112 115 116 121 122
14 102 103 105 106 108 109 110 111 113 114 115 120 122 123
11 102 103 104 106 107 111 113 114 116 117 123
9 102 104 105 107 109 111 113 114 122
11 105 106 109 111 115 116 117 118 119 120 121
13 102 103 105 107 110 112 113 115 118 120 121 122 123
7 104 109 110 112 115 119 120
14 102 103 104 106 108 109 111 112 113 115 117 118 119 120
12 105 106 108 110 112 114 115 116 117 118 119 122
13 103 105 107 109 110 111 112 113 115 116 118 119 120
8 104 105 108 112 116 117 118 123
12 102 104 107 109 110 112 113 115 117 118 120 121
11 102 103 106 107 109 111 112 113 114 118 122
13 103 104 107 108 109 110 111 116 119 120 121 122 123
12 102 103 105 106 110 114 116 117 120 121 122 123
13 102 103 105 106 109 111 112 114 115 116 117 118 119
12 105 107 112 113 114 115 116 117 118 120 121 123
13 104 107 108 110 111 112 113 116 117 118 119 120 121
13 104 105 106 109 110 111 112 113 115 117 118 120 122
13 102 103 104 106 108 111 112 114 117 119 121 122 123
11 103 104 106 108 109 110 111 114 117 120 123
11 105 107 108 110 113 114 115 118 119 121 123
11 102 104 107 109 110 113 116 117 118 121 123
11 102 103 106 108 111 113 116 119 120 121 122
9 102 103 108 109 112 116 118 121 123
15 103 104 105 106 108 111 112 114 117 118 119 120 121 122 123
7 103 105 108 109 111 114 120
10 105 109 112 114 116 118 119 120 122 123
15 102 105 106 109 110 111 112 113 116 117 118 120 121 122 123
7 103 106 109 111 115 121 123
11 102 104 105 107 109 110 111 112 114 115 123
10 102 104 108 109 111 112 117 118 120 122
7 102 103 107 109 112 115 118
14 132 135 138 140 145 148 149 150 151 160 161 164 166 175
28 125 126 127 128 132 134 137 138 139 140 142 144 146 150 151 152 158 161 162 163 164 166 167 170 172 173 176 179
15 128 130 141 146 147 155 163 165 171 172 174 178 180 184 186
15 124 127 134 136 137 143 152 153 154 157 162 168 169 181 183
25 124 127 129 133 135 138 140 142 143 145 146 149 151 152 154 158 160 161 162 170 171 173 174 177 183
10 124 133 137 138 156 159 162 165 178 179
15 124 127 128 135 143 149 151 157 158 161 165 174 175 181 186
27 125 126 128 130 131 132 134 139 141 147 148 150 157 159 164 166 167 168 172 176 178 179 180 182 184 185 186
16 128 132 139 142 143 147 148 149 151 152 169 171 173 176 177 183
16 132 133 135 136 137 138 143 147 150 157 162 164 165 167 168 183
35 124 126 127 130 132 135 136 137 138 139 140 141 142 144 145 150 152 154 155 158 159 162 163 164 166 169 170 171 172 177 178 179 180 183 185
25 124 128 129 131 136 137 142 143 144 149 150 152 154 155 156 158 162 165 174 177 178 179 180 184 185
14 124 135 141 153 158 159 161 163 165 168 172 174 182 184
33 125 128 129 131 132 134 139 141 142 147 148 150 151 153 154 155 156 160 161 163 164 165 166 167 170 172 173 176 178 179 183 185 186
34 124 126 127 128 132 134 136 137 141 142 144 145 146 148 150 152 153 154 157 159 162 163 169 172 174 175 176 177 179 180 181 183 184 186
19 126 132 135 137 139 140 142 143 144 146 149 158 162 163 173 174 175 182 183
37 124 125 127 129 131 134 136 139 140 142 143 144 145 146 147 148 152 153 154 157 158 159 160 161 163 166 168 171 172 173 175 176 177 179 180 183 186
9 128 148 153 156 167 173 175 181 184
25 126 133 138 139 140 141 143 144 145 148 149 158 163 164 165 168 169 171 174 176 177 178 184 185 186
12 129 142 147 148 153 154 155 160 164 168 172 176
23 126 127 131 134 139 140 142 144 151 152 153 154 155 159 163 169 170 171 176 180 182 184 186
12 131 133 142 151 156 165 167 172 176 179 180 184
15 132 138 139 140 144 146 148 153 158 160 162 168 175 176 178
14 125 127 131 141 145 152 153 157 161 162 167 170 177 185
14 126 135 137 141 147 148 150 151 155 160 173 175 181 183
22 125 127 128 129 130 135 137 153 154 155 156 159 160 166 167 170 173 175 179 180 181 183
14 125 127 136 137 143 148 159 165 168 169 170 179 180 184
12 129 135 137 141 142 149 154 164 167 170 179 181
17 124 128 129 130 134 137 139 141 143 153 154 161 168 173 182 183 186
20 126 130 141 144 146 150 154 160 163 167 168 169 170 171 175 176 177 182 183 184
14 133 139 145 152 154 156 157 161 164 166 167 178 179 186
30 124 125 126 128 131 134 136 139 141 143 144 145 147 148 149 150 155 159 160 164 167 168 170 171 173 174 181 182 185 186
21 125 126 127 130 131 133 134 136 137 140 150 155 156 157 162 166 170 179 180 181 186
15 124 128 146 148 149 156 160 161 172 174 175 178 179 181 185
16 126 128 135 142 143 149 151 160 164 165 168 173 176 178 182 183
11 136 137 144 153 155 156 163 165 169 175 181
14 131 141 143 147 148 154 155 160 169 177 180 181 183 186
16 124 127 128 131 136 140 142 143 144 149 159 165 168 171 176 177
33 127 129 130 132 133 135 137 138 140 142 146 151 152 153 154 156 157 158 161 162 163 165 166 169 172 175 176 177 178 179 180 183 184
11 126 138 145 149 158 159 168 171 174 175 182
23 124 125 132 134 135 137 143 144 145 146 147 149 152 153 154 158 166 167 168 170 171 174 182
35 124 126 128 129 130 132 134 137 138 139 141 142 143 144 147 152 154 155 158 162 163 164 165 166 167 168 171 174 176 177 179 180 181 182 184
17 126 127 133 136 138 139 140 148 155 157 161 163 164 169 177 179 186
11 135 140 141 145 147 148 153 167 175 176 182
26 126 128 130 132 133 135 137 138 141 149 150 151 155 156 162 164 165 167 169 170 174 178 181 182 184 185
44 124 125 127 128 129 130 131 133 134 136 138 141 145 147 148 150 151 152 153 154 155 156 157 159 160 161 164 165 166 167 168 169 170 171 172 176 177 178 179 180 181 184 185 186
23 128 129 130 131 141 142 150 151 156 159 160 162 165 172 173 175 176 178 180 181 183 184 185
19 124 127 128 131 134 145 147 150 155 157 163 165 169 173 174 177 183 185 186
19 124 127 130 133 135 136 137 140 143 144 146 152 157 162 169 177 180 181 184
33 124 129 130 132 133 134 136 137 138 139 140 144 146 147 148 150 154 155 156 158 159 163 166 169 171 172 174 175 179 180 181 184 186
21 124 129 130 133 135 136 145 149 153 156 157 159 165 168 171 174 175 178 182 184 185
21 125 132 135 136 140 144 145 146 147 148 149 152 155 163 166 169 170 174 175 177 185
27 125 126 127 130 132 133 134 138 139 146 151 157 159 160 161 163 164 166 168 169 170 171 172 173 181 183 186
16 124 131 132 134 136 142 146 147 150 151 152 157 161 162 172 182
14 133 135 144 145 147 151 155 158 166 173 181 182 183 185
40 124 126 129 131 132 134 135 139 141 142 143 145 146 148 149 150 151 152 157 158 159 161 162 164 166 167 168 169 170 173 174 175 176 177 180 181 182 184 185 186
29 125 129 130 131 133 135 138 139 140 143 147 149 151 155 156 158 160 161 164 165 166 167 168 170 171 173 178 182 185
33 125 127 128 129 131 132 134 135 136 139 140 142 143 145 147 148 149 151 152 153 155 157 158 161 164 166 172 173 174 180 181 185 186
19 125 129 130 132 134 138 146 153 158 162 163 169 170 172 174 180 182 184 185
22 125 126 130 131 132 133 136 137 139 141 144 146 152 156 163 166 170 173 177 183 184 185
28 125 127 131 133 135 136 140 145 146 148 149 150 151 153 156 157 159 160 161 169 170 172 173 175 178 183 185 186
23 125 127 128 130 133 136 137 138 140 144 147 153 154 155 156 160 163 165 171 172 178 179 183
19 125 126 129 131 133 139 142 144 156 158 159 167 170 173 176 177 179 182 185
12 129 138 144 145 146 154 160 164 167 175 178 185
17 125 126 130 133 136 143 151 152 156 159 161 166 171 172 180 182 184
9 125 129 130 141 145 158 166 173 177
32 127 128 129 130 134 136 138 140 141 143 144 146 147 150 153 154 156 157 159 162 163 165 168 171 172 175 176 177 178 180 185 186
24 126 133 135 136 142 144 146 147 149 150 152 154 156 157 158 159 160 164 168 170 172 176 180 183
13 126 127 138 150 157 158 159 160 162 164 171 178 181
35 124 126 128 129 130 131 132 134 138 139 140 141 142 146 149 150 152 153 154 156 157 160 161 162 163 164 167 171 172 174 175 176 177 178 186
31 124 125 126 131 132 133 135 137 139 142 145 148 149 151 152 155 158 160 161 164 166 167 169 170 173 174 179 181 182 183 184
19 125 129 131 133 134 143 146 147 149 151 157 160 161 165 168 174 176 182 186
39 124 125 127 128 129 130 131 132 134 137 138 139 140 141 143 145 148 151 153 155 161 162 163 165 166 167 169 171 173 174 175 177 178 179 181 182 184 185 186
14 134 138 140 145 150 159 162 167 169 171 178 179 180 182
9 134 139 141 143 154 161 173 182 183
11 124 131 134 136 142 147 150 152 157 172 182
16 126 127 130 133 134 136 137 140 156 157 162 166 170 179 180 186
7 131 133 151 167 176 180 184
9 133 144 147 151 155 166 181 182 183
8 124 128 130 153 161 182 183 186
20 126 127 131 134 142 144 151 152 154 155 159 163 169 170 171 176 180 182 184 186
11 133 135 144 145 147 151 173 181 182 183 185
15 127 130 133 135 137 140 143 144 146 152 162 169 180 181 184
14 124 129 130 135 149 153 156 157 168 174 178 182 184 185
12 125 136 140 146 147 148 149 155 163 170 174 177
7 135 140 141 153 167 175 176
17 125 130 132 134 139 141 159 164 166 167 168 172 176 179 180 184 186
23 124 130 135 136 138 139 140 141 142 144 145 150 155 158 159 164 171 172 177 178 179 183 185
12 126 133 136 139 140 148 155 161 164 177 179 186
24 125 126 127 128 132 134 138 139 140 142 144 146 150 151 152 161 162 163 164 166 170 172 173 179
12 128 135 142 143 149 151 164 165 173 178 182 183
18 127 132 134 142 144 145 146 148 152 153 157 159 162 163 169 177 180 184
17 133 135 136 144 146 149 152 154 157 158 159 160 164 168 170 172 176
19 127 133 135 136 140 146 149 150 151 156 157 160 161 169 170 175 178 183 185
15 130 131 133 134 136 137 140 150 155 157 166 170 180 181 186
31 124 125 127 129 131 134 136 138 141 147 148 150 151 152 154 155 157 159 160 161 164 166 168 170 171 176 178 180 181 184 186
10 132 137 139 142 144 149 158 173 175 182
18 126 129 131 132 134 139 140 141 142 146 150 163 164 167 171 174 175 178
7 130 155 163 178 180 184 186
10 131 141 147 148 154 155 160 177 181 183
26 125 126 128 131 134 136 139 141 143 144 145 147 149 150 155 159 160 164 167 170 171 173 181 182 185 186
13 124 127 131 134 145 147 157 165 169 177 183 185 186
10 129 133 144 156 159 167 176 177 179 185
9 146 163 165 171 172 174 178 180 184
15 125 135 136 140 145 146 148 149 152 155 163 166 169 175 177
16 129 135 140 142 143 149 151 152 154 161 162 170 171 173 177 183
12 124 134 136 142 146 147 150 152 157 161 162 182
16 125 126 130 131 133 134 136 137 140 156 157 166 170 180 181 186
26 127 128 129 130 134 136 140 141 143 144 153 154 156 159 162 163 165 171 172 175 176 177 178 180 185 186
10 132 138 140 145 149 150 151 161 164 166
9 124 131 136 142 143 144 168 171 177
17 126 133 135 136 142 146 149 150 152 154 156 157 158 160 168 172 180
16 126 132 135 137 139 140 143 144 146 149 158 162 163 173 175 183
7 126 149 158 159 168 175 182
12 126 130 141 146 154 163 167 176 177 182 183 184
17 127 131 135 145 148 150 151 153 156 159 160 161 172 173 175 185 186
12 126 132 135 142 143 144 149 158 163 175 182 183
13 124 127 134 136 137 152 153 157 162 168 169 181 183
7 131 151 156 165 167 180 184
13 129 130 132 138 146 153 158 162 163 169 170 174 180
10 124 134 145 147 155 163 165 169 173 177
17 128 132 135 136 139 147 148 151 153 155 158 166 172 173 174 180 186
6 135 141 145 148 153 175
8 124 128 146 160 161 172 174 181
10 133 139 154 157 161 164 166 178 179 186
15 126 127 131 134 142 144 151 152 154 155 159 163 176 180 182
13 128 135 142 143 149 160 165 168 173 176 178 182 183
20 131 133 135 137 139 142 149 151 152 155 158 160 161 164 166 174 179 182 183 184
7 133 142 151 165 176 180 184
19 125 129 130 131 133 135 138 139 140 143 147 151 155 158 164 171 173 178 185
16 124 127 128 131 134 145 147 150 163 165 169 173 174 183 185 186
18 125 135 138 139 143 147 149 151 155 158 160 161 165 166 168 170 182 185
19 125 127 128 129 130 135 154 155 156 159 160 166 167 170 173 179 180 181 183
18 124 126 136 139 143 144 147 149 150 155 160 167 170 171 174 181 182 185
12 131 141 143 147 154 155 160 169 177 180 181 186
9 126 138 145 149 159 168 174 175 182
31 124 126 131 132 134 139 142 143 145 148 149 150 151 158 159 161 164 167 168 169 170 173 174 175 176 177 180 181 182 184 186
11 124 128 146 149 160 161 172 175 179 181 185
14 125 129 131 133 139 142 144 159 173 176 177 179 182 185
6 128 153 167 173 175 184
11 126 127 138 150 157 158 159 160 171 178 181
12 124 127 128 135 143 149 151 157 158 161 175 186
9 127 133 139 140 155 157 161 169 177
8 136 139 155 157 163 169 179 186
34 124 126 131 132 134 135 139 141 142 143 145 146 149 150 151 157 158 159 161 164 166 167 168 170 173 174 175 176 177 180 181 182 184 186
15 127 128 138 146 150 152 158 161 162 164 166 167 172 173 176
18 125 127 128 132 134 139 140 146 150 152 158 163 164 166 167 170 172 176
19 125 127 131 135 136 140 145 146 149 150 153 157 160 161 169 173 175 178 186
14 127 129 133 140 142 143 145 154 158 161 162 171 173 177
7 139 145 152 154 156 157 178
11 141 153 158 159 161 165 168 172 174 182 184
9 145 152 154 156 164 166 178 179 186
23 127 129 132 133 135 138 146 151 152 153 154 156 157 158 161 162 166 172 175 177 179 183 184
15 125 126 131 132 137 139 142 151 160 164 166 170 173 182 184
14 126 139 140 143 144 146 149 158 162 163 174 175 182 183
10 133 139 145 152 156 157 161 164 178 179
17 127 128 129 130 135 137 155 156 159 160 166 167 173 179 180 181 183
10 131 133 151 156 165 167 176 179 180 184
23 127 128 129 131 134 135 136 140 142 145 147 149 152 153 155 158 164 172 174 180 181 185 186
13 124 146 148 156 160 161 172 174 175 178 179 181 185
7 138 145 149 158 168 174 182
11 132 135 138 140 145 149 150 160 161 164 166
11 126 130 141 146 150 160 167 169 171 175 176
11 125 133 136 152 156 159 161 171 180 182 184
21 126 130 132 133 138 139 146 151 159 160 163 164 166 168 169 170 171 173 181 183 186
9 124 135 141 153 158 159 161 165 174
12 127 128 143 149 151 157 158 161 165 174 175 181
6 144 145 146 164 167 175
19 124 125 132 134 135 143 144 145 147 149 152 153 158 166 167 168 170 171 174
14 126 127 133 136 138 139 148 155 157 161 163 164 177 179
14 126 136 144 147 149 150 152 156 158 168 170 172 176 180
18 128 129 131 141 142 150 156 159 160 162 165 172 173 175 176 180 184 185
14 125 130 133 136 143 151 152 156 159 166 171 172 180 184
21 124 129 133 138 140 142 143 146 149 151 152 154 158 160 161 162 170 171 173 174 183
14 128 134 139 142 144 151 152 158 161 164 166 167 170 179
5 128 153 175 181 184
14 126 128 130 131 132 139 157 166 167 168 172 176 179 184
8 129 146 154 160 164 175 178 185
9 127 136 137 148 159 165 168 169 180
12 124 127 128 149 151 157 158 161 174 175 181 186
21 127 128 130 132 134 140 141 145 151 153 155 162 163 165 171 177 178 181 184 185 186
17 124 133 138 140 142 143 145 149 151 158 160 161 162 171 173 174 183
19 124 131 137 143 144 149 150 154 155 156 158 162 165 174 178 179 180 184 185
11 128 130 141 146 147 163 165 171 172 174 186
19 133 135 136 142 144 146 149 150 154 156 157 159 160 164 168 172 176 180 183
7 131 142 151 156 167 172 184
18 124 125 134 135 137 143 144 145 146 149 152 158 166 167 168 171 174 182
10 129 138 144 145 146 160 164 167 175 178
21 126 128 130 135 137 141 149 150 151 155 156 162 164 167 169 170 174 178 181 182 184
20 125 128 131 132 137 139 140 141 151 155 162 163 165 166 169 171 173 177 182 184
9 126 127 150 157 158 159 171 178 181
12 132 138 139 140 144 146 153 158 160 162 168 178
11 128 149 156 160 161 174 175 178 179 181 185
15 130 131 132 139 141 147 148 150 159 164 167 172 176 179 180
19 128 129 130 141 150 151 156 159 160 165 172 173 176 178 180 181 183 184 185
12 128 139 143 147 148 149 151 152 169 171 177 183
11 125 127 128 129 130 135 156 167 170 179 183
17 125 126 127 138 139 146 151 159 160 161 166 168 169 170 171 172 183
21 124 125 132 133 139 142 145 149 151 152 160 161 164 167 169 170 173 174 179 181 182
12 131 139 151 152 153 154 159 163 176 180 184 186
12 124 127 135 143 149 151 157 158 161 165 174 181
11 132 133 136 138 143 150 157 165 167 168 183
9 137 141 149 154 164 167 170 179 181
11 124 141 153 159 161 163 165 172 174 182 184
13 126 130 132 136 137 139 141 146 152 156 170 173 184
9 135 145 147 151 155 158 166 173 185
14 125 126 127 132 139 140 142 152 161 164 166 170 173 176
20 124 125 132 135 137 143 144 145 146 147 152 153 158 166 167 168 170 171 174 182
24 126 127 134 141 142 144 145 146 148 150 152 153 157 162 172 174 175 176 177 179 180 181 183 184
15 125 126 131 133 139 144 156 158 159 170 173 176 179 182 185
8 138 144 146 160 164 167 178 185
12 125 132 135 136 140 144 148 163 166 169 174 177
10 131 142 151 156 165 167 176 179 180 184
14 126 135 139 140 143 144 146 149 162 163 173 174 175 183
11 132 142 147 148 151 169 171 173 176 177 183
20 125 133 136 140 145 146 150 151 153 157 159 160 161 169 170 172 173 178 185 186
26 124 129 130 131 132 138 139 142 146 150 152 153 154 156 162 163 164 167 171 172 174 175 176 177 178 186
26 124 129 130 132 133 134 136 137 138 139 140 146 150 154 155 156 158 159 171 172 174 175 179 180 181 186
8 136 144 153 155 156 163 165 169
18 127 129 135 138 140 143 145 146 149 152 154 158 160 161 162 171 173 183
7 125 129 130 145 158 166 177
15 141 144 146 154 160 163 167 168 169 170 171 176 177 182 183
9 126 127 133 136 138 139 161 164 179
9 128 132 139 142 149 169 173 176 183
10 138 139 144 148 153 160 162 175 176 178
27 127 128 129 134 136 138 143 144 146 147 150 153 154 156 159 162 163 168 171 172 175 176 177 178 180 185 186
7 138 140 144 146 148 158 176
9 129 147 148 153 155 160 164 168 176
12 124 127 128 143 151 157 161 165 174 175 181 186
23 125 126 131 132 133 135 137 139 145 148 149 152 155 160 161 164 167 169 173 179 181 183 184
10 128 146 148 156 160 172 174 178 181 185
19 125 127 128 129 130 135 137 153 154 156 159 160 166 167 170 173 175 179 181
9 124 127 143 149 151 158 161 174 181
7 126 138 158 162 171 178 181
23 125 126 132 134 138 139 140 144 146 150 152 158 161 162 163 164 166 167 170 172 173 176 179
16 125 126 131 143 144 145 147 148 150 155 160 167 170 182 185 186
32 124 125 127 128 130 132 134 137 138 139 140 141 143 145 148 151 153 155 161 162 163 165 166 169 171 173 177 178 179 181 184 185
24 125 131 133 136 145 148 149 150 151 153 156 157 159 160 161 169 170 172 173 175 178 183 185 186
14 127 135 145 146 148 149 150 151 153 160 161 172 173 186
13 124 127 128 136 140 142 143 149 159 168 171 176 177
17 124 129 136 142 143 144 149 150 152 155 156 158 165 174 177 178 185
28 125 128 129 131 134 138 141 143 148 151 153 155 161 162 163 165 166 167 169 173 174 177 178 179 181 184 185 186
11 124 133 135 153 157 159 168 175 178 182 184
8 132 136 142 146 147 150 151 172
16 124 127 133 135 140 143 144 146 152 157 162 169 177 180 181 184
16 125 127 128 137 153 155 156 160 166 167 170 173 175 179 180 181
11 125 129 130 134 138 146 153 170 172 182 185
8 129 137 141 164 167 170 179 181
31 125 128 129 130 133 134 136 138 145 147 152 153 155 157 159 160 161 164 165 167 169 170 171 172 176 177 178 179 181 184 185
9 126 127 136 138 155 161 163 164 186
14 135 136 144 146 147 148 149 152 155 166 169 175 177 185
13 130 133 136 143 151 152 159 161 166 171 172 182 184
12 131 132 134 136 142 147 151 157 161 162 172 182
8 126 138 158 159 168 171 175 182
9 136 144 153 155 156 163 169 175 181
24 124 130 132 135 138 139 140 141 142 144 145 150 154 158 162 163 164 171 177 178 179 180 183 185
5 124 137 162 165 178
18 124 129 132 133 134 137 144 146 148 154 158 163 166 171 172 174 180 184
15 124 132 135 137 143 146 153 154 158 167 168 170 171 174 182
7 128 148 153 156 167 173 175
22 125 130 131 138 139 140 143 147 149 155 158 160 161 164 166 167 168 170 173 178 182 185
18 127 128 129 130 135 137 153 154 155 156 159 166 167 170 173 175 180 183
18 124 127 135 138 142 143 145 146 149 151 152 154 160 161 162 170 173 174
10 132 135 137 147 150 162 164 165 168 183
7 153 159 163 165 168 172 174
15 125 130 133 136 151 152 156 159 161 166 171 172 180 182 184
17 125 126 130 131 132 133 137 139 144 146 152 163 166 170 183 184 185
30 124 125 127 129 131 136 139 142 143 144 145 146 148 152 153 154 157 159 160 161 166 168 171 173 175 177 179 180 183 186
11 125 127 130 131 133 140 155 157 162 166 186
10 124 134 145 147 150 157 173 177 183 185
9 126 145 149 159 168 171 174 175 182
6 129 130 141 145 173 177
13 127 134 136 137 143 153 154 157 162 168 169 181 183
23 125 128 129 132 136 140 142 143 145 147 149 151 152 153 155 158 161 172 173 174 180 181 185
18 128 129 134 140 141 146 147 150 153 154 157 162 163 165 175 176 180 185
10 126 128 135 143 160 164 168 173 178 183
13 127 130 133 135 137 144 152 157 162 169 180 181 184
22 124 125 128 129 132 134 137 139 141 151 161 163 165 166 167 171 173 174 179 181 185 186
12 133 135 144 145 147 151 155 158 166 181 183 185
9 138 159 162 167 171 178 179 180 182
8 134 138 140 145 150 162 167 180
9 126 129 139 144 156 167 173 182 185
9 124 128 149 156 160 172 174 178 181
6 133 159 162 165 178 179
12 126 135 137 141 147 150 151 155 173 175 181 183
13 127 130 133 137 140 143 144 146 152 162 177 180 181
28 124 125 128 133 138 145 148 150 151 152 153 154 155 156 157 160 161 164 165 168 169 170 171 172 176 177 184 185
13 132 133 138 139 146 151 157 159 160 168 170 183 186
14 129 130 141 142 150 156 159 162 172 175 176 178 180 181
11 124 128 146 149 156 160 172 178 179 181 185
15 125 126 127 131 133 137 140 150 155 156 170 179 180 181 186
10 125 137 143 148 159 168 169 170 180 184
15 126 128 130 131 132 134 139 157 166 168 178 180 182 184 185
14 126 128 135 142 143 149 151 164 165 173 176 178 182 183
27 124 128 129 130 132 137 138 141 142 143 144 147 154 163 164 165 166 167 168 171 174 176 177 180 181 182 184
13 128 141 146 147 155 165 171 172 174 178 180 184 186
7 124 133 137 138 162 178 179
11 133 135 144 145 151 155 158 166 173 183 185
18 124 125 132 135 137 144 145 146 149 154 158 166 167 168 170 171 174 182
13 126 132 135 139 142 143 144 146 149 158 162 174 183
30 124 126 129 131 134 139 141 142 143 145 146 149 150 152 159 162 164 166 167 168 169 170 173 175 176 177 181 182 184 185
8 124 127 134 136 143 154 162 181
15 124 129 130 134 137 139 141 143 153 161 168 173 182 183 186
14 126 127 131 144 151 152 159 163 169 171 176 180 182 186
11 133 152 154 156 157 161 164 166 167 178 186
11 133 145 152 154 156 157 166 167 178 179 186
8 136 138 143 147 150 167 168 183
7 142 147 148 154 155 172 176
27 126 128 129 130 132 137 138 139 143 144 147 152 154 155 158 163 165 166 167 171 174 176 177 179 180 181 184
13 134 136 137 143 152 153 154 157 162 168 169 181 183
18 125 132 136 140 144 146 147 148 149 152 155 163 166 169 170 175 177 185
25 124 125 126 131 132 133 135 137 139 142 148 155 158 160 164 166 167 169 170 173 174 179 181 182 184
11 125 131 133 137 139 146 152 156 163 173 184
10 133 139 156 157 161 164 166 167 178 179
21 126 130 132 134 138 139 141 143 144 152 158 163 164 168 171 174 176 177 181 182 184
20 126 128 130 132 133 135 149 151 155 156 162 165 167 169 170 174 178 181 182 184
10 129 138 144 145 146 154 160 164 167 175
10 128 142 149 151 152 169 171 173 176 183
23 128 129 131 132 135 136 139 140 145 147 149 153 155 158 161 164 166 172 174 180 181 185 186
14 125 127 133 134 138 146 159 160 164 169 171 173 183 186
10 128 146 148 149 172 174 175 178 179 181
17 125 127 130 133 136 137 140 144 147 155 156 160 165 172 178 179 183
12 124 129 135 136 153 159 165 174 178 182 184 185
15 127 130 133 137 138 140 144 155 156 160 163 171 178 179 183
13 125 135 137 154 156 159 167 170 175 179 180 181 183
21 126 133 135 136 142 146 149 150 152 154 157 158 159 160 164 168 170 172 176 180 183
34 124 126 129 131 132 134 135 139 141 142 143 145 146 148 149 151 152 157 158 159 164 167 168 169 173 174 175 176 177 180 182 184 185 186
12 124 135 141 153 158 159 161 165 168 172 182 184
19 125 127 131 133 135 136 140 145 146 149 151 156 157 169 172 175 178 185 186
8 137 141 147 148 151 155 160 183
13 135 140 142 145 149 151 152 154 161 173 174 177 183
19 126 128 130 132 134 150 157 159 164 167 168 172 176 178 179 180 182 185 186
11 126 128 142 143 151 160 164 165 176 182 183
17 127 128 129 135 137 153 155 156 159 160 166 170 173 179 180 181 183
26 124 126 134 141 142 143 145 146 148 149 150 152 157 158 159 162 164 169 170 174 177 180 181 182 185 186
9 133 139 145 156 166 167 178 179 186
32 124 125 127 134 136 140 142 143 144 145 146 147 148 153 154 157 158 159 161 163 166 168 171 172 173 175 176 177 179 180 183 186
12 126 131 132 133 141 146 152 156 163 166 173 185
22 129 132 133 134 136 137 138 139 140 148 154 155 156 158 166 171 172 174 175 180 184 186
15 124 127 128 131 145 147 155 163 165 169 173 174 177 183 186
5 125 130 145 158 173
12 133 135 145 147 151 155 158 166 173 181 182 183
19 124 128 132 134 139 142 152 158 162 163 164 165 167 168 174 176 180 182 184
5 138 158 159 168 175
10 124 127 128 136 143 149 165 168 171 177
22 128 132 134 137 141 147 152 154 158 162 164 165 166 167 168 171 174 176 180 181 182 184
7 138 140 145 150 162 179 180
21 127 129 130 134 138 140 141 143 146 147 150 154 157 159 162 163 165 168 177 178 185
19 127 129 130 135 137 151 152 154 156 158 163 166 169 172 176 177 178 179 184
7 135 141 158 161 163 172 174
25 124 129 131 132 139 141 142 145 148 150 152 158 161 162 167 168 170 174 176 180 181 182 184 185 186
14 124 130 136 145 149 153 157 165 168 174 178 182 184 185
11 125 126 133 136 140 155 156 162 166 179 186
21 128 129 131 132 134 139 141 142 147 148 151 153 160 163 164 165 167 178 183 185 186
23 124 125 134 140 142 143 144 148 152 153 154 158 159 161 166 168 171 172 173 176 179 183 186
10 128 146 149 156 161 172 174 175 178 179
21 125 128 132 134 141 142 147 148 154 155 160 161 163 164 165 167 172 173 176 179 183
12 124 130 135 136 140 144 146 152 177 180 181 184
19 125 127 128 130 133 136 137 138 147 153 154 155 156 160 165 171 172 178 183
11 124 127 128 131 136 140 142 143 149 165 176
20 124 130 132 134 136 137 138 139 140 144 148 150 159 163 169 174 179 181 184 186
17 124 130 135 149 153 156 157 159 165 168 171 174 175 178 182 184 185
4 128 148 175 184
25 124 125 128 131 134 139 141 144 145 147 148 149 150 155 159 160 167 168 170 171 174 181 182 185 186
19 126 127 131 134 139 140 142 144 151 152 153 154 155 159 163 171 180 182 184
27 125 129 132 134 139 141 142 148 151 153 154 155 156 160 161 163 164 165 166 170 172 173 176 178 179 183 185
19 125 133 135 138 139 140 147 155 156 158 160 161 164 165 166 167 170 178 182
12 126 133 136 143 151 156 159 161 166 171 172 182
6 129 138 146 154 160 164
9 125 137 143 148 159 165 168 170 184
29 124 126 128 129 130 131 132 134 140 141 142 146 149 150 152 153 154 156 157 161 162 163 167 171 172 175 176 177 186
15 129 131 133 134 143 146 147 149 151 157 161 165 168 174 182
9 124 127 130 133 135 152 157 181 184
11 124 134 137 143 152 153 154 162 168 169 181
33 124 126 127 128 134 135 136 137 139 140 142 145 147 148 149 150 152 153 155 156 159 169 172 173 174 175 177 179 181 182 183 185 186
32 124 126 127 128 130 135 138 139 141 143 145 146 149 152 154 155 156 158 160 161 162 165 166 168 170 173 175 176 179 183 184 185
32 125 126 128 129 130 132 134 135 138 139 140 142 145 146 148 149 151 152 154 155 156 159 167 169 170 172 175 176 179 180 181 185
27 129 132 133 134 138 140 142 143 144 146 148 150 156 159 160 161 163 169 172 173 174 175 178 179 181 183 186
29 125 126 127 130 135 139 140 147 148 150 152 155 156 158 159 161 162 163 165 167 169 170 174 175 176 180 181 182 184
40 127 128 130 131 132 133 134 139 143 144 145 146 147 150 151 152 154 155 157 158 159 164 165 166 167 169 170 171 172 173 174 176 178 179 180 181 182 183 185 186
24 124 127 130 133 134 136 137 138 139 141 145 148 149 153 156 160 165 167 169 172 174 178 179 186
37 124 125 127 128 129 130 131 132 134 136 137 139 143 144 145 146 148 149 156 157 160 161 162 163 165 167 168 169 171 173 174 175 176 178 179 183 184
36 124 125 126 128 133 134 139 140 142 144 145 146 150 153 154 155 156 157 159 163 164 165 166 167 169 170 172 173 177 179 180 181 182 183 184 185
30 124 126 127 132 134 137 142 143 144 145 146 150 151 152 153 155 156 159 160 163 164 166 167 168 171 174 180 183 185 186
23 125 130 133 134 135 137 138 142 144 149 151 155 157 158 161 163 170 174 175 176 179 184 186
38 124 125 126 128 131 133 134 135 136 137 139 140 142 147 149 151 152 155 156 157 158 162 164 165 167 168 169 171 172 173 175 176 177 178 180 181 182 183
33 124 125 126 127 128 129 130 134 136 137 139 142 143 144 147 149 152 156 158 159 166 168 170 171 172 173 175 176 177 178 179 181 184
33 124 125 126 128 130 131 135 138 139 142 147 150 151 156 157 158 160 162 164 166 169 171 172 173 174 175 176 178 179 180 183 185 186
20 126 130 131 133 148 153 156 159 161 162 165 166 167 169 177 179 180 184 185 186
20 126 130 131 132 136 139 141 143 148 153 155 163 164 165 166 168 174 177 180 185
33 124 125 128 129 133 135 136 138 139 141 142 143 144 146 148 152 154 155 157 158 160 161 163 166 167 170 173 174 176 180 183 184 185
21 126 127 133 136 137 143 145 148 149 150 154 155 156 160 166 169 170 175 179 183 185
28 125 130 131 135 136 137 139 142 143 145 147 149 154 156 158 160 162 164 167 168 171 172 174 176 180 182 183 185
37 124 126 129 130 132 133 134 136 137 141 142 144 147 149 151 152 153 155 159 160 161 162 164 165 166 167 168 169 170 175 176 178 179 180 182 185 186
37 125 127 129 131 132 134 135 136 137 139 141 143 144 146 147 148 149 153 154 158 159 160 161 163 164 166 167 170 176 177 178 179 180 181 183 185 186
22 125 130 135 138 142 145 147 148 149 153 155 160 162 164 165 166 170 172 175 180 181 184
30 125 135 139 140 142 144 145 146 147 149 152 156 157 158 161 162 164 165 166 167 169 172 173 174 179 180 182 184 185 186
22 124 125 129 130 135 141 146 149 153 156 159 160 164 168 169 172 174 176 180 181 183 184
28 129 130 132 134 137 138 139 141 142 150 152 153 155 156 157 158 159 164 165 166 168 171 172 173 174 175 181 185
40 124 126 128 129 130 131 132 133 134 137 138 139 141 142 143 144 145 146 147 148 151 152 154 156 159 160 161 167 169 170 171 175 176 178 179 180 181 183 184 185
40 124 125 126 127 129 130 132 133 135 136 137 138 141 142 143 147 148 149 151 153 154 156 160 162 163 164 165 166 167 170 171 173 174 175 178 179 180 181 183 184
39 124 126 129 131 133 134 136 138 139 140 142 144 146 147 151 153 154 156 157 159 161 162 163 164 165 166 167 169 170 171 172 173 174 176 178 179 180 182 186
28 124 127 129 132 134 135 139 140 142 143 145 146 147 149 150 156 160 163 165 167 170 173 174 175 178 179 185 186
27 124 125 132 135 136 137 138 139 140 148 150 151 152 154 163 165 166 167 168 170 171 174 175 177 178 182 185
19 128 132 136 137 140 141 144 148 155 156 157 158 165 166 170 173 177 182 184
35 124 126 133 134 135 137 138 139 140 142 143 147 150 151 153 154 155 156 157 159 161 162 166 168 170 174 176 177 178 179 180 182 183 184 186
34 126 129 130 132 134 135 138 140 141 142 143 145 146 147 148 149 151 153 154 155 156 160 164 165 167 171 172 174 175 176 177 178 184 186
26 124 127 128 129 134 135 137 141 142 145 150 152 158 161 163 164 165 166 168 169 170 173 176 177 181 184
31 127 132 135 137 139 141 142 144 145 146 148 149 153 155 156 158 160 161 162 164 165 166 167 170 173 174 177 180 182 183 184
25 132 133 135 136 137 138 144 146 149 151 153 154 155 159 162 165 166 168 169 170 171 172 174 181 183
22 125 127 130 139 144 145 146 148 153 154 155 157 159 160 164 169 179 181 182 183 184 185
40 124 125 127 128 129 130 131 133 139 142 144 146 147 148 149 150 151 153 154 155 156 157 158 159 160 163 165 166 167 169 170 171 172 173 174 177 178 182 184 186
38 125 126 128 130 131 132 133 134 135 139 141 143 144 145 146 147 149 151 153 154 158 160 162 163 164 167 168 169 171 172 175 178 179 182 183 184 185 186
22 124 125 129 131 134 141 142 143 144 148 155 157 158 167 168 170 177 178 179 181 182 186
31 124 130 133 135 137 138 139 140 141 142 143 147 149 154 155 160 161 162 163 164 166 168 170 173 174 175 177 179 180 184 185
39 124 125 126 127 130 133 135 136 137 138 139 140 141 142 145 147 148 149 150 151 153 154 155 157 159 161 162 163 164 165 167 168 170 175 177 179 181 184 185
28 127 129 131 132 133 135 136 140 141 142 143 148 155 156 161 162 165 168 170 171 174 177 178 179 182 183 184 185
40 125 126 129 130 131 132 134 135 136 137 139 141 142 143 144 145 147 148 149 151 152 153 155 156 157 159 160 162 164 165 167 169 171 176 179 180 181 183 184 186
27 125 126 128 129 130 132 135 138 143 146 151 153 159 161 165 166 167 170 172 174 176 178 179 181 182 185 186
24 128 131 133 135 136 137 138 144 146 147 148 150 151 152 154 163 165 166 170 171 172 175 177 180
25 124 125 126 127 128 133 134 136 137 140 142 146 149 151 157 160 161 165 167 169 171 173 180 184 185
22 125 126 130 133 134 137 141 145 148 152 155 160 164 167 169 172 173 175 178 179 180 183
22 125 126 136 137 142 146 147 149 150 152 157 159 161 166 169 171 172 174 175 176 178 180
34 124 125 127 134 135 137 138 139 141 143 144 147 148 149 152 153 155 156 161 162 163 164 170 172 173 174 175 176 177 179 180 182 184 185
28 125 127 128 130 134 136 137 139 140 141 145 146 149 151 153 156 158 160 165 168 169 172 173 175 176 180 184 186
21 126 130 131 132 134 137 138 139 141 143 147 156 162 166 168 170 172 173 177 183 186
30 125 128 131 132 133 134 135 136 137 138 142 146 147 150 152 155 157 158 159 162 170 171 172 173 178 180 183 184 185 186
32 124 126 130 132 133 135 138 139 140 141 142 143 144 145 146 147 152 153 154 157 158 159 165 167 168 170 173 175 178 179 185 186
41 124 125 126 127 128 129 130 131 132 134 135 136 137 139 140 142 144 146 148 150 151 152 158 160 161 164 166 167 168 169 170 171 173 175 177 178 179 180 181 184 186
32 124 128 129 130 135 139 140 141 142 143 145 148 150 154 155 157 159 160 163 164 166 169 171 172 173 175 178 180 182 184 185 186
19 124 126 127 132 133 134 135 144 149 150 152 163 164 166 167 176 177 181 183
35 126 128 130 131 132 133 136 137 138 144 147 148 151 153 154 156 157 160 161 162 163 164 166 167 169 172 173 174 178 180 181 182 183 184 185
42 124 125 127 128 130 132 133 134 136 137 139 140 141 142 143 146 147 148 149 151 154 155 156 157 158 159 161 163 166 168 172 173 174 175 176 177 179 181 182 183 184 185
33 125 126 128 129 130 131 132 136 138 140 141 142 143 147 150 154 156 158 159 160 163 165 166 168 169 170 172 177 178 180 183 185 186
31 124 127 129 130 131 136 137 138 140 145 146 147 153 154 155 156 157 158 163 164 165 166 170 171 172 174 175 178 180 182 185
35 125 126 127 129 130 131 133 137 139 140 141 142 143 144 145 146 148 157 161 164 167 168 169 171 172 173 174 175 176 177 178 179 180 184 185
30 124 126 127 128 131 132 136 137 138 142 143 146 150 153 155 156 158 161 162 163 165 166 167 169 170 174 175 176 178 185
24 125 126 129 131 134 135 141 142 144 148 151 153 158 165 166 171 173 175 178 180 183 184 185 186
39 126 128 129 131 132 133 137 138 140 141 142 143 145 148 149 150 151 152 154 155 156 157 158 160 161 162 163 164 165 168 170 171 172 174 178 179 180 181 182
42 124 125 126 127 128 129 130 133 134 135 136 137 138 139 140 141 143 145 146 148 149 150 151 152 155 156 161 163 166 169 170 171 172 173 174 176 178 179 182 183 184 186
22 124 128 130 135 141 144 145 152 157 158 161 163 164 165 166 170 171 172 176 177 183 184
25 124 129 131 133 138 140 141 143 144 147 148 150 152 160 165 166 167 169 171 174 177 178 179 181 182
27 124 126 127 129 136 139 140 142 145 147 150 154 156 159 162 163 164 170 171 174 177 178 180 181 182 184 185
31 124 125 127 128 132 133 134 139 140 141 146 147 150 151 157 160 162 163 165 167 168 170 171 172 176 177 179 180 181 184 185
26 124 126 129 134 135 136 137 140 142 143 148 153 157 158 159 160 161 162 163 164 173 174 175 178 183 186
23 127 130 133 134 139 141 143 149 152 158 160 161 162 165 166 169 171 172 174 175 177 180 183
41 125 126 129 130 131 136 137 138 139 140 142 143 145 146 147 149 150 151 152 153 154 155 156 157 158 159 161 162 163 166 168 171 172 174 178 179 181 182 183 184 186
29 124 131 134 135 136 139 141 142 143 144 145 148 151 152 153 155 156 158 160 163 165 168 169 177 179 180 181 182 184
36 124 125 127 128 130 131 132 133 134 135 136 138 139 141 149 151 152 156 157 158 160 163 165 166 167 169 171 172 175 176 178 179 181 183 184 186
39 124 125 127 128 129 134 135 136 137 139 141 142 143 146 148 149 151 152 153 154 155 158 159 160 161 163 164 165 168 169 171 172 174 175 177 178 179 181 184
42 124 126 129 132 133 135 138 139 141 142 143 144 145 146 147 148 149 150 151 152 154 155 157 158 159 160 164 165 166 167 170 171 172 173 175 177 178 179 180 181 185 186
19 126 128 129 130 132 135 136 138 142 149 151 152 160 166 172 177 178 182 185
22 124 126 128 130 132 133 134 138 145 146 152 154 155 157 160 161 168 170 171 172 173 182
28 131 133 135 136 138 140 141 143 144 145 146 147 149 153 155 156 157 159 161 162 163 166 167 169 172 176 184 186
35 127 128 131 133 137 139 140 141 143 144 145 148 150 154 155 157 159 160 163 164 166 167 170 171 172 173 174 177 178 179 181 182 183 185 186
38 124 126 127 128 129 130 132 133 134 136 139 141 145 146 148 149 152 155 156 157 158 159 160 161 162 163 164 166 167 168 169 171 177 180 181 184 185 186
30 124 125 126 128 130 131 132 134 140 141 144 145 146 149 151 154 155 157 158 160 164 166 170 173 176 177 178 179 180 186
31 124 126 128 129 133 135 136 140 142 144 145 150 151 152 153 154 156 160 162 167 169 171 172 173 174 175 177 179 183 184 186
23 126 129 130 133 136 140 143 145 147 148 149 150 153 156 158 159 164 166 171 176 179 181 185
35 124 126 129 130 131 133 137 140 142 143 144 145 146 149 152 154 155 156 158 159 162 163 164 165 167 169 171 174 175 178 180 182 184 185 186
31 124 125 126 127 128 130 133 135 136 138 141 142 145 146 147 148 150 157 160 161 164 167 172 173 174 176 177 180 183 184 185
26 126 129 131 133 138 140 143 145 151 154 156 157 160 161 164 165 166 170 171 175 177 180 181 182 184 185
41 124 126 127 128 130 135 136 138 141 142 143 144 146 147 149 150 151 153 155 156 157 158 159 161 162 166 167 171 173 174 175 176 177 178 179 180 181 182 183 184 185
29 126 129 132 136 140 142 145 146 147 148 151 152 153 154 157 158 159 162 163 165 171 173 174 175 179 183 184 185 186
35 124 125 126 130 131 132 133 134 136 137 138 140 141 143 146 147 148 149 151 152 153 155 160 161 163 165 167 172 174 176 178 179 180 182 186
38 125 126 127 128 130 131 132 133 134 135 136 138 139 140 143 144 147 149 150 154 155 157 158 161 166 170 171 172 175 176 177 179 180 181 182 183 184 186
20 124 125 126 134 144 146 147 148 149 154 156 157 161 163 164 171 175 179 181 186
40 126 128 129 130 133 134 135 136 137 138 139 141 142 145 148 149 150 152 154 155 157 158 160 161 162 164 165 166 168 171 173 178 179 180 181 182 183 184 185 186
24 125 127 128 129 131 133 135 138 140 142 144 148 149 151 155 158 161 162 166 168 172 177 178 184
37 125 126 127 128 130 131 133 134 138 139 140 143 145 146 147 150 151 153 155 156 157 159 160 162 163 164 169 171 172 173 174 178 179 180 181 183 186
36 125 127 128 129 131 132 133 134 135 136 137 138 140 141 143 144 148 151 152 154 156 159 160 162 163 166 167 169 172 174 176 177 178 181 182 185
19 126 129 136 142 143 147 157 160 162 163 165 170 172 173 174 175 177 178 186
43 124 128 129 130 131 132 134 136 137 138 140 142 143 144 145 148 149 151 152 153 155 156 157 158 161 162 164 166 167 169 170 171 173 174 176 178 179 180 182 183 184 185 186
41 125 128 130 131 133 136 137 138 139 140 141 142 143 145 146 148 150 151 152 156 157 159 160 161 162 163 164 166 167 168 169 170 172 173 174 175 178 179 180 181 182
32 124 125 128 133 134 136 138 140 141 145 146 147 149 150 153 155 159 160 161 163 166 168 170 172 173 174 175 176 177 178 179 184
39 125 126 129 131 132 133 135 136 138 139 141 145 146 147 148 150 151 152 153 154 155 158 160 162 163 164 165 166 167 170 171 174 175 176 178 179 180 182 183
19 129 133 136 138 139 144 152 154 156 159 163 168 169 171 172 174 175 180 185
21 124 128 130 133 135 136 138 139 142 151 152 153 155 156 160 169 172 176 179 181 186
23 125 127 132 139 145 149 150 153 155 159 162 164 166 167 168 171 173 176 177 179 183 184 185
39 124 127 129 130 132 133 134 135 138 140 141 142 143 144 146 147 148 149 153 155 156 158 160 161 163 164 168 171 172 174 175 176 177 178 180 182 183 184 186
21 124 126 130 132 134 137 139 144 146 147 149 152 154 160 162 165 169 170 183 185 186
39 125 126 127 129 130 131 133 135 138 139 140 141 143 145 146 149 150 152 155 156 159 161 163 166 167 168 169 170 171 172 173 174 178 180 181 182 183 184 185
32 124 127 128 131 132 135 138 141 142 143 144 145 146 149 152 155 156 157 158 161 162 166 167 173 174 175 177 178 182 183 185 186
28 125 127 130 131 132 134 135 136 138 141 142 146 147 148 150 156 157 159 160 161 164 169 173 174 176 177 182 185
32 124 126 128 129 130 134 136 137 138 139 140 141 143 145 148 150 151 152 154 156 157 160 166 167 172 174 175 177 178 179 180 183
37 124 127 128 132 133 135 136 140 143 145 146 147 149 150 152 153 156 158 161 162 165 166 167 168 169 170 171 172 173 175 176 178 179 180 181 182 185
32 124 126 128 130 133 135 136 138 139 141 144 146 147 149 151 152 153 155 156 157 158 159 163 164 165 171 173 175 179 181 182 186
33 124 125 126 127 128 129 132 135 136 138 140 141 142 145 148 149 153 155 163 166 167 168 170 171 172 174 177 178 179 180 181 183 184
22 125 135 138 139 140 141 143 146 148 150 155 164 169 171 173 177 178 181 182 183 184 186
35 124 129 130 133 134 135 136 137 138 143 144 145 149 150 153 154 155 158 159 162 166 168 172 174 175 176 177 178 179 180 181 182 183 185 186
20 128 129 131 133 136 138 144 145 146 148 150 151 154 158 161 164 166 170 178 181
38 124 125 126 128 129 130 131 132 133 137 138 139 141 144 145 146 147 148 150 151 158 159 160 161 163 166 167 168 170 171 172 176 177 178 181 182 184 185
19 125 126 128 129 133 135 137 140 143 149 159 162 163 164 165 182 183 184 185
32 125 126 127 130 132 134 139 141 144 148 149 150 152 154 156 157 162 164 165 166 168 169 170 171 173 175 176 178 181 183 184 185
27 124 126 127 128 129 130 131 133 136 140 143 145 151 157 160 162 164 165 166 167 169 172 177 179 180 184 186
40 124 128 129 131 132 133 134 136 137 140 142 143 144 145 149 150 153 154 155 158 159 160 161 162 163 165 166 169 170 171 172 173 176 177 180 181 183 184 185 186
25 125 130 132 134 136 137 145 149 150 153 154 155 159 160 162 166 168 172 177 178 180 181 183 184 185
34 125 126 128 129 131 132 135 138 139 140 141 143 144 146 155 156 158 159 161 162 166 169 170 171 172 173 174 175 176 177 179 184 185 186
33 126 127 128 129 130 133 134 137 139 144 147 148 152 153 156 157 158 159 161 162 163 166 169 171 173 174 175 176 177 178 182 185 186
26 126 127 128 130 132 133 134 135 138 139 141 142 143 145 150 152 155 158 159 162 167 176 179 180 184 185
19 129 134 136 137 138 139 143 145 147 149 155 156 160 164 165 171 174 177 186
20 126 130 133 137 139 141 142 143 147 148 150 151 156 169 171 175 176 180 184 185
39 125 127 130 131 133 134 137 139 142 143 144 147 148 149 150 151 152 155 157 159 160 161 163 165 166 167 170 171 176 177 178 179 180 181 182 183 184 185 186
23 124 125 129 134 137 138 145 152 153 155 163 164 165 166 169 171 172 176 177 180 183 185 186
31 124 125 128 130 131 136 139 140 141 143 144 146 147 149 150 151 152 153 158 160 162 164 169 171 174 175 176 178 181 182 184
22 125 127 128 133 134 136 138 139 141 143 144 145 151 159 160 162 165 170 171 173 183 185
21 125 130 132 135 141 145 147 151 153 156 159 161 162 163 166 172 173 178 179 183 186
40 124 125 126 128 131 133 135 136 137 139 140 141 142 143 146 147 148 149 150 152 153 155 156 157 158 160 162 163 165 168 170 171 173 174 175 177 181 183 185 186
41 126 127 128 129 132 134 136 137 138 139 141 143 144 146 149 150 151 152 153 154 157 158 160 161 162 164 165 166 167 170 172 173 174 175 177 180 181 182 183 184 186
24 126 127 131 134 139 140 141 142 144 145 150 151 152 153 157 160 162 165 167 171 175 176 179 183
20 125 132 134 135 138 140 148 154 155 156 159 161 169 171 172 177 179 181 182 184
34 125 130 131 136 139 141 142 146 147 149 150 151 152 153 156 160 161 163 164 165 166 167 169 171 172 175 178 179 180 182 183 184 185 186
25 128 129 130 135 141 143 146 147 155 156 157 158 159 160 164 165 167 169 174 175 176 177 178 181 186
29 124 131 132 134 135 137 140 141 146 148 150 151 154 156 157 159 162 164 166 167 169 170 173 175 179 182 183 184 185
39 125 126 128 129 130 133 134 138 139 140 142 146 148 149 151 152 153 155 157 159 161 162 163 164 166 167 168 170 171 172 175 176 177 179 180 181 183 184 186
27 126 129 133 134 135 136 137 138 140 143 145 149 150 151 154 156 157 158 159 163 164 168 170 176 177 179 186
23 129 131 134 137 138 141 142 143 144 150 151 152 157 159 162 164 170 172 177 179 180 183 184
19 127 129 137 139 147 150 152 153 157 160 161 166 168 172 177 179 180 184 186
41 124 125 126 127 128 130 131 134 135 136 138 139 140 143 144 145 147 148 149 151 152 153 154 156 158 163 164 167 168 171 173 174 175 176 177 178 179 183 184 185 186
36 127 129 130 131 132 133 134 135 136 137 139 140 141 143 145 149 153 154 155 156 159 161 162 164 165 166 167 169 171 172 173 175 176 178 179 181
19 126 128 130 133 134 138 139 141 142 143 156 160 165 166 167 168 176 179 184
26 125 130 132 134 136 137 138 143 145 146 149 150 151 153 154 159 160 162 164 169 170 173 176 177 180 183
32 124 126 127 128 129 131 133 135 137 139 142 143 146 147 149 150 153 156 160 166 167 168 171 173 174 175 177 178 179 181 182 183
30 124 125 126 127 131 134 135 136 138 147 148 151 152 153 155 161 163 164 165 169 172 175 177 178 179 180 181 182 185 186
24 126 129 130 136 138 144 147 148 149 157 159 160 167 168 170 171 173 174 175 176 180 181 185 186
41 125 126 127 128 129 131 133 134 135 136 137 138 141 142 143 145 146 147 148 149 151 156 157 158 159 162 166 167 168 170 171 173 174 175 176 177 179 180 181 182 183
40 125 126 127 129 130 131 132 133 134 135 137 138 139 142 143 147 149 150 151 152 154 155 157 159 163 164 167 169 170 172 173 175 176 177 178 179 180 181 182 185
36 126 127 128 129 131 134 135 136 137 140 142 143 144 145 147 148 149 150 151 152 155 157 159 161 164 166 168 169 172 173 177 181 183 184 185 186
38 124 127 128 130 131 132 133 134 136 138 139 140 143 144 145 149 154 155 160 161 162 163 165 167 168 170 171 173 174 175 176 178 179 180 182 183 185 186
23 128 133 134 136 137 139 140 147 148 154 160 163 165 166 169 170 171 173 174 177 180 184 186
23 124 126 133 136 139 142 143 144 145 149 150 151 153 169 172 173 174 176 177 178 182 183 184
33 126 127 128 129 131 132 133 134 140 145 146 149 150 152 154 155 157 160 161 162 163 164 169 171 173 174 175 176 177 181 182 183 186
33 124 125 126 128 129 130 134 135 136 137 138 139 140 141 142 144 146 148 151 152 154 155 162 167 168 169 170 171 173 178 182 183 185
37 125 127 128 129 130 131 132 133 135 136 138 139 140 142 143 146 147 148 149 151 152 154 155 159 164 167 168 170 175 177 178 179 180 181 182 183 184
23 124 131 139 141 142 143 147 148 151 152 153 154 155 156 157 159 160 161 165 168 175 178 185
29 124 127 128 131 132 136 137 138 139 140 141 144 148 149 152 154 156 157 160 165 168 170 171 172 173 174 175 177 179
34 124 125 126 129 130 131 134 135 136 137 138 139 140 145 146 149 154 155 158 159 161 162 163 164 168 169 170 172 175 176 177 180 183 185
24 124 126 127 128 129 133 136 138 147 156 158 162 167 169 170 171 175 176 178 180 182 183 184 185
40 124 125 127 129 135 139 140 143 144 145 146 147 148 149 150 152 153 154 156 157 158 159 160 162 163 164 167 168 169 171 173 175 176 179 181 182 183 184 185 186
36 124 125 126 129 130 131 132 134 135 136 138 141 143 145 146 147 149 150 151 153 156 157 158 160 161 164 165 166 167 169 176 177 178 180 184 185
25 124 125 129 130 136 137 139 140 141 144 149 152 155 158 160 170 176 177 178 179 180 181 182 185 186
41 126 127 128 131 133 135 137 140 144 145 146 148 150 151 152 153 154 155 156 157 158 160 161 162 163 164 165 166 167 168 172 173 174 175 176 179 180 181 182 183 186
24 124 125 128 130 132 134 135 137 144 145 151 152 153 157 160 165 168 171 177 178 179 181 183 184
42 125 127 129 132 135 136 137 138 139 140 141 142 143 144 145 146 149 150 151 152 153 154 155 156 158 159 160 162 163 164 166 168 169 171 172 174 175 180 182 183 185 186
39 124 125 126 132 133 134 135 137 138 139 140 141 142 144 146 147 148 150 151 152 153 155 156 158 161 164 166 167 170 171 172 173 174 175 178 179 180 181 185
30 124 127 130 133 134 136 138 139 140 145 148 149 150 152 153 154 156 160 161 162 163 166 167 171 173 174 175 177 179 186
23 124 126 130 134 136 137 138 141 144 145 146 156 161 162 165 166 169 172 179 182 184 185 186
43 124 125 126 127 128 129 130 131 132 135 136 138 139 141 142 143 144 146 147 149 150 151 153 154 155 156 157 159 160 161 162 165 167 168 169 170 171 173 174 178 183 184 185
25 126 127 131 132 133 135 136 138 142 143 146 150 152 155 157 159 165 166 168 171 176 177 180 182 186
20 128 138 142 146 148 150 151 159 166 167 168 172 173 174 178 180 181 182 184 185
41 124 125 128 130 131 134 135 136 137 139 141 143 144 145 146 149 151 153 154 155 156 157 159 160 161 162 163 164 165 166 167 169 170 171 172 173 178 180 183 184 185
42 124 126 127 128 129 131 132 133 134 135 137 138 139 140 145 146 148 150 151 153 154 155 158 160 161 162 163 164 165 167 171 174 175 177 178 179 180 181 182 183 184 185
27 128 130 132 133 134 135 136 139 140 143 144 145 150 153 156 158 163 164 167 173 174 175 177 179 181 182 185
19 128 131 132 135 136 146 151 152 154 155 158 162 163 166 167 169 177 179 180
23 124 126 132 133 134 137 146 148 149 150 152 153 155 158 159 163 165 172 173 175 178 182 183
38 124 125 128 132 134 135 138 139 141 143 144 145 148 149 153 154 155 158 160 161 162 163 165 169 170 171 172 174 175 176 177 178 179 180 181 183 184 186
19 126 127 135 138 139 141 150 151 159 162 163 169 171 172 178 180 182 184 185
35 125 126 127 129 132 133 136 137 139 140 141 142 145 147 149 150 151 152 153 157 159 160 162 163 165 166 168 169 172 173 177 178 180 185 186
26 125 126 127 130 132 135 139 141 142 144 145 146 148 150 151 156 158 160 164 165 166 170 179 180 183 185
26 124 125 127 128 131 139 143 145 149 151 154 156 158 160 161 162 163 165 166 167 168 170 172 173 174 185
29 125 127 128 129 131 132 134 135 136 137 141 142 144 146 150 152 156 157 158 161 163 169 171 173 174 178 179 184 186
43 125 126 127 128 129 130 132 133 134 135 136 138 139 144 145 147 148 150 151 152 153 154 158 159 160 161 162 163 164 165 166 167 171 172 173 176 179 180 181 183 184 185 186
33 124 125 126 127 129 131 133 137 138 140 142 143 146 148 149 153 155 157 158 159 160 162 165 168 170 173 175 178 179 182 183 184 185
38 124 125 130 131 132 133 134 135 136 137 138 141 143 144 146 149 150 151 152 153 154 156 158 159 160 161 162 165 167 168 170 172 175 176 179 180 183 185
26 125 128 130 134 138 142 146 149 150 151 152 153 154 157 158 160 163 164 167 168 178 180 181 182 185 186
36 124 126 127 128 130 132 133 135 145 146 149 150 151 152 155 157 158 159 160 161 164 166 169 170 171 172 173 174 175 177 178 179 181 182 183 186
34 124 126 127 128 130 132 134 135 140 141 142 144 147 150 152 155 156 157 161 162 164 167 170 171 174 175 176 179 180 181 182 183 184 185
27 124 126 132 133 134 139 140 141 142 144 145 146 148 149 152 154 155 163 164 165 166 167 173 177 178 179 184
27 124 125 127 128 130 131 133 134 136 144 145 146 147 151 153 155 158 159 167 168 170 171 173 174 175 177 185
27 124 125 126 129 133 134 138 139 140 146 147 149 150 156 162 164 165 167 172 174 175 179 180 181 182 183 186
26 125 132 133 135 136 137 139 140 141 142 143 144 147 149 150 152 159 161 164 168 169 173 177 179 181 183
42 124 125 126 128 130 131 133 135 136 137 139 143 145 146 147 148 149 154 155 156 157 158 159 160 163 164 165 167 168 169 172 173 175 176 177 178 180 181 182 183 184 185
39 125 127 128 129 131 132 135 136 137 138 139 144 147 149 150 152 153 154 155 156 157 158 159 162 165 166 167 168 169 170 171 174 177 178 179 180 182 185 186
42 124 125 127 129 130 131 132 133 134 135 138 139 140 142 143 144 146 147 148 150 151 152 153 155 156 158 161 162 166 167 169 170 171 173 174 175 176 177 179 181 183 186
22 124 126 127 129 133 141 146 147 150 152 153 155 160 161 163 167 175 176 180 183 184 185
32 124 126 127 128 129 130 132 134 138 139 140 142 146 147 148 149 151 153 154 156 157 159 161 167 168 172 174 177 181 183 185 186
29 125 126 127 128 131 134 136 139 141 143 144 145 146 148 149 150 153 157 159 161 163 169 170 172 173 175 178 179 182
36 127 128 129 130 131 133 135 136 139 140 144 145 146 147 148 153 157 158 159 162 163 164 165 166 167 168 169 170 172 173 174 175 176 178 184 185
35 124 127 128 129 130 133 134 139 140 143 145 146 148 149 152 153 155 156 158 159 160 161 165 168 169 170 173 174 176 177 178 179 180 183 185
31 129 130 131 132 134 135 136 137 139 141 142 151 152 155 158 159 162 164 166 167 168 170 172 173 175 177 178 179 180 181 183
22 124 127 128 131 134 142 143 144 149 152 158 159 164 170 171 172 173 176 177 179 181 185
32 124 125 126 128 129 131 133 134 139 141 144 145 146 147 150 154 155 156 157 159 160 166 167 168 170 172 173 177 178 182 185 186
32 124 128 134 135 138 139 140 145 148 150 152 155 157 159 161 162 163 164 166 167 168 169 172 173 174 176 177 178 180 183 185 186
44 124 125 126 129 130 134 135 136 137 138 139 140 141 142 144 145 146 147 148 150 151 152 154 155 156 157 158 160 161 162 163 164 165 166 167 169 172 174 178 180 181 183 184 186
43 124 125 126 127 128 130 133 134 135 136 137 140 141 142 143 145 146 147 148 149 150 151 153 154 155 157 158 159 162 164 165 166 167 171 174 176 177 178 180 181 182 185 186
41 124 125 126 130 131 132 133 136 139 140 141 142 143 144 147 151 152 153 154 155 158 159 160 161 163 164 166 167 169 170 172 174 175 177 178 179 180 182 184 185 186
30 127 128 129 131 133 134 136 139 140 141 142 143 144 145 148 152 153 156 162 165 166 167 168 171 172 175 178 179 182 186
21 124 127 129 132 133 134 135 145 152 153 156 157 159 160 162 165 168 177 179 182 185
24 131 137 139 140 142 143 144 146 148 152 153 155 156 157 159 160 161 164 166 176 177 179 180 184
38 124 126 128 129 130 132 133 134 135 136 141 142 143 144 146 149 153 155 156 157 161 163 164 165 166 167 168 169 171 173 176 178 179 180 181 182 183 185
20 126 129 131 136 137 138 144 145 150 154 156 157 158 163 165 167 175 179 181 183
27 126 127 130 131 132 133 137 138 139 144 146 152 155 156 157 158 160 161 162 163 167 170 173 176 178 179 182
34 124 127 131 132 133 137 138 140 141 142 143 144 145 147 150 153 154 159 161 162 164 165 167 168 170 171 173 174 175 176 182 184 185 186
32 124 125 126 127 128 131 133 139 140 141 142 143 144 145 147 148 149 155 156 157 158 161 163 166 167 169 170 173 180 181 183 185
19 125 127 130 131 133 134 141 143 145 146 158 165 169 173 174 175 179 182 184
29 125 126 127 128 134 135 136 137 138 139 141 142 146 150 157 158 161 165 167 168 169 170 171 172 175 176 180 182 186
31 125 126 129 131 132 136 137 139 140 142 145 147 148 149 150 152 154 157 158 159 163 164 165 171 174 176 178 180 181 182 184
28 126 129 131 132 134 140 143 144 147 148 150 151 154 155 156 163 164 168 170 172 173 177 179 180 183 184 185 186
34 124 125 126 127 129 130 132 133 135 137 139 140 143 146 148 149 150 152 155 157 159 161 162 163 165 168 169 170 176 178 180 183 185 186
29 124 125 126 127 128 136 140 141 143 146 148 149 150 154 155 157 158 161 164 166 168 171 172 174 176 177 178 181 182
26 126 127 129 131 134 140 143 145 147 148 149 150 156 158 164 165 167 168 169 172 175 176 178 181 182 185
39 125 126 127 128 129 130 131 132 133 134 135 136 137 138 139 140 142 144 146 147 148 153 155 160 161 163 164 165 168 169 170 172 178 179 180 181 182 183 184
34 126 127 128 129 130 133 136 137 138 140 141 142 144 145 148 151 153 154 155 161 163 166 167 169 170 171 175 176 177 180 181 182 183 186
38 124 128 129 130 131 133 136 137 138 140 141 143 145 146 148 150 152 153 155 157 159 162 165 166 168 169 170 171 172 173 174 175 177 178 183 184 185 186
40 127 128 130 133 137 138 140 141 142 143 144 145 146 148 152 154 155 157 158 159 162 166 167 168 169 170 171 172 174 175 176 177 178 179 180 181 182 184 185 186
19 127 128 129 133 134 139 144 146 150 159 161 162 167 170 175 176 183 185 186
24 126 129 132 133 134 139 140 141 142 145 157 160 161 166 171 172 173 176 179 180 181 184 185 186
29 128 130 131 132 133 136 137 140 141 143 145 147 148 152 153 156 163 165 166 171 173 174 175 176 177 178 183 184 185
24 130 131 136 137 139 140 141 143 151 152 153 158 159 164 165 166 167 171 173 174 178 179 180 182
34 125 128 129 130 131 133 142 145 149 150 151 154 155 156 157 158 160 161 162 163 164 165 166 168 170 171 175 177 178 179 180 181 182 186
31 125 127 133 134 135 140 141 142 145 148 150 151 153 154 155 157 159 161 165 166 167 169 170 171 172 173 175 179 180 181 183
29 125 128 129 130 132 135 136 137 138 142 143 148 150 151 152 153 154 155 161 162 165 167 170 171 176 178 179 183 186
29 124 130 131 132 133 136 139 140 143 149 152 153 156 158 166 167 168 170 172 175 176 178 180 181 182 183 184 185 186
43 124 126 129 130 133 134 136 139 140 141 142 143 144 145 146 147 149 150 151 152 153 154 157 158 159 160 161 162 165 166 167 168 169 171 174 175 178 179 180 181 183 184 185
37 125 126 129 130 132 134 137 138 139 141 143 144 146 147 148 149 150 151 153 155 157 158 159 163 167 168 169 171 172 174 176 177 178 179 181 183 186
40 124 125 126 128 129 131 132 133 137 138 139 141 142 143 144 145 150 151 152 155 156 157 158 159 162 163 166 167 169 171 174 175 176 179 180 182 183 184 185 186
33 124 127 128 133 134 136 137 141 142 144 146 147 148 150 151 152 153 154 156 161 162 164 165 167 168 169 173 174 175 179 180 183 186
34 127 129 130 132 134 136 138 139 141 144 149 151 152 154 155 156 158 159 163 164 165 166 167 168 169 170 171 172 173 174 179 181 184 186
36 125 126 131 134 135 136 139 140 141 144 145 146 147 148 150 151 153 158 159 160 161 165 167 168 169 170 174 175 176 178 180 181 182 183 184 186
41 124 125 126 128 130 131 132 136 138 140 141 142 143 144 145 146 147 148 149 150 152 153 154 156 158 160 161 162 164 166 167 171 172 173 177 178 179 181 182 185 186
42 125 127 128 129 131 133 134 135 136 137 138 139 140 141 143 144 145 147 149 150 151 152 153 154 156 157 159 160 164 165 166 168 170 173 174 176 179 181 182 183 184 185
22 124 126 135 136 137 138 140 143 146 148 155 157 165 166 167 176 177 179 180 181 183 185
32 125 126 128 129 131 133 135 138 139 142 144 145 152 155 158 161 162 163 164 165 167 170 171 173 175 176 177 178 179 180 181 185
37 125 127 128 131 133 134 135 137 138 139 140 142 145 147 148 149 153 154 155 156 157 158 159 163 164 165 167 169 171 173 175 176 178 179 180 181 186
37 124 125 126 128 132 134 135 138 139 140 141 142 143 146 148 151 152 153 155 156 157 159 160 162 164 165 166 169 171 172 175 177 179 180 183 185 186
23 125 132 136 137 138 140 142 144 147 150 152 156 157 158 160 161 162 167 168 173 176 178 185
33 124 128 129 130 132 134 135 137 139 140 142 146 147 148 149 150 155 156 158 160 161 162 163 165 166 167 170 175 177 181 182 185 186
41 124 125 126 129 131 132 133 135 136 137 139 140 145 146 149 150 151 152 153 156 157 158 161 163 164 165 166 167 168 169 170 172 175 177 178 180 181 182 184 185 186
33 124 126 127 129 131 133 136 137 139 141 142 144 145 150 152 153 154 156 157 161 163 165 166 167 168 169 171 172 174 175 176 179 184
22 124 125 126 127 132 135 136 139 145 153 155 156 158 161 163 164 165 166 174 179 184 185
25 126 127 128 131 132 136 137 140 146 147 149 152 155 157 158 160 166 168 169 170 174 175 176 177 180
33 124 125 127 128 129 130 132 133 136 139 141 142 143 144 146 147 149 152 154 155 159 160 162 164 168 170 171 173 174 176 177 180 181
32 124 125 126 128 134 135 136 138 142 143 144 145 148 149 152 153 154 159 162 165 166 167 168 171 173 175 176 177 178 180 183 185
35 124 127 128 130 131 132 134 135 136 138 141 142 143 145 147 148 149 150 152 158 159 160 162 165 167 168 169 173 175 176 177 180 181 183 185
39 125 126 127 128 129 130 131 132 133 134 135 136 138 140 143 145 146 147 148 150 151 152 153 155 159 163 164 165 169 170 172 174 176 178 179 180 182 184 185
19 124 126 131 133 136 137 139 140 141 142 151 158 160 164 176 179 182 183 185
40 124 125 128 129 130 131 133 136 139 142 143 145 146 149 152 154 155 156 158 159 160 161 163 165 166 167 168 169 170 171 172 173 174 177 179 181 182 183 184 186
28 125 127 128 131 133 138 139 141 143 144 150 152 153 157 158 162 166 167 170 171 172 173 174 175 176 181 182 183
33 124 125 126 128 129 130 131 132 133 138 139 142 143 149 151 154 157 159 160 161 164 165 166 169 173 174 176 177 178 179 180 183 184
23 126 134 135 137 140 141 142 145 146 152 154 155 156 160 166 167 168 172 173 176 178 179 181
35 124 128 129 130 131 133 134 135 137 138 139 141 142 144 146 149 155 158 159 161 162 164 166 167 168 170 172 175 176 178 179 180 181 182 183
20 125 127 130 133 137 138 140 144 146 147 151 156 158 167 168 175 176 180 181 185
32 124 125 127 128 129 133 137 138 141 142 143 146 149 150 151 152 154 155 158 159 162 163 165 166 167 171 176 179 181 184 185 186
31 126 128 129 131 133 134 139 140 141 145 147 148 149 153 155 157 159 161 166 169 170 171 172 173 174 175 176 182 184 185 186
28 129 130 141 142 144 145 146 151 152 153 154 155 158 161 162 163 164 167 169 170 171 173 176 178 179 183 184 186
27 124 125 129 132 133 134 136 137 138 143 146 147 148 149 150 155 160 161 162 170 171 172 173 175 177 180 183
27 124 126 127 128 129 133 136 137 139 140 142 143 145 148 149 150 154 156 170 172 173 174 175 179 180 182 184
43 124 125 126 127 128 129 131 132 133 134 137 138 139 140 142 144 147 148 149 150 152 155 156 157 158 159 161 164 165 166 167 168 170 171 174 176 177 178 179 180 184 185 186
36 127 128 129 135 136 137 138 139 140 141 144 145 149 150 153 155 156 158 159 162 163 164 165 167 168 169 173 174 175 178 179 180 181 182 184 186
23 124 126 128 130 132 134 135 136 138 142 145 146 147 151 154 155 161 163 164 167 170 177 178
23 124 134 142 145 149 150 151 154 155 157 158 165 166 167 168 169 178 180 181 182 183 184 186
20 127 128 136 137 139 140 141 143 144 146 151 154 158 160 162 167 169 182 183 185
38 124 125 126 129 130 132 133 134 136 139 141 142 144 145 146 147 149 151 152 154 155 156 159 160 163 164 165 167 168 169 172 176 177 178 180 181 183 186
36 126 127 130 131 132 134 135 136 139 141 143 144 145 147 148 149 151 154 157 158 159 161 162 163 164 166 167 169 170 171 172 173 176 177 179 180
40 125 127 128 129 131 133 134 135 136 137 139 141 142 143 145 146 147 149 150 151 153 154 156 157 159 160 161 165 168 169 171 174 175 177 179 180 181 183 184 186
22 124 127 132 137 138 139 143 146 147 148 149 150 154 158 161 165 168 169 170 177 179 182
20 126 128 129 130 133 137 141 144 145 148 149 150 157 160 162 163 168 176 181 184
30 124 125 133 134 136 137 139 142 143 144 146 147 148 151 152 160 161 162 164 166 168 169 170 174 175 176 177 180 181 184
33 126 128 130 131 132 137 138 140 141 142 145 146 148 150 151 153 154 155 156 157 158 161 162 167 168 169 170 171 175 176 180 184 186
19 126 130 134 136 138 141 142 147 148 150 154 156 164 168 172 174 178 180 182
42 124 125 127 128 132 133 134 135 136 137 139 140 141 142 143 145 147 149 150 152 154 156 157 158 159 160 161 162 164 165 166 167 168 170 173 175 177 179 181 182 183 185
43 124 125 126 127 129 130 131 132 133 135 137 139 142 145 146 147 148 151 152 153 154 156 157 158 159 160 161 162 164 165 166 167 168 169 170 172 173 175 176 178 181 182 183
20 129 130 131 135 138 139 142 144 146 148 151 152 156 160 161 162 171 175 177 182
42 126 128 129 132 134 135 136 137 138 139 140 142 143 144 145 146 148 149 150 151 152 153 155 157 158 159 164 166 167 168 169 171 172 173 174 175 176 177 178 182 185 186
37 124 125 126 128 130 131 132 133 134 135 143 144 147 151 152 153 154 155 156 157 158 159 160 162 165 166 167 168 170 172 174 176 182 183 184 185 186
18 128 130 131 132 135 137 138 139 140 143 149 156 158 164 170 173 184 185
38 126 127 128 129 130 132 136 137 138 139 140 141 142 144 146 147 151 152 153 154 155 159 162 163 165 168 169 170 171 173 174 177 180 181 182 183 185 186
23 127 128 133 135 136 138 144 145 146 154 155 158 159 162 163 165 168 169 171 175 181 184 186
39 124 126 127 128 130 131 133 134 136 138 140 141 142 143 144 145 146 147 148 151 152 153 155 156 159 162 163 164 165 167 168 170 173 174 180 181 182 183 185
40 125 126 128 130 132 133 134 135 136 137 138 140 141 142 144 146 147 149 150 151 156 159 160 162 164 165 168 170 171 172 173 174 175 177 178 179 180 182 183 186
37 126 127 129 131 136 137 138 139 140 142 143 146 147 148 150 151 153 155 156 157 159 160 162 163 166 167 172 174 175 178 179 180 181 182 183 184 186
21 127 129 130 132 134 137 138 144 147 150 153 154 160 162 166 168 170 171 177 181 186
39 124 125 126 127 128 130 131 137 139 142 143 146 147 148 149 150 151 152 154 155 157 159 161 162 163 164 165 166 168 169 170 171 173 176 178 179 180 185 186
41 124 125 126 127 129 130 131 132 135 136 139 140 141 142 144 146 148 149 151 152 153 155 156 157 159 160 161 162 163 164 166 167 168 169 170 171 172 177 182 184 185
36 128 130 131 134 136 138 140 141 142 143 144 146 147 148 149 150 153 154 155 156 158 160 162 163 164 165 166 167 169 170 172 175 179 182 185 186
