180 1247
44 1 2 3 4 5 6 7 8 9 10 11 12 13 14 15 16 17 18 19 20 21 22 23 24 25 26 27 28 29 30 31 32 33 34 35 36 37 38 39 40 41 42 43 44
34 1 2 3 5 6 7 9 10 11 12 13 14 15 16 17 20 21 22 23 24 25 26 28 29 30 31 33 35 36 38 39 40 42 44
21 1 3 5 6 8 15 17 18 20 21 24 25 26 28 30 33 37 38 39 41 43
17 1 10 13 14 15 17 18 20 23 24 30 35 38 39 40 43 44
21 2 3 4 7 8 9 10 14 18 21 22 24 26 30 31 32 36 37 39 40 41
34 1 2 5 6 7 8 10 11 12 13 14 15 16 17 18 19 20 21 22 23 25 28 29 31 32 33 35 37 38 39 40 42 43 44
35 2 3 4 6 8 9 10 11 12 13 14 16 17 18 19 20 23 24 25 26 27 28 30 31 32 33 34 36 37 38 39 40 41 42 44
16 1 2 3 4 8 11 12 19 20 22 24 28 30 32 39 40
27 2 3 5 7 8 11 12 13 14 15 17 18 19 20 22 24 25 26 29 30 34 35 36 38 39 42 43
24 1 4 5 6 7 8 12 14 18 21 23 24 26 30 31 33 34 35 36 37 38 39 41 42
27 1 2 5 6 7 8 9 11 12 13 14 16 17 18 19 20 21 22 24 27 28 29 30 33 35 37 44
16 2 6 15 16 18 25 27 28 31 33 34 39 40 42 43 44
26 4 5 7 9 11 13 15 16 17 18 20 22 23 24 25 27 28 29 30 31 34 36 38 39 41 43
32 1 3 4 5 6 8 9 10 11 14 15 16 17 18 19 20 23 24 26 29 31 32 35 36 37 38 39 40 41 42 43 44
29 1 2 3 4 5 6 7 10 13 15 16 18 19 20 22 23 25 26 27 28 29 30 32 34 36 38 40 42 43
34 2 3 4 5 6 7 8 10 12 14 15 16 17 18 19 21 22 23 24 25 27 28 29 30 31 32 34 35 36 37 40 41 43 44
18 3 5 10 11 12 13 19 20 21 22 27 29 30 31 37 39 42 44
25 2 3 4 5 6 8 9 10 13 14 15 17 21 22 24 27 28 29 31 33 35 37 38 39 40
16 5 6 11 13 17 18 19 24 26 27 34 35 36 41 42 44
20 4 5 8 9 10 11 13 14 16 18 21 22 28 29 31 34 37 38 39 44
21 1 2 3 4 6 7 11 13 16 21 26 32 33 35 37 38 39 40 42 43 44
18 3 4 6 9 10 13 18 20 22 23 25 26 28 31 32 33 39 44
20 2 6 8 11 13 15 16 19 20 22 23 29 31 32 34 35 37 38 40 42
27 1 2 3 5 6 8 10 11 13 14 15 17 20 21 24 25 26 28 29 30 31 32 33 35 36 39 41
19 1 2 3 8 11 12 13 18 22 23 24 26 33 34 35 36 39 40 42
21 4 6 12 15 16 17 22 23 25 26 27 31 33 35 37 39 40 41 42 43 44
33 1 2 4 5 6 8 9 10 11 13 14 15 16 18 19 20 21 23 25 27 28 31 32 33 34 35 36 37 39 40 41 42 43
16 3 6 7 11 18 26 28 30 31 33 34 35 36 40 43 44
15 1 4 6 7 9 11 12 23 25 27 30 31 32 37 40
28 1 2 4 7 10 11 13 15 16 17 18 19 20 21 22 26 27 29 30 31 34 36 37 39 40 41 42 43
14 2 9 11 12 13 14 19 21 24 27 31 34 37 43
18 1 4 7 9 11 16 18 20 24 25 26 27 30 34 35 36 38 41
26 3 6 7 8 9 13 14 18 21 23 24 26 27 28 29 30 31 33 34 35 37 38 41 42 43 44
35 1 2 5 6 9 10 11 12 13 14 15 16 18 19 20 21 22 23 24 25 26 27 28 29 31 32 34 35 36 37 38 39 41 43 44
25 1 2 3 4 5 7 11 12 13 14 17 18 20 21 26 29 30 31 32 36 37 39 40 41 44
21 1 3 5 6 8 9 10 12 13 18 19 23 27 29 30 33 34 35 40 41 44
35 1 3 5 6 7 8 10 11 13 14 15 16 17 18 19 20 21 22 23 25 27 28 29 30 31 32 33 35 36 38 39 40 42 43 44
32 3 4 6 7 8 10 11 12 14 17 18 19 20 21 22 24 26 27 28 29 30 31 32 33 34 35 36 37 39 41 42 43
26 1 4 5 6 7 8 14 16 18 19 21 22 23 24 25 26 27 28 29 30 34 35 39 42 43 44
21 1 3 6 9 12 13 17 19 20 21 23 26 27 28 32 34 37 39 40 42 43
14 2 6 7 10 18 22 24 26 28 29 34 37 38 43
31 1 2 5 6 7 8 9 11 12 13 14 15 16 17 20 21 22 23 24 25 30 31 33 34 35 36 37 38 39 40 43
13 1 2 8 11 16 18 20 22 23 26 29 38 39
26 3 4 8 9 11 12 13 15 19 20 21 22 23 24 25 26 30 31 32 33 37 38 40 42 43 44
29 2 3 6 7 9 10 11 12 15 16 17 19 21 22 23 26 28 29 30 31 32 33 34 37 38 39 40 43 44
19 2 5 6 10 11 19 20 21 22 23 27 30 31 34 36 37 39 42 43
34 1 2 3 4 5 6 7 8 9 12 13 15 16 18 22 23 24 25 26 27 29 30 31 32 33 35 36 38 39 40 41 42 43 44
24 1 4 5 6 7 8 9 10 12 14 15 17 18 19 20 21 26 30 32 34 38 39 41 42
34 1 2 3 4 5 6 7 8 9 10 11 13 14 17 18 19 20 21 22 24 25 26 27 28 30 31 33 34 35 36 37 39 42 44
34 1 2 3 4 6 7 8 10 11 12 13 14 16 17 18 20 21 22 24 25 26 27 29 30 31 32 33 35 37 39 40 41 43 44
34 2 3 4 5 6 7 8 10 11 13 14 16 17 18 19 20 21 22 24 25 26 27 30 31 32 33 34 35 37 38 39 40 41 42
25 1 2 3 4 7 11 13 14 16 18 19 23 24 25 28 30 31 32 33 36 37 39 40 41 42
32 2 4 5 6 8 12 13 15 17 18 19 20 21 22 23 24 25 26 27 29 30 31 32 33 34 35 37 38 39 40 42 43
33 2 5 6 7 8 10 11 12 13 14 16 17 18 19 20 22 23 25 26 27 28 29 30 31 32 34 35 37 38 39 40 41 44
21 1 3 6 8 13 14 15 17 21 23 27 28 29 32 35 36 38 40 42 43 44
17 1 2 5 6 10 13 15 17 20 21 23 25 27 29 33 34 35
21 2 3 7 9 10 11 12 14 17 20 25 26 27 28 31 32 39 41 42 43 44
21 1 2 3 6 7 8 10 11 12 14 18 26 27 31 32 35 36 37 38 40 41
25 1 2 3 5 6 7 8 11 13 14 16 19 20 21 22 23 24 26 28 32 33 35 36 37 41
32 1 2 3 4 8 9 10 11 12 13 14 17 19 20 21 22 23 24 25 27 28 29 35 36 37 38 39 40 41 42 43 44
21 1 2 4 5 8 14 15 16 17 19 22 23 24 25 27 28 35 37 39 42 44
28 1 2 4 5 8 9 12 14 15 17 18 20 22 25 26 27 29 30 32 33 35 37 38 39 41 42 43 44
32 2 4 5 6 7 8 9 10 12 15 16 18 19 20 21 24 25 26 27 28 30 31 32 33 34 36 37 38 40 42 43 44
18 3 4 5 9 10 12 13 16 17 18 20 21 30 32 34 35 36 38
30 1 2 6 7 8 9 11 12 13 15 16 17 18 19 20 21 23 25 26 27 28 33 34 35 36 38 39 40 41 43
13 1 8 10 12 15 20 27 31 36 37 40 43 44
34 1 2 3 4 6 7 8 9 10 13 14 16 17 18 19 21 22 23 24 25 26 27 29 30 31 32 34 35 39 40 41 42 43 44
20 4 7 8 9 12 13 17 19 21 22 24 28 33 34 36 37 38 42 43 44
28 1 5 6 7 8 9 10 11 13 14 15 16 18 19 20 21 24 26 27 28 29 30 32 33 34 40 42 43
32 1 3 6 8 9 10 11 12 13 14 15 16 19 21 22 23 24 25 29 30 31 33 34 35 36 38 39 40 41 42 43 44
14 7 8 9 12 14 15 18 20 23 26 28 33 37 40
34 1 2 3 4 5 6 8 9 10 11 12 13 14 15 17 19 21 22 23 25 26 27 28 29 30 31 32 33 35 39 41 42 43 44
29 1 2 3 4 6 8 10 12 13 15 16 17 18 20 21 22 23 27 29 30 32 33 36 37 39 40 41 42 43
33 2 3 4 5 6 7 8 12 13 14 15 16 18 19 20 21 22 23 25 27 28 29 31 32 33 35 36 38 39 40 41 43 44
33 1 2 3 4 5 6 7 8 11 14 15 17 18 19 21 22 24 25 26 27 30 31 33 34 35 36 38 39 40 41 42 43 44
25 1 2 3 4 5 6 7 9 10 11 14 15 16 21 24 25 26 30 31 32 34 37 39 41 44
37 45 46 47 48 49 50 51 52 53 54 55 56 57 58 59 60 61 62 63 64 65 66 67 68 69 70 71 72 73 74 75 76 77 78 79 80 81
13 47 51 56 60 61 62 63 67 68 71 73 74 75
12 45 48 52 53 58 62 69 75 78 79 80 81
21 46 48 52 58 60 61 62 63 64 65 66 67 68 69 71 72 73 74 76 78 80
26 45 46 47 49 50 52 53 54 55 56 58 59 61 62 63 65 66 68 69 70 72 76 77 78 79 81
12 46 54 55 56 57 58 63 64 70 71 77 81
20 46 47 49 50 52 53 54 58 64 65 67 69 71 72 74 75 77 78 79 81
26 45 46 47 48 51 55 56 57 58 59 61 62 63 65 66 67 68 69 71 75 76 77 78 79 80 81
16 47 51 52 54 55 56 57 58 59 61 64 67 69 70 78 80
17 47 48 52 53 54 55 57 61 62 68 70 72 73 74 75 76 81
23 46 48 51 55 56 57 58 59 61 62 63 66 68 69 72 73 74 75 77 78 79 80 81
16 46 51 54 56 57 59 61 63 64 65 68 69 70 78 79 80
11 49 52 57 60 61 62 64 65 69 74 80
14 45 47 49 54 57 58 60 64 68 72 73 75 80 81
29 46 47 49 50 51 52 53 54 56 58 59 60 61 62 63 64 66 67 68 70 71 72 73 74 75 78 79 80 81
21 46 47 48 49 50 53 58 59 60 61 63 65 66 68 70 71 74 75 78 79 81
29 48 49 50 51 52 53 54 55 56 57 58 59 60 61 62 63 65 66 69 70 72 73 74 75 76 77 79 80 81
14 45 47 53 54 58 59 60 65 66 67 73 74 75 78
17 47 51 53 54 55 58 62 63 64 66 68 71 74 76 77 79 81
13 45 46 51 56 59 60 61 64 70 72 74 77 80
18 45 49 50 51 53 56 59 60 65 66 68 72 73 74 77 78 80 81
24 46 47 48 50 52 54 56 58 59 60 61 62 63 64 68 69 71 72 74 75 76 77 79 80
19 45 46 48 52 54 56 58 59 60 63 64 65 67 68 74 75 77 78 81
26 46 48 49 50 51 53 54 55 56 58 60 61 62 63 65 67 68 69 70 71 74 75 76 79 80 81
27 46 47 48 50 51 52 53 55 56 58 59 60 61 62 64 65 66 67 68 69 72 73 74 77 78 79 81
22 46 47 48 50 53 54 55 56 57 58 59 62 67 68 69 70 72 74 76 78 79 81
19 48 53 54 56 57 58 60 61 63 64 65 66 68 75 76 77 79 80 81
18 47 48 49 54 56 57 60 63 65 66 67 68 73 75 76 79 80 81
24 45 46 47 48 50 51 54 57 58 61 62 63 64 66 67 68 69 71 72 75 76 78 79 81
19 45 46 47 49 52 53 54 55 56 59 65 67 71 75 76 77 78 79 81
28 45 46 48 49 50 52 53 56 58 59 60 61 62 63 64 65 66 67 68 70 71 72 73 75 78 79 80 81
16 45 46 49 52 53 56 61 65 70 73 74 76 77 78 79 81
14 45 48 50 51 52 56 57 61 62 72 73 75 79 80
19 46 48 49 50 51 52 53 55 58 59 60 64 65 66 67 68 70 71 74
24 45 46 47 48 49 50 52 54 59 61 63 65 66 68 69 70 72 75 76 77 78 79 80 81
15 46 50 52 55 56 59 61 65 66 67 68 70 75 76 80
18 47 48 49 50 54 56 58 60 63 64 66 67 68 71 74 76 77 80
18 47 50 52 54 55 56 57 60 62 63 65 66 67 71 72 75 77 79
13 45 48 49 51 60 65 66 67 68 73 77 78 81
24 45 46 49 51 52 54 56 57 58 59 61 63 64 65 70 71 72 73 74 76 77 78 79 81
27 45 46 47 48 49 50 52 53 54 55 56 57 60 62 63 64 66 67 68 71 74 76 77 78 79 80 81
22 45 46 47 49 51 52 53 55 58 59 60 62 63 64 68 71 72 73 76 77 79 80
11 46 49 58 60 67 68 70 71 73 76 81
20 45 47 49 50 54 55 56 57 58 60 62 63 65 66 68 69 74 75 76 78
25 48 50 51 52 53 55 56 58 59 61 62 63 64 65 66 68 69 70 71 72 73 75 77 79 81
13 46 49 50 51 56 58 59 61 63 70 73 77 79
6 86 88 102 106 108 111
10 84 92 93 98 99 103 104 105 109 110
7 82 86 87 91 93 99 102
9 84 88 95 96 97 106 107 108 111
4 85 102 108 110
10 86 89 91 95 97 99 103 105 107 111
12 84 87 90 92 94 95 98 100 102 103 105 106
2 88 93
12 83 87 89 90 95 97 98 99 101 102 105 106
6 86 88 96 97 98 108
8 93 94 96 99 100 101 103 105
9 82 85 90 91 93 94 98 103 110
13 86 91 93 94 95 98 101 103 105 106 108 109 110
12 82 83 85 86 88 90 91 95 96 100 106 111
11 83 90 99 101 103 104 105 107 108 109 111
5 82 88 90 105 106
15 83 84 87 88 90 91 94 96 97 98 99 104 107 108 110
19 84 86 87 89 91 92 93 95 96 97 100 101 102 104 107 108 109 110 111
5 85 89 90 93 110
7 88 92 93 94 101 104 109
9 82 92 97 99 100 101 105 106 109
3 99 108 111
9 82 87 92 93 95 100 101 109 110
5 82 87 88 96 102
11 82 83 88 90 91 95 97 102 104 107 108
4 84 86 110 111
11 82 85 86 88 89 93 95 97 100 102 110
10 82 83 84 85 95 100 104 107 108 111
10 86 87 89 90 94 100 101 103 104 109
6 83 97 98 101 102 110
10 82 83 84 89 92 97 100 104 106 109
12 83 86 87 89 92 99 100 101 102 104 105 109
11 82 86 87 88 89 93 99 103 104 109 111
6 83 85 94 98 99 103
5 84 89 90 91 110
10 89 91 92 96 98 99 100 102 104 107
8 93 94 96 101 103 104 105 109
7 85 87 89 92 98 106 109
9 85 92 96 97 98 100 101 103 105
11 85 86 88 90 94 98 99 102 105 108 111
15 85 88 90 91 93 94 95 97 98 99 102 103 106 108 111
9 83 84 92 96 97 100 103 109 110
8 82 86 87 88 92 100 106 111
9 87 91 93 95 96 101 103 107 110
10 82 83 87 93 94 95 99 104 107 109
11 82 85 87 90 92 93 95 99 104 109 110
11 82 84 85 86 88 93 95 97 103 110 111
7 89 94 95 101 104 105 107
18 82 83 85 86 88 89 91 93 96 97 99 101 104 107 108 109 110 111
16 82 84 85 86 91 92 94 96 100 103 104 107 108 109 110 111
3 88 90 100
12 82 83 84 91 93 95 96 97 102 106 108 110
15 82 85 86 89 92 93 95 100 101 102 103 105 106 109 111
5 88 92 98 99 107
13 82 85 88 92 96 97 102 104 107 108 109 110 111
5 83 94 100 102 105
9 86 87 88 89 93 94 96 97 109
9 83 95 97 98 101 103 105 106 109
3 85 105 111
7 90 98 99 101 105 106 110
8 84 89 91 101 103 106 107 111
17 83 84 86 87 89 90 91 93 94 95 98 99 100 101 103 105 106
7 85 88 90 98 106 108 111
4 91 92 102 103
8 83 84 88 89 91 98 102 104
15 82 83 84 86 87 89 92 96 100 101 104 105 107 109 110
10 85 86 90 94 96 97 103 105 106 107
14 83 84 85 89 90 91 95 97 98 99 102 107 108 110
5 85 91 96 100 106
6 89 90 93 99 107 111
8 83 84 87 91 94 95 103 107
8 84 90 92 94 95 105 107 108
14 82 83 84 85 87 89 92 96 97 99 102 104 107 111
9 83 87 90 94 101 105 106 108 109
19 82 83 86 87 88 89 91 94 98 99 100 101 102 104 105 107 108 109 110
8 87 89 94 97 101 102 107 108
9 82 83 84 87 90 96 98 100 106
8 84 87 91 92 94 96 98 106
10 84 85 86 91 92 94 100 104 108 110
8 86 88 96 98 102 104 108 111
11 84 85 90 92 93 95 96 97 103 106 111
5 84 88 95 96 107
6 83 84 87 91 94 103
10 85 88 89 96 97 99 107 108 109 111
3 98 101 110
5 84 87 91 94 103
9 83 84 86 87 90 91 94 98 106
6 93 101 103 104 105 109
4 83 88 89 98
4 97 98 101 110
3 94 101 107
4 90 98 101 105
6 84 92 95 96 97 103
4 95 101 104 107
13 85 88 90 93 94 95 97 99 102 103 106 108 111
4 88 96 98 111
6 83 85 100 107 108 111
8 82 88 89 93 99 103 104 109
3 94 100 102
8 82 85 92 96 102 104 107 108
3 83 100 102
8 85 90 94 96 103 105 106 107
6 84 85 100 104 107 111
7 84 88 96 97 106 108 111
14 82 83 85 86 88 89 91 93 97 101 104 109 110 111
2 90 105
8 84 85 87 89 97 99 102 111
6 84 89 92 97 104 106
4 98 99 105 110
10 83 85 86 88 90 91 95 100 106 111
6 88 96 102 104 108 111
6 84 89 91 103 106 111
11 83 84 87 90 91 94 96 98 99 107 110
6 82 90 97 102 104 108
4 93 94 96 101
4 83 90 98 106
4 85 90 91 103
5 86 90 94 105 107
4 86 88 98 108
4 89 97 101 102
11 83 84 86 89 90 93 94 99 100 101 103
2 99 108
3 86 88 96
4 97 98 102 110
4 90 93 107 111
4 86 102 106 108
1 85
4 84 92 96 106
5 84 91 94 95 107
6 84 87 91 92 96 98
4 99 101 105 110
3 85 108 110
8 85 94 96 97 103 105 106 107
6 83 90 99 104 105 111
10 82 85 88 90 91 95 96 100 106 111
3 89 90 93
4 84 91 103 111
3 89 90 93
9 83 88 90 91 95 97 102 104 107
6 85 86 90 94 103 107
7 91 95 101 103 105 106 108
7 85 90 91 93 98 103 110
4 88 92 100 111
6 85 93 95 97 103 110
2 89 110
5 83 85 94 98 99
2 108 111
5 88 93 94 101 109
3 96 100 106
5 90 93 99 107 111
7 85 86 90 94 105 106 107
8 85 88 90 94 99 102 105 108
6 93 94 96 103 105 109
5 86 98 102 104 108
6 89 92 96 99 100 104
8 82 84 86 88 93 97 110 111
2 84 111
6 82 88 90 91 104 107
10 82 85 89 92 95 101 102 103 105 109
5 82 83 84 104 111
4 99 101 105 110
5 85 86 88 93 97
6 83 84 90 96 100 106
4 82 87 96 102
7 91 92 96 98 99 102 107
7 82 88 92 96 97 110 111
8 84 88 95 96 106 107 108 111
4 89 97 102 108
5 82 97 100 105 106
5 84 86 91 94 104
2 102 108
6 82 85 86 88 95 100
7 83 90 94 101 105 106 109
3 102 108 110
9 86 91 95 98 103 105 106 108 110
5 82 87 91 99 102
10 83 87 89 90 98 99 101 102 105 106
3 99 105 106
4 88 92 94 109
3 94 95 104
2 92 103
11 84 86 92 94 96 100 103 107 109 110 111
15 86 87 89 91 92 93 96 97 100 101 102 104 107 109 110
6 82 88 90 91 97 102
9 82 83 85 89 91 96 107 108 110
6 86 89 99 103 104 111
3 85 108 111
6 92 94 95 105 107 108
4 86 88 106 111
5 87 91 96 98 106
6 99 100 101 105 106 109
7 87 91 93 95 96 107 110
5 87 95 100 109 110
6 82 85 87 90 99 104
6 83 89 97 100 104 106
6 89 90 94 100 104 109
8 82 85 86 90 95 96 100 111
6 86 87 92 102 105 109
6 84 90 95 105 107 108
6 93 96 99 100 101 103
13 82 84 85 86 92 94 96 103 104 107 108 109 110
7 82 86 88 89 103 104 109
3 83 98 99
7 82 91 95 96 97 102 110
8 86 91 93 98 101 106 108 109
6 83 84 89 98 102 104
8 82 84 87 89 92 96 97 107
3 102 108 110
5 83 98 101 105 106
4 83 94 100 102
2 82 102
11 82 83 84 85 92 96 97 99 104 107 111
13 85 88 90 91 93 94 95 97 98 99 102 103 106
5 83 84 87 95 103
6 92 98 103 104 105 110
9 82 86 92 93 95 100 105 106 109
8 89 91 92 96 99 100 102 107
3 84 110 111
4 88 102 108 111
6 84 89 103 106 107 111
5 85 89 92 98 109
5 84 91 96 98 106
6 83 93 94 99 107 109
5 82 85 94 103 110
1 100
8 82 83 84 87 90 98 100 106
7 84 85 90 93 95 96 103
4 99 100 101 105
7 84 88 94 97 98 99 108
9 83 85 90 91 95 102 107 108 110
9 83 86 89 99 101 102 104 105 109
6 88 98 99 105 108 111
13 85 86 88 89 91 93 97 99 104 108 109 110 111
6 84 87 92 98 100 102
4 91 101 103 110
9 84 90 92 93 95 96 97 106 111
6 92 93 97 103 106 111
6 83 84 88 89 91 102
3 85 102 110
6 89 91 96 98 99 104
12 82 83 86 88 89 91 93 96 97 107 110 111
6 82 88 90 97 102 107
7 85 88 90 91 95 106 111
8 82 83 87 93 94 95 99 104
7 83 95 97 98 105 106 109
7 93 94 96 99 100 103 105
3 92 98 99
4 88 102 108 111
3 85 89 93
11 85 90 91 93 94 95 98 102 103 106 108
1 85
3 85 108 110
2 99 111
12 82 85 89 92 93 95 100 102 103 106 109 111
6 82 84 88 93 95 97
2 88 90
8 82 84 85 95 100 107 108 111
4 85 91 100 106
5 83 84 92 100 103
5 87 91 94 98 106
10 84 85 86 91 92 94 96 100 103 107
6 93 94 101 104 105 109
6 83 84 87 94 95 107
5 87 93 101 107 110
6 90 104 105 107 108 109
8 83 99 101 103 105 108 109 111
1 108
2 88 100
3 90 99 107
5 85 98 106 108 111
5 86 91 95 97 103
11 82 86 89 92 96 100 101 105 107 109 110
10 83 87 89 95 97 98 101 102 105 106
9 83 86 87 89 92 100 101 102 109
9 82 85 92 96 100 104 107 109 111
6 87 89 97 98 99 101
8 82 83 93 94 95 99 104 107
13 82 85 86 88 93 96 101 104 107 108 109 110 111
5 97 98 101 102 110
6 93 94 96 99 103 105
13 84 86 87 89 90 91 93 95 100 101 103 105 106
7 86 87 89 90 101 103 104
6 87 91 96 101 103 110
10 83 84 86 87 91 93 94 98 101 103
5 93 99 100 101 103
4 82 86 99 102
12 83 86 87 89 90 94 95 99 100 103 105 106
8 84 85 90 93 96 97 103 111
7 95 98 101 103 105 106 109
6 84 90 92 94 95 107
2 108 111
6 83 84 87 94 95 103
10 82 83 85 86 88 90 91 96 100 111
3 84 86 111
4 87 90 96 98
5 94 101 104 105 107
7 82 84 90 96 98 100 106
6 88 89 93 94 96 97
6 84 87 94 96 98 106
3 82 87 96
9 83 84 91 95 97 102 106 108 110
5 88 96 98 102 111
7 82 83 84 89 97 106 109
6 82 87 88 100 106 111
2 86 110
8 85 94 96 97 103 105 106 107
2 90 100
11 82 84 86 92 94 96 100 103 107 108 111
13 82 85 86 91 92 94 96 100 103 104 107 110 111
6 86 88 89 93 99 109
10 82 83 84 86 92 100 101 105 109 110
3 92 99 107
4 83 95 97 106
7 83 88 95 97 102 104 107
6 87 91 93 96 101 110
10 82 83 85 92 97 99 102 104 107 111
5 86 88 96 98 108
9 89 90 95 97 98 99 101 102 105
4 86 96 97 108
6 93 94 96 99 100 103
3 101 104 105
5 85 88 90 106 108
4 88 90 106 111
3 84 86 111
4 86 106 108 111
7 85 86 90 94 98 102 108
4 88 102 108 111
5 83 84 88 91 98
5 90 94 101 104 109
13 82 83 86 89 91 98 99 100 101 102 108 109 110
9 82 84 91 93 96 97 102 108 110
1 111
8 82 83 84 91 93 96 102 110
3 88 93 101
11 84 86 89 90 91 93 98 99 101 105 106
9 82 85 96 101 104 107 108 110 111
4 89 90 93 111
7 84 85 86 91 94 108 110
5 86 89 103 104 109
5 83 87 90 94 108
4 88 90 108 111
3 84 86 110
6 91 97 99 105 107 111
2 100 106
6 90 98 99 105 106 110
9 83 86 89 92 99 100 101 104 109
9 82 88 92 96 97 102 104 108 111
5 88 95 104 107 108
6 84 94 95 105 107 108
7 82 84 93 95 97 103 110
6 90 92 94 98 100 105
7 83 86 89 92 99 100 104
2 85 110
4 82 87 92 93
10 82 83 85 86 90 91 95 96 100 111
4 97 98 101 110
8 83 87 89 95 97 98 99 102
4 87 89 92 109
9 86 87 92 101 104 105 107 109 110
6 82 93 95 97 102 108
7 82 87 92 95 101 109 110
7 87 90 92 98 100 103 105
5 86 87 88 106 111
4 93 94 104 105
6 83 95 97 98 103 105
1 93
4 94 95 104 107
7 82 84 95 100 104 107 108
8 85 86 94 96 97 103 105 106
3 92 102 103
5 93 94 101 104 109
7 83 92 96 97 103 109 110
7 83 86 89 92 100 101 102
9 84 85 86 88 93 95 97 110 111
5 86 88 98 104 108
6 93 94 96 101 104 109
3 85 98 99
4 85 91 96 100
9 83 84 85 88 90 93 102 103 107
13 87 92 94 95 97 98 99 100 104 106 109 110 111
9 87 88 90 96 99 100 105 109 110
17 82 84 85 86 87 91 95 97 98 100 101 102 103 105 108 109 110
11 82 87 92 93 95 96 97 100 105 110 111
12 84 85 87 90 93 94 96 101 104 106 108 111
15 82 83 84 86 90 92 93 94 95 97 98 102 106 108 110
14 84 86 89 92 93 96 97 99 103 104 106 108 109 111
18 82 83 85 87 89 90 93 94 95 97 98 99 102 105 108 109 110 111
15 83 84 88 90 93 94 95 96 98 101 102 103 105 108 110
20 82 83 84 85 86 87 88 89 90 91 92 94 97 98 99 102 105 106 108 111
9 82 85 87 96 97 100 101 105 111
10 85 87 88 90 92 94 95 97 105 110
16 82 83 85 86 88 89 90 92 96 98 101 102 103 104 107 110
12 84 86 87 88 89 90 93 96 104 105 107 110
17 82 84 85 86 87 89 90 91 94 97 99 101 102 103 104 106 111
20 82 85 86 87 88 92 93 94 95 96 97 100 102 104 105 106 107 108 109 110
14 82 85 86 91 92 93 96 97 98 101 103 104 107 110
19 82 83 84 85 86 87 88 91 92 93 99 100 101 103 106 107 108 109 110
11 82 84 85 90 91 92 97 101 102 106 108
17 83 84 86 88 89 91 92 94 96 99 100 101 103 106 108 109 110
15 83 84 86 92 94 97 99 101 102 104 105 106 108 109 110
12 84 85 88 90 91 92 95 96 101 108 110 111
10 87 92 96 99 101 102 103 105 106 109
11 82 83 85 90 92 98 100 101 105 108 110
19 82 84 87 88 89 92 93 94 97 98 99 101 102 105 106 108 109 110 111
18 83 87 88 91 92 93 94 95 97 98 99 100 101 104 105 107 109 110
14 83 84 85 86 87 88 89 94 95 99 105 107 108 111
10 82 83 92 94 96 101 104 107 109 110
19 83 84 86 88 89 92 93 94 95 96 98 99 100 101 104 105 107 108 109
13 83 86 87 89 90 91 92 93 95 96 97 108 110
18 82 83 84 85 86 88 91 92 93 94 97 98 99 100 101 105 106 107
18 82 83 86 87 88 90 93 94 95 96 98 100 102 103 105 106 107 111
12 82 87 88 89 90 92 95 98 99 103 105 110
18 83 85 87 88 90 91 94 95 96 99 100 101 104 105 106 107 108 109
11 82 83 86 87 89 90 94 97 99 100 102
9 82 86 87 95 98 103 106 107 110
18 82 83 84 86 87 88 89 90 94 96 98 99 100 102 104 109 110 111
12 82 83 84 85 92 93 97 101 102 104 106 107
19 82 85 86 87 88 89 92 93 96 97 98 99 100 101 103 104 107 109 111
9 82 83 87 89 91 94 105 108 110
10 82 83 89 95 98 102 103 105 107 111
15 82 83 85 88 89 92 94 97 98 100 104 106 107 108 111
10 82 89 92 96 98 100 102 106 109 110
10 82 86 89 92 95 98 100 102 106 111
15 83 87 88 90 93 97 99 100 101 102 105 106 108 110 111
10 84 91 92 94 95 96 105 107 109 111
11 83 85 86 92 96 97 102 103 106 109 110
13 85 87 88 89 90 91 93 96 99 104 109 110 111
16 82 85 87 88 89 92 93 95 96 98 99 101 103 105 110 111
16 83 86 87 88 89 90 94 95 96 97 98 100 101 103 106 109
9 83 85 88 91 97 99 102 107 109
14 82 83 85 86 91 92 93 94 98 99 103 104 108 110
14 84 88 89 91 92 94 95 96 102 103 105 107 108 111
19 82 83 84 86 87 89 90 93 94 95 98 99 100 101 105 106 108 109 110
16 82 83 84 85 88 89 90 92 93 95 98 100 101 103 105 106
18 82 84 87 91 92 94 96 99 100 101 103 105 106 107 108 109 110 111
16 82 86 87 88 91 92 93 96 98 99 100 103 106 107 110 111
16 85 86 89 91 94 95 96 98 99 101 102 103 104 105 107 110
15 82 83 84 85 86 91 92 94 100 101 106 107 108 109 110
13 82 83 88 90 93 96 97 101 103 104 109 110 111
19 82 83 84 85 86 88 90 91 92 93 94 96 97 99 100 101 107 108 109
19 82 83 86 89 91 92 93 94 95 96 97 98 101 102 104 105 107 108 111
17 82 83 84 86 87 88 89 91 94 97 100 102 103 104 105 106 111
10 82 84 92 93 94 98 99 103 105 107
13 83 85 86 88 94 95 98 100 101 103 104 105 109
12 83 85 87 91 92 93 94 96 105 107 109 111
9 82 90 91 92 98 101 103 104 107
13 82 85 86 88 89 91 92 99 100 101 102 105 107
16 82 84 86 87 88 89 91 93 94 97 99 101 104 107 109 111
14 83 84 87 88 91 93 96 98 99 100 102 104 106 110
20 82 83 84 86 87 88 89 90 91 92 93 95 97 100 102 103 104 105 106 109
15 83 84 85 86 88 90 95 96 101 102 103 107 108 109 110
18 82 84 85 89 90 91 93 95 96 97 99 100 101 103 104 107 109 111
14 82 84 86 87 91 93 97 101 102 103 105 107 108 110
16 83 84 85 86 87 89 93 94 96 98 99 103 104 105 107 108
18 82 83 84 89 90 91 92 93 96 97 99 100 101 103 107 108 109 110
14 82 84 85 88 89 91 95 97 99 105 106 108 109 110
19 82 84 87 88 90 91 93 94 95 96 99 100 101 102 103 107 109 110 111
20 82 83 84 85 87 88 89 91 92 93 94 95 96 97 98 99 103 106 107 111
17 82 84 85 87 88 91 92 97 100 101 104 105 107 108 109 110 111
15 86 88 89 91 92 93 97 100 101 104 105 106 108 109 110
9 86 89 91 93 95 100 104 106 108
14 83 85 87 88 90 91 92 94 96 101 102 108 109 111
14 87 89 92 93 95 96 100 101 102 103 108 109 110 111
12 84 86 90 94 95 100 101 104 107 108 109 110
12 82 83 84 85 87 89 90 93 100 102 107 110
10 82 85 90 91 93 97 100 101 106 110
11 82 83 88 90 91 95 97 101 102 105 110
16 83 85 86 88 89 90 92 94 96 99 100 104 108 109 110 111
12 87 88 89 94 96 99 100 101 103 108 110 111
16 84 85 86 89 90 91 92 94 95 100 102 104 106 107 108 109
9 82 83 86 89 96 99 103 106 109
18 83 84 86 88 91 93 94 96 98 99 100 101 102 103 106 109 110 111
17 82 83 85 87 88 91 92 93 95 96 99 100 102 104 106 108 111
14 83 84 87 88 89 92 93 94 95 99 101 105 108 111
9 82 89 90 91 98 104 105 107 108
13 82 84 87 89 91 92 94 96 104 105 108 109 111
16 82 83 86 88 89 90 92 93 97 98 99 101 102 104 106 108
12 84 85 87 89 90 91 99 102 103 104 106 111
20 82 83 84 87 89 91 92 93 95 96 97 98 100 101 103 104 105 107 110 111
11 83 84 88 89 90 91 94 96 98 100 110
18 83 84 88 89 90 91 92 93 94 95 98 101 102 105 106 107 110 111
10 84 88 91 93 99 100 105 107 109 111
16 83 85 86 90 93 95 96 97 98 99 101 102 103 105 106 107
20 83 84 85 86 87 88 89 91 93 94 95 96 99 100 101 102 104 106 108 111
17 82 83 84 86 87 88 93 95 96 97 98 102 103 104 107 108 111
14 83 85 89 90 91 92 94 96 97 103 104 106 107 111
18 84 85 86 88 89 90 91 93 96 97 102 103 104 106 108 109 110 111
11 82 90 93 96 99 101 102 104 106 108 110
19 83 85 88 89 90 91 92 93 96 99 100 102 103 105 106 108 109 110 111
12 82 86 89 90 91 92 99 100 101 104 109 110
18 84 86 88 89 90 92 96 97 98 99 101 103 104 107 108 109 110 111
16 82 84 86 88 90 92 93 96 97 101 104 105 107 108 109 110
20 83 86 89 90 91 92 93 94 95 97 99 101 102 103 104 106 108 109 110 111
15 82 83 84 86 87 88 93 95 98 99 101 102 103 107 108
11 84 88 90 94 96 97 98 102 105 108 111
18 82 87 88 89 90 91 92 93 95 96 100 101 102 105 106 107 110 111
10 85 92 96 98 100 103 104 105 108 111
12 85 90 91 94 95 99 102 104 105 106 109 111
18 84 86 88 90 93 96 97 98 100 101 102 103 104 105 106 109 110 111
12 83 84 86 90 96 98 99 100 102 104 107 111
13 82 84 85 93 95 96 97 98 99 100 101 109 110
19 82 83 84 85 86 87 88 90 92 95 97 98 99 100 101 104 106 110 111
15 82 83 86 87 89 91 93 94 95 97 100 106 108 109 110
13 84 85 87 93 97 98 99 101 102 103 105 109 110
20 82 83 84 85 86 87 88 89 90 91 92 93 94 96 97 100 101 106 107 108
17 83 85 86 90 91 93 97 100 101 102 104 105 106 107 108 109 110
14 84 85 86 91 93 94 96 97 99 101 104 106 107 110
9 83 84 88 90 92 98 101 104 107
17 82 85 87 88 89 90 93 95 96 98 99 102 104 105 107 109 111
10 82 90 91 92 93 96 97 99 107 110
11 82 84 85 87 89 90 93 97 100 106 107
15 82 83 84 86 87 89 90 92 94 95 102 104 107 110 111
9 85 86 89 91 93 96 102 103 105
18 83 85 86 88 92 93 94 96 97 98 99 100 105 107 108 109 110 111
16 82 83 84 87 92 95 96 100 101 102 103 105 106 108 110 111
10 84 90 92 96 102 103 104 106 108 111
9 83 88 89 90 91 92 94 108 110
16 82 84 87 88 93 94 96 97 99 100 102 104 107 108 109 111
12 82 83 84 85 94 95 102 103 104 107 109 110
17 82 83 86 87 88 90 91 92 95 96 99 100 101 102 103 108 109
14 82 83 88 91 92 93 94 95 96 97 98 103 105 110
15 82 83 85 86 88 90 92 93 94 96 100 103 104 106 109
13 83 84 88 89 90 91 92 96 97 105 107 109 111
18 83 84 85 86 87 88 89 90 91 94 100 101 102 103 107 108 110 111
17 83 84 87 88 89 90 92 93 94 95 97 98 101 102 107 108 109
18 82 83 84 86 87 88 89 90 93 96 99 100 101 102 104 106 109 110
12 83 87 91 93 94 95 100 101 104 105 106 109
19 84 85 88 89 91 92 94 95 98 99 100 101 102 103 104 105 108 110 111
13 82 84 88 90 91 94 96 100 103 107 108 109 110
15 82 84 86 89 93 95 96 98 99 100 101 104 105 110 111
11 86 90 91 92 95 100 104 105 106 108 110
15 86 87 88 90 93 94 95 97 98 101 103 106 109 110 111
14 85 87 88 90 92 93 94 98 99 104 106 107 109 111
17 83 85 86 87 88 90 94 95 96 97 100 102 103 105 106 109 110
19 82 83 84 85 90 92 93 94 95 97 98 99 101 102 103 104 106 107 111
12 83 84 85 90 92 93 94 95 100 102 103 110
10 84 86 92 97 100 101 103 104 109 111
13 87 88 93 96 100 103 104 105 106 107 108 109 110
15 83 84 85 89 91 93 94 96 100 103 104 105 106 108 111
14 85 86 87 89 90 93 95 96 100 101 106 107 110 111
20 82 83 85 86 87 89 90 91 92 93 94 96 97 98 99 100 104 105 108 111
14 83 84 86 87 88 90 93 95 96 98 102 106 108 109
11 84 85 91 94 95 104 105 107 109 110 111
9 92 94 95 97 98 99 107 108 110
14 82 84 86 87 89 92 94 97 102 104 106 108 109 110
17 82 83 84 85 87 89 91 93 94 95 100 101 102 107 108 110 111
20 82 83 85 86 88 90 91 92 93 94 96 97 99 102 103 105 107 109 110 111
15 83 84 85 86 88 90 91 92 93 95 96 100 102 106 108
17 82 87 88 89 90 93 94 95 99 100 102 103 104 106 107 109 110
20 84 85 86 88 89 90 91 92 93 95 96 98 99 102 103 104 107 109 110 111
15 82 83 84 87 92 93 94 95 98 101 103 104 107 108 111
9 82 85 92 93 99 104 106 109 110
18 82 83 84 85 88 89 90 91 93 96 97 98 101 102 103 104 105 108
11 86 87 89 93 95 97 100 105 106 107 108
19 82 83 85 90 93 96 97 98 99 100 101 103 104 105 107 108 109 110 111
17 82 83 85 86 92 93 94 95 97 99 101 103 105 107 109 110 111
11 86 89 90 96 97 100 101 104 108 110 111
17 83 84 85 87 90 91 92 93 94 95 96 97 98 106 107 108 111
16 84 86 87 88 89 90 91 93 94 95 96 99 104 105 109 111
15 82 84 86 88 93 94 95 97 101 102 103 106 108 110 111
10 84 87 92 93 98 99 101 102 107 110
9 84 86 91 92 94 100 102 108 110
16 82 83 85 86 87 89 90 92 94 95 96 98 101 103 105 108
19 83 84 85 86 89 90 91 93 95 96 97 101 102 103 106 108 109 110 111
15 85 87 88 90 92 94 95 96 97 98 99 100 104 106 108
19 82 84 85 86 87 89 90 91 93 96 97 99 100 102 103 107 109 110 111
9 83 85 95 96 97 102 104 106 110
13 84 87 89 90 92 93 97 98 103 105 107 108 111
13 84 86 88 90 91 92 94 97 99 104 107 108 109
9 88 92 94 97 99 101 103 104 105
19 82 83 86 87 91 92 94 95 96 98 99 101 102 103 104 105 106 109 111
18 82 84 85 86 88 89 95 97 99 100 101 102 105 106 107 108 109 110
16 84 87 88 90 91 92 93 96 97 98 102 103 106 107 108 110
13 83 84 87 90 92 95 99 100 101 105 108 109 110
18 83 85 87 88 89 91 92 93 95 96 97 102 105 106 107 108 109 110
12 82 84 85 91 92 96 99 103 104 107 108 109
16 83 84 85 86 90 91 92 93 97 98 99 101 102 103 104 109
19 82 83 84 85 86 87 88 89 90 93 94 96 99 100 103 105 107 108 109
13 82 84 85 86 90 94 98 99 101 105 107 109 111
19 83 84 87 88 91 95 96 98 99 101 103 104 105 106 107 108 109 110 111
13 83 87 88 90 91 95 97 98 105 107 108 110 111
14 83 85 86 89 90 92 94 96 97 104 106 107 108 111
12 82 84 87 89 90 91 93 95 100 103 105 109
11 84 85 88 91 93 94 95 97 104 106 110
10 89 91 94 96 97 99 102 107 109 111
11 84 86 87 88 101 102 104 106 109 110 111
20 85 86 87 88 90 91 94 95 96 97 98 100 102 103 104 105 107 108 110 111
19 83 84 86 87 90 92 95 96 97 99 101 102 105 106 107 108 109 110 111
19 82 84 85 86 88 89 90 92 93 94 95 96 97 98 100 101 103 108 109
9 83 88 92 99 101 103 104 109 110
14 83 89 90 94 96 101 102 105 106 107 108 109 110 111
20 86 87 88 89 90 91 92 93 95 96 98 99 100 101 103 106 107 109 110 111
16 83 84 86 88 89 91 92 93 94 96 97 101 102 104 107 111
11 84 87 89 92 93 95 100 101 104 110 111
18 82 83 85 87 88 89 92 94 97 101 102 103 104 105 106 107 110 111
10 83 84 94 95 101 102 103 104 106 109
16 83 84 85 87 90 92 93 95 98 102 104 106 107 108 109 111
19 82 84 85 87 89 90 91 94 95 96 99 100 103 104 106 108 109 110 111
16 83 84 85 86 89 90 92 94 95 97 103 106 107 108 109 111
18 83 84 85 87 88 89 90 91 93 96 98 99 100 102 103 104 107 109
12 84 85 86 90 94 96 103 104 105 106 108 111
9 82 83 96 98 101 103 104 106 107
14 83 84 91 92 95 96 97 98 101 102 107 108 110 111
18 82 84 85 86 88 89 91 93 95 97 98 99 100 101 102 103 107 108
14 82 84 85 86 87 92 93 95 97 99 101 103 106 111
18 83 85 87 88 90 92 93 94 95 97 99 100 103 104 105 107 109 110
13 82 83 85 86 88 92 95 96 98 99 103 105 108
18 82 87 88 89 91 93 95 96 98 101 102 103 105 106 107 108 110 111
16 82 83 86 87 89 90 91 93 94 96 99 103 105 106 107 108
11 82 89 92 96 100 103 105 106 107 108 109
12 85 87 90 91 93 95 97 99 101 103 104 108
14 82 83 86 87 91 96 97 98 100 101 104 106 109 111
18 84 86 87 89 90 91 94 95 96 99 100 101 102 104 107 109 110 111
16 83 84 88 90 91 92 94 96 100 101 102 103 106 107 108 109
18 88 90 92 93 94 95 96 97 98 99 100 103 104 106 107 108 110 111
13 82 84 89 90 93 97 99 100 103 105 106 109 110
14 89 90 93 94 96 97 99 100 101 105 107 109 110 111
9 83 84 95 100 101 102 104 108 109
17 82 83 87 88 89 91 92 93 94 96 97 102 103 105 107 110 111
18 82 83 84 85 86 89 90 91 93 96 98 100 101 102 103 108 110 111
20 83 84 87 88 89 90 92 94 96 97 98 100 101 104 105 106 107 108 110 111
16 82 83 86 87 89 90 91 93 96 99 100 101 108 109 110 111
16 82 83 85 86 89 92 98 100 101 103 104 105 106 108 110 111
17 83 87 90 91 93 96 97 98 99 100 102 104 106 107 108 109 111
20 82 83 84 85 86 87 89 92 93 94 95 96 97 100 102 105 106 108 109 111
15 82 83 84 89 90 92 93 95 96 100 103 107 108 109 110
19 82 84 87 88 89 91 93 94 95 96 97 99 100 103 104 105 106 110 111
16 82 83 85 88 94 95 97 98 99 102 104 106 108 109 110 111
20 82 84 85 86 87 89 90 91 92 94 95 96 98 99 101 102 105 109 110 111
16 82 85 86 89 91 96 97 101 102 103 105 106 107 108 110 111
20 82 84 85 88 91 92 94 95 96 97 98 99 100 102 105 106 107 109 110 111
15 84 87 89 90 91 92 95 96 98 99 103 104 108 110 111
9 85 90 91 92 96 97 101 102 107
13 83 88 90 92 94 96 97 100 101 105 106 107 108
10 82 89 90 91 95 100 105 106 108 109
19 82 84 85 86 89 90 91 92 95 96 98 100 101 103 107 108 109 110 111
10 86 89 93 95 99 104 105 109 110 111
16 83 84 85 87 89 90 91 92 93 94 95 101 105 106 107 110
9 85 87 91 95 100 101 107 109 111
9 84 89 91 93 95 99 102 105 111
19 82 83 85 87 88 92 93 94 95 96 97 98 99 101 104 105 106 107 109
11 82 85 86 92 95 97 99 101 107 108 109
15 82 83 85 86 88 89 90 91 93 95 99 101 103 109 110
16 83 84 85 86 87 88 89 93 94 95 96 97 100 101 102 110
10 84 91 94 95 98 99 100 104 107 111
19 82 84 87 88 91 92 95 97 99 100 101 102 103 104 105 106 107 108 109
19 82 83 85 88 91 94 95 96 98 99 100 103 104 105 106 107 108 109 111
20 83 85 86 87 88 89 91 92 93 95 97 99 100 101 102 103 105 106 107 108
14 84 87 88 90 91 93 94 95 96 98 99 100 103 104
18 83 84 86 88 89 94 95 97 98 99 100 101 102 105 107 108 109 110
14 82 84 86 87 88 90 93 94 96 100 101 102 104 111
17 83 84 87 89 90 91 93 96 98 102 103 105 106 107 108 109 111
12 85 87 88 93 95 101 102 103 104 107 110 111
17 82 83 84 85 86 88 90 93 95 96 98 99 102 103 107 108 109
9 82 85 94 95 96 97 102 105 107
15 85 86 87 88 89 90 91 96 97 99 101 102 105 109 111
19 82 83 84 85 86 87 89 91 92 93 95 97 99 100 101 102 103 105 109
10 82 84 88 92 93 94 99 102 107 110
14 86 87 88 93 94 96 98 99 102 103 105 106 107 108
12 85 89 94 95 97 99 101 103 105 108 109 111
20 82 85 86 87 88 91 93 95 97 99 100 101 103 104 105 106 107 109 110 111
20 82 84 85 87 88 89 90 91 92 94 95 96 98 99 104 105 106 107 109 111
11 82 83 84 85 90 94 96 98 101 107 109
9 82 90 92 98 103 105 106 107 109
17 82 83 85 86 88 89 90 91 93 94 96 97 98 99 106 107 108
9 83 92 95 99 104 108 109 110 111
19 82 85 86 87 89 90 92 94 95 97 98 99 100 102 103 104 106 109 111
20 82 83 84 86 87 91 92 95 96 97 98 100 101 104 105 106 107 108 109 110
13 84 88 90 91 95 96 97 100 101 105 106 108 109
18 82 83 84 87 88 92 93 95 96 100 101 102 103 104 105 109 110 111
15 82 84 89 90 93 94 95 96 100 102 103 104 105 109 111
11 83 86 87 89 93 96 98 102 104 106 109
16 82 84 85 86 87 88 89 90 94 99 100 104 105 106 107 110
19 82 83 85 86 87 88 89 94 95 96 98 102 103 105 106 107 109 110 111
19 82 83 84 86 87 88 89 90 91 98 99 102 103 104 105 107 108 110 111
13 114 117 119 121 126 132 143 147 158 163 167 170 172
13 119 123 137 140 149 153 156 159 167 168 170 178 179
18 124 125 129 132 141 143 147 149 154 162 164 165 168 169 170 176 178 180
18 113 115 132 133 135 136 141 149 150 152 153 156 157 158 159 164 168 176
11 116 128 130 131 133 135 139 145 148 149 150
31 112 116 117 118 123 128 129 131 134 136 140 142 144 145 146 147 149 155 159 160 161 165 166 167 168 169 171 172 178 179 180
19 112 115 120 122 129 132 134 137 138 139 142 145 148 150 158 162 167 170 174
24 113 114 121 125 131 133 135 142 143 144 145 147 148 149 150 151 153 154 156 160 167 170 172 173
26 112 114 118 121 129 130 131 133 137 138 140 146 148 149 154 155 157 160 163 166 167 168 171 172 179 180
23 117 118 121 123 124 128 129 134 135 137 140 142 149 150 153 155 156 164 165 167 171 174 176
31 113 114 115 117 118 121 123 124 127 128 130 131 132 134 135 136 140 144 146 148 153 154 155 156 164 167 174 176 177 179 180
34 113 114 115 117 118 120 122 126 128 129 130 131 133 136 139 142 143 145 146 147 148 150 151 161 162 163 164 165 166 172 173 174 176 180
26 113 114 115 120 122 123 128 129 131 133 136 139 141 143 146 151 152 159 160 163 165 166 168 171 172 179
29 114 116 117 118 119 120 122 123 125 132 133 135 136 140 141 143 144 146 148 151 154 156 157 162 164 167 169 170 173
29 112 118 119 121 122 123 124 127 128 134 135 136 138 140 144 145 149 151 154 155 158 160 161 162 167 169 170 174 175
25 112 114 119 120 122 125 126 127 130 131 136 138 141 144 145 146 148 151 152 159 161 162 163 166 170
11 120 126 129 132 138 140 142 146 154 162 165
13 121 123 125 128 131 140 143 155 159 163 172 177 180
21 113 115 116 132 133 139 143 147 154 157 158 160 168 169 172 173 175 177 178 179 180
25 113 114 115 125 126 127 130 131 133 145 148 149 152 153 157 160 161 163 167 168 171 173 174 176 180
17 124 125 126 130 138 139 143 148 150 151 152 154 164 170 173 174 177
14 118 124 125 134 141 148 153 161 166 167 169 173 175 179
7 147 150 161 165 176 177 180
43 113 115 116 117 119 120 122 123 124 125 126 127 128 132 134 135 136 139 141 142 143 144 145 147 150 151 152 153 156 158 159 161 162 164 165 169 170 173 174 175 176 177 178
23 114 118 119 120 123 128 129 132 134 136 138 143 147 149 150 156 158 159 161 162 163 166 178
11 120 122 123 133 139 152 154 161 163 165 174
17 116 119 120 122 126 129 133 139 143 149 150 151 152 159 160 163 169
18 120 121 126 129 130 133 135 141 146 148 152 157 162 164 173 174 179 180
15 114 116 120 123 126 136 151 152 154 155 156 160 161 166 171
29 116 117 122 123 124 127 129 134 135 136 143 146 147 148 155 156 158 159 160 161 162 166 168 169 172 173 174 176 178
11 113 114 118 119 131 138 155 156 168 172 176
15 114 115 122 123 129 138 147 148 154 162 165 166 167 172 176
15 123 125 126 128 129 131 138 139 154 162 163 165 169 173 180
21 112 125 137 138 141 142 145 147 157 158 161 162 165 166 168 170 171 172 173 175 178
26 116 118 119 126 133 136 144 146 147 151 152 153 154 156 160 161 164 165 166 168 169 171 175 176 178 179
40 112 113 114 115 118 119 120 121 125 126 128 130 131 132 133 137 138 139 140 141 142 144 145 149 150 151 152 153 154 157 163 164 165 167 170 171 175 177 179 180
31 113 115 118 120 121 122 124 125 127 128 130 133 134 139 146 147 149 150 151 152 155 157 158 160 162 169 173 175 176 179 180
16 113 124 130 131 133 140 141 144 155 157 165 168 170 177 179 180
16 112 118 125 133 143 144 146 150 158 162 164 167 168 169 170 174
15 113 119 120 124 125 128 132 134 135 141 144 146 160 164 173
33 112 113 115 121 124 126 127 128 129 130 131 134 137 138 139 142 145 149 152 153 155 158 159 160 163 166 168 171 172 174 175 178 179
15 113 117 121 128 129 132 137 139 141 145 159 165 172 173 177
13 126 132 133 147 148 150 157 165 166 171 178 179 180
11 112 118 121 135 154 161 162 169 173 174 180
23 113 115 117 118 119 121 122 124 131 139 142 151 152 153 158 159 169 171 173 174 175 177 179
23 113 115 117 119 121 123 127 128 135 139 143 144 147 150 152 156 158 163 164 170 171 176 177
16 114 128 129 137 142 143 145 146 149 157 159 160 172 173 176 177
21 113 114 115 119 120 121 122 127 132 133 135 137 141 153 156 157 158 162 163 175 176
21 112 114 116 122 130 131 133 136 137 145 149 151 155 157 159 160 168 172 174 178 180
15 118 121 130 136 140 149 150 151 152 153 158 159 175 177 178
22 113 118 122 123 124 127 128 130 135 142 146 149 151 152 153 154 156 158 163 165 167 170
24 116 118 121 122 124 134 136 137 138 139 144 146 150 151 154 156 162 165 169 170 172 177 178 179
24 112 114 117 118 119 120 121 124 127 130 134 137 140 142 143 166 167 170 171 172 174 175 178 179
16 119 124 125 126 127 137 142 145 148 155 157 158 164 167 176 178
32 113 116 118 119 123 124 125 128 130 131 132 134 140 141 146 147 152 156 157 159 161 163 164 165 166 167 168 170 171 174 177 179
16 116 117 130 132 134 138 140 144 147 149 150 153 156 170 175 177
27 114 115 116 117 119 125 126 132 133 136 139 141 148 150 155 157 160 161 162 164 166 173 175 177 178 179 180
17 113 114 120 123 128 130 139 144 145 150 152 153 155 156 171 172 177
45 112 113 115 118 120 122 123 124 125 127 129 134 136 137 138 140 141 142 144 146 151 152 153 154 155 156 157 159 160 161 162 164 165 166 168 169 171 173 174 175 176 177 178 179 180
17 112 115 128 134 136 140 143 144 150 153 161 165 167 169 170 171 178
20 112 120 121 129 131 134 137 138 140 143 144 145 147 159 168 169 171 172 174 176
28 112 114 116 120 125 126 127 128 129 132 133 135 138 141 146 148 149 150 154 155 156 157 161 165 167 170 172 180
38 112 114 116 117 119 123 126 129 131 132 135 136 137 138 140 141 142 143 144 145 148 153 154 156 159 161 163 164 165 166 167 168 170 171 172 174 177 178
28 112 113 115 119 124 126 127 130 131 132 134 138 140 144 147 150 151 155 156 162 167 168 169 170 171 178 179 180
37 112 114 115 117 120 121 122 126 127 129 133 135 136 137 138 139 142 143 144 145 148 149 150 151 153 154 155 158 160 162 169 172 173 175 176 178 180
18 123 130 134 136 137 140 143 144 145 147 160 162 163 164 166 168 176 178
11 113 114 117 124 127 130 135 141 149 157 173
45 112 115 116 117 118 119 120 122 123 124 126 127 128 129 130 132 134 136 137 138 139 140 141 146 152 155 157 158 159 161 162 163 164 165 166 168 169 171 174 175 176 177 178 179 180
23 115 119 122 124 127 130 131 134 135 138 140 142 147 148 149 153 157 163 175 176 178 179 180
12 116 122 144 145 146 147 148 151 155 160 161 177
14 116 117 118 121 125 135 136 141 148 153 158 164 166 175
25 112 115 116 119 126 127 133 134 135 136 137 138 140 146 148 151 157 158 159 163 166 167 173 174 179
9 117 118 121 122 131 142 160 161 175
30 112 115 116 117 121 122 125 126 127 135 137 139 142 145 146 148 151 152 153 154 160 164 167 169 171 172 173 174 175 176
27 113 114 115 116 117 120 125 129 130 131 137 139 141 142 143 146 152 153 156 159 163 164 168 172 173 176 177
23 116 117 122 123 124 125 127 132 137 139 142 145 147 149 151 154 158 159 160 163 166 175 177
20 112 117 119 120 123 128 129 132 135 140 141 142 143 147 155 158 159 164 166 175
22 112 116 121 124 125 127 132 134 135 138 141 144 152 154 155 157 158 160 169 171 175 177
24 112 116 117 126 127 131 133 137 139 142 143 145 155 156 157 161 163 168 169 170 171 174 179 180
15 116 124 125 134 135 138 141 144 152 155 158 160 171 175 177
9 117 119 126 132 143 158 167 170 172
19 112 119 126 130 131 132 134 138 140 144 147 150 155 167 168 169 171 178 180
8 116 122 144 145 146 147 148 160
9 113 124 141 144 155 165 170 177 180
16 112 115 116 122 125 137 139 142 145 151 152 154 160 167 174 176
5 120 139 152 154 161
24 114 116 119 123 129 132 137 138 141 142 143 144 153 154 159 161 163 164 166 167 170 171 174 177
15 118 121 124 128 129 135 137 140 142 150 153 155 165 167 176
12 115 120 122 129 132 134 137 142 150 167 170 174
16 115 118 120 121 122 124 125 128 133 147 149 150 151 152 158 162
21 113 114 115 125 126 130 131 133 145 148 149 152 153 157 161 167 168 173 174 176 180
4 147 150 176 180
20 114 116 125 126 127 133 135 138 141 146 148 149 150 154 155 157 161 170 172 180
20 121 129 130 131 133 137 138 148 149 154 155 157 160 163 166 167 171 172 179 180
22 112 116 117 118 123 128 134 140 142 144 149 155 159 160 161 165 166 168 169 171 172 180
9 116 130 131 133 135 139 145 148 150
12 118 121 134 137 138 139 146 156 169 172 178 179
10 125 128 131 138 139 154 163 165 169 173
10 125 129 143 147 149 154 164 169 170 178
26 112 114 115 120 121 128 130 131 132 138 140 141 142 144 145 149 150 151 152 153 157 163 164 167 175 180
28 115 116 117 119 123 126 127 129 132 134 136 137 138 141 152 155 159 162 163 164 165 166 169 171 176 178 179 180
13 114 128 132 134 136 143 147 149 150 158 159 166 178
23 122 123 124 127 134 135 136 143 146 148 156 158 159 160 161 162 166 168 172 173 174 176 178
24 113 114 115 117 118 124 127 128 130 131 132 134 136 140 144 146 153 155 156 164 167 177 179 180
15 116 120 125 126 127 129 132 133 135 138 141 146 154 157 165
10 129 147 162 164 165 169 170 176 178 180
19 112 113 115 119 124 126 130 132 134 138 140 144 151 155 156 162 168 178 180
5 147 150 165 177 180
8 130 136 140 150 152 153 158 159
26 112 113 115 121 124 126 128 129 134 137 138 139 145 149 152 153 155 158 159 163 166 168 172 175 178 179
12 119 120 125 128 132 134 135 141 146 160 164 173
5 113 119 131 155 156
20 113 115 121 124 127 130 134 137 138 139 142 145 155 159 160 163 166 172 178 179
13 112 118 125 133 143 158 162 164 167 168 169 170 174
5 117 121 122 131 142
19 112 116 124 125 127 132 134 135 138 141 152 154 155 157 160 169 171 175 177
6 116 130 131 133 148 150
40 112 115 116 117 118 119 122 124 126 127 128 129 130 132 134 136 137 138 139 141 146 152 157 158 161 162 163 164 165 166 168 169 171 174 175 176 177 178 179 180
19 115 121 124 127 128 130 132 134 136 140 144 146 148 153 154 155 164 174 180
9 113 118 119 138 155 156 168 172 176
10 126 132 133 147 150 165 166 171 178 180
11 123 124 129 134 140 142 149 156 167 171 174
9 116 119 120 126 129 133 143 150 159
13 114 129 137 142 143 145 146 149 157 159 160 172 173
12 116 120 123 126 136 151 152 155 156 161 166 171
18 113 122 123 127 128 130 135 142 146 149 152 153 154 158 163 165 167 170
7 117 118 122 131 160 161 175
12 123 124 127 128 130 135 146 151 153 154 158 170
18 114 115 125 126 127 130 131 133 149 153 157 160 161 163 167 168 171 174
22 112 118 121 122 123 124 128 134 135 138 145 151 154 155 158 160 161 162 167 169 170 174
20 117 122 123 124 127 129 134 146 148 155 156 158 159 161 162 168 169 172 176 178
16 119 125 126 136 141 150 155 157 160 164 166 173 175 178 179 180
8 116 122 144 145 148 151 161 177
21 116 117 118 120 123 125 132 133 136 140 143 144 146 148 151 154 162 164 169 170 173
20 119 122 124 127 130 131 134 135 138 140 142 147 148 149 163 175 176 178 179 180
10 130 134 136 140 143 144 160 164 168 178
10 113 121 128 132 137 141 145 159 165 172
7 116 133 135 139 145 149 150
11 114 116 130 133 136 137 149 151 155 159 180
18 112 118 119 121 122 124 127 128 134 135 136 140 144 155 161 162 167 175
9 123 137 149 156 159 167 168 170 179
15 117 119 120 121 124 127 130 134 137 140 166 167 170 174 178
10 112 120 122 129 132 142 145 158 167 170
14 112 116 126 127 131 133 139 143 145 155 156 161 169 174
26 112 116 117 121 122 125 126 127 135 139 145 146 148 151 152 153 154 160 164 167 169 171 172 173 175 176
5 113 118 119 138 156
15 113 114 115 119 120 122 132 133 135 137 156 158 163 175 176
11 116 122 123 125 132 147 149 158 159 175 177
18 118 119 120 128 129 132 134 136 138 143 147 149 156 159 162 163 166 178
12 122 134 140 142 147 148 153 157 175 176 178 180
19 117 118 121 123 124 128 129 135 137 140 142 150 155 156 164 165 167 171 176
6 113 114 131 138 156 172
5 112 121 161 162 180
11 118 125 133 143 144 146 158 168 169 170 174
6 147 150 165 176 177 180
12 112 115 120 129 132 134 137 142 148 150 167 174
12 113 120 124 125 128 132 134 135 141 144 160 164
35 113 115 116 117 120 122 123 124 125 126 127 128 132 135 136 139 141 142 143 144 145 147 150 152 153 159 161 162 164 165 169 170 173 176 178
10 126 132 133 148 150 157 165 166 178 180
9 116 132 134 140 144 149 150 153 156
22 116 118 119 125 128 130 131 132 140 146 147 152 156 157 164 166 167 168 170 174 177 179
8 120 128 134 141 146 160 164 173
20 112 117 131 133 137 139 142 143 145 155 156 157 161 163 168 169 170 171 174 179
11 128 134 140 143 144 150 165 167 169 170 178
15 112 125 137 142 145 147 158 161 162 165 166 171 172 173 178
20 116 117 118 119 122 123 135 136 140 141 143 144 146 148 151 154 157 167 169 173
8 126 147 148 150 157 166 171 180
17 113 114 120 122 123 128 131 133 139 151 152 159 160 166 168 171 179
12 112 114 116 133 136 151 155 159 160 168 174 178
13 114 128 129 137 142 145 146 149 159 160 172 173 176
17 112 115 133 134 135 136 138 140 146 148 151 157 163 166 167 173 179
7 120 126 136 152 155 160 171
17 112 114 116 125 126 127 129 133 138 141 146 148 149 150 157 172 180
18 113 115 119 121 123 127 135 139 143 144 150 156 158 163 164 170 176 177
20 117 123 124 127 129 134 135 136 147 148 155 156 158 160 161 162 166 168 172 173
13 115 119 120 122 132 133 153 156 158 162 163 175 176
20 116 118 121 124 134 137 138 139 144 150 151 154 162 165 169 170 172 177 178 179
15 118 120 123 128 132 134 138 143 147 150 156 159 161 162 178
14 112 115 122 132 134 138 139 142 145 150 158 162 167 174
12 113 119 120 124 125 132 134 135 144 146 164 173
9 116 128 130 131 135 145 148 149 150
7 112 121 154 161 162 169 173
12 113 124 125 128 132 134 135 141 144 146 160 173
4 147 165 177 180
15 115 116 120 137 139 141 146 152 156 163 164 168 172 173 177
19 112 116 117 126 127 131 133 137 139 145 155 157 161 163 168 170 171 179 180
9 113 118 131 138 155 156 168 172 176
13 113 119 120 125 128 132 134 135 141 144 146 164 173
8 113 121 132 159 165 172 173 177
9 113 118 119 131 138 156 168 172 176
29 112 114 117 119 123 126 132 135 136 137 138 140 141 143 144 145 148 153 154 156 159 163 164 165 167 168 171 174 177
14 112 113 115 127 130 131 132 134 138 147 150 168 170 180
16 118 130 131 133 138 140 146 148 154 155 157 160 166 167 168 180
10 116 118 125 136 141 148 153 158 166 175
19 113 115 119 121 128 135 139 143 144 147 152 156 158 163 164 170 171 176 177
8 113 118 119 138 155 168 172 176
11 113 117 128 129 132 137 139 145 165 172 173
12 113 119 120 127 135 137 141 158 162 163 175 176
13 114 115 122 123 129 147 148 154 165 166 167 172 176
17 116 117 123 124 127 129 134 143 146 147 156 158 159 166 168 172 173
17 116 118 122 124 134 136 137 138 146 150 154 156 162 165 169 172 179
23 116 117 122 129 134 135 143 146 147 148 155 156 158 159 161 162 166 168 169 172 173 174 178
13 118 121 130 136 140 149 151 152 153 158 159 177 178
20 112 114 117 118 119 120 124 127 130 137 140 142 166 170 171 172 174 175 178 179
39 112 115 116 118 119 122 123 124 126 127 128 129 130 132 134 136 137 138 139 140 141 146 152 155 157 158 159 162 163 164 165 166 168 171 174 176 178 179 180
13 116 130 134 138 140 144 147 149 150 153 156 170 177
14 120 121 126 129 130 135 141 146 148 157 162 164 173 179
23 112 113 115 119 124 126 130 132 134 138 140 144 147 150 151 162 168 169 170 171 178 179 180
11 123 125 126 128 138 154 162 163 165 169 180
15 113 115 120 122 123 131 133 141 146 151 152 160 163 165 171
14 113 115 133 135 136 141 149 150 153 156 157 158 164 168
9 123 126 128 129 154 162 163 169 180
6 116 131 133 139 148 149
23 114 115 116 119 125 126 132 133 136 139 141 150 155 157 160 161 162 166 173 175 178 179 180
10 114 122 129 148 154 162 165 167 172 176
19 113 114 117 118 121 123 127 130 132 136 140 144 154 156 167 174 176 177 179
13 112 120 129 137 138 143 144 145 147 159 169 174 176
21 112 114 117 118 119 120 121 124 127 130 137 143 166 167 170 171 172 174 175 178 179
10 113 132 143 154 157 169 173 175 177 179
28 112 114 115 121 122 126 127 129 133 135 138 139 142 143 144 145 149 150 151 154 160 162 169 172 173 175 176 178
10 132 133 147 157 165 166 171 178 179 180
8 122 123 133 139 161 163 165 174
15 122 123 129 133 136 141 143 146 159 163 165 166 171 172 179
8 113 114 120 123 128 155 171 177
9 114 115 122 138 162 165 166 167 176
20 116 118 119 136 144 147 151 154 156 160 161 164 165 166 168 169 171 176 178 179
7 117 121 122 142 160 161 175
10 124 130 131 133 140 141 155 157 168 170
13 116 117 130 138 140 144 147 149 150 153 156 170 177
15 114 117 119 125 132 133 150 155 157 160 161 164 175 177 180
11 113 119 120 128 134 141 144 146 160 164 173
12 112 116 125 127 132 135 138 152 154 157 169 171
9 120 122 123 133 139 152 163 165 174
16 112 118 119 120 121 124 127 130 134 140 166 167 170 171 174 178
14 116 118 124 134 136 138 139 144 150 151 162 172 177 178
13 115 116 135 136 146 148 151 157 159 163 167 173 174
17 113 118 122 123 124 128 130 146 149 151 152 153 154 156 158 163 165
13 124 130 131 133 140 144 155 157 165 168 170 177 179
8 117 121 129 132 141 145 172 177
14 114 118 119 132 135 136 140 141 148 151 154 156 167 169
24 112 114 116 117 123 126 129 132 136 137 142 143 148 154 156 159 163 165 166 167 171 172 174 178
15 114 121 133 142 143 144 145 148 153 154 156 160 167 170 173
8 114 121 132 143 147 158 163 170
8 114 117 121 126 143 147 158 172
12 117 121 123 127 135 139 143 144 158 163 171 177
32 112 114 115 117 120 121 122 126 129 133 135 136 137 138 139 142 143 145 148 149 150 151 153 154 155 162 169 172 173 175 176 178
25 114 115 118 119 120 121 128 130 133 138 139 140 141 142 144 145 149 151 153 163 165 170 171 175 179
20 115 119 122 124 127 131 134 138 140 142 147 148 149 153 157 163 175 176 178 179
15 112 119 120 122 125 127 130 131 136 138 145 148 161 163 170
4 147 150 161 176
28 112 115 119 122 126 127 128 132 134 136 137 139 140 141 146 158 161 162 163 165 166 168 169 174 175 178 179 180
13 112 115 126 133 136 140 146 151 157 159 166 174 179
6 117 121 122 131 142 175
7 116 117 125 136 148 158 164
19 112 119 126 129 131 132 135 136 138 142 144 153 154 165 166 167 170 174 178
15 113 114 116 117 125 129 130 131 139 141 159 163 164 172 177
24 114 116 117 118 119 122 123 125 132 133 136 141 143 144 146 148 154 156 157 162 164 169 170 173
31 114 116 117 123 126 129 132 135 136 137 140 141 142 143 144 145 148 153 154 156 159 161 163 164 166 167 170 171 172 174 178
15 123 130 134 136 140 143 144 145 147 160 164 166 168 176 178
10 112 120 129 134 137 138 147 168 174 176
16 118 121 124 128 134 136 138 140 144 145 158 160 162 169 170 174
21 112 114 118 121 129 130 131 133 138 146 148 149 154 155 157 163 167 168 171 172 180
5 112 121 135 154 180
22 116 117 123 129 131 136 140 142 144 147 149 155 161 165 166 167 168 169 171 172 179 180
44 112 113 118 119 120 121 122 123 124 126 127 128 130 131 132 133 134 135 137 138 143 144 145 146 147 152 153 154 156 159 160 161 162 164 165 166 167 168 169 170 173 176 179 180
44 113 116 118 119 120 121 122 123 124 127 128 131 132 133 134 135 136 137 138 141 142 144 145 146 147 150 151 152 153 154 157 158 159 161 162 165 166 167 169 171 172 173 176 177
38 113 114 115 117 120 122 125 126 127 130 131 134 136 138 139 140 141 143 147 149 150 151 153 155 159 161 162 163 164 166 167 168 172 173 174 176 177 178
46 112 113 114 115 116 118 119 121 122 124 125 126 127 128 129 130 132 136 138 139 140 141 142 144 146 147 149 151 154 155 159 160 161 162 163 165 167 168 169 170 171 172 173 175 178 179
27 112 116 118 119 121 123 127 128 130 131 132 133 137 141 142 148 150 154 155 157 158 161 163 166 167 175 176
29 112 113 119 120 122 129 130 131 132 133 134 136 142 143 147 151 152 155 157 158 159 160 166 169 170 171 172 173 178
41 115 116 117 118 119 120 122 123 125 126 128 130 132 133 138 140 141 142 144 145 146 147 149 150 153 154 155 156 160 162 163 164 165 166 167 170 171 172 174 177 178
47 112 113 114 115 116 119 120 121 122 124 126 127 130 131 132 135 136 137 138 140 141 142 143 144 146 147 148 151 152 153 154 156 158 161 162 164 165 167 168 169 170 171 172 174 175 176 178
47 113 116 117 118 119 121 122 124 126 127 128 130 131 132 134 135 136 137 138 139 140 144 145 146 147 148 149 150 151 154 156 158 160 162 163 164 166 167 169 170 171 172 173 175 177 178 179
42 113 114 115 116 118 119 121 123 124 126 127 128 129 130 133 134 135 137 138 141 142 143 147 148 149 152 153 158 159 161 162 163 164 165 167 169 170 172 173 177 178 179
37 112 114 115 116 118 121 122 123 125 126 130 132 134 136 137 139 140 141 142 148 149 150 151 157 158 162 165 167 168 169 171 172 174 175 177 179 180
28 112 114 116 117 119 123 124 129 133 134 137 139 140 141 144 147 149 155 158 160 162 163 166 168 171 176 177 180
42 114 115 116 118 120 121 125 126 128 129 130 131 134 135 136 137 138 139 141 143 145 146 147 148 149 151 153 154 157 158 159 160 166 169 170 171 174 175 177 178 179 180
41 113 115 116 118 119 121 123 125 126 128 131 134 136 137 138 139 141 143 144 145 146 149 150 152 154 155 158 159 160 161 164 165 167 171 172 173 174 175 176 177 178
43 113 114 115 116 118 119 121 123 124 125 126 128 130 132 133 134 137 138 141 144 146 147 150 151 152 153 154 155 157 159 160 161 164 166 167 168 172 173 175 176 177 179 180
24 112 113 117 118 119 120 122 126 129 132 137 142 144 145 146 148 152 153 157 161 167 171 175 180
33 114 115 117 118 122 123 125 127 128 129 131 132 133 134 135 138 140 142 145 151 153 156 159 160 161 163 169 170 171 172 173 174 175
43 112 113 114 115 118 120 123 127 128 129 130 131 132 133 134 135 137 138 139 140 141 142 147 148 150 151 152 155 156 158 159 160 163 167 170 171 172 174 175 176 177 178 180
36 112 119 120 121 122 123 124 126 127 130 132 134 135 136 139 144 145 146 147 148 149 152 156 157 158 159 160 162 164 165 166 168 172 174 177 178
26 112 114 116 120 121 129 136 139 141 143 144 148 149 151 156 157 162 165 166 169 170 176 177 178 179 180
41 113 114 116 117 118 119 120 121 123 124 127 130 131 132 134 136 138 140 141 142 143 144 148 149 156 158 159 160 161 162 163 164 166 168 169 172 173 176 177 179 180
42 112 114 115 116 118 121 124 126 127 128 133 135 136 137 140 141 142 144 146 148 149 152 153 154 155 156 157 158 159 160 162 164 165 166 168 169 172 173 174 175 177 178
40 112 113 114 115 119 121 122 123 124 125 127 129 130 133 134 136 137 138 139 145 146 147 148 149 152 153 156 157 159 161 162 165 166 171 173 174 175 176 177 179
45 112 113 115 116 117 118 122 123 125 126 128 130 131 132 133 134 136 137 138 140 141 144 146 147 152 155 156 158 159 160 161 162 163 164 166 167 168 170 172 174 175 176 177 178 180
32 112 116 119 120 124 126 127 130 131 134 136 137 140 141 142 145 146 148 151 154 156 157 159 161 163 165 166 169 175 176 177 180
41 113 114 115 117 123 125 126 127 128 131 132 136 137 138 139 140 141 142 143 144 145 146 147 150 156 157 158 159 160 162 164 165 169 171 172 174 176 177 178 179 180
21 117 118 123 133 134 135 136 146 149 151 153 156 160 163 165 167 168 169 173 179 180
30 114 115 116 117 118 126 127 129 132 133 136 140 142 148 149 150 151 154 160 161 164 165 166 169 171 172 176 177 178 180
23 114 117 120 121 122 124 125 128 130 131 135 136 150 154 155 157 160 161 162 163 165 179 180
36 112 117 118 120 121 122 123 126 128 129 131 132 133 135 136 137 138 140 144 145 146 148 151 152 154 156 157 159 160 164 165 166 169 170 178 180
22 116 121 122 123 126 127 136 145 146 148 149 153 155 158 163 164 170 171 175 176 178 180
47 112 115 116 117 119 120 121 122 123 125 127 128 130 131 132 134 135 136 138 139 140 143 144 145 146 147 149 150 153 154 158 159 161 163 164 165 166 168 169 170 171 174 176 177 178 179 180
39 113 114 115 117 118 119 120 122 125 126 130 134 135 136 141 143 144 146 147 149 150 152 153 155 156 157 158 160 162 163 165 167 169 172 175 176 177 178 180
26 114 116 120 121 123 126 128 136 138 141 142 144 152 153 155 156 157 159 162 164 167 168 169 171 173 175
36 112 115 118 120 121 123 125 132 133 135 137 140 141 144 148 150 153 154 155 159 160 162 163 164 165 166 167 170 172 173 174 175 176 177 178 179
44 114 115 116 117 118 120 121 123 124 125 126 127 131 132 133 134 135 137 138 139 140 141 145 146 147 148 150 151 152 157 158 159 160 163 165 166 167 170 171 172 174 175 178 179
23 112 114 115 117 118 119 125 131 132 134 136 140 144 145 150 151 168 169 173 174 175 176 179
37 113 115 118 120 121 123 125 126 127 129 130 132 134 136 137 139 141 142 143 144 145 148 149 151 152 153 155 158 160 162 163 165 167 170 173 175 179
23 112 121 123 128 130 131 134 143 146 148 151 153 158 159 162 165 166 167 168 169 171 172 174
24 112 119 123 128 129 138 141 142 143 149 150 153 156 157 160 161 162 163 166 169 170 171 172 178
22 114 116 123 134 136 141 142 144 150 152 155 156 162 163 164 165 167 172 173 175 176 180
42 112 113 116 118 119 120 124 125 126 128 129 130 131 132 137 138 139 140 143 144 145 146 147 148 151 154 155 156 158 160 161 163 164 166 167 168 169 172 174 175 178 180
31 113 114 115 116 117 118 119 122 124 127 130 132 133 134 135 137 149 150 152 155 157 159 161 165 166 167 170 174 176 177 180
21 120 121 127 128 133 139 142 146 147 148 152 158 161 162 163 164 165 168 170 173 174
33 113 114 116 120 123 126 127 128 136 139 140 141 142 143 146 148 149 151 153 154 156 160 161 163 164 166 167 170 171 172 176 178 180
29 114 115 120 123 124 126 130 131 137 138 142 143 144 145 148 149 154 155 156 158 163 165 166 168 170 171 173 176 180
24 120 122 124 125 128 130 133 135 137 140 141 142 143 144 145 148 149 157 158 167 170 173 174 178
27 112 116 118 122 127 129 130 131 132 136 139 141 142 145 147 148 149 151 159 161 162 165 171 172 173 178 180
31 113 116 117 119 127 128 130 135 136 138 139 140 143 144 146 147 148 151 152 153 154 155 156 162 163 164 166 169 172 175 179
25 112 113 117 119 120 122 130 131 136 138 139 144 145 147 154 158 159 160 161 164 169 172 176 179 180
26 113 114 115 116 121 122 131 134 135 137 142 143 151 152 160 161 162 165 166 167 168 172 173 174 176 179
33 112 114 115 117 118 121 122 124 125 126 127 128 129 130 131 132 133 135 136 141 143 147 150 152 153 155 156 162 164 166 168 172 178
28 114 115 118 120 123 125 126 127 128 131 133 135 138 142 145 148 150 151 153 155 156 157 163 169 170 171 175 177
27 113 114 116 118 119 122 125 127 129 130 134 142 148 151 153 154 155 157 160 161 162 166 167 168 172 178 179
44 113 116 117 120 121 122 123 124 125 127 128 130 132 133 136 137 142 145 146 147 149 150 151 154 155 156 158 159 161 162 164 165 166 167 168 169 170 172 173 175 176 177 178 179
29 113 116 119 120 122 123 124 127 129 130 136 137 139 141 143 153 158 160 161 162 163 166 169 171 174 175 176 179 180
23 115 120 121 122 126 133 135 136 141 142 143 150 151 154 155 161 162 168 170 174 175 178 179
29 114 118 120 124 125 127 128 129 131 133 135 137 139 140 141 142 144 147 149 151 152 154 159 163 168 169 174 177 180
32 114 116 117 118 120 121 123 125 127 129 131 132 140 142 144 147 149 150 151 152 157 158 159 160 162 165 168 170 171 172 173 179
26 115 116 122 123 126 127 132 137 138 143 146 148 149 150 151 152 159 162 164 167 168 169 170 177 178 180
45 112 113 114 115 116 120 121 122 123 124 127 128 130 131 132 133 135 136 137 138 142 143 144 146 147 148 150 153 154 156 157 158 159 161 162 163 164 165 166 167 169 174 175 176 178
43 112 114 117 118 119 120 121 122 123 124 125 128 129 131 132 137 138 141 142 144 145 146 147 148 150 152 153 156 157 158 159 161 162 163 164 166 167 169 170 171 177 178 179
39 112 114 115 117 119 120 122 123 126 127 128 129 131 135 136 138 139 140 144 145 146 149 150 151 152 153 154 156 157 158 161 162 164 166 170 172 175 176 177
29 112 113 114 116 117 120 122 123 126 128 131 133 135 136 140 142 143 146 150 155 156 160 163 165 170 171 172 174 178
29 114 115 116 121 122 125 129 131 135 136 141 143 144 145 147 148 153 155 157 159 160 164 168 170 172 173 177 178 179
22 112 113 116 123 124 125 126 129 130 136 137 139 141 152 163 164 170 172 174 175 177 180
35 115 118 121 125 129 130 131 132 134 136 138 141 142 143 145 146 147 148 149 151 152 155 156 157 158 163 164 166 170 172 173 176 177 178 180
47 112 113 114 116 117 119 120 122 123 124 125 127 128 129 132 133 135 136 139 140 141 142 143 146 147 148 149 150 151 152 153 155 156 157 158 159 160 162 164 165 167 168 171 175 177 179 180
28 112 114 115 116 117 119 123 127 129 130 131 132 133 135 139 140 142 143 152 159 162 164 167 170 171 173 174 180
27 114 118 119 120 123 124 127 129 130 134 135 136 145 146 147 148 150 154 157 159 161 162 165 166 173 176 178
25 114 117 120 121 129 130 132 133 136 137 138 141 144 145 146 152 155 158 159 160 162 164 168 171 178
21 112 123 124 126 129 131 132 137 138 139 141 144 149 160 163 164 169 171 174 178 180
42 112 113 118 119 122 123 124 125 126 127 129 132 133 134 138 139 142 143 144 145 147 149 151 153 154 155 156 157 160 162 163 165 166 168 170 172 174 176 177 178 179 180
41 113 115 116 117 118 119 121 126 127 128 131 133 134 135 137 138 141 143 144 145 146 149 151 154 157 158 159 160 163 165 166 167 168 170 172 173 174 176 178 179 180
41 112 113 114 116 117 118 120 121 123 124 126 130 131 132 134 135 136 138 141 143 144 145 146 148 153 154 155 156 158 160 161 162 163 165 169 170 173 174 175 177 180
21 112 113 127 131 132 134 135 137 138 140 142 143 146 148 153 165 166 171 172 175 180
37 117 119 122 123 127 130 134 136 137 138 139 141 142 143 144 145 146 147 148 149 153 154 157 158 159 160 161 162 163 165 167 170 173 175 176 179 180
30 116 120 126 127 129 132 138 139 140 141 142 143 145 146 149 153 154 155 156 161 162 163 165 166 167 168 171 173 179 180
27 117 119 121 122 123 132 135 137 140 142 143 145 152 155 156 157 160 162 167 168 170 171 174 176 177 178 179
34 112 115 116 118 121 123 125 126 127 128 130 133 134 136 139 141 142 145 147 149 150 152 154 159 160 166 169 171 173 174 176 177 178 179
37 112 115 116 118 121 122 124 126 127 130 134 139 141 142 143 144 145 147 148 150 152 153 154 155 163 166 167 168 170 171 172 174 175 176 177 178 179
27 112 120 123 125 131 133 134 136 138 139 145 146 147 153 155 156 160 161 162 163 165 166 168 173 175 176 178
30 115 116 117 121 123 127 132 133 140 142 143 145 148 149 150 151 153 159 161 163 164 165 167 168 171 173 174 177 179 180
42 112 113 114 116 117 118 123 124 125 128 129 131 132 134 135 136 137 138 139 140 142 143 145 146 147 148 149 150 151 152 153 156 158 160 166 167 168 169 171 174 175 176
37 116 117 120 122 124 126 127 131 132 133 134 135 138 139 141 142 143 144 147 151 152 155 159 161 162 165 166 167 170 172 173 174 175 176 177 179 180
30 112 114 118 119 120 121 124 125 126 129 131 132 137 139 143 144 148 149 154 157 158 161 164 166 167 168 172 173 174 180
40 114 115 117 119 122 125 127 130 132 134 135 136 137 138 140 141 144 145 147 149 150 153 154 156 158 159 160 161 162 163 164 165 167 169 172 174 175 177 178 180
25 112 116 117 121 127 128 130 131 132 138 140 141 144 150 152 157 164 166 167 168 170 173 174 179 180
46 112 113 115 117 118 120 121 122 125 126 128 129 132 136 137 138 139 143 145 146 147 148 149 150 153 154 155 156 157 158 159 160 161 163 164 165 167 168 169 170 171 174 177 178 179 180
22 116 117 122 124 127 132 134 136 137 139 143 144 145 150 152 156 162 163 174 176 178 179
23 112 115 116 121 122 128 129 130 132 135 138 139 142 143 144 145 148 151 155 163 167 175 180
43 112 114 115 122 123 124 127 128 130 133 134 137 139 142 143 144 146 148 149 151 153 154 156 157 159 162 163 164 165 166 167 168 169 170 171 172 173 174 176 177 178 179 180
42 113 116 120 123 125 127 128 129 130 131 133 134 135 136 137 140 142 144 145 146 148 149 152 154 156 157 159 161 162 163 165 166 168 169 170 171 172 173 174 176 178 180
40 112 114 115 119 120 121 122 123 124 125 126 127 128 129 130 133 137 141 144 145 146 147 148 150 151 152 156 157 159 161 162 163 171 172 175 176 177 178 179 180
32 113 114 120 121 122 123 124 127 128 130 133 140 142 144 145 148 150 152 153 154 156 158 160 161 162 168 170 172 175 176 178 179
35 112 116 117 118 119 121 122 123 125 128 129 130 131 132 133 135 136 138 139 140 143 145 146 147 148 152 153 154 166 169 170 176 177 179 180
45 113 114 117 119 120 122 123 125 126 127 128 132 134 135 136 139 141 143 144 147 148 149 150 151 152 154 157 158 159 160 161 163 164 165 166 168 171 172 173 174 175 176 178 179 180
24 112 116 120 122 129 132 137 139 146 147 150 155 156 157 160 162 166 169 174 175 176 177 178 180
33 112 117 119 123 124 125 127 130 131 132 133 136 138 139 142 145 149 150 153 155 156 157 159 162 165 169 170 172 174 175 176 179 180
28 113 114 116 119 121 122 125 127 128 133 137 139 141 143 145 148 149 150 152 154 156 158 159 160 164 166 175 180
34 114 116 120 121 122 123 124 125 126 127 130 131 133 135 136 137 139 142 144 145 154 155 159 161 163 164 166 167 168 174 175 176 177 178
30 115 116 121 122 123 125 128 129 130 134 135 138 140 141 144 148 149 153 154 156 162 165 170 172 173 174 175 176 179 180
41 112 113 114 115 116 117 119 123 124 125 127 129 130 132 134 135 138 139 140 142 145 146 152 153 154 155 156 157 158 159 160 163 164 166 169 170 171 172 176 179 180
34 113 114 116 119 122 125 130 131 132 135 136 137 138 139 142 144 147 149 152 153 155 157 159 164 165 166 167 168 169 170 173 175 178 179
44 112 114 115 118 120 124 125 127 128 132 133 134 135 136 139 141 143 145 146 147 148 149 150 151 152 154 155 156 157 158 159 162 164 165 166 167 168 170 172 173 174 176 178 180
21 112 117 118 121 124 134 139 142 147 149 151 157 159 160 162 168 172 174 175 178 180
29 113 116 117 119 126 130 132 134 136 137 140 143 145 149 150 155 157 159 160 161 162 163 166 169 170 172 175 176 178
44 112 113 114 115 117 118 119 122 123 127 128 129 130 131 132 133 134 135 136 137 138 140 142 143 145 146 147 148 151 154 156 158 159 160 162 164 171 172 173 174 176 177 179 180
25 113 116 118 126 134 136 140 141 142 146 147 148 152 155 158 160 163 167 169 171 172 173 174 175 176
21 116 117 122 124 133 134 137 140 142 145 148 149 150 151 157 163 164 165 170 171 176
27 119 121 123 126 128 129 130 131 132 135 140 142 143 146 149 150 151 153 159 161 162 166 173 175 176 177 178
27 112 113 114 116 118 119 124 125 126 132 135 136 138 139 140 141 142 144 146 150 153 155 160 166 172 177 180
29 112 115 121 126 127 128 135 139 140 141 142 144 147 148 149 152 153 154 156 157 161 164 165 167 171 172 175 177 180
36 113 114 115 117 119 123 124 128 129 130 133 134 135 136 138 139 145 148 149 150 151 153 154 155 156 158 160 164 167 169 170 171 173 176 178 180
22 117 120 122 124 125 128 132 134 136 138 144 152 155 156 157 159 160 161 164 168 173 175
35 112 113 115 118 119 120 123 124 125 127 128 132 135 136 138 139 140 142 144 146 149 150 151 157 158 163 165 166 167 168 170 172 178 179 180
44 113 114 115 116 117 118 119 121 123 124 126 127 129 130 131 132 135 137 140 141 143 144 146 147 151 152 153 154 156 157 158 160 161 163 164 167 169 170 171 172 176 177 178 179
36 114 117 118 119 120 121 123 125 126 127 133 136 141 143 144 147 148 149 150 151 153 155 158 160 161 164 165 166 167 168 170 172 174 176 178 179
42 112 113 115 117 118 119 120 123 125 126 127 128 129 131 134 135 136 137 138 139 142 144 148 149 150 151 153 155 158 159 160 163 164 165 166 168 169 170 171 174 176 180
21 118 123 124 125 126 127 134 146 147 151 153 156 157 164 165 169 170 171 172 176 178
34 112 115 116 119 121 122 125 128 131 132 133 142 143 144 145 148 150 151 155 156 157 158 160 161 162 164 169 172 173 175 176 177 179 180
37 112 114 115 117 118 119 122 123 124 125 132 133 135 137 138 139 140 142 145 146 147 149 151 152 153 156 161 162 167 169 170 171 173 174 177 179 180
34 112 115 116 117 118 119 121 123 125 126 127 129 134 135 136 137 138 141 143 146 150 152 154 156 157 160 164 165 166 168 170 174 178 179
37 113 116 118 121 126 127 129 130 134 137 138 139 140 142 143 144 146 147 148 149 150 151 152 154 156 158 159 160 162 167 169 170 171 172 177 178 179
26 113 120 128 131 133 134 135 137 140 141 142 143 146 148 153 154 159 160 161 163 164 167 169 172 173 178
40 112 115 117 119 121 124 125 126 130 131 134 135 136 137 139 140 141 142 143 144 145 146 147 148 150 153 154 160 163 165 167 171 172 173 174 175 176 177 178 180
33 113 114 115 117 118 119 125 126 131 132 135 137 140 145 146 147 149 150 151 153 154 156 157 159 160 161 163 166 168 170 172 174 175
39 112 113 114 115 116 118 119 123 124 125 127 128 129 131 132 133 135 138 139 142 143 145 150 151 152 155 157 159 160 162 164 165 167 168 172 176 178 179 180
22 113 115 117 118 122 123 125 131 133 134 136 137 139 142 150 154 155 157 162 174 175 179
35 112 114 115 118 121 122 123 124 127 130 131 133 134 135 137 138 140 144 150 151 154 155 157 158 159 161 162 164 165 166 168 169 171 179 180
22 125 127 129 130 131 136 140 142 143 150 153 154 155 158 161 162 163 166 169 175 177 180
37 112 114 117 119 121 122 124 125 129 130 131 132 133 135 136 138 143 145 149 151 152 154 155 157 159 161 162 166 167 169 170 172 173 174 175 177 178
45 113 115 116 117 118 119 121 122 124 125 127 128 129 130 131 132 136 137 139 141 144 147 148 150 151 152 153 155 156 157 161 162 163 165 166 167 168 169 170 172 173 174 177 178 180
22 115 118 119 121 123 124 126 128 133 136 139 140 146 152 158 164 167 169 172 175 178 180
42 112 114 116 117 118 120 123 125 126 127 128 130 131 132 134 137 138 140 141 144 145 146 147 148 149 150 152 153 154 155 157 161 163 164 165 166 167 168 172 173 174 179
39 115 117 122 125 128 130 133 134 135 137 138 139 140 141 143 145 147 149 150 151 152 153 154 155 157 158 162 163 165 167 168 169 171 172 173 174 175 176 179
38 115 116 117 120 123 124 126 128 133 134 135 137 138 139 140 141 142 143 146 148 153 154 155 158 159 160 162 163 167 168 169 170 171 173 176 177 179 180
24 114 118 120 122 123 125 127 129 130 138 140 141 144 147 148 153 161 165 166 167 172 174 177 178
41 113 114 116 119 120 123 126 132 133 136 137 138 139 140 141 142 144 145 146 151 152 153 155 156 158 159 161 163 164 165 166 167 168 172 173 174 175 176 177 178 179
31 112 114 115 120 121 123 125 127 129 130 131 132 133 135 138 140 141 149 151 152 156 157 158 160 163 169 172 173 174 177 180
20 112 114 117 122 125 127 128 130 139 144 148 150 152 153 160 163 165 167 168 178
32 112 113 114 115 117 118 119 123 129 132 134 135 136 139 142 145 146 150 151 154 155 157 162 163 165 166 167 170 171 175 177 178
33 112 114 115 117 118 119 120 122 123 128 129 136 137 138 139 142 143 144 153 155 157 159 160 163 166 167 169 170 173 175 176 178 180
20 115 118 122 123 128 132 140 141 144 146 147 149 157 160 161 163 170 172 175 180
37 113 114 117 118 119 120 121 122 123 126 131 132 133 139 140 144 145 146 147 148 149 150 154 155 163 165 166 167 168 170 172 173 175 176 177 178 179
35 113 119 120 122 124 126 127 128 129 130 132 135 136 137 140 141 143 144 145 147 148 149 150 151 156 158 161 163 165 167 169 170 171 173 178
26 114 122 123 126 128 129 132 133 135 138 142 145 156 158 159 162 165 167 168 169 170 175 177 178 179 180
29 112 113 114 118 119 120 121 127 128 129 130 135 138 143 145 146 147 149 150 154 157 162 166 167 168 169 174 178 179
34 113 115 117 120 121 125 127 130 132 137 139 140 142 143 144 145 148 150 152 154 156 158 162 163 165 168 169 170 172 173 176 177 178 180
41 113 114 115 116 118 119 120 121 122 125 126 127 128 129 131 133 134 135 137 138 139 141 142 143 148 151 154 155 157 158 159 160 161 165 169 171 172 173 175 176 180
39 112 114 116 117 120 122 123 124 125 127 129 130 132 133 136 137 139 141 142 143 144 147 149 150 151 152 153 155 157 159 164 165 166 167 170 173 175 177 180
25 112 113 118 124 125 131 137 139 142 147 148 149 151 152 153 154 158 160 162 163 166 167 168 177 178
41 113 116 118 121 123 124 125 126 127 129 130 131 133 134 135 137 138 140 141 143 144 145 146 147 148 151 153 154 156 157 158 161 162 165 167 170 171 173 175 178 179
25 115 120 121 130 132 135 136 141 142 143 146 149 150 151 152 159 160 161 167 168 170 171 173 176 178
32 113 116 117 124 127 130 131 135 136 137 142 143 144 145 146 149 150 153 155 156 158 159 160 162 163 165 166 167 172 174 176 179
39 113 114 115 117 118 119 121 122 123 124 127 128 129 131 133 135 136 139 140 141 142 144 146 147 149 150 151 152 155 156 157 162 164 170 173 174 176 179 180
46 112 113 115 116 117 119 120 122 123 124 127 128 130 131 133 134 135 136 137 138 139 141 142 143 144 146 147 149 150 156 159 160 161 162 163 164 166 167 170 171 173 174 175 176 177 178
31 112 115 116 122 127 130 134 135 140 141 142 144 145 147 152 154 155 156 157 158 160 161 163 165 168 169 172 173 174 175 179
35 112 114 115 117 119 120 122 125 130 133 135 136 138 139 141 142 144 145 149 150 154 155 156 157 158 161 162 166 168 169 170 171 174 176 177
43 113 116 117 118 119 120 122 124 125 126 127 128 130 132 133 135 136 139 140 141 143 144 145 146 147 148 151 154 155 156 158 159 163 165 166 168 169 170 174 175 177 179 180
35 112 114 116 118 119 120 121 122 124 125 127 131 132 136 137 139 140 144 146 147 150 155 157 159 160 161 164 166 167 168 169 170 172 178 179
31 118 121 122 124 126 127 130 131 134 136 139 142 143 145 148 151 152 158 159 161 163 164 165 166 168 169 171 172 173 176 177
33 112 118 119 128 129 132 134 138 140 141 142 143 144 145 146 147 151 155 156 158 159 160 161 164 165 167 169 171 174 175 178 179 180
24 112 114 115 121 123 125 127 131 133 137 139 140 141 146 149 156 158 160 161 162 166 168 173 178
26 115 116 117 125 126 127 129 131 136 140 141 143 147 151 153 158 161 164 165 166 167 168 174 176 177 179
34 112 113 116 118 123 125 126 127 128 132 134 135 137 138 140 142 146 148 149 150 155 156 160 162 163 164 167 169 172 173 174 175 178 180
34 113 114 115 116 119 121 123 125 127 128 129 133 134 136 139 141 146 147 148 149 151 152 153 155 158 161 162 172 173 174 175 177 178 180
39 112 113 115 117 119 120 121 124 125 126 128 129 130 131 132 133 134 136 139 142 143 144 145 149 150 153 155 157 160 162 163 169 170 171 174 176 177 178 180
34 112 113 114 115 116 118 120 122 123 124 126 128 132 133 134 137 138 141 144 151 152 153 155 156 157 158 164 165 169 172 175 176 179 180
42 112 113 118 119 122 124 125 126 127 128 129 130 132 134 138 139 140 141 142 143 145 146 147 149 150 152 154 161 162 163 164 165 166 169 170 171 172 173 175 177 179 180
47 113 114 115 116 117 119 120 121 122 125 126 127 128 129 131 132 133 135 136 137 138 139 140 141 143 145 146 147 148 149 151 153 154 158 159 160 162 164 165 167 169 170 172 174 176 178 180
42 112 113 114 118 120 121 124 125 126 128 130 131 134 135 138 140 141 143 144 146 147 149 152 153 155 157 158 159 160 161 162 163 165 166 167 168 169 170 177 178 179 180
35 113 116 117 119 121 123 124 129 134 136 138 142 143 144 145 146 147 151 154 155 157 158 162 163 164 165 166 168 169 172 173 175 176 178 179
47 113 114 115 116 118 119 120 122 123 124 125 128 129 130 132 133 134 135 137 138 143 144 145 146 147 148 151 152 153 154 155 156 161 162 163 164 165 166 167 168 170 171 173 175 176 177 180
48 112 113 115 116 117 119 120 121 125 127 128 129 130 132 133 134 135 136 137 138 143 144 146 147 149 150 152 153 154 156 157 159 160 164 165 166 168 169 170 172 173 174 175 176 177 178 179 180
20 113 114 115 119 121 125 127 128 134 138 139 143 144 146 147 155 161 163 176 180
38 112 114 116 117 119 120 126 128 129 130 131 132 135 139 140 142 144 149 150 151 152 153 155 159 161 162 163 165 167 168 169 170 171 172 173 175 177 178
23 113 114 118 119 120 122 128 130 134 137 139 142 143 145 146 151 166 168 169 173 174 176 179
27 112 114 116 117 118 120 124 125 128 130 132 136 140 144 145 148 150 151 155 158 159 161 163 170 173 175 176
32 112 114 115 117 118 120 121 123 125 129 132 133 134 135 139 140 141 143 144 147 148 149 152 155 161 164 166 169 172 174 176 180
33 113 117 119 121 122 123 124 126 127 128 130 134 139 140 141 142 143 150 151 154 157 158 160 161 166 167 168 169 170 173 174 175 180
46 112 114 115 120 121 124 128 130 131 132 134 135 138 139 141 142 143 144 145 146 147 148 149 150 152 153 154 155 156 157 158 159 160 161 164 166 167 169 170 171 172 174 175 176 178 179
32 112 113 116 118 122 125 127 130 132 134 137 138 139 140 142 144 146 147 148 150 151 153 155 159 160 162 164 167 170 178 179 180
25 115 116 126 131 136 141 142 145 146 147 148 152 153 154 155 160 162 163 164 167 169 173 175 179 180
42 113 114 115 116 118 119 124 125 126 127 128 130 132 133 137 139 141 147 148 152 155 156 157 158 159 160 161 162 163 164 165 166 167 168 170 171 174 176 177 178 179 180
34 112 113 114 117 120 123 125 130 131 134 135 136 137 140 141 143 147 149 150 151 153 156 158 159 162 164 168 170 171 172 173 176 178 179
