203 1036
64 1 2 3 4 5 6 7 8 9 10 11 12 13 14 15 16 17 18 19 20 21 22 23 24 25 26 27 28 29 30 31 32 33 34 35 36 37 38 39 40 41 42 43 44 45 46 47 48 49 50 51 52 53 54 55 56 57 58 59 60 61 62 63 64
41 1 2 3 4 8 9 10 11 17 18 19 20 21 23 24 26 28 33 34 36 37 38 39 41 43 44 45 46 47 49 51 53 54 55 56 58 59 61 62 63 64
46 2 3 4 5 8 9 10 11 12 15 16 18 19 21 27 29 30 31 33 34 35 37 38 39 41 42 44 45 46 47 48 49 50 51 52 53 54 55 56 57 58 59 60 61 62 64
37 1 4 5 8 9 12 16 18 19 21 22 23 24 25 26 27 31 33 34 35 37 38 39 41 42 43 44 45 47 48 49 52 55 57 60 61 62
50 1 2 3 4 7 8 9 11 13 14 15 16 17 18 19 21 22 23 24 25 26 28 31 32 33 34 35 37 39 40 41 42 44 45 46 47 48 50 51 52 53 54 55 57 58 59 60 61 63 64
23 3 4 6 9 11 16 20 23 30 32 35 36 37 38 43 45 48 51 52 55 56 57 59
28 3 4 5 9 11 12 13 18 20 22 23 24 26 27 28 29 31 34 38 39 40 48 50 52 58 60 61 64
28 2 6 11 13 14 16 19 22 23 26 27 29 30 32 33 36 40 42 44 46 50 51 53 58 59 60 61 62
51 2 4 5 6 8 9 10 11 13 14 15 16 17 18 19 20 21 22 25 26 27 28 29 30 31 32 34 35 36 37 38 39 41 42 43 44 45 46 47 49 51 52 53 54 55 56 58 59 61 62 63
44 1 2 4 5 6 8 9 10 11 12 13 15 16 18 20 21 22 23 24 26 28 29 32 33 34 37 39 40 41 43 44 45 47 51 52 54 55 56 57 58 59 61 62 63
37 1 2 3 7 13 17 18 20 21 23 27 28 30 32 33 34 35 37 38 39 41 42 43 45 46 48 50 51 52 53 55 56 57 58 59 61 62
23 4 13 19 23 26 29 30 32 33 36 38 41 42 44 45 51 52 55 56 58 59 60 63
21 3 4 7 9 11 16 17 21 22 25 29 34 36 38 39 42 44 46 50 51 58
37 2 3 4 7 8 11 12 13 15 17 18 19 22 24 26 27 28 30 31 32 33 36 37 38 39 41 43 44 45 47 48 52 56 57 58 60 62
30 1 2 4 6 8 10 14 15 16 20 21 22 25 30 31 32 33 36 41 44 50 52 55 56 57 59 60 61 62 63
35 2 3 4 6 7 9 13 15 17 20 21 23 25 26 27 28 29 30 31 34 35 36 37 41 43 46 48 50 51 53 57 58 60 61 63
34 3 7 8 12 13 14 15 16 17 20 21 23 24 26 28 30 31 35 36 37 38 40 43 44 46 48 51 53 55 58 59 60 63 64
50 1 2 3 4 5 6 7 8 9 10 12 15 16 17 18 19 20 21 22 23 24 25 26 27 28 30 32 34 35 36 37 39 40 41 42 45 46 47 48 51 52 55 56 57 58 59 61 62 63 64
34 2 3 6 7 10 11 14 17 20 21 22 25 26 27 30 32 34 37 38 40 41 42 43 44 45 46 48 51 55 56 59 60 63 64
19 4 6 10 12 13 16 26 33 44 46 49 51 53 54 56 60 61 63 64
31 4 6 7 8 9 10 12 13 14 15 21 22 27 33 38 39 40 41 43 44 45 47 51 53 55 56 59 60 61 62 64
25 6 8 9 13 15 19 21 23 24 26 28 32 34 38 41 43 45 46 47 53 56 58 59 62 63
40 1 4 6 7 9 12 13 15 16 18 19 20 22 23 24 26 27 30 32 34 38 39 41 42 43 44 45 46 47 48 50 51 53 54 55 56 59 61 63 64
38 1 3 4 7 8 9 13 14 15 17 18 19 20 21 23 25 26 27 29 34 35 36 38 41 42 43 44 48 50 51 53 54 55 58 61 62 63 64
24 1 2 3 14 16 17 18 21 22 23 24 25 26 33 35 36 39 41 43 46 48 55 59 60
46 1 2 3 5 6 7 8 10 11 13 14 15 17 19 20 21 22 23 24 25 26 27 28 29 30 31 32 36 37 40 41 42 43 44 48 49 52 53 54 55 57 58 59 60 63 64
41 1 2 3 4 5 7 8 9 10 11 13 14 15 17 18 19 20 21 22 24 26 28 29 31 36 37 40 41 42 43 44 46 47 49 53 55 58 60 61 62 64
41 3 4 5 8 11 13 15 19 21 22 23 27 28 29 30 31 33 34 37 38 39 40 41 42 44 45 46 48 49 50 52 53 56 57 58 59 60 61 62 63 64
34 65 66 67 68 69 70 71 72 73 74 75 76 77 78 79 80 81 82 83 84 85 86 87 88 89 90 91 92 93 94 95 96 97 98
22 65 66 68 69 70 74 75 80 82 83 84 86 87 88 89 90 91 93 94 96 97 98
22 65 66 68 69 70 73 75 76 78 79 80 82 85 86 87 88 89 91 92 93 94 96
14 65 66 70 71 76 77 78 81 82 84 87 88 90 93
25 65 67 68 69 70 71 73 74 75 77 78 79 80 81 82 84 86 87 88 89 90 91 93 94 97
14 66 67 69 72 73 75 82 85 87 90 92 94 97 98
13 67 71 72 74 77 78 85 86 89 92 94 96 98
15 65 66 68 70 71 73 74 75 80 84 86 88 89 93 96
17 65 68 70 71 73 76 77 78 79 84 85 88 89 93 94 95 97
17 66 67 68 70 72 73 76 79 82 85 86 87 89 90 92 93 96
18 66 69 70 71 72 75 81 82 83 84 87 89 90 91 93 96 97 98
10 65 73 74 83 85 88 89 91 93 94
26 66 68 69 70 72 73 74 77 78 79 80 81 84 85 86 87 88 89 90 91 92 93 94 95 97 98
24 65 66 67 69 70 72 73 74 78 80 81 83 84 85 87 88 89 90 91 92 93 95 96 97
14 65 66 69 71 79 80 81 82 87 91 92 93 96 97
11 71 72 77 78 79 80 89 91 95 96 97
18 67 70 72 73 80 81 82 83 84 86 87 88 90 91 93 95 96 97
21 65 66 67 69 70 71 72 73 75 76 77 78 81 85 86 88 89 90 91 95 97
22 65 68 69 70 72 73 74 75 77 82 83 84 85 86 87 88 90 91 92 94 95 98
26 66 67 68 69 71 72 74 75 76 77 79 80 81 82 85 86 87 88 89 91 92 93 95 96 97 98
20 65 67 68 69 71 76 77 78 79 81 82 87 88 89 90 91 94 95 96 98
17 68 69 70 71 73 74 75 76 78 79 80 84 89 93 94 95 98
11 72 73 81 82 90 91 92 93 94 95 98
10 65 68 69 72 73 85 87 90 93 96
26 65 66 67 68 70 71 74 75 77 78 79 80 81 82 83 84 86 88 90 91 92 93 94 95 96 97
20 67 68 71 74 75 76 78 80 81 82 84 85 86 87 89 90 91 92 95 96
27 65 67 69 70 71 72 73 76 77 78 79 80 81 82 84 86 87 88 89 90 91 93 94 95 96 97 98
11 68 71 73 75 78 87 90 91 93 96 97
17 66 67 69 71 72 74 78 79 83 84 88 89 92 94 95 96 98
26 65 66 69 70 72 73 74 75 76 78 80 81 83 84 85 87 88 89 91 92 93 94 95 96 97 98
24 65 66 68 69 70 71 74 75 77 78 79 82 84 86 88 89 90 91 92 93 95 96 97 98
14 69 71 72 73 74 83 84 86 89 90 92 96 97 98
23 65 66 67 68 69 70 71 72 75 77 79 80 81 82 83 85 86 87 88 91 92 94 95
19 66 68 73 75 77 80 81 82 84 85 86 88 89 90 93 94 95 97 98
19 66 67 68 69 70 71 75 79 80 81 82 83 84 86 87 91 92 93 95
10 70 73 75 77 78 80 84 85 93 95
17 71 72 75 76 79 81 84 85 86 87 88 90 91 92 93 94 98
11 65 67 69 70 83 84 85 86 89 92 93
17 67 69 70 71 72 78 79 81 83 85 86 91 92 93 96 97 98
18 65 70 71 73 74 76 79 82 84 85 86 87 90 92 93 95 96 98
22 66 68 70 72 73 74 75 76 77 78 80 82 85 87 88 89 90 91 92 94 97 98
10 67 70 72 79 81 85 88 92 96 98
16 65 68 70 72 73 74 75 83 85 86 88 89 91 94 95 97
21 65 66 67 68 70 71 72 73 74 75 76 79 81 86 88 93 94 95 96 97 98
13 66 71 74 75 78 81 86 88 90 92 95 96 98
24 66 67 69 70 71 72 73 74 75 76 77 78 79 80 85 86 87 88 89 92 95 96 97 98
19 65 66 68 69 71 72 73 74 77 80 83 85 88 89 90 91 94 96 97
18 65 66 68 69 71 72 74 75 77 79 83 85 88 93 94 95 96 98
16 65 67 68 69 70 71 73 78 79 84 85 88 89 90 91 95
17 67 68 69 70 72 75 76 77 78 79 81 82 83 87 90 92 97
22 66 67 68 69 70 72 73 75 77 78 83 84 85 86 87 88 89 90 91 92 93 95
14 65 66 67 71 72 74 76 81 82 84 85 88 92 96
25 65 66 68 69 70 71 74 75 76 77 78 80 82 83 85 86 87 89 90 91 93 94 95 96 98
18 65 67 68 69 71 73 74 75 77 81 82 84 86 87 88 89 94 96
11 68 72 73 76 77 83 87 90 91 93 94
20 66 67 68 69 70 72 74 76 78 81 82 85 88 90 91 94 95 96 97 98
22 65 66 67 68 69 72 73 74 75 76 78 79 82 84 86 87 90 91 93 94 97 98
26 65 67 68 69 70 71 72 74 75 76 78 79 80 81 83 87 88 89 90 91 92 93 94 95 96 97
11 65 67 68 73 79 82 84 86 87 93 98
21 66 67 68 70 71 73 75 77 78 79 80 86 87 89 90 91 92 94 95 96 97
11 71 72 74 78 85 86 87 88 89 96 97
11 65 67 70 72 73 79 81 87 89 93 95
25 65 66 68 70 71 72 73 75 76 77 78 80 81 82 83 84 86 88 89 90 91 93 94 95 96
21 65 66 70 72 74 75 76 77 78 80 84 85 87 88 89 90 91 92 95 96 97
10 66 71 74 79 80 82 83 84 90 98
17 68 71 74 75 77 79 80 82 83 85 86 88 90 91 92 95 97
18 67 68 69 70 72 75 79 80 81 83 85 86 87 90 91 94 96 98
17 66 67 68 69 70 71 74 76 77 84 86 87 88 90 91 92 96
12 65 69 72 79 83 85 86 89 90 92 93 97
10 65 72 73 82 83 86 87 94 95 98
18 65 67 70 72 74 76 77 80 82 83 84 86 87 89 90 93 94 98
24 67 69 70 71 73 74 75 77 78 79 81 82 83 84 85 86 88 89 90 91 92 93 96 97
23 65 67 68 69 70 72 73 76 77 78 79 80 84 85 86 88 89 90 91 94 95 97 98
21 66 68 70 72 73 75 76 77 78 79 81 84 86 87 88 89 91 92 93 95 98
6 118 124 138 156 161 166
14 99 102 109 116 117 119 121 141 142 151 153 155 160 165
27 99 100 101 104 105 106 108 110 113 114 117 119 120 122 125 127 128 134 136 137 146 147 158 162 163 164 167
31 99 100 102 103 106 109 111 113 121 123 128 129 136 137 139 140 141 143 145 147 151 153 156 158 160 163 166 167 168 169 170
22 99 102 107 111 116 118 128 129 132 139 140 141 144 146 147 154 159 160 161 163 164 168
22 101 104 111 112 115 118 128 129 131 133 138 139 144 145 156 158 160 161 165 166 167 168
16 103 104 105 107 108 109 111 131 132 137 140 144 150 152 159 167
11 99 101 110 117 137 150 153 155 163 164 168
11 101 103 117 134 139 140 149 151 159 161 165
35 102 103 104 106 107 108 109 110 111 112 113 119 120 121 122 123 124 125 133 137 138 140 143 144 146 149 152 155 158 160 161 162 166 167 169
31 99 102 106 110 116 118 122 123 124 125 130 134 135 136 137 139 140 142 143 144 145 147 149 150 153 156 159 164 167 168 170
27 102 103 107 111 112 117 121 126 127 133 134 135 137 140 141 143 144 145 152 154 155 156 157 158 159 164 168
46 99 100 102 105 107 108 109 114 117 119 120 121 122 123 125 126 127 129 130 132 133 134 136 137 138 139 141 143 144 145 146 148 149 151 152 153 154 156 159 160 162 164 165 166 167 168
41 101 104 105 107 108 110 112 114 115 116 117 118 119 120 122 124 125 126 127 130 131 132 133 134 135 138 142 144 146 148 149 150 152 154 155 157 159 161 162 164 165
41 100 101 103 104 105 107 108 109 111 112 113 114 115 117 119 120 121 126 127 128 129 131 132 133 138 141 146 148 151 152 154 155 157 158 160 161 162 163 165 166 169
23 99 100 101 107 108 111 112 114 116 118 121 123 126 133 139 145 150 152 157 160 163 168 170
15 99 103 106 107 110 113 115 116 122 123 130 133 141 143 163
19 103 104 105 125 127 131 135 140 141 142 146 148 149 151 154 156 159 161 166
26 101 103 104 106 110 111 112 113 115 116 118 124 128 131 135 140 142 147 150 155 157 158 161 163 169 170
30 102 106 109 110 113 115 117 119 120 122 124 128 129 130 132 134 136 137 138 143 144 147 153 155 158 162 164 165 167 169
49 99 100 101 102 103 104 106 107 108 109 110 111 112 113 114 115 116 117 118 119 120 121 122 124 125 126 127 128 129 132 133 134 135 138 139 148 149 150 151 153 155 157 158 160 163 165 166 168 170
35 100 102 103 106 108 111 113 114 115 116 120 122 123 124 125 127 132 136 138 140 142 144 145 146 148 152 157 158 159 160 165 166 167 169 170
20 99 104 106 109 111 112 113 114 115 116 122 123 126 128 144 145 153 159 164 168
13 99 115 116 118 126 128 138 141 142 147 158 164 170
26 100 101 103 104 106 108 112 114 115 120 121 123 126 127 130 133 134 145 148 150 151 152 153 162 166 170
58 100 101 103 104 105 106 107 108 110 111 112 113 114 115 118 120 122 123 124 125 126 127 128 129 130 131 132 133 134 135 136 137 138 139 140 143 144 145 146 147 148 149 150 152 154 156 157 158 159 161 162 163 164 166 167 168 169 170
26 104 105 107 109 112 118 119 121 126 128 129 130 131 133 134 135 139 141 143 147 149 151 154 156 161 162
20 99 101 102 106 107 114 118 124 126 131 133 135 144 145 147 150 154 163 164 167
12 100 101 105 126 128 136 142 147 148 154 159 163
35 101 102 103 109 112 114 115 116 118 123 124 125 126 128 133 134 136 139 140 141 145 149 150 151 153 155 156 157 159 160 161 162 164 168 169
14 105 109 117 125 128 140 142 146 150 156 157 165 168 170
25 99 103 108 109 113 114 117 120 121 122 123 124 128 133 136 138 140 142 144 149 150 162 163 166 168
14 101 106 108 122 124 131 132 139 151 153 160 161 165 167
12 107 110 116 119 137 141 143 152 154 155 158 167
50 99 100 102 103 105 106 107 108 109 110 113 114 116 117 119 120 121 122 123 124 125 126 127 130 132 134 135 136 137 140 141 142 143 146 147 148 149 150 151 152 153 154 155 157 159 162 163 164 169 170
13 101 104 112 127 129 130 131 132 160 161 164 165 170
31 100 102 106 110 114 119 120 121 122 123 125 127 129 130 134 139 143 145 146 148 149 151 153 154 155 157 161 163 165 168 169
22 99 101 103 104 112 116 121 122 124 127 129 131 133 135 142 146 148 155 156 158 163 168
23 105 123 130 131 136 137 140 141 142 143 144 145 146 147 152 154 156 159 161 162 164 167 169
26 99 101 102 107 108 113 114 115 116 118 121 123 124 130 132 133 134 136 137 138 145 147 155 160 163 169
14 99 109 112 117 120 121 135 140 142 143 144 147 151 155
17 111 121 126 127 131 132 134 135 142 145 147 152 155 158 162 165 170
34 100 101 102 104 105 108 109 112 114 117 119 120 125 128 129 136 137 139 140 144 146 148 149 150 151 153 154 157 159 160 164 167 168 169
45 102 103 107 109 111 112 115 116 118 121 123 124 126 129 130 131 132 133 135 138 139 140 141 142 143 144 145 148 149 150 151 152 153 154 155 156 157 159 160 161 165 166 168 169 170
22 100 102 105 106 111 115 118 125 126 134 135 139 145 146 147 148 151 153 156 157 159 169
26 101 102 103 105 107 110 114 118 121 124 126 129 134 138 139 143 144 147 149 150 157 159 161 163 167 170
46 99 100 104 106 108 109 111 112 113 115 116 117 119 120 122 123 125 127 128 130 131 132 133 135 136 137 140 141 142 145 146 148 151 152 153 154 155 156 158 160 162 164 165 166 168 169
12 101 112 113 117 124 133 135 136 156 160 162 166
25 99 114 115 116 117 118 127 129 130 131 132 134 135 139 141 145 150 151 153 156 157 164 165 168 170
47 99 100 107 108 109 110 111 113 114 116 118 121 122 123 124 126 127 129 130 131 133 135 137 138 139 140 143 145 146 147 150 152 153 154 155 156 157 159 160 161 163 164 165 166 167 169 170
31 100 103 104 106 110 111 112 120 122 126 127 129 131 135 139 141 143 144 148 149 151 152 153 154 158 159 161 162 164 166 167
21 100 108 111 113 118 119 123 125 128 137 139 140 141 143 147 152 159 164 165 166 167
29 102 105 106 107 109 110 114 115 117 120 126 130 132 134 136 138 144 145 149 150 151 153 154 157 160 161 162 169 170
14 100 107 110 112 126 145 149 151 154 157 159 162 165 170
58 99 101 102 103 104 105 106 108 109 111 113 114 115 116 117 118 119 120 121 122 123 124 125 127 128 129 130 131 132 133 134 135 136 137 138 139 140 141 142 143 144 146 147 148 150 152 153 155 156 158 160 161 163 164 166 167 168 169
34 101 103 104 105 107 108 113 114 115 118 122 123 125 126 127 129 130 131 136 139 141 146 148 150 153 156 157 159 160 163 164 166 167 169
61 99 100 102 104 105 106 107 108 109 110 111 112 113 114 115 116 118 119 120 121 122 123 124 125 126 127 128 129 130 131 132 133 135 136 137 138 141 142 143 144 145 146 147 148 150 152 153 154 155 156 157 158 160 162 163 164 166 167 168 169 170
1 119
25 101 102 103 104 105 106 112 115 117 119 120 125 128 132 134 136 141 142 144 148 149 151 158 162 168
20 99 104 105 109 110 113 114 116 123 125 129 130 136 138 142 146 149 162 166 169
11 100 115 118 119 120 128 147 148 150 163 170
27 100 104 105 109 110 111 112 113 116 121 125 130 132 136 137 138 146 148 149 152 153 156 157 158 159 162 168
37 99 100 104 105 106 107 108 110 111 113 117 119 120 121 122 127 129 130 131 132 135 137 138 142 143 144 146 147 148 152 154 158 163 165 166 167 170
9 100 110 111 132 138 149 161 165 168
25 103 108 115 117 119 120 122 123 127 128 129 134 139 140 141 142 143 151 155 160 161 165 166 169 170
15 102 106 116 119 124 128 133 134 137 145 152 154 158 162 170
10 105 113 131 136 137 138 142 143 155 165
14 109 110 117 119 122 124 125 135 149 156 157 158 167 169
22 100 102 103 105 107 108 118 119 120 124 125 130 131 132 134 141 149 150 152 156 158 165
30 101 110 117 121 127 129 133 135 136 137 138 139 140 142 143 146 147 148 151 154 155 157 160 161 162 163 166 167 169 170
19 101 104 111 112 115 118 128 129 138 139 144 145 156 158 160 161 165 167 168
16 99 101 102 107 118 124 126 131 133 135 144 145 147 154 163 167
8 109 110 117 124 135 156 157 167
10 101 104 127 129 131 132 160 161 164 165
4 124 138 156 166
13 99 103 107 113 115 116 122 123 130 133 141 143 163
11 102 103 119 120 124 125 130 132 134 141 152
11 99 102 116 117 119 121 141 151 153 155 165
12 104 105 135 146 148 149 151 154 156 159 161 166
18 99 114 117 118 129 130 131 132 134 135 139 141 145 153 156 157 165 168
18 100 108 113 115 116 120 127 136 138 140 142 144 145 148 157 158 166 169
14 99 103 113 117 121 122 123 124 128 136 140 162 166 168
13 103 104 105 107 108 109 131 132 137 144 150 159 167
44 99 100 102 103 106 107 108 109 110 113 114 116 119 120 121 122 123 124 125 126 130 134 135 136 137 140 141 142 146 147 148 149 150 151 152 153 154 155 159 162 163 164 169 170
11 99 101 103 112 122 124 131 133 155 156 168
14 104 105 109 113 114 116 125 130 136 138 142 146 162 166
7 101 117 124 135 136 156 160
6 100 110 132 138 165 168
9 99 112 120 121 140 142 144 147 155
16 103 104 106 112 120 126 131 135 141 144 149 151 161 162 166 167
36 99 102 103 104 105 106 109 111 113 114 117 118 119 123 125 130 134 135 136 137 140 142 143 144 146 147 148 152 156 158 163 164 166 167 168 169
9 99 101 110 117 137 155 163 164 168
8 99 109 120 135 140 143 144 151
20 105 123 130 131 136 137 141 142 143 145 146 147 152 154 156 161 162 164 167 169
12 109 110 117 119 122 124 125 135 149 157 158 167
19 101 104 111 112 115 118 128 131 133 138 139 145 156 158 160 161 165 167 168
12 111 112 129 131 133 139 144 145 158 160 165 168
10 104 111 115 116 126 128 144 153 159 164
8 100 118 119 120 128 148 163 170
9 103 106 113 116 122 123 130 143 163
17 100 108 118 119 123 125 137 139 140 141 143 147 152 159 165 166 167
36 99 100 102 103 106 108 109 110 114 116 117 119 120 122 123 124 125 127 132 135 137 140 141 142 143 146 148 149 150 152 154 155 157 163 169 170
42 101 103 104 105 106 107 113 114 115 118 120 122 126 127 128 130 131 132 133 134 135 136 137 138 139 140 143 144 146 147 148 149 150 157 158 159 161 162 163 164 167 170
20 99 101 102 113 114 116 118 123 130 132 133 134 136 137 138 145 155 160 163 169
11 111 113 123 125 140 141 152 159 164 166 167
9 100 110 145 149 154 157 159 162 165
9 105 117 125 128 140 142 150 168 170
11 102 106 115 135 139 146 147 151 153 156 159
20 99 114 115 116 117 127 129 135 139 141 145 150 151 153 156 157 164 165 168 170
9 100 112 126 145 149 151 157 162 165
22 101 103 105 107 110 114 118 124 126 129 134 138 139 144 147 149 150 157 159 161 163 170
11 101 106 108 122 124 132 139 151 160 161 167
16 100 104 109 110 112 116 121 125 130 132 136 137 152 157 162 168
5 105 136 137 138 155
30 99 100 104 106 108 109 111 112 115 117 119 123 125 127 128 131 132 135 136 140 142 145 146 148 152 156 158 162 164 168
39 100 104 106 108 109 111 112 113 115 116 117 119 120 122 125 127 128 130 131 132 135 136 137 141 142 145 151 152 153 154 155 156 158 160 162 164 165 168 169
23 99 105 117 119 120 125 127 132 133 134 136 139 144 145 148 151 152 153 162 164 166 167 168
27 100 103 104 106 110 111 112 120 122 126 127 129 139 141 143 144 148 149 151 153 154 158 161 162 164 166 167
35 100 104 106 108 109 111 112 113 117 120 122 123 125 130 131 133 135 136 137 140 141 142 145 146 148 151 152 153 154 155 158 162 164 166 168
20 105 130 131 136 137 140 141 142 143 144 145 146 147 152 156 161 162 164 167 169
18 103 108 115 119 122 123 127 128 129 134 140 142 151 155 160 161 166 170
32 101 103 105 106 107 108 112 113 114 115 123 132 133 135 137 140 144 145 146 148 149 150 152 154 157 158 159 161 162 163 167 170
9 101 108 122 132 139 160 161 165 167
26 100 101 104 107 111 112 114 117 121 128 129 133 138 146 152 154 155 157 158 160 161 162 163 165 166 169
25 101 117 121 129 133 135 136 137 138 139 140 146 147 148 151 154 155 157 160 161 162 163 166 169 170
15 104 106 109 112 114 115 116 122 123 126 144 145 153 159 168
16 102 104 106 112 117 119 120 125 128 136 141 142 148 151 158 162
28 99 100 104 107 108 110 111 113 117 120 122 129 130 131 132 137 138 142 143 144 146 147 148 152 158 165 166 167
20 103 108 115 119 120 122 123 127 129 139 140 142 143 151 155 161 165 166 169 170
38 99 100 102 103 106 107 110 114 116 117 121 123 125 126 127 130 134 135 136 140 142 143 146 147 148 149 151 152 153 154 155 157 159 162 163 164 169 170
14 103 125 127 131 135 140 141 148 149 154 156 159 161 166
20 99 100 102 103 106 109 123 128 129 139 141 145 153 156 158 160 163 167 169 170
17 99 111 116 128 129 132 139 140 141 144 146 147 154 160 161 164 168
15 108 118 123 125 128 137 139 140 141 143 147 159 164 165 167
17 100 108 111 113 118 119 123 128 137 139 141 143 147 152 164 165 166
14 100 102 105 108 118 119 120 124 130 141 149 150 152 165
27 100 103 105 107 108 109 113 114 115 117 121 127 128 132 133 138 148 151 152 155 157 158 160 162 163 166 169
19 100 106 107 108 113 119 122 127 129 130 135 137 142 143 146 152 163 166 167
16 102 111 133 134 135 137 143 144 145 152 154 155 157 158 159 168
12 106 116 119 128 133 134 137 145 152 154 158 162
17 99 103 106 109 113 123 128 136 137 139 140 141 153 158 160 163 170
31 107 110 111 113 114 116 118 122 123 124 126 127 130 131 133 135 137 138 139 140 147 150 152 153 157 160 161 165 166 167 170
8 102 106 124 133 134 137 152 158
10 107 110 116 119 137 141 143 152 154 158
8 101 129 130 131 132 160 161 164
18 105 123 130 131 136 137 141 142 144 146 147 152 154 156 159 161 162 167
7 101 103 134 140 149 151 159
29 100 102 103 106 108 113 114 115 120 122 123 124 125 127 132 136 138 140 144 145 146 148 152 158 159 160 165 169 170
43 99 101 102 103 109 111 113 114 115 116 118 119 120 121 122 124 125 127 128 129 130 132 133 134 135 136 139 140 141 143 144 147 148 150 152 153 156 158 160 161 164 167 169
34 100 103 104 105 106 107 111 113 114 118 123 125 127 128 129 133 134 135 137 139 140 143 146 148 149 154 156 157 159 161 164 166 168 169
16 105 107 109 112 118 121 126 128 130 131 133 135 139 141 149 162
12 101 104 111 118 128 131 139 144 145 160 165 166
24 100 103 104 110 112 120 122 126 127 129 131 135 139 141 144 148 151 152 153 154 159 161 162 164
17 99 101 107 108 112 114 116 118 121 126 139 145 152 157 163 168 170
26 100 101 102 104 105 108 109 112 114 117 125 128 129 137 140 144 146 149 151 153 154 157 160 164 168 169
11 99 102 109 116 117 141 142 151 155 160 165
9 109 117 122 125 135 149 156 158 167
10 104 112 127 129 131 132 160 161 164 165
11 104 116 122 124 129 131 135 142 146 155 168
28 100 101 104 105 107 108 109 112 113 117 119 121 126 128 131 132 133 141 151 154 155 157 158 162 163 165 166 169
21 100 103 106 109 113 121 123 128 129 140 141 145 151 153 156 158 160 163 166 169 170
7 102 106 128 145 154 162 170
13 102 103 107 120 124 130 131 141 149 150 152 156 158
29 100 103 108 111 113 114 115 116 120 122 123 124 125 127 132 136 138 142 144 145 146 148 152 158 159 165 166 169 170
8 107 137 141 143 152 154 155 167
18 101 110 117 121 127 133 140 142 143 148 154 155 157 163 166 167 169 170
22 99 101 104 105 108 110 113 114 117 119 120 122 125 127 128 134 137 146 158 162 163 167
17 99 104 105 109 110 113 114 116 125 129 130 138 142 146 149 166 169
23 100 102 103 108 111 116 120 122 123 124 125 127 132 136 138 148 157 159 160 165 167 169 170
14 99 111 118 128 129 140 144 146 147 159 160 163 164 168
8 99 115 128 138 141 142 147 170
25 100 102 103 106 108 111 113 114 115 116 120 123 124 132 136 140 142 145 148 152 157 158 166 167 170
26 100 104 105 108 109 112 114 117 119 120 125 128 129 136 139 140 148 149 150 151 154 157 159 160 167 169
32 102 103 107 109 111 112 123 124 126 129 130 131 132 133 135 139 141 142 143 144 150 151 152 153 154 156 157 159 165 166 168 169
24 100 103 104 110 111 120 122 126 127 131 135 139 141 143 144 148 151 154 158 161 162 164 166 167
8 99 109 120 140 142 143 147 151
17 100 119 120 122 123 127 129 139 145 148 149 151 153 161 165 168 169
19 101 103 104 106 110 113 116 124 131 135 140 142 147 150 157 158 161 163 170
19 99 102 107 108 113 114 115 116 118 121 123 130 132 133 136 137 145 147 160
35 102 107 109 111 112 115 116 118 121 123 126 129 130 131 132 133 135 140 141 142 144 145 148 150 151 152 153 155 156 157 161 165 166 168 170
22 100 101 103 104 106 112 120 121 123 126 127 130 133 134 145 148 150 151 152 153 162 170
17 101 104 112 115 128 129 131 133 139 145 156 158 160 161 166 167 168
9 101 127 129 130 131 132 160 161 165
6 101 117 134 139 140 151
14 99 106 109 111 112 113 115 116 122 144 145 153 159 168
19 101 110 117 121 127 135 136 137 140 143 148 154 155 161 163 166 167 169 170
16 99 100 105 106 113 114 125 127 128 134 136 137 147 158 163 164
13 99 101 108 111 114 116 121 126 139 145 152 157 168
11 99 115 116 126 138 141 142 147 158 164 170
9 100 101 105 128 136 147 148 154 163
15 100 109 110 111 113 121 132 136 148 149 153 156 158 159 168
19 101 103 104 110 111 112 113 116 118 128 135 142 147 150 155 157 158 161 169
17 99 101 103 104 116 121 122 124 129 131 146 148 155 156 158 163 168
13 100 106 115 118 125 126 134 135 145 148 153 159 169
19 102 103 107 112 117 121 126 135 137 140 141 144 154 155 156 157 158 159 168
18 99 101 107 108 113 114 118 121 123 124 132 133 136 137 145 147 155 163
7 117 139 140 149 151 159 165
8 106 124 133 137 145 152 154 162
3 138 156 161
14 100 101 107 108 111 112 126 133 150 152 157 160 163 168
8 99 101 110 137 153 155 163 168
4 118 138 161 166
13 106 111 112 114 115 116 122 123 126 153 159 164 168
8 99 109 117 119 141 142 155 165
11 109 110 117 122 124 125 135 149 156 157 167
9 106 108 122 124 131 132 153 161 167
8 106 107 110 113 115 116 123 143
18 104 109 111 112 113 116 121 125 130 132 136 137 146 148 149 156 158 168
9 99 116 126 141 142 147 158 164 170
10 99 103 107 110 113 115 116 122 133 141
13 104 105 107 108 109 131 132 137 140 150 152 159 167
3 118 138 156
7 117 125 142 146 150 165 170
8 109 125 135 149 156 157 158 167
6 107 137 141 143 158 167
16 99 102 111 128 129 132 139 140 141 146 147 154 159 161 164 168
7 107 137 143 152 154 158 167
8 99 101 137 150 153 155 163 168
13 103 104 106 113 116 128 131 135 142 147 155 158 170
12 123 130 131 136 141 142 144 145 154 159 161 169
9 101 104 127 129 131 132 160 164 165
23 100 102 103 114 115 116 120 122 123 124 125 136 138 142 145 146 148 157 159 165 166 169 170
12 103 105 125 127 131 135 140 141 142 149 156 159
15 104 105 109 110 116 123 125 129 136 138 146 149 162 166 169
23 101 117 121 127 129 133 135 137 138 139 140 142 146 147 148 151 155 160 161 163 166 167 170
17 105 106 109 110 114 115 117 126 130 132 134 138 145 150 153 157 170
40 99 100 102 103 105 106 107 108 110 113 116 117 120 121 123 124 125 126 127 130 132 134 135 136 141 143 146 148 149 152 153 154 155 157 159 162 163 164 169 170
40 99 100 102 103 105 109 110 113 114 119 120 121 122 123 124 125 126 127 134 135 136 137 140 141 142 143 146 148 149 150 151 152 153 154 155 157 159 162 163 169
14 100 104 105 110 113 121 136 137 138 146 148 153 156 162
11 104 105 108 109 131 132 137 140 150 159 167
16 100 102 105 107 108 118 124 125 130 131 132 134 141 150 152 158
7 101 103 134 139 140 149 165
7 112 117 124 133 135 136 156
17 99 104 105 109 110 113 114 116 123 125 129 130 138 142 149 162 166
14 100 102 105 107 108 119 120 124 130 131 132 141 152 165
18 111 112 115 118 128 129 131 133 138 139 144 145 156 158 160 165 167 168
50 101 102 103 104 105 108 109 111 113 114 115 116 117 118 120 121 122 123 124 125 127 129 130 131 132 133 135 136 137 138 139 140 141 143 144 146 147 150 152 153 155 156 158 161 163 164 166 167 168 169
9 99 102 116 117 119 151 153 155 160
19 102 103 104 105 106 112 117 119 120 125 134 136 141 142 144 148 149 151 158
17 99 100 101 107 108 112 114 118 123 126 133 139 150 152 157 163 170
46 100 101 103 105 106 108 113 114 115 117 118 119 123 124 125 126 127 128 129 130 131 133 134 135 136 138 139 141 142 144 145 146 147 148 150 153 154 155 156 158 159 160 165 166 167 168
49 99 102 103 104 108 110 111 112 114 116 117 119 120 121 123 124 125 126 127 128 129 130 132 133 134 137 138 139 140 144 145 147 148 150 152 153 154 155 158 159 160 162 163 164 165 166 168 169 170
39 99 100 103 106 107 108 109 115 116 119 121 122 123 124 128 130 133 134 135 139 140 142 143 145 147 149 150 151 152 153 154 157 158 159 161 163 166 167 170
44 100 101 102 103 104 105 107 108 112 113 116 117 118 121 123 125 127 128 130 131 132 133 134 135 136 137 138 140 141 143 144 145 146 147 149 150 154 155 156 158 159 160 163 164
27 99 103 106 108 111 113 117 119 122 125 127 128 129 130 133 134 136 137 142 148 150 151 153 158 159 161 167
22 99 106 108 115 119 123 124 125 127 129 131 132 138 142 149 152 153 154 159 165 167 170
42 99 104 106 107 108 111 112 114 116 117 118 119 120 122 123 124 126 128 129 130 132 133 134 135 136 138 142 144 145 147 148 150 151 154 156 157 158 161 164 165 166 168
48 99 100 101 102 103 106 107 108 110 111 115 116 117 119 120 122 123 124 125 127 129 131 133 134 135 139 140 141 142 143 144 145 146 148 150 152 153 156 158 159 161 163 165 166 167 168 169 170
23 100 104 105 109 116 118 121 128 129 133 134 136 139 143 144 145 148 156 158 161 162 164 168
49 99 101 104 105 106 107 108 109 110 112 114 115 116 119 120 121 124 125 127 128 129 130 135 136 137 138 139 142 144 145 146 151 152 154 155 156 157 158 159 161 162 163 164 165 166 167 168 169 170
30 99 100 101 102 103 105 106 110 111 113 118 120 121 122 124 125 127 128 131 133 134 139 146 148 151 153 154 158 160 170
31 101 102 103 105 106 107 108 109 111 112 113 114 116 117 119 126 128 132 134 135 137 142 144 148 151 156 157 158 162 163 165
44 99 100 101 102 103 105 107 108 109 111 113 116 117 120 123 127 128 129 130 131 133 134 138 139 140 141 144 146 147 149 150 151 153 154 155 157 158 159 160 163 164 166 168 169
30 101 103 104 111 112 114 115 117 120 121 126 127 129 130 131 134 136 140 143 145 147 151 154 155 156 158 161 163 165 168
25 99 101 105 112 113 116 120 122 125 127 134 137 138 141 142 144 146 153 154 156 157 158 166 168 170
40 99 100 101 102 103 108 113 114 115 116 118 120 122 123 125 126 127 128 130 131 133 134 135 137 138 142 143 145 146 148 151 152 153 158 160 162 166 168 169 170
48 100 103 105 108 110 111 112 114 115 116 117 120 122 124 125 127 128 130 131 132 133 134 135 136 138 141 142 145 147 148 150 151 152 153 154 156 158 159 160 161 162 163 165 166 167 168 169 170
29 101 105 106 107 109 111 117 120 124 126 133 135 139 140 141 142 144 147 148 149 153 154 157 159 161 163 166 169 170
48 99 100 101 104 106 109 110 111 112 114 115 118 119 121 123 125 128 129 131 133 135 136 137 138 139 140 142 144 145 146 147 148 151 152 153 154 155 156 158 159 161 162 163 165 166 167 168 169
29 99 101 102 103 107 108 112 113 114 119 124 125 126 128 130 131 133 137 139 142 146 147 152 156 158 162 166 168 170
38 99 104 105 107 109 110 111 113 114 116 119 120 122 126 127 128 130 131 132 133 134 136 144 145 148 150 152 153 154 155 159 160 161 163 166 167 168 170
37 99 101 103 104 106 108 109 112 117 119 121 127 128 129 131 134 135 137 138 139 143 144 145 146 147 150 151 152 153 157 159 160 161 163 165 166 170
23 101 102 107 108 109 113 115 125 131 134 137 140 142 144 150 152 156 157 160 161 165 167 169
36 104 106 110 111 114 118 122 123 124 128 129 131 132 134 136 138 139 140 142 143 146 147 149 151 154 157 158 161 162 163 164 166 167 168 169 170
41 100 101 105 110 112 113 116 117 118 119 120 122 124 125 130 131 132 133 134 135 136 137 138 139 145 149 150 151 152 157 158 159 160 161 162 163 164 165 167 169 170
25 99 101 102 104 106 108 109 110 112 113 114 118 122 123 127 131 137 139 147 151 152 156 157 163 164
24 99 100 101 107 108 109 111 112 115 116 119 129 132 133 134 138 142 144 147 149 152 158 164 169
30 99 109 112 113 116 118 119 122 125 128 129 133 137 140 141 147 149 150 151 152 153 160 161 162 163 164 165 166 168 170
47 100 101 102 105 106 107 108 109 111 112 113 114 115 116 117 119 121 123 125 126 127 128 129 131 132 133 134 136 138 139 140 141 144 145 146 148 150 151 156 158 160 161 163 164 165 166 169
41 99 100 102 103 106 107 110 111 112 113 114 117 121 122 124 125 126 127 128 130 132 133 135 138 140 141 142 145 147 148 150 151 152 153 156 158 159 160 161 166 167
35 99 101 102 104 106 108 109 111 114 115 117 118 121 125 127 129 130 131 135 139 140 142 144 146 147 148 149 151 152 156 159 161 162 164 169
28 99 102 103 104 110 111 114 115 122 126 128 133 137 139 142 143 146 147 149 150 152 155 158 160 164 165 167 169
23 105 106 107 108 111 114 120 122 126 127 128 129 130 132 135 136 138 139 148 156 157 162 165
34 99 101 102 108 109 110 111 112 113 119 122 123 124 125 126 131 133 135 137 139 141 144 146 147 150 151 152 156 157 158 167 168 169 170
39 101 104 105 113 115 116 117 119 122 123 124 126 129 131 133 134 136 137 138 142 143 144 145 146 147 149 150 152 153 154 156 158 159 160 161 162 163 168 169
44 99 100 101 102 103 104 106 108 110 111 115 116 119 123 126 128 129 130 131 133 134 136 137 138 139 142 143 146 147 149 152 153 154 157 158 159 160 161 162 164 165 167 168 170
43 100 102 103 105 106 107 108 109 110 112 113 114 115 118 121 122 125 128 129 134 136 138 140 141 143 144 145 146 148 149 150 151 152 153 154 155 158 160 161 164 165 169 170
43 99 100 102 103 104 105 106 107 108 109 110 112 114 115 117 119 121 122 123 131 133 134 136 138 139 142 143 144 145 146 148 152 153 154 155 156 157 158 159 160 163 165 166
30 100 101 102 103 105 106 107 108 110 111 116 117 124 129 130 134 136 139 141 146 149 151 153 154 156 157 160 165 168 170
32 101 105 106 107 109 111 115 116 117 119 120 122 123 125 129 130 135 136 140 142 143 146 148 149 150 151 153 154 160 163 165 169
33 101 102 103 105 106 109 110 112 114 119 120 123 125 127 131 132 133 134 136 141 142 144 145 147 152 156 159 160 161 162 163 164 166
22 100 103 105 106 107 111 113 119 126 128 129 141 143 144 145 150 155 159 160 163 164 166
45 99 100 101 102 105 110 111 112 113 114 116 117 118 119 120 122 123 124 125 126 127 129 130 131 134 137 144 146 147 148 150 151 154 155 156 157 158 160 162 163 165 166 168 169 170
36 99 100 102 103 105 107 109 110 111 113 118 119 121 122 123 127 128 133 134 136 139 142 146 147 148 149 150 154 157 158 159 161 162 165 167 170
47 99 100 102 104 106 107 109 111 112 115 116 119 120 121 122 123 124 125 126 127 129 130 132 134 136 137 139 140 141 142 144 147 149 150 152 153 156 157 159 160 161 162 164 167 168 169 170
47 100 101 102 103 104 105 106 107 108 109 110 111 112 113 118 120 121 122 125 131 132 134 135 136 137 139 141 144 146 148 149 150 152 153 154 155 157 159 160 161 162 163 164 165 166 168 170
24 99 102 103 104 106 107 112 115 119 121 122 129 135 137 139 143 144 147 148 150 159 161 163 164
45 99 100 102 105 106 107 109 110 112 113 114 115 116 117 119 123 124 125 126 127 129 130 131 132 135 136 139 141 142 146 147 148 149 150 151 153 155 159 160 162 164 165 167 168 169
27 100 102 103 107 108 110 113 114 121 122 126 130 136 139 140 142 146 147 154 156 157 158 159 161 162 166 168
37 100 101 105 106 107 108 112 114 116 117 119 120 122 123 124 126 128 129 130 133 134 135 136 137 142 143 145 147 151 152 157 161 162 163 165 167 168
47 100 103 106 107 108 109 111 112 114 115 116 117 119 120 123 127 129 130 131 132 133 134 135 136 137 138 139 141 142 143 145 146 147 148 150 152 153 154 155 157 158 161 162 163 164 166 167
24 100 103 105 107 108 111 113 114 116 117 122 123 131 138 142 145 147 148 150 155 156 162 166 170
29 100 103 104 105 107 110 112 116 117 118 120 124 125 126 129 132 140 144 147 152 153 154 155 156 157 160 161 167 168
40 100 102 105 106 107 109 111 112 114 116 118 119 120 121 122 123 124 127 128 132 135 136 137 138 139 142 143 144 146 148 149 150 153 157 158 160 161 162 168 170
31 102 103 104 112 113 114 116 117 119 120 122 123 127 128 133 135 136 137 138 139 141 150 153 154 155 162 164 165 166 168 170
26 99 106 110 111 112 113 115 118 127 130 132 134 136 139 142 143 144 145 150 151 154 155 159 161 167 169
39 99 101 103 104 106 107 110 113 116 117 118 123 124 126 130 132 134 135 138 142 144 146 147 148 149 150 151 152 155 156 159 161 162 163 164 166 167 169 170
43 99 102 103 104 105 107 108 110 111 112 114 116 117 119 121 122 123 124 125 126 127 132 138 140 142 143 145 146 147 148 150 151 152 153 155 158 160 162 163 165 167 168 170
47 99 100 101 102 103 106 109 111 112 114 116 118 119 120 121 123 124 125 126 127 128 131 133 134 136 137 138 140 141 142 143 144 148 149 150 151 154 155 156 157 158 159 161 162 164 165 166
25 99 102 103 104 105 112 118 120 121 122 123 126 129 131 135 143 145 149 150 152 154 161 162 164 170
26 99 100 102 104 111 112 113 117 118 121 123 124 130 133 135 136 137 140 141 143 147 154 155 165 166 168
50 100 101 103 105 106 108 109 110 113 114 115 117 119 121 122 123 124 125 127 128 129 130 131 132 133 134 135 137 138 141 142 143 144 145 146 151 152 153 155 156 157 160 161 162 164 165 166 167 168 170
24 103 105 113 121 124 125 129 133 136 137 139 140 142 143 144 145 150 151 152 158 159 161 165 167
47 99 100 104 109 110 111 113 114 115 116 117 118 119 120 121 122 124 127 129 132 133 134 135 136 138 139 141 143 144 147 148 149 150 153 154 155 156 159 160 161 162 163 164 167 168 169 170
24 100 103 105 106 109 115 124 129 132 135 142 143 146 147 149 152 156 157 158 164 165 166 169 170
42 100 101 104 106 107 109 111 114 115 116 118 119 121 122 126 129 131 133 137 138 139 141 142 143 145 146 148 149 150 151 152 154 155 156 157 158 161 164 165 166 168 169
36 100 101 107 108 110 114 115 116 117 121 122 123 126 130 132 134 135 136 137 139 140 141 143 144 147 149 151 152 153 154 155 156 158 160 166 167
45 100 102 103 104 106 107 108 109 110 113 114 115 116 117 118 121 122 125 126 129 130 132 133 134 135 136 138 139 140 143 145 146 147 148 149 150 155 157 160 161 162 165 166 168 169
30 99 100 101 102 103 105 109 114 117 123 124 125 130 135 136 137 138 140 141 143 144 146 152 153 156 157 159 160 169 170
32 99 101 104 105 107 111 112 113 114 118 122 123 129 130 131 132 134 135 137 145 146 147 150 151 152 153 154 156 157 159 161 164
37 104 107 109 110 111 114 115 117 118 119 120 121 122 123 124 128 130 131 132 136 137 139 140 141 146 149 150 155 157 159 161 164 165 166 168 169 170
33 101 105 108 109 111 117 121 122 124 125 126 128 131 134 136 138 139 140 142 143 145 148 149 150 151 152 155 157 158 160 166 169 170
37 99 100 101 102 109 112 116 118 119 120 123 127 128 131 133 134 136 137 140 143 145 147 148 149 150 151 153 156 157 158 162 164 166 167 168 169 170
39 99 101 104 111 112 113 114 117 119 120 121 122 123 124 125 126 128 129 132 133 136 137 139 140 142 143 144 145 146 147 150 152 155 156 157 163 164 166 169
23 102 104 113 115 119 120 122 123 124 125 126 128 129 138 139 143 149 150 158 159 163 167 169
45 100 101 103 104 105 106 108 109 113 114 117 120 121 122 124 125 127 128 129 131 132 133 136 139 140 141 144 146 147 149 151 152 153 155 156 157 159 161 163 164 165 166 168 169 170
49 99 100 103 104 105 106 107 108 109 110 114 115 116 117 118 119 120 122 123 124 125 126 127 128 129 130 132 135 138 141 143 144 146 148 149 150 151 153 154 155 156 157 158 159 160 162 163 164 166
38 102 104 107 110 111 112 115 116 117 119 120 123 124 127 129 131 132 133 134 137 138 139 140 144 145 146 149 150 151 152 153 154 157 160 162 163 164 165
25 101 103 106 107 109 111 112 113 119 122 131 133 141 142 144 149 153 156 157 159 160 161 164 165 167
32 101 105 107 109 114 117 118 124 126 128 130 131 136 137 138 139 140 141 142 143 144 145 146 148 149 154 157 158 159 160 167 169
25 100 106 108 111 116 117 118 121 123 129 130 131 132 135 142 143 152 155 157 158 159 160 162 165 170
41 99 101 102 103 104 105 106 107 108 110 111 115 119 120 121 122 123 124 125 126 127 128 129 130 133 137 140 142 144 147 148 149 150 155 157 159 161 163 165 167 169
26 100 102 103 104 105 107 116 118 123 124 127 129 130 131 133 135 139 140 142 148 157 160 161 163 164 165
49 100 104 106 107 108 110 111 113 114 115 116 120 121 123 124 125 126 127 128 133 134 135 136 137 138 139 140 141 142 143 145 147 148 149 150 152 153 155 157 158 160 161 162 163 164 165 167 169 170
44 99 100 102 105 107 109 110 111 113 114 116 118 119 121 124 125 128 129 130 131 132 134 136 137 138 139 145 147 149 150 153 155 157 158 159 160 161 162 165 166 167 168 169 170
37 101 105 108 109 110 111 112 115 116 121 123 126 127 129 131 132 134 136 137 139 140 142 143 147 148 149 151 152 154 155 157 158 159 160 162 165 170
25 103 105 106 107 109 113 121 122 125 127 128 136 139 143 145 146 149 150 153 155 158 161 162 168 169
28 100 102 105 108 109 110 112 113 114 127 128 131 132 136 137 139 140 141 143 146 147 149 150 158 159 163 164 167
28 99 101 103 105 106 111 117 120 122 127 133 134 135 136 141 143 145 146 149 150 152 154 155 156 163 164 165 169
46 101 102 104 105 106 107 108 109 110 111 115 116 121 122 124 125 126 127 128 129 130 134 136 137 138 139 144 145 148 150 152 153 155 156 157 158 159 160 161 164 165 166 167 168 169 170
50 99 100 102 103 105 106 107 109 110 111 113 114 116 117 119 120 121 122 124 125 127 128 129 131 132 133 136 137 139 141 142 143 144 145 146 148 149 151 152 153 156 157 159 160 161 162 163 165 168 169
26 99 100 102 108 110 113 115 116 118 120 121 127 131 134 137 139 142 144 146 155 158 159 163 164 165 169
22 100 101 103 115 118 119 120 121 128 133 140 141 144 145 149 151 153 154 156 159 160 169
42 99 100 101 104 105 107 109 112 114 116 118 121 122 124 125 126 127 129 130 131 133 134 136 137 139 143 145 147 151 152 153 155 156 157 158 163 164 165 167 168 169 170
35 100 105 107 112 116 117 118 119 121 125 126 127 129 131 133 134 135 136 142 146 147 149 150 152 154 157 158 160 162 163 165 166 167 168 170
50 99 101 102 103 104 105 106 107 108 109 110 111 112 114 115 117 118 120 122 124 126 128 131 132 133 135 136 137 138 139 140 141 144 146 147 148 149 150 151 153 154 155 156 158 160 164 166 167 168 169
35 99 101 102 103 104 106 110 111 113 114 115 117 119 121 124 130 131 134 135 136 138 142 144 147 149 151 152 153 157 158 159 163 164 167 168
40 100 101 102 105 106 107 108 109 111 113 115 117 121 122 123 124 127 129 134 136 138 140 142 144 145 147 149 150 151 152 153 154 156 158 160 161 162 164 167 168
24 101 102 104 106 107 109 111 114 117 119 125 128 132 134 137 139 144 151 155 156 157 158 159 167
34 99 100 103 106 107 115 119 120 121 125 126 127 128 130 134 135 136 138 141 142 143 144 146 147 152 154 155 156 157 159 161 166 168 169
22 100 106 107 109 110 114 118 119 125 126 128 132 136 137 138 140 141 142 146 155 165 167
48 99 100 102 104 105 109 112 113 116 119 121 123 125 126 127 130 132 134 135 136 139 140 142 143 144 145 146 147 148 149 150 151 152 153 155 156 158 159 160 161 162 163 164 165 166 168 169 170
38 99 101 103 104 105 111 113 114 115 116 120 123 124 125 130 131 133 134 135 138 140 144 149 152 155 157 159 160 161 162 163 164 165 166 167 168 169 170
27 102 103 107 109 116 119 125 127 128 132 137 142 146 147 148 149 150 152 153 155 156 160 162 163 167 169 170
26 99 103 108 109 112 116 120 121 126 128 133 135 142 147 148 153 154 155 156 158 160 161 162 164 167 168
35 99 103 105 107 109 114 115 116 117 119 120 122 123 125 126 128 129 130 134 135 136 139 142 144 145 155 156 158 159 160 161 164 165 169 170
24 102 104 107 109 112 115 116 117 118 120 121 124 126 127 128 138 146 155 161 162 163 164 165 166
30 99 100 104 105 106 108 111 114 121 122 125 126 127 128 129 137 141 144 146 151 153 159 161 164 165 166 167 168 169 170
27 99 103 107 109 112 114 117 119 124 126 127 129 132 134 138 146 147 149 150 151 153 156 157 165 168 169 170
37 101 104 105 108 110 113 116 118 119 123 124 125 128 129 130 131 132 133 134 137 138 139 144 145 146 152 153 155 156 157 158 160 161 162 163 165 167
27 104 105 109 113 114 115 120 124 128 132 134 136 140 142 143 144 145 146 150 151 152 153 155 165 167 168 170
49 99 100 101 105 106 107 108 110 111 112 116 117 119 124 125 126 127 128 129 130 131 132 134 135 136 139 140 141 144 147 148 149 150 151 152 153 155 156 158 159 160 161 162 163 165 166 167 169 170
44 99 100 102 104 105 106 110 111 112 113 114 117 121 123 126 127 129 132 133 134 135 136 137 138 139 140 141 142 144 147 149 152 154 155 158 160 161 162 163 164 165 167 169 170
43 99 101 102 104 105 106 107 108 110 111 113 114 115 116 118 121 122 124 127 128 129 131 132 136 140 141 143 145 146 149 152 156 158 159 162 163 164 165 166 167 168 169 170
45 99 100 101 102 104 106 107 109 111 112 114 115 116 117 120 121 124 127 128 129 130 132 134 136 137 138 139 141 144 145 146 147 148 150 153 154 156 157 159 160 162 164 165 167 170
34 101 103 104 106 107 111 113 116 118 119 124 125 127 129 132 133 139 140 141 142 144 145 146 147 152 154 155 156 161 162 165 166 167 169
41 100 101 102 103 104 107 108 109 110 112 113 117 118 119 120 124 126 127 128 131 132 133 134 135 136 137 138 140 142 147 148 150 152 153 156 157 159 161 163 164 167
33 100 103 104 105 106 107 108 111 112 114 115 116 118 122 123 126 128 131 132 134 135 138 142 145 147 148 151 156 157 161 162 163 169
26 112 116 121 122 127 128 129 130 131 134 135 138 139 140 141 144 148 149 150 152 153 164 165 166 167 169
23 99 100 106 110 111 114 119 120 121 133 134 137 138 140 142 146 148 153 154 157 160 161 162
40 100 101 102 103 105 108 109 110 111 112 114 116 117 118 124 125 129 134 135 136 137 142 144 147 149 151 152 153 154 155 157 159 160 162 164 165 166 167 169 170
33 100 101 102 109 112 116 117 118 120 124 127 130 131 132 133 135 136 137 140 143 145 147 148 150 154 156 157 158 160 165 167 169 170
26 101 102 107 109 114 115 117 122 124 126 128 134 136 137 138 140 142 144 145 149 153 155 157 160 161 168
22 101 102 103 105 106 112 118 122 125 126 133 134 139 140 141 142 151 152 160 163 165 166
41 99 100 101 102 103 107 110 111 112 113 114 115 117 122 123 124 125 128 129 131 132 134 135 138 139 141 142 145 146 148 151 152 153 154 156 160 161 162 166 168 169
37 99 102 105 109 111 112 115 116 118 122 123 129 130 131 132 135 136 137 138 139 141 143 144 145 147 149 151 152 155 157 158 159 161 164 165 166 170
32 100 101 104 108 109 112 113 115 120 122 123 124 126 127 133 136 137 140 142 144 145 148 149 150 152 158 161 163 166 167 168 169
41 100 102 104 106 107 109 110 113 116 117 121 122 123 124 126 127 128 129 130 132 134 135 136 137 138 142 144 148 149 150 152 153 155 157 159 161 163 166 167 168 170
40 99 103 106 108 111 112 113 116 117 119 123 125 126 127 129 134 135 136 139 140 141 142 143 145 147 148 150 151 152 153 154 155 157 158 159 161 162 163 166 169
33 99 111 113 114 115 116 118 124 128 129 130 132 134 135 137 138 139 141 142 143 144 145 148 153 154 155 161 162 164 165 166 169 170
50 99 101 102 103 104 105 107 108 111 112 113 114 115 116 117 118 120 121 123 124 127 129 130 131 133 134 135 137 138 139 140 142 143 146 147 148 149 150 152 155 156 157 158 159 160 162 163 165 166 167
47 99 100 102 103 104 105 106 107 108 114 117 120 122 126 127 128 129 131 132 133 134 135 136 137 138 139 141 142 143 144 145 146 148 149 150 153 156 157 159 161 162 163 165 166 167 168 169
27 100 104 105 106 115 116 117 118 122 127 131 133 138 139 141 142 146 148 149 153 159 161 163 164 166 169 170
47 100 101 104 106 108 110 111 113 114 115 116 117 119 120 121 123 124 125 126 127 128 130 133 135 136 137 138 139 142 143 144 147 150 152 153 155 156 157 158 159 161 162 163 164 166 168 170
26 100 102 105 108 116 117 121 123 124 126 128 129 130 133 135 142 145 146 147 148 149 153 156 164 167 168
41 99 100 103 104 106 111 112 113 114 115 118 121 122 123 125 126 127 132 133 134 135 136 137 139 142 145 147 151 153 154 155 156 157 158 159 160 162 163 166 168 169
42 100 101 102 104 107 108 109 110 111 112 118 119 120 121 122 123 127 130 131 132 137 139 140 142 143 144 146 149 150 152 155 156 157 158 159 161 162 164 166 167 169 170
21 99 100 101 102 106 107 110 118 122 123 127 134 136 139 141 145 149 159 162 163 168
37 99 104 105 106 109 111 114 118 119 122 124 125 126 132 133 135 138 140 141 143 144 145 147 148 150 151 153 154 155 157 159 160 163 167 168 169 170
21 100 105 108 113 124 125 128 132 134 135 136 140 141 142 149 156 159 162 167 168 170
24 102 104 111 115 116 119 122 125 127 128 131 136 137 142 143 147 149 152 155 156 157 158 160 170
44 100 101 102 103 105 108 109 111 115 116 118 119 123 124 126 127 128 129 130 131 132 135 136 138 140 141 142 147 148 149 150 153 154 156 157 158 161 163 164 165 166 167 168 169
42 99 100 102 103 105 107 108 109 111 115 118 121 122 124 126 130 131 134 135 136 137 138 140 141 142 144 145 146 147 149 150 151 152 153 156 157 158 161 164 165 168 169
50 99 102 103 106 107 110 111 113 115 117 118 119 120 122 123 124 125 126 127 128 129 131 132 133 134 137 138 141 143 145 146 147 148 149 150 152 153 154 155 156 157 159 160 162 164 165 166 167 169 170
27 101 106 109 110 114 115 121 122 123 124 131 134 135 136 140 141 144 145 146 149 152 156 162 163 164 167 169
21 99 100 103 104 106 107 108 110 114 116 120 123 124 128 131 139 147 160 161 162 165
36 102 103 107 109 112 114 115 116 118 119 120 122 124 125 126 127 130 131 133 134 135 136 137 139 140 141 142 143 146 149 151 152 156 165 167 168
35 100 101 104 105 107 108 110 111 115 118 119 120 125 127 129 133 134 137 138 143 144 145 146 149 151 152 155 157 160 163 165 167 168 169 170
39 101 102 103 109 110 111 112 115 119 120 122 123 125 127 129 131 132 134 136 137 142 143 145 146 149 150 151 154 155 156 160 161 162 163 164 165 166 167 168
36 101 102 104 107 108 109 110 118 119 121 124 125 126 129 132 133 134 136 139 141 143 144 145 146 148 150 151 154 155 156 158 163 165 166 167 170
24 99 102 105 106 107 109 110 111 115 117 120 132 134 137 140 143 144 151 154 155 160 162 164 167
40 99 101 106 109 110 114 117 118 119 121 122 123 124 125 127 128 129 130 132 133 136 137 138 140 142 143 144 149 151 152 154 156 158 161 162 163 164 165 166 170
29 100 104 105 106 108 109 112 113 114 116 119 126 127 128 131 137 139 141 143 144 146 150 156 159 161 162 163 166 167
35 100 101 102 104 110 112 113 114 115 116 117 120 121 122 124 127 130 132 135 136 137 139 141 142 143 147 152 153 155 156 160 162 165 168 170
40 100 101 102 103 105 107 108 109 110 112 113 116 117 119 121 123 124 126 131 132 133 134 137 140 142 143 148 150 152 156 157 158 159 160 162 163 164 168 169 170
44 99 102 104 107 108 109 110 111 113 115 118 121 123 124 125 126 127 128 129 131 133 134 135 136 138 141 142 143 144 145 148 149 150 152 154 156 158 159 161 162 164 167 169 170
43 99 100 104 107 108 109 111 112 113 115 117 118 119 121 123 126 127 128 131 134 135 136 137 138 139 143 146 147 149 150 152 153 155 156 158 160 163 164 165 166 168 169 170
43 99 101 103 104 105 106 107 108 113 114 117 118 121 124 125 126 127 128 129 130 131 133 134 135 136 137 140 142 145 146 148 149 150 151 153 155 157 161 163 165 168 169 170
48 99 100 101 104 107 108 109 110 111 113 115 117 118 119 122 123 124 125 126 127 128 130 132 133 134 135 137 139 140 141 142 145 146 147 148 149 150 151 152 155 159 160 161 162 164 165 167 168
24 102 103 106 109 110 112 116 117 118 125 126 132 137 138 140 141 144 148 149 153 157 161 168 170
42 99 101 103 107 109 111 113 114 117 118 119 120 124 126 131 132 135 136 137 140 142 143 144 145 146 147 149 150 152 153 154 155 156 157 158 159 160 161 162 164 165 167
41 103 104 106 109 110 112 113 115 116 117 118 121 124 125 126 131 132 133 134 136 139 142 143 144 147 149 151 152 154 155 156 157 158 159 160 161 162 165 166 168 170
43 99 101 103 104 107 108 110 111 112 113 114 116 118 119 120 121 122 123 124 127 128 129 131 132 135 138 141 142 144 146 150 151 152 155 156 157 159 162 163 164 165 166 168
32 99 100 102 110 112 115 116 120 121 123 125 126 127 129 131 132 135 138 141 142 144 145 148 149 151 153 155 156 160 166 168 170
26 99 104 105 107 110 112 113 114 117 122 129 132 135 137 139 143 145 150 151 155 157 158 166 168 169 170
48 100 101 103 104 105 107 108 109 110 111 112 113 116 117 119 121 124 131 132 133 134 135 136 137 139 141 142 144 145 146 147 148 149 151 152 154 155 156 157 158 160 161 162 163 164 166 168 169
25 103 106 108 110 111 112 115 116 117 119 125 127 128 129 130 131 133 143 145 148 159 160 161 164 169
23 101 106 109 110 111 115 120 131 133 138 141 145 147 149 150 154 155 160 163 164 167 169 170
49 99 100 101 102 103 105 106 107 108 109 110 111 112 113 114 115 117 123 125 127 128 129 131 132 133 137 138 139 140 141 142 145 148 149 151 152 154 156 157 158 159 160 162 163 166 167 168 169 170
32 103 105 108 109 111 112 115 117 120 122 124 130 132 134 135 136 137 142 143 144 146 148 150 153 158 159 160 161 164 165 166 170
47 101 102 104 105 106 108 110 111 113 114 116 119 121 124 125 127 129 130 131 132 133 135 136 139 140 141 142 143 144 145 147 149 151 152 153 154 155 157 159 160 161 162 163 165 166 167 168
3 189 190 199
10 174 175 181 187 188 190 193 198 200 202
6 179 188 195 199 200 201
9 171 172 173 178 186 194 196 198 203
8 173 179 182 190 191 198 201 203
9 171 172 176 181 182 187 190 191 193
8 173 182 188 193 197 198 199 201
9 171 175 183 187 188 190 192 196 202
12 172 177 178 180 181 189 193 194 195 198 199 203
12 171 175 177 180 183 188 189 194 195 196 199 203
16 174 175 178 179 181 183 184 185 187 189 190 191 192 194 200 202
16 171 174 176 177 179 180 184 186 187 188 194 195 197 199 201 203
8 172 174 176 186 189 191 196 197
15 172 173 174 176 182 185 187 189 190 193 198 199 200 201 203
11 172 174 177 178 183 185 187 188 193 197 198
12 171 176 185 189 191 194 195 196 198 199 201 203
9 173 183 186 193 195 196 197 198 200
6 174 180 184 189 196 198
11 172 174 178 180 182 183 186 187 188 190 197
2 201 202
13 172 176 177 181 182 187 189 192 193 196 198 199 201
5 180 184 189 192 199
5 173 176 179 184 191
9 173 177 178 179 181 184 186 189 203
18 171 173 175 176 177 180 182 183 187 191 192 194 195 196 197 198 200 203
8 179 180 181 182 183 187 195 202
14 173 174 176 177 178 183 186 191 192 193 196 197 200 203
8 179 182 187 191 194 197 198 202
10 171 173 181 184 187 188 193 194 195 202
9 176 180 184 185 188 191 194 196 197
10 171 175 177 179 181 187 188 190 202 203
17 171 172 177 178 180 181 185 186 188 189 192 194 195 196 197 200 202
19 171 172 175 179 180 181 182 184 185 187 188 189 190 194 195 198 199 201 202
7 175 184 187 190 193 195 197
18 171 175 177 178 179 180 181 183 184 186 188 191 192 194 195 196 197 202
12 173 175 177 178 183 185 186 192 194 197 202 203
6 172 175 189 193 199 201
7 171 176 177 181 192 196 199
9 174 177 179 181 187 188 191 195 197
9 174 178 179 181 183 186 187 190 203
7 171 175 179 181 192 200 203
12 172 173 177 178 179 184 185 186 191 194 196 199
10 175 178 180 183 184 185 191 197 200 202
7 172 179 181 186 192 195 200
8 172 186 189 190 192 199 201 203
12 171 174 177 179 180 181 183 188 192 194 199 200
1 190
9 171 173 177 182 192 195 198 200 202
4 175 188 190 198
14 172 174 176 178 180 182 184 185 189 191 192 194 199 201
9 171 172 176 177 180 186 195 196 203
10 173 175 177 179 181 184 192 193 200 202
7 176 178 180 183 196 198 200
7 182 183 187 188 194 197 201
14 172 174 178 179 181 184 185 186 188 189 193 199 201 202
10 171 173 174 179 186 188 190 194 195 203
7 174 175 183 187 193 197 199
17 172 173 175 178 181 182 183 185 189 190 191 192 193 196 198 200 202
3 186 188 193
8 174 175 176 183 184 187 193 199
4 176 180 185 192
13 171 172 182 188 190 191 194 195 196 198 200 201 202
22 172 173 174 175 176 177 178 179 181 184 185 186 188 189 193 194 195 197 198 200 201 203
9 173 184 185 188 190 193 194 202 203
15 172 173 174 175 178 180 183 184 185 189 190 195 200 201 203
12 172 174 178 184 185 186 190 191 192 197 198 202
11 171 180 182 183 187 190 191 192 196 199 202
7 174 182 185 186 197 200 201
12 173 176 180 182 184 186 191 194 195 196 201 202
15 176 177 178 182 184 185 186 187 189 192 193 195 198 200 202
11 171 176 180 182 183 189 192 195 197 201 203
13 171 173 177 178 184 185 192 193 194 199 200 201 203
9 173 176 179 181 182 187 193 200 201
7 173 174 175 184 185 200 202
12 172 177 179 180 181 190 191 192 195 196 198 199
8 174 175 177 179 182 185 191 197
18 171 172 173 174 175 179 180 181 183 188 190 191 194 196 197 199 201 203
12 172 173 176 178 182 185 186 189 191 196 198 203
17 171 174 175 176 177 178 180 182 183 187 189 191 196 197 198 199 201
7 171 176 178 186 189 193 203
10 175 176 182 183 185 190 193 200 201 202
12 171 176 177 179 180 184 186 187 194 195 197 203
8 172 173 174 176 182 187 190 200
9 176 185 189 191 195 196 199 201 203
5 175 184 187 190 193
4 175 179 181 200
7 171 173 177 182 198 200 202
10 173 175 178 183 185 186 192 194 197 203
3 180 192 199
5 176 180 184 194 197
10 174 175 177 182 183 189 191 198 199 201
11 171 173 175 180 182 183 187 191 192 197 203
5 172 189 199 201 203
4 183 187 194 201
6 171 172 178 186 194 196
7 179 182 190 191 198 201 203
5 174 175 187 193 199
9 175 177 180 183 188 189 194 195 196
8 173 178 185 186 192 194 197 202
4 171 177 192 196
7 172 176 177 180 186 196 203
6 175 178 180 183 185 202
13 173 174 175 180 183 184 185 189 190 195 200 201 203
7 171 177 182 192 198 200 202
9 172 173 177 178 179 186 191 194 199
10 171 175 176 187 189 191 196 198 199 201
5 176 178 196 198 200
5 171 181 192 196 199
1 199
10 177 178 180 181 188 192 194 195 196 197
2 190 199
3 173 184 191
4 181 186 195 200
11 173 174 176 187 190 193 198 199 200 201 203
6 175 182 185 190 193 200
6 173 176 182 187 193 201
5 172 181 192 195 200
9 172 178 179 181 184 185 188 189 201
11 172 173 174 176 185 187 189 190 198 200 203
10 171 172 188 190 191 195 196 198 201 202
8 173 174 185 190 193 198 200 201
6 175 176 185 190 193 200
5 174 175 183 193 199
2 180 184
15 171 175 179 181 182 184 185 187 189 190 194 195 198 199 202
5 172 186 189 196 197
5 176 184 185 188 194
6 172 178 185 190 198 202
6 173 183 195 196 197 198
5 171 176 178 186 193
5 174 177 179 191 197
15 171 174 175 176 177 180 182 183 187 189 191 196 197 198 201
8 171 176 182 183 192 195 197 203
2 180 192
4 180 184 189 199
2 176 185
4 178 189 193 203
6 173 177 179 181 184 192
5 172 186 189 199 203
6 176 180 185 188 191 196
5 173 174 175 185 200
3 171 175 203
5 188 195 199 200 201
18 172 173 174 175 176 177 181 184 185 186 188 189 194 195 197 200 201 203
8 176 177 184 186 188 194 197 203
6 174 181 188 193 198 202
2 186 188
6 179 181 188 191 195 197
5 175 180 185 200 202
8 175 181 187 188 190 193 198 202
2 176 179
5 171 173 178 196 198
4 175 183 193 199
11 175 176 177 180 182 191 196 197 198 199 201
8 176 185 189 194 195 198 199 203
5 174 176 183 187 199
8 172 173 176 178 182 185 189 196
5 175 181 192 200 203
5 179 183 186 190 203
7 177 179 181 184 192 193 200
4 176 180 184 191
8 171 172 188 190 191 195 200 201
6 184 185 190 191 198 202
2 176 192
5 176 178 183 196 200
7 176 180 182 184 186 195 202
9 177 180 183 189 194 195 196 199 203
6 171 173 179 186 188 203
14 171 173 175 180 182 183 187 192 194 195 197 198 200 203
7 177 179 181 190 192 196 199
6 176 179 181 187 193 201
6 171 176 181 187 191 193
6 171 177 180 194 195 196
6 177 181 188 191 195 197
2 189 192
10 178 179 183 184 185 187 189 190 192 202
6 171 176 177 186 195 196
6 171 173 174 179 186 203
10 174 177 179 180 181 183 188 192 199 200
4 171 190 192 196
10 171 174 177 180 184 187 194 197 199 201
16 173 175 176 177 178 179 184 185 186 193 194 195 197 198 200 203
9 174 178 184 185 186 190 191 197 202
6 172 177 193 195 198 203
5 176 177 181 196 199
13 171 175 177 180 183 184 188 192 194 195 196 197 202
8 172 178 189 193 195 198 199 203
7 175 181 187 188 190 198 200
9 172 174 178 184 185 186 192 197 202
5 175 184 185 200 202
3 175 179 203
5 181 183 186 190 203
5 171 177 181 192 199
5 173 184 185 190 202
3 172 175 199
5 172 179 186 195 200
9 176 177 178 182 187 189 198 200 202
3 172 175 189
8 172 174 180 182 183 187 190 197
4 174 180 196 198
4 183 187 188 197
12 174 176 182 185 189 190 193 198 199 200 201 203
13 174 175 178 181 184 185 187 189 190 191 192 194 200
11 172 174 176 178 180 182 185 192 194 199 201
10 172 173 178 182 185 186 189 191 196 198
8 173 177 185 192 193 194 200 203
5 189 190 199 201 203
6 174 177 179 181 187 191
7 171 176 181 182 187 191 193
1 193
6 179 181 182 183 195 202
10 171 173 179 183 188 191 194 199 201 203
15 172 173 181 182 183 185 189 190 191 192 193 196 198 200 202
4 178 194 198 203
7 174 178 180 182 183 187 190
12 171 176 177 179 180 184 186 187 194 197 199 203
2 175 190
5 178 180 183 196 200
16 171 172 175 179 182 184 185 188 189 190 194 195 198 199 201 202
6 175 176 183 187 193 199
6 183 186 195 196 197 198
10 174 184 187 189 190 191 192 194 200 202
3 184 192 199
12 172 173 176 177 181 186 188 193 195 198 200 203
3 180 192 199
8 172 179 180 181 192 195 198 199
6 173 186 195 196 198 200
6 177 178 179 185 186 196
11 171 172 182 188 190 191 194 195 196 198 201
5 171 175 179 181 192
4 195 199 200 201
8 173 175 177 179 192 193 200 202
5 172 177 186 195 196
6 175 179 182 185 191 197
4 179 190 198 203
9 172 174 178 184 190 191 192 198 202
4 176 181 192 196
6 171 172 176 187 190 191
6 179 181 182 183 187 195
6 173 178 193 194 199 200
4 172 189 193 199
6 171 173 174 179 186 190
4 188 195 200 201
13 171 175 176 180 182 187 192 194 195 196 197 198 203
9 172 174 178 179 185 186 189 193 201
6 171 177 186 195 196 203
15 171 172 173 174 175 179 180 181 183 190 191 194 199 201 203
5 173 175 185 200 202
4 182 183 187 202
5 172 179 181 192 195
5 179 181 186 195 200
8 176 182 183 185 190 200 201 202
5 187 188 194 197 201
4 174 180 184 198
1 202
6 178 179 185 186 191 194
5 172 175 189 193 201
8 173 174 175 178 180 185 190 195
4 175 184 190 195
3 188 190 198
4 173 179 184 191
2 186 188
6 174 175 176 184 187 199
12 177 178 182 184 185 187 189 192 195 198 200 202
9 172 177 179 180 181 195 196 198 199
6 171 177 182 192 198 200
2 176 185
9 172 173 175 183 184 185 200 201 203
3 186 192 195
2 186 188
12 175 182 184 187 189 190 194 195 198 199 201 202
7 173 184 185 190 193 202 203
4 179 180 183 187
3 187 190 197
9 173 178 185 186 189 191 196 198 203
4 179 195 199 200
5 181 184 188 194 195
7 172 181 193 194 195 199 203
7 173 176 179 182 187 193 201
5 173 182 193 198 201
6 176 182 185 190 193 200
9 172 179 180 181 182 188 189 190 195
9 173 176 182 191 194 195 196 201 202
6 172 173 184 185 191 194
5 179 187 191 194 202
11 176 178 180 182 184 185 189 191 194 199 201
6 174 187 188 190 200 202
11 172 173 180 183 185 189 190 195 200 201 203
4 178 179 184 189
5 174 182 186 197 200
5 179 181 187 188 203
4 174 175 176 184
4 177 178 186 203
5 173 190 194 202 203
6 171 176 177 181 192 199
8 173 176 178 186 192 193 196 203
7 172 174 178 184 189 191 194
6 183 187 188 194 197 201
7 184 185 188 190 193 202 203
12 174 176 177 178 179 181 185 186 197 198 200 201
9 173 175 178 181 189 192 193 198 200
18 171 172 176 177 178 179 181 183 185 186 188 190 191 193 195 197 200 203
10 171 173 175 177 180 181 182 189 195 200
19 171 172 173 174 178 179 181 183 185 186 187 188 189 192 195 197 199 201 202
12 171 172 173 177 182 189 190 191 196 198 200 201
22 171 173 175 176 178 180 181 183 184 186 187 188 189 190 191 192 193 196 197 199 200 203
18 171 172 173 175 176 177 181 183 184 186 187 190 193 196 198 201 202 203
17 171 173 176 178 179 180 183 185 187 189 192 193 196 197 198 199 200
10 173 174 179 184 187 188 189 195 201 203
21 171 172 173 174 175 176 179 180 184 185 186 189 191 192 193 195 197 198 199 200 201
12 171 174 176 179 180 183 191 193 195 200 201 202
11 172 176 177 181 185 186 187 188 197 201 202
11 175 177 178 183 185 186 188 190 194 199 200
21 171 173 174 175 176 177 178 182 183 187 188 189 190 191 193 194 196 197 200 201 203
14 171 174 175 178 180 181 186 188 190 193 199 200 202 203
15 173 174 175 176 179 182 184 186 187 190 193 200 201 202 203
11 171 180 183 184 187 191 193 194 198 200 203
19 171 172 174 177 178 179 184 185 187 188 189 190 192 195 196 198 199 201 203
11 173 175 179 183 187 192 195 197 200 202 203
12 171 172 175 177 180 187 193 194 195 198 199 203
13 172 173 177 180 181 182 184 185 191 194 195 199 200
21 172 173 175 177 180 181 183 185 186 187 188 189 190 191 195 196 197 198 200 201 203
16 171 173 179 180 181 186 187 188 189 190 191 192 195 196 199 202
21 171 173 174 175 178 180 181 182 186 187 188 189 190 191 192 194 195 196 198 199 201
20 174 176 177 178 179 180 182 186 187 188 189 190 191 192 196 197 199 200 202 203
20 171 175 176 177 179 180 181 182 184 186 187 188 191 193 194 197 199 200 201 202
13 173 175 176 177 179 181 185 188 189 199 200 201 203
11 171 174 178 180 183 191 193 195 196 197 200
19 171 173 175 177 179 181 183 184 186 187 188 191 192 193 195 199 201 202 203
17 172 176 177 178 180 181 184 186 187 190 193 194 195 197 198 201 202
19 171 172 176 177 178 179 180 182 183 184 189 193 195 196 197 198 201 202 203
10 171 175 176 179 180 186 188 193 199 201
12 173 174 175 176 178 179 188 190 192 193 197 203
21 171 172 173 174 175 176 180 183 186 188 189 190 192 193 194 195 197 199 200 201 203
17 171 172 174 175 176 180 182 183 184 189 191 193 197 199 200 201 202
15 174 176 177 178 179 180 182 183 186 188 192 194 197 198 199
22 171 173 175 178 181 182 183 184 186 187 188 190 191 192 193 194 195 196 197 201 202 203
22 174 175 176 177 178 179 181 182 183 188 189 190 191 193 194 195 196 197 198 199 200 201
20 171 173 174 175 176 177 178 181 182 183 184 186 187 190 192 194 195 199 200 201
15 173 178 181 183 184 186 193 194 195 196 197 199 200 202 203
13 177 179 183 184 185 192 193 194 195 196 199 200 201
21 171 172 173 174 176 178 179 180 181 183 185 187 189 193 194 196 198 199 200 201 202
19 173 176 178 179 180 184 185 188 190 191 192 193 194 195 196 199 200 201 203
20 173 174 175 177 179 180 182 183 184 187 188 189 190 191 194 195 196 197 198 201
23 172 173 176 177 179 180 181 184 186 187 188 189 190 191 193 196 197 198 199 200 201 202 203
10 173 175 176 177 180 181 188 191 194 203
13 171 172 175 178 181 187 192 193 194 196 197 202 203
14 171 179 180 183 184 185 188 190 191 192 193 194 197 198
14 172 173 174 175 176 180 181 184 186 187 191 193 200 203
15 171 172 173 176 180 181 183 188 189 191 197 198 199 200 202
14 171 172 181 183 186 189 191 193 195 197 199 200 202 203
16 173 174 177 179 181 182 183 184 185 186 187 192 195 199 200 201
16 171 173 175 176 177 180 183 188 189 190 191 192 195 196 198 201
20 172 173 174 177 179 182 183 185 186 188 189 190 191 193 194 197 198 200 201 203
16 172 173 175 177 180 181 184 185 187 191 192 196 197 199 200 201
12 171 173 175 176 177 180 181 188 190 194 195 198
15 171 172 173 175 176 177 178 183 188 192 193 195 198 199 200
22 172 173 174 175 176 179 181 185 186 189 190 192 193 194 195 196 197 198 199 200 201 202
14 171 172 173 175 177 180 182 183 186 188 189 193 195 201
10 171 177 179 180 185 187 189 198 201 203
13 174 177 178 180 186 189 193 195 198 199 200 201 203
18 172 173 176 178 181 182 183 184 185 186 187 189 193 197 198 199 200 202
19 171 172 173 175 177 178 182 184 186 188 189 191 192 194 196 200 201 202 203
11 175 176 182 183 189 190 193 194 199 200 203
13 172 177 178 182 183 184 186 187 192 194 198 199 201
22 171 173 174 175 178 179 182 183 184 185 186 187 189 190 191 192 193 195 197 198 201 202
22 172 173 174 175 176 177 178 179 180 181 182 184 185 187 189 190 191 192 194 197 200 202
16 171 172 175 177 178 182 184 187 188 191 192 193 195 196 201 202
18 171 172 173 177 178 180 181 182 184 186 187 189 191 194 198 199 202 203
11 171 174 178 180 181 183 186 189 191 196 202
14 171 173 175 176 177 178 180 184 188 190 191 192 198 202
19 171 173 175 176 177 178 179 180 181 184 185 187 188 190 194 195 196 199 203
16 173 175 177 181 183 185 189 190 191 193 194 195 196 197 202 203
19 171 173 174 176 177 178 179 182 183 184 188 189 190 196 197 198 201 202 203
14 173 174 176 179 182 188 190 191 192 194 198 199 202 203
10 174 175 177 178 184 186 193 197 200 201
11 173 175 178 179 180 188 190 191 197 200 202
13 172 173 174 177 178 181 185 186 189 192 197 201 202
11 171 174 176 181 184 185 187 188 191 197 203
10 173 177 184 187 189 195 198 199 201 202
22 173 175 176 179 180 181 183 184 185 186 187 190 191 192 193 194 196 197 198 201 202 203
16 172 174 175 178 179 180 182 184 186 187 190 192 199 201 202 203
12 171 173 177 185 191 193 194 195 197 200 201 203
20 171 172 173 174 176 180 182 183 184 185 186 188 189 190 191 192 194 196 197 198
11 171 172 173 175 180 186 191 192 196 197 203
15 173 174 177 178 179 180 182 183 184 188 193 195 197 199 202
19 173 174 175 176 178 180 181 182 183 185 187 188 190 191 192 195 200 201 202
14 173 175 182 183 185 186 187 194 195 196 197 200 201 202
20 171 172 173 177 179 180 183 184 185 186 188 191 192 196 197 198 199 200 201 202
16 174 181 182 186 188 189 190 191 192 193 195 196 198 199 201 202
10 173 177 181 182 184 185 187 195 197 200
21 171 172 173 174 176 177 179 180 183 188 189 190 191 192 193 194 196 197 199 200 203
18 171 173 175 177 178 180 185 186 187 188 189 193 196 197 198 199 201 202
19 171 172 173 174 177 178 180 181 184 186 187 190 191 193 194 195 199 202 203
13 173 174 176 182 184 187 189 195 196 198 199 200 202
19 173 177 181 182 183 184 186 187 189 190 191 192 193 194 196 197 200 201 203
16 171 172 173 177 178 184 187 190 192 195 196 199 200 201 202 203
21 172 173 175 178 181 182 184 187 188 189 190 191 193 195 196 197 198 199 200 201 203
18 171 172 173 175 176 182 183 184 187 188 189 190 192 194 196 198 201 203
10 175 182 183 185 187 188 190 193 202 203
14 175 176 177 180 182 186 187 189 191 192 194 196 199 201
18 171 174 175 176 177 178 184 185 186 187 191 192 194 199 200 201 202 203
11 171 174 175 177 179 182 183 185 190 191 193
11 172 178 180 181 182 183 187 191 200 202 203
17 171 172 173 175 181 182 188 191 192 193 194 196 198 199 200 202 203
15 171 174 175 178 179 182 186 187 189 191 193 194 199 201 203
14 171 173 174 175 178 179 185 187 188 189 190 192 194 198
16 173 179 181 182 185 186 187 189 190 192 193 195 197 198 201 202
17 173 174 177 179 180 182 183 188 191 192 194 195 196 199 200 201 202
14 171 175 179 182 186 189 191 192 194 198 199 201 202 203
19 171 172 173 180 181 183 184 186 187 189 190 191 195 196 197 198 200 201 203
10 172 177 178 180 186 188 196 197 201 202
16 171 175 176 180 182 183 184 188 191 193 194 196 197 198 200 203
19 171 174 175 176 178 180 183 184 185 186 190 191 192 194 195 199 200 202 203
13 171 172 175 176 177 178 181 182 185 188 190 191 200
18 171 173 174 175 176 178 181 182 183 184 187 190 191 192 194 195 202 203
14 173 174 175 179 180 187 188 189 190 192 197 200 201 203
11 173 178 185 186 187 188 189 192 193 196 202
22 171 172 173 174 178 180 181 182 183 184 186 190 191 193 195 196 198 199 200 201 202 203
11 173 175 180 181 185 186 187 191 193 197 201
10 177 178 186 187 189 190 191 197 199 200
22 171 172 173 174 175 176 177 178 180 181 182 184 185 186 188 189 190 192 194 195 196 199
14 171 172 174 175 178 179 180 182 184 185 189 191 193 202
12 172 173 174 179 185 188 189 190 193 195 199 200
20 171 172 174 175 178 179 180 181 183 184 185 186 189 192 193 196 198 199 200 203
19 171 172 178 181 182 183 184 185 186 189 190 192 193 194 195 196 198 200 203
22 173 175 176 177 178 179 180 181 184 186 187 189 190 191 193 194 195 197 199 200 201 202
17 172 173 177 178 179 180 183 184 185 186 188 190 191 193 195 196 202
13 172 173 176 181 182 187 191 192 193 194 197 199 202
18 171 174 175 176 177 178 184 186 188 189 190 192 194 196 197 200 201 202
10 175 178 180 181 182 188 193 194 200 203
21 172 173 174 176 177 178 179 180 181 182 183 184 189 191 192 195 197 198 200 201 202
21 172 173 175 176 178 180 181 183 184 185 186 191 192 193 197 198 199 200 201 202 203
17 171 173 174 176 179 182 183 186 187 191 193 194 197 198 199 200 202
15 172 173 174 179 180 185 187 191 192 193 197 199 200 201 202
14 172 173 176 177 178 181 182 189 190 191 193 195 202 203
14 172 176 177 179 183 184 185 193 195 196 198 199 201 203
20 172 176 178 180 181 182 183 184 187 188 190 191 193 194 195 197 198 201 202 203
19 172 173 174 177 178 179 180 182 183 187 188 190 191 194 195 199 201 202 203
12 171 177 180 182 183 187 188 189 191 193 194 203
12 174 176 178 179 183 184 186 187 188 193 198 201
23 171 173 174 177 178 179 180 181 182 183 186 188 189 190 191 192 193 196 197 198 200 202 203
20 171 173 174 175 176 177 178 179 180 181 185 186 187 190 191 193 194 195 197 198
21 171 173 174 176 178 179 180 181 184 185 186 187 190 191 192 195 196 198 199 200 202
15 172 173 175 177 180 182 183 185 187 190 191 195 196 197 201
15 173 174 175 176 178 179 180 185 186 190 193 195 196 198 201
15 171 173 174 175 176 177 181 182 184 186 189 192 196 197 199
12 171 172 175 176 177 185 186 187 188 193 200 202
13 174 179 181 182 183 184 188 190 196 197 198 200 202
17 172 173 174 175 177 179 182 185 188 190 192 195 198 199 201 202 203
20 172 173 174 176 177 179 180 181 183 186 187 189 191 193 197 198 199 200 202 203
18 174 175 177 179 182 185 186 187 189 191 193 194 196 198 199 200 202 203
22 171 173 174 175 179 180 182 184 186 188 189 190 192 193 194 196 197 198 199 200 202 203
13 171 172 173 177 181 182 184 185 186 189 196 201 203
11 172 173 176 184 185 194 195 198 199 200 202
20 171 173 175 176 178 181 182 183 185 187 188 191 194 195 196 197 198 201 202 203
20 171 172 174 176 180 181 182 183 184 185 186 188 189 191 192 194 196 198 201 202
14 174 176 177 180 181 183 184 185 190 191 192 193 199 200
19 171 173 174 176 178 179 182 183 184 186 188 189 190 193 194 197 198 201 203
14 172 175 178 179 183 184 188 189 191 193 197 199 200 203
13 177 182 183 184 186 187 188 190 193 195 197 199 200
12 171 172 175 176 177 182 183 185 189 190 191 197
17 175 178 180 183 184 185 186 188 190 191 194 195 196 197 198 200 201
16 171 172 179 181 184 187 188 189 190 191 192 195 198 199 202 203
19 172 174 175 177 178 179 180 182 183 185 187 189 191 193 194 196 198 199 201
15 172 173 174 175 180 183 186 188 190 191 192 195 196 197 203
18 171 172 175 177 178 179 182 184 187 190 191 194 195 198 200 201 202 203
14 173 175 177 179 180 182 183 184 186 189 191 193 200 203
21 171 173 175 177 178 179 180 183 184 186 187 189 192 193 194 195 197 198 199 200 203
16 175 181 182 183 184 187 188 189 193 196 197 198 199 201 202 203
16 171 173 175 176 179 182 188 190 191 192 194 195 196 199 202 203
19 171 175 176 178 179 180 181 183 186 187 188 190 191 192 194 195 198 202 203
21 171 175 176 178 181 184 185 186 187 189 190 191 192 193 194 195 196 197 199 200 202
20 171 172 174 178 181 183 184 185 187 188 190 191 193 194 198 199 200 201 202 203
16 171 172 176 178 181 182 185 186 188 189 190 191 195 198 200 203
22 171 172 173 176 177 179 182 183 184 185 187 188 190 191 192 193 194 195 196 198 200 203
12 172 177 181 182 183 184 185 186 189 190 197 201
14 172 177 179 180 181 184 186 189 191 192 198 200 201 203
22 172 173 174 175 176 177 179 181 183 184 187 188 190 192 193 194 196 197 198 199 200 201
14 172 175 176 177 179 182 185 186 188 189 192 193 194 196
15 173 176 177 179 180 181 182 184 185 186 191 194 196 198 200
13 171 172 173 175 177 181 182 183 192 193 194 195 197
16 176 179 180 182 185 187 189 191 192 193 194 195 198 199 200 202
14 171 176 177 181 184 187 188 190 193 194 195 198 199 202
21 171 172 173 174 176 178 182 183 184 187 188 189 190 192 193 194 195 198 199 201 203
11 172 181 182 183 190 191 192 193 195 198 199
9 175 177 183 190 191 195 197 198 199
22 171 173 174 175 177 178 179 181 182 183 184 186 187 188 189 190 191 193 195 201 202 203
18 171 172 176 178 179 183 185 187 189 190 191 192 193 195 196 197 199 202
14 172 173 174 175 176 178 185 186 188 190 191 192 198 199
15 172 174 175 178 182 183 184 186 188 190 193 194 195 199 203
11 173 174 177 178 181 182 186 187 196 197 198
18 173 174 175 176 177 178 179 180 182 183 186 187 191 196 197 199 200 201
13 173 177 178 185 188 189 193 195 196 197 199 200 201
22 171 172 174 176 177 178 179 180 181 182 183 187 189 190 191 193 194 195 197 199 202 203
21 171 172 173 174 175 177 178 181 183 185 186 187 188 190 194 196 197 198 199 200 202
20 172 173 174 175 177 179 180 184 186 188 190 192 193 194 195 196 197 200 201 203
20 175 176 179 181 182 183 184 186 187 189 190 191 192 193 197 199 200 201 202 203
15 171 172 173 174 180 182 183 193 194 195 196 197 199 200 201
14 171 172 176 177 178 180 184 187 188 190 197 198 201 202
11 171 175 176 177 186 187 188 189 193 199 200
19 171 173 174 176 177 178 181 182 183 184 185 189 191 194 198 199 201 202 203
17 171 172 174 175 178 179 182 184 186 187 188 191 193 194 196 202 203
14 172 175 176 180 184 186 189 190 191 193 195 197 199 201
20 171 174 175 176 177 178 179 180 181 183 184 185 186 187 189 191 192 194 196 198
19 171 172 176 177 179 181 182 183 185 188 189 190 191 194 195 196 198 199 202
10 172 180 182 186 189 190 192 195 197 199
11 172 180 181 185 187 188 195 199 201 202 203
16 171 172 173 177 179 180 181 183 185 187 189 194 197 198 200 202
12 173 175 176 177 179 180 181 183 189 196 197 203
20 171 172 174 175 176 178 180 181 184 189 190 193 194 195 196 198 200 201 202 203
13 175 176 182 184 186 187 189 190 193 196 197 200 201
15 172 178 179 180 183 187 189 190 191 193 195 196 197 199 202
19 175 176 179 180 181 182 184 186 187 188 190 191 193 194 197 198 199 200 202
16 173 175 176 177 178 181 186 187 188 195 197 198 199 201 202 203
14 173 175 177 180 181 182 184 185 188 189 192 195 196 200
19 171 172 174 175 176 177 179 181 187 189 190 192 194 195 196 197 198 201 202
20 171 172 174 175 176 177 178 181 183 185 186 187 189 190 193 196 197 198 200 203
12 176 177 178 182 188 189 190 194 195 196 198 201
16 171 174 178 179 180 184 185 189 190 193 194 196 197 200 201 203
21 173 174 175 176 178 179 180 181 183 184 187 188 189 191 192 195 199 200 201 202 203
10 172 179 180 181 183 193 196 199 201 202
16 171 175 178 182 183 184 188 189 190 192 194 196 198 199 202 203
