204 1301
62 1 2 3 4 5 6 7 8 9 10 11 12 13 14 15 16 17 18 19 20 21 22 23 24 25 26 27 28 29 30 31 32 33 34 35 36 37 38 39 40 41 42 43 44 45 46 47 48 49 50 51 52 53 54 55 56 57 58 59 60 61 62
25 4 6 12 13 16 18 20 22 23 24 25 28 29 30 33 34 35 39 41 42 45 48 50 53 55
46 1 2 3 4 5 6 7 9 11 12 13 14 16 17 19 20 22 23 24 25 27 28 29 30 31 33 34 35 36 41 44 45 46 47 48 49 50 51 53 54 55 56 57 58 61 62
28 2 8 9 12 13 15 19 20 28 33 35 36 37 38 39 40 42 43 45 46 47 48 49 50 56 58 59 60
47 4 6 7 9 10 11 13 14 15 16 18 20 21 22 23 24 25 26 27 28 29 30 31 32 33 35 36 37 38 39 41 43 44 45 46 48 49 50 51 52 54 55 56 57 58 61 62
34 1 5 6 7 13 17 18 20 21 23 24 25 26 29 30 31 32 34 35 37 38 39 40 41 42 44 46 48 49 51 52 55 61 62
36 1 2 3 5 7 8 16 17 18 19 21 22 23 24 26 27 28 31 33 34 37 38 43 44 45 46 47 49 50 53 55 57 58 59 60 62
37 1 2 3 4 6 8 9 10 11 13 16 21 25 27 29 31 33 34 35 36 37 38 39 40 41 42 43 44 45 47 52 53 57 58 60 61 62
24 3 5 8 10 11 13 17 20 26 28 30 32 34 35 40 41 44 45 49 54 55 56 59 61
30 1 2 6 12 15 17 19 20 21 22 23 24 26 27 30 31 34 36 40 41 42 44 47 49 50 52 53 57 59 62
30 2 4 5 6 7 9 11 13 14 15 16 17 18 19 20 21 23 28 29 31 33 34 35 36 41 48 52 53 54 60
33 2 4 5 6 7 10 12 13 14 15 17 19 21 22 23 24 30 31 32 33 34 35 36 39 45 49 50 51 52 55 56 59 61
25 1 6 7 10 13 20 21 23 26 27 30 31 36 38 40 41 42 43 45 48 50 52 56 61 62
49 1 2 3 4 7 8 9 10 11 12 14 16 17 20 21 22 23 24 25 26 27 28 30 31 32 34 35 36 37 38 39 40 41 43 44 45 46 47 48 49 50 51 52 55 56 57 58 59 61
42 2 3 4 6 9 10 12 15 16 17 18 19 21 22 23 25 29 30 31 32 34 37 38 39 40 42 43 45 47 48 49 50 52 53 54 55 56 57 59 60 61 62
28 2 3 4 10 11 15 17 22 23 26 28 31 32 33 34 36 39 42 43 44 45 49 50 52 53 55 59 61
41 1 4 5 6 8 10 15 16 17 18 19 20 21 23 25 26 27 28 29 30 31 33 35 36 37 40 42 43 44 45 46 48 49 50 51 53 54 56 57 61 62
32 2 3 4 5 6 8 17 18 19 20 21 22 23 27 28 29 30 32 33 36 37 38 39 40 44 45 46 49 51 55 61 62
23 1 3 10 12 15 17 23 25 26 27 28 32 33 36 39 40 41 43 44 50 51 59 60
37 1 2 3 5 6 7 9 12 13 15 16 17 18 21 24 25 26 27 29 31 32 33 34 35 36 37 42 43 44 47 53 54 55 56 59 60 62
38 1 2 3 4 6 9 11 12 13 17 19 21 22 23 26 27 28 29 30 31 33 34 35 36 38 39 41 42 45 47 51 54 57 58 59 60 61 62
47 1 2 3 4 5 6 9 11 12 13 14 15 16 17 18 19 20 21 22 23 24 26 27 28 30 31 35 36 37 38 40 41 43 44 47 49 51 52 53 54 55 56 57 58 59 61 62
26 4 8 10 11 12 13 14 16 19 23 24 25 26 29 30 31 35 40 44 46 47 49 54 57 58 59
23 4 7 9 13 19 21 23 24 26 31 33 36 37 38 41 43 44 45 46 48 49 52 56
49 1 2 3 5 6 7 8 9 10 11 12 15 16 18 19 20 21 23 24 25 26 27 29 31 32 34 35 36 37 38 40 41 42 43 44 46 47 48 49 50 51 52 53 55 56 57 59 60 61
40 5 7 8 9 10 11 13 14 16 17 19 20 21 22 23 24 28 30 31 32 33 35 37 40 42 43 44 45 48 50 51 52 53 54 55 56 57 59 60 62
26 1 3 8 10 11 12 21 24 27 28 31 32 33 34 39 40 44 46 49 50 52 53 56 60 61 62
27 3 4 9 13 16 18 21 23 27 30 31 36 37 40 41 42 43 44 45 46 47 48 51 53 54 55 59
27 4 11 13 15 16 17 22 28 29 31 33 34 35 36 37 38 39 40 43 45 47 48 52 56 59 60 61
32 1 5 6 8 9 11 20 21 23 24 26 27 31 32 33 34 35 36 37 40 41 42 43 45 47 48 50 51 52 54 56 60
37 1 5 6 7 8 12 14 15 16 18 19 20 21 22 25 26 27 30 32 34 36 37 41 44 45 46 47 50 51 53 54 55 57 59 60 61 62
48 1 3 4 5 6 7 8 11 12 14 15 16 17 18 19 20 21 22 24 26 28 29 31 32 33 34 35 36 37 38 39 40 41 42 43 44 45 46 48 52 53 54 56 57 58 60 61 62
48 1 2 4 6 7 8 10 11 12 14 15 16 17 19 20 21 26 27 28 29 30 31 33 34 35 36 37 38 39 40 41 42 43 44 45 46 47 48 51 52 53 54 55 56 58 59 60 61
46 1 3 5 6 7 8 9 10 11 12 13 15 16 18 19 20 21 22 23 25 28 29 30 32 33 34 35 36 37 39 40 42 45 46 48 49 50 51 53 54 55 56 58 59 61 62
46 3 6 7 8 9 10 11 12 13 15 16 17 19 20 21 22 23 24 25 26 27 28 29 30 32 33 34 36 37 38 41 43 44 45 48 49 51 52 53 54 55 57 59 60 61 62
38 1 4 5 7 8 9 11 12 14 15 16 19 21 25 26 28 30 31 32 33 35 37 40 42 44 45 46 47 49 51 52 53 55 56 57 59 61 62
35 2 4 5 12 13 15 16 17 20 26 29 30 31 32 33 34 36 37 39 40 41 42 43 44 47 48 49 50 51 54 55 58 60 61 62
43 3 4 5 6 7 8 9 11 12 13 15 16 18 19 20 21 22 23 24 28 29 31 32 33 34 35 36 37 39 40 42 45 48 49 50 51 52 55 56 57 59 60 61
39 1 3 4 5 6 7 8 9 10 11 14 17 22 24 25 26 29 30 32 34 36 37 38 39 40 41 42 46 47 48 49 50 53 54 55 56 59 61 62
19 5 8 11 13 15 21 23 25 35 39 44 45 48 49 50 51 52 53 58
33 1 4 5 6 10 12 16 17 20 21 22 24 25 26 27 28 29 30 35 36 38 40 41 45 46 47 50 54 55 56 58 59 60
19 1 2 3 4 5 7 9 14 15 29 30 33 34 36 37 50 51 57 59
33 1 2 3 5 6 7 9 10 14 15 16 18 19 21 22 24 26 28 29 32 33 36 38 41 44 45 46 47 49 51 53 58 60
38 3 4 6 7 9 10 13 14 16 17 18 20 21 22 23 25 26 27 28 29 31 34 35 36 38 40 41 42 43 44 45 49 50 51 53 54 57 61
44 2 3 4 6 7 10 11 12 15 17 19 21 23 24 25 26 27 28 29 30 32 33 34 36 37 39 40 42 43 44 45 46 48 49 50 51 52 55 57 58 59 60 61 62
48 63 64 65 66 67 68 69 70 71 72 73 74 75 76 77 78 79 80 81 82 83 84 85 86 87 88 89 90 91 92 93 94 95 96 97 98 99 100 101 102 103 104 105 106 107 108 109 110
27 63 64 66 67 69 70 71 72 76 78 80 81 84 86 88 90 91 93 99 101 103 104 105 107 108 109 110
21 64 66 67 69 71 73 76 77 78 79 81 82 84 89 90 92 93 94 103 105 109
17 63 65 70 74 75 76 81 84 86 87 90 93 95 98 101 109 110
26 63 64 65 66 68 70 72 73 74 75 80 83 84 85 86 87 88 91 92 94 98 100 101 103 104 110
17 65 70 71 72 73 75 83 87 88 92 93 94 97 98 103 105 110
38 63 65 67 68 69 70 71 72 73 74 75 76 77 78 79 80 81 82 83 84 85 86 87 89 90 91 94 96 97 98 99 100 101 102 103 104 107 110
23 63 64 65 67 68 69 72 74 79 81 82 83 86 87 90 91 95 98 100 101 104 107 110
36 64 65 66 67 68 70 71 72 73 74 75 76 77 80 82 83 84 85 86 87 88 89 91 92 93 94 96 98 99 102 103 104 106 107 109 110
37 63 65 66 67 68 69 70 71 72 73 74 75 77 79 80 81 82 83 84 86 87 89 94 95 96 97 98 99 101 102 103 104 105 106 107 108 110
20 65 67 69 71 73 75 81 84 86 87 89 90 92 93 94 99 101 107 108 109
17 64 71 74 75 78 80 84 85 89 90 92 94 95 96 97 98 105
34 64 67 68 69 70 71 73 74 75 76 77 78 79 80 81 83 84 85 87 89 90 94 95 96 97 98 99 100 102 105 106 107 109 110
32 64 65 67 68 71 73 74 75 76 78 79 80 81 82 83 84 85 87 90 91 93 94 96 98 99 101 102 103 104 106 107 110
19 63 65 66 73 74 79 80 81 85 86 87 88 91 94 99 100 102 107 109
29 65 66 67 68 70 71 75 76 77 79 80 82 86 87 89 92 96 98 99 101 102 103 104 105 106 107 108 109 110
36 63 66 68 69 71 72 73 74 75 76 78 79 81 82 83 84 85 86 87 88 89 90 92 95 96 98 99 100 101 104 105 106 107 108 109 110
25 63 64 65 68 69 70 72 74 77 79 80 81 82 87 88 89 95 96 97 98 99 100 104 106 110
24 63 65 68 70 73 74 77 78 80 81 86 88 89 91 92 93 95 96 99 100 102 106 107 109
35 63 64 65 66 67 71 72 74 75 76 78 79 80 81 84 85 86 87 88 90 91 93 94 97 100 101 102 103 104 105 106 107 108 109 110
31 64 66 69 72 74 75 78 80 81 82 83 84 85 86 87 88 89 94 96 97 98 99 100 102 104 105 106 107 108 109 110
17 64 65 72 73 81 83 84 86 87 89 90 91 93 98 101 108 110
25 63 64 65 66 71 73 76 78 80 82 83 84 85 91 92 93 96 97 101 103 104 105 107 108 110
19 65 66 69 70 71 73 78 79 84 86 87 91 96 98 103 104 105 107 109
38 63 64 65 66 67 68 69 70 71 72 73 74 75 76 77 78 79 80 84 85 87 88 89 90 92 93 94 96 97 98 99 100 102 106 107 108 109 110
21 63 67 70 73 75 76 79 80 81 83 86 87 90 91 92 96 97 101 102 106 110
17 63 66 69 73 76 77 79 86 90 91 92 94 95 99 101 107 109
21 63 70 72 75 77 80 82 83 84 87 90 92 93 94 97 98 99 100 101 109 110
29 63 64 66 67 69 71 73 78 80 82 85 86 87 88 89 90 92 94 95 96 98 99 103 104 105 106 107 108 110
38 64 65 66 68 69 70 71 73 75 77 78 79 81 82 83 85 86 87 88 89 90 91 92 93 94 97 98 99 100 101 102 103 104 105 107 108 109 110
25 63 64 69 72 74 75 76 77 78 80 83 84 85 86 88 89 90 92 100 101 102 105 106 108 110
23 63 64 67 68 70 74 75 78 80 81 84 85 92 93 95 98 99 102 103 104 105 106 109
36 63 64 65 66 67 68 69 70 71 74 75 76 77 78 79 81 82 84 85 86 87 88 90 92 94 96 99 100 101 102 103 104 105 107 108 109
33 63 64 65 66 67 68 69 72 73 74 77 79 81 82 83 84 85 87 89 90 91 92 94 96 97 99 101 102 103 105 107 108 109
30 63 64 65 66 69 70 72 75 76 77 79 80 81 84 85 87 89 90 91 92 93 94 97 98 99 100 101 102 103 106
19 65 67 68 69 70 71 72 73 77 80 87 89 92 95 96 98 103 106 107
31 64 65 66 70 72 74 75 77 78 79 80 82 83 84 85 86 89 90 91 93 94 97 100 101 102 105 106 107 108 109 110
23 63 65 66 67 70 71 72 73 76 77 79 80 84 85 86 87 88 95 97 99 105 106 109
19 67 70 71 72 77 78 79 80 82 84 88 92 94 96 98 101 102 103 107
23 65 66 67 68 71 72 74 75 77 80 81 82 83 85 88 90 91 93 95 101 103 106 108
29 63 64 65 66 68 69 71 73 75 77 78 80 81 83 84 85 87 91 93 94 95 97 98 99 100 102 103 105 109
32 63 64 65 66 67 69 70 72 74 79 80 81 83 84 85 87 88 89 91 93 95 96 97 99 100 102 103 105 106 107 108 110
21 65 69 74 76 77 78 82 83 84 85 86 87 88 93 94 96 100 101 105 107 110
26 63 65 68 71 73 75 76 77 78 79 80 81 82 83 84 85 87 89 92 93 98 99 103 104 106 107
30 64 65 66 67 69 70 72 74 75 76 77 78 79 80 82 83 84 87 91 94 95 96 97 100 101 102 103 104 108 110
16 63 65 69 70 80 82 83 85 88 91 92 95 98 99 102 103
23 64 66 67 68 70 74 76 77 78 79 83 87 93 94 96 97 101 102 104 105 106 107 109
35 65 66 67 68 69 70 71 72 73 74 75 76 77 79 80 84 85 86 87 88 89 90 93 94 95 96 97 99 101 102 103 104 106 107 110
37 63 65 66 67 68 69 71 72 73 75 77 78 79 80 81 83 84 87 88 89 90 92 93 95 96 97 99 100 101 102 103 104 105 106 108 109 110
33 63 64 65 66 67 68 69 70 72 73 74 77 78 79 81 82 85 86 87 88 89 90 91 92 94 95 98 99 103 106 107 108 110
17 63 64 65 68 70 71 76 79 80 82 84 88 89 91 96 97 101
14 64 68 76 79 81 84 87 89 90 92 94 98 100 110
21 67 68 69 70 72 73 74 79 83 84 85 86 89 91 93 96 97 100 106 108 110
21 63 64 65 73 74 77 78 82 83 84 86 90 91 93 94 96 97 98 102 107 109
22 111 112 113 114 115 116 117 118 119 120 121 122 123 124 125 126 127 128 129 130 131 132
12 111 112 113 119 121 122 123 125 126 128 129 130
11 111 113 116 117 123 124 126 128 129 130 131
14 113 114 117 119 120 121 122 123 124 127 129 130 131 132
16 111 113 114 116 118 119 121 122 123 124 125 126 128 130 131 132
10 111 114 115 117 120 121 123 127 129 131
13 111 115 116 119 120 121 122 123 124 126 128 129 132
11 111 113 115 116 117 123 124 125 126 130 131
10 111 113 115 117 120 123 127 130 131 132
9 111 115 116 119 125 127 128 130 131
12 112 114 115 116 117 118 119 120 122 125 127 131
9 111 113 117 124 127 128 130 131 132
10 113 114 115 116 117 119 120 124 129 131
13 111 114 117 118 119 120 123 124 125 126 128 131 132
12 111 112 115 116 119 122 123 124 126 129 131 132
11 111 113 114 117 118 120 122 124 126 127 132
16 111 112 113 114 117 118 119 120 122 123 125 127 128 129 130 132
11 112 113 114 116 118 120 123 124 126 130 132
12 113 116 117 120 121 122 123 124 126 127 130 131
13 111 114 116 119 120 121 122 124 125 128 129 130 132
13 111 113 115 116 117 118 121 122 126 127 128 129 130
13 111 115 116 117 118 119 122 123 125 127 128 129 132
14 112 113 114 115 116 117 119 123 124 126 127 129 130 131
13 112 114 116 119 121 122 123 124 125 127 128 130 132
9 117 119 121 124 125 126 130 131 132
16 111 113 114 115 116 117 118 119 120 121 122 123 126 127 128 129
8 112 113 114 115 116 118 120 123
13 111 112 114 116 117 121 123 127 128 129 130 131 132
15 112 113 116 117 118 119 120 121 122 125 126 127 128 129 131
15 112 114 116 117 118 119 121 122 123 125 126 127 128 129 131
7 113 119 123 124 125 127 132
10 119 121 124 125 126 127 128 129 131 132
7 112 114 117 118 119 126 129
15 111 112 115 116 118 119 120 121 122 125 126 128 130 131 132
13 112 113 115 117 119 120 121 122 124 125 127 131 132
9 111 113 115 119 122 126 127 128 129
17 111 113 114 115 117 118 121 122 123 124 125 126 127 129 130 131 132
7 113 116 120 122 123 126 128
13 112 113 115 117 118 119 120 121 124 125 129 130 132
12 113 115 116 117 119 120 121 123 124 128 129 132
12 111 112 115 118 119 121 122 123 124 129 130 131
14 111 113 115 116 117 118 120 124 126 128 129 130 131 132
8 111 120 122 124 126 129 130 132
16 112 115 116 117 119 120 121 123 124 125 126 128 129 130 131 132
11 113 115 117 118 122 124 125 126 129 130 131
8 112 115 116 117 124 126 127 132
8 112 115 116 118 122 128 129 131
9 111 115 116 117 121 123 124 129 132
12 111 113 114 118 119 120 122 125 127 129 130 132
17 111 112 113 114 115 116 117 119 120 121 123 124 125 127 128 129 131
12 113 114 116 119 121 122 123 124 126 127 130 132
6 114 115 119 126 129 130
14 112 113 115 116 117 118 120 123 124 125 126 127 130 131
7 117 118 125 126 127 130 132
14 111 112 113 115 117 119 120 121 122 123 124 126 128 131
16 112 113 114 115 116 117 118 119 122 124 126 127 128 129 131 132
8 111 114 118 119 122 123 127 128
8 120 122 123 124 127 129 130 131
15 111 112 115 116 117 119 121 122 124 126 127 128 129 131 132
16 112 113 114 116 118 119 121 122 123 125 126 127 128 129 130 132
7 118 121 124 127 128 131 132
14 111 113 114 115 118 119 121 123 124 125 127 130 131 132
11 111 113 114 116 118 120 121 122 125 126 132
16 112 113 114 115 116 119 120 123 124 125 126 127 128 129 130 132
14 111 118 119 120 121 123 124 125 126 127 128 129 131 132
15 111 112 113 116 117 118 119 120 121 122 123 126 127 129 130
14 112 113 115 116 117 119 121 122 123 124 128 129 130 132
16 112 114 115 117 119 120 121 123 124 125 126 128 129 130 131 132
14 112 114 115 116 117 120 121 123 124 128 129 130 131 132
7 113 114 115 116 126 130 132
10 112 115 116 118 119 120 122 124 127 128
14 112 115 118 120 122 123 124 125 126 127 128 129 130 132
17 111 113 114 115 116 118 119 120 121 122 123 124 126 128 129 130 132
9 111 113 116 117 121 122 123 127 132
14 111 113 116 119 120 121 122 125 126 127 128 129 130 131
10 111 113 114 115 117 122 124 128 131 132
9 114 115 117 119 120 121 124 127 132
26 134 135 137 139 140 141 143 146 147 149 152 153 154 157 160 162 164 165 166 171 172 173 174 176 177 181
12 136 137 142 143 145 147 148 152 153 171 172 180
17 133 138 141 142 143 144 153 157 158 162 164 165 168 170 173 176 178
14 136 138 139 142 146 152 157 164 168 170 172 181 182 183
15 135 138 139 141 144 145 148 152 153 157 165 168 170 171 177
16 133 138 144 147 148 154 163 164 165 166 172 173 177 180 182 183
19 134 135 138 139 142 145 148 154 156 162 163 165 166 168 169 173 174 175 182
10 144 146 147 150 153 155 164 165 167 169
14 133 135 137 139 141 144 145 149 155 168 169 170 174 176
28 133 137 140 143 144 145 146 147 150 151 155 156 157 160 162 163 164 166 167 169 170 173 175 176 177 181 182 183
11 135 139 140 141 143 145 147 150 158 159 171
39 133 134 137 138 139 140 141 142 143 145 146 147 149 152 154 155 156 157 159 160 161 163 164 165 166 168 169 171 172 173 174 176 177 178 179 180 181 182 183
30 133 134 136 137 138 142 144 145 148 149 153 154 155 156 157 158 159 163 165 166 167 172 173 175 176 178 179 180 182 183
12 136 137 148 151 152 154 156 162 164 165 166 175
22 133 137 140 141 143 144 146 147 149 150 151 152 155 159 167 170 171 172 177 179 181 183
31 134 138 139 141 144 145 148 150 151 152 153 154 155 156 159 160 161 162 163 166 167 171 172 174 175 176 177 178 180 182 183
16 134 140 141 142 145 147 149 152 159 160 161 164 175 178 179 182
12 136 142 144 145 158 159 163 168 170 175 180 182
16 133 135 136 141 147 150 151 152 159 161 165 166 167 171 178 183
10 136 153 157 158 160 161 164 176 178 180
14 137 145 153 154 155 156 160 163 164 169 173 177 179 182
27 133 134 136 140 142 143 146 149 150 151 153 154 156 157 158 161 162 166 169 170 171 172 175 178 179 180 181
15 134 140 143 145 154 156 161 172 173 174 177 178 179 182 183
10 133 136 148 161 165 168 169 181 182 183
14 137 143 150 154 160 162 163 164 167 169 179 180 181 183
2 171 179
21 134 135 136 138 139 141 142 148 149 152 153 154 158 159 161 165 168 172 174 178 180
12 135 145 146 148 149 156 157 161 171 178 179 183
12 135 136 144 148 150 151 153 158 162 167 170 175
12 143 145 148 153 156 159 161 163 166 169 177 180
8 134 139 143 157 162 170 180 181
9 137 138 143 150 157 162 170 174 181
18 133 135 136 141 143 150 152 157 161 162 165 168 170 172 175 176 177 181
14 136 138 139 141 142 148 149 151 152 162 163 166 170 180
10 136 140 147 160 162 167 173 175 181 183
20 133 135 136 137 140 142 143 146 147 149 157 158 164 165 168 169 170 173 179 181
14 144 151 154 155 156 158 163 165 167 172 173 177 180 183
10 138 142 153 157 164 171 172 177 180 182
14 134 137 151 154 156 157 162 164 167 170 172 178 179 180
29 133 139 140 141 142 144 145 146 147 149 150 153 155 157 158 159 161 163 167 168 170 171 172 174 176 179 181 182 183
31 134 135 136 138 139 141 144 145 148 150 151 152 153 154 155 157 158 160 161 162 166 170 171 172 173 174 175 176 177 182 183
14 133 137 138 143 144 146 147 157 162 165 172 179 181 183
22 133 134 136 140 142 146 147 149 151 155 156 158 159 161 166 172 173 174 175 176 178 182
11 133 135 140 146 156 163 165 167 176 177 182
13 133 138 148 150 151 155 156 161 167 169 178 179 183
13 136 139 141 146 147 149 152 157 159 161 163 170 171
18 134 136 137 139 142 143 146 150 151 153 155 161 167 169 170 174 179 181
17 135 140 143 146 147 150 151 152 160 161 162 164 168 169 171 174 177
37 133 134 135 137 138 140 142 143 144 145 148 150 151 153 154 155 156 158 160 162 164 165 166 168 169 172 173 174 175 176 177 178 179 180 181 182 183
18 133 134 135 137 141 147 149 150 151 155 158 160 162 165 167 174 176 178
15 137 145 146 147 148 149 150 154 156 160 163 174 177 182 183
12 133 135 136 139 146 148 153 166 168 169 171 176
28 134 138 139 141 144 149 150 151 154 155 157 158 159 160 161 162 164 166 168 169 170 173 174 175 178 179 181 183
10 134 135 138 143 160 169 173 177 178 180
19 133 138 139 141 144 145 146 147 150 151 154 157 173 174 175 177 178 179 182
24 135 137 138 139 141 144 145 147 148 152 155 159 160 163 164 165 167 168 173 174 176 177 182 183
10 145 146 147 149 151 154 155 159 166 179
19 136 138 142 143 145 146 147 149 152 154 157 163 166 167 170 172 176 177 180
13 135 139 145 150 156 158 160 161 163 169 174 175 177
32 134 135 136 137 140 142 143 148 149 152 153 155 156 158 159 160 161 162 163 164 165 166 167 168 169 170 171 172 176 180 181 183
17 135 140 141 145 149 152 156 157 158 159 160 162 168 171 175 176 178
7 140 144 154 171 173 175 179
20 133 137 140 142 143 146 147 149 156 159 163 164 165 167 168 169 178 179 180 181
14 134 137 139 140 142 144 148 153 158 163 169 173 178 183
12 133 135 137 157 158 159 160 168 171 175 176 181
17 134 143 146 148 150 151 152 154 156 158 159 161 163 165 166 178 179
9 138 156 160 164 167 171 174 180 182
13 138 140 142 144 146 148 149 158 168 172 174 175 176
24 134 136 140 141 142 148 149 151 152 153 154 155 159 164 166 167 168 170 171 173 176 178 180 182
19 134 135 136 139 140 151 152 155 159 161 166 167 169 171 172 175 179 180 181
39 133 134 136 137 138 139 140 141 142 143 144 147 150 151 152 153 154 155 158 159 160 162 163 164 165 166 167 168 169 170 172 173 174 175 176 177 180 181 182
32 133 134 135 137 139 140 141 144 148 150 151 153 155 156 158 159 160 161 162 164 165 168 169 171 173 174 175 178 179 181 182 183
16 138 142 144 146 149 152 153 155 160 163 166 173 174 175 176 177
1 167
4 139 141 170 181
7 146 148 149 157 171 178 183
12 133 137 142 146 147 149 159 167 168 169 179 180
7 135 145 158 160 169 174 175
11 134 137 139 144 148 153 158 169 173 178 183
6 145 149 151 154 155 179
10 134 148 154 159 161 163 165 166 178 179
21 135 137 138 142 143 145 148 150 156 158 160 164 165 168 169 172 175 178 179 182 183
9 138 143 146 149 154 157 167 176 177
2 141 181
15 134 135 139 140 151 159 161 166 167 169 172 175 179 180 181
6 134 139 143 162 170 180
16 134 135 137 141 147 149 150 151 155 158 160 162 165 167 174 178
5 134 139 157 180 181
9 133 134 135 141 147 150 155 162 176
7 144 146 150 153 155 165 167
5 137 138 143 150 170
11 138 139 141 145 148 152 153 168 170 171 177
9 135 136 144 148 151 153 158 167 170
11 138 148 150 151 155 156 161 169 178 179 183
15 133 140 144 145 150 156 157 163 164 166 170 175 176 181 182
6 136 147 153 171 172 180
9 133 137 144 147 162 172 179 181 183
16 134 136 137 139 142 143 146 150 151 153 161 167 169 170 174 181
6 133 136 139 146 169 176
8 146 152 153 173 174 175 176 177
24 133 139 140 142 145 147 149 150 153 155 157 158 161 163 167 168 170 172 174 176 179 181 182 183
17 134 136 138 139 141 142 148 149 154 159 161 165 168 172 174 178 180
19 133 134 137 142 145 149 155 158 165 166 167 172 173 175 176 178 179 180 183
1 171
18 135 138 139 141 144 147 148 152 155 159 163 167 168 173 176 177 182 183
23 134 138 139 141 144 149 150 151 154 155 157 159 161 162 164 166 168 170 175 178 179 181 183
7 136 142 144 145 175 180 182
8 133 136 150 159 166 167 171 178
9 140 143 146 147 152 162 164 171 177
8 135 139 140 141 145 158 159 171
11 144 151 154 156 163 167 172 173 177 180 183
6 133 136 161 168 169 181
5 164 171 177 180 182
7 135 139 145 158 163 169 175
8 153 157 158 160 161 164 176 178
20 134 136 140 141 142 149 151 152 153 154 155 166 167 168 170 173 176 178 180 182
11 138 140 142 144 146 148 149 158 168 172 174
6 136 140 147 167 175 183
16 135 138 139 142 145 154 156 162 163 165 166 168 173 174 175 182
12 138 147 148 154 163 164 165 172 173 177 182 183
12 137 145 146 147 148 150 154 156 160 163 177 183
10 136 139 149 152 157 159 161 163 170 171
5 133 136 161 168 183
6 145 146 148 157 161 179
9 139 142 143 146 155 161 167 169 181
8 133 135 137 139 144 168 174 176
12 135 140 143 146 147 151 152 161 162 164 169 174
9 133 135 137 157 158 160 175 176 181
17 133 135 136 140 142 143 147 149 157 158 164 168 169 170 173 179 181
11 135 141 149 150 158 160 162 167 174 176 178
6 136 144 148 153 162 167
8 134 135 138 143 169 173 177 178
12 143 147 149 156 159 163 164 168 169 178 179 180
14 133 136 137 142 143 146 149 157 158 164 168 170 173 181
11 137 151 154 157 162 164 167 170 172 178 180
17 134 135 136 138 139 141 148 149 152 158 159 161 165 168 172 178 180
21 136 138 139 141 151 154 155 157 158 161 162 166 171 172 173 174 175 176 177 182 183
7 136 141 146 152 157 163 170
18 134 140 141 142 148 149 151 153 154 155 166 168 170 171 173 176 178 180
7 138 139 142 157 168 170 181
11 133 138 144 147 148 164 165 166 172 173 180
11 134 137 139 140 142 148 163 169 173 178 183
5 138 157 164 171 172
8 139 141 148 157 165 168 170 177
8 144 146 147 153 155 165 167 169
5 134 143 169 177 180
16 133 134 136 140 142 147 149 155 159 161 172 173 174 175 176 182
10 143 146 150 151 160 161 162 169 171 174
20 134 136 143 149 152 156 159 161 162 163 166 167 168 170 171 172 176 180 181 183
12 135 140 143 146 147 151 152 162 168 171 174 177
12 134 137 140 142 144 153 158 163 169 173 178 183
12 144 151 154 155 156 158 163 165 167 172 173 177
13 134 136 138 139 141 142 153 154 159 161 165 168 174
25 134 135 139 144 145 150 151 152 153 154 155 157 158 160 161 162 170 171 172 173 174 175 176 177 183
10 138 141 143 144 153 164 168 170 173 176
10 135 137 141 144 145 168 169 170 174 176
10 133 148 150 151 155 156 167 169 179 183
11 136 138 141 142 149 151 152 162 163 170 180
3 141 170 181
19 134 140 141 142 148 149 151 152 154 159 164 166 168 170 171 173 176 180 182
20 134 136 140 141 142 148 149 152 153 154 155 159 164 166 171 173 176 178 180 182
11 135 140 143 150 151 152 168 169 171 174 177
9 139 156 158 161 163 169 174 175 177
4 137 138 157 181
9 135 144 150 151 153 158 167 170 175
6 140 146 168 174 175 176
11 137 143 150 160 162 164 167 169 179 180 181
7 134 137 154 156 167 178 179
7 135 145 146 149 161 171 179
12 144 147 150 151 152 155 159 167 170 172 177 179
8 135 137 160 168 171 175 176 181
8 134 135 143 169 173 177 178 180
9 141 144 146 151 157 173 178 179 182
11 135 137 149 150 151 158 162 165 174 176 178
5 143 150 157 162 170
13 133 147 149 150 151 152 155 159 167 170 177 179 181
10 135 139 146 148 153 166 168 169 171 176
24 134 136 138 144 145 148 150 152 153 154 155 157 158 161 166 170 171 172 174 175 176 177 182 183
11 135 151 152 159 161 165 166 167 171 178 183
12 137 143 150 160 163 164 167 169 179 180 181 183
16 134 135 136 138 139 142 148 149 152 153 154 158 161 172 174 178
14 133 137 140 143 147 159 163 165 167 168 169 178 180 181
24 134 135 136 137 140 142 143 148 149 155 158 159 160 163 164 165 166 167 168 169 171 176 180 183
12 136 138 141 142 148 149 151 152 162 163 170 180
8 137 150 160 164 167 169 179 183
25 133 137 138 144 145 151 153 154 155 156 158 160 162 164 166 168 169 172 173 175 176 177 179 181 183
6 136 140 147 173 181 183
11 137 145 146 147 148 149 150 154 160 177 183
20 135 137 138 141 144 145 147 148 152 155 160 163 164 165 167 168 174 176 177 182
26 134 137 138 140 141 142 146 147 154 156 157 159 161 163 164 165 166 171 172 173 174 178 180 181 182 183
8 136 142 159 163 170 175 180 182
9 136 142 144 145 158 163 168 170 182
7 136 153 158 160 161 176 178
8 137 145 146 147 150 174 177 182
11 135 140 141 145 156 157 159 160 162 171 176
13 133 143 153 157 158 162 164 165 168 170 173 176 178
19 134 137 138 139 140 142 147 149 152 157 160 161 163 169 171 177 178 180 181
22 133 134 136 144 145 148 149 154 155 156 157 158 159 163 167 172 173 176 179 180 182 183
18 133 134 140 142 143 150 151 153 156 157 158 166 169 171 175 178 179 181
4 156 167 174 182
16 133 140 141 145 149 155 159 161 163 167 171 172 174 179 182 183
8 135 136 144 148 158 162 167 175
7 133 135 136 146 166 168 176
9 133 139 146 148 153 168 169 171 176
9 142 144 149 152 155 160 163 166 173
12 137 140 146 147 149 156 164 165 168 169 179 180
11 135 137 141 147 149 150 151 155 160 162 165
9 145 156 161 173 174 177 178 179 182
12 134 137 139 140 144 148 153 158 163 169 173 178
9 135 139 140 141 143 147 150 158 171
8 138 142 144 146 148 149 158 175
11 139 141 146 147 149 152 157 159 161 170 171
8 133 146 147 157 165 172 179 183
18 134 136 137 142 144 145 148 154 155 156 157 159 165 166 173 175 180 182
8 145 146 147 154 155 159 166 179
16 133 135 136 141 150 152 157 161 162 165 168 172 175 176 177 181
6 134 138 160 169 173 178
3 139 141 181
19 133 137 140 141 143 144 146 147 149 151 152 155 167 170 171 177 179 181 183
11 136 138 139 146 152 168 170 172 181 182 183
8 136 137 151 152 154 156 165 175
24 134 138 139 149 150 151 154 155 157 158 159 160 161 162 166 169 170 173 174 175 178 179 181 183
11 139 141 144 145 148 153 157 165 168 170 177
8 138 148 150 155 156 161 169 183
10 134 139 140 159 161 166 171 175 180 181
6 137 138 150 157 162 181
18 134 135 138 139 141 142 149 152 153 154 158 159 161 165 168 172 174 178
6 140 147 160 173 175 181
7 136 139 146 152 168 172 181
17 134 138 141 144 154 155 157 158 160 161 166 169 173 174 175 178 179
22 137 140 143 144 145 146 147 150 151 155 160 162 163 164 166 167 170 175 176 177 181 183
10 136 139 141 146 147 149 152 159 163 170
8 135 139 145 150 156 161 163 169
11 138 142 144 149 152 153 160 163 174 176 177
9 133 141 142 143 157 162 164 170 178
7 147 160 162 167 173 181 183
10 134 154 156 157 162 164 170 172 178 179
27 134 138 139 144 148 150 151 153 155 156 159 160 161 162 163 166 167 171 172 174 175 176 177 178 180 182 183
14 133 138 141 143 144 153 157 162 164 165 170 173 176 178
3 139 141 170
16 136 138 142 145 146 147 149 154 157 163 166 167 172 176 177 180
10 133 135 139 146 148 153 166 169 171 176
9 133 137 138 144 146 162 165 179 181
9 135 148 150 151 153 158 162 170 175
12 136 138 139 141 142 148 152 162 163 166 170 180
10 138 139 141 144 152 153 165 168 170 171
19 133 134 137 140 150 151 155 156 162 164 165 166 168 169 173 174 176 177 181
7 156 160 164 167 174 180 182
9 144 151 155 156 163 167 172 173 183
16 133 134 140 142 146 149 151 156 158 159 161 166 173 174 175 176
11 138 140 144 146 148 149 158 168 172 174 176
15 138 142 143 145 147 149 152 154 163 166 170 172 176 177 180
22 134 138 139 141 144 145 148 150 151 153 154 156 161 162 163 166 175 176 177 178 180 183
26 134 138 141 144 145 148 150 151 152 153 154 155 156 159 161 162 163 171 172 174 175 176 177 178 182 183
18 137 142 145 153 154 157 159 163 165 167 172 173 175 176 178 179 180 183
10 142 149 152 159 160 161 164 175 178 182
10 136 138 139 141 148 151 152 162 166 170
22 137 140 143 145 146 147 150 151 155 157 160 162 163 164 166 169 170 173 177 181 182 183
12 135 136 141 147 151 152 159 161 165 167 178 183
18 134 136 140 141 142 148 151 153 159 164 166 167 168 170 171 173 180 182
8 143 145 148 159 161 163 166 180
25 133 134 137 138 140 142 143 146 149 154 155 156 157 160 164 165 171 172 173 174 177 178 179 180 182
28 133 135 136 139 140 143 144 146 147 148 150 152 153 154 155 156 158 160 161 162 164 165 167 168 173 174 181 183
31 133 134 135 136 137 138 140 141 144 145 147 148 152 153 154 157 158 159 161 162 163 164 165 168 171 174 175 176 178 181 183
17 134 135 140 142 143 145 148 152 155 159 162 164 168 170 175 180 183
21 134 137 138 139 141 142 143 147 150 152 153 156 158 163 164 173 175 176 178 179 180
19 133 134 136 137 142 145 146 153 158 161 165 166 173 174 176 177 179 181 183
22 137 140 144 146 151 152 153 154 155 156 158 160 162 168 171 172 175 178 179 181 182 183
19 134 136 144 146 147 149 150 152 157 166 169 170 172 174 175 176 177 179 182
23 135 138 141 144 145 146 147 153 154 156 157 158 159 160 162 167 171 173 175 176 178 179 180
32 134 136 138 140 144 145 148 149 150 152 155 156 157 159 161 164 165 166 168 170 171 172 173 174 175 176 177 178 179 180 181 182
31 133 134 138 139 144 145 146 149 151 152 153 155 156 158 159 160 162 163 164 165 166 167 168 169 174 175 177 178 179 180 182
25 135 137 138 139 142 144 146 148 150 155 157 158 159 161 164 165 167 168 170 173 174 175 179 180 181
26 133 134 135 138 139 140 141 142 148 152 153 156 158 159 160 164 166 167 169 170 173 176 177 178 179 180
24 133 135 136 137 138 141 142 145 147 153 162 163 165 167 168 169 170 171 173 174 177 180 181 182
21 133 134 137 141 143 144 149 151 153 154 155 156 160 163 164 168 170 175 177 179 180
22 135 136 138 142 143 146 151 153 155 158 161 162 165 168 169 170 174 175 176 177 181 183
20 134 136 139 145 146 147 154 156 159 161 162 163 165 167 168 171 172 176 177 180
18 133 134 146 148 151 157 158 161 162 163 164 165 168 170 171 174 176 182
23 133 134 135 136 138 141 143 145 146 147 148 152 155 156 157 160 165 170 171 173 176 179 181
26 133 134 136 140 145 146 147 150 151 153 154 158 159 161 163 169 170 171 172 174 175 178 179 180 182 183
23 134 141 143 145 146 148 149 150 151 154 155 156 157 158 161 163 164 165 168 171 173 180 181
20 133 135 136 139 141 143 144 147 148 149 150 153 156 160 167 168 169 171 176 179
19 133 138 139 140 143 144 146 147 149 150 151 152 154 160 165 166 175 179 180
32 134 136 138 139 141 142 143 144 147 149 150 151 152 153 155 159 160 161 162 163 165 166 171 172 175 176 178 179 180 181 182 183
24 135 136 137 138 139 140 142 145 146 150 152 157 160 162 165 167 169 170 175 176 178 181 182 183
19 135 140 142 147 148 151 152 159 160 163 164 166 167 169 172 175 176 178 183
23 135 138 139 141 143 149 150 151 159 160 161 162 166 169 170 171 174 175 176 177 179 180 183
29 133 134 135 136 138 139 143 144 148 153 154 155 156 157 159 163 164 167 170 171 172 174 175 176 177 178 179 180 181
22 133 135 136 139 146 148 149 150 153 156 157 159 160 162 163 164 166 172 175 176 177 183
33 133 136 138 140 143 144 145 146 147 148 150 151 152 153 156 158 159 161 162 163 164 165 166 168 169 170 172 173 175 176 178 182 183
25 135 137 138 139 142 146 147 148 149 152 153 154 155 158 161 162 164 167 168 170 171 172 173 175 180
35 134 138 140 143 144 145 147 150 151 152 153 154 156 157 158 159 160 161 162 163 165 166 168 170 171 173 174 175 176 177 179 180 181 182 183
16 133 138 141 143 145 148 156 157 161 162 163 171 173 174 179 180
33 133 134 136 137 138 141 143 144 145 146 147 149 150 151 155 156 157 158 160 161 162 163 165 170 171 172 173 175 176 177 180 181 183
33 133 135 136 137 139 140 141 142 143 144 145 146 148 149 150 151 154 160 161 164 166 168 169 170 171 173 174 175 177 178 180 181 183
28 133 137 138 139 140 141 142 143 144 145 146 150 152 154 156 157 161 167 168 169 171 173 175 177 178 179 182 183
28 133 142 143 147 149 150 152 154 155 157 158 160 161 163 164 165 167 168 169 172 173 175 176 177 178 180 182 183
15 133 134 140 144 146 147 148 151 155 156 166 172 173 178 183
35 135 136 137 138 139 142 143 146 147 148 149 151 153 155 156 157 158 160 161 162 163 164 165 166 169 170 172 173 175 176 178 179 180 182 183
26 133 135 137 140 144 145 147 149 152 153 155 157 158 160 164 166 167 168 169 170 172 173 174 175 179 182
19 135 136 138 139 144 147 154 155 156 157 160 161 162 163 173 178 180 181 182
28 135 136 139 140 141 142 144 145 147 148 150 151 152 154 159 161 163 164 165 167 169 171 172 174 175 177 179 180
31 135 137 138 139 140 141 142 143 145 146 147 148 151 152 155 156 157 160 162 163 165 166 168 170 172 174 175 177 181 182 183
34 133 134 135 136 137 139 140 141 142 145 146 147 149 150 151 152 153 154 156 158 159 160 161 166 167 169 170 172 174 175 176 180 182 183
30 133 134 138 141 142 144 145 148 149 150 151 154 155 156 157 158 161 162 163 165 167 170 172 173 174 175 176 177 178 181
26 137 139 141 144 148 150 151 152 154 155 156 157 158 159 162 163 164 165 167 168 170 172 173 175 176 183
29 134 135 137 139 140 142 144 145 146 147 152 154 156 157 160 163 164 165 166 168 170 171 172 173 174 175 180 181 183
25 135 138 139 140 141 143 147 148 150 152 154 156 157 158 159 160 161 166 169 170 172 175 176 179 182
18 140 141 142 148 151 154 156 162 163 168 169 170 173 174 179 180 181 183
31 133 135 136 137 138 139 140 141 142 143 145 150 153 154 155 157 158 160 164 165 166 167 168 169 171 172 175 178 179 181 182
33 133 135 136 138 139 142 144 145 146 149 154 155 156 158 159 160 162 163 165 167 168 170 171 172 173 174 175 176 177 178 181 182 183
32 133 135 137 138 139 140 142 143 144 145 146 147 148 150 151 156 157 158 159 160 161 162 165 166 169 170 173 174 175 178 180 181
31 133 135 137 138 139 141 142 143 144 147 149 151 152 153 155 157 158 159 160 162 164 166 167 169 173 175 178 179 180 181 183
28 133 137 140 142 145 147 149 151 152 153 156 157 158 160 161 162 164 165 167 169 170 175 176 177 179 181 182 183
27 133 135 140 141 142 144 145 148 149 150 151 154 160 161 162 163 165 166 167 169 170 175 178 179 181 182 183
19 133 136 141 142 145 148 149 152 153 160 162 163 165 168 170 173 175 180 181
23 135 142 143 144 145 149 153 155 157 158 159 161 165 166 167 169 170 174 175 177 178 181 182
31 133 135 137 138 139 141 142 143 144 147 148 149 150 152 155 156 157 159 160 161 163 164 166 167 170 171 172 175 177 181 183
22 133 136 138 142 143 150 151 152 153 156 159 160 163 165 166 173 174 175 180 181 182 183
34 133 134 135 136 137 138 139 142 143 144 145 148 149 150 151 154 155 156 157 162 163 164 167 168 169 171 172 173 174 178 179 180 182 183
35 133 134 136 137 141 142 144 145 146 147 150 151 152 153 154 156 157 159 160 161 165 166 167 169 170 171 172 175 177 178 179 180 181 182 183
26 133 134 137 139 141 142 144 146 147 148 149 153 155 157 158 159 160 161 162 164 169 172 173 174 177 182
32 134 135 138 139 141 142 143 144 146 147 148 150 151 152 153 154 155 156 157 158 161 165 170 171 173 174 175 178 179 180 181 182
20 134 136 137 141 143 144 145 150 157 159 160 162 164 167 169 170 171 175 176 182
30 136 137 140 142 143 146 148 149 153 154 157 158 159 160 161 162 165 166 170 171 172 173 174 175 176 177 179 181 182 183
15 134 139 149 150 151 152 154 157 161 167 170 175 178 180 183
25 134 139 140 141 143 146 150 151 156 157 158 160 161 164 165 166 167 170 171 172 173 176 177 180 181
16 134 137 138 139 145 152 154 155 162 167 168 174 175 176 179 182
18 138 139 141 144 153 161 162 168 169 170 171 172 173 174 175 179 182 183
34 134 136 137 139 140 145 146 147 149 151 153 154 155 157 158 161 162 163 165 166 167 168 169 170 171 173 174 175 177 179 180 181 182 183
19 134 136 148 150 151 155 156 157 158 159 160 161 162 163 164 165 177 180 181
26 136 137 138 139 144 147 149 150 153 156 158 159 161 163 164 165 166 167 170 173 175 178 179 180 181 183
29 133 134 136 138 140 141 143 144 147 148 149 150 151 153 154 156 158 161 163 165 166 167 169 170 171 172 176 178 181
23 133 134 141 142 145 146 148 149 151 152 156 157 158 159 164 168 171 174 175 177 179 181 182
25 133 134 135 136 137 139 140 141 144 145 149 153 154 156 158 159 160 161 164 165 166 168 172 177 179
31 133 134 136 137 138 141 143 144 145 148 150 153 155 157 158 159 161 164 167 168 170 171 172 173 174 176 177 179 180 181 182
33 133 135 138 139 141 142 143 146 147 148 149 150 151 153 154 155 157 158 159 160 161 162 164 168 169 171 172 173 175 176 178 182 183
30 136 137 141 143 144 151 152 153 154 156 157 160 161 162 163 166 167 168 169 170 171 172 173 175 178 179 180 181 182 183
27 133 134 136 138 140 142 144 146 148 149 151 152 153 154 155 156 160 161 163 165 167 168 170 172 173 175 178
33 133 135 136 139 140 142 144 147 148 149 150 151 153 155 157 159 160 162 164 165 166 167 168 171 173 174 175 176 177 179 180 181 182
18 134 141 142 144 145 148 153 154 159 161 163 164 171 172 173 175 180 181
33 133 134 135 136 137 138 140 142 144 145 148 149 150 152 153 154 155 156 157 158 161 162 163 167 170 172 173 174 176 177 179 180 181
22 133 134 135 136 137 140 149 151 153 157 158 159 160 161 163 166 167 170 171 173 177 181
18 135 140 141 142 146 152 154 158 159 161 162 169 170 172 175 177 180 182
16 133 134 140 141 146 147 148 153 155 166 167 171 174 176 179 182
17 140 143 144 148 154 158 159 160 161 162 164 168 169 172 174 175 179
17 135 138 144 145 155 156 157 159 162 164 165 166 167 169 172 175 181
21 133 134 136 144 145 147 148 149 151 153 157 158 161 162 163 165 166 167 174 176 179
22 133 138 142 143 145 151 155 156 157 159 161 162 163 167 169 171 174 176 177 180 181 182
21 135 139 144 147 150 151 155 156 158 161 162 163 166 170 173 174 175 177 178 179 181
25 133 134 136 138 139 140 142 144 146 149 150 151 153 154 160 164 167 168 169 172 173 174 181 182 183
33 136 137 138 141 142 144 145 147 148 149 151 152 154 155 157 158 160 161 162 164 166 167 168 169 172 173 175 177 178 179 180 182 183
24 133 135 136 139 141 147 148 149 153 154 155 158 162 163 165 171 172 173 175 176 177 178 180 181
29 134 135 136 137 138 139 140 141 142 143 146 153 154 156 157 158 161 162 166 167 169 171 172 173 175 176 177 181 182
32 134 135 136 137 138 139 141 142 143 144 146 148 149 150 153 156 157 160 164 165 167 168 169 170 171 172 173 174 176 179 182 183
29 136 137 138 139 140 141 143 144 146 148 149 152 154 156 157 159 164 165 168 169 171 172 174 175 177 179 180 181 183
24 134 135 137 138 140 143 144 146 148 150 151 153 157 160 162 163 165 166 171 173 177 179 181 182
15 140 142 143 144 148 152 153 157 159 161 164 165 168 171 182
19 137 146 147 150 152 154 156 157 159 162 164 165 168 169 177 178 180 181 182
29 135 137 139 141 146 149 152 153 154 155 156 158 161 162 164 167 168 169 171 172 173 175 176 177 179 180 181 182 183
26 134 139 140 146 147 149 150 151 152 155 157 159 161 164 166 167 169 170 171 172 173 175 176 177 178 183
23 137 139 146 148 149 151 153 154 155 157 159 163 165 166 167 169 171 173 176 177 178 179 182
15 134 140 145 151 152 153 154 156 157 159 164 166 170 177 182
17 134 137 138 140 141 142 146 151 155 158 160 161 162 165 168 174 179
33 134 135 137 139 142 144 147 148 150 151 152 153 155 157 158 159 161 162 163 165 166 168 170 171 172 174 176 177 178 180 181 182 183
25 138 139 141 144 146 147 151 153 156 157 160 161 162 164 169 170 172 174 175 176 178 179 180 181 183
31 133 135 137 138 139 140 141 144 145 146 147 148 149 151 152 153 154 157 158 159 161 162 164 166 168 171 172 177 178 179 180
26 134 135 137 139 141 142 143 144 147 148 150 152 153 156 157 158 162 164 166 172 174 175 179 180 182 183
22 133 134 136 137 138 140 141 143 144 145 146 148 149 159 161 164 165 166 173 175 176 177
17 134 135 142 147 149 155 156 161 166 167 171 174 177 178 180 181 182
32 134 137 138 139 141 142 143 144 146 147 149 151 152 153 154 156 157 159 160 161 164 166 167 169 173 174 175 176 177 179 180 183
17 137 139 141 142 147 151 153 157 159 160 163 165 167 169 173 175 179
15 135 136 142 145 149 151 154 161 166 167 174 175 179 181 183
16 133 135 145 146 153 156 157 160 168 170 171 172 174 176 177 180
24 133 135 136 139 146 147 148 149 152 153 155 160 163 164 169 170 171 172 173 174 178 179 180 183
15 135 142 143 146 149 150 152 155 157 164 167 168 173 176 179
33 133 134 135 136 137 141 142 143 146 148 149 150 151 152 154 155 156 157 158 160 161 163 164 165 167 169 170 171 172 173 174 177 180
27 133 135 139 140 141 142 143 148 150 151 154 155 156 158 159 160 162 163 166 169 171 172 175 176 177 178 182
26 133 135 136 137 138 139 143 145 146 148 149 152 154 155 158 161 162 165 166 167 171 172 174 178 179 180
19 134 136 141 144 145 147 149 152 154 155 158 160 163 167 169 173 175 176 183
34 133 134 136 137 138 139 140 142 143 144 147 148 149 150 151 152 153 155 156 157 158 159 160 161 162 164 166 167 170 172 173 174 176 183
26 134 136 137 139 140 141 146 147 153 160 161 164 166 167 169 170 171 173 174 175 176 178 179 180 182 183
19 134 135 136 139 147 150 151 153 154 156 157 159 163 164 170 174 175 178 183
24 135 136 137 138 140 145 148 151 152 154 155 156 158 159 160 161 165 167 168 170 172 173 174 176
35 134 135 136 137 139 140 142 143 144 146 147 150 151 153 154 155 156 157 158 159 160 161 162 163 165 167 171 173 175 176 178 179 180 181 182
26 134 135 136 139 142 144 147 151 152 153 154 155 157 158 159 161 162 163 164 165 166 171 172 175 178 181
23 134 136 137 141 142 144 145 146 153 154 155 159 160 165 168 170 171 172 173 179 180 182 183
35 133 134 135 137 138 139 140 141 142 143 144 145 147 148 149 150 151 152 153 154 155 156 159 161 162 165 168 169 172 173 176 178 179 182 183
34 133 134 135 137 138 139 143 147 149 151 152 153 154 155 156 158 160 161 163 164 167 168 169 170 171 172 174 175 176 177 180 181 182 183
33 134 135 136 139 140 143 145 146 147 148 150 151 152 153 155 159 160 161 162 164 165 166 168 169 171 172 173 174 175 176 178 181 182
27 133 134 137 138 139 141 147 148 149 150 151 153 155 156 158 160 161 164 166 168 170 171 173 175 176 179 181
34 134 135 136 137 139 140 141 143 144 145 146 147 148 149 151 155 156 157 158 159 160 162 163 164 166 168 169 171 173 174 179 180 181 182
19 134 136 139 140 141 142 144 146 147 149 154 156 160 166 171 177 180 181 183
31 135 136 137 138 141 142 143 144 145 146 147 148 149 150 152 155 156 157 160 163 165 166 167 168 169 171 174 175 176 178 179
23 134 135 136 140 141 143 146 149 150 153 157 164 167 168 171 172 173 175 176 177 178 179 181
32 133 136 137 138 139 140 142 143 144 145 146 147 149 155 156 158 160 161 162 164 165 166 168 169 171 172 173 175 176 177 179 180
16 134 138 139 142 146 152 154 156 158 159 162 168 174 176 180 183
21 133 134 135 141 142 143 146 149 151 155 158 159 163 164 167 168 170 171 177 181 182
28 135 136 138 140 141 143 150 151 152 153 155 156 160 161 162 163 165 166 169 173 174 175 176 177 178 180 182 183
33 135 137 138 139 140 141 143 145 147 149 151 154 155 156 157 158 159 160 162 164 165 166 167 171 173 175 176 177 178 180 181 182 183
23 133 134 139 140 141 145 146 147 150 151 152 153 162 165 166 167 171 172 174 175 177 180 182
20 133 134 140 143 144 146 147 149 150 152 156 157 159 162 164 168 171 172 181 182
15 136 141 142 143 146 147 150 160 161 166 167 168 170 171 175
17 135 139 141 144 145 148 154 155 158 163 164 165 167 170 174 178 183
16 133 135 148 155 156 159 161 162 167 169 171 174 175 177 181 183
28 135 137 139 141 144 145 146 149 150 151 153 154 155 156 157 162 163 165 166 167 169 170 172 175 176 178 179 182
30 133 134 136 138 140 143 146 147 148 150 151 152 154 157 159 161 162 165 166 167 168 169 172 173 175 176 177 178 180 181
18 137 143 145 147 149 151 153 154 155 156 160 164 165 173 174 176 178 180
28 133 134 135 138 140 141 142 143 145 149 153 156 157 160 162 164 165 166 167 172 173 174 175 176 179 180 181 182
24 137 139 140 143 144 145 147 148 151 155 161 162 163 166 167 168 169 171 173 176 178 179 182 183
21 135 136 137 141 142 143 144 145 154 156 160 162 163 166 169 170 172 175 178 182 183
27 134 135 138 140 145 146 147 148 150 153 154 157 158 159 160 162 163 164 166 167 168 173 176 177 180 182 183
19 135 136 139 142 143 145 146 148 149 150 155 156 158 164 169 170 172 173 178
26 133 134 135 136 140 143 144 145 146 148 151 152 154 156 159 160 161 163 165 166 168 169 171 178 179 183
31 133 134 136 138 140 143 145 146 147 148 149 150 152 153 154 155 157 158 160 162 163 165 166 168 171 172 175 176 178 181 183
34 135 137 139 140 142 143 144 145 146 147 148 149 150 151 152 153 154 155 156 157 158 159 160 161 163 164 170 171 173 176 177 178 179 180
22 133 134 135 136 140 141 142 146 148 152 153 154 156 158 159 161 162 163 167 168 179 183
33 133 135 136 137 138 140 141 144 145 148 149 150 151 152 154 155 158 159 160 162 163 165 167 169 171 172 173 174 177 178 179 180 182
19 133 136 137 141 143 145 147 151 153 156 158 163 166 167 168 171 172 178 179
19 136 139 140 141 145 149 150 151 153 155 156 162 164 167 168 172 173 176 180
15 136 139 140 142 143 144 147 155 157 159 162 168 181 182 183
28 133 138 139 140 141 142 144 145 146 148 150 151 153 158 159 160 161 164 167 168 170 171 173 175 176 177 181 182
31 134 135 137 139 141 142 146 149 150 151 152 154 155 158 162 164 166 167 168 169 170 171 172 173 174 175 176 178 179 180 183
26 136 138 144 145 147 148 149 151 152 155 157 158 160 162 164 167 168 169 170 171 172 175 177 178 179 181
21 133 136 137 140 144 146 148 150 153 155 156 160 164 167 168 171 172 173 176 179 180
25 133 135 136 138 144 147 148 152 153 155 156 158 160 161 165 168 170 171 174 175 176 177 180 182 183
31 134 135 137 138 139 142 143 146 148 149 151 152 153 156 157 158 161 163 164 165 168 169 170 171 172 174 175 176 178 180 182
20 134 137 141 142 143 145 148 150 152 156 158 159 163 164 166 171 172 176 180 182
30 133 135 136 138 139 140 141 143 144 145 147 148 149 150 151 153 155 156 159 162 163 164 168 171 172 173 177 179 181 183
33 133 134 135 138 139 140 142 143 144 147 149 152 155 156 158 161 162 163 164 165 166 167 169 171 172 173 174 175 176 178 179 180 182
28 133 134 135 136 138 144 145 146 147 148 150 151 153 155 156 157 158 162 164 166 170 171 177 178 179 180 181 183
24 133 135 139 141 145 146 147 148 150 151 153 155 157 158 159 160 168 169 172 173 177 180 181 182
18 133 136 138 141 142 147 148 149 150 155 157 161 168 169 172 179 180 181
33 133 134 135 137 139 141 142 144 145 147 148 149 150 153 154 155 157 158 160 162 166 168 169 170 171 172 173 174 175 177 180 181 183
22 133 134 135 139 140 142 148 149 151 154 155 160 161 162 165 167 169 172 178 179 180 181
24 134 137 141 144 147 148 150 151 155 157 158 160 161 162 165 166 168 169 170 173 174 175 181 183
26 134 136 137 138 144 146 147 148 149 152 153 157 158 160 162 163 165 167 169 172 173 177 178 181 182 183
19 134 138 143 144 148 151 155 156 157 159 161 169 170 171 174 176 180 181 183
19 136 137 142 143 144 146 152 154 156 159 160 163 164 165 167 173 174 179 180
27 133 134 137 138 139 140 141 144 145 146 148 149 150 155 159 161 162 163 164 166 167 168 171 173 174 180 183
26 134 135 136 138 140 142 146 147 148 154 156 157 158 160 162 164 166 167 168 169 170 177 178 179 181 182
16 135 142 144 147 151 152 154 155 160 165 166 167 169 174 176 182
35 133 134 135 136 137 138 139 141 142 145 146 147 150 151 152 153 155 159 161 162 163 164 168 169 170 172 173 175 176 177 178 179 180 182 183
34 133 136 137 138 141 142 143 144 145 146 147 148 151 152 153 158 160 161 163 164 165 166 169 172 173 174 176 177 178 179 180 181 182 183
21 133 134 136 137 141 146 147 149 152 158 162 163 165 170 172 173 174 175 176 179 182
16 133 134 136 138 139 140 142 148 152 153 156 157 168 176 180 183
19 133 135 137 141 143 149 150 153 155 159 160 161 163 164 168 175 176 178 180
32 135 136 139 141 142 145 146 150 151 152 154 155 156 157 159 160 162 163 165 166 168 169 172 173 174 176 177 178 179 180 181 182
29 134 137 139 140 142 143 146 148 153 154 155 156 157 159 162 164 165 166 168 170 171 173 175 176 177 179 180 182 183
14 184 185 186 187 188 189 191 192 193 194 197 198 201 202
4 185 187 191 198
4 184 185 201 203
2 184 202
3 193 194 201
5 186 190 194 195 198
6 185 187 194 195 198 204
7 190 195 196 199 200 203 204
4 185 188 192 195
6 190 193 197 199 200 201
14 184 185 187 188 189 190 191 194 197 198 199 200 202 204
7 186 192 193 195 196 201 203
4 191 193 194 204
6 189 191 196 197 198 199
11 184 185 187 189 196 197 198 201 202 203 204
2 197 198
3 200 201 203
13 184 186 188 189 191 192 193 194 195 197 199 203 204
4 188 190 191 199
14 185 186 191 192 193 194 195 197 198 200 201 202 203 204
3 191 196 199
12 184 186 187 188 190 191 193 195 197 199 201 204
5 188 195 196 198 199
4 188 189 199 203
7 184 187 188 189 190 196 199
8 186 191 193 194 195 199 201 203
8 184 185 187 190 192 194 200 204
4 186 190 192 199
6 185 187 190 195 197 203
10 184 185 186 189 190 191 192 201 203 204
8 186 188 189 190 194 195 199 204
9 185 189 192 194 196 198 200 202 203
6 185 186 189 190 197 201
7 184 191 193 197 198 199 202
3 185 188 195
8 185 187 190 196 198 200 201 202
8 185 188 190 192 194 200 201 203
13 184 185 187 188 189 190 192 196 197 198 200 202 204
6 190 195 196 199 200 201
7 195 196 197 198 200 202 203
5 186 188 199 200 203
4 186 192 194 195
8 187 188 191 192 196 197 202 204
6 184 192 193 196 197 202
7 186 188 189 191 192 196 203
6 190 193 197 198 202 203
4 189 193 199 200
6 184 185 187 188 189 201
10 184 186 189 190 194 197 198 200 202 204
6 184 186 191 192 199 202
9 184 185 186 188 189 194 195 201 204
14 185 187 188 189 191 193 194 195 196 198 199 201 203 204
7 184 186 187 193 195 202 204
3 187 192 200
7 185 187 188 189 193 194 204
15 184 187 188 191 192 193 194 195 196 198 199 200 202 203 204
9 188 189 193 194 196 198 200 201 204
7 185 186 191 194 198 201 202
5 187 188 199 200 204
7 184 185 186 190 193 198 204
11 186 187 189 190 192 194 196 200 201 203 204
10 187 191 192 194 195 196 197 200 201 202
5 185 192 195 196 197
13 186 188 189 191 193 195 196 197 198 199 201 202 203
11 187 188 193 194 195 196 197 198 199 200 202
8 184 187 192 193 194 197 202 203
6 184 186 191 192 202 203
2 193 200
8 184 187 189 190 191 198 202 204
7 187 191 193 196 199 201 203
8 185 186 189 190 191 200 201 204
9 184 189 190 192 193 195 196 197 203
7 184 186 190 192 197 200 202
4 185 194 195 198
6 184 187 189 191 202 204
5 184 187 193 195 204
3 186 191 192
6 184 188 195 197 201 204
4 190 196 199 204
1 201
3 186 199 202
4 192 193 196 201
2 192 200
4 186 195 196 203
1 193
5 184 186 190 197 200
3 187 188 190
3 193 197 201
11 184 187 188 191 193 194 195 198 199 200 204
3 185 189 201
5 184 188 194 195 204
2 185 201
4 184 186 191 202
3 186 188 203
6 186 188 189 193 194 197
6 184 186 194 197 200 202
10 184 187 188 189 196 197 198 200 202 204
6 186 193 195 196 201 203
4 184 187 195 204
12 184 187 188 192 193 194 196 198 199 200 202 204
3 188 190 191
2 190 195
4 185 189 193 204
5 190 192 196 197 203
4 187 189 190 202
10 185 191 193 194 195 197 198 200 201 202
5 190 194 198 200 202
2 185 195
2 186 194
5 186 191 198 201 202
6 195 196 197 200 202 203
6 187 191 192 196 197 202
8 188 193 195 196 197 198 200 202
2 190 199
2 200 203
7 186 189 190 191 200 201 204
10 185 187 188 189 191 193 199 201 203 204
4 184 186 197 202
3 188 189 199
4 187 191 196 204
2 194 201
4 184 186 193 204
5 184 188 190 196 199
6 186 191 193 195 199 201
3 185 189 190
7 186 189 190 194 197 200 204
2 184 201
3 184 192 202
5 186 188 189 192 196
7 184 185 187 190 192 194 204
9 187 188 193 194 195 197 198 199 202
9 184 186 189 191 194 197 199 203 204
3 185 187 198
5 185 190 198 200 201
1 200
5 186 192 196 201 203
5 184 186 191 192 202
3 185 195 203
12 184 185 186 187 189 191 192 193 194 198 201 202
1 200
4 184 186 202 204
4 184 188 190 199
8 188 189 193 196 197 199 202 203
3 190 195 200
10 184 185 187 188 189 192 196 197 200 204
4 184 187 189 196
4 184 186 191 202
3 187 195 203
4 186 189 194 199
2 192 200
4 185 190 193 204
6 187 192 195 197 200 202
6 185 187 192 194 200 204
4 187 190 195 203
4 190 192 194 200
3 186 194 195
8 186 189 191 193 195 197 198 201
4 185 195 198 204
1 193
6 187 192 193 194 202 203
5 187 191 196 199 201
3 185 192 195
6 185 190 196 198 200 202
1 200
3 184 192 202
4 185 187 190 195
10 185 191 192 193 194 198 201 202 203 204
11 184 186 187 188 189 192 193 194 197 198 201
3 188 192 195
4 185 189 190 197
4 194 195 199 204
3 196 198 199
3 195 199 200
5 184 190 198 202 204
8 187 189 190 198 199 200 202 204
10 185 187 188 189 192 193 194 198 201 202
2 191 198
3 189 191 196
5 184 191 192 199 202
1 200
2 192 195
4 186 199 200 203
3 196 200 201
3 185 195 196
7 184 190 194 197 198 200 204
9 187 193 194 195 196 197 198 199 202
4 191 192 199 202
4 188 199 200 204
5 184 187 188 189 201
2 186 198
7 188 189 193 198 199 201 204
1 194
6 185 187 189 193 194 204
7 187 188 195 197 199 200 202
4 196 198 200 202
3 193 199 200
1 197
4 184 191 192 202
4 184 186 191 199
5 185 190 195 197 203
6 185 186 189 190 200 204
7 185 186 189 190 191 201 204
11 184 186 187 188 189 191 192 197 198 201 202
6 184 187 190 192 194 200
6 189 190 191 192 201 203
6 184 187 192 193 197 203
2 186 195
2 201 203
12 184 185 187 188 189 190 191 194 197 199 200 202
5 191 193 199 201 203
4 185 189 194 196
3 195 197 200
5 189 194 198 202 203
4 185 187 192 194
5 185 187 190 192 204
5 185 186 200 201 204
7 184 186 189 190 191 192 201
5 184 192 196 197 202
6 187 189 191 198 202 204
3 188 189 199
5 188 189 196 200 204
6 185 188 192 200 201 203
4 186 199 200 203
1 188
10 185 187 188 189 190 194 197 200 202 204
7 187 191 194 195 198 200 203
4 187 196 199 201
6 187 188 191 196 197 204
2 193 194
4 196 199 200 201
6 185 189 190 191 200 204
7 185 186 189 190 191 192 201
8 185 186 193 195 198 201 202 204
5 195 197 200 202 203
8 191 192 194 195 197 201 203 204
5 184 186 187 193 204
4 184 193 198 199
3 185 186 189
12 184 187 188 191 192 193 194 195 196 198 200 203
5 184 190 193 198 204
5 184 185 187 188 201
7 184 186 190 194 198 202 204
7 188 194 195 196 198 199 200
2 189 193
5 187 190 196 200 201
7 187 189 191 193 197 201 202
3 185 192 196
1 187
7 185 188 192 194 200 201 203
11 184 185 186 188 189 192 193 194 198 201 202
5 185 187 192 194 204
6 186 188 189 190 194 204
7 186 189 191 193 194 199 203
4 192 196 201 203
6 189 190 193 195 196 203
3 184 191 192
3 198 202 203
2 186 199
5 184 185 187 188 189
4 185 191 200 204
3 187 188 204
4 191 196 199 203
5 188 189 190 194 199
2 184 185
3 187 188 200
10 184 187 188 191 193 195 197 199 201 204
6 187 188 191 192 202 204
6 184 186 188 189 194 201
4 185 186 190 201
9 189 192 193 194 195 197 199 203 204
4 191 192 199 202
3 191 193 194
7 189 193 194 196 198 201 204
4 193 197 199 201
7 189 190 194 197 198 200 202
1 202
3 184 189 201
4 193 197 198 203
3 187 202 204
3 184 186 202
6 185 189 192 194 196 198
7 184 187 189 191 198 202 204
4 190 193 199 200
6 189 193 194 198 200 204
6 185 194 196 198 202 203
7 189 190 192 196 200 201 203
10 184 185 186 188 189 191 192 193 194 198
4 187 193 194 204
4 189 196 197 199
2 185 198
7 187 193 194 196 197 199 200
12 184 185 186 188 189 191 192 193 194 197 198 201
5 190 195 200 203 204
10 186 188 189 191 193 195 196 201 202 203
2 186 190
4 184 191 192 199
6 184 187 189 190 198 202
4 187 188 190 196
5 187 195 196 197 202
3 190 195 198
3 186 195 198
6 186 189 194 198 202 204
3 190 199 201
2 191 196
6 186 191 193 194 199 203
7 188 189 193 194 198 200 204
1 184
6 184 187 192 193 202 203
5 196 197 200 202 203
6 186 188 190 194 199 204
5 184 187 192 194 202
4 193 196 201 203
3 185 194 202
8 187 192 193 195 196 198 202 203
3 186 193 201
6 186 189 190 194 199 204
2 194 204
4 189 197 198 199
4 184 185 190 193
3 192 196 197
11 184 185 187 189 191 194 197 199 200 202 204
4 185 187 194 195
3 191 193 194
3 198 202 203
6 185 189 196 197 202 203
4 184 187 188 199
4 193 195 196 201
2 190 192
1 184
3 187 188 189
5 185 187 188 194 204
1 202
6 184 187 189 190 196 199
6 187 196 198 200 201 202
3 190 195 197
4 186 196 201 203
1 197
6 185 189 194 196 198 203
4 184 192 202 203
3 188 189 203
2 193 200
5 186 189 192 196 203
4 186 189 190 201
3 186 190 192
2 192 195
4 189 190 196 203
1 201
4 185 191 194 202
4 190 195 196 201
4 185 187 192 200
4 193 198 199 202
8 187 191 197 198 199 200 202 204
6 185 186 191 198 201 202
1 202
2 195 198
2 187 191
4 184 185 187 192
6 188 189 193 194 200 204
5 194 198 200 201 204
4 185 187 189 204
8 186 189 190 191 192 201 203 204
8 185 189 193 196 198 201 203 204
4 187 188 200 204
2 188 203
5 184 185 186 190 193
2 187 191
9 187 188 194 195 196 198 199 200 202
4 184 192 197 202
2 186 192
8 185 187 188 192 197 198 201 202
5 190 193 197 199 201
2 193 201
2 185 191
3 193 194 204
14 184 186 187 188 189 191 192 193 194 195 197 198 203 204
10 185 189 191 194 195 199 200 201 203 204
11 185 186 187 188 189 192 194 198 200 201 203
13 186 187 188 190 191 192 193 195 196 198 200 201 204
6 184 185 186 187 188 192
13 185 186 187 188 190 193 194 196 197 198 199 203 204
12 184 185 186 188 189 191 194 195 197 198 200 203
10 187 190 191 192 194 196 199 201 203 204
13 184 186 187 189 190 192 193 196 198 199 200 202 204
8 184 186 189 191 193 197 199 202
7 185 186 190 191 194 199 201
12 186 187 188 189 190 191 192 193 194 197 198 203
8 185 188 189 191 197 199 201 203
7 189 190 192 194 198 200 204
11 187 188 190 191 193 194 195 201 202 203 204
10 187 190 193 194 195 198 199 200 201 204
12 185 188 190 192 193 194 197 198 199 200 201 204
13 185 186 187 188 189 194 196 198 199 200 201 202 203
10 184 188 189 191 195 198 200 201 203 204
6 185 188 190 194 196 202
12 184 185 190 191 193 196 197 199 201 202 203 204
13 185 186 187 188 191 194 195 196 197 199 201 202 204
6 185 191 194 197 199 201
6 184 185 193 194 199 203
6 186 188 190 193 198 199
12 184 185 188 191 193 195 196 197 198 199 200 203
14 185 186 187 188 189 192 194 196 197 199 200 201 202 204
14 184 187 188 189 190 193 194 196 198 199 200 201 203 204
9 184 185 189 190 195 196 198 199 202
10 184 185 186 187 189 190 192 196 197 200
6 184 186 187 189 197 200
11 185 186 187 189 190 191 192 196 198 200 203
12 186 188 189 190 192 193 194 195 196 200 202 203
12 186 187 188 190 192 193 194 197 199 201 202 204
13 184 187 188 189 190 191 192 193 194 195 196 199 204
10 187 188 190 192 193 194 195 196 200 204
10 185 187 188 193 196 197 198 199 200 202
6 185 187 191 196 203 204
13 184 185 187 188 189 190 192 194 196 197 198 200 203
8 184 185 189 190 194 200 202 203
7 185 192 193 194 199 201 202
7 184 185 191 195 196 198 199
9 186 187 192 195 196 197 201 203 204
8 185 187 196 199 200 201 203 204
12 184 185 186 188 191 192 193 194 195 196 199 201
12 185 186 188 190 191 192 193 195 196 198 200 203
8 187 192 194 195 197 200 203 204
14 185 186 188 189 191 192 193 194 197 198 199 201 202 204
7 184 188 190 194 197 202 204
7 185 188 190 195 196 203 204
9 184 191 192 193 194 196 200 201 203
12 184 185 186 188 191 192 193 194 195 199 201 203
11 184 185 188 189 191 192 193 194 199 200 201
12 186 187 190 192 193 195 197 199 201 202 203 204
14 184 185 187 188 189 194 195 196 198 199 200 202 203 204
9 184 185 186 190 193 197 199 201 203
11 185 186 188 191 193 194 195 198 199 202 203
9 188 189 193 195 197 199 200 201 202
9 184 185 187 188 189 192 196 198 204
8 185 189 191 197 199 200 203 204
9 185 186 187 189 191 195 196 198 199
12 185 186 187 188 189 191 197 198 199 201 202 203
6 184 189 190 193 196 203
13 184 185 186 187 189 190 192 194 195 198 199 200 201
14 185 187 188 189 190 191 192 193 195 196 197 198 201 204
10 185 187 191 192 193 196 197 200 201 204
13 185 186 187 188 189 190 192 195 196 199 200 202 203
10 187 188 190 191 194 195 197 199 200 204
7 185 186 187 189 191 200 203
9 184 189 190 191 193 194 197 198 201
14 184 185 186 187 188 189 190 193 194 195 196 198 201 203
9 184 185 193 195 197 199 200 201 202
10 185 186 188 190 191 193 196 197 201 202
14 184 185 187 188 189 190 193 194 195 198 199 200 201 204
10 184 189 190 194 195 197 200 201 202 204
10 186 187 189 190 194 195 197 201 203 204
6 186 187 188 189 194 200
11 184 185 186 192 195 197 198 199 200 202 204
7 184 189 194 196 197 202 204
12 184 185 186 188 189 191 192 194 195 197 203 204
13 184 185 186 187 189 190 192 196 198 199 202 203 204
9 190 192 193 194 195 197 202 203 204
13 184 186 187 188 191 193 194 195 196 197 199 203 204
10 185 187 190 191 193 194 196 197 198 203
8 185 186 188 197 198 199 200 203
11 185 186 188 189 192 193 194 196 197 200 203
11 186 189 190 191 192 193 196 199 200 201 203
8 184 185 186 192 193 198 199 203
7 186 187 190 193 197 199 201
10 185 186 188 190 193 194 195 196 197 202
10 185 186 187 188 192 193 195 199 200 201
11 184 185 186 188 189 192 196 197 198 201 204
13 184 185 187 188 189 191 192 196 197 198 199 200 202
11 187 188 189 191 193 194 196 198 199 203 204
10 184 185 188 191 192 195 197 202 203 204
9 184 187 192 193 197 198 201 202 204
11 186 187 188 189 190 192 193 196 197 202 203
14 185 188 189 190 191 192 194 196 197 198 200 201 202 204
7 186 188 190 194 196 202 204
7 191 192 194 198 199 202 203
11 187 188 189 191 192 193 195 196 199 200 201
8 185 186 187 189 192 201 203 204
13 184 185 186 187 192 193 194 195 196 197 198 200 202
7 185 187 193 194 195 198 203
13 185 187 188 191 194 196 197 198 199 201 202 203 204
10 184 186 188 192 193 194 196 197 202 204
8 184 188 190 193 196 198 202 204
7 190 195 196 197 198 199 201
11 184 185 187 188 189 190 193 197 200 202 203
12 184 186 187 188 189 190 191 192 194 196 201 204
13 185 187 188 190 191 193 194 196 197 198 201 202 204
8 184 185 186 187 193 196 201 203
13 184 186 188 189 191 194 198 199 200 201 202 203 204
13 185 186 187 189 190 191 195 196 197 198 199 202 204
13 184 185 188 189 190 191 192 194 195 197 198 200 201
14 185 187 189 190 191 192 193 195 196 198 199 200 201 203
10 187 188 191 192 195 196 198 200 201 204
9 184 187 188 190 193 194 195 196 203
6 189 190 192 194 199 202
10 187 188 190 191 192 194 196 198 199 201
6 185 186 187 196 199 204
6 188 189 191 194 202 204
9 184 185 190 192 194 196 197 200 203
9 184 187 188 189 190 195 196 200 202
7 192 195 196 199 200 202 204
13 184 185 186 187 189 190 191 194 196 199 202 203 204
8 184 189 191 192 194 198 201 204
12 184 186 191 192 193 194 195 198 199 201 202 204
6 186 188 191 197 198 202
11 184 185 186 189 190 192 200 201 202 203 204
8 187 188 190 191 192 195 199 200
9 186 187 188 189 191 195 196 199 204
13 184 186 187 188 192 193 194 195 197 198 200 202 203
9 185 191 192 193 197 199 200 202 204
6 184 185 186 193 202 204
11 186 187 191 193 198 199 200 201 202 203 204
8 185 188 190 191 194 195 197 203
10 185 186 187 188 189 192 197 200 202 203
14 184 185 187 189 190 191 192 193 195 196 200 201 202 204
14 185 186 187 188 189 190 193 195 196 198 199 200 202 203
7 188 189 191 193 195 196 197
12 186 187 189 190 191 192 197 198 200 201 202 203
12 184 189 190 192 194 196 198 199 200 202 203 204
14 184 185 187 190 191 192 194 195 196 197 198 200 201 204
12 184 185 186 187 188 189 193 194 199 200 202 204
7 190 192 194 195 197 200 202
14 184 186 187 189 191 192 193 194 196 197 198 200 201 204
13 185 186 187 188 189 190 193 195 196 197 198 201 202
8 189 193 194 199 200 201 202 204
14 184 185 186 187 188 189 190 191 193 194 196 198 202 203
10 188 189 190 193 195 196 198 200 201 203
13 184 185 187 188 193 194 195 197 199 200 201 203 204
11 185 186 187 188 189 191 193 195 196 198 203
13 185 186 189 192 194 195 196 197 198 199 200 202 203
12 185 192 193 195 196 197 198 200 201 202 203 204
13 184 185 186 187 191 192 193 196 197 198 200 201 204
6 190 195 196 197 200 202
12 185 186 188 192 193 195 196 198 199 201 202 204
8 184 186 187 188 190 191 203 204
6 191 193 194 195 197 198
12 184 186 187 188 189 190 192 193 194 198 202 203
10 185 187 191 194 195 197 198 200 202 204
10 184 185 186 191 192 193 196 197 198 200
6 184 185 188 191 193 196
8 185 191 195 196 198 199 200 201
8 184 189 190 192 195 196 197 200
10 184 185 189 193 195 196 197 198 202 203
9 184 190 192 193 195 197 199 200 204
6 186 191 192 194 203 204
12 185 186 187 188 189 191 192 193 197 199 202 203
9 190 191 192 193 198 199 200 202 203
6 184 188 198 199 200 203
11 184 185 186 189 193 194 196 197 199 200 203
7 185 188 192 194 198 201 202
6 187 189 192 198 200 204
8 184 186 188 191 193 194 202 203
12 184 185 187 188 189 190 192 195 197 198 202 203
13 185 186 187 188 190 191 198 199 200 201 202 203 204
14 184 185 186 188 189 190 192 193 195 196 197 199 200 203
6 188 189 190 192 198 203
6 186 188 190 197 203 204
8 187 195 196 197 198 200 203 204
14 184 185 186 187 188 189 190 191 192 196 198 199 202 204
9 188 190 191 193 195 197 200 201 202
7 184 185 187 188 195 202 203
13 184 186 188 192 193 194 198 199 200 201 202 203 204
7 186 193 194 197 199 201 203
8 184 192 193 195 196 199 200 203
12 184 185 190 191 193 194 195 196 198 200 201 204
11 184 185 186 187 192 198 199 200 201 202 203
8 184 185 187 188 194 197 203 204
11 187 191 192 193 195 198 199 200 201 203 204
11 186 188 192 193 194 195 196 198 200 203 204
13 185 189 190 191 192 193 194 195 197 198 201 202 204
12 185 188 189 190 191 192 194 195 197 199 202 203
10 185 186 187 188 189 190 192 195 199 203
9 184 186 190 191 196 197 198 202 204
14 185 188 190 191 192 194 195 196 197 198 199 200 201 204
10 186 188 189 190 191 194 195 199 202 203
9 184 186 187 191 192 193 196 197 198
14 184 186 187 189 190 192 194 195 196 198 200 201 202 204
8 184 185 191 193 194 196 200 203
9 184 187 188 190 191 196 201 202 203
8 185 187 188 189 199 200 201 203
7 189 191 193 195 198 203 204
13 185 186 190 191 192 193 194 195 197 198 200 202 203
12 186 187 188 190 191 192 195 197 199 201 202 203
13 184 185 186 191 192 194 195 197 198 199 200 203 204
13 184 186 187 188 193 196 197 199 200 201 202 203 204
10 185 187 188 189 192 195 199 200 202 203
8 189 192 196 197 199 200 202 204
7 188 189 193 196 197 198 200
12 184 185 186 188 189 192 193 194 197 202 203 204
13 184 185 186 189 192 194 195 196 197 199 200 201 202
8 184 190 191 193 197 198 202 204
14 185 187 188 189 190 191 194 195 196 197 198 199 203 204
7 187 188 191 192 196 200 203
7 186 192 196 199 201 202 204
6 185 192 200 201 202 203
11 185 186 188 190 191 193 195 196 198 201 203
7 185 186 187 188 189 195 199
8 184 185 187 188 194 196 198 199
11 185 188 190 192 193 195 196 199 201 203 204
13 186 187 188 192 193 194 196 197 198 199 200 202 204
9 184 186 188 191 192 193 196 199 204
13 184 186 188 193 195 196 197 198 199 200 201 202 204
11 184 185 188 189 196 197 198 199 202 203 204
14 184 185 186 188 189 190 191 192 196 197 198 202 203 204
6 186 189 190 196 198 199
8 188 192 194 195 197 199 203 204
14 185 186 187 188 189 190 191 192 193 194 195 196 197 201
10 186 187 188 189 190 191 192 196 199 202
9 184 185 189 194 195 198 199 200 202
8 187 188 197 198 199 201 202 204
10 185 187 188 190 191 193 198 200 201 203
9 186 187 189 190 191 193 198 201 202
9 187 190 191 193 194 195 200 201 204
13 185 187 188 189 190 192 193 194 195 199 201 202 203
11 185 188 189 190 191 197 200 201 202 203 204
8 187 188 194 195 196 197 200 201
14 184 185 186 188 189 190 191 192 198 199 200 202 203 204
11 184 185 186 187 197 199 200 201 202 203 204
9 184 185 187 191 193 194 195 196 203
7 185 186 190 191 193 194 201
7 184 187 192 197 198 200 204
12 185 186 188 191 192 193 195 196 197 201 202 204
14 184 185 186 188 190 191 193 194 196 197 200 201 202 203
6 185 187 190 195 198 200
13 185 186 188 190 191 194 196 197 198 199 200 202 204
10 186 187 191 193 195 196 197 199 200 202
12 185 187 189 190 193 194 195 196 198 202 203 204
12 187 189 190 191 192 193 194 195 196 201 203 204
9 187 188 191 193 194 195 198 201 202
12 185 186 187 188 189 192 193 195 197 201 202 204
14 184 185 186 191 193 194 195 197 198 200 201 202 203 204
8 186 188 192 194 198 200 203 204
11 185 187 188 192 194 195 196 199 200 201 204
6 184 187 190 194 199 200
14 184 185 186 188 189 190 191 192 193 195 197 198 200 203
13 187 189 190 192 193 194 195 196 198 199 201 202 203
10 185 187 188 191 195 197 198 199 201 202
10 185 186 188 190 194 195 196 197 199 200
14 184 186 188 189 190 191 192 193 195 196 198 200 201 203
8 185 188 193 194 196 197 199 202
7 184 185 186 188 195 197 202
11 184 185 187 188 191 193 194 198 200 201 202
9 189 190 192 194 195 196 200 201 202
9 187 190 194 197 199 200 201 202 204
8 184 185 188 190 200 201 202 204
8 184 185 186 189 190 191 198 202
14 186 188 189 190 191 193 194 195 196 197 198 199 203 204
9 184 185 187 189 193 195 199 203 204
11 184 187 188 189 194 195 197 198 199 202 204
7 186 187 188 189 193 199 203
12 184 185 187 189 191 192 194 197 198 199 200 202
10 184 186 191 193 196 199 200 202 203 204
13 184 185 186 192 194 195 196 197 198 199 200 202 204
6 187 188 189 194 198 200
7 184 187 189 190 195 201 203
14 184 187 188 189 190 191 194 197 198 199 200 202 203 204
10 187 188 190 191 193 194 197 198 203 204
12 184 185 186 188 189 190 192 193 196 197 201 204
12 185 187 191 193 194 195 198 199 200 201 202 203
8 184 186 187 189 193 195 198 203
6 186 187 192 194 196 199
10 187 190 191 193 197 198 199 200 201 204
14 184 186 189 190 191 192 193 194 195 197 198 199 202 204
14 184 185 186 187 189 190 191 193 194 195 197 201 202 204
14 184 187 189 190 191 192 193 196 197 198 199 201 202 204
7 184 186 187 189 191 196 199
8 185 187 192 195 196 199 201 203
6 188 191 192 198 199 203
10 184 185 188 190 191 192 197 201 203 204
14 185 186 187 188 190 193 194 195 196 198 200 201 202 203
7 187 193 194 197 198 201 203
10 188 191 193 195 196 197 199 200 203 204
7 188 189 191 192 197 200 204
12 184 185 186 187 189 190 191 192 195 196 200 202
8 185 188 189 193 196 197 199 202
14 184 185 186 187 188 192 193 194 196 198 199 200 202 203
12 184 185 186 187 189 192 194 195 196 201 202 204
