214 1126
33 1 2 3 4 5 6 7 8 9 10 11 12 13 14 15 16 17 18 19 20 21 22 23 24 25 26 27 28 29 30 31 32 33
22 1 3 5 6 8 10 12 13 15 16 17 18 19 20 22 23 24 26 27 28 32 33
20 1 2 3 5 7 9 11 14 17 18 21 22 24 25 26 27 28 30 31 32
12 1 2 3 5 6 14 18 19 20 21 32 33
19 2 3 4 5 9 10 11 12 13 18 19 22 23 26 27 28 29 30 31
13 1 4 5 8 9 11 12 14 16 20 21 28 33
9 1 3 5 11 12 13 16 18 24
23 1 4 5 6 7 8 9 11 12 13 14 17 18 19 20 22 23 24 26 27 28 30 31
22 2 5 7 11 13 14 15 16 17 18 19 20 21 22 23 25 26 27 29 30 31 33
22 2 3 4 6 7 8 9 11 12 15 18 20 21 22 24 25 27 28 29 30 31 33
23 1 4 5 6 7 10 11 13 14 18 19 20 21 23 24 25 26 27 28 30 31 32 33
18 2 3 5 7 8 10 12 13 14 16 17 18 19 20 22 26 27 28
10 5 12 15 18 19 20 21 25 26 32
12 1 2 5 7 15 16 17 19 23 27 28 29
18 1 2 3 6 10 12 13 14 15 18 20 21 22 23 28 29 30 33
22 1 2 3 4 5 6 9 10 11 12 15 17 18 19 21 22 23 25 27 28 30 33
22 1 2 3 5 8 9 10 11 12 13 15 16 18 23 24 25 26 28 29 31 32 33
22 1 2 4 6 7 8 9 11 12 13 15 16 17 18 19 21 22 23 28 30 31 33
17 1 2 3 4 7 9 11 14 15 17 19 22 23 27 31 32 33
19 3 4 5 6 12 13 15 16 17 18 19 21 22 23 26 28 31 32 33
10 5 10 11 14 15 16 18 23 28 29
21 3 4 5 7 8 9 11 13 15 17 19 20 21 22 24 25 26 27 28 31 33
11 5 8 13 14 15 19 24 25 27 28 29
10 2 4 5 7 14 16 17 20 26 32
10 3 4 6 7 19 20 26 29 30 32
15 3 9 15 16 18 19 20 22 24 27 28 29 30 31 33
17 1 4 5 6 10 11 12 13 15 21 22 24 26 29 30 31 32
18 4 6 7 8 9 10 11 12 15 16 17 20 22 24 28 30 31 33
12 1 2 8 10 15 16 17 20 21 26 28 32
16 2 3 4 8 10 11 12 15 19 20 24 26 28 29 30 31
25 1 2 3 6 7 8 9 10 11 14 15 16 17 18 19 21 22 23 25 26 27 29 30 32 33
14 3 4 5 7 9 11 14 18 19 20 21 24 26 28
12 1 2 6 8 9 11 13 16 26 27 28 32
16 1 3 7 10 11 12 14 15 16 18 19 23 24 29 30 33
25 1 3 4 6 7 8 9 10 12 14 15 16 17 18 19 20 21 23 24 26 27 28 31 32 33
21 1 2 4 5 7 9 11 12 14 15 17 18 22 23 25 27 28 29 30 31 32
22 1 4 5 7 10 11 12 14 17 18 19 20 21 22 23 26 27 28 29 30 32 33
22 1 3 5 6 9 10 11 12 13 14 17 18 19 21 23 25 26 28 29 30 32 33
10 4 6 8 10 14 17 19 21 28 31
10 2 3 8 11 13 14 15 19 26 32
17 1 2 3 6 8 10 14 16 17 18 19 21 22 24 27 31 33
19 1 3 5 6 9 10 11 14 15 16 17 19 20 24 25 26 30 31 32
9 1 6 10 13 14 18 23 24 29
12 2 4 9 12 13 15 18 20 21 23 24 32
15 3 7 8 9 11 12 13 15 16 18 20 21 22 30 32
11 1 3 8 10 12 16 21 23 26 31 33
11 4 9 16 18 19 20 24 25 26 29 33
26 1 2 4 6 7 8 9 10 12 15 16 17 19 20 21 22 23 24 26 27 28 29 30 31 32 33
12 1 2 9 10 11 14 23 24 25 26 28 29
24 1 3 4 5 7 9 10 11 12 13 15 16 17 18 20 22 23 25 26 28 29 30 31 32
13 1 3 4 13 17 18 21 24 25 28 29 32 33
24 1 3 4 5 6 7 8 10 11 12 13 14 15 18 20 21 23 24 26 28 29 30 31 32
16 2 6 7 8 10 12 19 20 21 22 24 27 28 29 30 33
16 4 5 6 8 10 11 14 15 21 22 23 24 26 28 29 32
17 1 2 4 5 6 8 11 13 14 16 17 19 20 21 22 26 29
20 1 2 6 7 8 9 11 12 14 15 17 18 21 23 25 26 27 28 30 31
17 1 2 5 8 9 11 13 15 23 24 25 26 28 29 30 31 33
12 1 2 4 6 8 11 14 16 23 25 30 32
13 7 11 12 15 18 20 21 23 26 27 29 30 33
15 2 6 8 13 15 16 18 22 23 24 25 27 28 29 31
22 1 2 3 5 7 10 11 13 14 16 17 20 21 22 23 24 25 26 27 28 32 33
15 4 6 7 8 10 12 15 16 18 19 20 22 28 30 32
21 2 3 4 5 8 9 10 11 15 17 18 19 20 22 24 25 26 27 28 31 33
23 1 3 5 6 7 8 9 10 11 14 15 18 19 21 23 24 25 26 27 29 30 31 32
18 1 2 3 5 6 7 8 10 12 14 17 19 24 26 28 29 31 33
16 1 4 5 9 11 15 16 17 19 21 22 24 26 27 31 33
19 1 5 7 8 9 11 13 15 17 19 21 22 24 26 27 28 30 31 33
15 2 3 5 9 10 11 12 17 18 23 24 25 26 28 33
25 2 3 5 6 7 8 9 11 12 13 14 15 17 18 19 20 22 23 24 25 26 28 30 32 33
14 1 3 4 5 9 14 16 18 19 24 28 31 32 33
13 4 5 13 15 16 18 20 23 25 27 29 32 33
22 1 2 3 4 5 6 7 10 11 13 14 15 16 17 19 20 21 23 27 30 31 33
23 2 6 8 9 10 11 12 13 15 17 18 19 20 22 25 26 27 28 29 30 31 32 33
15 3 4 11 12 13 15 16 17 18 22 24 25 28 29 31
10 4 14 16 17 18 19 27 28 29 33
23 2 3 4 6 8 9 11 12 13 14 15 17 19 21 22 24 25 27 28 29 30 32 33
21 3 4 5 7 8 10 11 12 13 14 15 18 20 21 23 25 26 27 30 31 33
16 1 5 7 9 10 11 13 14 15 18 20 23 26 27 30 31
11 1 4 5 7 9 15 17 20 23 29 31
21 3 4 6 8 10 14 16 18 19 20 21 22 24 25 26 27 28 29 30 31 32
25 1 2 4 6 7 8 9 10 11 14 15 16 17 18 19 20 23 24 26 27 28 30 31 32 33
17 1 2 3 8 10 15 16 18 19 20 21 22 23 24 26 28 33
18 2 3 4 5 7 8 9 10 11 13 14 17 18 22 23 25 27 28
19 1 2 4 5 7 8 9 10 12 13 16 17 19 20 22 24 26 28 30
18 2 6 7 8 11 13 14 15 16 20 23 24 25 26 27 29 31 32
12 1 2 7 9 13 19 20 22 23 25 29 32
18 1 2 3 5 6 7 8 13 16 17 22 23 24 25 26 30 32 33
13 1 4 6 8 11 15 16 18 21 24 25 28 29
18 1 2 4 6 7 8 11 13 14 15 16 19 22 26 27 29 31 33
25 1 4 5 6 7 8 9 10 11 12 13 14 15 17 19 20 21 23 24 25 26 27 28 29 30
18 2 3 7 9 10 11 14 16 17 19 22 25 26 27 28 30 31 33
21 2 3 5 6 7 8 11 12 18 19 20 22 23 24 25 26 28 29 30 31 33
20 1 2 4 5 6 7 8 15 16 17 19 23 24 25 26 27 29 30 31 32
11 2 3 5 7 9 12 16 18 19 31 33
25 2 6 8 9 10 11 12 13 14 15 17 18 19 20 21 22 23 24 25 26 27 29 30 31 33
10 6 7 8 9 18 21 23 28 31 32
25 1 2 3 5 6 7 8 10 11 12 13 14 15 17 18 19 21 22 24 25 26 27 30 32 33
20 2 3 5 6 9 10 11 15 17 19 20 21 24 25 26 28 30 31 32 33
19 4 5 7 9 11 12 13 16 17 19 20 21 23 24 29 30 31 32 33
20 1 3 5 6 7 9 11 12 13 15 16 17 18 19 20 21 22 27 28 32
18 2 3 8 9 10 12 14 15 16 17 18 19 22 26 28 29 31 33
68 34 35 36 37 38 39 40 41 42 43 44 45 46 47 48 49 50 51 52 53 54 55 56 57 58 59 60 61 62 63 64 65 66 67 68 69 70 71 72 73 74 75 76 77 78 79 80 81 82 83 84 85 86 87 88 89 90 91 92 93 94 95 96 97 98 99 100 101
39 35 36 37 38 40 41 44 46 47 48 49 51 53 55 59 61 63 64 66 68 70 71 73 76 77 78 79 80 81 82 86 87 88 89 92 93 94 98 101
52 34 35 36 38 39 40 41 42 43 44 45 46 47 48 49 50 51 52 53 55 56 57 59 60 61 62 64 65 66 67 70 73 76 77 78 80 81 82 83 85 86 87 88 89 91 92 93 94 95 97 99 101
42 34 35 36 38 40 43 44 45 48 50 51 52 56 59 63 64 65 66 67 69 70 74 75 76 77 78 79 80 82 86 87 90 91 92 93 94 95 96 97 99 100 101
46 34 35 36 37 41 42 45 46 48 49 50 51 52 53 54 55 56 57 58 59 63 64 65 66 67 68 69 70 71 74 76 79 80 82 86 88 89 90 91 92 93 95 96 98 99 101
54 35 36 37 38 40 41 44 45 46 47 50 51 52 53 54 55 56 57 58 59 60 61 62 63 64 65 67 68 69 70 71 72 73 74 75 76 77 79 82 84 85 86 87 88 89 90 91 92 93 95 96 98 99 101
20 35 38 41 42 47 51 53 56 60 62 63 67 68 72 80 83 87 92 96 98
33 35 36 40 42 44 45 49 50 51 52 53 54 57 58 59 60 62 63 64 69 70 72 73 78 79 83 87 88 89 91 96 99 100
35 34 37 38 43 44 47 48 51 53 56 57 63 64 65 68 69 71 73 78 79 80 81 83 84 85 86 87 89 91 92 94 97 98 99 100
20 36 37 38 42 54 56 59 61 64 72 75 82 83 85 86 87 90 94 99 100
50 35 36 37 38 39 41 42 45 46 48 49 50 51 52 53 55 56 57 58 59 60 62 63 64 66 67 68 69 70 72 76 77 78 79 80 81 82 84 86 88 89 90 91 93 94 95 96 97 98 101
40 34 35 39 40 41 44 45 47 48 50 52 54 56 57 59 61 62 63 64 67 68 69 71 74 75 76 77 78 79 80 81 84 85 86 88 89 90 92 98 99
20 38 42 44 48 49 54 58 61 66 67 71 73 79 80 81 82 83 88 94 101
18 106 118 123 124 130 131 136 143 144 145 147 148 149 151 153 158 160 162
18 103 104 106 108 110 111 114 116 121 127 131 143 146 153 154 156 158 160
23 102 105 107 108 109 110 112 120 121 122 125 126 128 133 139 140 152 154 155 157 159 161 163
21 105 106 108 109 113 124 125 129 130 131 133 138 139 144 145 153 156 158 159 160 163
18 105 107 108 111 114 121 122 124 126 130 132 136 144 152 153 157 159 162
20 107 114 116 117 119 122 124 125 130 132 135 139 141 145 147 151 155 157 159 160
20 106 107 108 113 114 119 121 123 127 130 141 142 143 145 147 148 155 157 161 162
16 107 108 121 125 126 127 129 131 132 135 139 146 151 156 160 162
14 103 105 111 114 124 125 129 136 142 148 150 151 154 157
26 103 106 109 113 114 121 124 125 126 128 129 130 131 134 136 138 142 143 144 145 147 151 152 154 158 163
14 111 114 116 119 122 125 126 127 128 138 146 147 154 162
4 112 118 121 148
13 104 105 109 121 125 126 130 136 137 141 149 151 154
16 108 114 115 117 121 126 129 133 137 140 141 144 149 152 153 157
29 110 113 114 117 118 121 123 128 131 132 133 134 135 136 137 138 139 140 143 144 146 147 148 149 153 156 160 162 163
33 102 103 104 105 106 107 108 109 111 112 115 116 119 120 122 124 125 126 127 129 130 141 142 145 150 151 152 154 155 157 158 159 161
16 105 115 125 127 128 134 136 138 139 145 147 148 151 152 159 160
26 103 106 107 110 111 116 117 118 120 121 124 130 131 132 133 137 140 142 143 144 146 153 154 156 157 162
20 102 104 108 109 112 113 114 119 122 123 126 129 135 141 149 150 155 158 161 163
16 107 126 129 131 132 134 135 141 143 147 149 151 154 156 159 162
21 102 103 106 108 109 114 115 117 119 120 122 124 125 127 136 139 144 145 155 161 163
23 105 106 109 110 115 120 121 127 129 131 133 138 142 143 144 146 148 149 150 152 153 156 162
22 103 109 110 112 116 117 118 121 122 129 130 131 139 144 146 150 151 153 155 156 157 160
21 105 110 113 117 119 123 124 128 129 130 137 139 145 146 147 153 154 157 159 160 162
26 102 104 106 109 118 119 120 121 125 131 135 136 140 142 145 146 147 148 151 153 154 155 156 161 162 163
8 102 108 111 117 138 151 158 161
9 112 114 118 147 150 151 154 155 162
19 102 103 104 108 111 112 113 118 123 126 128 134 136 137 140 154 158 161 163
21 102 104 107 109 117 119 120 122 126 128 132 134 135 140 145 146 149 152 156 158 161
30 104 106 107 108 110 111 113 115 116 117 120 121 122 125 126 129 131 132 133 134 137 139 141 142 144 145 149 152 159 160
33 102 103 107 108 110 111 115 116 117 119 122 123 124 127 128 129 131 132 133 139 142 143 144 147 150 152 155 156 157 159 160 161 163
28 102 104 105 110 112 113 116 118 119 120 122 123 125 127 128 131 132 134 136 138 142 146 148 151 154 156 159 162
12 113 118 121 123 127 130 141 143 153 155 159 163
46 102 103 104 105 106 109 110 111 112 113 114 115 116 117 118 119 120 122 123 124 128 130 133 134 136 137 138 140 141 142 143 144 145 147 148 149 150 152 153 154 155 157 158 159 161 163
25 102 103 106 108 111 114 116 120 121 122 131 132 135 138 140 141 142 144 149 150 151 152 155 161 163
36 102 104 105 107 108 110 111 112 115 116 117 118 119 120 122 123 127 132 133 135 137 139 140 141 146 148 149 150 153 155 156 157 159 160 161 162
20 103 104 109 113 114 115 116 118 127 128 129 131 132 137 140 147 150 152 157 162
17 102 109 111 112 115 117 129 133 134 136 137 139 140 146 159 160 163
40 102 104 107 109 110 112 113 117 119 120 124 125 126 127 129 130 131 132 135 137 138 139 142 143 144 145 146 147 149 150 151 152 153 154 155 156 159 161 162 163
14 104 115 116 117 119 120 123 125 133 134 138 145 154 155
16 102 103 109 110 121 124 132 133 136 141 142 143 148 150 155 157
27 102 103 104 105 109 111 112 114 117 118 120 124 126 128 131 137 138 144 145 146 147 148 153 154 155 156 158
23 102 103 105 109 119 123 124 127 128 130 135 136 138 140 143 146 148 153 156 157 158 161 163
8 121 127 134 144 146 149 156 157
11 103 104 110 121 128 132 135 136 149 150 161
26 103 105 107 110 111 112 114 115 117 122 123 126 127 129 130 132 134 137 138 139 141 143 144 149 152 159
12 105 113 115 118 119 122 123 129 140 144 148 152
21 104 105 110 111 113 116 123 128 130 133 137 138 140 142 146 150 152 153 157 158 160
15 106 108 110 112 115 116 131 133 137 138 139 144 147 160 162
33 104 107 108 112 114 116 117 120 122 123 124 128 129 130 134 136 137 138 139 141 142 143 144 146 147 149 151 152 153 155 158 159 162
12 103 105 113 119 121 125 127 131 140 157 160 163
21 103 104 111 113 114 115 116 117 119 127 129 132 134 135 137 138 141 142 146 150 156
30 102 103 106 109 110 112 113 118 127 128 129 131 135 137 139 140 141 142 143 146 147 148 149 150 151 156 158 160 161 163
22 103 105 106 108 111 114 115 116 118 121 122 123 128 133 134 136 140 141 148 157 158 160
18 102 106 108 110 120 123 125 134 136 141 142 144 146 148 149 151 153 155
16 104 107 109 112 115 118 125 126 127 133 134 136 143 148 156 158
23 106 107 112 115 122 123 124 126 127 133 136 137 139 140 142 144 145 146 148 152 154 162 163
22 103 104 110 116 118 122 124 125 126 128 131 132 135 138 144 149 150 151 152 153 156 158
30 107 108 110 113 115 119 121 122 123 125 127 129 130 132 134 135 136 139 140 141 142 149 150 151 157 159 160 161 162 163
16 106 112 113 114 118 120 134 135 138 140 145 146 148 153 158 162
17 102 107 109 112 117 124 125 126 130 132 133 134 139 145 159 161 162
14 104 105 107 118 123 130 135 140 144 149 153 156 159 161
18 103 105 110 113 118 120 121 128 130 131 134 135 143 147 153 156 159 160
18 106 108 112 113 115 117 120 129 131 134 137 139 145 151 152 158 160 163
24 105 107 111 112 117 119 121 122 124 126 130 133 135 138 139 143 145 154 156 158 159 160 161 163
13 106 108 116 117 119 123 130 132 137 150 153 161 163
10 108 113 116 124 128 133 150 157 158 160
30 102 107 111 112 114 115 116 117 118 119 120 122 123 126 127 134 137 140 141 142 143 146 147 148 151 152 154 155 157 162
17 102 106 109 110 111 115 118 126 132 133 135 145 148 150 154 156 161
40 102 104 105 106 107 108 111 113 114 115 119 120 123 124 125 126 127 128 132 133 134 135 136 137 138 140 141 142 143 145 147 148 149 152 154 158 159 161 162 163
13 104 109 114 116 119 125 129 132 141 149 150 155 157
41 102 103 104 105 107 109 110 111 112 113 114 115 118 120 122 124 125 126 128 129 131 133 135 136 138 139 140 141 142 143 145 147 148 151 152 154 155 158 159 160 162
3 105 120 154
15 120 128 135 136 137 138 141 142 147 149 150 151 155 157 163
18 103 106 107 109 111 124 130 135 139 143 145 147 150 155 158 160 161 163
5 106 116 133 143 152
9 104 105 118 130 135 140 149 153 159
18 105 110 113 117 119 124 128 130 137 139 145 146 147 153 154 157 159 162
10 107 123 130 135 140 144 149 153 159 161
3 106 116 152
24 112 116 117 120 123 124 128 129 130 134 136 138 139 141 142 143 147 151 152 153 155 158 159 162
10 102 112 113 119 122 123 126 135 161 163
13 105 106 109 110 121 129 133 138 142 148 149 152 162
5 108 116 128 157 160
12 107 114 116 117 124 125 130 135 141 151 155 157
23 102 103 104 105 109 111 112 114 117 118 120 124 126 128 131 138 144 145 146 148 154 156 158
8 113 123 127 130 143 153 155 163
6 112 118 147 150 151 154
13 102 103 104 111 113 123 126 128 137 140 158 161 163
19 103 105 106 108 114 115 116 118 121 122 123 128 133 140 141 148 157 158 160
11 103 106 109 111 124 139 143 155 158 160 161
5 108 117 151 158 161
3 112 118 148
25 107 111 112 114 115 116 118 119 120 122 123 126 127 137 140 141 142 146 147 148 151 154 155 157 162
20 103 106 109 114 121 125 126 129 130 131 134 136 138 144 147 151 152 154 158 163
16 104 110 113 115 120 122 125 126 129 131 133 137 139 141 149 160
10 106 112 113 134 135 138 145 146 153 158
7 108 113 133 150 157 158 160
16 108 113 114 119 123 127 130 141 142 143 145 147 148 155 157 162
11 102 107 109 112 117 125 130 134 139 145 161
8 107 121 126 127 139 151 156 162
11 103 111 113 118 123 126 128 136 154 161 163
34 102 105 108 111 113 114 119 120 123 125 126 127 128 132 133 134 135 136 137 138 140 141 142 143 145 147 148 149 152 154 159 161 162 163
10 118 121 123 127 130 141 143 153 159 163
19 102 104 105 109 114 118 120 124 126 137 138 145 146 147 148 153 154 155 156
11 103 107 109 111 130 135 139 143 145 150 158
11 106 107 119 121 127 141 143 147 148 157 161
17 103 105 110 112 114 115 122 123 126 130 132 134 137 138 139 152 159
5 102 108 117 138 151
10 105 113 115 118 119 122 129 144 148 152
21 105 107 111 112 117 119 121 122 124 130 133 135 139 143 145 154 156 158 159 161 163
14 107 114 116 119 124 125 130 135 145 147 151 155 157 160
14 102 109 111 112 115 129 133 134 136 137 139 140 146 160
16 102 106 111 120 121 122 132 138 140 141 144 150 151 152 155 161
11 106 108 117 119 123 130 132 137 150 153 161
17 102 104 107 117 120 122 126 128 132 134 135 140 146 152 156 158 161
10 105 107 108 121 122 124 144 152 153 162
19 103 106 113 114 121 124 128 129 130 138 142 143 144 145 147 151 152 154 158
10 108 116 117 119 123 132 150 153 161 163
7 108 124 128 133 150 158 160
32 102 103 105 106 110 111 112 113 114 116 117 118 119 120 122 124 130 134 136 137 138 140 141 144 145 147 152 157 158 159 161 163
8 108 113 116 128 133 150 158 160
12 109 110 111 115 118 132 133 135 148 150 156 161
12 106 122 123 124 126 133 137 140 142 146 152 163
6 113 118 121 153 155 159
9 105 113 118 120 121 131 147 156 160
12 102 106 109 110 118 126 132 145 148 150 154 161
11 110 112 115 131 133 137 138 139 144 160 162
9 105 108 121 126 132 136 153 157 162
3 106 133 143
11 108 114 117 126 129 133 137 140 144 149 153
20 103 106 108 111 116 122 132 135 138 140 141 142 144 149 150 151 152 155 161 163
13 103 106 108 114 115 116 118 122 123 140 157 158 160
13 105 111 117 122 133 135 139 143 145 154 158 161 163
10 107 108 126 127 131 132 135 151 160 162
18 105 107 112 117 119 121 124 126 130 138 139 145 154 156 158 159 160 163
11 104 112 113 119 123 126 129 135 155 158 163
7 112 114 118 147 150 154 155
10 106 108 114 119 121 130 143 145 148 162
2 105 154
12 112 116 117 118 121 122 130 131 151 153 157 160
12 104 113 114 127 128 129 131 132 137 150 157 162
12 115 125 127 128 136 138 139 145 147 151 152 159
14 104 107 112 115 118 125 126 127 133 136 143 148 156 158
5 114 147 150 154 155
25 102 104 105 107 108 111 113 115 119 120 125 128 132 134 135 141 142 143 145 147 148 149 154 159 162
13 103 105 110 113 118 120 128 134 135 143 153 156 159
21 104 108 112 116 117 120 122 123 129 134 136 139 141 143 144 146 147 149 152 158 159
9 105 107 118 140 149 153 156 159 161
7 104 105 109 125 137 149 154
13 105 106 108 124 125 129 130 131 138 153 156 158 160
12 103 106 114 116 120 121 131 138 144 149 151 155
17 102 103 106 108 109 115 119 120 122 125 127 136 139 144 155 161 163
13 108 110 112 115 116 131 133 137 138 139 144 147 162
19 103 106 108 111 114 115 116 118 121 122 123 128 134 136 140 141 148 157 160
10 108 112 113 115 117 120 129 131 137 163
6 121 127 134 146 156 157
15 103 104 110 116 118 122 124 131 132 138 149 151 152 153 158
9 105 125 127 136 148 151 152 159 160
12 105 107 111 114 121 122 132 144 152 153 157 159
2 105 120
26 104 107 112 114 116 117 120 123 124 129 137 138 139 141 142 143 144 146 147 149 151 152 153 155 159 162
17 106 107 113 114 119 121 123 127 130 141 142 143 145 148 155 157 161
30 102 104 107 108 110 111 112 115 116 120 123 127 132 133 135 137 139 140 141 146 148 149 153 155 156 157 159 160 161 162
10 107 129 132 134 135 143 147 149 154 162
16 107 112 117 119 121 124 126 135 138 139 143 156 158 160 161 163
11 115 120 121 127 129 131 138 144 146 150 156
24 106 107 108 110 113 116 117 120 121 122 125 131 132 133 134 137 139 141 142 145 149 152 159 160
11 104 115 117 119 120 123 133 138 145 154 155
13 103 106 109 114 117 119 120 122 127 136 144 161 163
11 103 104 111 113 114 115 117 119 132 135 156
5 112 114 147 155 162
6 102 108 111 117 138 161
19 110 113 114 117 118 121 131 134 136 137 138 139 140 144 146 147 156 160 163
13 105 108 111 114 121 122 124 126 130 132 136 152 159
9 105 108 124 126 132 152 153 159 162
11 104 109 118 125 126 127 133 134 136 143 158
8 104 105 118 130 135 144 153 156
12 120 135 137 138 141 142 147 149 150 155 157 163
11 104 109 114 116 125 129 132 141 149 150 155
19 107 113 119 125 127 132 134 135 136 140 141 142 150 151 159 160 161 162 163
20 106 107 112 115 122 123 126 127 133 136 137 139 140 144 145 148 152 154 162 163
18 102 103 107 108 110 116 117 124 129 131 133 142 147 152 155 157 160 161
20 103 106 107 110 116 117 118 121 124 130 131 132 142 143 144 146 153 154 157 162
9 118 123 127 130 143 153 155 159 163
7 103 105 113 119 127 140 160
12 104 116 130 133 137 140 146 150 153 157 158 160
10 104 105 121 130 136 137 141 149 151 154
5 112 114 150 154 162
9 106 112 114 135 140 145 146 148 158
10 102 103 109 124 132 141 142 148 150 157
38 102 103 104 105 111 112 113 114 115 116 117 118 119 120 122 123 124 128 134 136 137 138 140 141 142 144 147 148 149 150 152 153 154 157 158 159 161 163
14 106 118 130 136 143 144 145 147 149 151 153 158 160 162
15 102 103 105 109 124 128 130 135 136 140 146 153 156 157 158
13 103 111 113 114 116 119 129 134 137 138 142 146 156
17 103 106 107 110 116 117 118 120 124 137 140 142 153 154 156 157 162
15 103 106 109 113 114 121 125 131 134 142 145 147 152 158 163
4 106 133 143 152
15 102 106 108 110 120 123 125 134 136 142 144 146 148 149 153
25 107 108 112 114 116 117 120 122 123 128 129 130 134 138 139 142 143 144 146 147 149 153 155 159 162
15 107 118 120 122 126 134 137 141 142 143 147 148 151 154 162
10 106 112 113 115 117 120 131 134 137 163
12 103 109 110 121 124 132 133 136 141 148 150 155
16 102 103 104 108 111 113 123 126 128 134 137 140 154 158 161 163
12 105 115 125 127 128 136 138 139 147 148 151 159
32 102 104 106 109 110 111 112 113 116 118 120 122 123 124 134 136 137 138 140 141 143 145 147 150 152 154 155 157 158 159 161 163
9 107 124 130 132 133 134 139 145 159
11 103 109 110 121 124 132 133 136 141 142 155
9 109 121 125 126 130 136 137 149 154
19 107 115 116 119 122 123 127 129 133 139 142 144 147 152 155 159 160 161 163
9 106 108 116 119 123 137 150 161 163
9 104 105 109 121 125 136 137 151 154
8 104 114 116 119 129 132 150 155
17 105 106 109 110 115 121 127 131 133 138 142 148 149 152 153 156 162
17 105 106 109 110 115 120 127 133 138 142 143 144 146 149 150 152 162
8 104 110 128 132 135 136 150 161
2 120 154
19 103 104 118 122 124 125 126 128 131 132 135 138 144 149 150 151 153 156 158
14 103 105 120 121 128 130 131 134 135 143 147 156 159 160
34 103 105 106 109 110 111 112 113 115 119 122 123 124 128 134 136 137 140 141 142 144 145 147 148 149 150 153 154 155 157 158 159 161 163
11 107 114 116 117 124 125 135 155 157 159 160
15 105 107 111 114 121 122 124 130 132 136 144 152 153 159 162
11 103 105 111 114 124 125 142 148 150 151 157
13 118 124 130 131 143 144 147 148 149 151 153 158 160
32 102 104 105 107 108 111 113 115 119 120 123 124 126 127 128 132 133 134 135 137 138 140 141 142 147 149 152 154 158 159 161 163
10 106 108 110 112 116 131 137 139 147 162
8 105 125 134 136 138 145 151 152
26 102 107 111 112 115 116 117 118 120 122 123 126 127 134 137 140 141 142 143 146 147 151 152 154 155 157
5 114 147 151 155 162
13 102 108 109 113 114 119 123 126 135 155 158 161 163
15 106 118 124 130 131 136 143 144 145 147 148 149 153 158 160
14 102 106 109 110 115 118 126 132 135 145 148 150 154 156
5 112 114 147 151 162
9 113 118 123 130 141 143 155 159 163
12 104 105 111 113 116 137 140 142 150 153 157 158
14 103 106 114 121 126 129 131 138 142 143 144 145 151 158
17 103 104 109 113 114 115 116 118 128 129 131 137 140 147 152 157 162
16 102 103 104 108 111 112 118 123 126 128 134 136 137 140 158 161
28 104 107 108 110 111 112 115 118 119 122 123 127 132 133 135 137 139 140 141 146 148 149 155 156 157 159 160 162
13 128 130 133 137 138 140 142 146 150 152 153 158 160
13 109 110 112 116 117 131 139 144 146 151 155 157 160
19 102 103 105 109 119 123 124 127 135 138 140 143 146 148 153 156 158 161 163
13 113 124 125 129 130 131 139 144 145 156 159 160 163
14 107 112 122 124 127 136 137 139 140 144 145 146 162 163
9 128 136 138 141 142 147 149 155 157
18 103 105 111 112 114 117 122 123 126 127 130 132 134 137 139 141 144 149
16 105 107 112 119 121 122 124 135 138 143 154 158 159 160 161 163
12 104 109 117 128 132 135 140 145 146 149 152 156
19 102 104 106 109 118 119 121 131 135 140 142 146 147 153 154 155 156 161 163
9 104 106 110 111 116 121 127 146 153
12 105 115 127 128 134 136 138 139 145 147 151 152
16 103 109 113 114 121 125 126 128 130 131 142 144 147 152 154 158
10 105 113 115 119 122 123 129 140 144 148
7 116 125 129 132 149 155 157
8 108 112 115 131 137 138 139 147
22 102 104 105 109 111 112 114 117 118 120 124 126 131 137 138 145 146 148 153 154 156 158
12 114 117 121 126 129 133 137 140 144 152 153 157
18 103 109 110 112 116 117 121 122 129 130 131 144 146 150 151 155 156 157
16 102 106 108 110 120 123 125 134 141 142 144 146 149 151 153 155
10 103 106 109 111 139 143 147 160 161 163
19 103 105 106 111 114 115 116 118 123 128 133 134 136 140 141 148 157 158 160
18 104 109 119 120 121 125 135 136 140 142 145 147 148 153 154 155 156 161
15 105 110 113 116 123 128 130 133 137 138 140 150 152 158 160
20 102 104 108 110 116 119 122 123 137 139 140 141 148 149 153 156 157 159 160 161
10 106 109 111 118 126 132 135 145 154 161
12 106 108 112 113 115 117 120 129 134 139 160 163
22 102 105 107 110 111 116 117 119 120 122 123 127 133 140 141 146 148 153 156 157 159 160
10 104 107 117 126 128 132 135 146 156 158
11 104 105 109 125 126 130 136 137 141 151 154
19 104 107 108 112 114 116 117 123 124 129 136 137 138 142 146 151 152 155 162
20 103 106 108 111 114 116 121 122 131 132 135 138 140 141 142 144 149 152 161 163
10 111 122 125 127 128 138 146 147 154 162
6 108 111 117 151 158 161
9 105 111 114 121 130 152 153 159 162
15 103 106 116 117 124 131 132 137 140 143 144 146 154 156 162
10 108 115 121 126 137 140 141 149 152 157
12 106 113 120 134 135 138 140 145 146 148 153 162
6 113 119 121 125 131 160
27 102 105 106 109 110 111 113 117 120 123 124 130 136 137 140 141 142 144 145 147 148 150 154 155 157 158 161
31 102 103 106 109 110 111 112 113 115 116 119 120 128 130 133 134 136 138 140 142 143 144 148 150 152 153 157 158 159 161 163
10 118 124 131 136 143 144 145 149 158 162
13 108 109 112 113 114 119 122 129 135 141 155 158 163
20 104 114 116 122 124 128 129 134 137 138 139 142 146 147 152 153 155 158 159 162
11 104 114 116 119 125 129 141 149 150 155 157
13 109 121 135 136 140 145 146 151 153 154 156 162 163
30 102 104 107 109 110 112 113 117 120 124 125 126 127 129 130 132 138 139 144 146 147 150 151 152 153 154 155 156 159 162
12 108 121 125 126 127 129 131 132 139 146 151 156
3 106 133 143
17 106 110 112 113 128 129 135 139 141 147 148 149 150 158 160 161 163
3 116 143 152
12 108 124 125 130 138 139 153 156 158 159 160 163
11 102 108 109 110 120 122 125 126 152 155 163
15 104 105 110 111 123 128 130 133 137 150 152 153 157 158 160
6 113 121 141 143 153 163
9 106 108 116 119 123 130 153 161 163
6 103 104 128 135 150 161
12 102 103 105 109 130 135 136 140 148 153 161 163
24 102 111 112 115 117 118 119 122 123 126 127 134 140 141 142 146 147 148 151 152 154 155 157 162
7 108 113 116 124 133 157 158
17 109 110 112 116 117 118 121 129 131 139 146 150 153 155 156 157 160
37 102 103 104 105 106 107 109 110 111 112 115 116 118 120 122 123 124 128 129 132 136 138 141 142 144 145 148 149 152 155 157 158 159 160 161 162 163
39 104 105 106 107 108 109 110 113 115 119 122 123 125 126 127 128 129 131 132 133 134 137 138 141 143 144 145 148 150 152 153 154 155 156 157 158 161 162 163
31 106 113 115 117 120 121 122 124 126 129 130 131 132 133 134 135 136 138 139 141 144 145 146 147 148 153 156 159 161 162 163
26 102 106 107 109 110 112 113 115 117 120 121 123 125 126 133 136 139 140 145 147 150 155 158 161 162 163
26 103 104 108 109 111 117 123 125 126 127 130 131 132 135 137 138 141 149 150 151 152 156 159 160 161 163
34 102 106 110 111 112 118 121 122 123 126 128 129 130 131 132 134 135 136 137 138 141 142 146 147 149 150 151 154 155 158 159 160 161 163
19 102 105 107 108 110 111 116 117 122 126 133 135 136 138 141 145 147 156 157
33 103 104 105 108 110 111 112 113 116 117 118 121 124 125 128 129 130 135 137 140 141 142 143 144 146 147 148 152 153 157 158 160 163
30 102 109 111 113 117 121 124 126 128 130 133 134 135 138 139 140 142 143 144 147 148 153 154 155 156 158 159 160 161 162
32 106 107 110 111 114 115 121 123 124 126 127 129 130 132 133 135 137 138 142 143 144 145 146 148 150 151 152 154 155 156 159 160
27 103 104 106 111 114 115 120 125 126 127 128 133 138 139 140 141 145 146 147 149 152 155 156 159 160 161 163
24 103 106 107 108 109 116 117 118 120 123 125 127 128 132 135 137 140 141 147 148 150 152 154 160
22 102 103 104 106 108 113 116 117 118 120 122 124 130 132 135 138 139 143 152 158 160 163
30 105 108 110 111 115 117 122 123 125 126 127 128 129 130 132 134 136 137 139 140 142 143 144 145 150 153 155 157 159 161
41 102 103 105 106 107 108 109 110 111 112 113 114 115 116 119 120 121 124 126 128 129 132 134 135 139 141 143 144 145 146 151 152 153 154 155 156 157 159 160 161 163
40 103 104 105 107 108 109 110 111 112 113 114 115 119 120 121 122 123 124 126 130 133 134 136 138 140 142 143 145 146 147 149 150 151 152 154 155 158 159 160 161
42 102 103 105 107 108 109 110 111 113 114 116 117 118 120 121 123 124 126 127 128 129 130 135 137 138 139 140 142 143 144 145 147 148 149 150 154 156 158 159 160 161 162
40 102 103 104 106 108 109 110 112 114 116 117 118 121 123 124 125 128 129 130 131 132 134 135 138 141 142 143 144 145 146 148 149 152 153 154 157 160 161 162 163
29 102 107 109 111 112 113 114 115 116 117 118 119 120 121 129 132 134 137 138 142 144 148 149 150 151 152 154 156 162
28 102 105 106 109 110 112 114 119 121 122 123 126 127 131 133 134 135 141 142 143 145 146 149 151 152 155 161 163
28 111 112 114 115 116 117 119 120 123 124 127 130 131 133 138 139 140 141 142 145 147 149 150 151 158 159 160 161
20 108 112 113 116 117 123 125 131 134 135 137 138 142 146 151 152 154 158 159 160
26 103 104 109 111 112 114 116 118 119 126 127 128 129 130 133 134 136 138 139 143 151 153 157 160 161 162
29 103 104 105 106 113 114 116 118 119 120 122 124 125 127 135 136 137 138 142 147 148 149 150 152 154 157 159 160 163
35 103 105 106 107 109 110 111 112 114 115 119 120 121 122 123 125 128 130 132 135 136 138 140 141 143 147 148 149 150 155 156 158 159 160 162
26 102 107 109 111 113 116 117 120 125 128 129 133 136 138 139 142 144 147 148 150 151 157 158 159 161 163
37 103 104 105 108 109 110 112 113 114 115 116 118 121 124 126 127 128 129 133 134 135 137 138 140 142 143 144 145 147 149 152 155 156 158 161 162 163
27 103 104 105 109 113 114 115 117 121 122 126 127 132 133 134 135 137 139 140 141 144 145 150 159 161 162 163
30 102 106 110 111 112 113 114 118 120 121 123 125 130 131 133 135 136 138 140 142 147 148 149 150 154 156 157 158 161 163
42 104 105 106 107 108 109 110 111 112 114 115 116 117 118 119 120 121 124 125 126 128 129 130 131 135 136 137 139 141 144 145 146 147 148 149 150 152 155 157 159 160 163
36 102 104 106 108 110 112 113 115 119 120 122 124 125 126 128 132 136 138 141 142 143 144 145 146 147 149 150 151 152 153 156 157 160 161 162 163
22 107 108 111 114 115 122 124 126 127 130 131 132 134 135 136 145 148 150 154 155 158 159
32 103 107 109 114 116 118 119 120 122 123 125 126 127 128 131 132 133 134 139 140 141 143 146 147 150 155 157 159 160 161 162 163
32 103 104 106 107 108 109 111 113 114 115 117 119 120 125 127 128 133 137 139 142 143 144 145 146 149 150 151 154 156 158 161 162
42 103 104 105 106 108 109 110 111 113 117 118 119 120 121 123 124 125 128 130 131 133 134 135 136 137 138 140 141 142 143 145 148 149 150 152 153 154 155 156 158 159 163
25 102 103 105 106 118 119 121 126 127 129 130 132 133 135 139 140 146 147 148 149 154 155 156 158 163
28 103 104 105 106 107 110 117 120 121 122 123 126 128 132 134 136 140 142 145 147 149 155 158 159 160 161 162 163
33 102 105 106 108 109 111 112 114 115 117 118 119 120 122 128 129 130 132 133 134 138 140 142 143 144 145 149 150 151 154 158 159 161
27 102 107 109 111 113 118 120 121 122 125 126 127 130 131 133 136 137 138 140 143 147 150 157 159 160 162 163
20 103 104 106 108 112 113 115 116 123 125 134 137 142 153 154 156 157 159 160 161
34 102 104 107 108 111 112 113 114 118 120 122 123 125 126 128 131 134 137 138 140 142 143 145 147 148 150 152 153 155 157 158 160 161 163
34 102 103 104 105 106 107 109 110 111 114 115 116 117 122 123 125 129 139 140 141 144 146 147 148 151 153 154 155 156 157 158 161 162 163
20 106 109 111 112 113 118 125 126 127 131 136 137 141 144 148 151 153 156 162 163
25 103 105 111 114 119 124 125 128 129 130 133 137 138 140 143 144 145 147 148 149 152 153 154 159 162
36 102 103 104 105 106 107 109 115 116 119 120 121 122 123 125 128 129 130 131 132 135 136 137 138 139 142 143 146 150 152 154 159 160 161 162 163
25 104 105 109 111 113 114 120 122 123 125 126 129 130 131 133 134 138 150 151 154 155 158 159 161 162
19 106 110 112 116 119 120 124 127 129 131 132 135 137 141 152 154 157 161 162
26 103 106 109 113 116 117 118 119 124 125 126 127 128 129 130 131 132 133 135 136 138 146 147 149 151 152
22 102 108 110 114 116 117 120 124 126 131 133 134 136 137 140 141 145 146 150 158 159 163
37 103 104 105 108 110 112 113 116 117 118 122 123 124 128 129 131 132 133 136 137 138 140 142 143 144 146 147 150 151 154 156 157 158 159 160 161 163
34 102 106 107 111 112 113 115 118 119 122 123 124 126 127 128 129 130 131 132 136 137 141 143 144 145 146 147 149 150 152 153 158 160 163
40 102 103 104 105 106 107 109 111 113 117 119 120 121 123 125 126 127 128 129 130 132 133 134 135 136 138 139 140 141 142 148 150 151 152 153 156 157 158 159 160
37 103 105 106 108 109 110 112 113 115 117 118 120 121 122 124 126 127 130 132 133 137 139 140 141 144 148 149 150 152 153 154 155 156 157 158 160 162
33 102 103 104 105 109 112 113 114 115 116 117 119 129 132 133 134 135 138 140 141 142 143 146 147 149 151 153 155 156 158 159 160 162
38 103 104 105 106 111 113 114 115 116 118 122 123 124 125 126 128 131 133 134 139 140 143 144 145 146 147 149 150 152 153 154 155 157 158 159 160 162 163
19 103 104 105 108 109 119 120 122 127 129 130 133 140 141 142 145 147 149 160
35 102 104 105 106 111 112 113 114 115 117 118 121 122 125 126 127 128 129 131 132 133 134 136 139 140 142 143 146 147 148 149 150 151 153 154
21 102 104 105 107 118 121 123 124 125 126 135 136 140 141 142 144 146 147 149 153 154
26 104 108 113 116 117 119 120 123 124 126 127 128 132 133 138 140 142 143 149 150 152 154 156 158 161 162
27 102 107 109 110 111 112 113 114 118 119 120 121 122 123 124 129 130 132 134 139 143 149 151 152 156 158 159
23 105 106 108 113 119 122 124 129 132 136 137 140 142 145 146 147 150 152 153 156 157 161 163
42 102 103 104 108 111 112 113 114 115 116 117 119 120 122 123 124 125 126 127 129 130 132 133 134 135 136 138 139 141 142 145 147 148 150 154 155 157 158 159 161 162 163
19 105 108 109 111 112 115 117 119 125 136 139 141 145 146 149 150 152 155 161
31 106 109 111 112 113 114 115 117 118 119 121 123 126 128 129 131 134 135 136 137 141 143 145 150 152 156 157 158 159 160 162
42 103 104 105 106 109 110 113 114 115 116 117 121 123 124 125 127 128 129 131 132 134 135 136 137 138 140 141 142 143 148 149 150 152 153 154 155 158 159 160 161 162 163
35 102 104 105 106 107 110 113 116 117 118 121 122 123 124 125 126 129 132 133 134 137 139 140 143 145 147 149 151 152 154 157 158 161 162 163
19 102 104 105 106 108 115 116 121 124 128 131 136 143 148 150 152 155 156 158
37 103 104 105 106 107 109 110 111 113 114 115 120 121 123 125 126 128 131 132 133 134 136 139 140 141 142 143 145 146 151 152 155 156 157 160 161 163
36 103 104 105 106 107 109 110 115 116 117 120 122 123 124 126 130 132 133 135 136 137 138 143 146 147 149 151 152 153 154 155 156 159 161 162 163
30 102 104 106 108 109 110 111 116 117 119 121 122 124 131 134 138 142 143 144 146 148 150 151 152 154 155 157 158 160 162
41 103 104 106 108 109 111 112 114 120 121 122 124 125 126 127 128 129 131 133 134 136 137 138 140 141 142 143 144 145 146 147 149 150 151 152 155 156 159 160 161 162
35 102 103 105 106 107 110 111 113 114 116 118 120 121 123 125 126 127 129 134 135 139 140 142 146 147 148 150 151 152 155 156 158 159 160 161
40 103 104 105 107 108 109 112 113 114 115 116 117 118 120 121 122 123 125 126 127 128 133 134 135 136 138 141 142 144 145 146 147 151 152 154 155 157 158 159 163
19 102 104 105 108 110 111 112 117 118 119 131 136 137 138 141 146 149 159 163
25 109 110 111 112 115 118 120 121 122 128 133 135 138 139 140 141 142 144 147 148 152 155 159 160 162
35 102 107 109 110 112 115 116 120 121 123 124 127 128 130 132 133 134 136 138 139 142 143 144 146 147 148 149 150 151 152 153 154 157 160 161
24 102 107 108 109 112 113 122 123 124 125 127 128 132 133 137 143 144 145 147 148 151 152 157 161
20 102 104 106 108 110 118 121 130 132 135 136 138 140 142 146 149 150 151 156 163
29 103 105 106 107 108 109 110 113 115 116 117 120 121 125 127 129 130 131 132 136 140 144 147 149 150 151 152 154 163
38 102 103 104 107 109 110 111 113 115 116 118 119 121 122 124 127 128 129 130 131 132 133 134 135 136 140 141 143 144 145 146 147 149 150 154 155 157 161
20 103 107 108 109 110 112 117 119 123 125 129 131 137 139 144 147 149 152 153 158
40 104 106 107 108 110 111 112 113 114 116 117 118 119 120 121 122 123 125 126 127 129 132 134 135 137 139 140 141 143 144 145 146 150 151 154 155 158 161 162 163
21 107 108 109 110 112 115 119 121 124 127 129 133 134 135 144 152 154 157 159 162 163
30 104 106 107 108 115 117 118 120 121 123 125 126 127 130 131 132 134 135 136 137 139 143 146 147 148 151 155 160 161 162
28 102 104 107 108 109 111 113 114 115 117 120 121 126 131 133 134 135 137 139 143 148 150 152 154 155 156 159 163
30 106 109 110 112 115 116 117 119 121 126 127 128 131 135 138 139 140 141 142 144 146 147 148 149 152 153 155 157 158 159
35 102 104 105 106 109 111 113 114 115 116 123 125 126 128 129 130 131 132 133 136 139 142 147 148 149 150 153 154 155 156 157 158 160 161 162
38 102 103 104 105 107 112 113 115 116 118 119 121 122 126 129 130 132 135 136 137 139 140 142 143 144 145 146 147 148 150 151 153 154 155 156 158 160 162
19 105 106 112 113 116 118 123 124 125 126 128 131 139 140 144 151 159 160 162
22 104 105 106 107 110 111 119 121 125 126 127 136 140 141 144 151 152 153 155 157 160 161
42 102 104 105 106 107 110 111 112 114 115 116 118 122 124 125 126 127 128 129 130 131 132 134 135 136 140 141 142 143 144 145 146 149 150 152 153 156 158 160 161 162 163
26 103 104 105 113 115 122 125 127 128 129 130 136 139 140 141 145 146 149 152 153 155 157 158 159 160 163
34 102 105 107 108 109 111 112 113 114 115 116 118 119 122 123 124 125 127 128 129 131 134 136 139 143 146 147 148 150 151 156 158 160 161
41 102 103 104 106 107 108 109 110 111 112 113 115 116 117 119 120 121 123 124 126 128 130 131 132 133 138 139 140 141 144 145 146 151 154 155 156 157 158 159 160 161
38 102 104 105 107 113 115 116 117 118 119 121 122 123 124 126 129 130 133 134 136 137 138 139 140 143 144 145 147 148 150 152 153 154 155 156 157 159 163
20 107 109 111 113 117 119 122 127 128 134 135 138 142 143 145 147 148 149 156 163
27 108 109 110 113 115 117 118 120 124 128 130 132 135 139 143 144 145 147 148 150 151 153 156 157 158 162 163
24 103 106 107 108 110 117 123 124 126 130 132 133 134 135 137 138 139 141 145 150 152 153 159 162
35 102 103 104 107 108 109 111 112 114 118 119 120 122 123 124 125 126 127 128 130 132 134 136 137 142 143 149 151 153 154 158 159 161 162 163
35 102 103 104 105 106 108 109 113 115 116 118 123 126 129 130 131 133 134 135 140 141 143 146 149 150 151 152 153 154 155 157 160 161 162 163
38 103 104 105 108 109 110 111 112 113 115 118 119 120 121 122 127 128 129 130 131 132 134 135 140 142 144 145 147 149 150 151 152 153 154 155 157 161 162
26 104 105 106 107 108 110 116 123 124 125 126 132 134 137 140 143 146 149 150 152 153 154 155 157 160 162
23 104 107 112 113 114 125 126 130 131 134 136 140 143 145 148 149 152 155 157 159 160 161 163
40 102 103 105 107 110 111 112 114 117 118 119 120 121 123 124 125 128 129 130 131 133 134 136 137 138 139 141 142 143 145 146 148 149 150 154 156 157 158 160 162
37 102 104 105 107 108 109 110 111 112 113 115 116 118 119 126 127 129 130 131 132 134 135 136 138 139 140 144 145 146 147 148 149 151 157 161 162 163
29 102 104 105 106 107 110 114 115 116 120 121 124 125 128 130 131 135 138 139 143 144 145 146 153 155 157 159 161 163
35 102 104 105 107 110 112 113 115 116 117 118 122 123 125 130 131 132 134 136 138 139 140 142 144 148 149 150 151 152 153 156 157 158 162 163
23 102 103 108 115 116 118 119 121 122 123 129 132 135 136 139 140 145 152 156 157 158 160 161
39 103 104 107 108 109 111 112 114 115 116 117 118 119 121 123 124 125 126 131 133 136 137 138 139 140 142 143 144 145 148 149 150 151 152 155 156 157 160 162
37 104 105 106 111 112 113 115 120 122 123 125 127 128 130 131 133 134 136 137 138 139 140 141 142 143 145 146 147 148 149 153 154 155 156 159 160 163
29 102 103 104 107 109 110 111 115 116 122 124 125 126 127 130 131 134 137 140 143 145 146 147 151 154 156 157 161 163
35 103 104 105 107 108 110 111 115 116 117 120 122 123 124 127 129 130 133 134 135 137 139 141 142 144 145 147 148 149 150 152 154 160 161 163
29 105 106 111 112 115 116 118 119 121 122 123 124 125 127 130 133 139 142 145 146 147 151 152 153 157 158 159 162 163
22 104 107 108 111 115 121 124 126 127 129 131 132 135 136 137 145 147 148 150 152 154 161
38 102 104 105 106 107 108 110 112 113 115 116 118 119 121 122 123 124 126 127 128 132 134 135 137 140 141 143 145 146 149 153 154 158 159 160 161 162 163
30 102 106 107 109 111 114 117 118 121 122 125 126 127 129 132 134 135 137 138 139 142 143 145 147 152 153 158 159 161 162
31 102 104 105 107 109 110 111 113 114 117 118 123 124 125 131 132 134 137 139 141 142 143 144 151 152 153 154 156 158 159 160
24 102 104 108 111 118 120 121 123 124 131 132 134 135 139 140 142 143 147 149 151 154 155 157 159
23 104 108 115 116 117 118 121 123 127 130 132 135 137 140 143 146 150 151 153 157 160 161 162
22 107 109 113 115 116 119 123 129 130 132 137 142 146 147 148 150 151 153 155 156 159 161
19 104 107 108 111 112 121 126 131 135 139 140 142 143 152 153 155 158 161 163
22 102 105 116 117 119 120 121 122 124 126 127 132 134 135 137 138 143 147 151 154 158 161
29 102 104 105 106 107 108 109 113 114 115 118 121 122 124 127 131 132 134 135 136 137 138 139 140 147 148 151 157 160
36 104 105 106 107 109 110 111 113 114 115 119 120 121 123 125 126 128 133 134 135 138 139 140 141 142 143 146 147 148 149 150 151 155 157 158 162
33 102 106 108 112 113 116 117 120 122 123 125 128 129 131 134 136 139 140 141 142 144 145 147 149 150 152 154 155 158 159 160 161 162
36 102 104 105 107 108 110 111 112 113 118 122 123 124 127 128 131 132 133 135 136 137 139 140 143 149 150 151 152 154 155 156 157 158 159 161 162
30 104 106 108 115 119 120 121 122 123 124 125 127 128 130 133 134 136 138 140 142 143 144 148 149 150 151 152 154 162 163
35 103 104 105 106 107 109 110 111 115 116 117 118 119 120 122 124 128 130 131 133 134 136 137 138 140 142 143 145 146 149 152 153 157 159 163
40 102 103 105 107 108 110 111 112 114 115 117 119 121 122 123 126 128 129 130 131 134 136 137 139 140 145 146 147 148 149 151 152 155 156 158 159 160 161 162 163
29 102 104 108 111 114 115 119 122 124 126 129 130 131 132 133 134 136 142 144 145 148 152 154 157 158 159 160 161 163
25 104 106 107 108 110 117 118 119 120 121 122 131 132 135 137 138 140 142 143 144 147 149 150 151 152
30 102 105 107 110 113 118 119 120 121 123 128 129 130 131 132 133 134 135 140 142 146 148 153 154 156 157 158 159 161 162
29 102 103 105 106 111 113 114 115 116 118 121 122 124 125 128 130 133 134 137 144 145 146 151 152 155 159 161 162 163
20 102 104 105 106 109 110 112 118 121 127 131 132 135 136 144 146 148 153 157 163
38 102 103 104 105 108 112 113 114 115 116 118 122 125 126 127 129 131 132 133 136 137 138 140 141 142 144 145 146 147 151 152 153 157 159 160 161 162 163
34 102 103 104 105 107 111 112 113 114 116 117 118 120 123 125 126 128 133 136 137 138 140 141 142 146 147 148 153 154 155 157 158 159 161
23 105 108 109 112 113 114 117 118 122 129 135 141 144 147 148 150 151 154 155 156 160 161 163
27 102 103 104 106 107 108 109 110 124 125 128 129 130 132 138 139 141 142 144 145 148 149 151 154 155 157 160
36 103 104 106 108 111 114 116 117 118 120 121 122 123 129 131 132 133 135 136 137 139 141 142 143 144 145 147 150 151 153 156 158 159 160 161 162
28 104 105 106 108 119 120 122 124 127 129 131 133 134 135 137 138 139 141 143 146 147 148 149 153 156 158 159 161
40 104 105 106 107 109 111 112 114 115 116 117 118 121 124 125 128 129 130 131 132 133 137 139 141 142 143 144 145 146 150 151 152 153 155 156 157 158 160 161 163
32 102 103 104 106 111 113 115 118 119 122 123 125 126 127 128 129 133 134 138 139 143 144 147 149 150 153 154 156 159 160 161 163
29 102 108 109 114 117 118 119 123 125 127 128 129 130 132 134 140 141 142 144 146 147 149 153 154 156 158 161 162 163
26 102 105 108 110 111 112 113 114 115 116 119 120 121 127 130 131 137 142 144 145 148 150 152 153 157 160
41 102 103 104 106 108 109 110 114 116 118 120 121 123 124 125 126 130 131 133 134 135 137 138 139 140 142 143 144 146 148 149 150 151 152 153 154 155 156 159 161 162
34 102 105 107 110 114 115 117 118 119 122 126 127 128 130 133 134 135 136 137 138 139 140 141 142 143 146 151 152 153 155 157 159 160 162
20 102 104 108 109 110 113 114 118 121 124 126 128 133 143 146 149 152 161 162 163
24 103 104 109 112 115 117 119 121 124 125 126 139 141 142 144 145 146 149 150 152 155 161 162 163
20 102 104 107 108 110 111 112 114 117 120 122 129 130 143 149 150 151 155 156 162
30 102 103 106 107 111 112 113 114 116 117 118 119 121 122 125 127 129 130 135 136 141 142 144 146 150 153 155 158 159 160
33 104 105 106 107 108 109 112 113 114 115 116 117 118 120 121 124 125 127 128 129 131 132 134 137 139 142 143 144 147 149 155 156 161
39 104 105 109 111 112 114 117 118 119 121 122 123 124 126 127 128 129 131 132 133 134 137 139 140 141 142 143 144 145 146 147 149 153 154 155 156 160 162 163
20 105 107 108 110 113 114 116 123 125 127 144 147 149 150 153 154 155 156 157 159
21 102 103 111 115 118 121 123 124 128 129 137 139 145 147 150 155 156 158 159 162 163
31 102 107 109 110 111 113 116 117 118 124 126 130 132 136 137 138 139 142 143 145 147 148 149 151 152 154 155 158 159 161 163
24 103 109 112 113 115 116 119 120 121 122 123 124 126 128 129 131 134 137 140 142 145 147 157 162
25 103 104 105 106 108 110 111 115 117 119 120 121 126 129 131 132 135 136 143 147 148 151 155 158 162
37 102 104 106 108 109 110 111 112 113 114 115 116 117 118 119 121 124 126 127 130 131 132 135 136 138 140 148 149 151 152 153 154 155 158 160 162 163
26 102 104 109 111 112 113 116 117 118 124 126 128 129 131 140 141 142 145 147 148 150 151 152 156 158 159
22 104 106 109 111 118 121 122 128 130 131 135 139 140 141 142 143 145 153 156 157 160 163
28 103 104 105 106 107 108 111 112 113 117 118 119 122 126 127 128 129 134 136 141 143 144 146 153 159 160 162 163
33 102 105 106 107 109 110 111 112 113 114 116 118 124 126 129 130 131 133 134 136 140 142 143 144 146 147 150 151 153 154 157 160 162
27 103 109 110 112 113 117 118 119 120 122 123 125 128 130 132 134 138 141 145 147 148 149 152 156 160 161 163
38 103 104 105 106 107 109 110 111 112 116 117 118 119 120 121 124 128 129 135 136 138 139 140 141 142 144 147 149 151 152 153 154 155 157 158 159 160 163
21 103 107 108 109 110 111 113 117 120 124 130 134 139 142 146 148 151 153 158 161 163
30 103 104 105 110 112 113 115 116 117 118 119 120 123 125 126 127 129 131 133 140 141 144 147 149 156 157 158 159 161 162
41 102 103 105 106 107 108 109 110 111 113 114 115 116 117 119 120 121 123 124 125 128 129 135 136 137 138 139 140 142 143 146 150 153 154 155 156 157 158 159 161 162
25 103 104 107 108 112 113 115 117 120 121 123 126 129 130 132 137 140 141 142 144 145 147 150 153 158
38 103 104 105 106 107 108 109 110 113 114 115 117 118 120 121 122 123 124 125 127 128 129 130 131 132 134 135 137 138 139 141 142 144 148 151 155 160 163
27 103 105 106 107 108 112 114 115 116 117 124 125 126 127 132 134 137 138 140 141 145 148 151 156 157 161 163
31 103 106 109 111 117 119 120 121 123 125 126 127 129 131 133 134 136 139 142 143 145 146 147 148 150 151 153 154 157 162 163
38 104 106 112 113 118 119 120 121 122 123 124 125 127 132 135 137 138 140 142 143 144 145 146 147 149 150 152 153 154 155 156 157 158 159 160 161 162 163
27 102 103 104 108 109 111 113 115 122 123 125 130 131 132 135 142 145 146 147 148 150 151 152 154 157 162 163
37 104 105 106 107 108 109 111 112 113 115 116 119 122 124 125 127 130 131 133 134 137 140 141 143 145 147 148 150 151 153 154 156 157 159 160 161 162
42 102 103 105 107 108 109 110 113 114 116 117 118 119 121 122 124 125 127 128 129 131 132 133 134 135 136 138 139 141 146 147 148 149 151 153 154 155 158 160 161 162 163
29 102 103 106 110 111 114 116 117 118 121 123 124 125 135 136 138 141 143 144 145 146 147 148 152 154 155 157 161 162
18 109 110 112 117 119 120 121 123 127 131 132 133 142 153 157 160 161 163
36 102 105 108 111 114 115 116 118 119 120 121 122 124 127 128 130 132 133 135 137 139 140 141 142 143 144 145 146 148 149 154 155 156 157 161 163
24 104 107 108 109 114 115 117 122 123 125 126 128 129 131 142 143 144 145 147 148 150 153 155 163
27 102 103 107 110 111 112 114 119 121 125 130 134 136 137 139 143 145 147 148 151 152 155 156 157 158 160 163
41 102 104 106 108 110 111 112 113 114 115 116 117 119 120 121 123 124 125 126 128 129 130 132 134 137 138 139 140 141 142 144 146 147 148 149 150 151 155 156 158 162
30 104 105 106 107 110 111 114 115 116 118 121 122 125 126 127 128 129 130 133 135 136 144 145 146 149 150 154 155 157 160
40 102 103 105 106 107 108 109 110 113 114 116 118 120 121 122 123 125 126 127 128 129 134 135 136 137 138 140 141 143 144 146 147 150 152 153 156 157 158 159 161
30 103 104 105 106 110 111 115 119 123 125 126 128 129 130 131 134 136 139 141 143 144 146 147 148 150 151 153 157 158 162
37 103 104 106 107 108 109 111 113 114 116 117 118 120 121 124 125 126 129 130 132 133 134 135 136 140 143 144 145 147 148 152 153 159 160 161 162 163
39 102 103 104 106 107 108 109 111 113 114 115 119 120 122 123 124 126 127 128 130 135 136 137 138 139 140 141 142 143 145 146 149 153 154 155 156 158 162 163
35 102 103 104 105 106 110 114 115 118 123 125 126 127 133 134 135 136 137 139 142 143 144 145 146 147 148 149 153 154 156 158 160 161 162 163
23 102 103 104 107 110 115 116 117 118 119 129 131 132 134 139 142 146 147 149 150 153 155 161
25 103 106 108 111 112 117 119 120 124 127 129 132 133 137 138 140 142 143 145 146 152 153 154 157 158
31 102 103 106 107 108 111 112 113 114 116 118 124 125 128 129 131 136 139 140 141 142 145 149 152 154 156 158 159 160 161 163
43 102 103 104 106 107 108 110 111 113 114 115 118 120 122 123 124 125 126 127 128 129 130 132 133 135 136 139 141 142 143 145 147 149 150 151 154 155 156 157 158 160 162 163
25 102 103 108 109 111 114 118 120 121 123 124 126 128 131 134 137 139 142 143 144 149 158 159 160 161
18 107 110 115 117 120 124 125 132 134 135 141 143 144 146 149 155 156 163
23 102 105 106 107 108 110 115 116 117 118 120 121 129 138 141 145 149 150 151 153 155 157 160
28 103 105 106 111 112 114 117 122 124 128 129 131 132 134 135 136 137 138 142 144 146 149 151 152 153 154 160 162
22 111 114 115 117 120 121 124 125 126 127 129 131 133 136 138 143 149 153 155 157 158 160
31 104 105 106 108 110 112 114 115 116 117 119 120 121 123 124 125 129 135 137 138 142 144 148 150 151 154 156 158 160 162 163
29 104 108 109 111 116 117 120 121 122 123 126 129 132 134 135 136 139 140 141 142 143 145 148 151 152 153 155 162 163
43 102 105 106 108 109 110 112 113 114 117 118 119 120 121 122 123 124 125 126 128 129 130 131 132 134 137 139 141 142 143 144 145 146 147 148 149 152 153 157 158 160 161 163
34 103 109 110 112 113 114 116 117 118 119 121 123 124 125 126 127 129 130 132 133 136 138 140 141 143 144 146 148 149 151 157 160 161 162
39 102 103 104 105 107 108 110 111 113 115 116 119 120 121 125 126 128 129 130 131 132 134 135 137 140 142 145 146 148 150 152 153 154 155 156 157 158 161 162
26 104 105 108 111 114 117 118 120 122 123 128 130 131 135 137 139 141 144 145 149 154 155 156 160 162 163
30 102 105 109 110 114 115 116 121 122 125 128 129 130 133 134 136 138 140 143 145 147 152 153 154 155 156 157 159 160 162
30 104 105 106 107 109 111 116 119 120 121 124 128 130 133 134 141 142 144 146 147 149 150 151 153 154 156 157 159 161 163
33 102 105 107 109 110 112 113 114 117 120 122 123 124 125 126 127 128 129 132 133 135 139 142 143 148 149 151 152 154 160 161 162 163
40 104 105 106 107 111 112 113 114 118 119 122 123 124 126 127 128 130 131 132 133 134 135 136 137 138 139 140 142 144 145 149 150 152 154 155 156 157 158 161 162
21 103 104 114 116 119 122 125 127 129 130 132 133 136 138 139 143 147 155 159 162 163
36 103 104 105 107 109 110 113 115 116 117 119 120 121 123 129 130 133 135 136 138 139 141 142 144 145 146 148 151 152 153 154 156 157 160 161 163
37 102 103 104 105 107 108 109 110 111 113 116 119 123 124 125 127 129 130 131 132 133 136 138 139 140 141 142 143 146 147 148 149 152 153 156 157 160
32 103 104 107 108 109 110 111 116 123 124 126 127 128 130 134 135 136 137 139 140 141 142 145 146 147 149 150 151 153 154 157 160
36 102 103 105 106 108 109 111 114 115 116 117 119 122 123 125 126 127 128 129 131 132 135 137 139 140 144 146 147 148 149 151 155 156 159 160 162
22 103 106 108 111 112 113 115 117 118 124 128 132 133 134 135 137 138 139 147 155 157 161
34 103 104 105 108 112 116 118 119 120 122 125 126 129 131 132 133 136 139 142 143 144 145 147 148 149 152 153 155 156 157 159 160 162 163
29 104 107 108 110 111 113 119 120 121 122 123 124 125 128 129 131 132 133 136 137 138 143 144 147 148 150 152 160 161
35 103 104 106 107 109 110 111 114 117 121 122 123 125 128 129 131 133 135 137 138 139 142 144 145 146 147 149 150 152 157 158 159 160 161 163
34 102 103 105 106 108 109 110 111 113 114 115 118 120 122 123 128 131 132 134 135 138 139 140 141 143 147 149 150 152 155 157 159 160 162
26 103 107 110 112 113 114 117 118 119 126 127 129 133 136 138 141 143 144 146 149 150 152 154 157 159 163
39 102 104 105 107 108 110 111 112 113 116 117 118 120 125 126 127 128 130 131 133 134 135 140 141 142 143 144 147 150 151 153 154 156 158 159 160 161 162 163
24 102 108 109 112 115 116 117 118 122 124 127 133 135 138 141 144 147 148 153 157 158 159 160 162
26 106 107 112 116 118 119 121 124 127 130 132 134 135 137 138 139 140 141 143 145 147 150 151 152 160 163
37 102 103 105 106 108 109 112 113 114 115 118 120 124 125 126 127 128 130 131 132 134 135 136 137 140 142 144 145 147 148 150 152 153 154 155 156 158
34 103 104 105 107 108 110 113 115 116 117 119 120 121 123 126 130 131 132 133 135 137 138 139 142 143 144 146 148 150 152 153 154 159 161
40 102 103 104 105 106 107 110 111 113 116 117 119 125 126 127 128 129 130 132 135 136 139 140 141 142 143 144 145 149 150 152 154 156 157 158 159 160 161 162 163
29 102 103 105 106 111 114 122 124 125 128 129 130 133 139 141 144 146 147 148 149 151 152 153 155 157 158 160 161 163
25 103 104 109 110 112 116 118 121 122 123 124 127 128 130 131 132 139 143 151 153 156 158 160 161 162
36 164 165 166 169 170 171 172 173 176 177 178 179 180 181 182 184 185 186 187 188 189 190 191 193 195 196 197 198 201 202 206 207 208 209 211 213
9 167 191 192 198 202 205 207 208 214
8 169 170 173 175 178 181 184 191
11 164 172 181 183 188 193 197 198 201 208 210
13 164 171 179 181 187 190 193 194 196 199 204 205 208
7 165 184 197 199 202 210 213
17 165 166 167 171 172 174 182 187 188 194 198 200 207 209 212 213 214
13 169 174 176 177 178 179 196 198 200 201 206 207 208
24 164 168 169 172 174 175 176 179 180 181 184 186 188 189 192 193 194 199 203 208 210 211 212 213
21 165 170 171 172 173 174 175 176 177 178 182 185 186 187 189 190 194 195 198 204 206
26 166 168 170 173 174 176 177 181 182 183 185 187 189 190 191 196 198 199 201 202 203 204 205 207 208 212
24 165 167 171 174 175 177 178 181 182 184 185 187 189 192 194 195 198 199 202 204 206 211 212 213
14 167 170 172 173 176 177 179 185 195 201 203 204 205 206
15 164 177 184 186 191 194 195 198 202 204 208 209 211 212 213
34 164 167 170 173 175 177 178 180 181 182 183 184 185 186 189 190 191 192 193 194 195 197 198 199 200 201 206 207 208 209 210 211 212 214
13 167 168 171 173 174 176 179 189 195 196 203 204 209
32 165 166 168 170 171 173 175 176 177 180 181 182 183 185 187 189 190 191 194 195 196 198 199 206 207 208 209 210 211 212 213 214
21 164 166 170 171 175 176 177 179 180 181 183 187 188 191 193 199 201 202 208 209 211
27 165 166 167 170 171 173 177 178 182 183 185 187 190 191 195 196 197 198 200 201 202 204 205 206 207 209 214
35 164 165 166 169 170 171 172 175 176 177 179 181 182 183 184 185 186 187 189 190 193 194 195 196 197 199 200 203 204 206 209 210 211 212 213
19 170 175 177 178 180 182 184 185 186 187 190 191 199 200 205 206 212 213 214
9 167 172 173 190 191 197 199 200 202
31 164 166 167 168 170 171 172 173 175 180 181 182 183 185 186 187 188 189 190 191 192 193 194 195 203 204 205 209 211 212 214
19 164 165 169 171 172 178 179 180 186 188 192 193 195 200 206 209 211 213 214
19 167 171 172 173 174 175 178 179 180 181 182 183 185 189 190 200 201 206 207
8 165 166 169 192 194 202 207 211
12 169 174 177 178 180 193 195 196 199 202 203 209
22 168 169 173 174 178 182 185 189 190 192 194 195 196 197 198 203 205 207 210 212 213 214
17 165 166 168 169 170 176 187 188 192 193 196 197 199 203 205 210 214
6 167 175 184 194 197 210
17 164 165 166 171 175 181 182 184 185 186 189 190 197 205 207 208 211
16 166 167 173 176 177 179 180 187 188 193 196 199 204 206 212 214
19 165 169 172 178 179 181 186 189 191 192 194 195 198 199 200 203 210 211 213
15 167 168 174 175 183 192 194 199 200 203 204 205 210 212 214
8 165 167 172 184 186 200 204 206
17 164 168 179 180 181 183 184 191 196 197 200 203 205 207 209 210 211
33 164 165 166 167 168 170 172 173 175 177 178 179 183 184 188 190 191 193 194 197 199 201 202 203 204 206 207 208 209 210 211 212 213
18 164 166 168 170 171 174 175 176 180 182 186 187 189 198 205 206 212 214
25 165 167 170 172 174 176 178 179 182 183 184 185 186 189 190 192 193 194 195 197 201 204 209 210 211
35 164 165 168 169 170 171 172 174 175 178 181 182 183 184 185 186 189 190 191 192 194 195 197 198 200 201 202 203 205 207 208 209 210 211 213
11 165 170 185 188 191 195 200 201 202 211 213
14 172 173 174 175 180 181 182 183 184 188 193 202 212 213
5 171 186 190 208 212
19 164 167 169 172 174 178 179 184 186 188 192 193 197 200 201 202 203 204 205
27 164 166 168 169 170 172 173 176 179 180 183 186 188 190 191 193 196 197 200 201 203 205 207 208 209 210 214
21 168 171 174 175 181 184 187 188 190 192 193 194 197 198 202 208 209 210 211 212 213
19 165 167 169 170 171 173 175 178 179 184 185 187 192 195 198 199 200 208 211
13 167 175 178 180 182 183 184 185 186 197 198 201 212
26 164 168 176 177 179 180 183 185 186 189 190 192 193 195 196 197 199 201 202 203 204 205 206 208 210 211
14 165 166 167 168 176 178 189 191 201 205 206 210 211 214
13 166 170 173 176 191 192 200 202 203 206 207 210 213
12 165 168 169 172 174 177 188 189 195 209 211 214
32 164 166 168 172 174 176 177 180 181 182 183 186 188 189 190 191 193 194 196 197 201 202 203 204 205 206 207 209 210 212 213 214
23 164 165 170 175 176 178 180 182 183 184 187 191 193 195 196 198 200 204 206 208 209 210 214
16 164 165 166 169 178 180 182 183 186 189 191 196 199 200 207 214
24 165 169 177 178 179 181 183 184 185 188 192 193 194 195 196 201 203 204 207 208 209 210 211 213
11 168 172 187 192 194 200 201 206 212 213 214
32 164 166 167 168 170 171 173 174 175 176 177 180 182 183 184 185 187 188 190 193 196 197 201 202 204 205 206 207 208 209 212 214
26 164 166 168 169 171 173 175 177 180 181 187 188 191 196 198 199 200 202 203 205 206 207 208 212 213 214
13 166 167 169 188 192 193 199 201 202 208 212 213 214
17 166 168 169 171 172 173 174 177 181 185 188 189 192 194 203 205 212
11 167 179 186 190 197 199 201 202 207 211 213
17 165 166 168 169 171 172 174 176 179 187 188 196 202 203 204 205 213
11 167 170 173 176 179 183 188 191 198 204 210
7 169 171 187 190 192 199 204
18 169 171 174 176 180 181 182 185 186 187 189 192 195 196 198 200 205 214
16 164 170 177 179 185 186 194 195 196 197 198 200 203 207 208 209
35 164 166 167 168 169 172 173 174 175 176 177 178 179 180 181 182 183 184 187 189 192 193 194 196 197 198 199 203 204 205 206 207 209 210 214
7 168 173 174 178 180 188 201
20 165 167 170 172 174 176 178 179 183 184 189 192 193 194 195 197 201 204 210 211
11 167 170 172 173 179 185 195 203 204 205 206
9 166 170 192 200 202 203 206 210 213
12 177 178 179 181 185 188 192 193 194 209 210 213
7 165 169 172 174 188 189 195
16 164 166 168 170 171 174 180 182 186 187 189 198 205 206 212 214
6 168 173 174 180 188 201
10 183 192 199 200 203 204 205 210 212 214
18 164 165 170 176 178 180 183 184 187 191 193 195 198 200 204 206 210 214
10 166 167 176 179 180 187 204 206 212 214
16 164 176 177 180 181 182 186 188 190 191 193 194 201 203 207 212
11 167 172 173 174 181 183 185 189 190 200 201
15 170 171 175 179 180 181 183 187 188 191 193 199 201 202 208
10 165 166 167 176 178 189 191 205 206 210
10 165 171 187 188 194 198 200 207 212 213
27 164 167 170 173 177 178 181 182 184 185 186 189 190 193 194 195 197 199 200 201 206 207 208 210 211 212 214
20 168 169 172 174 175 176 179 180 181 184 186 188 189 192 193 194 199 203 210 211
8 166 167 173 179 188 193 204 212
12 167 168 175 183 192 194 199 200 203 204 205 214
16 165 167 169 171 175 179 184 185 187 192 195 198 199 200 208 211
5 173 175 178 181 184
9 165 168 169 177 188 189 195 209 214
14 169 178 181 183 184 188 192 194 195 196 203 207 210 211
12 172 173 174 180 181 183 184 188 193 202 212 213
3 169 171 190
3 167 175 194
8 167 175 178 182 185 186 198 212
9 165 167 168 178 191 201 206 210 211
13 165 166 169 180 183 186 189 191 196 199 200 207 214
6 165 168 188 195 209 211
7 178 180 183 184 186 198 212
13 168 179 185 186 190 192 196 201 203 205 206 210 211
9 164 184 191 194 198 204 208 212 213
15 164 169 172 174 178 184 188 192 193 197 200 202 203 204 205
5 169 175 178 184 191
11 167 168 171 174 176 179 189 195 196 204 209
16 164 168 177 183 186 189 193 195 201 202 204 205 206 208 210 211
10 165 167 168 176 178 189 191 206 210 214
17 168 169 172 174 176 180 186 189 192 193 194 203 208 210 211 212 213
8 165 170 185 191 195 200 202 213
6 166 170 191 192 200 210
9 164 165 166 171 182 184 186 189 211
9 172 179 180 181 183 185 190 200 201
11 166 171 182 184 185 189 190 197 207 208 211
18 166 169 170 172 173 179 180 186 191 193 196 200 201 203 207 209 210 214
12 170 175 178 180 187 195 204 206 208 209 210 214
8 164 165 169 183 186 189 191 196
6 168 173 178 180 188 201
19 165 168 170 171 176 177 180 182 183 187 189 190 191 194 196 199 208 210 212
8 170 173 192 202 203 207 210 213
9 167 179 186 197 199 201 202 211 213
9 171 174 180 181 182 189 198 200 205
9 167 174 183 194 200 204 205 212 214
7 167 169 188 193 199 208 212
8 167 175 178 180 183 184 185 198
4 167 175 184 194
9 167 170 173 183 188 191 198 204 210
17 164 166 168 170 174 175 180 183 184 187 190 193 196 201 204 206 214
24 166 168 172 174 176 177 180 186 188 189 191 193 194 197 201 202 203 204 206 207 209 210 212 213
9 166 168 169 171 172 176 179 196 202
14 165 166 167 170 171 182 183 185 195 198 200 205 207 214
9 167 175 178 184 185 186 198 201 212
17 164 165 170 175 176 178 180 182 183 193 195 198 204 206 208 209 210
20 165 167 174 175 178 181 182 184 187 189 194 195 198 199 202 204 206 211 212 213
17 165 167 171 175 178 182 185 187 189 192 194 195 198 204 206 211 212
4 170 175 181 184
9 164 168 170 174 176 187 198 212 214
10 164 169 172 178 179 184 192 193 200 203
7 167 191 192 198 202 208 214
10 169 172 186 189 191 192 199 200 210 211
12 164 179 181 183 191 196 197 200 203 205 209 210
4 169 171 187 204
9 169 177 178 180 195 196 199 202 203
14 171 172 173 174 175 178 179 180 182 183 185 189 190 207
17 167 171 174 175 178 181 184 185 187 189 192 198 199 204 206 211 212
3 167 184 197
11 164 177 184 191 195 202 204 208 209 212 213
22 164 166 170 171 172 177 179 181 183 184 185 187 190 194 196 199 200 203 209 210 212 213
4 165 184 200 206
10 164 177 184 186 194 204 208 209 212 213
11 164 165 169 171 179 180 192 195 200 206 211
8 165 166 176 178 189 201 210 211
10 167 169 178 184 186 192 202 203 204 205
20 164 166 168 169 173 179 180 183 186 190 193 196 197 200 203 205 207 208 209 210
6 172 183 193 197 208 210
4 175 184 194 210
21 167 170 173 175 177 178 180 183 185 186 189 190 191 193 197 198 201 208 209 210 214
8 174 178 179 196 198 200 201 206
7 167 172 173 191 197 199 200
15 164 168 169 171 175 180 181 188 198 200 202 207 208 212 213
3 168 188 201
11 164 168 179 180 184 191 196 197 203 209 210
11 170 177 179 185 194 197 198 203 207 208 209
14 166 168 170 177 182 185 187 190 191 196 201 203 205 208
6 167 172 184 200 204 206
3 187 192 199
12 170 171 174 175 176 177 182 185 189 195 198 204
8 166 167 172 174 187 207 213 214
5 165 197 199 202 210
16 165 169 172 178 179 186 189 191 192 194 198 199 200 210 211 213
13 164 177 184 186 191 194 195 202 204 208 209 211 213
4 165 184 202 213
8 167 173 176 180 187 188 196 214
5 174 178 180 188 201
29 164 166 167 168 169 172 173 174 175 177 178 179 180 181 184 192 193 194 196 197 198 199 203 204 205 206 207 210 214
8 165 172 174 177 189 195 209 211
10 169 174 176 177 178 179 198 200 206 208
11 164 171 179 190 193 194 196 199 204 205 208
17 168 169 173 174 178 182 185 189 194 195 197 198 203 205 207 213 214
10 165 168 169 172 174 177 189 209 211 214
18 164 167 170 178 180 181 182 184 189 194 195 198 200 206 208 209 210 211
17 168 172 176 177 181 182 183 188 189 191 201 203 205 206 207 210 212
13 164 168 172 175 180 184 188 192 193 203 210 212 213
16 166 167 170 178 183 185 195 197 198 200 201 202 204 206 207 209
17 170 171 180 181 185 187 190 191 194 195 196 198 207 209 210 211 213
6 179 190 201 207 211 213
20 164 165 170 175 176 178 180 182 183 187 191 193 195 196 198 200 204 208 210 214
15 167 171 174 177 178 182 189 194 195 199 202 204 211 212 213
9 165 170 185 188 191 195 200 202 211
7 167 175 182 183 184 201 212
6 165 166 192 194 202 207
19 165 171 174 175 177 178 181 182 184 185 189 192 194 195 198 202 206 211 212
6 167 190 197 207 211 213
5 165 184 186 200 204
17 164 166 168 171 174 177 182 183 188 190 196 197 204 205 206 208 214
9 166 169 189 191 196 199 200 207 214
13 168 169 171 173 175 177 180 181 187 203 208 212 213
7 167 179 190 197 199 207 213
6 172 200 201 206 212 213
13 164 166 168 171 174 175 176 182 189 198 206 212 214
13 166 167 170 171 173 177 178 182 185 187 190 195 214
12 164 170 176 180 182 184 196 200 204 206 209 214
9 169 174 177 188 189 195 209 211 214
16 165 169 172 178 179 186 189 191 192 194 198 200 203 210 211 213
8 167 170 176 179 183 188 191 198
7 167 192 198 202 205 207 208
4 165 199 210 213
5 168 173 178 180 201
5 167 175 184 194 197
9 164 172 181 183 193 198 201 208 210
27 164 165 167 168 170 172 175 177 179 183 188 190 193 194 197 199 201 202 204 206 207 208 209 210 211 212 213
10 166 167 176 187 188 193 199 204 206 214
17 168 174 175 184 187 188 190 193 194 197 198 202 208 210 211 212 213
15 165 169 172 178 179 189 191 192 194 195 198 199 203 210 211
20 164 166 168 170 171 176 177 180 183 184 187 188 190 193 196 197 201 204 212 214
7 164 190 193 199 204 205 208
8 168 187 192 200 206 212 213 214
6 175 182 185 186 197 212
16 166 168 170 181 183 185 187 196 199 201 202 203 204 205 207 208
30 164 165 166 169 170 171 172 175 176 177 179 182 183 185 186 187 189 190 193 195 196 197 199 200 203 204 209 210 211 212
5 169 171 190 199 204
17 168 173 174 178 182 185 189 192 195 196 197 203 207 210 212 213 214
14 165 169 171 178 179 180 186 192 193 195 200 206 209 211
6 169 175 178 181 184 191
12 165 166 169 170 187 188 192 196 197 199 205 210
3 169 199 204
21 165 166 167 170 173 178 182 183 190 191 195 196 197 198 201 202 204 206 207 209 214
17 164 166 170 175 176 177 179 180 181 183 187 191 193 199 201 202 208
22 164 166 168 169 172 175 177 180 181 183 187 192 193 194 196 198 199 203 204 206 209 210
14 173 174 175 178 179 180 181 183 185 189 190 200 206 207
7 167 174 183 194 199 205 212
13 165 174 182 187 188 194 198 200 207 209 212 213 214
23 165 166 168 170 171 173 176 177 180 181 182 183 185 189 191 194 195 196 206 207 212 213 214
6 169 171 187 190 192 199
19 166 168 174 177 182 189 190 191 193 194 197 201 202 204 206 207 209 213 214
9 172 173 174 175 180 182 183 184 212
11 164 169 171 179 180 186 188 192 195 211 214
9 167 172 177 185 195 201 204 205 206
9 167 179 190 197 199 201 202 211 213
5 165 184 199 210 213
16 168 169 173 174 182 185 189 190 195 196 197 198 203 210 212 214
14 164 179 180 183 185 186 189 193 195 197 199 202 204 205
6 164 172 181 183 197 201
22 164 166 167 168 170 171 175 176 177 180 182 183 184 187 201 202 204 205 206 208 212 214
6 166 169 192 202 207 211
14 165 167 171 174 182 187 188 194 198 200 207 212 213 214
7 169 172 174 177 189 195 209
9 174 176 178 196 198 200 201 206 208
7 175 182 184 186 197 198 201
9 184 186 194 204 208 209 211 212 213
12 166 171 174 187 188 194 200 207 209 212 213 214
21 167 170 173 177 178 180 183 184 186 189 191 192 193 194 195 198 200 207 208 209 210
10 164 170 171 176 182 186 189 198 212 214
11 164 166 170 171 175 181 188 199 202 208 211
4 169 202 207 211
10 170 172 176 177 179 185 195 204 205 206
19 164 165 167 173 177 184 188 190 191 193 194 197 199 202 203 206 208 209 210
7 164 181 193 197 198 201 208
22 164 166 168 169 170 172 173 176 179 180 183 186 188 190 191 193 196 197 200 203 207 208
11 173 180 181 182 183 184 188 193 202 212 213
10 164 171 179 181 187 193 194 196 205 208
16 164 165 170 175 178 180 183 184 193 196 198 200 204 208 209 214
18 165 169 177 178 179 181 183 185 188 192 193 196 201 203 204 207 210 213
9 167 173 176 183 188 191 198 204 210
14 170 175 176 178 187 191 193 195 198 200 206 208 209 214
3 175 184 210
14 164 168 179 180 181 183 191 196 200 205 207 209 210 211
16 166 170 171 173 175 182 183 187 189 191 192 195 203 209 211 214
10 168 169 170 176 187 188 196 197 199 205
11 164 177 186 191 198 202 204 208 209 212 213
9 164 179 186 195 196 198 200 207 209
11 169 174 176 177 178 179 196 200 201 206 207
8 172 174 180 182 183 202 212 213
7 164 183 188 198 201 208 210
21 169 177 178 179 181 183 184 185 188 192 193 194 195 196 201 203 204 207 208 210 213
27 164 167 168 170 171 173 174 176 177 180 182 183 184 185 187 190 197 201 202 204 205 206 207 208 209 212 214
15 165 170 171 172 173 174 176 177 178 182 186 190 194 198 206
12 164 170 177 186 194 195 196 197 198 203 207 209
6 169 170 175 178 181 184
22 166 172 175 180 181 182 183 184 185 188 189 190 192 193 194 198 199 203 205 206 209 214
30 164 166 167 169 171 172 174 175 176 178 183 184 186 188 190 191 192 194 197 199 200 201 202 203 204 207 210 211 212 214
19 164 167 170 171 174 176 177 178 181 184 185 188 192 195 197 202 209 210 214
29 164 165 167 168 173 175 179 181 183 186 187 188 189 190 191 192 193 196 198 203 204 205 206 207 209 210 211 212 214
28 164 166 169 170 172 174 176 178 179 181 182 185 186 188 190 191 193 195 196 197 200 201 203 206 207 209 212 214
22 165 166 167 168 169 170 173 174 177 179 180 183 186 187 195 197 199 201 203 206 208 209
20 164 167 171 172 173 174 176 177 179 182 187 191 193 206 207 208 210 211 213 214
22 164 165 166 168 169 174 178 180 181 187 188 190 193 196 199 200 205 206 207 209 211 213
18 165 167 172 175 178 179 183 184 186 187 198 199 202 206 207 209 212 214
25 164 165 166 167 169 172 179 180 181 185 187 188 189 190 191 193 195 196 197 200 202 208 209 210 212
23 164 165 166 171 176 177 178 179 181 187 188 191 192 196 200 201 202 206 208 209 210 211 213
33 168 169 171 172 174 176 177 178 179 180 181 182 183 187 188 189 190 191 192 195 196 197 198 202 203 205 207 208 209 210 211 212 214
26 166 169 173 174 175 176 180 181 183 184 185 186 188 190 192 194 195 196 198 199 201 204 206 209 213 214
20 167 168 170 172 173 176 179 180 183 187 189 190 193 194 195 196 198 199 209 213
30 164 166 170 171 172 173 175 177 179 182 183 186 187 192 193 194 195 196 197 198 200 201 202 205 207 208 210 211 213 214
32 164 165 167 170 171 172 174 175 177 178 180 182 184 186 187 191 192 193 195 196 198 199 200 201 202 203 205 208 209 211 212 213
29 165 167 169 170 173 174 175 177 182 184 185 187 188 189 190 191 194 195 196 198 199 200 202 203 204 205 208 209 214
21 164 166 170 174 177 179 180 181 183 189 190 191 194 200 203 205 206 207 209 210 211
30 164 166 167 168 169 170 171 172 175 177 180 182 183 186 187 188 189 191 192 193 194 195 197 200 201 204 206 207 208 209
16 167 171 176 177 179 183 188 190 192 194 195 199 200 201 209 211
30 164 165 170 171 173 176 178 179 182 186 187 188 189 190 191 192 194 195 196 199 201 202 204 205 207 208 209 212 213 214
27 164 166 167 169 170 171 172 175 177 179 184 185 187 189 193 194 195 196 198 199 200 201 204 205 211 212 213
33 166 167 168 170 171 172 174 178 179 181 184 185 186 187 188 189 190 191 192 193 194 195 196 200 201 203 205 206 207 209 210 212 214
32 164 168 169 171 172 173 174 176 178 180 181 182 185 186 187 189 190 191 195 196 197 198 201 203 204 205 206 207 208 209 212 214
29 165 167 168 169 170 171 174 176 177 179 186 188 189 191 192 193 194 195 196 197 198 200 201 205 207 208 210 211 214
20 170 171 172 175 177 178 179 186 187 190 197 200 201 202 203 207 208 209 210 213
26 164 165 166 171 172 176 178 180 181 182 184 185 186 188 194 196 197 199 202 203 204 205 206 207 210 213
20 164 171 172 176 178 182 184 185 186 190 193 196 200 203 205 206 208 209 211 213
20 164 168 173 174 176 178 181 185 187 189 190 191 192 196 197 200 201 202 208 213
33 165 167 168 172 173 174 175 177 178 180 183 185 187 188 189 190 192 194 197 200 201 202 203 204 205 206 207 208 209 211 212 213 214
20 169 171 172 176 178 186 188 189 190 191 198 199 200 202 206 209 210 211 213 214
27 166 170 171 172 173 174 176 177 180 181 184 185 186 190 197 198 199 200 201 202 205 207 208 209 210 211 214
22 164 165 166 169 171 172 176 177 182 183 187 188 189 192 194 200 202 203 209 210 212 213
16 166 167 169 171 177 185 189 192 194 195 198 200 202 203 209 213
16 165 166 169 170 175 177 179 186 188 189 197 200 202 205 207 213
16 165 171 172 174 176 177 179 180 182 185 191 198 202 203 207 213
21 165 168 169 171 175 177 179 181 182 183 186 187 189 192 193 194 201 204 209 211 212
23 165 166 169 171 174 179 183 185 186 188 189 192 193 194 199 202 203 204 208 209 210 211 214
22 166 170 171 172 173 176 177 180 181 182 185 188 191 196 198 200 205 209 210 211 212 214
32 167 169 170 172 173 174 176 177 178 179 181 182 183 186 187 189 190 194 195 196 197 199 200 201 202 203 204 205 206 207 208 211
31 165 168 169 171 175 178 180 181 182 183 184 185 186 187 191 192 193 194 195 196 198 199 201 203 205 206 207 208 211 212 214
25 166 167 168 169 170 173 174 178 179 180 181 182 183 188 189 193 194 196 197 199 202 205 206 208 213
28 164 165 166 167 168 169 171 174 176 178 179 180 181 182 186 188 189 192 195 199 201 203 204 205 206 209 211 212
18 165 166 173 176 178 182 183 190 196 199 200 201 202 206 209 212 213 214
31 164 165 166 167 168 170 171 172 175 180 181 182 185 186 187 188 189 193 194 195 198 200 201 203 204 205 206 208 209 213 214
33 164 165 166 167 169 170 172 173 174 176 179 180 181 183 184 187 188 189 190 191 192 196 197 198 201 202 203 204 205 206 210 211 212
25 166 168 170 173 175 177 178 179 180 182 186 187 193 195 196 198 199 201 204 205 207 209 211 213 214
22 166 170 172 173 175 177 180 183 184 185 188 190 194 195 197 200 201 202 205 208 210 214
25 166 167 168 170 172 175 176 177 183 185 186 191 192 193 194 198 199 202 203 205 208 209 210 211 212
35 164 166 167 168 170 171 173 175 176 177 178 180 181 182 184 186 189 191 192 193 196 198 199 200 201 204 205 206 207 208 209 210 211 212 214
18 164 165 166 167 168 170 176 178 185 187 189 190 191 193 197 207 212 214
16 164 168 169 172 181 183 186 187 188 189 191 195 203 208 209 212
30 164 165 166 167 168 170 172 173 174 175 178 179 181 182 183 185 186 187 191 192 193 196 197 198 199 200 204 208 209 213
28 165 167 171 172 174 175 176 177 182 183 184 189 191 192 193 196 197 199 201 202 204 206 207 208 209 210 211 212
17 165 168 170 172 175 179 180 187 197 199 201 203 205 206 207 210 211
34 165 166 167 168 171 172 173 175 176 178 179 181 182 183 184 186 187 189 190 191 192 195 196 197 200 201 203 204 206 208 210 211 212 214
25 169 170 171 172 174 175 177 179 180 185 186 188 189 192 193 195 198 200 201 205 206 207 209 212 214
29 164 165 166 170 172 174 176 177 178 182 185 186 188 189 196 197 198 199 200 202 204 205 206 208 209 210 211 213 214
15 166 167 168 174 176 178 180 181 183 194 199 201 206 207 212
25 167 170 173 174 176 177 178 180 181 182 183 186 190 191 193 195 196 197 201 202 203 204 205 207 213
19 168 172 177 178 181 183 185 188 189 192 198 199 202 204 208 211 212 213 214
26 164 168 170 171 173 174 175 177 179 181 183 184 186 188 190 191 193 194 195 202 203 204 211 212 213 214
31 164 168 169 170 172 174 175 176 178 180 183 184 185 186 188 189 191 192 194 195 196 198 202 204 205 207 208 209 210 211 214
34 165 166 167 168 170 171 174 175 176 179 180 181 183 184 185 189 190 191 192 193 194 197 199 200 202 203 204 205 207 208 209 210 211 214
30 164 165 166 168 169 170 171 175 178 179 180 183 188 189 193 195 196 197 199 200 202 203 204 206 208 209 210 211 213 214
17 164 169 170 172 173 176 179 183 186 187 188 189 197 199 202 207 208
22 168 169 171 172 173 174 176 178 185 186 191 194 195 196 197 199 200 201 205 207 208 213
23 165 168 169 170 174 175 176 178 180 183 188 192 193 195 196 198 199 201 202 207 209 211 212
21 167 170 172 173 181 183 184 188 192 195 198 199 200 201 203 204 206 207 208 209 214
15 171 175 178 179 184 189 191 192 195 197 201 202 203 210 212
30 164 165 167 169 171 173 174 175 176 178 180 182 183 184 186 187 189 192 193 194 196 197 198 199 200 201 203 204 211 212
24 166 167 168 170 173 174 175 177 179 181 183 184 185 187 188 192 193 194 195 196 202 204 206 212
26 166 168 169 170 173 174 177 178 179 180 183 185 186 187 189 191 192 195 198 199 201 202 203 206 208 214
15 166 169 172 176 180 182 183 188 193 197 203 208 212 213 214
26 164 165 167 168 171 172 173 180 181 183 184 187 192 194 195 196 199 200 201 203 204 205 207 210 213 214
33 165 167 168 169 170 171 172 175 176 178 179 180 182 183 184 189 191 192 195 196 197 198 199 202 203 204 205 206 208 209 211 212 214
33 164 166 167 169 170 171 176 177 179 180 182 183 187 188 189 190 192 193 194 195 196 197 199 200 201 202 204 205 206 207 208 209 211
22 166 167 168 170 172 176 180 181 183 185 186 188 189 190 192 195 198 202 206 208 211 213
15 166 167 175 181 183 185 186 190 193 198 205 208 209 210 212
15 164 174 176 179 182 183 186 190 192 196 203 204 208 212 213
20 166 167 170 172 176 177 179 181 183 193 195 197 198 200 205 206 207 208 210 213
33 165 166 167 168 169 170 171 172 174 175 177 178 179 182 183 186 187 188 190 193 194 196 199 200 201 202 204 205 206 211 212 213 214
24 167 168 169 172 173 174 175 176 177 181 182 183 185 189 192 193 198 200 202 207 210 211 213 214
15 166 167 170 173 174 175 178 182 187 191 193 198 201 212 214
26 167 169 170 172 174 176 177 178 180 181 182 187 188 189 190 191 195 196 197 198 201 202 206 207 208 209
24 164 166 168 169 170 174 175 177 178 179 183 187 189 190 191 192 194 195 198 201 205 206 207 211
18 166 168 171 173 176 179 180 184 185 189 190 192 193 201 204 207 208 210
26 164 165 167 169 170 172 173 176 177 178 179 182 183 189 194 196 199 200 202 203 206 207 208 210 211 214
24 165 166 168 170 174 176 178 182 183 184 187 188 189 190 192 193 195 196 199 202 205 208 210 212
22 164 165 167 171 172 175 177 179 183 185 186 189 192 198 199 203 204 205 209 210 212 213
19 164 165 167 170 171 173 177 178 179 184 199 201 203 205 206 208 211 212 213
24 164 166 170 173 174 175 177 179 181 184 187 189 191 193 194 195 199 200 201 204 205 206 207 210
18 167 171 175 180 182 183 184 185 187 188 193 195 203 204 206 208 211 214
23 165 170 172 173 174 175 180 181 182 184 186 187 189 190 191 193 196 197 199 202 204 210 213
17 169 171 172 178 182 183 185 186 187 190 191 192 200 201 203 205 208
30 165 166 167 168 169 171 173 176 179 180 183 186 188 189 191 192 194 195 199 200 201 206 207 208 209 210 211 212 213 214
23 166 167 168 171 174 175 180 184 185 186 193 196 198 200 202 203 204 205 206 207 210 212 214
19 165 167 168 170 172 174 176 183 185 189 192 193 196 198 199 201 205 209 213
33 164 165 167 168 170 171 172 174 175 176 177 178 181 184 185 187 191 192 194 195 197 199 200 201 204 205 206 208 209 210 211 213 214
20 164 165 175 177 178 179 180 184 185 186 195 197 200 202 203 204 207 208 210 211
21 165 170 172 173 174 175 178 180 183 185 186 187 188 194 196 198 203 207 209 210 212
22 167 169 170 171 172 175 178 179 182 183 186 189 193 198 199 201 202 205 206 209 212 214
31 164 166 169 172 173 174 175 178 181 182 185 189 190 192 193 194 196 197 198 199 202 203 204 205 206 207 208 209 211 212 214
24 165 166 167 169 170 171 173 175 178 179 181 184 185 188 189 191 195 198 199 202 203 204 206 214
28 165 167 168 169 171 174 175 177 179 181 183 184 185 186 189 190 191 193 194 199 201 204 205 206 207 211 212 214
33 164 166 167 168 171 175 178 180 181 182 183 184 185 186 189 190 191 192 193 195 196 198 199 200 203 204 207 208 210 211 212 213 214
31 164 165 166 169 170 171 172 173 174 175 177 181 182 183 184 185 187 189 190 194 196 197 198 199 200 201 202 205 206 207 209
22 165 170 171 172 174 179 180 182 185 186 193 195 198 199 200 203 204 205 206 208 210 214
20 164 167 172 175 178 180 181 182 185 186 187 193 194 195 197 203 204 208 211 213
21 165 166 168 171 174 178 179 180 182 184 188 192 195 198 199 203 204 205 207 211 214
35 164 166 167 169 170 172 173 174 175 176 179 180 182 183 184 185 186 187 188 189 190 192 193 195 196 197 202 203 204 205 207 209 210 213 214
19 174 177 179 182 183 184 185 186 189 191 192 195 199 203 204 205 206 208 211
34 164 165 167 168 170 171 172 173 174 175 177 178 181 182 183 185 186 187 188 189 190 192 194 196 197 199 200 202 203 206 207 208 211 214
32 164 166 167 168 170 171 172 175 176 178 179 181 183 184 186 187 188 189 193 194 195 198 199 201 202 203 204 205 207 209 211 214
20 165 170 172 173 175 176 179 181 186 189 190 194 195 198 201 202 205 206 207 210
33 165 166 169 170 172 174 176 177 178 179 181 183 184 186 188 189 190 192 193 194 195 196 198 199 200 201 202 203 206 208 209 210 212
33 164 165 166 169 170 171 172 173 174 175 182 183 184 185 186 188 190 191 192 194 195 197 198 199 200 201 203 205 207 209 210 213 214
19 165 166 168 170 174 176 182 190 191 192 196 197 202 203 205 207 209 212 214
16 166 172 173 177 178 179 180 183 186 189 190 196 198 206 211 213
22 164 165 167 170 173 176 177 178 184 187 191 192 201 202 203 204 205 206 208 209 212 213
21 167 168 170 173 177 178 179 181 182 183 185 190 193 194 195 198 200 209 210 211 213
20 164 165 166 168 170 173 174 175 177 179 183 189 196 197 203 204 206 209 212 214
24 165 167 173 176 179 181 182 184 185 187 188 189 191 193 194 197 198 199 201 202 203 204 205 214
19 165 167 172 174 175 176 181 186 187 190 195 197 198 200 201 207 211 212 213
17 165 169 174 176 177 179 180 182 191 193 197 198 200 206 207 208 214
34 164 165 168 170 171 174 175 176 177 180 181 185 186 187 188 189 190 191 192 193 194 195 196 198 200 202 203 205 206 210 211 212 213 214
33 164 165 166 167 169 170 171 172 174 175 176 179 180 181 182 184 185 187 189 191 192 193 194 195 197 198 199 201 202 204 207 212 213
32 164 165 169 170 171 172 174 175 176 178 180 182 183 184 188 190 191 192 193 196 197 199 200 201 202 205 206 209 210 211 213 214
17 175 185 187 189 190 191 195 197 198 200 204 207 208 210 212 213 214
17 166 167 170 172 183 185 187 193 194 198 199 200 202 205 207 211 212
28 164 165 166 167 174 178 179 183 186 187 188 189 192 193 194 195 197 198 199 200 201 202 204 206 210 212 213 214
26 166 167 173 175 176 177 178 183 187 190 191 192 194 195 197 198 199 200 201 203 204 205 208 210 211 214
28 165 166 167 168 169 172 174 177 178 179 180 183 188 189 190 191 192 193 195 197 199 202 203 206 207 211 212 214
30 164 165 166 167 168 169 170 173 177 178 179 181 182 183 184 185 186 188 190 191 193 195 196 200 202 204 208 209 213 214
17 166 172 174 175 177 178 182 184 189 191 194 199 203 204 207 209 211
26 164 166 169 170 171 172 174 177 178 179 182 185 190 191 192 195 196 198 199 200 204 205 206 208 210 213
34 164 166 167 168 171 172 174 176 177 179 180 182 183 184 185 186 187 188 189 190 191 192 195 196 197 199 200 202 203 204 206 209 210 213
35 164 165 166 167 168 170 171 173 174 175 178 179 180 183 184 186 187 188 189 191 195 196 197 198 199 200 201 204 205 208 209 210 211 212 214
19 164 165 168 173 178 181 184 187 188 191 193 200 202 203 205 207 211 212 213
17 168 170 175 178 180 181 184 189 190 191 193 195 196 197 201 204 209
24 164 168 172 173 175 177 178 182 183 184 186 190 191 195 198 199 204 205 208 210 211 212 213 214
29 165 167 169 171 172 173 174 176 179 180 181 182 183 185 186 187 188 189 194 196 198 199 201 204 206 208 209 210 214
29 164 167 168 169 171 172 173 175 177 180 181 182 183 185 187 188 190 191 194 195 197 200 201 203 206 207 209 211 213
16 164 166 169 172 176 178 180 185 186 195 198 199 202 206 209 211
24 168 171 173 174 175 176 178 179 180 184 185 187 188 192 195 196 197 198 202 205 209 211 213 214
32 164 167 169 170 171 172 173 174 175 178 180 181 183 184 185 187 189 190 191 192 193 195 196 199 200 204 206 210 211 212 213 214
32 165 169 170 171 172 175 176 179 180 183 185 187 188 189 190 191 194 196 197 198 199 200 201 203 204 206 207 209 210 211 212 213
17 169 172 175 178 182 186 188 190 195 196 198 199 201 204 211 212 214
33 165 166 167 172 173 174 175 176 177 178 179 180 181 182 184 185 187 190 191 193 194 197 198 201 202 205 206 207 208 209 210 212 214
33 164 167 168 169 170 172 173 174 175 176 177 179 180 183 184 185 186 187 188 189 193 195 198 200 202 203 204 205 207 208 209 210 213
19 166 168 171 172 173 174 176 178 179 180 182 183 188 195 197 201 207 210 211
35 164 166 167 169 171 173 174 176 177 178 180 181 183 184 186 187 188 190 191 192 193 194 195 196 197 198 199 200 201 205 206 207 208 209 214
30 164 165 166 167 169 172 173 174 176 178 181 182 183 184 186 187 190 191 194 195 197 199 200 202 204 207 208 209 210 213
27 164 166 168 170 171 172 174 175 176 177 178 180 182 183 184 185 187 190 196 197 198 202 204 207 209 212 213
30 164 165 166 167 168 169 173 174 175 178 179 180 183 186 187 192 193 194 195 196 198 199 200 203 205 206 210 211 212 213
31 164 166 167 168 169 170 172 176 178 180 181 182 183 184 185 186 187 188 189 194 196 197 198 199 200 201 202 205 208 209 211
22 164 166 167 169 170 171 175 176 178 179 182 185 187 188 190 193 195 198 199 204 208 210
34 164 167 168 169 171 172 173 174 176 177 178 179 182 187 190 191 193 194 195 196 197 198 199 200 201 202 203 204 205 208 211 212 213 214
28 168 169 171 172 173 176 177 178 179 181 182 183 184 185 186 189 191 192 195 197 201 202 204 205 206 208 212 213
20 164 166 172 173 174 180 182 186 187 190 191 192 193 197 199 201 202 204 211 214
24 165 166 168 171 174 175 178 179 180 181 182 183 186 187 188 190 191 192 193 194 196 204 205 206
15 165 170 172 175 178 179 189 191 195 197 198 199 200 207 213
17 165 166 167 169 173 175 176 178 181 183 184 185 186 197 201 207 209
30 164 165 166 168 170 171 173 174 175 177 178 179 184 185 186 187 189 191 193 194 195 196 197 198 199 201 203 204 208 209
29 164 166 168 169 170 171 172 173 176 178 179 183 185 186 187 189 191 192 194 197 198 199 201 203 205 207 212 213 214
27 165 167 168 169 170 171 174 175 179 180 182 184 185 192 193 196 197 198 199 200 204 205 208 209 210 211 214
25 166 168 170 171 172 173 180 182 183 184 186 187 188 195 196 198 200 201 202 205 206 207 208 209 210
20 164 167 169 171 172 175 178 180 181 182 184 185 187 190 191 195 201 202 210 212
16 167 171 176 180 182 183 184 186 190 193 194 196 198 203 206 209
26 166 167 168 172 174 175 176 178 179 180 182 184 185 187 190 192 196 199 200 202 203 204 208 209 210 212
22 165 167 168 174 175 179 180 184 186 191 192 196 197 198 200 202 204 205 207 209 210 212
32 165 166 168 171 173 176 177 178 180 181 182 183 185 188 189 190 191 192 193 194 195 196 197 198 200 201 202 205 206 210 212 213
30 164 168 169 171 173 174 175 177 178 179 180 181 183 185 188 190 192 194 195 197 198 199 200 202 203 204 205 206 210 212
27 164 165 166 173 174 175 177 181 183 186 187 188 191 193 194 195 196 197 199 201 203 204 206 207 209 212 213
21 165 168 170 174 179 182 183 184 187 192 194 196 198 201 202 203 206 207 208 210 211
18 164 165 167 168 170 171 172 174 180 184 186 189 194 199 202 211 212 214
27 165 167 168 169 170 171 172 175 178 180 181 185 186 188 189 190 191 194 197 198 202 204 207 208 210 213 214
18 165 169 170 171 173 174 178 179 180 183 198 200 201 205 208 209 211 213
17 165 166 167 169 171 172 173 176 179 182 184 196 199 205 208 212 214
21 166 170 172 173 177 180 183 185 187 188 190 193 196 200 201 203 206 209 211 212 214
21 170 172 175 177 179 180 181 184 186 187 188 191 192 193 194 196 205 209 210 212 214
28 164 169 171 173 174 178 181 182 183 184 186 187 193 195 196 197 198 199 203 204 206 207 208 209 211 212 213 214
25 167 170 171 172 173 174 179 180 182 183 184 187 191 193 194 195 197 198 199 201 203 206 208 210 211
28 164 165 168 169 172 173 175 177 178 181 183 184 185 187 189 190 191 193 199 201 202 204 205 206 207 209 210 211
31 165 166 167 168 169 170 172 175 177 178 179 183 184 185 186 187 190 191 192 193 194 195 196 199 200 202 203 205 208 210 214
16 164 165 168 169 171 173 175 180 186 190 192 194 203 205 211 213
20 164 168 170 174 178 181 182 183 185 187 189 192 194 199 200 201 202 204 209 213
21 164 166 167 170 171 177 178 180 181 183 187 189 191 192 195 198 201 207 209 210 214
20 165 166 170 171 172 178 183 184 187 188 190 192 193 194 202 206 208 210 211 213
34 164 165 167 168 172 173 174 177 178 180 182 183 185 186 187 190 191 192 195 197 198 199 200 201 202 204 205 207 208 209 210 211 212 213
33 164 165 166 167 169 170 171 172 174 178 181 183 184 185 189 191 192 193 194 195 196 198 199 200 201 204 205 206 208 209 211 212 213
26 164 166 169 172 173 174 175 176 178 179 183 185 186 187 189 190 193 195 196 197 199 205 206 208 209 211
24 164 167 169 171 172 173 174 175 176 177 178 179 181 190 193 195 196 197 198 201 205 206 211 213
31 168 169 170 171 172 173 174 175 177 178 180 182 183 184 189 190 191 192 193 195 196 200 201 202 203 204 205 207 210 211 214
28 165 166 167 168 170 171 174 175 180 181 182 185 186 191 192 194 197 201 202 203 204 206 208 209 210 211 212 213
34 164 165 167 168 169 171 172 173 174 175 178 180 181 183 184 185 186 189 190 191 194 195 196 199 200 201 202 204 205 206 208 209 211 214
23 165 170 172 173 174 175 176 177 181 182 183 186 187 192 193 195 196 198 205 206 209 210 214
26 165 170 172 173 174 178 179 182 183 186 189 190 191 192 193 194 197 198 199 200 201 204 207 209 211 214
18 170 174 177 180 182 183 184 187 188 189 190 191 193 196 201 203 206 212
21 164 165 171 174 175 176 179 180 185 187 189 190 191 194 199 202 204 207 208 209 211
30 164 166 168 170 171 173 175 176 179 181 182 184 185 186 187 188 189 192 194 195 198 199 200 202 203 206 208 210 211 212
21 165 167 168 170 171 182 183 184 186 187 188 189 191 195 199 201 205 207 209 210 212
34 164 165 166 167 168 169 170 173 174 175 176 177 182 183 184 186 187 190 193 195 196 197 198 200 201 202 204 205 206 208 210 211 212 214
27 166 168 172 173 174 176 178 179 180 182 185 188 190 191 194 195 196 199 200 201 204 209 210 211 212 213 214
16 169 171 173 176 179 181 183 185 188 191 193 195 196 198 208 210
30 164 165 167 170 172 173 175 176 177 179 180 185 186 187 188 192 194 195 196 198 200 201 203 204 205 206 210 211 212 213
34 164 165 168 170 172 173 177 178 180 181 182 183 184 187 188 190 193 194 195 196 197 198 200 202 204 205 207 208 209 210 211 212 213 214
28 164 165 166 168 169 170 171 172 173 174 175 176 179 180 184 186 190 191 192 198 199 202 203 207 208 209 210 211
17 165 173 175 184 187 191 192 193 195 196 197 198 201 203 206 210 212
