200 1661
70 1 2 3 4 5 6 7 8 9 10 11 12 13 14 15 16 17 18 19 20 21 22 23 24 25 26 27 28 29 30 31 32 33 34 35 36 37 38 39 40 41 42 43 44 45 46 47 48 49 50 51 52 53 54 55 56 57 58 59 60 61 62 63 64 65 66 67 68 69 70
29 1 3 7 12 13 14 15 17 25 26 30 31 32 33 34 37 38 42 43 45 46 48 50 51 58 60 62 64 69
39 1 4 5 6 7 10 11 13 15 16 20 22 23 24 25 26 27 28 31 32 33 36 39 42 43 46 50 51 52 53 57 58 59 61 64 66 67 69 70
45 1 4 6 7 8 9 11 12 13 16 17 18 19 20 21 22 23 24 25 29 30 31 32 33 36 38 39 40 41 42 45 46 48 49 51 53 55 58 59 61 62 63 65 66 68
34 1 4 7 8 10 12 13 14 17 19 21 23 24 26 27 28 31 36 38 39 42 43 46 47 50 52 53 54 56 61 62 65 67 69
33 2 4 5 9 10 12 13 16 18 22 23 25 26 27 33 34 35 38 39 45 46 48 50 53 57 59 61 62 63 64 66 68 70
30 4 5 6 8 13 14 18 21 23 28 29 30 32 35 36 40 42 43 45 47 48 49 51 54 57 59 60 63 66 67
43 2 3 4 6 7 8 9 10 12 13 15 19 21 22 24 28 29 31 32 33 35 40 42 44 45 46 48 49 50 52 53 54 55 57 58 59 61 62 63 64 65 69 70
40 1 2 3 5 8 9 10 13 15 17 18 20 21 26 27 28 30 33 34 35 36 39 42 43 44 47 48 49 50 55 56 58 60 61 62 63 64 65 66 67
51 1 3 5 6 7 8 9 10 11 14 16 17 18 19 21 22 23 24 25 26 27 28 29 30 33 36 37 41 42 43 45 46 47 49 50 51 52 53 54 56 57 58 59 61 62 63 64 66 68 69 70
39 1 3 4 6 7 9 10 11 12 14 15 19 20 21 23 25 28 31 35 36 37 39 41 44 45 46 47 50 51 53 55 56 57 60 61 66 67 69 70
38 2 4 8 9 11 12 13 14 16 17 19 21 22 24 25 26 28 29 31 33 36 38 39 40 41 43 48 49 53 55 58 59 60 62 64 66 67 70
34 1 2 4 5 6 8 11 12 14 16 18 19 22 24 27 28 29 31 33 34 35 38 45 46 49 52 53 58 61 64 65 67 69 70
49 2 3 4 5 7 8 9 12 13 14 15 16 17 19 20 21 22 24 25 27 28 29 30 31 32 33 34 35 39 40 42 44 45 46 47 52 54 55 56 57 59 60 61 62 63 64 67 68 69
25 4 5 7 9 14 17 18 27 28 30 32 37 42 48 49 50 53 56 59 60 62 63 65 66 67
25 1 3 9 11 14 16 17 18 19 21 26 27 28 29 31 32 42 48 50 54 61 65 67 69 70
35 7 10 11 13 14 17 18 20 21 22 23 24 29 34 35 37 39 40 41 42 43 44 45 46 47 49 50 51 52 54 56 60 63 65 67
54 1 2 3 4 5 6 8 10 11 12 13 14 16 17 18 20 21 22 24 25 26 27 28 29 30 31 32 33 34 35 36 37 39 40 41 42 43 45 46 47 48 49 50 52 53 54 58 59 62 64 65 66 67 70
29 2 7 13 16 17 18 24 29 30 32 33 34 35 36 38 39 40 41 43 44 47 48 49 51 52 60 62 63 65
31 1 7 8 9 10 11 17 18 20 22 23 24 25 26 28 30 32 33 35 38 41 50 51 52 53 54 56 59 62 65 69
45 1 2 3 4 5 6 7 10 11 15 16 18 20 21 22 23 24 25 26 27 28 29 30 33 35 36 39 40 41 44 48 49 51 52 54 55 58 59 61 64 65 67 68 69 70
41 2 3 4 6 7 8 11 12 13 16 18 19 21 24 26 27 29 30 31 35 36 38 39 40 43 44 45 46 47 48 52 55 57 59 60 64 65 67 68 69 70
23 1 2 4 5 7 9 16 18 20 29 36 37 38 42 43 44 45 55 56 61 64 65 66
44 2 3 5 6 7 9 10 15 16 17 18 21 22 23 25 26 27 28 31 32 33 34 35 36 38 39 40 43 46 50 51 52 53 54 55 56 58 62 63 64 65 66 67 68
48 2 3 4 6 7 10 12 13 14 15 17 20 21 22 23 24 26 27 28 30 31 33 36 38 39 40 41 42 43 44 45 46 48 49 50 53 55 56 57 59 60 61 62 65 66 67 68 70
21 2 3 6 7 8 9 12 17 26 27 31 32 34 37 41 42 43 45 56 60 65
37 1 7 8 10 13 14 17 19 20 22 25 28 29 30 31 34 36 38 39 40 41 43 44 45 46 47 49 52 54 55 56 57 60 62 63 66 67
36 1 2 5 8 16 19 26 28 29 30 33 34 35 36 39 40 42 43 44 45 46 47 49 52 53 54 56 58 59 61 63 64 65 66 68 70
40 1 3 5 6 9 10 12 13 14 16 17 18 19 22 23 27 28 29 30 31 32 37 39 40 41 45 46 48 50 54 56 58 59 60 63 64 65 66 67 68
43 2 4 6 7 8 14 16 18 21 22 24 27 28 30 31 32 33 34 36 37 38 39 40 41 42 48 49 50 51 53 56 57 58 59 60 62 63 64 66 67 68 69 70
40 1 2 3 8 9 10 12 14 15 16 17 18 20 22 24 25 26 32 33 34 37 38 39 40 41 42 45 46 47 53 54 55 56 57 58 59 60 63 66 68
27 71 72 73 74 75 76 77 78 79 80 81 82 83 84 85 86 87 88 89 90 91 92 93 94 95 96 97
11 76 77 80 82 84 86 90 92 93 95 96
19 72 73 75 76 77 78 80 81 84 85 86 87 88 89 90 91 92 95 96
19 71 73 77 78 79 80 82 85 86 87 88 89 90 91 92 93 95 96 97
18 72 75 76 77 78 80 82 83 84 85 86 87 89 92 93 94 95 97
19 71 72 73 74 75 76 77 78 79 81 82 84 87 89 90 91 92 94 96
18 72 73 74 76 77 78 79 80 81 83 85 87 88 90 91 92 95 97
19 71 72 74 77 78 79 80 82 83 84 85 86 89 90 91 93 95 96 97
13 72 74 76 78 80 81 83 84 85 88 90 93 96
16 72 74 75 76 78 79 81 82 83 84 89 92 93 95 96 97
14 73 74 77 79 81 84 86 88 89 90 91 93 95 97
11 73 77 78 81 84 88 89 90 93 95 97
18 72 73 76 78 80 83 85 86 87 88 89 90 91 92 93 94 95 96
18 71 73 74 76 77 78 80 82 85 86 87 89 91 93 94 95 96 97
11 72 75 76 77 79 80 82 88 92 96 97
9 76 79 80 83 85 87 89 90 97
9 76 84 86 89 91 94 95 96 97
16 71 72 74 76 81 83 84 85 87 90 91 92 93 94 96 97
16 71 72 74 75 77 78 79 80 81 82 86 87 90 92 93 96
15 73 74 75 76 78 79 80 82 83 87 92 93 95 96 97
16 72 74 76 77 78 79 80 81 82 84 85 87 90 93 95 96
16 71 72 73 74 75 78 80 81 83 84 86 87 89 90 92 96
12 71 72 73 77 79 80 81 82 83 88 91 97
9 71 72 76 78 82 86 87 90 97
8 72 77 79 81 89 90 91 95
16 72 80 81 82 83 84 86 87 88 89 91 92 93 94 95 96
12 71 77 78 80 82 83 84 89 91 94 95 97
11 72 78 79 81 82 83 85 86 90 92 96
11 71 72 74 81 83 85 86 90 91 92 93
12 76 77 78 79 82 85 86 87 89 91 92 95
13 71 73 74 75 77 78 80 81 88 89 91 92 96
9 72 77 78 85 88 89 90 95 96
19 72 73 74 75 76 78 79 80 82 83 84 86 87 88 89 92 94 95 96
12 72 73 74 80 81 83 84 85 86 87 91 93
9 71 75 79 80 82 85 94 95 96
21 71 72 74 76 78 79 80 81 82 84 85 86 87 88 89 90 92 93 94 96 97
17 71 72 73 74 79 80 82 83 86 87 88 90 91 92 93 94 96
21 71 73 75 76 77 78 80 81 82 85 86 87 89 90 91 92 93 94 95 96 97
15 71 72 73 76 77 79 81 84 85 86 88 91 92 93 97
14 71 72 75 79 80 81 82 83 84 85 90 92 93 94
19 71 72 74 75 76 77 78 82 84 86 87 88 89 91 92 93 94 95 97
10 75 77 78 80 82 83 87 88 90 94
9 74 79 81 84 85 89 90 96 97
13 71 72 73 76 78 79 81 83 85 89 91 94 96
12 73 74 75 80 81 82 84 87 93 95 96 97
13 71 72 73 74 75 76 77 79 83 84 87 91 96
18 72 73 74 76 78 79 81 82 83 84 85 86 87 90 92 94 95 97
17 71 72 73 74 76 77 78 79 80 81 83 88 89 90 94 95 97
16 71 72 74 75 77 78 80 81 83 85 87 88 89 90 95 96
15 71 73 75 78 79 81 85 86 87 88 89 90 94 95 96
11 71 73 74 79 81 84 86 88 90 91 96
15 71 72 74 77 78 83 85 86 88 90 91 92 93 95 97
14 71 72 73 74 75 76 77 80 83 85 89 92 95 96
9 71 72 74 76 78 81 90 93 97
21 71 72 74 75 79 80 81 82 83 85 86 87 88 90 91 92 93 94 95 96 97
18 71 72 73 75 76 80 81 83 84 85 87 88 89 92 94 95 96 97
13 73 75 76 79 80 81 82 84 85 86 87 88 89
20 73 74 76 77 78 80 81 82 84 86 87 88 90 91 92 93 94 95 96 97
19 71 72 73 74 75 78 79 80 83 86 87 88 91 92 93 94 95 96 97
16 72 76 77 78 79 80 82 85 87 88 89 90 92 94 95 97
13 71 74 78 79 80 81 82 87 89 90 91 92 97
20 73 75 77 78 79 80 82 83 85 86 87 88 89 91 92 93 94 95 96 97
11 71 78 81 83 85 89 91 92 93 95 97
17 71 72 73 74 77 78 81 83 84 85 86 87 90 93 94 96 97
13 71 73 77 79 83 84 85 88 89 90 92 96 97
20 72 74 75 76 77 78 79 80 82 83 84 85 86 87 88 89 90 91 92 97
14 71 72 75 76 79 80 82 83 84 86 87 91 95 97
16 72 74 76 77 78 81 82 83 85 86 89 90 91 92 94 95
21 71 74 76 77 79 80 81 82 83 84 85 87 88 89 91 92 93 94 95 96 97
19 73 74 75 76 79 80 81 82 83 84 86 87 88 90 91 92 94 95 96
14 72 73 75 76 77 82 83 84 85 86 87 88 89 93
53 98 99 100 101 102 103 104 105 106 107 108 109 110 111 112 113 114 115 116 117 118 119 120 121 122 123 124 125 126 127 128 129 130 131 132 133 134 135 136 137 138 139 140 141 142 143 144 145 146 147 148 149 150
27 99 100 101 103 106 110 111 113 114 116 118 119 121 123 124 125 126 127 129 131 133 135 137 138 139 144 145
34 98 99 101 102 103 106 108 112 113 114 115 117 118 120 121 124 125 126 127 128 129 131 132 133 134 135 136 137 138 139 142 143 146 148
23 99 100 101 104 106 108 109 111 113 114 115 122 123 124 126 129 132 135 136 140 142 143 149
26 100 101 102 104 105 109 113 114 116 117 121 122 123 125 127 128 129 131 133 134 136 137 140 142 144 150
24 98 99 101 103 106 113 115 117 119 120 121 122 123 124 126 127 132 137 138 139 142 146 148 150
33 98 99 101 102 104 105 106 107 108 109 110 114 115 118 119 122 124 125 126 128 130 132 133 134 135 137 138 139 141 142 146 149 150
40 99 100 101 102 103 104 105 106 107 108 109 110 111 112 114 115 118 119 124 126 129 130 131 132 133 134 135 136 137 139 140 141 142 143 144 146 147 148 149 150
29 102 103 104 105 108 110 112 115 117 118 119 120 121 122 123 124 126 132 133 134 136 138 139 140 143 144 145 146 148
21 103 105 106 107 109 110 111 113 114 115 119 126 129 130 131 133 140 143 145 146 147
32 98 100 101 104 105 107 109 110 111 112 115 118 119 120 122 123 125 126 127 128 129 130 133 134 135 137 138 140 142 145 146 149
34 98 99 103 104 105 106 107 109 110 112 113 114 115 117 119 122 123 124 125 127 128 130 131 136 137 138 139 141 144 145 146 147 148 149
36 98 99 100 101 104 105 106 107 109 110 111 112 113 118 120 121 122 123 124 126 127 128 130 131 134 137 138 141 142 143 144 145 146 148 149 150
23 98 102 103 104 107 111 113 114 116 117 120 124 129 133 134 135 137 143 144 145 147 149 150
17 100 104 106 117 118 120 127 129 131 132 134 136 137 140 142 144 147
20 99 102 105 108 109 110 111 117 118 120 124 125 130 133 135 137 140 146 148 149
23 101 102 105 106 108 110 111 114 115 121 125 126 127 128 136 138 140 141 142 143 144 145 146
38 98 100 102 103 104 105 107 109 111 113 114 115 116 117 118 119 120 121 122 124 125 127 128 129 130 133 134 135 136 137 138 139 140 143 144 145 146 147
29 101 102 104 106 109 110 113 117 119 120 124 126 128 130 133 134 136 137 138 139 140 141 142 143 144 145 146 148 149
25 103 106 109 110 112 113 117 118 122 125 126 127 129 133 134 135 137 138 139 141 143 144 145 146 149
22 98 99 100 104 107 112 114 116 117 120 122 127 130 132 133 135 136 145 147 148 149 150
42 98 99 100 103 104 105 106 107 108 109 111 112 113 114 115 117 118 119 120 121 122 123 124 125 126 128 129 130 132 133 135 136 137 138 139 140 141 142 144 145 146 149
25 98 101 106 107 108 109 111 112 113 117 119 121 122 124 125 128 129 132 134 137 143 146 147 148 149
17 100 109 113 115 116 118 119 122 126 129 131 132 133 135 141 143 148
29 99 100 101 102 104 106 107 108 111 113 115 116 118 119 124 125 130 131 133 135 136 137 140 141 143 144 148 149 150
41 98 99 100 101 102 103 104 105 106 107 108 109 114 115 116 117 118 119 120 121 122 123 124 125 126 127 130 133 134 136 137 138 139 141 142 143 144 147 148 149 150
23 98 100 101 102 103 107 111 112 114 115 116 120 123 124 128 130 131 133 134 141 142 143 146
39 98 100 103 104 106 107 108 109 110 111 112 113 114 115 116 117 118 119 123 124 125 126 127 128 130 131 132 133 134 136 137 138 140 141 143 144 146 148 150
17 98 99 102 105 108 114 116 119 122 125 128 131 136 137 139 146 147
34 102 104 105 106 107 108 109 110 111 112 113 118 119 121 122 123 124 126 127 129 130 131 132 135 139 140 141 143 144 145 146 147 149 150
19 99 103 112 113 116 118 121 123 124 131 138 139 140 141 144 145 146 147 148
35 99 100 101 107 108 110 114 115 116 117 118 119 122 123 125 126 128 129 130 132 133 135 136 137 138 139 140 141 142 143 145 147 148 149 150
23 98 100 101 102 105 107 112 117 124 126 127 128 129 130 134 136 137 138 142 143 147 148 149
20 101 103 105 106 107 108 113 121 122 123 124 125 129 131 135 136 140 141 145 150
31 98 100 101 106 107 108 110 111 112 113 116 117 118 119 120 121 122 124 125 126 128 130 131 133 136 140 141 143 144 147 149
30 99 100 102 104 105 107 108 109 110 111 112 113 114 115 118 119 120 121 124 127 132 133 136 137 138 139 140 144 147 149
22 99 101 102 103 108 111 112 113 114 115 116 117 118 119 124 128 133 134 139 142 148 150
25 98 100 101 106 109 110 111 112 115 118 121 123 126 127 129 131 136 139 140 141 144 145 147 148 150
41 98 99 100 101 102 103 104 107 108 110 111 114 115 116 117 118 119 120 121 122 123 124 125 126 127 128 129 130 131 132 135 136 139 142 143 144 145 146 147 149 150
41 98 99 100 102 105 106 107 108 109 110 111 113 114 115 116 117 118 119 121 122 123 124 125 126 127 128 129 131 134 137 138 139 141 142 143 144 145 146 147 148 150
27 98 101 102 103 106 109 112 114 117 119 121 122 123 124 125 129 130 134 136 139 141 142 144 146 147 148 150
23 98 99 100 101 105 106 108 109 112 114 120 121 123 124 127 128 130 132 138 139 140 144 149
22 98 100 101 102 106 108 109 111 113 114 117 120 123 126 129 130 132 135 140 145 146 150
17 99 103 106 109 115 117 118 119 120 124 126 132 134 138 143 147 149
38 98 99 101 102 103 104 105 109 111 112 114 115 116 119 120 121 122 123 124 125 126 127 129 131 132 134 135 136 139 140 141 143 144 145 146 147 149 150
26 99 100 104 105 106 107 109 111 113 114 115 117 118 119 120 124 126 127 130 131 133 138 141 142 145 146
17 105 107 110 114 115 116 117 119 121 122 123 135 137 143 147 148 149
32 101 102 103 104 107 109 110 111 112 113 116 118 119 120 121 124 125 126 127 128 129 130 131 136 137 139 140 141 144 145 146 149
40 98 100 101 103 105 106 107 108 110 111 112 113 114 115 116 117 119 120 121 122 124 126 127 128 129 130 131 132 133 135 136 139 140 141 142 143 144 146 147 150
35 98 100 102 103 105 106 107 109 111 112 114 115 117 118 119 121 123 124 125 126 127 128 129 133 135 136 137 140 141 143 144 145 146 148 149
41 98 99 100 102 104 105 106 107 108 109 110 111 112 119 120 121 122 123 124 125 126 127 128 129 130 131 132 133 134 135 136 138 139 140 141 142 143 144 146 147 148
21 98 99 102 106 108 113 115 118 122 123 130 132 133 134 135 137 141 144 145 146 148
35 98 99 100 101 102 104 106 107 109 112 113 114 116 117 118 119 120 121 123 125 126 132 133 135 136 137 138 139 141 145 146 147 148 149 150
38 98 99 100 101 102 103 104 105 106 107 108 109 110 111 113 114 119 120 121 122 123 124 125 127 129 130 131 134 135 137 138 139 141 142 143 144 149 150
17 98 101 102 105 108 114 115 116 117 126 134 137 140 143 145 146 147
21 98 100 103 104 105 107 115 119 120 121 127 129 130 138 139 141 142 143 144 146 149
36 98 101 102 103 104 105 107 108 109 111 112 113 114 116 119 120 121 122 126 127 128 129 130 132 133 134 137 139 140 143 144 145 146 147 149 150
25 99 100 101 103 104 105 106 107 111 112 114 115 122 124 127 129 131 135 138 140 141 142 145 147 150
27 102 103 105 106 108 109 110 111 115 116 118 119 120 122 123 126 129 131 132 136 137 138 139 142 147 148 149
5 155 162 165 167 170
3 153 154 169
6 151 156 157 159 163 168
4 152 159 165 168
14 152 153 155 156 157 159 160 161 162 165 166 167 168 169
15 151 152 153 155 156 157 159 163 164 165 166 167 168 169 170
9 153 154 159 160 161 162 163 165 167
4 151 157 161 163
12 151 152 155 158 159 160 163 164 166 168 169 170
4 153 156 161 167
5 152 159 162 163 164
6 152 157 158 160 166 167
8 156 157 159 162 163 168 169 170
6 153 163 164 167 169 170
6 157 159 163 165 167 169
7 151 152 159 160 166 168 170
16 151 152 154 155 157 158 159 160 161 162 163 164 166 168 169 170
6 151 156 160 161 166 170
7 151 153 155 160 161 162 167
4 151 155 158 166
5 152 160 164 166 170
4 155 162 163 169
10 151 154 155 156 157 161 162 163 167 169
6 154 161 162 164 165 166
17 151 152 153 154 155 157 158 159 160 161 162 163 164 166 167 168 170
10 153 154 155 157 158 160 163 164 167 170
4 153 154 164 165
4 153 156 165 167
4 153 167 168 169
3 155 156 163
10 151 153 154 156 159 160 161 163 165 170
9 151 152 155 156 160 161 162 166 169
13 152 154 156 157 158 159 163 164 165 166 168 169 170
5 160 161 162 168 170
10 151 152 156 159 161 162 165 166 168 169
10 153 154 156 157 160 161 165 166 168 170
3 151 158 160
2 152 159
6 151 154 160 163 169 170
14 151 152 154 155 156 157 158 159 160 161 162 165 166 168
8 155 156 160 162 163 166 168 169
7 152 153 154 155 160 161 165
2 158 169
3 153 163 170
4 153 154 156 160
5 154 155 157 158 165
2 164 166
8 152 155 157 158 162 167 168 169
8 151 152 153 154 155 157 159 166
6 151 155 162 163 164 167
6 151 154 158 163 164 170
4 154 157 162 165
5 152 153 158 160 169
2 159 167
10 152 153 158 159 160 164 165 166 168 170
7 156 158 163 164 165 167 169
6 152 161 162 164 168 170
14 152 153 155 156 157 158 159 161 162 164 165 166 167 168
4 152 153 157 160
9 153 154 156 157 161 164 166 167 170
8 155 156 158 159 162 165 167 168
13 153 154 155 156 157 158 161 162 163 164 165 167 169
6 154 157 158 164 165 168
7 151 158 159 167 168 169 170
3 156 165 169
11 151 152 155 156 157 158 164 166 168 169 170
14 151 153 154 155 156 159 161 162 163 164 165 168 169 170
5 151 158 164 166 167
5 154 158 160 161 162
4 154 161 164 166
8 151 152 157 158 159 161 167 170
1 159
8 152 153 158 159 160 165 166 168
5 152 155 157 159 166
2 161 164
2 153 169
4 151 164 166 167
4 155 160 162 169
5 154 161 162 164 166
2 153 167
5 151 155 160 162 166
2 152 165
4 151 160 169 170
5 153 155 160 162 167
4 152 153 154 157
6 152 155 157 158 168 169
2 156 165
10 152 154 155 157 158 159 161 164 168 170
4 152 161 162 164
2 167 169
4 154 158 164 165
11 151 152 154 155 157 158 159 161 162 167 170
3 152 153 161
8 153 156 157 160 161 165 168 170
5 153 163 164 167 170
2 153 163
4 151 155 162 164
4 155 156 166 169
3 158 164 168
4 153 154 160 161
1 166
1 167
5 151 156 157 159 163
8 151 154 156 161 162 163 167 169
2 155 158
2 151 163
4 153 161 166 170
3 152 160 166
7 155 157 158 162 167 168 169
5 156 163 165 167 169
2 153 169
9 151 152 155 156 158 164 168 169 170
4 158 159 165 167
6 152 155 156 160 162 169
4 152 158 160 169
1 158
5 155 162 165 167 168
2 151 166
5 153 154 158 167 170
2 153 158
3 159 162 164
6 151 154 155 157 161 163
4 151 154 163 169
8 152 154 156 159 160 161 162 166
2 151 158
3 159 165 168
2 151 158
2 157 162
4 153 157 164 166
7 151 152 156 158 166 169 170
2 163 169
5 151 156 159 163 168
5 151 159 166 168 170
4 151 155 162 164
2 154 164
4 151 153 161 167
1 169
3 153 156 167
3 163 164 167
2 152 157
5 151 154 158 163 164
5 152 153 154 155 165
4 152 161 164 168
4 152 158 159 167
5 155 160 162 163 168
4 154 161 162 165
4 155 158 162 165
4 159 163 165 169
2 154 157
2 167 168
2 157 161
11 152 153 155 156 157 159 160 161 162 165 167
8 151 152 158 159 160 164 168 170
4 151 164 166 167
15 151 152 153 154 155 157 158 159 160 161 163 164 166 167 168
3 154 165 166
12 153 154 155 159 161 162 163 164 165 168 169 170
2 151 158
6 153 155 158 160 167 170
6 155 156 158 165 167 168
6 156 159 162 163 168 169
4 151 156 160 166
2 153 169
3 158 164 167
4 164 167 169 170
7 153 159 160 161 162 165 167
3 153 154 165
9 152 155 156 157 158 161 164 167 168
5 157 158 164 165 168
1 152
9 152 155 156 157 158 164 166 168 169
5 158 164 165 167 169
3 157 158 164
8 154 155 158 159 160 161 163 170
5 154 161 162 164 165
3 158 160 161
3 157 158 166
3 152 164 166
2 154 166
9 154 155 157 161 162 163 164 165 169
10 151 153 154 159 161 163 166 167 168 170
3 157 162 165
10 153 154 155 157 158 163 164 165 167 169
4 153 164 167 169
3 157 167 169
5 151 152 160 162 166
2 155 170
3 157 163 167
8 152 153 159 160 164 166 168 170
4 151 155 163 164
2 154 161
4 153 156 157 166
6 151 158 159 167 168 170
2 151 166
3 155 163 169
5 154 159 160 165 167
7 151 152 157 159 161 167 170
1 167
4 152 153 154 165
4 155 159 162 168
3 151 155 166
7 153 155 156 157 161 162 167
5 153 158 164 168 170
4 155 163 168 169
6 155 156 159 162 165 167
2 153 169
2 154 165
3 157 158 167
5 151 155 163 164 167
8 151 154 156 159 161 163 165 170
2 157 165
2 154 160
3 162 164 168
4 160 161 162 168
2 154 157
1 159
2 153 167
6 153 154 164 166 167 170
3 152 158 160
8 153 154 157 160 165 166 168 170
5 154 159 161 162 167
3 152 160 170
1 159
4 153 163 164 170
6 151 152 158 159 168 170
2 165 167
4 155 156 162 168
4 151 155 160 162
4 157 159 165 167
3 151 158 166
3 151 158 164
5 154 162 164 165 166
2 153 165
8 153 154 156 159 160 161 165 170
5 158 167 168 169 170
2 151 160
4 153 160 161 165
10 152 154 156 159 164 165 166 168 169 170
8 152 157 158 159 166 168 169 170
4 151 160 161 166
5 162 163 168 169 170
5 152 161 164 168 170
3 161 162 166
8 153 154 160 161 165 166 168 170
7 154 157 158 160 163 164 170
3 151 155 158
2 151 157
2 153 160
4 151 158 166 167
1 158
6 151 152 159 162 165 169
6 152 157 158 159 161 167
6 152 153 159 165 168 170
3 151 157 161
5 151 156 160 166 170
7 155 156 157 158 159 161 167
5 152 153 155 161 165
4 151 159 169 170
2 154 156
3 153 156 167
5 151 155 160 161 167
9 152 155 156 157 164 166 168 169 170
10 152 153 155 157 159 161 162 166 167 169
3 154 164 166
3 151 164 166
5 151 152 155 159 166
3 151 158 170
6 151 158 167 168 169 170
3 160 161 167
5 151 153 155 161 162
7 153 155 156 158 162 164 169
2 154 164
5 153 163 164 169 170
9 151 155 156 157 158 164 166 169 170
3 154 164 166
7 153 154 156 157 161 165 167
5 153 160 161 162 167
2 156 167
2 153 163
6 153 156 157 164 166 167
9 153 156 157 159 161 162 167 168 169
3 155 162 169
6 151 157 158 159 161 167
2 167 170
3 154 158 160
3 158 163 165
5 156 158 163 164 167
4 151 153 157 166
6 152 153 158 160 166 170
9 151 152 157 158 164 166 168 169 170
7 156 157 159 161 162 167 168
5 156 158 159 162 167
5 152 153 160 161 165
2 153 164
7 151 154 157 161 162 167 169
1 166
3 151 154 163
4 163 164 169 170
4 151 163 164 170
6 153 155 157 158 164 167
2 153 154
6 151 153 154 157 159 166
9 154 157 158 159 161 164 166 168 169
2 156 169
4 152 160 164 170
10 152 153 156 157 159 164 165 166 169 170
7 151 154 156 159 161 163 170
2 154 156
3 154 164 166
6 156 158 159 163 164 168
3 151 158 166
4 151 156 161 170
1 152
1 169
2 155 169
1 170
4 154 155 158 165
6 154 156 157 161 162 169
1 160
4 154 157 159 166
2 152 159
4 156 160 163 169
3 155 162 163
6 154 156 159 163 169 170
2 155 162
5 153 154 159 160 161
9 152 153 155 156 157 159 160 162 167
6 152 155 156 160 161 162
9 151 152 155 159 163 164 168 169 170
1 169
1 169
4 157 158 160 167
2 154 161
3 152 157 160
2 156 165
4 151 152 159 170
6 151 159 161 165 168 169
4 156 166 168 169
3 155 162 163
1 166
4 151 157 159 168
2 156 165
3 152 162 164
8 151 155 157 161 162 163 167 169
3 153 158 169
3 156 163 168
6 155 156 160 161 166 169
2 167 169
7 151 152 155 156 157 169 170
10 153 155 156 161 162 163 164 165 167 169
7 151 152 159 163 164 167 168
6 155 162 163 166 168 169
1 154
6 151 152 153 155 159 166
2 155 169
7 153 160 161 162 163 165 167
11 152 155 156 157 159 160 161 162 165 166 167
7 152 158 160 161 162 165 168
3 151 157 163
1 151
1 169
1 167
13 152 153 154 157 158 159 160 161 163 164 166 168 170
5 151 159 168 169 170
7 153 154 159 161 162 163 167
7 154 156 159 160 161 163 170
8 151 155 156 160 161 162 166 169
3 152 158 169
3 152 157 160
4 162 165 167 170
6 151 153 154 159 161 170
8 151 152 155 156 159 164 166 169
2 155 162
7 151 152 155 156 164 168 169
4 154 157 164 168
3 154 156 160
5 152 160 161 162 166
2 154 164
10 151 152 155 156 158 160 161 162 165 166
3 164 165 168
1 159
4 151 154 163 170
8 151 155 161 163 164 165 168 169
7 153 154 159 160 162 165 167
4 155 165 167 170
2 167 168
2 158 160
3 156 161 167
1 166
1 164
1 159
5 151 152 156 166 169
1 166
5 153 164 166 167 170
3 155 162 167
9 151 152 156 163 165 166 167 168 170
4 152 161 164 170
10 151 152 155 158 159 160 163 166 169 170
9 151 152 155 156 158 164 166 169 170
6 152 159 160 166 168 170
3 154 161 166
3 155 158 166
1 158
4 155 158 167 168
8 151 155 158 164 166 168 169 170
7 156 157 159 162 163 168 169
4 152 153 160 169
1 169
3 151 154 170
7 152 155 160 162 167 168 169
7 152 153 154 157 162 165 170
12 151 152 153 156 157 159 163 164 165 168 169 170
6 151 155 160 162 164 170
13 153 154 156 158 159 160 161 163 164 165 166 167 169
12 151 153 156 158 159 161 162 163 164 166 169 170
11 151 152 153 159 161 162 163 165 166 167 170
6 151 154 157 162 163 164
9 154 155 158 159 164 165 166 167 170
13 151 152 153 154 155 156 157 158 159 162 163 164 166
8 151 153 156 160 164 166 167 169
9 151 154 155 156 158 161 162 164 168
13 151 153 154 156 157 158 159 160 165 166 167 168 169
11 151 152 153 154 156 157 160 161 164 169 170
8 151 154 155 157 160 163 164 165
11 152 154 156 160 161 162 163 166 167 168 170
13 152 154 155 156 157 158 159 160 164 166 167 169 170
13 152 153 154 155 157 159 160 162 163 164 165 166 168
8 154 156 157 158 162 163 167 168
11 153 154 155 157 160 161 162 166 167 168 169
7 152 153 154 160 161 169 170
8 156 157 158 160 161 164 165 170
8 151 158 159 161 163 164 166 167
10 151 153 159 160 161 164 167 168 169 170
10 153 154 155 156 158 161 162 163 164 166
10 151 152 154 156 157 158 162 163 164 166
11 151 154 155 157 161 162 164 166 167 169 170
10 151 152 156 157 158 159 160 161 162 166
10 151 154 155 156 159 160 162 163 165 168
7 155 157 158 161 163 167 169
7 151 154 159 162 163 168 170
10 156 157 159 160 161 163 164 165 166 170
10 151 153 156 159 163 164 165 167 168 170
6 152 158 159 163 167 170
10 151 152 154 156 158 162 166 167 169 170
8 156 157 158 159 160 161 164 170
12 152 153 154 160 163 164 165 166 167 168 169 170
13 151 152 154 156 158 159 161 162 163 165 167 169 170
6 153 156 158 159 163 166
11 154 155 156 157 160 161 164 165 166 168 169
12 152 154 156 157 158 159 160 161 162 164 167 170
8 151 153 157 160 161 163 167 169
9 151 158 159 161 163 164 166 168 169
9 152 154 157 160 163 164 167 169 170
11 151 155 156 158 159 164 165 166 168 169 170
8 153 154 155 156 157 158 162 170
9 151 152 154 155 158 159 163 164 168
12 151 152 154 155 157 158 159 160 163 164 166 167
9 151 152 156 157 158 160 167 168 170
6 153 161 165 167 169 170
11 152 154 155 158 159 161 162 163 166 167 168
9 151 153 154 158 161 163 166 169 170
9 152 153 156 157 159 161 162 163 169
13 151 152 154 155 157 158 159 160 161 164 167 168 170
8 152 153 155 157 161 162 163 164
8 151 152 156 157 159 161 162 163
9 151 152 153 155 159 160 166 169 170
10 152 154 155 156 158 160 163 167 168 169
6 158 161 162 165 167 169
9 152 153 155 159 160 163 164 166 170
7 151 152 153 154 156 160 170
11 151 153 155 156 157 160 161 165 168 169 170
7 156 157 158 162 163 167 169
6 158 159 162 163 165 166
8 153 156 157 158 160 162 167 170
10 151 153 154 157 158 165 166 167 168 170
9 151 153 155 157 158 159 162 163 168
13 151 152 153 154 158 161 163 164 165 166 167 169 170
7 151 152 161 165 166 168 169
8 151 152 153 154 163 165 168 169
10 151 153 156 157 158 160 163 165 166 170
8 152 153 154 155 156 158 165 166
11 151 152 160 161 162 163 164 166 167 169 170
8 152 153 157 161 164 168 169 170
6 153 155 156 157 158 164
9 151 153 154 155 158 160 162 164 167
11 151 152 157 159 160 161 162 163 166 168 169
13 154 156 157 158 159 160 162 163 164 167 168 169 170
9 154 155 157 159 161 162 163 164 166
12 152 153 155 156 161 163 165 166 167 168 169 170
10 153 154 155 157 158 159 160 161 165 169
9 151 153 154 156 159 160 163 168 170
8 153 156 157 160 162 163 164 170
10 152 154 156 162 163 165 166 167 168 169
11 152 154 157 159 160 161 163 164 165 169 170
13 152 153 154 155 157 158 160 161 162 163 166 167 169
12 151 152 155 156 158 159 161 162 165 166 167 168
12 152 153 154 155 156 157 160 161 163 166 167 168
9 153 154 160 161 163 165 166 167 170
12 151 152 155 157 158 159 160 164 166 168 169 170
9 152 153 154 156 157 161 163 164 170
8 152 153 160 161 163 165 167 170
12 152 154 158 159 160 161 163 165 166 167 168 170
7 151 153 156 158 160 164 165
6 151 158 160 164 165 169
10 151 154 155 156 157 158 160 161 162 164
11 151 153 154 155 156 158 159 161 166 167 169
6 154 156 157 167 168 169
7 155 156 159 161 162 166 168
8 151 153 155 158 162 164 165 170
7 151 152 156 158 160 163 167
13 151 153 154 157 159 160 161 162 163 164 165 167 170
12 151 152 153 158 159 160 164 165 166 167 168 169
11 152 155 159 160 161 162 164 165 166 167 170
7 153 157 159 163 164 166 168
9 151 152 155 157 160 162 166 167 168
11 152 155 157 160 161 162 164 167 168 169 170
10 151 152 154 157 161 162 163 165 169 170
6 153 157 158 159 162 170
13 152 153 154 155 156 157 160 162 163 166 167 169 170
12 152 153 155 157 158 159 161 163 165 166 167 169
10 151 155 157 162 163 164 166 167 168 170
10 151 152 156 157 158 161 163 165 169 170
12 151 152 153 154 156 159 161 164 167 168 169 170
11 152 153 154 157 159 160 161 163 167 169 170
12 153 154 155 156 157 159 160 161 163 165 168 169
8 156 157 161 162 163 164 165 166
11 151 154 156 157 158 159 162 163 165 166 168
10 152 158 159 163 164 165 166 167 168 170
6 154 159 160 164 166 167
13 151 152 154 155 156 157 159 161 164 167 168 169 170
12 151 156 157 158 159 160 162 164 165 166 169 170
12 152 155 158 159 160 161 162 165 166 168 169 170
11 154 156 157 158 159 162 163 166 167 168 169
10 151 154 155 156 157 163 164 165 166 169
8 153 158 159 160 162 165 166 168
9 151 152 153 154 157 161 164 167 168
7 151 152 154 155 158 162 163
7 155 157 158 160 161 166 168
8 152 155 156 159 162 168 169 170
7 151 158 161 163 164 165 170
8 154 158 159 162 164 165 166 167
7 151 152 156 161 162 166 168
10 152 156 157 159 160 162 164 165 169 170
9 151 153 154 155 160 163 165 168 169
8 151 152 154 155 158 160 161 170
11 151 153 157 158 159 160 161 165 166 169 170
8 151 158 160 162 164 165 166 168
8 153 157 159 160 162 164 169 170
8 151 152 155 156 160 161 162 170
13 152 153 154 155 156 157 159 162 163 165 166 167 168
7 151 152 153 156 161 165 167
12 152 154 155 157 158 161 162 163 167 168 169 170
9 154 155 157 160 163 164 166 167 168
7 154 159 160 161 165 166 167
12 153 154 155 158 159 162 163 164 166 168 169 170
13 151 153 154 155 156 157 158 160 164 167 168 169 170
13 151 155 156 157 158 159 161 162 163 165 166 167 168
7 153 157 158 160 161 167 169
11 151 152 153 154 157 159 160 166 167 168 169
12 151 152 153 154 155 156 158 162 164 166 168 169
9 151 156 157 160 163 165 166 169 170
12 152 155 156 158 159 160 161 162 163 164 166 170
6 153 154 156 157 159 169
9 153 154 157 161 162 163 165 168 169
9 155 156 157 158 163 165 167 169 170
10 151 152 155 156 158 161 162 165 168 169
9 152 153 154 157 158 159 160 168 169
11 153 154 155 159 160 162 163 165 166 169 170
13 151 152 153 154 155 158 159 162 163 165 167 168 169
11 152 153 155 157 159 160 162 164 168 169 170
13 152 153 155 156 157 160 162 165 166 167 168 169 170
6 152 158 161 165 166 167
8 151 153 154 155 157 159 167 169
10 152 155 157 159 160 163 166 167 168 170
9 151 155 156 159 160 164 165 166 169
11 151 153 154 155 156 158 159 160 162 168 169
9 154 156 157 158 159 164 165 167 170
13 153 154 155 157 158 159 160 161 164 165 166 167 170
8 152 153 154 158 159 162 163 168
13 151 152 153 154 155 156 157 159 162 163 165 166 167
7 151 153 155 157 160 165 169
9 152 157 159 160 163 164 166 169 170
11 151 152 155 156 158 160 161 163 164 166 170
10 151 153 154 155 157 158 159 167 169 170
10 153 157 158 159 164 166 167 168 169 170
13 152 154 155 158 159 160 161 162 163 164 165 167 170
9 152 156 159 160 161 164 166 168 169
8 155 156 157 160 161 164 167 170
13 151 154 155 156 157 158 160 162 163 165 167 169 170
13 156 157 158 161 162 163 164 165 166 167 168 169 170
11 156 158 160 161 162 163 164 167 168 169 170
10 151 152 154 155 156 159 161 167 168 170
7 152 159 162 165 167 169 170
9 151 153 154 157 159 162 164 165 166
11 151 153 154 156 157 159 161 162 163 166 170
9 151 152 156 159 162 163 166 169 170
8 156 158 159 161 162 163 165 166
10 152 153 155 157 158 160 164 165 167 168
13 152 153 154 155 156 157 158 159 160 161 163 169 170
8 151 153 156 162 165 166 168 170
9 153 155 157 160 161 162 163 168 170
12 151 152 153 155 156 159 163 165 167 168 169 170
6 151 155 158 160 163 166
12 152 154 155 156 157 158 160 161 162 164 168 170
13 151 152 153 156 157 159 160 161 163 165 166 168 170
8 151 152 154 155 159 160 167 170
8 152 155 157 160 161 164 166 169
6 154 158 159 163 164 170
12 151 153 156 157 159 161 162 164 165 167 169 170
8 155 157 159 161 164 166 167 169
10 151 155 156 157 158 160 162 163 167 170
9 154 155 156 157 162 166 167 169 170
9 153 157 163 164 165 166 167 169 170
11 152 156 157 158 160 161 165 166 167 168 170
9 152 155 159 160 162 165 166 167 168
11 151 152 153 156 157 160 164 167 168 169 170
12 151 152 154 155 157 158 160 161 162 163 164 166
9 151 153 157 160 162 164 165 169 170
6 151 152 153 157 162 164
10 153 157 159 160 161 163 164 166 167 168
8 152 153 156 159 160 162 163 169
10 155 157 159 160 161 162 164 165 169 170
10 151 152 155 156 158 161 163 164 165 168
12 151 153 155 157 160 161 163 164 166 168 169 170
13 151 153 154 156 157 159 160 161 163 164 167 168 170
10 151 153 155 158 159 160 163 164 165 168
7 151 154 156 157 158 161 162
13 151 153 154 155 157 159 160 161 162 164 165 166 167
6 154 158 159 160 164 167
10 151 153 154 156 158 160 161 163 166 168
10 152 155 156 158 163 164 166 168 169 170
10 151 152 153 154 156 157 159 160 166 169
10 151 152 153 154 161 162 165 166 167 170
12 151 152 153 154 156 159 161 165 166 168 169 170
6 151 155 160 161 164 166
11 155 156 157 160 163 164 166 167 168 169 170
6 151 154 160 161 166 167
7 151 154 157 160 162 163 167
8 151 152 157 162 166 167 169 170
9 151 152 153 154 159 161 164 167 170
8 152 154 155 160 161 163 165 170
12 153 155 156 157 159 160 161 162 163 165 166 169
13 151 152 153 154 156 159 162 163 164 165 166 169 170
11 151 154 155 158 160 161 162 163 165 166 167
12 151 153 154 155 156 158 161 163 164 168 169 170
12 151 154 155 158 159 160 161 162 166 168 169 170
10 151 152 153 156 159 160 163 167 168 169
12 151 154 155 156 157 159 161 162 163 164 167 168
10 151 153 155 156 159 160 162 166 169 170
11 151 152 153 155 156 159 161 162 165 166 168
8 153 155 157 159 162 164 165 167
11 153 154 155 156 157 159 160 161 164 165 169
7 152 153 158 165 166 169 170
13 151 153 154 155 157 159 160 161 162 163 165 168 170
13 151 152 154 156 157 158 160 161 162 164 165 166 168
7 151 152 156 158 164 165 166
10 152 153 154 155 156 159 161 165 166 169
8 151 152 153 158 162 164 165 170
7 153 165 166 167 168 169 170
11 152 155 156 157 158 159 160 163 164 165 169
7 151 154 161 163 164 165 167
7 153 155 156 160 165 166 167
13 151 152 153 155 156 159 160 161 164 165 166 167 169
9 151 153 154 155 157 158 161 163 165
8 156 157 158 161 165 166 168 170
6 151 158 161 163 164 165
7 156 160 162 163 164 165 168
11 153 154 155 158 161 162 164 165 167 168 169
12 151 152 154 155 158 159 161 163 165 167 168 169
9 153 155 157 159 161 162 166 168 170
7 151 152 155 160 161 162 164
9 154 157 158 159 164 165 168 169 170
8 153 158 159 160 165 167 168 169
9 153 154 156 157 158 161 165 169 170
12 151 152 154 155 156 158 161 163 164 166 168 169
8 155 157 158 163 165 167 168 169
8 152 153 156 157 160 166 169 170
7 154 156 161 163 165 168 170
13 151 152 153 154 156 157 158 159 163 166 167 168 170
9 152 153 154 156 159 162 164 169 170
11 153 154 155 156 157 158 160 161 163 164 170
13 153 155 156 157 158 160 161 162 163 164 165 167 169
11 151 153 156 159 163 164 165 166 167 169 170
12 152 158 160 161 162 163 164 165 166 167 168 169
7 154 156 161 164 165 168 169
13 152 155 157 158 159 161 162 164 165 167 168 169 170
10 151 152 156 158 160 161 162 164 165 170
6 152 154 155 156 164 169
6 153 154 155 159 161 166
7 151 153 155 160 163 164 165
10 153 155 157 158 159 160 161 164 165 169
11 152 153 155 158 161 162 163 164 165 166 168
11 151 152 153 154 155 156 162 163 165 167 168
7 151 152 157 158 159 162 169
8 151 152 154 157 160 163 165 169
8 152 154 155 157 158 163 167 168
6 157 158 159 163 165 167
11 151 152 153 154 157 159 160 162 163 169 170
11 153 155 157 159 160 161 162 163 166 167 168
9 151 154 155 157 164 166 167 168 170
10 153 156 157 158 161 162 164 166 167 170
6 154 157 158 160 167 169
11 152 154 156 157 161 162 164 166 167 169 170
10 154 155 156 157 158 159 160 166 167 169
13 151 154 155 156 157 159 162 164 166 167 168 169 170
13 151 152 154 155 158 159 160 161 163 164 166 169 170
13 151 152 154 160 161 162 163 164 165 167 168 169 170
9 151 152 154 155 158 161 165 166 170
10 153 154 157 158 165 166 167 168 169 170
6 153 156 157 160 162 168
7 153 154 155 157 161 167 168
10 152 153 155 160 162 163 164 167 168 170
10 151 152 155 156 158 161 163 166 168 170
12 151 154 157 158 159 161 162 164 166 167 168 169
10 151 153 155 156 157 158 160 161 166 170
7 154 158 160 161 167 168 170
6 151 158 159 166 167 170
8 151 154 155 160 162 163 164 168
12 151 152 153 155 159 161 162 164 165 166 167 168
11 151 152 154 156 158 159 161 162 164 167 170
7 152 155 156 157 158 160 166
11 152 153 154 155 157 158 161 163 164 166 167
6 152 155 157 158 159 160
11 153 156 157 159 160 163 164 167 168 169 170
12 152 153 156 157 158 160 162 163 165 166 167 169
7 152 156 157 162 164 166 167
9 151 153 158 162 163 165 166 167 168
7 154 155 157 160 161 169 170
9 151 152 153 155 157 161 163 164 165
6 151 152 159 161 166 169
8 153 154 155 157 160 167 168 170
11 151 152 153 156 157 163 164 165 166 168 169
9 151 155 156 157 158 159 160 162 168
10 154 155 158 159 161 162 164 165 167 168
11 154 155 156 160 161 162 163 165 167 169 170
12 151 152 153 157 158 160 162 163 164 166 168 169
12 151 152 153 154 155 160 162 164 165 167 168 170
11 151 152 153 155 157 158 160 164 167 168 169
13 152 154 155 156 157 159 160 162 163 165 167 169 170
9 151 154 155 156 159 163 165 166 169
12 151 152 154 157 158 159 161 163 164 167 168 169
13 152 153 154 155 157 158 160 162 163 164 166 168 170
9 153 155 158 160 161 163 165 166 167
8 157 158 162 163 164 165 168 170
11 151 154 155 157 159 160 161 162 164 168 169
8 153 158 160 161 163 167 168 170
6 154 158 159 162 168 169
11 151 153 154 155 156 157 161 163 164 169 170
13 151 152 153 154 155 156 157 159 161 162 167 169 170
11 151 152 153 154 157 158 162 164 167 168 170
15 171 172 173 174 178 180 181 182 188 190 192 195 197 199 200
14 171 172 174 175 178 179 180 181 188 190 193 194 198 199
11 171 172 174 176 178 181 186 188 191 192 193
2 173 174
15 172 174 176 177 179 184 185 188 189 190 194 195 196 197 199
16 171 173 175 178 179 180 182 184 185 191 193 195 196 197 199 200
9 175 179 184 185 187 189 194 197 198
7 171 177 178 180 183 186 188
6 173 178 185 190 193 198
10 177 179 182 183 185 187 188 190 192 193
7 176 182 183 185 186 191 192
6 171 173 182 189 192 197
8 176 182 183 184 185 187 189 200
8 182 183 184 192 194 195 198 200
15 171 173 175 178 180 181 182 183 186 187 191 192 193 198 200
8 171 172 175 178 184 194 196 198
9 171 175 177 181 189 192 195 196 199
8 172 174 175 176 181 184 191 192
7 178 186 188 191 194 196 197
18 171 174 177 178 179 180 181 183 187 188 189 190 191 192 193 197 199 200
8 182 184 189 192 193 198 199 200
4 188 190 191 196
21 172 173 174 176 178 179 180 182 183 184 185 186 187 188 190 191 193 194 197 198 200
8 173 177 186 191 192 195 196 197
5 180 190 191 195 198
11 171 174 175 176 177 181 186 188 189 193 199
10 175 176 177 180 184 185 188 192 193 195
7 173 179 182 185 187 189 197
9 172 177 188 192 193 194 195 199 200
7 171 179 183 184 186 189 198
7 173 177 180 183 195 196 200
3 182 190 199
8 171 179 181 183 185 187 190 195
16 172 173 174 176 177 179 181 183 184 186 187 192 193 196 197 200
16 171 172 175 176 179 180 181 183 187 188 192 194 195 196 197 200
17 173 176 179 180 181 182 183 185 186 187 188 189 190 191 192 193 199
9 171 175 177 181 183 187 188 192 193
22 171 174 175 176 177 178 179 181 184 186 187 188 189 190 191 192 194 195 196 197 198 200
14 172 174 176 177 181 183 186 187 188 189 190 192 194 198
7 171 173 175 181 182 196 197
8 171 176 181 189 191 194 196 197
5 174 177 195 197 200
11 174 176 180 183 184 185 186 187 189 190 191
9 178 182 183 184 187 192 194 197 200
15 175 176 177 179 183 184 185 186 187 189 191 193 194 196 198
9 172 173 174 178 180 184 186 198 200
14 173 174 177 178 182 183 184 185 186 187 189 192 195 197
7 176 177 180 182 195 199 200
7 172 173 174 175 176 177 180
5 172 173 179 185 196
3 175 195 199
23 171 172 173 174 175 177 178 179 180 181 184 187 188 189 190 193 194 195 196 197 198 199 200
20 171 172 173 174 178 179 181 182 183 186 187 189 190 191 194 196 197 198 199 200
8 190 193 194 195 196 198 199 200
8 172 173 180 182 183 185 193 199
6 175 181 185 190 196 197
7 176 178 184 185 189 191 196
16 171 172 173 174 176 177 178 179 180 186 187 188 189 191 193 199
14 171 175 178 180 182 185 188 189 190 191 194 195 198 199
16 171 172 175 176 179 180 181 188 190 191 193 194 196 198 199 200
21 172 173 174 176 178 179 180 182 184 185 186 189 190 191 194 195 196 197 198 199 200
12 171 172 177 180 181 182 184 188 189 192 199 200
23 171 172 173 174 175 177 179 180 181 182 183 186 187 188 190 192 193 194 195 197 198 199 200
12 172 173 175 176 182 184 185 186 194 195 196 198
3 178 179 198
12 177 178 182 184 185 186 189 190 191 193 198 199
12 172 173 174 175 178 181 185 187 192 193 194 197
12 174 175 176 179 183 186 187 191 194 195 196 197
24 172 174 175 176 177 178 179 180 181 183 184 185 186 187 188 190 191 193 194 195 196 198 199 200
9 174 175 179 183 186 194 195 196 197
9 177 178 182 184 186 189 190 191 199
5 176 183 185 191 192
4 177 181 183 188
2 177 195
12 171 172 173 174 178 180 181 188 190 195 199 200
4 179 182 185 197
2 197 200
7 172 177 182 184 188 192 200
9 175 180 181 187 188 192 194 195 197
1 173
5 176 182 195 199 200
8 172 174 176 178 181 186 192 193
9 171 174 177 180 187 188 190 193 200
12 171 173 175 178 181 182 183 187 191 193 198 200
7 182 183 187 192 194 197 200
7 175 180 182 185 188 195 198
3 188 191 196
8 174 176 177 183 188 192 194 198
6 171 172 184 194 196 198
6 177 182 185 187 190 192
11 174 177 178 182 183 185 186 189 192 195 197
5 178 191 194 196 197
4 175 190 196 197
7 174 176 179 186 187 191 195
5 177 193 194 195 199
12 173 179 180 184 185 189 191 194 195 196 198 200
6 175 177 186 189 193 199
9 171 178 180 184 185 191 193 195 196
12 173 174 177 178 182 183 184 185 186 187 192 197
2 190 199
5 173 179 185 187 197
6 176 177 180 182 195 199
11 171 172 174 178 179 180 186 187 188 191 193
5 171 179 183 186 198
7 171 174 175 176 177 189 199
3 171 189 192
5 171 177 181 183 188
14 172 174 176 177 179 181 183 184 186 192 193 196 197 200
4 176 183 185 189
5 176 183 185 191 192
20 172 173 174 175 177 178 179 180 181 184 187 189 193 194 195 196 197 198 199 200
6 174 175 181 184 191 192
3 173 178 198
3 175 190 197
5 183 184 186 189 198
8 172 183 186 187 189 192 194 198
5 176 182 183 185 186
3 174 195 197
8 180 183 184 185 187 189 190 191
7 172 174 175 176 181 184 192
8 176 185 186 187 188 190 191 199
4 182 185 193 199
5 177 183 187 188 192
11 172 174 177 179 184 185 188 189 194 195 197
8 172 174 185 189 194 195 197 199
5 172 174 184 191 192
5 176 178 184 191 196
4 177 180 183 186
3 185 190 197
5 182 183 194 198 200
8 176 179 183 186 187 194 195 197
8 174 176 181 183 187 189 194 198
5 171 183 184 186 189
4 171 173 182 197
7 178 182 186 189 190 191 199
1 174
5 182 192 194 195 198
3 173 179 185
12 171 177 180 181 183 188 189 190 192 193 199 200
14 172 174 176 177 181 183 184 186 187 192 193 196 197 200
6 182 184 194 195 198 200
7 177 180 184 188 189 199 200
8 171 175 177 181 183 188 192 193
4 179 185 187 197
10 171 172 174 179 181 182 189 190 196 200
16 175 176 178 179 180 183 185 186 187 190 191 193 194 198 199 200
4 171 172 178 198
3 190 195 198
9 171 181 182 183 186 187 192 198 200
11 171 173 174 176 177 178 186 187 189 193 199
5 171 181 189 194 197
6 182 184 192 194 195 198
3 172 185 196
5 171 176 178 192 193
2 175 199
8 171 172 174 178 186 187 193 199
10 172 173 175 176 182 185 186 195 196 198
5 175 185 189 194 198
5 182 189 193 198 199
5 176 181 189 191 197
5 184 185 187 189 200
6 171 177 181 183 192 193
4 182 184 198 200
5 173 180 183 196 200
5 186 188 191 194 197
5 171 178 183 186 188
10 171 173 174 176 177 180 186 187 189 193
9 171 173 178 180 182 184 185 197 199
7 177 179 183 185 188 192 193
4 177 186 192 196
12 171 173 178 180 181 182 183 186 187 193 198 200
9 175 178 179 180 188 190 194 198 199
19 171 172 173 174 175 177 180 181 182 183 187 188 193 194 195 197 198 199 200
18 172 173 174 176 178 179 180 182 184 185 186 189 191 194 195 196 198 200
15 172 173 174 176 179 182 185 186 189 190 191 194 195 196 198
6 171 179 181 183 190 195
13 171 172 176 179 180 181 190 191 194 196 198 199 200
10 176 177 179 183 184 185 187 191 194 196
5 175 184 189 194 197
13 172 176 178 180 182 184 185 186 189 190 194 197 200
5 174 175 176 184 192
9 174 179 181 187 188 189 191 192 200
4 190 193 198 200
10 177 182 183 184 185 186 189 192 195 197
9 172 173 176 178 179 180 189 191 199
5 176 182 195 199 200
12 172 173 174 179 180 186 187 190 194 195 199 200
10 173 174 178 182 184 185 186 187 192 195
5 173 186 191 195 196
8 173 177 184 186 187 189 192 197
2 190 191
6 176 177 184 185 192 193
17 171 172 173 174 179 182 183 186 187 189 190 191 194 196 197 199 200
11 171 172 174 178 181 182 188 190 192 195 199
5 179 183 184 186 189
4 171 173 182 189
4 185 190 196 197
17 171 174 175 177 178 179 181 184 186 187 191 194 195 196 197 198 200
9 173 176 177 179 181 186 192 197 200
10 174 177 182 183 186 187 189 192 195 197
11 172 173 174 177 179 180 186 187 188 189 193
9 173 180 182 183 187 188 189 190 191
7 179 184 185 189 194 197 198
2 190 191
11 176 180 184 185 186 187 188 190 197 198 200
4 175 185 196 197
6 171 181 189 191 196 197
12 173 174 177 178 182 183 184 185 186 189 192 197
7 177 178 182 185 186 190 193
2 190 191
9 175 176 183 186 191 194 195 196 197
6 172 174 175 176 181 192
4 179 183 184 189
5 182 183 185 186 192
7 175 176 177 181 186 193 199
5 174 178 180 184 198
4 184 189 193 199
4 178 191 194 197
3 173 176 177
11 172 173 174 179 182 186 190 191 194 197 199
15 172 173 175 179 181 182 187 188 190 192 193 195 198 199 200
5 172 174 175 176 177
6 172 173 178 184 186 200
3 173 176 180
6 171 175 177 189 195 199
12 171 173 174 175 177 179 184 189 190 193 196 197
6 174 175 185 193 194 197
1 190
12 171 172 176 179 180 181 183 187 194 195 197 200
2 188 191
7 174 175 177 181 188 189 193
4 177 182 195 199
6 172 178 185 192 193 194
4 173 191 195 196
10 171 172 177 180 182 184 188 189 192 199
11 176 177 179 184 185 189 190 195 196 197 199
13 171 174 178 179 181 187 190 191 194 196 198 199 200
17 172 174 175 176 178 179 181 183 184 185 186 188 191 193 194 195 199
14 172 178 179 182 183 186 187 189 190 191 194 196 197 198
8 173 176 180 181 185 189 190 191
7 172 176 177 186 189 194 198
6 176 182 183 185 191 192
7 178 182 184 189 191 193 198
2 190 191
8 177 179 182 183 185 188 190 193
18 172 173 174 176 178 180 182 183 184 185 186 187 188 190 193 197 198 200
12 175 178 182 185 188 189 190 191 194 195 198 199
10 171 172 178 179 181 190 193 194 198 199
3 173 181 182
13 172 173 176 177 179 183 184 186 187 193 196 197 200
6 171 181 183 187 190 195
5 173 177 180 183 195
9 175 176 177 179 184 186 187 189 191
5 176 184 185 189 191
6 183 184 192 194 198 200
9 177 178 182 184 186 189 191 193 199
5 171 175 177 192 195
3 188 191 196
5 179 183 184 186 198
10 172 174 177 184 185 188 190 194 196 197
10 172 175 176 179 183 192 194 195 196 197
4 171 179 184 198
9 172 176 179 185 188 189 190 194 195
5 182 192 198 199 200
6 172 175 178 181 187 197
6 171 176 189 191 194 197
4 173 185 190 193
6 171 172 175 178 184 196
6 171 172 177 180 188 192
8 173 176 184 185 186 194 195 196
8 174 180 184 185 186 187 189 190
9 173 176 177 183 184 186 192 197 200
11 173 176 179 181 182 186 189 190 192 193 199
6 182 184 187 192 194 200
4 178 188 194 196
5 186 188 191 194 197
9 177 184 185 186 189 191 193 198 199
10 172 174 176 184 185 190 191 195 196 200
4 182 184 192 195
15 171 174 177 178 181 186 187 188 189 190 191 192 194 196 198
6 174 176 184 185 187 189
1 174
7 175 176 177 185 188 192 195
7 171 176 181 189 194 196 197
10 173 180 181 183 186 188 189 192 193 199
12 173 174 176 178 180 184 185 186 189 190 194 198
7 171 175 177 183 187 192 193
3 188 191 196
10 175 176 177 184 185 186 189 191 193 196
12 176 177 183 184 185 186 187 189 191 193 196 198
6 177 178 180 183 186 188
1 195
2 195 199
3 171 180 188
4 176 178 184 189
6 171 177 181 183 188 193
19 171 172 173 175 177 178 179 180 184 187 189 190 193 194 196 197 198 199 200
11 175 176 179 183 185 186 189 191 193 194 198
19 172 175 176 177 179 180 181 183 185 186 187 188 190 193 194 195 196 199 200
3 173 176 177
11 171 172 173 174 176 177 179 187 188 193 199
9 172 173 175 176 182 184 185 194 195
2 190 199
6 176 178 184 185 189 196
3 173 180 183
4 174 177 195 197
18 172 174 178 179 180 182 184 185 189 190 191 194 195 196 197 198 199 200
17 172 174 175 177 178 180 181 184 185 187 188 193 194 195 196 198 199
5 175 179 184 189 194
6 172 180 181 184 199 200
8 172 177 181 184 188 189 192 200
1 198
10 171 172 173 174 178 180 187 189 191 193
5 175 184 194 196 198
4 179 185 187 197
9 172 177 181 182 184 188 192 199 200
3 171 183 184
6 171 172 180 184 192 199
6 175 176 181 184 191 192
6 175 176 177 186 188 193
6 184 185 189 194 197 198
11 171 175 178 179 180 182 185 191 195 196 199
3 173 180 195
13 172 175 177 179 181 187 188 189 193 196 198 199 200
4 177 195 197 200
2 177 200
3 182 183 192
1 198
15 174 179 180 183 184 185 186 190 191 193 194 195 196 199 200
4 173 186 195 197
10 173 176 182 185 186 188 190 191 193 199
9 171 177 178 179 180 181 183 199 200
8 175 178 180 182 190 191 198 199
5 182 193 198 199 200
8 177 182 183 185 187 190 192 193
19 172 173 174 175 178 179 180 181 184 187 188 189 190 193 194 195 197 198 200
5 175 179 187 197 198
3 171 183 198
12 171 172 173 174 179 180 186 187 188 189 191 199
1 199
6 176 177 182 195 199 200
14 173 176 179 180 181 182 183 186 188 190 191 192 193 199
7 171 172 179 181 193 198 199
5 182 193 198 199 200
8 177 182 184 186 189 191 193 199
5 173 175 182 196 197
13 171 172 173 174 177 179 180 186 187 188 189 193 199
5 172 174 178 180 184
10 171 174 178 179 188 189 190 191 197 200
5 171 179 181 190 195
2 195 198
10 177 182 184 185 186 189 190 191 198 199
11 171 173 175 178 181 182 186 191 192 198 200
4 171 175 189 192
13 172 173 174 180 182 190 194 195 196 197 198 199 200
12 171 173 174 178 182 186 189 194 196 198 199 200
9 175 178 180 185 189 190 195 198 199
6 181 182 184 188 189 200
13 171 173 174 178 181 182 186 189 191 194 197 198 199
6 175 179 184 185 189 194
4 178 182 183 197
3 173 189 197
6 172 182 184 189 199 200
7 171 175 181 189 192 195 199
6 176 181 189 194 196 197
8 172 174 176 178 181 186 188 193
9 172 181 182 188 190 192 195 197 200
6 173 180 182 183 185 199
5 172 173 180 185 199
12 174 176 177 184 185 188 189 194 195 196 197 199
6 171 172 178 184 196 198
2 195 197
8 173 175 176 182 184 194 196 198
10 172 176 184 188 190 194 195 196 197 199
7 173 174 181 190 192 195 199
4 173 182 192 197
6 182 184 194 195 198 200
8 177 179 182 183 187 188 192 193
3 175 181 196
6 177 180 182 184 188 200
4 173 180 183 185
14 172 174 176 178 179 180 185 189 190 194 195 196 197 199
8 179 181 190 194 196 198 199 200
13 173 176 179 182 183 185 186 187 188 189 192 193 199
6 190 193 194 195 196 198
4 177 180 182 195
7 174 176 180 184 185 187 190
9 172 174 178 180 181 190 193 198 199
7 175 184 185 187 194 197 198
13 171 172 174 177 178 179 180 186 187 188 191 193 199
2 195 200
2 188 196
16 171 176 177 178 179 181 186 188 189 190 191 194 195 197 198 200
18 172 174 176 178 179 180 182 184 185 186 187 190 191 193 194 197 198 200
6 171 176 181 189 194 197
11 172 173 174 178 180 181 192 195 197 199 200
7 173 174 175 178 185 194 197
12 171 172 173 178 181 182 183 190 194 197 198 200
10 172 177 184 185 189 190 195 196 197 199
2 179 185
10 172 173 179 182 183 187 189 190 194 196
7 174 175 177 186 188 193 199
14 171 174 175 176 177 178 179 184 186 187 188 189 197 200
3 185 190 193
11 171 175 178 182 184 185 191 193 196 197 200
4 177 182 195 200
6 174 175 181 185 187 197
9 172 180 191 193 194 196 198 199 200
10 172 174 178 180 181 190 193 194 198 199
15 172 173 176 178 179 180 181 183 185 192 193 195 196 198 200
14 172 174 178 181 183 184 185 186 187 190 192 194 195 197
20 171 174 175 176 177 179 180 181 183 184 185 187 191 193 194 195 197 198 199 200
16 171 172 175 178 180 181 182 183 184 186 187 189 192 193 194 196
13 171 177 178 182 183 187 190 191 194 195 197 198 200
17 171 172 174 175 177 179 181 184 185 186 187 188 189 194 195 198 200
14 174 175 176 179 180 182 183 185 186 187 190 197 198 199
20 172 173 174 176 177 178 179 182 184 185 187 188 189 192 195 196 197 198 199 200
14 171 173 176 178 179 181 182 183 188 190 192 193 196 198
13 171 172 174 175 176 178 180 181 182 183 187 197 199
20 172 174 175 176 177 178 179 183 184 186 188 189 190 191 192 193 195 196 198 199
16 171 172 175 176 179 180 182 184 188 191 192 194 195 196 198 200
18 171 173 174 175 180 183 184 187 188 189 190 191 192 193 196 197 198 199
11 174 175 178 179 181 187 190 192 193 196 200
20 171 172 174 176 178 180 182 183 184 185 187 188 189 190 191 192 193 194 199 200
12 173 175 176 177 183 186 188 192 196 197 198 199
16 173 176 178 180 182 183 186 188 189 190 191 194 195 196 197 198
15 171 172 173 174 178 180 181 182 184 185 189 194 195 196 197
20 171 175 177 178 179 180 181 182 183 184 186 187 188 189 191 192 193 195 197 199
17 174 175 176 177 180 183 184 186 187 189 190 191 192 193 197 198 199
18 171 173 174 176 179 180 181 182 185 188 189 190 193 196 197 198 199 200
11 171 173 175 179 185 190 191 194 196 198 199
20 172 173 174 175 176 177 178 180 181 184 185 188 189 190 192 193 194 196 197 200
14 172 176 178 180 182 183 185 189 192 195 197 198 199 200
18 171 174 175 177 178 184 185 187 188 189 190 191 193 194 195 197 198 199
17 173 175 176 178 179 180 183 186 187 189 190 195 196 197 198 199 200
14 172 173 174 177 180 181 185 188 189 190 193 197 198 200
11 171 174 180 184 187 189 192 193 195 196 200
14 174 177 181 182 183 185 187 189 190 195 196 197 198 199
20 171 172 173 174 176 178 179 181 184 185 187 188 190 191 192 194 195 197 198 199
12 171 175 176 177 178 179 180 181 182 189 191 192
16 172 174 175 176 177 180 181 185 188 189 190 191 194 198 199 200
19 171 172 173 175 178 179 181 182 183 184 185 186 187 191 194 195 196 198 200
10 178 180 183 185 186 187 188 192 195 196
9 173 179 182 184 185 188 190 194 196
20 171 172 173 174 175 176 181 182 185 186 187 188 191 192 193 194 196 197 198 199
15 175 176 179 180 183 184 185 186 187 188 194 195 197 198 199
19 171 172 176 177 178 179 180 181 182 185 187 188 189 190 191 192 197 198 200
12 175 176 179 180 181 184 186 189 192 193 195 199
18 171 172 174 176 177 179 181 182 184 185 186 187 188 192 193 194 195 199
20 171 172 173 175 177 179 180 182 183 185 187 188 189 190 193 195 196 198 199 200
16 172 173 176 178 179 181 182 184 185 186 192 195 196 197 198 199
13 172 173 176 177 178 180 181 184 185 190 192 196 199
12 174 178 180 183 188 190 192 193 194 195 198 200
19 173 174 175 177 179 182 183 185 186 187 188 189 190 191 192 195 196 198 199
11 175 177 180 181 182 183 186 188 189 194 197
18 171 172 173 174 175 176 177 178 180 184 186 189 190 194 197 198 199 200
12 171 172 176 177 181 182 184 186 194 195 196 200
17 172 174 175 176 177 178 180 182 183 184 185 186 187 195 196 199 200
17 174 177 179 180 181 183 184 187 188 189 192 193 194 196 198 199 200
14 173 174 175 176 179 180 182 183 185 190 192 194 198 199
14 173 177 182 183 185 186 187 189 191 192 195 196 198 199
20 173 175 176 178 179 180 181 182 183 184 186 187 188 190 191 192 194 196 199 200
16 171 173 174 175 181 182 183 185 188 189 191 194 195 196 199 200
14 174 175 176 177 179 181 188 189 192 193 194 197 198 200
9 171 174 177 178 183 184 186 194 197
15 172 173 174 176 177 179 182 183 185 186 188 189 194 196 199
15 171 173 174 175 176 178 180 181 184 187 188 190 196 199 200
11 174 175 176 179 180 184 188 191 193 194 196
15 172 177 179 180 181 182 184 185 187 189 191 193 195 197 198
9 171 173 184 186 187 188 191 195 196
20 172 173 175 176 177 179 180 183 185 187 188 189 190 191 192 193 196 197 198 199
18 171 173 174 175 179 181 182 183 187 188 190 192 193 194 197 198 199 200
15 171 173 174 175 176 180 181 182 185 186 187 191 193 196 200
9 172 174 176 182 183 190 194 195 196
13 177 178 180 181 182 183 185 186 187 189 190 195 200
16 171 174 175 179 180 182 183 184 186 187 188 192 194 196 197 198
14 172 174 178 179 180 181 183 185 187 188 189 190 192 193
17 171 172 173 176 177 179 182 183 184 185 186 187 188 191 194 195 200
11 172 175 178 180 182 185 190 192 194 195 199
11 175 176 179 180 181 184 187 188 194 195 200
15 172 176 177 179 183 184 185 186 187 188 189 192 194 196 198
10 171 173 174 179 182 184 188 190 196 197
15 172 175 176 177 178 180 182 183 186 190 191 194 195 198 199
12 172 173 179 181 182 183 184 187 190 194 196 200
20 171 172 174 175 179 181 182 183 184 186 188 190 191 192 194 195 196 197 199 200
18 171 172 176 179 180 185 187 188 189 190 191 192 193 194 196 197 199 200
19 174 175 176 178 179 180 182 183 184 186 187 188 189 194 195 196 197 198 199
13 171 172 174 176 179 180 181 185 188 189 193 194 197
20 171 173 174 176 177 178 179 180 183 185 186 188 189 190 193 194 195 196 199 200
15 171 173 176 179 180 181 183 185 187 188 189 193 194 197 199
14 171 173 174 176 179 180 183 184 188 189 190 194 198 199
19 172 173 174 176 178 180 181 183 185 186 187 188 189 190 193 194 195 198 200
18 172 174 175 176 177 178 179 181 183 187 188 190 191 192 196 197 198 200
12 176 178 179 182 183 188 190 191 193 195 198 200
10 173 174 175 182 183 184 188 189 196 198
10 174 178 182 183 184 186 187 190 193 194
12 175 177 179 184 185 186 187 188 190 193 195 197
12 173 174 177 178 180 181 182 186 192 195 198 199
20 171 172 174 177 178 179 180 182 183 184 185 187 190 192 193 194 195 197 198 200
9 177 178 179 180 188 189 191 198 200
15 172 175 177 178 182 183 187 188 189 190 191 192 193 197 199
16 174 176 181 182 183 184 185 186 187 189 190 193 196 198 199 200
16 173 176 177 178 179 180 181 184 185 187 188 192 193 194 196 198
15 171 173 176 177 180 182 183 185 186 187 190 193 194 198 200
13 172 173 174 177 179 183 185 188 190 193 195 196 197
17 171 173 174 176 180 181 183 185 186 187 188 190 192 194 196 198 199
12 173 176 177 179 181 185 188 190 194 195 196 198
15 171 173 178 179 180 185 186 187 188 189 191 197 198 199 200
11 174 178 180 183 184 188 189 196 197 198 199
16 172 173 174 177 178 179 180 182 186 187 188 189 190 194 197 198
12 173 177 181 185 187 188 190 191 192 193 197 199
15 172 173 174 175 176 178 180 184 185 188 191 192 195 197 200
15 173 175 176 180 181 182 183 184 187 190 193 194 195 196 197
20 171 173 174 176 177 178 179 180 182 186 187 188 190 192 195 196 197 198 199 200
10 171 172 176 177 179 180 188 192 193 199
18 174 175 177 178 179 180 182 183 184 185 186 187 190 193 194 196 197 199
18 171 172 174 175 177 179 180 182 183 184 186 191 192 193 195 196 198 200
20 171 173 174 176 178 181 182 184 185 186 188 189 190 193 194 195 196 197 199 200
20 172 173 174 175 176 177 179 180 181 182 183 184 185 189 190 192 194 196 198 199
14 173 175 176 178 180 182 183 185 186 192 193 196 198 199
16 172 174 175 177 179 180 181 185 186 187 189 196 197 198 199 200
17 171 174 176 177 178 179 181 182 183 185 186 188 190 192 194 195 197
10 175 176 177 178 190 194 195 196 197 200
16 172 174 175 176 177 179 180 181 183 184 187 189 192 195 197 200
11 174 175 176 178 186 187 188 192 196 198 199
9 171 173 175 181 186 187 193 194 199
11 175 180 181 184 185 186 188 189 190 193 197
13 175 177 178 180 182 183 185 186 188 190 192 197 198
13 172 173 174 178 181 183 187 189 191 194 195 198 199
14 175 176 178 179 180 181 184 185 187 189 190 192 194 195
18 172 175 176 177 178 179 182 183 184 185 186 188 193 194 196 197 198 200
9 171 174 179 183 190 191 195 196 198
11 174 175 176 178 182 183 185 187 188 193 197
16 173 175 177 179 181 182 185 186 187 188 189 190 191 194 199 200
12 173 174 176 178 180 181 183 186 187 188 190 193
13 174 176 178 183 186 187 190 191 192 194 196 198 199
14 171 173 175 176 180 181 182 185 186 190 191 195 197 199
10 172 173 175 180 183 191 193 194 198 199
15 172 178 179 180 181 182 184 185 186 189 192 193 194 195 196
20 171 173 174 175 177 180 181 182 183 184 185 186 187 188 191 193 195 196 197 200
12 171 173 174 175 177 179 183 186 190 192 195 197
15 173 174 177 178 179 180 183 185 187 190 193 194 196 199 200
14 172 173 176 177 179 181 183 185 186 193 195 197 198 199
18 175 176 177 178 179 181 183 185 186 187 188 189 190 192 193 194 195 198
19 172 173 174 175 176 177 178 179 181 183 185 186 187 188 189 190 196 199 200
14 171 175 176 178 181 182 184 186 187 188 189 194 197 198
18 172 174 175 176 178 180 181 182 184 186 187 190 192 193 195 196 199 200
15 171 175 177 179 180 184 185 186 187 188 192 194 198 199 200
14 171 173 176 178 180 181 184 186 187 188 189 193 197 198
10 175 178 179 186 187 190 192 193 198 199
11 171 173 174 182 184 189 192 194 196 197 199
19 172 173 174 176 177 179 180 183 184 185 187 188 191 192 193 194 195 197 198
9 171 172 174 176 182 185 193 196 199
15 171 172 173 174 177 179 180 182 187 191 193 194 197 198 200
15 173 176 177 179 181 182 183 186 188 189 190 192 195 198 199
9 175 177 182 183 185 189 192 199 200
13 172 173 177 178 180 186 187 191 192 193 196 198 200
12 172 174 179 180 184 185 188 189 191 192 193 194
17 171 172 173 175 181 182 183 188 189 190 191 192 194 195 196 198 199
19 171 172 173 174 178 180 181 184 185 186 187 188 189 193 194 195 196 197 200
10 175 177 179 182 183 186 188 190 191 195
20 173 174 175 176 177 178 179 180 181 185 186 187 189 190 191 192 193 196 197 198
9 172 175 179 189 190 192 196 197 199
16 173 174 175 179 183 185 186 187 188 191 193 194 195 196 197 199
10 171 172 176 178 184 189 191 193 197 200
17 171 172 173 174 175 177 179 180 181 182 183 184 185 189 193 195 198
20 171 174 176 177 180 182 185 186 187 188 189 190 191 192 194 195 196 198 199 200
11 171 174 176 178 183 186 187 189 192 197 200
10 172 178 179 181 187 188 189 195 197 199
10 175 176 177 178 179 182 187 189 192 196
17 172 173 175 178 179 183 185 186 187 188 189 190 192 193 196 198 200
16 171 173 174 175 176 182 183 184 185 192 194 195 197 198 199 200
14 174 175 177 178 181 183 184 189 190 192 193 194 196 198
12 171 172 173 174 180 186 189 191 192 193 195 200
14 172 173 175 180 181 182 184 186 195 196 197 198 199 200
13 172 173 175 179 180 181 182 188 190 195 197 198 200
19 171 172 175 177 178 180 183 184 185 188 190 191 192 193 194 195 196 197 198
18 171 174 176 178 179 180 182 183 184 185 186 188 189 190 191 192 193 198
15 178 179 181 182 183 184 186 187 189 193 194 195 197 199 200
10 177 178 183 184 185 186 188 190 191 194
14 173 175 176 179 180 181 182 185 189 193 194 195 196 200
11 173 174 183 187 188 189 194 195 196 197 198
16 173 175 176 177 178 180 183 184 185 188 189 192 195 197 199 200
11 172 173 174 175 176 178 183 185 187 190 195
9 171 177 178 180 183 184 185 188 198
19 171 174 177 179 180 181 182 184 186 188 189 190 192 193 195 196 197 198 199
10 179 185 186 187 188 190 191 193 196 198
10 172 173 175 177 184 189 191 192 196 197
10 171 175 176 179 180 182 185 188 193 197
10 171 172 174 177 186 189 196 197 198 199
19 172 174 176 179 180 181 182 185 186 187 189 190 191 193 194 195 196 198 200
16 171 174 175 176 177 178 181 184 185 186 189 190 192 194 198 199
11 173 174 176 177 178 183 185 190 193 195 198
17 172 177 178 179 180 182 184 186 187 188 189 190 192 196 197 199 200
16 172 173 174 176 178 179 180 181 183 188 189 191 195 197 199 200
13 171 175 176 177 180 182 185 186 187 188 191 194 196
11 171 172 174 176 177 178 185 190 194 195 196
13 171 173 174 181 182 184 187 188 190 192 193 197 198
12 171 172 174 175 177 179 180 184 188 193 198 199
18 171 172 174 175 178 180 182 183 184 186 189 190 191 194 195 196 198 199
20 172 173 174 175 176 177 178 179 181 182 183 184 186 191 192 195 196 197 199 200
11 179 180 184 186 191 192 194 196 197 199 200
10 173 177 178 181 186 188 189 194 195 196
12 171 175 176 177 178 180 186 189 190 195 199 200
9 171 180 189 190 192 194 197 199 200
9 173 176 178 186 189 190 197 199 200
10 174 175 178 180 183 185 189 191 192 196
16 171 174 175 177 178 179 184 186 187 189 190 191 195 196 199 200
9 171 172 173 175 178 181 189 192 199
12 172 173 175 181 186 189 190 191 192 193 194 198
13 171 173 174 176 178 180 181 182 185 187 189 196 197
17 173 174 177 178 180 181 185 188 189 190 192 193 194 195 196 197 199
14 171 172 173 177 180 181 182 184 185 186 191 193 196 197
17 172 174 175 176 177 179 181 183 184 187 189 190 191 192 197 198 199
15 174 175 176 181 182 186 188 190 191 192 193 194 196 197 198
18 171 172 173 175 176 177 178 181 182 185 186 189 191 193 195 198 199 200
15 171 172 175 176 180 182 183 184 185 187 189 194 198 199 200
19 175 176 178 179 180 182 183 184 186 188 189 190 192 193 194 195 196 198 200
14 171 173 174 180 182 183 185 187 188 190 191 195 198 200
11 173 175 176 183 188 189 191 192 194 196 198
20 171 172 173 174 175 176 177 178 180 181 182 184 185 186 188 190 192 196 197 199
16 171 172 174 175 176 177 178 184 186 190 191 192 193 194 197 198
17 171 174 175 176 177 178 179 180 183 184 185 186 189 190 193 194 195
18 171 176 177 179 182 183 184 186 188 189 190 191 194 195 196 197 198 200
14 171 173 174 177 178 184 186 187 188 194 195 196 197 200
19 171 172 175 177 180 181 182 183 185 186 187 188 190 192 194 195 196 198 200
9 171 172 178 190 191 193 195 199 200
11 174 177 183 188 193 194 196 197 198 199 200
11 176 177 182 184 185 186 191 193 197 199 200
10 172 173 177 185 186 191 194 195 197 199
16 172 173 176 178 179 182 183 184 187 188 191 194 195 196 198 200
15 171 172 173 176 177 179 181 182 184 187 189 191 193 195 199
15 171 172 175 176 178 181 184 186 187 188 189 195 196 197 199
16 171 177 180 181 182 183 184 185 186 188 189 194 195 197 198 200
12 172 176 177 179 180 182 186 188 189 194 198 200
9 173 175 176 181 184 186 192 194 199
19 171 172 173 175 178 180 181 182 183 184 187 189 190 191 193 194 195 196 198
18 171 174 175 180 181 182 185 186 187 188 189 190 191 192 193 196 197 200
20 172 173 175 176 177 178 179 181 183 184 185 186 188 189 190 192 193 194 195 200
20 171 172 173 174 176 177 178 179 180 181 182 183 184 185 187 189 192 193 197 198
16 172 173 176 178 180 181 182 183 184 185 188 191 193 194 196 198
16 172 173 174 178 179 180 182 183 184 185 191 193 194 195 198 200
15 171 172 173 174 175 178 182 184 187 189 191 192 194 195 197
12 171 173 176 177 178 181 186 188 189 191 192 194
11 174 177 179 180 187 188 190 195 196 198 200
12 171 172 173 174 177 178 185 187 188 189 194 196
11 180 183 184 186 187 188 191 193 195 196 199
11 173 174 175 179 180 182 184 186 187 188 196
14 171 176 177 178 180 184 185 188 191 195 196 197 198 200
16 171 172 173 174 176 178 180 181 182 188 190 195 196 197 198 199
12 171 172 174 177 180 182 184 189 190 191 199 200
11 173 176 178 186 189 190 191 193 194 197 199
9 174 178 179 181 185 192 193 197 198
17 174 175 176 178 179 180 182 183 185 186 187 190 191 193 196 197 200
16 171 173 176 178 179 181 183 185 189 190 192 194 195 196 197 200
19 171 173 175 176 178 179 180 181 182 184 186 187 191 192 194 195 196 197 199
12 171 173 176 179 182 183 186 189 190 195 196 199
11 175 183 185 186 191 192 194 195 196 197 198
10 171 173 176 182 183 187 188 189 195 198
15 171 178 179 182 183 184 185 186 187 188 190 193 194 198 200
15 171 173 174 175 178 180 181 184 185 187 191 192 195 197 200
9 171 172 174 177 181 185 187 193 200
14 172 174 176 177 179 180 183 188 191 194 195 196 197 199
19 171 172 173 174 175 176 177 179 182 183 186 187 189 190 192 194 198 199 200
16 171 175 176 177 178 179 180 181 182 184 187 189 191 192 193 196
17 171 172 174 175 179 180 181 183 185 188 189 191 193 194 198 199 200
10 172 174 181 182 185 191 192 195 197 199
18 172 175 178 180 182 186 187 188 189 190 191 192 193 194 195 196 198 200
12 175 176 177 178 179 184 186 188 189 193 194 196
15 171 173 174 175 176 181 185 186 188 189 191 192 193 194 200
12 172 174 175 176 182 186 190 191 192 195 196 200
14 172 173 174 176 177 178 184 189 191 192 193 196 198 199
13 172 173 174 175 176 177 184 187 193 194 195 199 200
12 171 172 176 178 180 182 185 187 188 193 195 197
12 174 178 180 181 182 188 189 191 192 193 197 199
10 173 176 178 182 183 184 189 190 194 199
17 174 175 176 177 179 180 181 185 188 189 190 194 195 196 197 199 200
20 174 175 176 177 178 179 181 184 185 187 188 189 190 191 192 195 196 197 198 200
18 172 173 174 175 177 178 181 183 184 186 188 191 193 194 195 196 197 198
10 174 179 180 182 187 190 191 192 196 200
20 171 174 175 176 177 178 179 181 182 183 187 189 190 191 192 193 195 197 199 200
13 173 176 178 180 182 187 188 189 192 193 194 198 200
19 172 173 175 176 178 180 181 184 185 186 187 188 190 191 193 197 198 199 200
16 173 174 176 181 186 187 189 190 191 192 193 196 197 198 199 200
10 172 175 177 178 180 184 187 196 197 199
16 171 173 175 176 178 179 180 182 183 185 186 192 196 198 199 200
13 172 173 175 176 177 184 190 192 193 194 196 198 200
10 171 177 178 180 181 188 189 191 193 200
12 171 172 173 175 178 189 190 191 192 198 199 200
11 173 183 184 187 188 189 191 195 197 198 199
9 174 178 183 184 186 189 194 195 196
13 172 175 177 178 183 184 185 186 190 192 193 194 196
15 171 172 173 175 181 184 186 187 188 190 191 196 197 198 200
17 172 174 175 176 181 182 185 186 188 189 191 192 195 197 198 199 200
18 171 173 176 177 178 180 181 184 186 187 189 190 191 192 193 196 197 199
19 171 172 174 177 179 180 181 182 184 185 187 188 189 190 191 195 196 197 198
10 175 177 178 185 186 191 193 195 196 199
13 171 172 174 175 176 177 178 181 188 191 192 195 197
11 171 175 179 183 185 189 194 195 196 199 200
16 172 173 174 175 176 177 182 185 187 189 190 192 194 196 198 199
16 174 176 177 180 181 183 184 186 188 189 191 194 195 196 199 200
16 171 172 173 175 177 179 182 184 185 186 187 188 191 193 197 200
19 171 172 173 176 177 179 180 181 182 183 185 186 187 188 190 191 193 195 200
17 172 173 174 175 176 180 184 185 188 190 193 195 196 197 198 199 200
20 171 172 173 174 175 177 178 179 181 182 183 185 186 191 192 193 196 197 198 199
16 171 173 175 179 180 183 185 187 188 191 192 194 197 198 199 200
19 171 172 175 176 177 178 179 180 183 185 186 187 188 189 194 196 197 199 200
17 171 177 178 180 181 182 183 184 185 186 188 190 191 194 195 198 200
18 171 172 173 174 175 177 178 180 181 183 184 187 189 191 192 193 195 199
14 172 173 174 180 182 183 184 185 186 187 188 189 190 198
10 172 174 177 180 181 182 187 188 190 196
19 172 173 175 177 178 180 183 184 186 187 188 191 192 195 196 197 198 199 200
14 171 173 175 177 178 183 185 186 190 192 193 194 195 199
16 171 172 174 175 178 180 182 187 189 190 191 193 195 196 197 200
19 173 174 176 177 178 179 180 182 183 185 188 189 191 193 194 196 198 199 200
15 171 174 175 176 177 179 181 182 185 188 191 192 193 194 197
9 172 173 175 177 178 183 187 191 198
14 172 173 175 177 179 182 183 184 185 188 192 196 198 200
19 172 174 175 177 178 179 180 181 182 184 185 186 188 189 190 192 193 198 200
10 174 175 176 177 178 180 183 194 199 200
10 171 176 177 184 185 186 190 191 197 200
12 171 172 175 180 184 185 191 195 196 198 199 200
15 172 174 177 178 180 181 183 185 186 188 190 192 194 196 197
16 179 180 183 184 186 187 188 190 191 192 193 194 196 197 198 199
16 173 176 179 181 182 183 186 187 188 190 191 194 196 197 198 199
17 174 177 178 180 182 183 185 186 187 189 190 191 192 193 195 198 200
10 171 173 174 180 181 183 185 187 190 200
19 172 173 174 176 178 179 180 182 183 184 187 188 190 192 194 196 197 198 199
17 173 174 177 178 182 183 184 185 186 187 190 191 195 196 197 199 200
16 172 173 174 175 176 177 181 182 187 188 190 193 195 197 199 200
14 172 174 176 178 179 182 184 187 190 191 193 194 196 199
13 172 173 174 175 177 181 187 188 192 195 196 197 200
20 171 172 173 174 177 179 181 182 183 185 186 188 189 190 192 194 196 197 199 200
13 171 174 176 179 182 183 185 188 189 190 191 194 197
11 171 172 173 174 178 184 185 186 187 195 197
13 171 173 174 176 177 181 183 185 187 191 195 197 200
18 172 174 177 178 179 180 181 182 183 185 186 192 194 196 197 198 199 200
10 171 173 176 179 190 192 193 196 198 199
13 171 174 175 176 177 181 183 187 189 190 191 192 196
14 171 172 173 174 175 176 177 181 182 186 190 191 193 199
9 174 175 176 178 183 186 190 192 194
17 171 175 176 177 178 179 180 183 184 186 187 188 189 192 197 198 200
12 171 173 174 175 176 177 180 185 188 191 197 198
20 172 173 174 175 176 177 178 179 180 181 182 183 184 185 191 193 195 196 197 199
13 172 174 177 179 181 187 188 191 193 194 195 196 199
9 173 182 184 188 190 191 192 196 197
10 173 174 176 177 180 189 190 191 194 198
18 174 175 177 178 179 180 183 186 188 191 192 194 195 196 197 198 199 200
16 171 172 177 180 182 183 184 187 189 190 193 194 195 197 198 199
14 173 174 175 178 179 180 181 183 187 188 189 196 198 200
