189 1304
31 1 2 3 4 5 6 7 8 9 10 11 12 13 14 15 16 17 18 19 20 21 22 23 24 25 26 27 28 29 30 31
11 3 5 7 8 10 11 13 23 28 30 31
21 2 3 4 5 6 10 11 13 14 15 16 17 20 21 23 25 26 27 28 30 31
10 5 9 11 15 16 20 21 23 25 29
9 4 5 9 18 19 24 26 27 30
16 1 2 3 6 7 10 12 13 14 16 18 20 21 22 24 30
23 1 2 4 5 6 9 10 11 12 13 14 16 17 18 19 20 21 22 23 26 27 28 29
14 4 6 7 9 13 14 15 16 22 23 24 26 27 29
18 1 2 4 5 7 8 9 10 12 16 18 19 24 25 27 28 29 31
22 2 3 4 5 8 9 10 11 12 13 14 15 17 20 22 23 24 25 27 29 30 31
16 1 3 8 9 10 11 12 13 14 17 19 20 21 24 28 31
20 1 2 3 4 5 10 11 12 13 14 15 16 17 18 21 22 24 28 29 31
11 1 2 3 5 13 16 20 22 25 28 31
24 1 2 3 4 6 7 9 10 11 12 14 15 16 17 20 21 22 23 24 25 27 29 30 31
21 1 2 5 6 7 8 9 10 11 12 14 16 19 20 21 23 26 27 28 30 31
14 1 2 3 5 6 12 14 18 19 22 24 26 27 28
21 1 3 4 5 6 7 10 11 12 15 17 18 20 22 23 25 26 27 29 30 31
14 4 7 9 11 12 13 16 17 18 22 24 25 26 30
22 2 4 5 6 7 8 10 11 13 15 16 17 18 19 23 24 25 26 27 28 29 30
18 1 2 3 4 5 6 8 9 10 15 16 19 20 24 25 26 30 31
24 1 3 4 6 7 8 9 10 11 13 14 16 17 18 19 20 21 22 23 24 28 29 30 31
19 2 3 5 7 8 9 10 11 12 13 14 15 19 20 21 23 24 25 28
22 1 2 3 6 7 8 9 11 12 14 16 17 18 19 20 21 22 24 25 28 29 30
17 3 4 5 6 7 11 12 15 16 17 19 23 24 26 27 28 31
12 1 4 6 10 13 17 20 21 22 25 28 31
18 3 4 5 8 9 11 16 18 19 20 21 22 23 24 25 26 28 31
14 1 2 7 9 13 16 18 20 21 22 24 25 27 29
19 1 2 5 8 9 10 11 12 14 15 16 18 22 23 25 26 28 29 31
9 1 6 14 22 24 25 28 30 31
20 1 2 5 7 8 9 10 11 13 14 16 17 18 19 21 24 25 26 30 31
17 1 3 5 6 7 8 9 13 19 20 21 22 25 26 27 28 31
12 4 5 7 10 11 13 14 15 24 25 27 31
10 1 2 7 12 15 16 19 24 26 29
14 1 2 4 6 9 12 14 16 18 23 24 26 29 30
20 2 3 4 5 8 9 10 12 14 16 18 19 21 22 23 24 25 27 28 30
21 1 3 6 7 9 10 12 13 16 17 18 19 20 21 22 23 24 28 29 30 31
10 1 5 6 17 18 25 26 27 28 30
12 1 2 6 7 9 10 11 15 17 22 25 31
23 1 3 4 5 8 9 10 11 13 15 17 18 19 20 21 23 24 25 26 27 28 30 31
22 2 3 4 6 8 10 12 14 15 16 17 19 20 21 22 25 26 27 28 29 30 31
9 5 9 11 12 13 15 16 22 26
11 2 5 8 11 12 17 18 20 24 25 31
14 3 4 7 10 11 14 17 19 21 24 25 27 29 31
11 1 8 10 11 17 19 24 26 27 29 31
12 1 3 4 5 8 9 12 16 18 19 22 24
11 1 2 4 7 15 18 19 20 22 24 27
22 2 4 6 7 8 9 11 12 13 14 15 16 19 20 21 22 23 25 26 27 29 31
24 1 2 4 5 7 8 9 10 11 12 13 14 15 16 17 18 19 20 22 23 25 26 27 28
18 3 4 5 6 9 11 15 17 19 21 22 23 25 27 28 29 30 31
24 2 3 4 5 6 7 8 9 10 11 12 13 14 16 17 18 19 20 21 22 26 27 29 30
24 2 3 4 5 6 7 8 9 13 15 16 17 18 19 20 22 24 25 26 27 28 29 30 31
21 1 2 3 4 5 9 10 11 13 14 15 16 17 20 21 22 23 25 26 27 31
22 1 3 5 6 10 11 12 13 15 16 17 18 19 22 23 24 25 26 28 29 30 31
14 5 7 8 10 11 12 13 14 17 23 24 25 28 29
13 4 6 7 9 10 11 13 15 20 21 22 23 30
67 32 33 34 35 36 37 38 39 40 41 42 43 44 45 46 47 48 49 50 51 52 53 54 55 56 57 58 59 60 61 62 63 64 65 66 67 68 69 70 71 72 73 74 75 76 77 78 79 80 81 82 83 84 85 86 87 88 89 90 91 92 93 94 95 96 97 98
27 35 39 44 46 48 49 52 54 56 57 58 60 63 64 65 68 69 70 76 77 78 84 86 88 91 93 98
27 32 33 35 40 41 43 44 47 50 52 53 54 56 57 61 62 63 68 69 70 72 77 81 86 88 96 97
34 34 35 40 43 44 45 47 51 53 54 56 57 59 60 62 63 69 70 71 72 74 75 77 78 80 81 82 85 86 87 90 93 94 96
45 33 36 37 38 39 40 41 42 43 45 46 47 48 49 53 55 56 57 59 61 63 64 67 69 70 71 72 74 77 78 79 80 82 83 84 85 87 88 90 91 92 93 94 95 97
50 34 35 36 37 38 39 40 41 42 43 44 45 47 49 50 51 53 55 56 57 58 59 60 61 62 65 66 67 68 69 70 71 72 73 76 77 78 81 83 84 85 86 88 89 90 91 92 93 95 96
34 32 36 37 43 44 49 50 51 52 53 57 58 59 60 65 66 67 68 69 72 74 76 78 79 81 82 85 87 92 93 94 95 96 97
34 35 36 39 40 41 43 44 47 49 51 54 56 58 59 61 64 66 67 69 75 77 81 82 83 84 85 86 87 88 90 93 94 96 98
23 32 33 35 36 43 44 47 52 58 70 71 72 73 74 78 81 84 85 90 93 94 95 98
26 32 33 36 37 38 44 45 46 47 48 49 50 55 59 64 68 70 72 76 80 83 85 86 88 92 96
52 32 34 35 36 39 41 42 43 44 45 46 47 48 50 51 52 53 54 55 56 57 58 59 61 62 63 64 66 68 70 71 72 73 74 75 77 78 79 80 81 82 83 84 85 86 87 88 91 92 94 96 97
39 32 33 34 36 39 40 44 46 48 49 50 51 52 54 56 57 60 61 62 65 66 67 69 70 72 74 75 76 77 79 82 83 84 85 88 90 93 94 96
26 33 34 36 38 39 44 52 53 57 58 59 61 63 64 68 74 76 79 80 83 87 88 90 91 92 94
27 32 33 35 37 39 40 49 50 51 53 54 55 56 57 59 70 72 74 78 82 85 90 92 94 96 97 98
26 35 36 37 38 39 50 51 54 57 58 61 63 65 67 71 74 76 77 78 81 82 83 88 91 93 95
52 32 34 35 36 37 38 39 40 42 44 45 46 47 49 52 53 54 57 58 59 60 61 62 63 64 66 67 68 69 70 71 73 74 76 77 78 81 82 84 85 87 88 89 90 91 92 93 94 95 96 97 98
22 33 38 43 46 48 50 53 59 60 62 65 66 71 77 79 83 84 85 89 90 96 97
39 32 33 34 35 39 41 43 45 46 48 53 54 55 56 57 58 60 64 65 66 67 68 71 72 73 75 77 78 81 84 85 86 89 91 93 95 96 97 98
51 32 34 35 36 37 39 40 41 43 44 45 47 48 49 50 51 52 55 56 57 58 59 61 62 63 65 66 68 70 71 72 73 74 75 76 77 80 81 82 83 85 86 87 88 90 91 93 94 95 97 98
21 32 37 44 45 48 49 51 55 56 61 62 64 68 69 80 81 85 86 87 90 91
52 32 33 34 35 37 38 39 40 41 42 43 44 45 46 47 49 50 51 53 55 56 57 58 59 60 62 64 66 67 68 69 70 71 72 73 75 76 78 80 81 82 83 84 86 88 90 91 93 95 96 97 98
25 34 38 39 40 41 47 49 51 52 54 56 58 62 65 66 67 69 73 75 80 82 84 86 90 91
35 33 35 38 39 40 44 45 47 48 50 51 52 53 54 57 58 59 65 68 69 73 74 76 78 79 81 82 84 85 86 91 93 94 95 98
35 32 33 34 35 38 40 41 45 46 47 48 49 51 53 54 56 57 59 64 66 67 70 71 75 79 82 83 84 85 87 88 89 92 96 98
29 32 37 38 39 44 45 47 51 54 55 56 59 60 62 63 67 70 71 72 74 75 77 82 86 87 89 90 97 98
22 35 38 41 46 47 48 50 53 54 60 64 67 71 72 73 81 82 90 91 93 95 98
20 32 33 35 36 39 41 43 44 45 46 47 54 58 59 60 62 74 81 83 93
43 32 34 36 37 39 40 41 44 46 47 48 49 50 51 53 55 56 57 61 62 65 67 68 69 70 71 72 73 74 75 77 78 82 83 84 86 87 89 90 92 94 97 98
42 35 36 37 38 39 40 43 46 47 48 49 51 53 54 55 56 58 59 60 62 64 66 67 68 69 71 73 80 81 82 83 84 85 87 89 90 91 92 93 96 97 98
46 32 34 35 36 37 38 39 40 41 42 43 44 45 50 51 53 56 59 60 61 63 64 65 66 67 68 69 70 71 73 74 75 77 78 79 80 82 84 85 86 89 90 92 94 95 98
43 33 34 37 38 40 41 42 43 46 47 48 49 50 52 54 56 57 59 61 62 66 67 71 73 74 75 76 77 79 80 81 82 83 85 86 88 89 91 94 95 96 97 98
42 37 40 41 43 44 45 47 50 51 52 54 56 57 58 61 62 63 64 65 66 67 69 71 72 73 75 76 77 79 81 82 85 86 88 89 91 92 93 94 95 96 97
36 33 34 35 36 37 38 40 41 42 44 46 49 50 52 53 54 56 61 62 66 70 72 73 74 75 76 78 80 81 82 85 86 87 90 91 95
36 33 35 36 38 41 42 45 47 48 50 51 52 54 59 62 63 65 66 67 68 69 70 71 72 74 75 77 78 80 81 84 88 91 92 93 95
50 35 36 37 38 39 40 41 42 43 44 45 46 47 49 50 51 53 55 56 60 61 63 64 65 66 67 68 69 70 71 72 75 78 79 80 81 82 83 84 85 86 87 88 91 92 94 95 96 97 98
37 34 35 37 38 39 40 41 43 45 47 54 56 58 60 64 65 66 67 68 69 70 71 72 75 77 79 80 81 82 85 89 91 92 94 95 96 98
48 33 35 36 37 38 39 40 41 42 43 44 45 46 47 48 52 54 55 56 58 59 60 62 63 64 66 67 69 71 72 76 77 79 80 81 82 84 85 87 88 89 90 93 94 95 96 97 98
35 32 36 37 39 40 41 42 43 46 51 52 54 55 56 59 61 62 64 68 71 72 73 75 78 79 82 83 84 87 89 90 92 93 95 96
50 32 33 37 39 40 41 42 43 45 46 47 48 50 51 52 53 54 55 57 58 59 60 63 64 65 66 68 69 70 72 73 74 75 76 77 78 80 82 84 85 86 87 88 89 91 93 95 96 97 98
29 34 36 37 39 47 48 55 56 58 60 61 63 64 66 70 71 74 75 76 79 80 83 85 89 90 93 94 95 96
43 32 33 34 35 36 39 41 42 43 44 46 48 49 50 51 52 53 55 56 57 59 61 62 64 69 70 71 74 75 76 77 78 80 81 82 86 88 89 91 92 95 97 98
52 32 33 34 35 36 37 38 40 41 42 43 44 45 48 51 54 56 57 59 60 63 64 65 66 67 68 69 70 71 72 73 74 75 76 78 79 80 81 82 84 85 86 87 88 89 91 92 93 94 95 97 98
36 32 34 36 38 39 43 44 46 52 53 54 55 56 57 60 62 63 64 66 67 69 71 74 75 78 80 82 83 86 88 89 90 91 95 96 98
45 32 33 34 35 38 40 41 42 43 44 46 47 49 50 51 53 54 55 56 58 59 60 63 64 68 70 76 77 78 79 80 82 83 84 86 88 89 90 91 92 93 94 96 97 98
24 33 34 36 38 43 44 46 47 50 55 56 61 66 70 72 74 75 76 86 90 91 92 97 98
36 34 35 36 37 38 41 42 44 45 46 49 52 54 56 57 58 59 63 65 69 70 72 75 76 80 81 85 86 87 89 91 93 94 95 97 98
45 32 35 36 37 38 42 43 45 47 49 51 52 53 54 56 57 59 60 61 62 63 64 65 66 68 70 71 74 75 76 78 79 80 81 82 84 85 86 87 88 90 91 96 97 98
49 32 33 35 36 37 38 39 43 45 47 49 50 53 54 55 58 59 60 61 62 63 64 65 67 68 69 70 72 74 75 76 77 78 79 81 82 84 85 86 88 89 90 92 93 94 95 96 97 98
47 32 33 34 35 36 37 38 39 40 42 43 44 45 46 47 48 49 50 51 53 56 57 58 60 63 67 69 70 71 72 74 76 77 78 80 81 82 84 85 86 88 90 91 92 95 97 98
30 33 34 35 39 47 48 49 50 51 55 56 58 60 62 66 67 68 72 73 77 78 80 82 83 86 91 92 93 94 96
42 32 34 36 37 38 39 40 41 42 45 50 51 54 56 57 59 60 61 62 63 64 65 66 68 69 71 73 77 78 79 80 83 85 86 87 89 90 91 92 95 97 98
35 32 33 34 35 36 37 38 41 43 45 47 52 53 57 58 60 62 68 69 70 71 74 75 78 79 81 82 83 85 86 87 93 94 96 98
23 33 34 37 40 45 48 51 52 54 58 59 60 64 69 75 78 83 87 90 93 95 96 97
35 32 34 35 37 38 39 41 45 47 49 50 52 53 54 55 57 60 63 65 66 69 73 74 76 80 81 82 86 88 89 90 93 95 97 98
51 32 33 34 35 37 39 40 41 42 43 44 45 46 47 48 49 50 51 52 53 56 57 59 60 61 62 65 66 68 69 73 74 75 78 79 80 81 82 84 85 87 88 89 90 91 92 93 94 95 96 98
30 32 34 38 40 41 47 50 51 57 59 61 62 63 65 67 71 74 75 76 77 80 84 85 86 87 89 90 91 95 97
51 32 33 34 36 37 38 39 40 41 42 43 44 47 48 49 50 51 52 53 54 55 56 57 58 59 60 64 65 66 67 69 70 71 74 75 76 79 80 83 84 85 86 87 88 90 91 92 93 95 96 97
35 33 34 37 38 41 42 44 45 46 51 52 54 55 56 58 59 60 61 63 64 66 67 71 72 73 74 75 79 80 81 88 89 90 91 97
22 34 38 41 42 52 53 55 56 60 63 64 67 69 70 71 72 78 82 85 87 89 98
29 32 34 37 39 45 46 48 50 54 55 57 63 64 65 68 71 72 73 74 75 76 77 81 86 87 89 93 94 98
25 35 37 40 43 44 49 52 60 61 65 68 74 75 76 79 81 82 83 84 87 88 89 93 94 96
26 32 36 38 39 40 45 49 50 51 60 61 62 64 66 67 68 75 79 80 82 84 87 89 90 95 96
46 34 35 37 38 40 41 42 43 44 46 48 49 51 52 53 54 58 59 60 61 62 63 64 66 67 68 70 71 72 76 77 78 79 81 82 83 84 86 88 89 92 94 95 96 97 98
46 32 34 35 36 37 38 39 41 42 44 45 46 49 50 51 52 53 55 56 57 58 59 60 61 62 65 68 69 70 71 72 73 76 77 79 82 85 86 89 90 91 92 94 95 97 98
33 34 38 40 42 43 46 47 48 49 52 53 54 60 62 64 65 66 69 74 75 76 77 78 80 81 83 85 87 88 94 95 96 97
46 32 33 35 38 39 40 41 42 44 46 47 48 49 51 52 53 54 56 57 59 60 61 63 64 65 67 69 70 71 72 73 74 75 76 77 81 82 83 85 88 89 93 94 96 97 98
49 33 35 36 37 38 39 40 43 44 45 46 48 49 50 51 52 53 55 56 58 59 61 62 64 66 67 69 71 72 74 76 77 78 80 81 82 83 84 85 86 87 88 89 91 92 93 96 97 98
30 34 35 36 39 40 42 43 45 46 51 56 57 60 61 66 68 69 73 74 76 77 78 82 84 85 87 89 95 96 98
50 33 34 35 36 38 39 40 41 42 43 44 45 47 48 49 50 51 52 53 58 59 61 62 63 64 65 68 69 70 71 73 74 77 78 79 80 81 82 84 87 88 89 90 91 93 94 95 96 97 98
30 32 37 38 40 44 45 47 51 52 55 57 59 62 66 69 70 72 73 74 75 77 82 86 89 90 91 93 94 95 97
45 33 34 35 36 40 41 42 43 44 45 48 49 50 51 52 53 54 55 57 60 63 65 67 68 70 72 73 74 75 77 78 80 82 85 86 88 89 91 92 93 94 95 96 97 98
45 36 37 38 39 40 41 42 43 45 46 47 48 50 51 52 54 55 57 58 59 60 61 62 63 64 65 66 71 73 74 75 77 78 82 83 85 86 87 88 89 90 92 93 94 98
39 32 33 36 37 38 40 44 46 47 48 50 51 59 60 61 62 63 64 65 66 67 72 73 74 77 78 79 81 82 83 84 87 89 90 92 93 95 96 98
43 34 36 38 40 43 44 46 47 48 49 51 52 53 56 58 60 64 66 67 68 71 74 75 76 77 78 80 81 83 84 86 87 88 89 90 91 92 93 94 95 96 97 98
26 35 37 39 40 43 44 45 47 48 50 51 52 58 65 67 68 69 77 80 85 86 91 95 96 97 98
49 32 33 34 35 36 37 39 42 44 46 47 48 49 51 52 54 55 56 58 59 60 61 65 67 68 69 72 73 74 75 76 77 78 79 80 81 82 83 84 86 87 88 91 93 94 95 96 97 98
31 32 35 36 38 42 43 44 45 46 50 52 54 56 57 59 60 61 62 64 66 75 81 82 84 86 89 90 93 94 95 96
27 33 40 47 50 52 55 56 59 60 61 62 63 65 66 68 71 74 75 77 79 83 84 85 89 91 97 98
51 32 33 34 35 38 40 41 42 43 45 46 49 50 51 52 53 54 57 59 60 61 63 64 65 66 67 68 69 70 71 72 73 74 75 76 77 78 79 81 82 84 86 87 90 92 93 94 95 96 97 98
46 32 33 34 35 36 37 38 39 40 41 43 46 47 48 50 51 52 53 54 55 58 59 60 61 62 64 65 67 69 72 73 77 78 79 81 85 86 89 90 91 93 94 95 96 97 98
21 33 35 41 47 51 52 58 59 61 63 67 69 70 72 73 86 87 88 92 97 98
26 32 33 35 42 48 50 55 56 57 62 64 66 68 69 74 75 77 78 79 81 82 84 85 91 94 95
46 32 33 34 35 36 37 39 40 41 42 43 48 49 50 51 53 54 55 57 58 59 60 61 62 63 64 65 69 71 72 73 75 77 78 81 82 84 85 86 88 91 92 93 94 95 98
44 32 35 38 39 40 41 43 44 45 47 48 49 51 52 53 54 55 57 58 59 61 62 65 68 69 70 71 73 75 76 77 78 80 82 83 84 85 87 90 94 95 96 97 98
49 32 33 36 37 38 39 40 41 42 43 44 45 46 47 50 51 52 53 54 56 57 58 59 60 61 64 65 66 67 69 70 72 73 74 75 77 78 79 84 85 86 89 90 91 93 94 96 97 98
37 32 35 36 39 40 41 42 45 50 51 53 55 57 59 61 62 64 65 67 69 70 71 72 73 74 75 80 82 84 85 87 88 89 92 94 96 98
52 32 33 34 35 36 37 38 39 40 41 42 43 44 45 47 48 50 51 52 53 54 56 58 59 61 62 63 64 65 67 68 69 70 73 74 75 76 78 79 80 81 84 85 86 87 89 90 91 94 95 96 98
10 102 104 107 108 117 121 122 131 136 151
20 99 100 103 105 106 114 115 121 124 126 127 131 134 142 143 145 148 149 150 151
12 102 104 105 118 119 120 125 133 136 139 148 150
18 99 110 111 113 114 118 120 123 124 125 132 135 139 141 142 143 145 149
12 101 102 104 107 110 117 122 128 129 130 143 148
15 104 105 106 116 118 123 125 126 127 129 130 131 138 141 150
14 100 104 106 108 113 119 122 123 128 129 133 138 140 144
11 108 114 118 119 120 137 138 140 141 146 151
21 99 100 103 108 109 110 111 113 116 121 124 127 128 129 131 132 134 135 138 145 151
20 99 100 102 104 105 111 112 114 117 118 119 124 126 130 132 135 136 139 145 146
14 102 110 114 115 116 119 120 123 131 132 139 140 142 143
17 101 103 108 112 114 115 116 117 120 122 129 130 132 133 139 141 143
21 99 101 105 106 109 111 112 113 115 124 125 128 132 133 137 138 141 142 147 149 150
18 102 103 106 112 113 115 118 121 122 127 130 133 135 140 141 142 148 149
16 100 106 107 108 109 112 113 116 126 128 135 137 139 143 147 149
15 101 102 104 108 109 117 118 120 123 125 128 129 135 137 144
13 99 111 113 115 122 123 125 129 131 143 144 145 150
17 100 103 110 114 119 120 126 127 129 130 134 135 139 143 144 145 148
19 101 102 104 106 112 115 116 117 119 122 128 129 131 133 136 137 138 148 151
9 102 105 111 114 115 122 123 132 138
23 100 102 103 108 110 111 112 115 117 121 122 124 128 133 135 136 140 142 143 145 146 147 149
15 99 101 110 114 115 118 121 125 127 131 134 141 143 148 151
23 100 101 102 114 117 119 121 122 124 125 126 127 128 131 132 134 138 141 145 146 149 150 151
19 100 105 106 111 112 113 115 116 121 123 127 131 132 133 136 142 145 147 150
22 102 107 109 110 111 113 114 115 118 120 121 125 126 127 130 131 132 133 135 138 141 149
15 110 113 114 116 120 123 126 127 134 136 138 139 141 146 151
21 101 103 104 111 112 114 119 121 122 125 129 130 131 134 135 138 142 143 144 149 151
22 106 107 108 113 115 116 120 121 122 125 127 128 129 131 133 137 138 141 142 148 150 151
20 99 105 108 116 117 119 122 124 128 129 134 136 139 142 143 144 145 147 150 151
9 100 105 116 120 128 139 143 144 148
4 108 110 113 126
18 100 102 106 107 108 109 110 116 117 120 123 124 126 132 136 139 140 150
11 99 103 110 111 114 127 130 133 140 142 147
14 99 104 106 107 108 118 120 123 133 135 136 142 144 147
14 103 105 106 107 109 122 124 127 128 138 141 146 147 148
14 102 105 113 119 123 124 127 131 134 135 140 148 150 151
17 102 105 112 113 119 120 121 125 127 128 130 137 139 145 146 149 150
11 101 103 109 110 123 134 140 143 144 147 149
15 99 101 107 109 113 114 119 120 132 134 137 139 144 148 151
12 101 103 104 110 117 124 129 134 142 145 146 150
17 100 103 104 114 117 121 130 132 134 135 139 140 141 142 146 148 151
24 101 106 107 108 109 110 111 113 114 115 116 117 120 121 125 126 127 130 132 133 139 145 149 151
17 99 101 104 111 113 117 118 121 125 126 130 133 136 137 144 145 149
11 99 100 104 106 111 118 121 124 125 132 133
14 100 106 108 111 114 117 120 121 129 137 139 146 148 149
16 99 118 119 120 121 125 127 130 131 133 136 140 141 144 148 151
11 99 106 107 109 121 136 137 138 146 147 149
18 103 106 108 110 112 113 114 123 125 133 135 140 141 142 145 146 147 151
23 101 102 105 106 107 108 109 110 112 116 118 119 120 124 126 127 128 133 136 137 138 147 149
14 99 105 113 115 118 127 128 133 137 141 145 146 147 148
14 99 103 107 112 118 120 124 128 135 137 141 143 145 149
20 100 101 102 104 105 106 109 114 115 117 119 121 122 123 129 136 139 140 142 151
16 100 103 105 107 108 109 121 126 127 130 134 140 144 146 147 150
12 102 105 112 116 120 126 130 132 135 136 146 149
35 99 100 102 103 104 105 106 107 108 109 110 114 115 117 119 121 123 125 126 127 129 131 134 137 138 139 141 142 143 144 145 146 148 149 151
16 99 100 111 114 116 119 121 125 130 131 136 137 140 149 150 151
12 103 107 109 111 117 124 137 139 142 145 147 150
23 100 101 105 107 109 110 116 117 119 120 123 124 125 128 129 136 137 138 143 145 146 150 151
15 111 116 125 127 130 131 132 133 134 138 144 146 147 148 150
11 99 103 109 124 125 126 134 135 139 144 149
26 99 100 101 104 106 107 109 111 114 115 116 118 122 123 124 126 133 134 135 136 140 141 142 143 144 151
14 107 109 112 117 119 122 130 131 135 142 143 145 147 150
6 102 108 109 124 126 147
13 101 102 103 105 108 115 128 129 137 140 144 148 149
18 101 111 112 113 116 118 120 122 124 128 130 132 133 135 136 140 147 150
17 101 102 105 107 116 118 119 121 125 126 137 138 141 143 146 149 150
9 107 111 122 132 133 138 141 146 147
5 116 118 123 140 146
39 99 101 102 103 104 105 107 109 110 112 113 115 116 118 119 122 123 124 125 126 127 128 130 131 132 133 134 135 136 138 140 141 142 143 144 145 147 150 151
11 100 104 110 111 118 125 126 128 142 144 145
26 99 101 102 104 107 109 111 115 117 118 119 121 122 124 126 127 129 130 131 132 134 136 137 138 149 150
23 101 103 104 106 110 115 118 120 123 127 128 129 133 134 135 138 139 141 142 143 144 146 148
16 103 105 109 110 111 112 113 115 116 129 130 137 139 140 143 148
8 105 107 112 113 117 122 132 145
12 109 112 115 122 124 129 132 134 136 144 148 151
29 99 100 102 103 104 105 112 118 119 122 123 124 128 129 131 134 135 136 137 138 140 141 142 143 144 146 147 148 150
13 100 104 106 108 113 117 120 123 128 131 135 139 145
10 103 108 110 117 129 131 132 138 147 148
11 100 101 103 104 106 112 123 137 140 146 148
20 101 106 107 112 114 115 117 122 123 126 130 137 140 141 142 143 144 146 147 149
12 99 104 108 111 114 126 131 132 134 139 144 147
8 100 108 112 129 134 135 150 151
9 110 112 113 116 119 130 136 139 140
10 106 112 115 118 121 122 141 142 148 149
5 109 136 137 138 146
6 102 117 121 131 136 151
17 99 103 105 114 115 121 124 126 127 131 134 142 143 145 149 150 151
15 100 105 107 109 110 116 117 124 125 136 137 138 143 146 150
8 102 112 120 127 137 145 146 150
8 99 104 106 108 118 133 135 136
8 104 106 108 113 123 129 133 138
5 110 112 113 116 140
8 112 117 122 135 143 145 147 150
6 108 118 137 138 140 141
5 108 121 122 131 151
13 106 107 108 109 112 113 126 128 135 137 139 143 147
10 101 102 104 106 112 122 133 136 138 151
12 99 104 111 113 117 121 125 126 130 133 136 144
11 104 108 113 119 122 123 129 133 138 140 144
13 99 100 111 114 116 121 125 130 131 136 140 149 151
11 109 112 117 119 122 130 135 142 143 145 147
17 100 102 108 112 115 117 121 124 128 133 135 140 142 143 146 147 149
12 101 102 106 116 119 124 126 133 136 137 147 149
11 102 110 114 115 116 119 123 131 140 142 143
9 99 100 104 106 118 121 125 132 133
17 101 103 104 112 114 121 122 125 130 131 134 135 138 142 143 149 151
9 99 107 109 121 136 138 146 147 149
10 102 105 112 116 120 126 130 132 146 149
12 100 106 107 108 112 113 116 126 128 135 137 139
7 105 111 114 115 122 123 132
5 112 117 122 132 145
25 100 102 103 105 112 118 122 123 124 128 129 131 134 135 136 137 138 140 141 142 143 144 147 148 150
3 118 123 140
14 99 111 113 116 121 127 129 131 132 134 135 138 145 151
9 103 107 109 111 124 137 145 147 150
5 110 111 118 125 126
12 105 106 108 110 112 118 124 127 137 138 147 149
6 102 105 135 136 146 149
11 99 108 109 111 127 129 131 134 135 138 145
16 100 105 106 111 112 113 116 121 123 127 131 133 136 145 147 150
18 99 100 105 119 122 123 128 129 134 136 137 138 140 142 143 144 146 150
7 99 118 133 135 142 144 147
11 99 100 111 114 121 125 130 136 140 150 151
11 104 105 106 116 118 126 127 129 130 138 141
10 105 106 116 118 125 126 129 138 141 150
13 101 114 117 122 125 126 131 132 134 141 145 146 150
15 99 101 105 109 111 112 113 125 132 133 138 141 142 149 150
10 99 100 114 119 121 125 131 136 140 150
9 99 111 116 125 131 136 137 149 150
12 101 107 109 115 116 117 121 125 127 130 149 151
16 100 105 106 112 113 115 116 121 123 127 131 132 133 142 145 150
8 102 105 119 123 131 135 148 151
7 108 111 114 126 134 139 147
6 110 112 113 116 119 140
12 100 101 107 110 120 125 128 137 138 143 145 151
7 104 107 108 117 122 131 151
6 107 112 117 122 132 145
10 102 110 114 115 116 120 131 139 140 142
31 99 100 102 103 104 105 106 107 109 114 115 117 119 121 123 125 126 127 129 131 134 138 139 141 142 143 144 145 146 148 151
19 100 101 105 107 109 110 116 117 119 120 123 128 136 137 138 143 145 150 151
7 100 110 111 118 125 126 145
14 103 106 108 110 112 113 114 123 133 140 142 145 146 151
12 103 106 114 124 127 131 142 143 145 149 150 151
10 102 110 114 115 116 120 123 132 139 142
7 99 111 113 115 125 129 143
3 102 108 126
7 102 111 114 115 122 132 138
9 99 103 110 111 127 130 133 140 147
5 100 120 128 143 148
7 103 109 111 124 139 142 147
10 99 114 121 127 131 134 141 143 148 151
9 100 103 120 130 135 139 143 144 145
16 103 105 106 114 115 121 124 127 131 134 142 145 148 149 150 151
12 101 110 114 115 118 121 127 131 134 141 148 151
19 100 101 105 107 109 110 116 119 120 124 125 128 129 136 137 143 145 146 150
8 99 104 106 108 133 136 144 147
10 101 108 112 115 116 120 122 129 132 139
12 100 102 104 112 114 117 119 124 130 132 145 146
13 101 102 105 107 116 118 119 121 138 141 146 149 150
4 108 109 124 126
33 99 102 103 105 107 109 110 113 115 116 118 122 123 124 125 126 127 128 130 131 132 133 134 138 140 141 142 143 144 145 147 150 151
16 100 101 107 109 110 119 120 123 128 129 136 137 145 146 150 151
2 113 126
12 104 115 116 122 128 129 131 133 137 138 148 151
9 106 108 109 113 126 135 139 143 147
11 101 113 116 118 124 130 132 133 135 136 147
11 111 125 131 132 134 138 144 146 147 148 150
5 107 111 122 132 138
5 110 131 132 138 147
11 99 111 113 115 122 123 125 131 143 144 145
6 103 109 110 123 143 149
11 99 106 109 111 113 124 128 132 138 141 150
12 108 112 114 115 116 117 120 130 132 133 141 143
5 107 133 138 141 147
11 100 105 112 113 116 121 123 131 132 136 150
5 105 111 115 122 123
15 103 106 112 113 115 118 121 122 130 133 135 141 142 148 149
9 101 111 112 113 116 132 133 135 150
13 101 103 104 106 115 118 120 128 138 141 142 143 148
9 99 108 111 114 126 132 134 139 144
13 103 106 108 110 112 113 123 125 133 141 142 146 147
7 100 104 106 113 122 128 140
8 99 111 122 123 129 144 145 150
17 100 102 103 110 111 115 122 124 128 133 136 140 142 143 145 146 147
32 101 102 103 104 105 112 113 116 118 119 122 123 124 125 126 127 130 131 132 133 134 135 136 138 140 141 142 143 144 145 147 150
6 103 109 111 124 139 145
12 102 113 119 120 121 125 127 128 130 139 146 150
8 103 110 111 127 130 133 140 142
11 99 101 107 113 114 120 132 134 137 139 151
12 106 108 111 114 117 120 121 129 137 139 146 149
10 100 106 111 113 123 131 133 136 142 145
11 99 118 119 121 125 131 133 136 140 148 151
16 102 105 107 110 112 116 118 119 120 124 126 127 128 133 137 138
7 107 111 122 132 138 146 147
12 99 104 106 107 108 118 120 133 135 136 144 147
13 99 111 114 116 119 121 130 131 136 137 140 149 150
12 106 107 108 110 116 117 120 126 132 139 140 150
15 103 106 108 110 112 113 125 133 135 140 141 142 146 147 151
8 101 104 107 110 117 122 143 148
11 99 105 115 118 127 133 141 145 146 147 148
9 108 109 113 116 128 135 139 143 149
13 109 110 111 112 113 115 116 130 137 139 140 143 148
15 104 111 112 119 121 122 129 130 131 134 135 138 142 144 149
15 101 106 107 114 115 117 122 123 137 140 143 144 146 147 149
9 110 118 123 124 135 142 143 145 149
10 102 104 118 119 120 125 133 139 148 150
7 107 122 132 133 138 146 147
8 102 104 118 125 133 136 139 150
13 105 106 112 113 116 121 123 127 131 136 142 145 150
13 99 101 107 109 113 114 119 120 132 137 144 148 151
14 112 113 119 120 121 125 127 128 130 137 139 145 146 150
9 103 107 111 117 124 139 145 147 150
19 101 104 106 110 118 120 123 127 129 134 135 138 139 141 142 143 144 146 148
7 99 104 118 120 133 142 147
25 100 102 104 105 108 109 110 114 115 121 123 125 126 131 134 138 139 142 143 144 145 146 148 149 151
9 101 110 114 121 125 131 134 143 151
10 99 101 115 125 127 131 141 143 148 151
5 119 120 137 138 140
6 103 108 117 129 131 138
9 110 114 126 129 130 134 135 143 145
12 100 106 108 114 117 120 121 137 139 146 148 149
5 102 114 115 122 132
7 99 103 109 124 125 134 144
11 100 105 116 119 125 129 136 138 143 150 151
14 100 103 110 114 119 120 127 129 130 134 135 143 145 148
12 106 114 115 117 122 123 126 130 137 141 143 149
8 101 109 117 120 125 129 135 144
8 99 111 113 122 123 131 143 150
11 99 104 106 107 108 118 120 123 133 135 142
28 99 101 103 104 105 110 113 115 118 119 123 124 126 127 128 130 131 132 134 135 136 138 140 141 142 144 145 151
9 101 103 104 110 117 129 142 145 150
11 102 112 118 121 127 130 135 141 142 148 149
14 100 104 117 121 132 134 135 139 140 141 142 146 148 151
10 111 125 131 133 134 138 144 146 147 150
17 102 107 109 111 113 114 115 118 120 121 125 126 127 131 132 133 135
11 100 104 105 112 114 117 119 130 132 135 145
14 101 102 116 118 119 121 125 126 137 141 143 146 149 150
16 99 104 107 109 111 117 118 121 122 126 127 130 134 136 138 150
4 112 113 132 145
14 99 110 113 114 118 120 123 124 125 132 141 142 143 149
6 101 103 109 110 144 147
7 111 114 115 122 123 132 138
3 123 140 146
9 99 104 106 107 108 118 120 142 147
9 101 102 103 108 128 129 137 144 149
17 100 102 103 112 118 119 124 129 131 135 136 137 138 143 144 146 147
18 101 103 104 111 112 119 121 125 129 130 131 134 135 138 142 143 144 149
5 100 139 143 144 148
26 99 102 103 104 105 107 108 109 110 119 123 125 126 127 129 134 137 138 139 142 143 144 145 146 148 151
6 111 122 132 133 141 147
8 102 104 107 117 121 122 136 151
9 99 100 106 111 118 121 124 132 133
6 108 114 126 134 144 147
7 109 115 122 129 132 136 148
7 99 109 124 125 135 144 149
9 99 104 111 114 131 132 139 144 147
10 101 103 104 110 117 124 129 142 145 146
14 100 114 121 122 124 125 127 131 138 141 145 146 149 150
15 103 106 108 110 112 113 114 123 125 133 135 140 142 145 146
12 99 107 109 113 114 119 120 132 137 139 144 151
13 101 102 106 112 115 116 117 129 136 137 138 148 151
12 99 103 113 116 121 128 129 132 134 135 138 151
12 105 117 119 122 124 128 134 136 139 143 150 151
26 99 102 103 104 105 107 109 110 115 116 119 122 124 125 126 127 128 131 132 133 140 142 143 144 145 147
6 102 120 130 132 136 146
14 99 106 109 111 113 125 128 132 133 138 141 142 147 149
36 100 101 103 104 105 106 107 108 109 110 111 112 113 114 116 119 124 125 129 130 131 132 133 134 136 137 139 140 141 144 145 146 147 148 149 150
16 103 104 109 111 119 127 128 129 137 143 144 145 148 149 150 151
36 99 101 102 103 104 105 107 109 111 112 113 114 116 119 121 122 123 124 125 129 130 131 132 133 134 135 137 139 141 142 143 144 145 146 147 149
24 99 103 104 105 106 108 110 112 115 116 118 119 120 122 125 130 138 141 144 145 146 147 149 150
35 99 100 101 102 103 104 105 106 107 108 109 110 111 113 117 119 120 123 124 125 127 128 129 131 134 135 136 138 139 140 141 143 144 146 147
29 99 100 101 105 107 109 110 111 112 113 115 119 121 125 127 128 130 131 132 134 136 139 140 141 142 143 146 148 150
36 99 100 102 103 105 107 108 109 112 115 116 117 118 120 121 123 124 125 126 128 129 131 132 133 134 136 138 139 140 142 143 147 148 149 150 151
23 103 105 107 112 114 117 118 119 123 124 126 127 130 131 133 134 135 140 141 142 143 145 148
20 99 100 102 104 106 108 113 114 115 119 120 122 125 126 129 135 140 145 147 150
23 100 101 105 108 112 113 116 117 121 122 123 124 127 128 129 132 138 139 140 144 147 149 151
27 100 101 103 105 106 107 108 111 112 113 117 119 123 127 129 131 134 135 136 137 138 141 142 143 144 147 148
32 99 100 101 104 105 107 108 110 112 113 114 115 117 119 120 121 122 123 125 127 128 130 131 133 135 136 139 142 143 144 150 151
37 99 100 101 102 103 106 107 108 111 112 113 114 116 118 119 124 125 127 128 130 131 132 133 134 135 136 138 139 140 141 142 144 146 147 149 150 151
19 100 102 106 109 112 113 116 118 119 124 130 131 136 137 138 143 145 146 149
21 103 105 108 109 113 114 115 116 119 120 122 125 128 130 135 140 141 144 145 146 148
30 101 102 103 105 107 109 110 111 112 113 115 116 118 121 122 124 127 131 132 135 136 137 139 141 142 143 144 146 149 151
30 99 100 101 102 103 104 106 110 111 113 115 116 118 120 122 123 126 127 128 130 132 138 139 140 141 144 145 146 147 151
17 99 100 104 106 108 111 118 122 123 126 131 133 143 144 146 148 150
32 100 101 102 103 105 106 107 109 111 112 114 115 116 119 120 121 122 123 125 128 133 134 138 140 141 142 143 145 146 147 148 150
28 100 103 106 107 110 111 112 114 115 116 117 118 119 120 123 124 125 128 129 132 133 135 137 138 141 142 150 151
36 99 100 101 104 105 106 108 109 110 111 112 113 114 115 119 120 122 123 125 127 128 131 132 133 134 136 137 139 140 141 142 143 144 145 148 150
20 101 103 104 105 107 112 114 116 117 119 120 122 126 129 132 135 139 140 144 148
24 102 103 106 109 110 111 114 115 121 127 131 132 133 136 138 139 142 144 146 147 148 149 150 151
31 99 100 101 103 104 105 107 108 110 112 117 118 119 120 121 123 125 128 131 132 135 137 138 140 141 142 143 146 147 148 151
27 99 103 104 105 107 109 111 112 116 117 118 121 123 124 129 131 132 135 136 141 142 143 144 146 147 148 150
18 100 101 102 103 104 108 110 114 116 117 119 120 121 122 123 124 129 136
29 100 101 102 103 106 111 112 113 115 117 119 122 123 124 125 126 127 128 130 131 133 135 136 138 142 143 144 148 150
36 100 101 103 104 105 106 109 110 111 113 114 115 116 117 118 119 120 121 122 125 128 129 130 132 134 135 138 141 142 143 144 145 146 148 150 151
19 104 106 107 110 116 120 121 124 126 127 129 131 132 133 137 139 146 147 149
23 101 103 106 108 111 115 117 124 126 130 131 132 133 135 136 139 140 144 145 147 148 149 150
25 99 100 102 103 104 106 107 109 115 118 119 120 122 127 131 132 133 134 136 141 142 143 145 150 151
32 100 101 102 105 107 108 111 112 113 114 115 116 119 121 122 124 125 126 127 130 131 132 134 138 139 141 142 147 148 149 150 151
33 100 102 105 106 107 108 110 111 112 114 116 117 118 122 124 125 126 127 128 129 130 131 133 134 135 136 137 138 139 142 144 147 151
22 101 103 106 109 110 111 117 119 120 122 123 127 128 130 132 133 135 139 142 146 147 150
17 99 100 103 105 107 111 113 118 120 122 131 133 134 141 142 148 149
33 99 100 101 102 104 105 106 107 108 109 111 113 115 117 118 119 120 121 122 124 126 127 128 130 131 132 133 134 138 139 143 144 147
25 102 104 107 108 109 110 114 115 118 121 124 127 128 129 132 134 136 138 139 142 143 144 146 147 150
17 103 104 106 107 109 110 125 128 132 134 138 139 141 143 146 147 151
20 107 108 111 115 120 121 124 125 132 134 136 137 138 140 143 144 145 146 147 150
35 100 101 102 104 105 106 108 109 110 111 112 113 114 116 119 121 122 123 124 125 126 127 128 130 132 134 135 136 138 142 144 145 147 150 151
33 99 101 102 103 106 108 110 111 112 113 114 115 116 117 118 119 121 123 124 125 126 127 130 131 132 136 138 139 141 145 147 148 151
29 102 103 106 107 108 111 113 114 117 120 122 123 124 125 126 127 128 130 131 134 135 136 137 139 141 143 144 145 149
26 99 101 103 104 106 107 112 113 115 121 122 123 124 125 126 129 138 140 141 142 143 144 145 146 147 151
32 99 100 102 103 104 108 109 111 113 114 116 117 118 120 121 124 125 128 129 131 132 134 136 138 139 140 141 142 143 144 148 149
25 102 105 106 108 110 114 115 118 119 120 121 124 127 128 132 137 139 140 141 143 145 146 149 150 151
22 99 100 106 107 113 115 122 124 126 128 132 134 137 139 140 142 143 144 145 147 149 150
23 101 102 104 107 110 111 113 114 124 125 127 129 132 134 137 138 139 141 143 147 148 149 150
31 99 100 101 102 103 107 110 112 113 117 120 121 123 124 125 126 127 128 130 131 132 135 136 137 139 140 142 143 144 147 151
32 99 100 101 103 105 107 108 109 110 114 116 117 118 119 121 122 124 125 126 128 130 132 134 136 138 141 142 144 146 147 148 149
28 99 100 102 103 104 106 107 109 112 114 115 118 122 124 126 127 128 129 131 132 135 138 141 144 145 147 150 151
33 99 100 101 102 103 104 111 112 114 115 116 118 119 120 122 124 125 126 127 128 129 130 131 135 136 139 140 141 146 147 149 150 151
17 101 103 104 106 108 111 113 121 123 125 133 138 139 142 143 144 145
23 99 103 104 110 111 113 115 116 117 118 119 121 122 127 131 133 137 139 140 141 142 145 150
32 99 100 102 103 104 105 106 108 109 111 112 113 115 123 124 125 126 128 129 132 133 135 137 138 141 143 144 146 148 149 150 151
22 101 102 104 107 108 113 114 119 122 123 124 126 128 129 131 132 136 139 142 143 144 145
33 99 100 102 103 104 105 106 107 110 111 112 114 116 117 118 121 122 127 128 129 130 132 134 136 137 139 140 141 142 143 149 150 151
20 102 108 115 116 119 122 129 130 131 132 136 139 141 142 143 144 145 148 149 150
22 100 101 104 105 107 108 115 116 119 121 124 128 129 133 134 137 138 140 143 144 150 151
29 100 103 105 106 111 112 114 116 117 118 119 121 124 126 127 128 129 130 132 133 134 136 139 141 143 144 145 146 151
20 101 102 103 106 111 115 118 120 124 125 126 128 129 136 137 140 142 146 148 149
27 99 100 102 104 107 108 112 115 117 120 121 123 124 125 126 127 128 131 135 142 143 144 145 146 147 150 151
21 100 103 105 109 111 112 113 114 115 116 120 122 124 125 130 132 135 137 138 140 149
25 99 101 103 104 105 108 109 113 114 116 117 118 120 122 124 125 131 134 135 138 139 140 141 147 151
32 99 101 102 105 106 107 108 109 110 113 114 115 116 117 121 125 126 131 133 135 136 138 139 141 142 143 144 145 146 148 149 151
19 99 101 103 107 110 116 119 121 122 123 125 126 127 128 134 139 144 146 149
27 99 102 103 105 106 107 112 113 116 119 121 122 123 124 127 128 129 132 135 136 137 138 139 144 146 148 150
35 99 100 101 103 108 109 110 112 113 114 115 119 120 121 122 124 125 126 127 129 131 132 135 136 137 140 141 144 145 146 147 148 149 150 151
29 99 100 101 103 106 107 109 111 113 114 115 116 117 119 122 124 125 126 129 131 132 137 138 140 145 146 147 149 150
21 100 101 104 106 111 112 113 114 117 118 119 121 122 125 126 128 131 132 135 145 146
31 99 100 101 102 103 105 107 110 112 114 117 118 120 121 122 123 124 126 128 129 132 133 136 137 140 142 146 148 149 150 151
20 100 101 102 113 116 119 120 123 130 132 133 134 135 136 138 139 140 143 145 146
27 100 101 102 104 105 107 108 109 111 112 113 114 115 118 119 121 123 124 125 132 136 137 138 140 141 143 151
25 101 103 104 106 108 111 112 115 116 117 118 122 123 125 128 130 131 132 136 137 143 145 148 149 151
29 99 100 102 104 105 106 108 109 112 113 114 116 122 123 124 125 126 129 130 133 135 136 137 140 141 142 146 147 150
36 100 101 102 103 104 106 108 109 110 112 113 114 116 117 119 121 122 125 126 127 128 129 130 133 135 136 137 139 141 142 143 144 145 146 148 150
17 99 106 107 108 110 115 116 124 125 128 130 138 141 143 147 149 151
32 99 100 102 104 107 109 111 112 113 115 116 118 119 120 121 123 127 128 129 131 132 133 134 138 139 140 141 144 145 146 148 150
30 100 101 105 106 108 110 111 113 114 117 119 120 121 122 123 124 125 126 127 128 131 133 137 139 140 141 142 143 146 151
26 99 103 104 107 111 112 114 116 117 118 119 121 125 126 128 129 130 131 135 139 142 145 146 147 148 151
18 100 101 109 114 120 121 123 127 129 132 133 137 138 140 141 146 150 151
22 99 101 104 105 106 108 109 110 114 115 116 117 124 126 128 132 135 137 138 139 142 143
16 103 105 109 110 112 119 122 123 124 128 129 132 135 138 140 148
27 99 102 103 106 108 109 110 113 114 115 118 119 122 125 127 128 132 134 135 136 140 143 144 145 148 149 151
21 99 103 105 108 110 112 113 114 116 117 124 126 133 134 140 141 144 145 148 149 151
36 99 101 102 104 105 107 109 110 112 113 114 115 116 117 118 120 121 123 124 126 127 130 131 132 133 134 135 137 138 139 142 143 146 147 148 151
26 99 101 103 107 108 112 114 116 117 119 124 125 127 129 131 134 135 136 137 138 139 140 143 144 149 150
25 102 104 105 107 110 112 113 114 116 118 119 120 122 125 127 128 129 130 131 133 134 135 136 143 149
35 100 101 102 103 104 106 107 108 109 110 111 112 113 114 115 116 118 124 126 127 129 131 134 135 136 137 139 140 141 142 146 147 148 149 151
25 101 102 103 104 105 106 108 115 117 118 119 123 125 129 133 134 135 137 138 140 141 143 144 148 151
27 101 102 104 109 111 113 115 118 119 120 122 123 124 125 128 130 131 132 133 134 135 136 138 139 141 143 148
24 99 100 101 105 107 111 114 119 120 122 125 126 127 130 132 134 135 139 143 145 146 148 149 150
35 100 101 102 103 106 107 108 110 111 112 113 114 115 116 117 120 121 125 127 128 130 131 132 133 135 137 139 140 142 144 146 148 149 150 151
23 100 101 102 106 109 111 115 116 117 118 121 123 124 125 126 129 130 131 133 137 139 150 151
30 100 101 103 105 108 110 111 112 113 117 118 119 120 121 125 126 127 128 131 132 135 137 138 140 141 144 145 146 147 149
16 101 103 106 107 108 111 112 117 119 122 126 134 137 139 146 149
23 99 102 103 106 110 119 120 122 125 127 128 129 130 131 134 138 139 140 143 145 146 147 148
28 100 101 102 103 104 106 110 111 116 117 118 120 121 123 124 125 130 134 135 137 138 139 141 144 145 146 149 151
18 100 101 105 110 112 113 116 117 124 127 129 130 135 143 145 146 148 149
18 102 103 105 108 113 116 119 120 121 125 127 133 135 137 138 145 146 148
28 101 102 103 104 105 106 107 108 109 111 116 118 121 123 124 125 127 130 131 132 136 139 140 143 144 145 150 151
23 99 102 106 107 111 112 114 115 116 119 121 124 129 132 134 136 139 141 142 146 147 148 149
23 99 100 105 106 109 111 112 113 114 115 117 122 123 129 130 132 135 136 140 141 145 146 151
17 111 113 114 117 121 122 125 127 128 131 133 135 140 143 144 147 148
27 100 101 102 103 106 108 112 113 114 115 116 118 121 122 124 125 126 127 129 134 136 137 138 145 147 149 151
21 100 101 103 105 109 113 116 117 118 119 127 128 131 132 138 141 142 146 147 149 150
26 107 109 110 112 113 114 115 118 120 121 122 124 127 128 129 131 133 136 137 139 141 142 148 149 150 151
19 101 102 103 107 111 112 113 114 115 118 119 121 122 129 133 134 138 148 149
17 100 111 116 119 120 123 125 128 129 131 132 133 134 138 142 147 149
32 100 102 104 105 106 108 112 113 114 115 116 117 118 122 123 125 128 129 130 131 134 135 136 137 138 139 140 142 144 145 147 149
29 99 100 101 103 105 106 108 110 113 114 115 121 123 124 125 132 133 134 135 136 137 138 142 143 144 146 147 149 150
21 99 101 102 103 104 110 111 114 119 120 124 125 131 133 136 138 140 146 147 149 151
21 99 101 107 109 110 111 113 114 116 117 120 126 127 134 139 142 145 147 148 149 150
26 100 101 106 108 113 116 117 120 121 122 123 127 131 132 134 136 137 139 140 144 145 146 147 148 149 150
34 100 101 102 103 104 109 110 111 112 113 114 117 118 119 120 121 124 125 127 128 129 134 135 136 137 140 143 144 146 147 148 149 150 151
24 99 106 110 117 119 121 122 124 127 128 130 131 133 134 136 137 139 142 144 145 147 148 150 151
21 99 100 101 107 112 114 118 119 122 124 125 127 128 130 131 133 138 139 141 144 148
16 101 105 108 110 112 113 120 122 126 127 129 134 136 145 147 150
32 99 100 102 103 104 106 107 108 109 110 112 113 115 116 123 124 127 128 129 130 131 134 135 136 138 139 140 142 143 146 147 150
16 99 103 106 107 109 120 122 123 124 127 129 130 133 138 142 148
22 100 102 104 108 110 113 114 116 118 124 128 129 130 132 134 136 138 139 140 143 146 148
24 100 102 105 106 107 110 112 115 116 118 121 122 123 124 126 127 130 132 135 141 144 146 149 150
22 102 105 106 111 113 115 122 123 126 128 130 133 134 135 136 139 140 141 142 146 149 151
17 101 105 108 109 110 113 115 118 119 123 126 127 137 138 143 149 150
28 105 106 107 115 119 120 122 124 125 126 127 128 130 132 134 137 138 139 140 141 142 143 144 145 146 147 150 151
17 99 102 105 110 118 122 124 127 128 137 139 142 144 145 146 150 151
21 99 103 105 111 112 114 118 121 126 127 129 130 131 134 137 142 144 147 148 149 150
36 100 101 103 104 105 106 108 111 114 115 118 122 123 125 126 127 128 129 130 131 132 134 135 136 137 138 139 140 141 142 143 144 146 147 150 151
16 101 102 104 109 111 112 114 119 121 129 130 137 139 145 149 151
17 101 105 106 111 112 117 118 124 128 134 135 142 146 148 149 150 151
22 99 102 103 104 110 123 125 126 127 129 130 131 132 139 140 142 144 145 146 148 149 150
25 101 102 103 105 109 112 113 116 117 120 122 123 124 125 129 130 133 134 136 137 138 139 142 143 149
24 99 100 101 102 104 106 108 111 112 113 115 117 120 127 128 130 131 138 139 141 143 147 150 151
22 100 104 105 106 107 108 110 111 119 120 122 123 126 127 132 135 139 142 145 149 150 151
21 100 109 111 113 115 116 119 125 128 129 130 133 135 137 139 140 142 143 145 148 149
28 104 106 108 109 110 111 113 116 117 118 120 121 124 126 127 128 131 132 133 134 135 136 137 140 141 142 150 151
20 100 101 102 113 114 115 119 122 125 126 129 132 134 137 141 142 143 144 149 150
19 102 106 110 114 119 120 122 124 125 129 133 135 136 139 143 146 149 150 151
17 100 105 107 110 118 120 122 124 126 129 131 133 135 137 139 140 148
33 99 101 102 103 105 106 107 109 111 112 113 116 117 118 120 121 123 124 125 127 129 130 133 134 135 136 137 139 140 143 145 146 151
23 99 102 105 118 119 120 122 126 128 129 130 131 134 135 136 137 139 142 143 146 147 149 151
22 102 103 104 105 108 109 110 112 114 118 120 121 123 126 133 135 137 139 143 146 148 150
32 99 100 102 104 105 106 107 109 110 113 114 115 117 119 120 122 125 126 127 128 131 133 134 135 136 139 141 142 147 148 149 151
33 99 100 102 103 106 107 109 110 114 115 116 118 119 120 121 122 126 129 133 134 135 136 137 139 140 141 142 143 145 147 148 149 151
33 100 101 103 104 105 107 108 109 110 112 113 114 116 120 121 123 125 126 133 134 135 136 137 139 141 142 143 145 146 148 149 150 151
33 99 101 102 103 104 105 108 110 112 113 114 115 117 119 120 121 122 124 125 128 130 132 135 136 138 139 140 141 144 145 147 150 151
25 99 103 105 108 110 111 112 113 115 117 120 121 122 123 124 125 127 129 131 133 134 139 141 149 151
21 100 103 104 105 106 109 110 111 113 116 121 123 128 131 136 139 141 143 146 148 151
22 103 108 109 111 114 122 123 124 125 127 128 129 132 137 139 142 145 146 147 148 149 150
33 99 102 103 104 105 106 111 113 115 117 118 119 122 124 126 127 128 131 132 133 134 135 136 137 138 140 142 143 145 146 147 149 151
32 99 100 103 105 106 107 108 111 115 116 117 120 121 123 124 125 127 130 132 133 134 136 137 139 140 143 144 147 148 149 150 151
26 100 102 103 105 109 110 111 113 114 116 120 122 126 128 129 132 134 135 139 140 141 144 146 149 150 151
18 102 108 112 114 121 123 125 126 128 129 133 137 138 139 143 146 149 151
28 99 100 101 106 109 111 113 114 117 118 119 120 121 125 127 128 130 132 136 137 138 140 142 144 145 146 147 151
35 99 100 101 102 104 105 107 108 109 111 113 115 116 118 119 120 123 124 125 128 129 132 133 134 135 136 139 141 144 145 147 148 149 150 151
17 99 105 108 109 112 114 120 121 123 126 128 129 130 134 140 144 151
20 99 101 106 110 111 112 113 117 121 123 125 128 129 130 133 134 137 139 144 151
23 104 108 109 111 112 117 121 123 124 125 126 129 130 132 135 136 142 143 145 146 148 150 151
25 104 106 107 108 110 111 112 114 116 118 122 123 124 129 130 134 136 137 139 141 144 146 147 149 151
20 100 106 108 109 111 113 118 119 121 122 123 127 129 130 131 139 142 144 145 151
27 100 101 102 104 105 106 107 109 110 111 115 117 120 121 123 132 135 136 137 138 141 142 144 145 147 149 151
19 105 107 109 111 112 115 116 117 119 122 124 127 128 129 130 131 132 133 138
36 99 101 102 103 106 107 108 109 110 111 112 113 114 116 117 118 119 120 121 123 125 126 127 129 130 132 135 136 137 138 139 140 142 144 147 149
21 101 103 105 109 115 116 117 118 121 125 127 128 132 136 138 144 145 147 148 149 151
17 104 105 106 108 109 116 118 121 124 125 133 137 139 142 143 149 150
27 102 106 107 108 109 110 111 115 116 118 121 122 123 124 128 131 132 133 134 135 139 140 142 143 145 148 149
27 99 100 101 105 106 108 113 115 122 124 125 126 127 128 131 132 133 134 138 141 142 145 146 148 149 150 151
34 99 100 103 106 107 109 110 111 112 113 115 116 117 118 123 124 125 126 128 129 130 132 133 134 136 138 140 141 144 145 146 147 149 150
32 100 101 102 103 105 106 112 113 114 117 118 121 122 124 125 126 127 128 129 130 131 133 134 137 138 140 141 142 144 147 149 150
33 99 101 102 103 104 105 107 108 109 110 111 112 118 119 122 123 125 128 131 133 134 135 136 138 139 141 142 143 144 146 147 148 149
19 99 100 104 107 112 114 118 127 130 131 133 134 135 136 137 138 143 148 149
22 99 100 101 104 108 111 114 116 118 119 120 122 127 130 138 140 143 144 146 149 150 151
19 101 108 113 114 115 116 119 127 129 130 133 134 135 138 140 142 144 150 151
30 100 101 102 103 106 109 110 111 112 113 114 116 119 121 122 124 127 128 129 131 133 137 138 140 141 143 144 145 150 151
28 101 102 104 105 109 112 114 118 121 122 123 125 126 129 130 131 135 136 137 139 140 141 143 145 146 149 150 151
20 100 101 102 104 106 108 109 114 115 117 119 127 131 132 136 138 143 145 146 151
28 99 102 103 105 109 112 113 115 116 118 120 121 124 126 127 131 132 133 137 140 141 142 143 144 145 147 148 149
35 101 102 104 105 108 109 110 112 113 119 120 121 122 123 125 127 128 129 133 134 135 137 138 139 140 141 142 143 144 145 146 147 148 149 150
35 100 101 102 104 107 108 109 110 111 112 115 117 119 120 123 125 126 127 128 129 130 133 134 135 136 137 138 139 140 143 144 145 147 149 151
30 101 104 105 108 109 113 117 118 119 122 123 124 125 126 127 129 130 131 133 134 135 138 139 141 142 145 147 148 150 151
32 100 102 105 107 109 111 112 113 114 115 116 118 119 120 121 122 123 127 128 129 131 133 134 138 140 141 142 146 147 148 150 151
21 100 101 103 106 110 111 112 114 120 122 127 129 131 132 133 137 142 144 145 147 151
30 99 100 102 104 106 109 110 111 113 115 117 119 120 121 122 124 125 126 127 129 131 133 135 136 138 139 141 145 146 149
26 100 102 106 113 114 115 116 121 122 123 125 126 127 129 131 133 136 137 138 141 143 144 145 147 149 150
29 99 100 107 108 111 114 115 117 118 120 124 126 127 128 129 130 131 132 134 135 136 137 138 139 140 142 144 147 148
9 153 156 162 177 178 181 183 185 188
20 156 157 158 162 164 165 166 167 168 169 170 175 177 178 179 181 182 183 188 189
33 152 153 154 155 156 157 158 160 161 162 163 164 165 166 167 168 169 170 171 172 173 174 175 176 177 178 179 180 181 182 183 186 188
5 159 184 185 187 189
15 154 155 157 158 159 161 163 165 170 178 180 181 182 184 188
9 152 155 157 158 173 174 178 181 186
12 164 165 169 172 173 175 176 177 179 180 182 189
22 152 153 156 157 158 162 163 166 167 168 169 173 174 175 176 177 178 180 181 182 186 187
18 152 153 154 155 161 163 164 166 167 168 172 174 176 182 184 187 188 189
17 154 157 158 160 165 166 167 169 171 172 173 176 180 182 185 186 189
12 152 154 155 156 158 162 168 169 171 178 181 188
14 152 157 159 162 166 167 168 170 172 175 179 182 185 189
12 153 155 159 161 162 163 168 170 174 176 177 187
8 152 162 173 176 177 181 183 189
8 154 155 156 160 164 178 183 188
7 152 161 162 171 174 175 184
7 166 167 168 173 183 186 189
10 153 154 155 166 173 179 181 183 184 188
15 154 155 156 158 161 163 164 165 171 176 177 181 183 186 187
9 159 161 163 167 168 173 180 182 187
19 152 154 158 160 161 163 164 166 169 171 173 175 176 177 178 180 182 186 189
11 152 154 158 159 161 169 170 176 179 181 188
20 156 157 158 159 160 162 165 169 170 171 173 175 177 178 179 180 181 183 185 186
8 159 163 168 170 173 182 185 186
18 152 153 154 155 159 160 161 163 171 172 173 174 176 180 184 185 186 187
13 153 159 161 162 166 168 171 172 176 179 184 186 189
9 156 159 160 163 173 176 177 185 189
9 152 153 156 158 163 164 166 169 171
23 152 153 156 160 162 164 166 167 168 169 171 172 173 174 175 176 177 179 183 185 186 187 189
6 164 175 177 179 180 183
12 152 156 159 161 162 164 168 175 176 177 180 186
11 153 157 159 161 163 165 166 173 176 184 187
5 152 170 173 177 187
9 160 167 170 172 174 182 185 186 189
20 154 155 156 158 160 162 163 165 166 167 171 172 173 174 177 178 180 183 184 188
6 152 157 160 171 183 185
15 158 161 163 164 165 167 168 169 170 173 179 180 181 185 188
10 153 156 161 163 166 171 174 181 186 188
20 153 154 158 161 162 163 165 167 168 169 170 171 173 174 176 178 182 185 188 189
16 157 158 160 163 165 167 169 170 171 172 174 178 182 185 187 189
13 153 154 157 159 164 168 170 173 174 176 178 186 189
23 152 154 155 157 158 162 163 165 166 167 168 170 171 172 173 178 179 181 182 184 185 187 189
18 152 153 157 159 161 164 168 169 170 175 176 179 181 182 185 186 187 189
8 156 158 167 175 177 180 181 189
10 160 165 166 168 170 172 174 175 180 182
9 154 155 157 160 165 170 175 186 189
9 156 158 166 171 179 183 184 187 188
18 152 153 154 155 157 160 161 162 164 166 169 172 174 176 178 179 183 187
18 152 155 156 157 159 160 164 166 172 175 177 179 180 181 183 184 186 187
4 165 171 184 188
11 152 158 164 166 169 171 172 174 176 179 184
15 153 161 163 165 166 169 172 175 176 177 179 183 185 187 189
11 153 154 156 158 159 163 171 179 184 186 188
10 153 155 156 160 165 171 172 177 178 180
9 153 160 169 173 174 178 180 184 188
16 152 155 160 161 162 163 165 167 169 172 175 177 180 181 182 185
7 154 155 160 167 178 184 185
16 154 155 159 160 161 164 165 170 171 172 179 183 184 185 188 189
12 152 153 157 160 162 172 175 178 183 184 186 187
5 168 170 180 182 184
12 153 154 155 157 158 168 178 180 181 183 186 188
29 154 155 157 159 160 161 162 165 167 168 170 172 173 174 175 176 177 178 179 180 181 182 183 184 185 186 187 188 189
19 153 155 156 157 159 162 165 167 168 170 172 174 179 181 183 184 185 187 188
9 155 157 161 164 167 169 178 185 187
21 152 153 155 156 159 161 162 163 164 168 170 174 175 177 178 179 181 183 184 187 188
20 154 156 158 164 165 166 167 169 172 173 175 178 179 180 181 182 184 186 188 189
15 153 156 159 160 161 164 169 174 175 176 177 180 183 186 188
10 164 165 166 167 169 170 172 179 182 187
11 154 155 156 159 166 171 174 176 177 182 189
9 154 156 159 160 162 164 167 171 188
12 157 158 163 165 167 169 174 175 180 181 182 185
9 152 157 158 159 162 168 170 183 187
10 157 162 163 164 174 175 182 184 185 187
6 157 167 169 175 180 182
26 152 153 154 156 157 158 160 161 163 165 166 167 169 171 172 173 174 175 176 177 179 180 181 182 183 186
7 152 154 159 169 170 176 179
7 156 159 160 163 173 177 189
10 156 165 166 167 173 175 180 181 182 188
9 152 157 159 162 166 167 168 170 175
14 152 153 157 161 168 169 175 176 179 182 185 186 187 189
14 154 155 159 160 161 164 165 170 171 172 179 183 184 188
8 157 162 166 167 168 170 182 189
11 152 157 163 165 166 167 178 179 182 184 189
9 154 155 159 160 165 171 179 183 184
10 153 154 155 157 158 178 181 183 186 188
6 153 157 159 163 166 184
5 156 160 164 178 188
7 157 159 161 163 165 180 181
6 153 159 162 170 177 187
7 157 158 173 174 178 181 186
5 152 171 174 175 184
4 158 175 180 189
19 154 159 161 162 165 167 168 170 172 174 175 176 177 178 180 182 185 186 188
7 153 155 156 160 171 178 180
2 171 184
7 156 163 166 171 174 181 188
6 152 162 173 176 181 189
8 153 159 162 166 168 172 186 189
4 164 175 179 183
11 153 161 163 169 172 175 176 177 179 185 187
3 173 177 187
9 152 153 155 172 174 176 182 188 189
9 153 156 160 161 169 175 180 186 188
8 153 156 161 163 166 171 174 181
17 154 156 158 164 165 166 167 169 172 175 179 181 182 184 186 188 189
10 153 154 159 160 161 173 176 180 185 186
8 156 159 161 162 176 177 180 186
6 153 156 160 171 177 180
3 152 177 187
10 156 159 160 166 172 177 179 183 184 187
17 154 156 158 162 163 165 166 167 171 172 173 174 177 178 180 184 188
12 152 161 162 163 167 169 175 177 180 181 182 185
6 169 173 174 178 180 188
12 153 161 163 166 169 172 175 176 183 185 187 189
9 157 158 163 165 167 169 174 175 185
9 157 160 163 165 170 171 178 187 189
3 168 173 189
8 153 159 161 163 168 174 176 187
12 153 154 162 163 165 167 168 170 182 185 188 189
5 154 159 160 164 188
10 157 161 164 168 169 170 179 181 182 185
3 159 185 189
10 152 153 157 159 161 168 169 176 182 189
6 155 156 160 171 177 178
7 164 173 175 176 179 182 189
11 159 161 162 166 168 171 172 176 179 184 189
10 157 158 162 169 170 178 179 180 181 183
9 152 154 159 161 169 170 179 181 188
12 152 153 155 160 161 163 171 172 176 180 184 186
13 152 155 156 159 160 166 175 177 180 181 183 186 187
18 153 157 158 162 163 166 167 168 173 174 175 177 178 180 181 182 186 187
12 155 159 161 164 168 175 177 178 181 184 187 188
8 161 162 163 170 174 176 177 187
9 153 157 160 172 175 183 184 186 187
13 153 155 159 162 167 168 172 181 183 184 185 187 188
6 159 161 168 173 180 187
9 152 158 159 161 169 170 176 179 188
6 155 164 167 169 185 187
4 152 157 183 185
10 157 160 165 167 169 171 173 182 185 189
17 160 165 167 168 170 172 174 176 177 179 181 182 184 185 186 187 189
28 152 153 154 155 156 157 158 160 161 162 163 165 167 168 169 170 171 172 174 175 176 177 179 180 181 182 183 186
7 153 157 163 165 173 176 184
11 154 157 160 165 166 167 172 180 182 185 189
9 154 155 156 163 165 176 177 183 187
14 154 158 160 165 167 169 171 172 173 180 182 185 186 189
11 152 162 166 168 170 172 175 179 182 185 189
7 157 158 162 168 170 183 187
7 155 156 158 164 181 186 187
10 154 156 158 161 163 164 171 176 177 186
7 152 160 172 175 178 186 187
3 152 173 187
10 153 154 157 159 164 168 174 178 186 189
5 170 172 174 185 189
5 156 161 163 166 171
16 152 154 155 157 158 162 163 165 167 168 179 181 182 184 187 189
7 154 156 159 160 164 167 188
5 155 156 174 182 189
25 154 155 156 157 158 160 163 164 165 166 167 168 169 170 171 173 174 176 178 179 180 181 182 183 188
17 152 156 160 162 164 167 168 169 172 173 174 175 179 183 186 187 189
19 152 154 155 158 160 163 164 166 167 170 172 173 174 175 176 179 180 182 188
5 163 168 170 173 185
6 166 167 168 173 186 189
24 154 155 157 159 161 162 165 167 168 170 172 173 175 176 177 178 180 181 182 183 185 186 188 189
3 164 175 177
7 153 156 158 159 163 186 188
6 153 157 162 178 186 187
5 153 173 174 178 180
13 153 161 163 165 166 172 175 176 179 183 185 187 189
9 152 155 159 160 164 179 180 184 186
5 165 168 170 174 175
7 158 161 169 176 179 181 188
2 168 170
3 184 185 187
5 159 163 170 182 185
9 158 164 167 169 170 173 180 185 188
7 152 159 161 168 175 176 180
9 153 157 159 162 165 167 179 184 185
4 154 157 165 175
6 159 161 163 165 184 187
9 155 159 161 162 163 174 176 177 187
12 152 157 158 167 173 174 175 177 178 180 182 187
14 156 159 160 162 165 170 173 177 178 179 180 183 185 186
2 184 188
4 152 160 183 185
3 175 179 183
19 152 153 156 157 158 162 163 166 167 169 173 174 175 176 178 180 182 186 187
11 161 165 167 168 169 170 173 179 180 185 188
8 164 166 167 169 170 179 182 187
3 164 175 183
6 165 166 168 175 180 182
14 153 156 158 162 163 166 167 169 174 175 176 178 182 187
10 153 154 159 160 172 174 176 180 184 186
7 156 160 169 175 177 186 188
4 166 167 168 189
13 153 156 160 161 164 169 174 175 176 177 180 183 186
8 153 166 169 172 179 183 185 187
4 152 170 177 187
8 156 161 163 166 174 181 186 188
7 152 155 157 158 173 181 186
7 161 162 168 175 176 177 180
8 155 157 158 159 161 180 184 188
6 154 156 158 159 163 171
6 153 154 155 166 173 179
9 157 158 169 170 174 178 185 187 189
4 152 157 160 171
9 153 154 158 159 163 171 179 186 188
11 152 154 155 159 161 163 172 173 176 184 187
6 153 154 163 179 184 186
3 164 175 177
11 153 157 159 169 170 175 176 181 182 186 189
14 152 156 162 166 167 168 169 172 175 177 183 185 186 189
8 161 163 166 171 174 181 186 188
5 154 155 160 184 185
3 155 178 185
13 154 155 160 163 165 166 172 173 177 178 180 184 188
6 153 161 163 174 181 186
11 153 161 163 165 166 169 175 176 179 183 187
5 164 175 177 179 183
11 154 157 158 159 161 165 170 178 180 182 184
2 168 180
8 153 159 166 168 171 172 176 189
15 153 158 161 162 163 165 167 168 169 170 173 178 185 188 189
13 155 159 160 161 165 170 171 172 179 183 185 188 189
14 152 155 162 168 170 171 173 179 181 182 184 185 187 189
11 153 155 159 161 163 164 168 174 175 177 188
14 152 154 155 157 162 163 165 166 172 173 179 182 187 189
15 156 157 158 159 160 165 170 171 173 175 177 180 181 183 186
9 164 165 172 173 175 176 177 179 180
12 153 154 155 159 160 161 163 172 174 184 186 187
10 152 156 159 162 164 168 175 176 177 180
15 152 153 162 167 168 171 172 173 175 177 179 183 185 187 189
6 154 159 160 162 164 171
18 153 156 157 158 166 167 168 169 173 174 175 176 177 178 180 181 182 187
3 167 168 173
4 159 160 162 167
6 166 167 172 179 182 187
8 164 165 166 167 170 172 179 187
5 176 177 181 183 189
10 153 154 157 158 168 178 180 181 183 186
11 153 158 161 163 168 173 174 178 185 188 189
4 173 176 181 183
5 155 156 160 164 183
7 155 157 164 167 169 178 187
10 157 159 164 168 175 176 181 186 187 189
6 154 155 159 166 176 189
8 153 161 163 166 174 181 186 188
8 152 153 157 160 162 175 178 187
12 153 154 161 162 165 167 168 170 171 173 176 178
19 153 154 155 156 157 160 161 164 165 167 168 169 170 171 175 176 177 181 183
8 158 160 163 165 169 174 182 185
14 154 156 158 164 166 167 172 173 178 180 181 182 186 188
11 158 161 163 165 167 169 170 179 180 181 188
4 164 177 179 180
4 163 168 182 185
5 167 168 173 183 186
5 155 160 170 175 189
3 152 170 173
15 152 153 156 160 164 166 168 169 174 175 177 179 183 185 187
6 153 156 163 171 186 188
7 152 155 157 158 174 178 181
7 152 158 166 171 176 179 184
15 152 153 157 159 161 164 168 170 175 176 179 181 185 186 189
10 157 165 167 169 174 175 180 181 182 185
10 153 164 170 175 176 181 182 186 187 189
7 154 155 157 165 170 175 186
14 154 155 159 160 161 165 171 172 179 183 184 185 188 189
15 159 160 161 162 167 168 174 177 178 179 181 183 187 188 189
7 153 160 169 173 178 180 184
7 152 161 169 170 176 179 188
6 166 167 168 173 183 189
5 152 160 171 183 185
10 152 156 159 161 162 164 175 176 177 186
7 153 154 155 181 183 184 188
8 154 155 159 166 171 176 182 189
4 162 174 175 184
4 170 173 177 187
4 156 176 185 189
2 170 173
11 153 159 161 162 166 168 171 172 176 184 189
4 154 167 184 185
12 154 161 163 164 167 172 176 182 184 187 188 189
5 152 157 160 171 183
4 159 184 185 189
6 154 157 165 175 186 189
8 163 165 167 169 179 180 181 185
7 155 161 165 178 181 184 188
15 158 160 161 163 164 166 169 171 173 175 177 178 180 182 186
10 152 156 159 161 162 164 175 177 180 186
3 165 171 184
4 155 160 178 184
6 156 160 164 178 183 188
9 158 160 165 166 167 173 176 186 189
6 158 159 168 170 183 187
19 154 155 157 160 161 165 167 168 172 173 175 177 179 181 183 185 186 187 188
8 152 159 162 166 172 175 182 189
6 152 159 161 169 179 181
15 155 156 157 159 160 164 166 172 175 177 179 180 181 186 187
8 154 155 159 160 171 172 179 184
17 156 157 158 160 162 165 169 170 171 173 175 177 178 180 183 185 186
15 154 158 161 162 163 165 167 168 171 173 178 182 185 188 189
3 171 184 188
12 153 155 156 161 163 164 168 174 175 181 187 188
8 153 161 166 169 172 179 187 189
6 153 156 158 163 164 171
12 153 163 165 166 169 172 175 176 177 183 185 189
6 152 157 158 168 170 183
9 157 159 162 167 170 179 183 185 188
18 152 154 155 158 163 166 167 170 171 172 173 178 181 182 184 185 187 189
13 152 153 157 159 164 168 169 176 181 182 186 187 189
11 154 157 159 161 163 165 170 178 181 182 184
11 153 154 155 161 163 164 167 168 172 188 189
10 154 156 158 161 163 164 171 181 183 186
6 153 157 159 163 165 187
6 158 159 169 176 179 181
16 158 161 162 165 167 168 170 171 173 174 176 178 182 185 188 189
5 163 167 168 182 187
5 157 164 167 169 187
10 152 156 159 161 162 164 168 175 180 186
16 156 158 164 165 167 168 169 170 175 177 178 181 182 183 188 189
6 153 154 155 173 181 188
9 152 157 159 167 168 172 175 179 182
10 152 154 155 156 158 168 169 171 178 181
10 164 169 172 173 175 176 177 180 182 189
6 156 158 166 171 179 187
6 164 167 169 178 185 187
6 156 158 163 179 186 188
7 161 166 171 172 176 184 186
10 153 161 164 174 176 177 180 183 186 188
10 153 159 160 164 174 176 177 183 186 188
6 152 154 156 162 168 188
8 156 158 159 163 179 184 186 188
7 152 156 158 164 166 169 171
10 157 158 160 163 165 167 171 178 185 187
4 160 173 176 189
10 152 154 158 160 166 169 173 176 180 182
8 154 156 159 160 162 164 171 188
5 160 163 173 176 185
5 165 170 174 175 182
6 154 155 160 178 184 185
7 153 156 166 171 181 186 188
5 156 162 177 181 188
8 153 155 156 160 165 171 178 180
7 152 154 162 168 169 171 181
5 167 174 185 186 189
9 152 154 155 163 166 167 168 176 182
17 154 155 159 160 161 162 168 170 172 176 177 178 181 182 183 184 187
14 154 164 165 167 173 175 178 179 181 182 184 186 188 189
5 161 162 171 174 175
8 164 165 166 169 170 172 182 187
7 154 155 156 168 169 178 188
12 154 160 161 164 165 171 172 183 184 185 188 189
4 160 170 174 185
4 169 173 180 188
7 164 165 169 173 179 180 182
9 154 156 158 161 163 171 176 181 186
8 152 166 167 168 170 179 182 189
7 156 158 171 179 183 184 187
4 152 157 183 185
4 154 156 164 178
7 161 163 167 168 173 182 187
4 168 173 186 189
9 152 156 159 161 162 164 168 175 176
9 158 160 163 167 174 178 182 185 187
5 164 165 166 167 172
10 153 158 162 163 165 168 170 178 185 188
8 153 161 164 169 175 177 183 188
10 152 153 155 157 162 166 172 174 178 183
4 176 177 181 189
6 154 155 156 164 178 188
7 158 159 161 169 176 179 188
16 156 158 164 165 167 169 172 175 178 179 181 182 184 186 188 189
7 156 158 166 171 179 187 188
10 152 153 157 162 172 175 178 183 184 186
15 154 156 158 160 162 163 165 166 167 172 174 178 180 183 184
11 158 164 165 167 172 175 178 180 182 184 188
8 152 154 155 156 162 169 171 188
5 152 153 163 166 169
17 152 154 155 157 162 163 165 166 167 171 178 179 182 184 185 187 189
15 157 162 170 175 177 178 179 180 181 182 184 185 186 187 188
3 179 180 183
11 158 161 163 164 167 169 179 180 181 185 188
6 155 158 162 171 178 188
5 153 155 156 171 178
5 158 167 177 181 189
6 160 170 174 182 186 189
14 153 164 167 168 169 171 174 176 177 179 183 185 186 189
6 152 173 176 181 183 189
11 156 157 166 167 168 169 173 174 177 178 187
18 152 153 156 157 158 162 163 167 168 173 174 176 177 178 180 182 186 187
8 160 163 169 170 178 182 187 189
6 153 160 165 171 172 180
25 152 153 154 155 156 157 158 160 161 162 163 165 166 167 168 169 173 176 178 179 182 183 184 185 187
13 154 155 158 162 165 166 169 175 176 185 186 187 188
17 152 155 156 161 162 164 165 166 167 168 170 177 178 180 181 184 186
19 154 155 156 160 162 163 164 165 166 167 171 172 175 177 178 183 185 186 189
13 152 155 161 163 166 167 171 175 181 182 184 186 188
24 153 154 155 157 160 161 162 163 166 167 169 170 172 175 176 177 179 181 182 184 186 187 188 189
18 154 155 158 159 161 162 166 168 169 170 173 178 179 185 186 187 188 189
22 152 153 154 155 157 159 160 164 165 166 168 169 171 172 175 176 177 183 184 185 186 188
11 154 157 159 162 163 167 172 173 176 183 185
16 153 154 157 158 162 163 167 169 172 176 178 180 181 184 187 188
15 153 158 159 163 165 167 170 173 174 175 179 180 181 184 188
16 154 157 159 162 164 165 166 167 169 170 172 173 176 182 185 187
15 154 155 157 158 161 165 170 174 176 177 181 183 185 187 189
25 154 155 156 157 159 160 162 163 164 165 167 169 170 174 175 176 178 179 182 183 184 185 186 187 189
11 152 153 161 168 169 171 184 185 186 187 188
16 153 160 166 167 169 171 174 175 177 178 180 182 183 184 185 189
18 155 156 160 162 165 167 171 172 173 174 175 178 180 181 182 186 187 189
12 157 160 161 164 169 171 173 177 179 180 181 182
13 154 156 159 162 167 168 169 170 174 175 177 186 189
11 152 155 162 166 167 169 174 176 184 187 189
21 152 153 157 159 160 163 164 166 167 168 169 171 172 173 177 178 179 180 184 186 189
25 154 155 156 157 160 161 162 163 164 165 168 169 170 172 173 176 177 178 179 180 182 183 184 185 186
22 152 153 154 156 157 158 159 161 162 164 165 166 167 170 174 175 176 177 182 183 185 188
14 152 154 156 159 164 171 174 180 181 182 183 185 186 187
14 152 153 157 161 162 166 168 170 171 173 177 181 185 188
20 153 154 158 159 161 163 168 169 171 174 175 176 177 180 181 183 186 187 188 189
12 153 159 160 165 166 170 171 174 175 183 187 189
11 153 154 155 171 179 180 181 182 184 186 188
19 152 153 159 161 162 163 164 166 167 168 171 173 174 175 176 181 183 184 186
16 153 155 156 157 162 163 164 171 173 176 177 178 179 181 184 188
18 152 154 155 156 157 162 164 165 168 170 172 175 176 178 181 183 187 188
19 153 155 157 160 167 168 169 170 171 172 173 176 179 180 182 183 185 188 189
19 153 155 156 157 159 160 162 164 166 167 172 173 174 175 180 182 184 188 189
24 154 155 156 157 158 159 160 162 163 164 165 168 169 171 175 176 177 178 180 184 185 186 188 189
21 152 153 155 156 157 159 164 165 167 168 169 172 175 176 178 179 182 183 184 186 187
17 153 154 156 157 159 162 165 167 171 172 173 174 175 178 187 188 189
25 152 153 155 158 159 161 162 163 164 165 168 169 170 171 172 174 176 177 178 180 181 184 186 188 189
24 152 153 154 155 156 158 160 162 163 166 167 168 171 173 175 176 179 180 182 183 184 185 186 189
16 152 153 155 157 159 160 162 166 169 171 175 177 178 180 182 185
24 152 153 155 156 160 161 162 164 165 167 168 169 170 172 174 176 179 180 182 184 186 187 188 189
15 152 153 154 155 156 161 164 166 170 174 175 181 182 185 188
13 157 158 160 161 164 168 170 175 176 177 180 187 188
13 152 153 155 159 160 162 163 171 172 175 184 186 189
14 152 154 156 158 161 163 166 170 178 181 182 183 184 188
21 152 153 154 155 157 159 160 162 164 165 166 169 171 176 177 179 180 181 186 187 189
19 154 155 156 162 163 165 167 169 170 173 176 177 178 179 181 182 183 187 188
24 152 154 155 156 157 159 162 163 165 169 170 172 176 177 178 179 181 182 183 185 186 187 188 189
20 159 161 163 164 166 167 168 170 171 174 175 176 177 178 179 183 184 185 186 187
20 153 154 157 161 162 163 165 167 168 173 174 175 180 181 182 184 186 187 188 189
22 154 157 158 160 162 165 167 170 171 172 173 174 175 177 179 180 183 184 185 187 188 189
24 152 153 154 156 157 159 160 162 163 164 165 166 169 170 173 175 177 178 179 180 184 185 186 187
20 153 154 155 156 158 163 167 168 171 172 173 174 175 176 178 179 182 184 187 188
12 156 161 164 166 168 173 174 177 179 182 188 189
25 152 153 155 156 157 158 160 161 163 165 167 168 169 170 172 173 174 175 176 177 178 180 183 184 185
23 154 155 156 157 159 161 164 165 166 167 169 173 174 176 180 181 182 183 184 185 187 188 189
26 152 153 154 155 159 160 161 162 164 166 167 168 170 171 172 173 174 175 176 177 179 180 182 184 186 187
11 152 155 161 162 164 165 166 172 176 183 185
22 153 154 159 162 164 165 167 168 169 172 173 174 177 180 181 182 183 185 186 187 188 189
14 158 159 160 162 163 165 169 172 173 176 181 183 188 189
24 152 153 154 158 160 161 163 165 166 167 168 171 172 173 174 178 180 181 182 183 184 186 188 189
21 153 154 156 157 158 159 160 161 162 163 164 167 176 178 179 180 183 184 185 186 187
21 152 155 158 160 161 162 163 164 167 168 170 171 172 173 174 177 180 182 185 186 187
14 152 155 156 158 161 165 166 169 172 173 174 179 180 181
14 152 153 154 158 164 165 166 170 173 176 177 178 181 183
20 156 157 163 165 166 167 169 170 172 173 174 175 176 177 180 182 184 186 188 189
11 157 159 160 164 167 169 174 178 179 181 186
14 154 156 159 163 166 168 169 172 175 176 182 185 186 188
23 153 155 156 157 158 160 162 163 164 167 170 171 172 173 175 177 180 181 183 184 185 186 187
21 152 153 155 157 158 159 163 164 168 171 172 173 174 175 177 179 182 183 184 186 188
21 153 154 159 161 164 165 166 167 168 169 170 171 172 175 176 179 180 182 183 186 189
20 153 154 155 156 161 164 166 167 168 171 172 173 174 175 176 177 182 184 187 189
21 152 155 158 159 160 161 163 164 165 170 174 175 176 178 179 180 181 182 183 187 189
19 154 156 157 159 163 167 169 173 174 176 177 179 180 181 184 185 186 188 189
16 152 158 159 162 169 170 172 174 175 176 177 181 184 185 187 189
17 154 156 162 164 167 168 169 170 174 175 176 180 181 182 187 188 189
18 153 155 156 157 158 159 160 161 163 165 166 170 178 183 184 185 187 188
20 154 155 156 160 162 164 165 166 167 168 173 174 176 177 178 179 180 182 183 187
15 152 155 156 159 160 161 162 166 171 175 181 184 185 187 189
23 152 153 154 155 156 158 159 160 161 162 163 165 166 168 173 175 178 179 182 183 184 185 188
26 153 155 158 160 161 162 163 164 165 166 167 169 172 173 174 175 176 177 179 180 182 183 186 187 188 189
23 153 155 156 159 161 163 164 165 166 167 168 171 172 173 175 176 177 180 181 184 185 187 189
19 153 160 161 162 167 168 170 172 176 178 179 180 181 182 183 186 187 188 189
16 154 157 160 161 163 166 167 174 175 179 180 181 182 184 187 189
25 152 154 155 156 158 159 162 163 164 167 168 170 171 172 173 174 179 181 182 183 185 186 187 188 189
18 152 154 155 158 163 167 168 169 170 172 175 177 180 182 183 185 186 189
14 154 155 157 159 161 163 170 173 174 175 177 181 182 185
12 152 156 157 158 159 164 166 172 180 182 187 188
18 152 154 155 157 159 161 163 165 169 170 171 175 176 179 181 185 186 188
17 153 157 159 162 163 166 167 170 172 176 177 178 179 182 184 188 189
19 153 154 159 160 164 165 166 167 172 173 174 177 179 180 182 183 185 188 189
16 152 154 158 159 165 166 168 169 172 173 177 178 183 184 186 189
13 156 158 160 164 165 166 169 174 175 178 184 186 189
17 153 156 157 160 161 163 164 169 172 173 178 179 182 185 187 188 189
21 153 154 158 159 160 161 164 168 170 172 173 175 178 179 181 182 183 184 185 186 189
14 154 155 156 157 158 162 164 173 176 177 179 180 186 188
16 153 158 159 161 164 165 166 168 169 171 172 180 181 182 184 186
16 152 153 154 156 157 159 161 163 164 165 166 169 170 173 175 178
12 152 154 158 159 164 169 170 173 175 183 184 185
17 154 155 158 160 161 162 164 165 168 173 174 175 178 181 186 187 189
16 152 156 158 159 165 167 168 169 172 173 175 176 185 186 187 188
13 153 160 161 163 167 171 173 174 175 179 182 184 185
22 153 154 158 159 160 163 164 166 167 169 170 171 172 174 176 177 178 180 182 184 186 188
15 153 155 156 158 159 164 167 169 170 172 178 180 184 187 189
19 153 157 158 159 160 162 163 166 167 168 173 176 177 178 180 181 184 187 189
22 152 153 154 155 156 157 158 162 166 168 171 174 175 177 178 179 181 182 184 185 186 187
18 152 153 155 156 157 158 161 163 164 169 174 178 179 181 183 184 185 186
19 154 156 159 160 166 167 168 170 171 173 174 175 176 178 180 181 185 186 189
12 160 166 167 169 170 172 175 179 183 185 186 188
12 152 154 157 166 172 178 181 183 184 185 186 187
12 153 157 158 159 164 167 172 176 181 183 184 186
13 160 161 162 163 165 168 171 176 177 181 184 185 186
17 152 154 155 157 158 161 162 165 168 174 180 182 183 185 186 187 188
22 153 157 158 162 163 167 168 169 170 171 172 174 175 177 179 180 182 183 185 187 188 189
14 152 154 157 159 160 165 167 168 169 183 184 185 188 189
22 159 162 164 165 166 167 168 170 172 173 174 176 179 180 181 183 184 185 186 187 188 189
13 156 157 162 167 172 173 175 179 180 183 184 187 189
20 152 153 154 155 160 161 162 164 166 167 168 171 172 173 174 178 179 185 186 187
15 152 155 159 160 163 167 168 170 171 174 176 178 181 182 186
23 152 153 155 156 157 159 160 161 163 165 166 168 172 173 175 176 177 180 182 184 185 187 188
11 159 160 162 164 168 170 171 172 178 180 183
26 153 154 155 156 157 158 159 160 161 162 163 166 167 168 169 170 171 172 177 179 182 183 186 187 188 189
12 154 155 156 158 165 166 170 171 172 173 176 180
18 152 153 156 162 164 166 167 169 171 172 173 175 180 184 185 186 188 189
19 154 160 161 162 163 164 165 166 171 172 175 177 180 181 182 183 185 186 187
19 152 155 157 158 159 160 161 162 163 164 165 167 171 173 180 181 184 185 188
14 152 160 162 163 166 171 173 176 177 180 181 182 186 189
23 152 153 154 155 156 157 159 160 161 163 165 167 168 169 170 176 177 179 183 185 187 188 189
21 156 157 158 159 161 162 163 166 167 170 171 172 173 174 175 178 179 183 184 185 188
18 153 155 157 158 161 162 165 167 168 169 172 173 177 178 179 182 184 188
15 152 156 164 166 169 171 176 177 178 180 182 185 186 187 188
13 152 156 157 158 163 166 168 170 178 182 183 185 186
13 154 157 159 160 162 164 165 169 171 172 173 181 188
18 152 153 157 159 161 162 164 165 167 173 174 175 177 178 183 185 186 187
23 154 156 158 159 160 161 162 164 166 167 169 170 173 174 175 176 177 178 179 180 181 184 186
26 153 156 157 158 159 163 164 165 166 167 168 169 170 172 173 174 175 176 178 180 181 182 184 185 187 188
19 155 157 163 165 168 169 170 171 174 175 176 177 178 179 182 183 186 187 188
19 152 155 156 157 159 160 163 164 167 168 169 171 175 177 180 181 184 185 188
11 154 155 171 175 176 178 181 183 185 186 189
26 152 153 154 156 158 160 161 164 165 166 167 170 172 173 175 177 178 179 182 183 184 185 186 187 188 189
20 152 154 155 158 160 162 163 164 165 167 168 169 171 172 175 176 179 180 184 187
13 153 155 157 165 167 171 173 174 175 179 181 183 188
16 153 158 160 161 162 164 167 173 174 175 179 181 182 185 186 188
17 152 155 156 157 159 160 161 163 164 165 168 170 171 179 186 187 188
24 153 154 156 157 159 160 162 163 164 167 168 170 171 172 173 174 175 176 181 184 185 186 187 189
18 152 153 156 158 160 161 162 165 166 168 169 170 172 175 177 179 181 185
21 152 153 155 161 162 163 164 167 169 170 173 174 178 179 180 181 183 184 186 187 189
20 152 154 159 160 161 162 164 166 168 169 170 173 175 176 178 181 183 184 185 189
25 152 153 154 156 158 159 162 163 166 167 170 171 172 174 175 178 180 181 182 183 184 185 186 187 188
26 153 154 156 157 158 159 160 161 162 165 166 167 170 171 172 173 175 177 178 179 180 181 182 184 186 189
15 152 154 155 164 165 167 168 170 174 175 177 180 181 187 188
23 153 157 159 161 162 163 165 167 168 169 170 171 172 173 174 176 177 179 181 182 184 186 189
19 152 154 156 157 158 160 162 163 164 171 172 174 178 179 180 182 185 187 189
12 153 155 157 158 161 169 172 173 183 184 188 189
24 152 153 154 156 160 161 162 165 166 168 169 170 173 174 175 176 178 180 181 183 184 186 187 188
19 153 155 159 161 163 164 167 169 170 173 175 179 181 184 185 186 187 188 189
21 152 153 155 156 159 160 161 164 165 166 167 168 169 173 175 177 178 179 184 187 188
20 153 154 155 156 158 161 162 164 166 167 170 172 173 174 176 178 180 181 185 187
18 152 156 157 159 164 165 167 168 169 170 172 173 174 175 176 182 185 187
19 152 153 156 157 158 160 161 163 164 167 169 170 174 175 179 180 181 187 188
24 152 153 156 157 158 160 161 162 163 164 165 166 169 171 172 173 174 175 176 181 182 187 188 189
20 153 156 157 159 160 163 164 168 169 171 172 173 174 175 177 178 180 181 184 189
14 152 154 156 160 163 167 168 170 171 173 177 179 182 186
21 152 153 155 156 157 158 160 162 164 165 168 172 173 174 176 178 182 184 185 187 189
14 152 153 157 158 160 164 166 174 179 182 183 187 188 189
14 152 153 154 155 158 161 166 171 173 176 179 181 183 188
17 154 155 156 158 161 164 166 169 172 173 174 175 178 179 182 184 185
24 152 154 155 156 157 158 161 162 163 164 167 169 170 171 175 176 177 178 182 183 184 185 186 188
21 152 155 156 157 158 159 162 165 167 168 169 171 172 173 175 179 182 183 186 187 189
17 152 153 154 155 157 160 163 168 170 172 174 176 178 179 181 185 188
17 152 154 157 161 162 163 164 165 166 168 170 174 178 179 183 188 189
18 158 159 160 162 163 164 168 169 171 176 178 179 180 181 182 183 187 188
25 152 153 155 156 159 161 165 166 168 170 171 172 173 174 175 176 179 180 181 182 184 185 186 188 189
22 152 155 156 157 159 161 162 169 170 171 172 173 174 177 182 183 184 185 186 187 188 189
17 153 154 156 157 161 165 166 168 169 171 173 174 180 182 183 188 189
17 152 155 157 158 160 165 166 168 171 172 173 174 177 182 186 187 189
14 158 160 164 168 171 173 174 175 176 178 181 186 187 188
15 161 165 166 168 170 172 174 177 178 180 182 183 184 187 188
23 152 153 155 156 157 158 159 160 162 163 164 165 169 173 177 179 180 181 182 185 186 187 189
15 154 156 164 169 170 172 173 176 179 180 181 184 185 187 188
16 153 154 156 159 160 161 164 166 168 169 171 176 178 185 186 189
24 153 155 156 159 164 166 167 168 169 170 171 172 174 175 176 177 178 179 181 182 183 185 187 188
13 154 156 159 163 166 170 175 176 178 179 184 185 188
15 152 153 156 157 160 161 162 163 171 177 178 180 182 186 188
15 155 156 157 160 161 165 169 170 175 176 178 182 183 184 189
22 152 153 154 156 157 159 161 162 163 166 168 169 170 173 175 178 181 183 184 185 187 189
26 152 153 154 155 157 158 159 160 162 163 165 166 167 168 169 170 171 176 178 179 181 182 183 184 188 189
23 152 153 154 155 156 157 158 161 163 164 165 166 168 170 171 172 173 175 177 178 179 183 184
22 153 154 155 158 160 163 164 166 167 169 172 173 174 175 177 178 180 181 183 186 187 188
19 152 153 155 156 157 160 162 164 165 166 167 168 174 175 177 183 185 188 189
14 154 155 157 166 169 172 173 175 179 182 183 186 187 189
16 152 156 158 160 161 162 164 168 173 176 180 182 183 187 188 189
22 152 153 154 155 160 162 163 164 166 168 169 171 174 175 176 177 178 179 180 183 187 189
18 152 155 158 159 164 165 166 169 170 171 175 176 178 181 182 183 185 188
23 156 157 158 159 160 161 162 163 164 165 166 167 168 169 170 171 172 174 176 177 179 182 187
21 152 158 162 163 165 166 167 168 169 170 171 172 173 174 176 177 180 181 182 185 186
21 153 157 158 161 162 163 164 165 167 168 171 172 174 176 177 179 180 181 184 187 189
18 158 159 162 163 167 168 169 170 174 175 176 177 178 179 182 183 185 188
19 152 155 156 157 159 160 161 164 165 166 172 175 177 178 181 182 186 188 189
12 152 156 160 163 164 167 170 171 174 175 180 182
24 153 155 156 157 158 159 160 164 165 167 168 169 173 174 176 177 179 180 182 183 185 187 188 189
24 152 153 154 155 156 158 160 163 164 166 168 169 172 174 176 177 178 179 182 184 185 186 187 189
17 153 157 158 159 162 164 167 169 170 172 173 175 178 179 181 184 189
21 152 155 156 157 159 160 161 162 163 165 167 168 169 171 173 174 175 177 181 182 188
12 155 160 161 165 167 168 169 170 173 179 187 189
18 152 155 156 160 162 164 165 166 167 175 176 181 182 183 185 186 188 189
18 154 158 160 164 165 170 171 174 175 176 177 178 179 181 182 183 185 189
14 153 154 155 156 157 158 161 162 163 167 168 170 171 178
22 152 155 156 159 160 161 162 163 165 166 167 170 172 174 175 176 178 179 181 185 188 189
13 156 160 162 166 167 168 171 175 178 180 183 186 187
12 153 154 155 156 159 168 170 175 178 183 185 189
16 152 154 155 156 158 160 162 163 164 173 174 179 184 185 187 188
12 156 157 159 160 163 166 169 170 171 173 181 186
12 152 153 159 164 170 173 174 177 178 179 180 184
14 153 158 160 162 167 168 169 173 175 176 177 183 185 186
18 152 153 156 160 165 166 168 169 171 172 173 175 178 179 180 182 186 189
18 154 156 158 161 165 167 169 171 172 173 174 175 177 178 179 182 185 188
16 152 153 156 159 160 161 162 166 167 168 172 179 181 183 185 189
22 152 153 154 158 159 160 161 162 163 165 169 170 171 172 174 175 177 178 179 180 181 189
11 161 162 165 166 168 171 175 180 181 182 185
16 152 153 154 156 158 159 161 166 172 175 180 181 182 184 186 187
11 153 156 161 167 168 170 177 179 185 188 189
16 154 156 160 161 165 168 169 170 173 174 176 178 179 183 187 189
15 155 157 163 164 166 169 172 173 175 177 178 180 182 185 186
26 153 154 155 157 160 161 162 163 164 166 167 169 170 173 174 175 176 177 179 180 181 183 184 186 188 189
16 152 153 154 161 162 168 169 170 173 174 175 179 180 181 183 184
25 153 154 155 156 158 160 162 163 164 165 166 167 170 171 175 176 177 179 180 181 182 183 184 185 188
13 152 155 156 163 164 167 168 173 175 176 178 180 189
24 153 155 157 159 162 163 164 165 166 167 169 171 172 173 175 176 177 180 181 183 185 186 187 189
18 152 154 155 156 159 161 163 164 165 167 168 169 173 174 175 181 186 188
21 152 153 155 156 157 159 161 164 166 169 170 171 172 173 176 177 179 181 182 184 185
16 152 154 157 158 160 163 165 167 169 171 172 177 179 183 185 187
21 152 153 156 157 158 162 164 165 166 170 172 173 174 176 179 180 183 185 186 187 188
25 153 155 158 159 160 161 162 163 165 166 168 171 173 174 175 176 178 179 180 182 184 185 187 188 189
15 154 155 159 161 162 167 170 175 177 178 179 180 183 185 187
23 152 153 154 155 156 157 158 159 162 163 166 168 169 170 173 175 177 178 179 180 181 185 189
26 153 154 155 156 157 160 162 165 167 169 170 171 173 174 176 177 178 179 180 181 182 184 185 186 188 189
22 154 155 156 160 162 163 164 165 166 167 168 169 172 174 175 176 177 181 182 185 188 189
24 152 154 156 157 159 160 161 166 167 168 170 171 174 175 176 178 180 181 182 184 185 186 187 189
25 152 155 159 160 161 162 163 165 166 167 168 170 171 172 174 177 179 181 182 183 184 185 187 188 189
16 154 155 156 161 162 163 167 168 172 176 177 180 182 183 184 185
23 152 153 156 157 160 161 162 163 164 165 168 171 172 173 174 175 176 177 179 180 184 186 189
13 152 153 162 169 172 173 174 177 178 180 182 187 189
14 153 158 160 161 162 163 164 165 167 175 178 179 185 189
12 152 154 155 158 160 163 164 165 166 174 182 183
15 152 158 165 166 167 168 169 172 173 176 178 179 182 183 187
16 154 155 157 158 160 161 165 166 170 173 174 177 179 180 187 188
19 153 155 156 159 160 161 162 166 167 170 172 173 175 176 177 178 181 184 189
16 156 158 160 163 164 166 167 169 170 179 180 182 184 185 186 188
22 153 155 156 157 158 160 162 165 167 168 169 170 171 172 173 175 176 182 185 187 188 189
20 154 156 157 159 160 161 164 165 166 169 170 173 177 179 180 181 182 186 187 188
16 154 155 157 164 168 169 172 174 176 177 180 181 183 185 188 189
23 153 154 155 156 157 158 159 161 162 163 164 169 174 176 180 181 182 183 184 185 186 187 189
25 153 154 155 156 159 160 162 163 165 166 167 169 170 174 175 176 178 179 180 182 183 185 186 188 189
20 155 156 157 158 160 162 163 165 167 169 171 172 173 174 177 179 180 181 187 188
24 152 153 154 156 157 158 161 164 165 169 171 175 176 177 178 179 180 181 182 184 186 187 188 189
13 160 166 171 172 174 175 176 180 181 183 186 187 188
16 152 159 161 166 167 169 170 171 173 174 175 176 177 181 187 189
14 154 156 157 159 168 170 174 178 179 181 182 183 187 189
23 154 155 159 160 161 162 163 165 167 168 169 170 172 173 174 175 178 179 182 184 186 187 188
18 156 159 161 162 166 167 168 170 171 172 174 176 177 180 182 184 186 189
25 154 155 156 157 161 163 164 165 167 169 170 171 172 173 174 175 176 178 181 183 184 185 186 187 189
16 152 157 158 159 166 167 170 172 177 178 179 180 181 182 187 188
12 155 158 161 167 169 170 171 172 174 177 178 185
24 152 153 154 155 156 157 158 159 161 165 167 168 170 171 172 173 177 179 180 183 184 185 186 187
23 153 154 155 156 157 160 163 164 165 166 167 168 169 170 174 177 179 180 181 182 184 186 187
13 163 164 165 166 168 169 175 178 180 182 183 184 185
26 152 153 154 155 156 157 158 162 163 164 166 167 169 171 172 174 177 178 182 183 184 185 186 187 188 189
26 153 155 156 157 158 159 160 161 162 165 168 169 170 171 176 178 179 180 182 183 184 185 186 187 188 189
16 152 157 162 163 166 168 173 175 177 178 179 183 185 186 187 188
19 153 155 158 159 160 161 167 168 169 171 175 178 179 183 184 185 186 187 188
19 152 155 156 158 161 163 164 166 168 170 173 176 178 180 182 184 186 187 189
14 152 158 159 164 172 173 174 175 179 180 181 185 186 188
24 153 156 157 158 159 160 161 164 165 168 169 170 173 176 178 179 180 181 182 183 184 186 187 188
24 152 154 155 156 157 160 161 165 166 167 170 172 174 175 177 178 179 181 183 184 185 186 188 189
14 152 160 163 164 166 167 168 169 172 173 179 181 182 185
22 152 153 155 157 159 160 162 163 167 168 169 170 172 173 174 176 178 181 182 183 185 189
25 152 155 156 157 159 160 161 162 163 164 166 167 170 171 172 175 176 178 180 181 184 185 186 187 189
15 152 153 154 157 158 161 162 164 166 168 171 179 183 184 186
24 155 157 158 160 162 163 164 167 168 169 170 171 173 174 177 178 181 182 183 184 185 186 187 188
12 152 154 158 159 162 163 164 168 172 175 188 189
12 153 156 157 160 167 169 170 173 175 176 178 179
18 152 157 159 160 162 163 165 167 169 170 171 174 177 179 180 181 182 184
18 154 155 156 159 160 163 164 165 167 168 169 173 178 182 183 186 188 189
15 152 156 158 162 163 165 167 168 169 171 172 173 182 185 188
12 154 161 162 163 165 168 172 177 179 182 185 187
16 152 153 155 156 158 161 162 164 165 168 169 176 177 178 179 180
21 152 154 155 157 160 163 165 167 170 174 175 176 177 180 181 182 183 184 186 188 189
26 152 153 155 156 158 159 160 161 163 164 166 167 169 170 173 174 178 179 180 182 183 184 185 186 188 189
13 153 156 157 159 164 165 175 176 178 181 182 183 186
11 153 157 160 162 166 168 169 172 177 181 183
26 152 153 156 157 158 161 162 163 164 165 167 168 169 170 171 174 175 176 179 181 183 184 185 186 188 189
20 153 154 159 160 161 164 165 166 167 168 169 170 171 173 175 176 178 182 185 187
19 152 156 159 160 161 163 165 169 171 172 175 176 178 179 180 181 182 185 189
11 153 155 162 166 171 172 174 177 181 184 186
19 153 154 155 161 163 164 168 170 171 173 174 176 178 179 180 183 184 187 189
15 154 164 167 168 169 171 172 173 175 177 178 179 180 181 184
12 152 156 158 169 170 171 177 179 180 186 188 189
12 153 157 160 161 162 169 170 174 178 182 183 184
17 152 153 154 158 165 166 167 169 176 177 178 180 181 183 186 188 189
14 154 156 157 158 161 162 164 165 176 180 182 184 185 188
17 154 155 156 157 161 162 163 164 169 170 173 175 176 180 184 187 189
25 152 154 156 157 162 163 164 165 167 168 169 170 171 173 175 177 178 179 182 183 185 186 187 188 189
14 152 153 156 158 162 164 166 170 172 176 178 184 187 188
20 155 156 158 159 160 163 164 165 166 167 169 170 173 175 179 180 181 185 187 188
16 154 155 156 157 158 161 162 164 168 172 176 178 179 180 181 188
25 152 153 154 156 157 158 159 160 161 163 165 166 167 171 173 174 178 179 181 182 183 184 185 188 189
22 152 155 156 160 162 163 164 168 169 170 173 174 175 176 178 179 180 182 184 185 186 189
16 154 155 156 157 158 160 161 163 170 174 175 176 181 185 186 189
24 152 154 155 156 157 158 160 163 164 167 169 170 172 173 175 176 180 182 183 184 185 186 188 189
25 152 155 157 158 159 160 161 164 166 167 168 170 171 172 173 175 178 180 181 182 183 184 185 187 189
22 152 153 154 156 157 158 162 163 166 167 168 169 170 173 174 175 178 179 181 182 183 188
22 153 154 155 156 158 159 162 164 166 167 171 174 176 177 178 181 183 185 186 187 188 189
24 152 153 154 155 156 159 161 162 163 164 165 168 170 172 173 175 176 177 181 182 185 187 188 189
12 154 157 163 164 170 174 175 176 177 178 180 185
11 152 153 160 161 177 181 182 184 185 186 188
14 153 155 159 164 172 173 174 178 180 183 184 185 187 189
13 154 155 156 160 162 163 164 165 171 172 174 175 183
17 155 157 158 160 162 163 164 166 171 174 175 176 179 181 182 183 188
15 152 157 159 163 167 168 172 173 180 181 182 183 186 187 189
26 152 153 155 158 161 162 164 165 166 168 169 170 171 172 175 176 178 179 180 181 182 184 185 186 187 188
