183 1324
74 1 2 3 4 5 6 7 8 9 10 11 12 13 14 15 16 17 18 19 20 21 22 23 24 25 26 27 28 29 30 31 32 33 34 35 36 37 38 39 40 41 42 43 44 45 46 47 48 49 50 51 52 53 54 55 56 57 58 59 60 61 62 63 64 65 66 67 68 69 70 71 72 73 74
56 1 2 3 4 6 9 10 11 13 14 15 17 18 19 21 24 25 26 27 29 31 32 33 34 35 36 37 38 39 40 41 43 44 45 47 48 51 52 53 54 55 56 57 58 59 61 62 63 64 65 66 67 69 70 71 73
33 2 4 6 7 8 9 11 13 14 19 20 22 23 26 29 31 34 35 39 41 46 47 50 52 53 61 64 65 66 67 69 71 74
39 1 3 4 9 11 14 15 16 18 20 24 26 27 32 33 34 36 38 45 47 49 50 51 52 54 55 56 57 58 59 61 62 63 64 67 68 72 73 74
54 1 2 3 5 6 7 8 9 10 11 13 14 16 17 18 19 20 21 26 27 28 29 30 31 32 36 37 38 39 40 41 42 44 46 48 49 51 52 53 54 55 56 59 60 61 62 63 64 65 67 69 71 73 74
38 2 3 6 8 11 12 17 18 19 24 25 26 27 30 34 35 36 39 40 41 43 44 46 47 48 51 52 53 54 56 58 59 60 62 68 70 71 74
28 2 3 4 5 8 9 10 11 20 21 23 28 31 32 38 41 43 45 51 52 54 58 60 64 65 70 72 73
51 1 3 6 8 9 10 11 12 13 15 16 18 19 22 25 26 27 28 29 30 31 32 33 34 36 39 40 41 42 44 45 46 47 48 49 50 52 54 55 56 57 59 61 62 65 66 67 70 71 73 74
46 1 2 5 6 8 10 11 12 15 17 18 20 22 23 24 26 28 29 30 32 33 35 36 37 40 41 42 45 48 52 53 54 56 57 58 59 60 61 62 63 65 66 67 68 70 72
32 2 3 4 7 9 10 14 15 16 17 19 20 28 36 37 39 40 44 45 51 53 54 56 57 58 59 63 64 67 68 72 74
36 1 2 4 5 6 7 9 10 11 12 14 15 16 19 20 24 25 29 30 32 34 35 36 40 42 44 48 54 57 59 60 61 62 67 70 72
40 1 4 5 9 10 11 13 21 22 25 26 27 28 29 30 32 33 35 37 38 39 42 48 50 51 53 54 55 56 57 58 59 60 61 62 66 68 69 71 72
56 3 4 5 6 7 8 9 10 11 14 15 16 17 18 19 20 21 22 23 24 25 26 27 29 30 31 33 34 35 37 38 39 40 41 42 44 46 47 48 51 52 53 54 55 57 60 61 62 63 65 67 68 69 70 72 73
41 1 3 4 5 6 9 10 17 24 25 28 29 30 32 33 34 35 36 39 41 43 44 46 47 48 50 51 52 55 56 57 62 63 64 65 66 67 68 69 73 74
28 4 6 7 9 10 18 20 29 30 32 34 35 36 37 38 39 42 43 46 52 53 54 55 59 62 63 73 74
23 2 3 9 11 16 25 30 36 39 40 41 43 44 45 46 50 53 56 59 60 63 65 66
42 2 3 4 6 7 10 11 18 19 21 23 24 25 27 28 29 30 31 33 34 35 36 39 40 42 43 48 50 51 55 56 58 59 60 61 63 65 66 68 70 72 73
58 1 2 3 4 5 6 7 8 9 10 11 12 13 15 16 17 18 19 20 25 26 27 28 30 31 32 33 34 35 37 38 39 40 41 42 43 44 45 46 47 49 50 53 56 57 60 61 62 63 64 65 66 67 69 70 71 72 74
36 1 2 3 4 5 8 12 15 16 18 19 25 27 29 31 32 34 35 36 37 38 41 42 43 45 46 48 51 53 54 57 58 61 62 67 69
25 7 9 12 13 17 24 27 32 35 40 42 44 47 49 50 51 53 57 59 61 63 65 66 69 74
29 3 4 6 12 14 15 16 17 19 23 27 34 35 38 39 41 42 46 50 53 54 55 59 60 62 66 71 72 73
44 1 3 4 5 6 7 11 13 14 15 17 18 19 20 21 22 23 24 27 28 30 33 35 39 40 41 42 43 44 45 46 48 49 54 55 59 61 62 63 64 65 68 70 73
36 1 5 9 10 11 17 18 19 20 30 31 34 35 36 43 44 46 48 49 51 52 53 54 55 56 58 59 62 65 66 67 68 70 71 72 74
53 3 4 5 9 10 11 12 13 14 16 18 19 20 21 22 23 25 28 29 30 31 32 34 35 36 38 39 40 42 43 44 45 46 47 51 52 54 55 56 57 58 59 60 61 62 65 66 67 69 70 71 73 74
40 2 3 6 8 10 11 13 14 17 18 20 21 22 23 29 30 31 33 35 36 39 43 44 45 47 48 50 53 54 56 58 59 61 63 64 69 70 71 72 73
30 1 3 4 6 7 10 11 13 14 17 18 24 25 31 32 34 39 49 53 55 56 57 59 62 63 67 69 72 73 74
41 2 3 4 5 6 11 13 16 19 23 24 25 27 28 30 31 33 34 35 37 39 40 41 43 45 47 49 50 51 52 54 57 58 60 61 63 64 69 71 72 73
57 2 5 6 7 8 9 11 12 13 14 15 16 17 18 21 22 23 25 26 27 28 29 30 31 32 33 35 39 42 43 44 46 47 48 49 50 51 53 54 55 56 57 58 59 60 61 62 65 66 67 68 69 70 71 72 73 74
54 1 2 4 5 7 8 9 10 13 14 17 19 20 21 22 26 27 28 29 30 31 32 33 34 35 38 39 40 43 44 46 50 51 53 55 56 57 58 59 60 61 62 63 64 65 66 67 68 69 70 71 72 73 74
32 2 4 5 7 8 10 12 13 14 15 17 20 21 22 33 34 35 36 37 38 49 50 53 55 60 61 62 63 64 68 72 74
51 3 4 5 6 7 8 10 12 13 17 19 20 21 22 25 26 27 28 30 33 35 36 38 39 40 41 42 43 44 45 46 48 50 52 53 54 55 56 58 59 60 61 62 63 65 67 68 69 71 72 73
48 1 2 3 4 5 6 9 11 12 14 18 19 20 22 23 24 25 27 28 29 30 35 38 39 40 41 43 44 45 46 47 48 49 50 52 53 54 57 59 61 62 64 65 66 68 71 72 73
57 1 2 3 4 6 9 10 11 12 14 15 16 18 19 20 22 23 24 25 26 29 30 31 32 33 34 35 37 38 39 40 41 42 43 44 45 46 48 49 50 56 57 58 59 60 61 63 64 65 66 67 68 70 71 72 73 74
26 3 11 12 13 18 26 27 29 34 36 38 39 40 43 44 45 46 47 50 58 59 66 68 69 70 73
26 6 7 9 10 19 23 24 25 30 32 35 38 39 42 43 44 45 46 49 50 51 52 67 70 72 74
51 3 5 6 7 8 11 12 14 15 17 18 20 22 23 24 26 27 29 31 33 35 36 37 38 39 40 41 42 43 44 46 48 49 50 52 53 54 56 57 58 61 62 63 64 65 66 67 68 69 70 73
30 1 2 6 7 8 9 11 15 22 23 24 27 35 36 37 39 41 44 48 50 52 53 54 58 65 67 69 71 72 74
22 1 3 7 9 13 15 18 19 25 28 31 33 34 38 43 47 54 58 60 64 66 74
49 2 4 5 6 7 9 11 13 15 16 17 22 26 28 29 30 31 32 33 34 36 37 39 42 44 45 46 47 48 49 50 51 52 53 54 56 57 59 60 63 64 65 67 68 69 70 71 72 73
34 2 3 8 13 14 18 19 22 24 25 26 27 28 29 30 33 38 39 42 48 49 50 52 53 55 57 58 59 60 61 64 65 69 73
47 1 2 6 8 10 11 12 13 16 17 19 20 21 23 25 26 28 31 32 33 35 40 41 42 43 44 45 47 48 49 50 51 52 53 54 55 56 59 60 62 64 69 70 71 72 73 74
42 3 5 7 8 10 11 12 13 15 19 20 22 24 25 27 28 29 33 35 37 38 41 42 45 46 48 51 55 57 59 60 61 63 65 66 67 68 69 70 71 73 74
22 1 8 9 13 16 17 18 26 28 30 36 41 43 45 47 52 60 64 65 67 70 71
25 12 15 21 27 29 32 34 35 38 40 42 43 46 48 49 52 55 59 66 67 68 69 70 71 73
50 1 2 5 6 8 9 10 11 13 14 16 17 19 20 21 22 23 25 27 29 30 33 34 35 36 38 40 42 43 44 45 46 47 48 53 54 55 56 57 58 59 63 64 65 66 67 68 69 71 72
41 3 4 5 6 7 9 11 14 15 16 17 18 20 21 23 24 25 26 29 30 32 33 36 37 38 40 47 49 51 54 57 59 60 61 62 63 65 66 72 73 74
34 1 3 4 5 6 11 13 14 15 16 17 18 23 27 29 31 33 34 35 38 39 41 44 46 47 48 52 54 55 57 59 63 68 70
47 1 2 3 4 5 9 10 11 13 14 16 18 20 21 24 28 29 30 31 32 33 36 37 39 41 42 44 45 46 47 48 51 53 54 57 58 59 61 62 64 65 66 67 68 69 72 73
47 1 2 3 5 6 7 10 11 12 14 15 16 17 20 21 22 23 25 26 27 29 30 31 35 36 37 38 40 41 43 47 48 49 50 51 53 54 55 56 57 59 60 63 68 69 70 72
56 1 3 4 7 9 11 12 13 14 16 18 19 21 22 24 25 26 27 29 30 32 33 35 36 37 38 39 40 41 42 45 47 48 49 50 51 52 53 55 56 57 58 59 60 61 62 65 66 67 68 69 70 71 72 73 74
29 2 3 4 6 9 10 12 14 22 23 28 29 33 35 36 37 39 40 41 42 47 49 51 54 61 63 66 67 70
58 1 2 3 4 5 6 8 10 11 12 13 14 15 16 17 20 21 22 23 24 25 27 28 29 30 32 33 34 35 37 38 39 40 41 42 43 45 47 49 50 51 52 55 56 59 60 61 62 63 64 65 67 69 70 71 72 73 74
44 1 4 7 8 10 12 13 14 16 18 20 21 22 23 24 27 28 29 30 31 32 33 35 36 38 39 43 44 46 51 52 53 54 55 56 57 59 60 62 64 66 68 72 73
35 1 2 5 7 9 10 14 16 18 19 20 23 26 28 29 30 33 34 37 40 45 46 50 52 55 56 59 61 62 63 65 71 72 73 74
38 8 10 11 12 15 18 19 20 21 23 30 32 36 37 39 40 41 42 43 44 45 50 51 52 53 55 58 60 61 62 64 65 66 68 70 72 73 74
49 3 5 6 8 9 10 12 14 16 17 18 19 20 21 22 23 24 25 27 28 29 30 31 32 33 34 35 36 37 38 40 43 44 45 46 47 50 51 53 55 56 58 59 60 61 66 67 72 74
37 2 4 8 9 12 13 14 15 16 18 19 20 21 24 25 26 27 28 29 30 34 37 40 41 44 46 47 50 54 55 56 59 60 64 66 70 72
53 1 2 3 5 6 8 9 10 11 12 13 14 15 16 17 19 21 22 24 26 27 29 30 31 33 34 38 39 40 41 45 46 48 49 50 51 52 54 55 56 57 58 59 61 63 65 68 69 70 71 72 73 74
25 9 12 13 19 22 23 27 30 39 41 42 44 46 47 49 54 58 60 62 64 67 68 70 71 72
29 1 2 4 6 11 13 22 28 29 30 32 34 36 37 39 41 44 46 49 53 55 58 59 60 62 63 64 68 70
44 1 4 6 7 8 9 11 12 16 17 19 20 21 22 23 24 25 26 28 30 32 33 34 36 37 38 43 44 46 49 50 52 55 56 57 59 60 61 63 64 65 68 70 71
50 1 2 3 5 9 10 11 12 15 17 18 19 21 22 24 25 26 27 28 31 32 34 35 36 37 38 39 40 41 42 44 45 48 49 50 51 52 54 55 56 57 58 59 60 61 64 68 69 72 74
51 2 3 5 7 8 9 10 11 12 13 16 19 22 23 24 25 26 27 29 32 33 34 35 36 37 38 41 42 43 44 45 48 49 50 52 53 54 55 58 59 60 61 62 63 66 69 70 71 72 73 74
44 3 4 5 6 8 10 11 12 13 15 17 18 19 23 25 28 30 31 32 33 34 35 38 39 40 41 42 44 46 51 54 55 56 60 62 63 64 65 67 68 69 70 71 74
39 2 3 4 5 7 9 10 11 19 22 23 24 26 29 30 31 33 34 36 37 38 41 42 44 47 48 51 56 58 61 62 65 66 67 68 69 72 73 74
58 2 4 5 6 8 9 10 11 12 13 14 15 16 17 18 19 20 21 22 23 24 26 27 28 29 30 31 32 33 34 35 36 37 38 41 42 43 44 45 47 49 50 51 52 53 58 61 62 63 64 65 66 67 69 70 71 72 73
26 5 7 8 9 13 21 26 30 33 37 39 41 42 43 44 46 47 48 53 54 58 60 63 67 69 71
38 3 7 9 11 14 15 17 20 21 25 29 30 32 34 35 37 38 39 40 41 42 44 45 49 50 51 52 53 54 56 59 60 61 63 68 69 71 72
24 2 4 5 8 11 12 21 22 30 35 42 45 48 49 50 53 54 55 57 62 66 67 72 73
31 6 9 15 16 17 18 19 20 25 26 27 29 30 32 33 34 35 37 38 41 43 49 54 55 61 63 65 69 71 72 74
25 75 76 77 78 79 80 81 82 83 84 85 86 87 88 89 90 91 92 93 94 95 96 97 98 99
11 75 76 78 82 83 85 86 91 93 96 97
8 79 82 84 92 93 94 98 99
19 75 77 78 79 80 81 82 83 85 86 87 90 91 92 93 94 96 98 99
13 76 78 79 80 83 87 88 89 91 92 94 95 99
15 75 76 78 79 80 81 82 84 86 87 90 91 94 96 99
15 75 76 78 79 80 81 84 90 91 92 93 96 97 98 99
19 75 76 77 78 79 80 81 82 84 86 87 88 89 92 94 95 97 98 99
19 76 77 78 79 80 82 84 85 86 87 88 89 91 93 94 95 96 97 99
10 76 79 80 81 86 87 92 93 94 99
12 75 76 78 83 84 88 89 90 91 94 96 97
9 76 77 78 81 82 86 92 98 99
14 75 78 79 81 83 87 88 91 93 94 95 96 98 99
11 79 82 83 84 85 87 88 90 92 93 99
12 75 76 77 83 85 86 88 89 91 96 97 99
10 77 79 84 85 86 88 91 95 97 98
12 77 83 84 86 88 90 91 92 93 94 98 99
13 77 78 81 82 83 84 88 89 91 92 93 96 99
12 76 79 81 82 83 85 86 87 92 95 97 99
19 75 77 78 80 82 83 84 86 87 88 91 92 93 94 95 96 97 98 99
14 76 80 81 83 84 85 86 87 88 94 95 96 97 99
8 78 79 83 85 90 93 96 98
12 75 76 80 81 88 90 91 93 94 96 97 98
17 75 76 77 78 81 82 85 86 87 88 89 91 92 93 96 97 98
14 75 78 81 83 85 86 89 91 93 94 95 96 97 99
19 75 77 79 80 81 82 83 85 86 88 89 91 92 93 94 95 96 98 99
8 75 86 87 92 93 96 97 98
15 76 78 80 82 85 86 87 90 91 92 93 94 95 98 99
16 75 76 77 78 84 85 86 87 89 91 92 93 95 96 97 98
13 75 77 80 81 82 87 90 91 92 94 95 96 98
8 75 77 84 85 86 88 94 98
17 76 77 79 81 83 84 86 87 88 89 91 93 94 95 97 98 99
18 76 79 80 81 82 83 84 86 87 89 90 91 93 94 95 96 97 98
18 76 77 78 79 80 81 82 83 85 86 87 89 91 92 93 96 97 99
18 75 77 78 79 82 83 84 86 87 88 89 91 92 93 94 95 96 99
18 75 78 79 80 81 82 84 85 87 90 91 92 93 94 95 96 97 99
15 75 76 77 78 80 81 82 83 86 89 92 94 95 96 99
9 78 79 82 84 85 86 89 91 96
12 75 77 78 80 83 88 89 91 92 93 97 99
12 79 80 81 82 83 84 85 91 93 95 96 99
8 75 76 82 85 87 89 95 98
10 75 76 83 85 88 89 90 96 97 99
17 75 76 77 79 81 82 84 87 88 89 90 91 93 94 96 97 99
14 75 77 80 82 84 90 91 92 93 94 95 97 98 99
18 77 78 79 81 82 83 84 85 86 88 90 91 92 93 96 97 98 99
12 76 77 79 80 81 84 85 86 89 90 95 98
8 79 80 81 86 87 88 93 94
14 75 76 77 78 79 80 81 85 87 88 89 91 98 99
17 75 77 79 80 81 82 87 88 89 90 91 92 94 95 96 98 99
17 76 77 80 81 82 83 85 86 87 88 89 91 92 93 97 98 99
19 75 76 78 79 80 81 82 84 85 87 88 90 91 92 93 95 96 97 99
17 75 76 77 78 79 80 81 83 84 86 87 88 89 90 93 94 97
14 76 78 79 81 82 85 86 87 89 91 92 95 96 98
17 75 76 77 78 79 81 82 83 84 85 87 89 90 91 92 97 98
15 102 109 112 114 118 121 124 126 130 134 137 143 147 148 150
9 105 107 115 118 120 128 133 145 148
12 102 107 115 116 117 129 130 132 142 146 148 149
21 100 101 105 106 108 109 110 111 113 114 121 122 125 127 128 134 140 141 144 145 150
14 106 108 109 110 115 116 123 127 134 135 140 141 145 147
15 101 102 105 109 110 112 117 119 123 126 130 131 134 139 146
18 100 101 103 104 110 114 116 119 121 123 127 129 132 135 136 137 140 143
11 102 103 104 113 114 125 127 128 129 136 142
11 108 118 119 120 131 138 140 143 145 146 150
35 102 103 104 105 107 108 109 111 112 113 114 116 117 118 119 121 123 125 126 127 128 129 130 131 132 134 135 137 138 141 142 144 147 148 149
16 103 107 112 114 115 116 117 118 120 124 130 133 134 138 139 142
11 106 107 127 129 132 135 137 139 141 145 150
12 101 113 116 119 123 124 127 134 135 136 141 142
6 109 122 127 139 146 148
13 101 103 107 108 110 111 116 119 122 125 127 131 133
19 101 105 106 109 112 117 121 122 123 126 130 133 134 135 137 139 144 147 149
4 113 120 132 139
13 105 106 108 111 115 116 119 127 128 138 141 145 147
25 103 104 105 107 108 110 112 114 115 118 119 122 124 125 126 128 129 133 138 142 143 144 147 148 150
15 106 114 116 118 127 129 132 133 135 137 140 141 143 145 149
29 100 101 102 103 105 107 111 112 115 117 118 119 120 123 124 125 130 131 133 135 137 140 141 142 143 147 148 149 150
16 102 106 108 109 115 118 123 124 125 128 131 141 143 145 149 150
26 100 102 104 105 106 108 109 110 112 114 116 120 122 123 124 127 129 131 134 135 136 141 143 145 146 148
36 100 101 102 103 107 108 109 111 112 113 114 115 116 118 119 120 122 124 125 126 127 128 129 130 131 132 133 134 135 137 138 140 141 143 148 149
16 100 101 106 110 115 120 122 124 133 136 139 140 143 145 146 150
8 102 109 121 122 125 133 134 148
15 102 106 111 112 117 118 120 122 124 128 130 133 134 138 141
22 104 106 108 109 110 113 114 116 121 122 126 127 128 129 132 134 136 138 139 144 145 146
20 101 102 104 106 107 108 113 114 119 121 123 125 128 130 135 136 137 139 147 149
14 103 104 112 118 119 120 124 126 131 136 137 138 139 143
20 101 102 103 104 107 108 110 112 115 121 127 128 131 132 134 136 137 144 148 149
22 100 105 109 110 111 112 115 116 117 118 120 122 124 127 132 133 134 141 143 146 148 150
26 100 105 108 110 111 112 113 114 116 121 122 125 126 128 130 133 135 139 141 142 143 144 145 146 149 150
18 105 107 108 109 113 115 125 126 131 139 142 144 145 146 147 148 149 150
12 100 106 119 123 127 129 132 135 136 143 145 148
31 100 105 106 109 111 113 114 116 117 118 119 120 122 123 124 125 126 129 130 133 135 138 139 140 141 142 143 145 146 147 150
26 100 101 102 106 109 111 113 116 117 120 121 123 127 130 131 132 134 135 136 137 139 140 141 145 146 149
25 101 103 106 108 111 114 115 117 118 119 120 121 122 124 129 130 133 137 139 140 142 143 148 149 150
14 112 113 114 117 119 126 128 131 136 140 142 143 146 147
12 108 111 118 119 120 121 122 124 125 128 134 140
35 100 101 103 104 105 107 110 111 112 113 114 116 117 119 120 121 122 126 127 129 130 132 133 134 135 136 137 138 139 140 142 144 146 147 148
23 101 102 104 105 108 109 110 111 113 121 122 125 126 128 131 137 140 141 144 146 147 149 150
9 103 126 129 131 138 140 142 144 145
25 100 105 107 108 111 115 118 119 120 122 123 125 126 128 129 130 131 135 137 138 140 141 142 143 144
4 123 133 135 147
13 103 110 114 116 117 121 127 130 131 136 139 144 149
12 105 113 117 129 132 135 140 141 142 145 146 149
23 101 102 103 107 109 112 113 114 118 120 123 125 126 132 133 136 137 140 143 146 148 149 150
15 104 105 106 110 117 121 123 136 139 142 144 145 146 147 150
30 100 102 103 104 106 108 109 110 111 112 114 117 121 122 125 126 129 130 131 132 137 138 139 140 143 144 146 147 149 150
11 104 106 109 112 117 121 124 133 134 147 149
38 100 101 102 104 105 106 107 108 109 111 112 113 115 118 119 120 122 123 124 125 126 128 129 132 133 134 135 137 138 140 141 142 143 145 146 147 148 150
7 107 117 118 119 125 130 149
21 100 103 104 107 108 111 113 115 120 121 122 124 125 128 136 138 142 144 147 148 150
17 100 102 104 107 117 121 125 128 130 131 133 136 137 142 143 146 148
25 101 102 103 104 106 107 109 115 117 118 119 120 123 124 127 129 131 132 134 136 137 138 140 147 148
18 100 101 103 104 105 108 110 111 115 116 118 120 123 124 130 138 144 149
45 100 101 102 103 104 105 106 107 108 110 111 112 113 114 115 116 117 118 119 120 121 123 124 125 126 128 129 130 131 132 133 134 135 136 137 138 140 141 142 143 144 145 147 149 150
11 100 104 106 115 120 123 128 136 138 139 144
18 101 103 111 113 115 121 126 128 132 133 137 138 139 140 142 144 147 150
15 100 104 110 117 121 122 124 129 130 131 134 135 139 142 144
15 101 102 103 110 113 114 116 127 132 136 139 145 146 148 150
10 100 107 110 111 115 116 124 132 141 148
21 103 106 107 109 111 113 117 118 124 126 127 129 131 132 134 136 138 140 143 144 147
20 100 103 104 106 107 110 113 114 115 123 127 130 132 133 136 141 147 148 149 150
19 101 102 105 109 112 116 117 126 129 131 135 137 138 139 142 143 144 145 146
26 100 102 104 105 107 109 110 112 113 116 123 125 126 127 128 131 132 134 135 136 138 141 144 145 146 147
16 101 103 105 111 112 114 118 119 122 124 126 129 138 144 149 150
19 101 102 104 105 110 114 116 120 121 128 130 135 137 139 141 142 145 146 150
11 100 108 112 115 119 122 123 125 133 148 149
13 103 107 112 114 115 116 117 120 130 133 134 139 142
9 105 106 121 123 126 135 139 144 147
7 119 120 131 140 143 146 150
8 106 117 121 136 139 142 144 145
7 105 115 120 128 133 145 148
8 105 106 115 116 119 127 128 147
11 101 113 121 126 132 133 137 138 142 144 150
12 102 106 111 112 117 118 120 124 130 133 134 141
12 103 115 117 123 127 131 132 134 136 137 147 148
21 100 101 106 109 111 113 116 117 120 121 123 127 131 132 136 137 139 141 145 146 149
20 100 102 104 106 109 110 111 122 125 126 130 131 132 137 138 139 140 146 147 149
9 106 110 120 124 133 139 143 145 150
13 106 111 112 117 118 120 122 124 128 130 133 134 141
18 100 102 104 106 108 109 110 114 120 122 123 127 134 135 136 143 145 146
11 100 103 105 110 111 115 118 120 124 130 138
19 100 102 104 109 112 113 116 123 125 126 127 128 131 134 135 136 141 144 145
8 116 132 135 137 141 143 145 149
19 101 103 108 112 114 115 119 122 124 125 126 128 129 130 134 137 138 141 148
6 105 117 132 142 145 149
4 122 127 146 148
15 106 113 114 119 121 123 125 128 130 135 136 137 139 147 149
22 102 104 105 109 110 112 113 116 123 125 126 127 128 134 135 136 138 141 144 145 146 147
13 104 106 108 113 114 121 126 129 134 138 139 144 146
14 101 103 108 111 114 124 129 130 133 137 139 140 142 150
11 102 109 112 114 118 124 126 130 147 148 150
6 129 131 138 140 142 145
8 100 104 110 121 122 131 134 144
14 100 106 109 110 113 121 122 125 127 128 134 144 145 150
18 103 104 107 108 111 113 115 120 121 122 124 136 138 142 144 147 148 150
11 106 109 110 115 116 123 127 134 135 145 147
7 100 108 112 119 122 123 125
3 120 132 139
10 104 107 125 130 131 136 137 143 146 148
30 100 101 103 104 105 110 111 112 113 114 116 117 119 120 121 122 126 127 129 130 132 134 136 137 138 140 144 146 147 148
16 103 104 105 107 108 110 114 115 119 122 124 126 138 142 147 150
18 102 103 108 115 116 118 122 124 126 127 129 130 131 132 133 138 140 148
3 107 117 130
8 106 112 117 118 122 128 130 133
7 103 126 129 138 140 142 145
13 100 101 105 108 109 110 111 122 127 128 140 144 145
9 102 107 115 117 129 130 132 148 149
23 101 103 104 106 107 108 111 113 116 119 120 121 126 128 130 131 133 134 135 137 141 149 150
8 118 120 131 138 140 145 146 150
25 100 102 103 104 106 108 110 111 112 114 117 122 125 126 129 130 131 132 137 139 140 146 147 149 150
10 104 110 117 136 139 142 145 146 147 150
12 105 106 109 112 122 130 133 137 139 144 147 149
17 101 102 104 106 107 108 113 114 119 121 125 128 130 136 139 147 149
11 102 103 113 114 116 132 136 139 145 146 148
11 108 109 110 115 116 123 127 135 140 141 147
9 101 103 111 112 118 119 124 138 150
4 102 121 134 148
9 105 106 115 116 119 127 138 145 147
13 100 103 104 107 110 113 114 115 127 132 133 147 150
18 105 110 111 112 115 117 118 120 122 124 127 132 133 134 141 143 146 148
8 114 116 129 135 137 140 141 149
6 105 107 120 128 133 148
6 107 127 129 135 145 150
13 101 106 107 115 117 123 124 131 134 136 137 138 147
17 101 103 109 112 113 114 118 123 125 133 136 140 143 146 148 149 150
8 103 112 120 124 131 136 138 139
7 106 112 120 122 130 134 141
11 101 102 120 121 128 130 135 137 141 145 150
8 114 118 127 129 132 133 137 141
15 106 107 109 111 113 118 126 127 129 131 136 138 140 143 147
9 104 107 121 125 128 131 133 143 148
20 105 107 111 115 118 119 120 122 123 126 128 130 131 135 137 138 140 142 143 144
7 103 110 116 121 130 144 149
6 118 120 122 124 125 140
9 106 127 129 132 135 137 139 141 150
32 100 101 102 103 109 111 113 114 115 116 118 119 120 124 125 126 127 128 129 130 131 132 133 134 135 137 138 140 141 143 148 149
6 106 107 127 129 141 150
2 120 139
27 100 101 104 105 106 107 108 109 111 112 115 118 119 122 123 125 126 128 133 135 137 138 140 143 145 146 150
7 101 107 110 116 119 122 131
8 106 108 110 123 127 135 140 147
22 102 103 107 108 109 111 113 114 117 118 119 123 125 126 130 131 134 135 142 144 148 149
11 101 103 105 111 114 118 122 124 138 144 149
11 105 108 125 126 142 144 146 147 148 149 150
13 103 107 112 114 115 116 117 120 124 130 133 134 142
19 101 102 104 108 109 113 121 122 126 128 131 137 140 141 144 146 147 149 150
13 106 114 116 118 127 129 132 135 137 140 141 145 149
17 100 102 104 105 107 109 110 112 113 125 126 131 132 134 135 145 147
14 101 104 110 114 116 120 121 128 130 135 139 141 142 146
12 100 104 117 121 122 124 130 131 134 139 142 144
4 107 118 125 130
10 101 103 112 114 118 122 126 129 144 150
21 101 103 106 108 111 115 117 119 121 122 129 130 133 137 139 140 142 143 148 149 150
13 101 103 105 112 114 118 119 122 126 129 138 149 150
10 101 105 109 110 112 117 123 126 134 146
31 100 102 105 106 110 111 112 113 114 115 116 117 118 120 121 123 124 125 128 131 132 133 134 135 136 141 142 143 144 145 147
12 105 107 108 109 125 131 139 142 145 146 148 149
16 108 110 114 116 122 125 128 130 135 141 143 144 145 146 149 150
20 100 108 111 112 113 114 116 121 122 125 126 128 130 135 141 142 144 145 146 149
6 103 114 127 128 129 136
9 100 106 115 120 128 136 138 139 144
9 120 122 133 136 139 140 143 146 150
11 106 108 109 110 115 116 127 140 141 145 147
17 100 102 104 105 106 108 109 110 112 114 120 123 127 141 143 145 148
8 108 118 119 120 131 138 140 150
8 105 108 111 119 127 128 138 147
5 107 117 118 130 149
26 102 103 104 109 111 112 113 114 116 117 118 119 123 125 126 127 128 129 130 131 134 137 138 144 147 149
12 103 111 113 115 126 132 137 138 139 140 144 150
8 106 111 112 118 120 128 134 138
9 101 105 108 110 115 116 118 130 144
7 108 119 120 121 125 128 134
10 105 113 117 129 132 135 141 142 145 146
4 122 127 139 146
6 108 120 138 140 146 150
15 101 103 105 108 110 111 116 118 120 123 124 130 138 144 149
5 118 119 125 130 149
20 103 104 105 107 108 110 112 114 118 119 122 126 128 133 142 143 144 147 148 150
30 100 101 103 108 109 112 113 114 115 116 118 120 122 124 125 126 127 129 130 131 132 133 134 135 137 138 140 141 148 149
9 106 108 115 119 127 128 138 141 147
22 102 104 105 106 108 110 112 114 116 120 122 123 124 127 129 131 134 136 143 145 146 148
16 100 101 102 111 116 117 120 121 123 134 135 136 139 145 146 149
12 100 101 105 108 115 116 118 120 124 130 144 149
18 104 105 107 108 112 114 115 122 124 125 126 128 133 138 142 143 147 148
9 111 118 119 120 121 122 124 134 140
26 100 101 102 103 107 108 112 115 116 118 119 120 122 124 126 127 128 129 130 131 134 137 138 140 141 143
9 102 103 113 114 125 127 129 136 142
6 100 119 123 127 143 145
5 129 131 138 140 142
18 100 102 108 109 111 112 122 125 130 131 132 137 139 143 144 146 149 150
4 131 138 144 145
5 109 122 127 139 148
20 102 104 108 109 110 112 116 120 122 123 124 127 129 131 135 136 141 143 146 148
20 100 101 102 103 105 107 111 117 118 119 120 123 130 133 137 140 141 142 148 150
24 101 103 105 106 110 112 113 114 120 123 125 126 129 131 132 134 135 137 138 143 144 147 149 150
6 101 113 116 127 135 136
16 101 103 111 113 115 121 126 128 132 133 138 139 140 142 144 147
23 100 102 106 109 111 113 116 117 120 121 123 130 131 132 134 135 136 137 139 140 145 146 149
6 107 115 116 132 141 148
10 102 112 114 118 121 126 134 143 147 150
6 116 127 135 136 141 142
22 101 102 103 104 106 107 109 115 117 118 119 120 123 127 131 134 136 137 138 140 147 148
7 105 107 115 120 128 145 148
6 108 111 116 127 128 141
8 103 126 129 131 138 140 142 145
11 101 105 111 112 114 122 124 129 138 144 150
18 100 103 104 107 108 111 115 120 121 122 124 125 128 138 142 144 148 150
8 118 119 120 131 138 140 145 146
29 102 103 104 105 107 108 109 111 113 117 118 121 125 126 127 128 129 130 131 134 135 137 138 141 142 144 147 148 149
6 100 116 124 132 141 148
11 102 104 116 121 128 135 137 139 141 146 150
16 102 103 104 107 110 112 121 127 128 131 132 136 137 144 148 149
10 100 106 119 123 127 129 132 136 143 145
13 105 107 108 109 126 142 144 145 146 147 148 149 150
9 106 109 112 117 121 133 134 147 149
5 105 107 120 128 133
13 107 111 115 119 122 123 126 129 137 138 140 141 142
12 100 101 105 108 109 110 113 114 121 122 127 145
9 104 106 109 117 121 124 133 147 149
2 123 133
22 100 105 107 111 115 118 119 120 122 123 125 126 128 129 131 135 137 138 141 142 143 144
12 103 111 113 115 126 128 132 133 137 139 140 150
25 100 101 102 107 111 112 113 115 116 118 120 122 124 126 127 128 129 130 132 134 135 140 141 143 149
7 108 112 115 123 125 133 148
9 101 104 110 114 116 121 130 135 145
20 100 102 104 105 106 108 109 114 116 123 124 127 131 134 135 136 141 145 146 148
26 100 103 104 105 107 111 112 113 114 116 119 120 121 122 127 129 133 134 135 136 137 138 139 140 142 148
8 102 104 114 127 128 129 136 142
8 101 102 113 127 136 145 146 148
8 105 106 111 119 127 128 138 145
2 135 147
14 101 102 107 108 113 114 123 125 128 130 135 137 147 149
11 105 110 117 121 136 139 142 145 146 147 150
23 109 111 113 114 117 119 120 122 124 125 126 129 130 133 135 139 140 141 142 145 146 147 150
9 106 109 115 118 123 128 141 143 150
14 101 102 104 113 119 121 125 128 130 135 136 137 147 149
5 100 107 110 111 115
10 103 104 112 120 124 126 136 137 138 143
13 100 103 104 107 120 122 124 125 136 138 142 144 150
5 129 138 140 142 144
19 102 106 107 109 115 117 118 119 123 124 129 131 132 134 136 137 140 147 148
4 118 125 130 149
24 100 101 102 103 105 107 111 112 117 119 120 123 125 130 131 135 137 140 141 142 143 147 148 149
2 133 135
14 100 102 104 107 117 121 125 128 130 131 136 137 142 148
11 105 106 110 117 123 136 144 145 146 147 150
23 100 101 102 104 105 106 111 112 113 115 118 120 122 123 124 125 129 132 133 134 137 140 150
12 107 108 110 119 122 124 125 126 133 142 144 148
7 101 107 108 111 119 122 125
25 100 105 106 111 116 117 118 119 120 122 123 124 125 126 129 130 133 135 138 139 141 143 145 146 147
15 106 113 114 116 121 122 127 128 129 132 136 138 139 145 146
21 100 105 108 110 111 112 114 116 121 125 126 128 130 133 135 142 143 144 145 146 150
14 101 103 121 126 132 133 137 138 139 140 142 144 147 150
3 123 133 135
24 104 105 107 108 109 111 113 114 116 117 118 119 125 126 127 128 130 131 132 134 135 141 147 149
17 102 105 108 111 113 121 126 128 131 137 140 141 144 146 147 149 150
12 106 109 117 123 126 130 133 135 137 144 147 149
30 100 102 103 107 108 109 112 113 114 116 119 120 122 124 125 126 127 128 129 130 131 132 133 134 135 138 140 141 143 149
12 103 105 111 114 118 119 122 126 129 138 144 150
26 102 103 106 108 109 110 111 112 117 121 122 125 126 129 130 131 132 137 138 139 140 143 144 147 149 150
10 105 106 121 136 139 142 144 146 147 150
7 108 120 122 124 128 134 140
8 103 117 121 131 136 139 144 149
13 100 104 114 116 119 121 129 132 135 136 137 140 143
6 105 115 118 120 128 145
14 101 105 108 109 110 114 121 122 125 127 128 140 141 150
9 103 126 132 137 138 139 140 144 150
16 101 103 107 109 115 118 119 120 123 124 129 134 138 140 147 148
10 103 104 112 118 126 131 137 138 139 143
4 121 122 125 134
21 106 111 114 115 117 119 120 121 122 124 129 130 133 137 139 140 142 143 148 149 150
15 104 105 108 109 110 111 113 125 126 128 137 140 144 146 149
11 104 105 110 117 123 139 144 145 146 147 150
9 100 104 120 123 128 136 138 139 144
14 102 106 107 115 117 119 123 129 132 136 137 138 147 148
10 100 110 117 121 122 129 130 134 135 139
14 105 108 109 115 126 131 139 144 145 146 147 148 149 150
9 113 114 117 126 128 131 136 143 146
12 103 106 107 113 114 115 123 127 132 136 148 150
18 101 102 107 109 112 113 114 120 123 125 126 132 133 136 143 148 149 150
10 106 112 117 118 120 122 128 130 133 138
10 101 103 110 113 127 139 145 146 148 150
11 104 108 113 114 119 121 125 128 130 135 149
5 106 109 121 124 133
9 106 107 127 129 132 135 137 145 150
14 101 105 106 109 117 123 126 133 134 135 137 139 144 147
11 100 104 110 114 119 123 127 129 132 140 143
21 102 103 104 105 108 109 111 113 116 118 123 125 126 127 128 130 131 132 135 141 148
26 100 102 103 104 106 108 109 111 112 114 117 121 122 125 129 130 132 137 138 139 143 144 146 147 149 150
15 105 110 111 112 115 116 117 118 120 124 133 141 143 146 148
10 106 108 109 115 116 123 127 134 135 145
8 108 115 118 123 128 131 141 143
8 102 105 109 112 117 119 130 134
39 100 101 102 103 104 106 108 110 111 112 113 114 116 117 120 121 123 124 125 126 128 129 130 131 132 134 135 136 137 138 140 141 142 143 144 145 147 149 150
7 105 107 115 118 120 133 148
7 108 112 115 119 122 125 133
11 101 103 111 113 115 126 133 139 140 144 150
7 102 103 104 125 127 129 142
20 101 102 103 109 112 113 114 118 120 123 125 126 133 136 137 143 146 148 149 150
11 101 103 104 114 121 129 132 135 137 140 143
6 111 119 120 121 122 124
10 101 102 120 121 137 139 141 142 145 146
15 109 113 114 117 125 126 130 135 139 141 143 145 146 147 150
15 100 101 104 110 114 116 119 123 129 132 135 136 137 140 143
7 100 104 106 115 128 138 144
9 103 107 108 111 116 125 127 131 133
17 105 106 109 112 117 121 122 123 126 130 133 134 135 137 144 147 149
19 101 102 103 104 106 107 115 117 118 119 120 124 127 129 131 134 138 140 148
7 102 103 110 114 116 139 150
9 106 107 129 132 135 137 139 141 150
6 105 107 118 120 133 148
4 105 107 115 118
12 112 113 118 126 133 136 137 140 143 146 149 150
3 122 127 148
6 113 119 123 124 136 141
2 120 139
12 100 104 107 115 120 124 125 136 144 147 148 150
14 101 105 109 112 116 117 126 135 137 138 143 144 145 146
18 100 106 109 113 117 118 119 120 122 124 126 133 138 139 140 141 143 146
9 108 109 110 115 123 127 141 145 147
12 103 107 112 116 117 118 124 133 134 138 139 142
9 101 103 104 108 118 120 130 138 149
18 103 106 107 109 111 113 118 124 126 127 129 131 132 136 138 140 144 147
10 101 102 106 107 108 114 125 128 136 139
12 104 108 114 116 121 126 127 128 129 136 144 146
12 102 107 108 112 115 127 128 132 134 136 137 149
17 104 105 107 108 114 119 124 125 126 133 138 142 143 144 147 148 150
13 101 103 105 111 112 118 119 122 124 126 129 138 150
8 113 123 124 127 134 135 136 141
5 100 110 124 141 148
17 100 104 107 108 111 113 115 120 121 122 124 125 136 138 144 147 150
33 101 102 103 104 106 107 109 110 112 113 117 119 121 123 125 126 127 128 129 130 133 134 135 137 138 139 140 141 142 144 145 147 148
26 100 101 106 109 110 112 116 117 119 122 123 125 126 127 129 130 131 132 133 135 137 140 141 142 146 148
18 102 104 105 106 107 110 118 121 126 133 135 136 140 141 143 145 147 150
25 100 101 102 103 105 106 108 109 110 111 112 113 114 116 125 127 132 135 136 137 138 140 144 145 149
21 100 102 103 104 108 109 112 114 115 119 120 121 123 126 132 139 140 142 145 147 149
24 100 102 104 105 107 112 115 116 117 122 124 125 126 127 131 132 133 135 137 138 140 144 145 146
18 101 105 106 111 116 119 121 124 126 130 134 135 138 139 144 147 149 150
20 100 102 105 108 109 112 114 115 121 122 125 129 135 139 142 143 144 147 149 150
15 101 108 114 115 116 125 126 133 135 136 140 146 147 149 150
23 101 102 107 109 112 116 122 127 128 129 131 132 133 134 135 137 138 140 142 143 144 146 147
28 103 104 105 106 107 110 112 113 115 116 118 119 122 123 125 126 129 130 133 136 138 139 140 141 143 145 146 150
21 100 103 104 105 108 110 111 113 114 117 121 122 124 125 132 137 141 143 145 148 149
23 101 104 106 108 109 110 113 114 120 125 126 130 132 133 136 138 139 141 143 144 146 148 149
29 100 102 103 104 111 112 113 114 116 117 119 120 121 123 125 127 128 130 132 133 135 136 137 139 140 142 144 147 149
34 100 101 102 103 104 106 107 108 109 110 111 112 114 116 125 127 128 129 130 132 133 134 135 136 137 138 139 142 143 145 146 147 149 150
18 107 110 114 115 119 120 124 125 127 131 137 138 140 142 143 146 148 150
16 101 102 105 117 119 120 122 123 125 129 131 141 144 146 148 150
18 101 103 106 107 109 112 115 118 123 131 132 134 138 140 141 142 149 150
23 101 102 104 110 111 112 118 122 123 125 126 127 128 129 131 133 134 135 136 137 139 148 149
31 100 101 102 103 104 105 106 107 110 111 112 114 115 119 123 124 125 126 127 129 133 134 135 136 137 140 142 144 145 146 148
20 100 102 103 105 106 110 111 112 114 115 118 121 126 131 133 134 137 140 144 146
16 101 105 115 116 117 121 122 124 127 130 133 136 139 142 143 149
18 100 105 107 109 112 113 115 121 125 127 128 129 133 137 141 145 147 150
32 100 101 103 104 105 106 107 108 110 112 113 114 118 120 123 124 127 128 129 130 134 135 137 138 139 140 141 142 143 146 147 149
27 100 101 102 103 105 109 110 111 115 120 121 122 123 125 126 128 133 134 135 142 143 144 145 146 147 149 150
27 102 104 110 112 113 116 117 118 119 120 122 125 127 128 129 130 131 134 137 139 141 142 143 144 146 147 149
31 101 103 107 108 110 111 112 114 115 117 118 120 122 126 127 128 131 132 133 134 136 137 138 140 142 143 145 147 148 149 150
15 103 106 109 116 118 119 128 129 130 137 138 139 140 142 145
28 100 102 103 104 105 109 110 114 116 117 118 121 122 126 127 129 130 131 134 135 139 140 142 144 145 146 148 149
17 103 107 110 112 113 117 119 123 127 133 135 137 140 143 144 145 148
16 102 106 107 115 117 118 125 127 129 130 132 136 146 147 148 150
28 100 103 105 108 112 113 115 116 117 119 120 121 123 124 125 127 129 130 132 133 135 138 139 140 141 144 147 149
32 101 102 103 104 105 106 108 109 110 111 113 116 118 119 120 124 125 126 127 128 129 134 136 137 138 141 142 143 145 146 148 150
25 100 102 104 107 109 111 116 117 118 121 122 123 124 126 128 130 137 138 139 140 142 146 147 148 150
15 102 106 108 109 113 127 128 135 136 137 139 142 145 146 147
28 101 103 104 107 109 111 112 113 117 118 119 125 126 127 128 130 134 137 138 140 141 142 143 144 145 146 147 148
24 102 103 105 107 110 113 114 115 116 124 127 129 131 132 135 136 137 141 143 144 145 146 149 150
30 100 101 102 103 105 106 109 110 112 113 118 120 121 122 123 124 127 128 129 130 134 136 139 140 141 142 144 146 147 148
16 101 103 104 109 111 116 117 120 122 124 128 137 140 142 146 150
19 100 101 102 104 105 108 109 110 112 119 123 125 127 128 129 133 135 137 143
31 100 104 105 106 110 111 112 115 116 117 118 119 120 122 123 125 127 128 129 130 131 132 133 135 137 143 144 145 146 148 149
35 100 101 102 104 105 106 108 109 110 113 115 116 117 118 120 121 122 124 126 127 128 129 130 131 133 136 137 138 139 140 142 144 148 149 150
25 101 102 104 105 108 115 116 117 118 119 121 122 126 129 130 134 137 138 140 141 142 143 145 149 150
22 103 104 111 116 117 118 119 126 127 129 130 131 133 135 136 137 139 141 142 145 146 147
26 101 102 105 106 113 114 116 117 118 120 121 123 126 127 128 130 131 133 136 137 139 140 141 144 145 150
26 102 103 105 106 111 115 116 117 120 121 124 125 126 128 129 133 134 135 139 140 141 144 145 147 148 150
29 100 102 104 106 108 109 110 111 113 114 117 118 121 122 125 126 127 130 131 134 135 137 138 139 140 141 146 147 150
29 101 103 104 105 108 111 112 113 115 116 119 120 121 127 128 129 131 132 135 136 138 139 141 142 143 144 145 147 148
19 106 108 109 110 111 113 115 116 120 123 125 129 131 132 138 139 141 146 147
27 100 101 102 104 108 112 114 115 116 118 119 124 125 127 128 129 132 135 136 137 138 140 141 143 147 148 149
27 100 102 103 104 106 108 109 111 113 114 118 119 121 122 123 125 130 132 134 135 138 139 141 142 143 144 147
31 102 103 107 108 109 112 114 118 121 122 123 125 126 127 129 130 131 132 133 134 135 136 137 138 141 142 144 145 146 147 149
17 106 107 111 114 115 116 120 129 131 132 134 135 140 145 147 149 150
21 102 103 106 107 111 114 117 118 120 121 126 129 132 133 134 140 142 144 146 147 148
29 102 103 104 105 106 107 108 113 117 118 119 120 121 122 125 126 128 129 130 131 133 135 136 140 141 143 146 148 150
34 101 103 104 108 109 110 111 114 115 116 117 118 119 122 123 124 125 127 128 129 131 133 134 135 137 138 139 140 141 144 145 146 147 148
24 103 107 108 109 112 113 114 117 118 122 123 125 126 129 130 135 137 140 141 144 145 146 148 150
35 100 102 103 105 106 107 108 109 110 111 112 114 116 117 118 119 121 125 127 129 130 134 135 136 137 140 141 142 144 145 146 147 148 149 150
31 101 102 103 104 105 107 108 109 110 112 117 118 119 120 125 127 128 131 132 133 134 137 138 139 140 142 144 146 147 149 150
32 100 101 102 103 109 111 113 114 115 116 118 119 120 122 123 126 128 131 133 134 135 136 137 138 139 140 141 142 144 145 148 149
23 100 101 102 103 104 105 107 108 112 116 119 121 123 124 125 128 129 130 131 132 133 144 149
20 103 105 106 109 114 115 121 122 124 126 129 133 134 135 137 143 144 145 147 148
33 100 103 105 106 108 109 110 111 112 114 116 117 118 119 121 122 126 129 134 135 136 137 138 139 142 143 144 145 146 147 148 149 150
18 100 101 103 106 109 112 115 117 118 124 127 134 137 138 144 148 149 150
26 100 101 103 104 107 108 110 111 112 114 120 123 124 127 132 133 134 135 136 137 140 142 143 146 148 150
18 100 104 105 108 112 117 120 121 123 124 131 138 140 141 143 146 147 150
20 104 106 108 109 111 112 113 116 124 126 128 130 131 135 137 138 140 142 143 145
27 100 103 105 106 107 108 109 111 112 114 118 120 121 122 128 130 131 132 138 139 140 142 143 144 146 147 149
21 106 108 111 112 115 116 118 120 123 124 132 133 135 138 140 144 145 146 147 148 149
17 100 102 104 106 107 111 117 120 121 123 125 131 135 141 142 146 148
32 100 101 102 104 105 109 110 111 112 117 120 122 123 124 126 127 128 129 130 133 137 138 139 140 141 142 143 144 145 146 147 150
25 101 102 104 106 107 108 109 114 116 117 119 125 127 131 132 134 136 140 142 143 146 147 148 149 150
18 101 106 107 110 111 119 122 125 128 129 131 132 133 140 141 142 145 148
31 100 101 102 103 105 110 112 114 115 116 117 119 120 122 123 124 125 126 127 129 130 131 133 135 140 144 145 147 148 149 150
22 101 103 105 111 113 118 119 120 122 123 126 127 128 130 133 134 135 138 144 145 146 148
16 100 101 119 120 124 125 126 129 130 134 136 142 146 147 148 150
23 100 101 102 106 112 113 117 118 120 121 123 125 126 128 129 130 135 138 141 143 144 147 150
29 101 102 103 104 106 111 112 115 117 118 123 124 125 126 128 129 131 133 134 136 137 139 141 143 145 146 148 149 150
17 100 101 105 106 107 109 116 123 124 125 130 133 134 135 145 146 150
15 100 103 105 108 110 111 112 115 122 128 134 140 141 142 143
30 100 101 103 108 109 111 112 114 115 116 117 119 121 122 125 126 127 128 130 131 132 133 135 136 140 145 147 148 149 150
31 101 103 104 105 107 108 109 112 114 115 116 117 121 122 123 127 128 129 130 131 133 136 141 142 143 144 145 146 147 148 150
34 100 101 104 106 107 109 110 111 112 113 115 116 117 118 120 121 122 123 125 126 127 128 129 130 131 133 136 137 138 139 143 144 147 148
33 100 101 102 104 110 112 113 114 115 117 118 119 122 123 124 125 126 127 128 129 132 133 134 135 138 139 140 142 144 145 146 147 150
32 107 109 110 111 113 114 115 116 117 118 121 122 123 126 127 128 129 130 131 132 133 135 136 137 138 139 140 142 143 144 145 148
31 103 105 107 109 111 112 115 117 118 119 124 125 126 127 129 130 131 132 133 134 135 136 139 140 141 144 145 146 147 149 150
34 100 101 103 106 107 108 109 110 111 113 115 116 117 118 119 120 124 125 126 128 129 130 133 134 135 136 138 139 140 141 144 146 148 150
32 100 101 102 103 107 108 110 114 116 117 118 120 122 124 125 128 130 131 132 133 134 135 139 140 141 142 144 145 146 147 148 150
18 102 105 108 109 112 118 120 121 122 123 127 129 136 137 138 141 144 148
32 100 101 105 106 107 109 110 113 114 115 116 117 118 119 120 121 122 126 129 131 132 133 135 136 139 140 141 142 143 144 146 148
35 100 102 103 105 107 108 109 111 113 114 115 117 118 119 120 121 122 123 124 125 126 130 132 133 134 137 140 141 142 143 144 146 147 148 149
33 101 102 106 107 108 109 110 113 116 117 118 119 120 122 124 125 126 127 129 131 134 135 136 137 138 140 141 142 143 144 146 147 149
20 100 102 104 105 114 115 119 121 122 123 127 128 129 131 132 135 139 146 148 150
15 102 111 116 117 118 121 122 125 126 131 134 139 145 146 148
18 104 105 106 111 112 115 117 118 119 121 125 129 130 133 135 138 146 149
25 100 103 105 112 117 118 121 122 123 124 126 127 128 129 132 133 137 138 139 141 143 145 147 149 150
18 102 104 109 112 118 120 123 124 128 130 132 135 136 144 145 146 148 149
33 100 101 103 105 107 109 110 111 112 113 115 118 121 122 125 126 127 129 130 132 135 136 137 138 139 142 143 144 146 147 148 149 150
28 106 107 108 109 110 113 114 115 116 118 120 123 124 125 126 129 131 134 135 136 137 138 139 141 142 143 146 148
23 101 103 104 105 108 117 118 119 120 122 124 129 130 132 133 135 137 140 141 144 145 147 148
22 100 101 102 104 105 108 110 111 114 118 119 120 124 125 128 132 133 134 143 145 146 147
16 102 103 104 107 114 121 125 126 129 131 132 137 138 140 145 146
32 100 101 102 103 104 110 111 112 113 114 115 116 118 120 122 123 125 127 128 130 131 132 133 135 137 138 139 141 144 146 147 150
19 101 103 110 115 116 117 118 120 125 129 130 132 133 134 139 140 141 142 148
24 106 112 113 114 115 116 117 120 121 122 123 124 125 126 130 131 132 137 138 139 143 144 148 149
34 100 101 102 103 105 107 108 109 110 111 113 114 117 118 119 121 124 125 126 127 129 130 133 134 135 136 138 139 140 143 144 145 148 149
24 102 103 104 109 112 118 119 120 124 126 127 129 130 131 133 134 135 138 139 140 145 146 147 150
18 101 106 107 117 121 123 124 127 130 132 134 137 138 140 142 143 149 150
15 100 103 105 119 125 128 130 132 133 137 138 141 144 145 148
23 102 104 107 112 114 115 116 117 118 119 120 121 123 124 125 126 130 132 139 140 142 145 150
16 101 103 105 109 111 113 115 117 121 124 125 130 136 139 144 148
26 100 105 106 107 108 111 112 116 119 120 122 123 125 127 129 134 135 137 139 141 142 143 145 147 148 150
28 101 103 106 107 108 111 112 113 114 116 118 119 120 121 123 124 125 127 128 133 134 137 139 142 143 144 146 149
24 103 104 106 107 109 110 112 113 115 116 117 118 122 130 135 137 138 139 142 144 145 147 149 150
17 104 107 110 112 113 116 119 121 122 124 125 131 132 138 141 146 150
19 100 103 105 108 112 113 116 119 122 123 126 127 129 130 133 135 136 141 147
31 101 102 103 105 106 107 108 113 115 116 117 118 121 122 124 126 128 131 132 133 134 135 138 139 140 141 142 144 145 148 149
16 105 111 116 119 122 125 127 128 129 131 132 133 135 140 143 150
29 100 106 107 110 111 112 113 115 117 124 125 127 129 130 131 132 134 135 136 137 138 140 141 142 143 145 146 147 150
34 100 101 102 103 104 105 106 107 108 111 112 113 115 117 119 121 122 124 125 127 131 132 134 135 136 138 139 140 141 142 143 145 146 150
16 101 103 106 110 111 113 118 119 127 128 130 132 137 143 146 149
20 101 103 104 107 109 111 112 115 116 117 123 124 127 128 129 132 138 139 145 150
34 100 101 104 106 107 108 109 110 111 112 115 116 117 118 120 124 127 128 129 130 131 132 133 135 138 139 140 141 143 144 146 147 148 149
35 100 101 103 106 108 109 110 111 112 113 116 117 118 119 120 121 123 124 126 127 128 129 130 131 132 134 136 138 139 141 144 146 147 148 149
18 102 105 106 107 108 110 111 112 113 122 126 132 133 136 137 145 146 150
17 101 105 106 110 111 112 116 119 120 123 126 129 131 132 140 147 148
35 100 103 105 106 107 108 109 110 112 113 114 115 116 118 121 122 123 125 126 127 128 129 133 134 135 136 137 138 139 140 141 142 144 146 147
34 100 101 102 103 105 107 108 110 113 114 115 116 117 118 122 124 125 126 127 129 131 132 134 135 136 137 139 140 142 143 145 147 148 149
16 100 105 106 108 111 113 114 122 123 124 125 136 137 142 148 150
27 101 103 105 106 107 109 110 111 112 116 118 120 122 123 124 125 126 130 131 132 133 135 138 139 141 145 148
33 100 102 103 104 106 108 109 110 111 113 114 115 116 117 118 119 121 126 128 130 132 134 135 136 137 141 143 144 145 146 148 149 150
27 100 101 103 105 106 108 109 113 114 115 116 119 120 122 123 126 127 131 132 134 136 140 143 144 145 146 149
34 100 101 102 104 105 107 109 111 112 113 114 115 116 120 123 124 125 126 128 129 131 132 133 134 135 137 140 141 142 143 144 145 147 149
34 100 103 104 106 108 109 110 111 113 114 115 116 117 119 120 121 122 123 124 126 129 131 133 135 137 138 141 142 144 145 146 147 148 149
21 100 102 103 108 109 111 117 121 122 123 126 128 130 137 138 142 144 146 147 148 150
27 100 101 105 106 108 109 110 113 115 116 118 119 120 122 125 126 127 129 132 136 137 138 139 141 146 147 148
33 103 104 105 106 108 109 110 113 115 117 118 119 120 122 123 125 126 127 128 129 130 132 133 135 136 137 139 140 142 144 146 147 149
32 101 102 104 105 106 108 110 112 113 114 115 117 119 121 122 123 124 126 127 129 130 131 132 133 135 136 137 141 145 146 147 150
29 100 101 104 105 106 109 110 112 113 114 115 116 118 120 121 122 124 125 127 128 129 133 137 138 140 142 143 144 146
17 103 105 106 112 116 118 121 125 129 130 131 135 136 142 145 146 150
29 100 102 104 106 107 108 109 110 112 113 114 115 119 120 121 123 125 126 127 128 129 132 135 136 137 138 140 149 150
32 100 102 104 105 106 107 108 110 111 112 113 115 116 119 124 126 127 129 131 134 136 137 138 139 141 142 143 144 146 147 148 150
20 102 105 106 108 112 114 119 120 121 122 123 125 131 135 136 137 140 143 145 150
16 100 106 107 108 117 118 119 124 125 127 133 137 142 144 146 147
31 100 101 102 103 107 108 110 113 114 115 116 117 118 119 120 123 125 129 130 132 133 134 138 140 141 142 143 145 148 149 150
23 101 104 105 106 107 108 109 110 111 112 113 116 117 120 124 128 130 132 133 135 142 143 146
30 101 102 103 104 105 106 111 112 115 116 117 118 120 123 124 126 128 129 130 131 133 137 138 139 141 143 145 146 148 150
32 100 101 104 105 106 107 109 110 112 113 114 115 116 117 118 121 122 127 131 134 135 136 137 138 139 140 143 146 147 148 149 150
29 101 102 103 105 106 109 111 112 113 114 115 116 118 119 122 123 126 127 130 131 133 137 141 142 143 145 147 148 149
28 101 102 103 104 105 107 108 111 112 114 116 119 120 124 125 127 129 130 131 133 135 136 137 138 139 143 147 148
21 103 107 108 110 112 113 114 118 119 122 123 127 128 130 133 135 136 138 146 147 150
26 100 101 102 104 109 110 112 116 119 120 121 122 125 127 129 130 131 132 138 140 141 142 143 144 146 148
34 100 101 102 105 106 107 110 111 112 113 114 115 118 120 122 124 125 127 128 129 130 131 132 133 134 135 136 139 140 141 143 144 146 149
28 100 101 104 106 107 108 109 110 111 112 113 118 119 120 121 122 123 127 128 134 136 137 138 139 141 142 145 149
30 100 102 103 106 110 112 113 114 116 119 120 122 123 124 125 129 131 132 133 134 136 137 138 140 141 142 145 146 147 150
22 101 102 103 106 108 109 112 113 114 116 122 123 126 127 130 132 136 139 141 142 144 150
30 100 102 103 105 107 108 109 111 117 118 122 123 124 126 127 128 129 130 131 133 135 136 138 139 142 144 145 146 148 150
19 100 102 104 107 109 118 120 121 122 127 128 130 133 140 141 143 144 145 146
35 100 101 102 103 105 108 109 111 112 113 116 117 119 121 122 123 124 125 126 127 128 129 131 132 136 138 139 140 141 142 143 145 147 148 149
15 104 105 111 114 117 121 123 124 127 129 130 138 141 143 146
16 102 103 108 110 113 117 125 128 129 130 134 136 137 141 144 148
15 103 105 108 112 113 117 121 128 132 135 138 141 143 145 146
28 100 101 102 103 106 107 110 113 114 116 118 119 121 124 128 129 132 134 136 137 140 142 143 144 146 148 149 150
19 101 102 106 110 111 112 115 121 122 124 128 131 132 140 143 145 146 149 150
31 101 103 105 106 107 108 113 114 115 118 121 123 124 125 127 130 131 133 134 135 136 138 139 140 142 143 144 147 148 149 150
35 100 102 103 105 106 108 109 110 111 112 113 114 115 117 118 119 123 124 126 128 129 130 131 132 135 136 138 139 140 141 142 143 144 145 147
25 100 101 104 108 109 110 111 113 115 117 118 122 125 126 127 131 132 133 134 138 141 144 145 146 148
35 101 102 103 104 105 106 107 108 110 113 116 119 120 121 122 123 124 125 127 129 130 131 132 133 136 137 138 140 141 142 143 145 147 148 150
19 100 104 107 108 110 113 115 117 123 126 127 128 133 136 140 141 143 145 148
24 103 105 106 107 108 109 110 112 116 117 120 122 125 126 127 129 131 132 133 138 142 144 146 149
33 101 105 106 108 111 113 114 115 116 118 120 121 122 124 126 127 128 130 131 132 133 134 135 136 137 139 141 143 145 146 147 148 150
31 102 105 107 108 109 111 112 113 114 115 116 118 120 121 122 123 124 128 131 132 133 134 136 137 138 139 141 143 144 145 149
31 100 102 105 106 107 108 111 112 113 114 116 117 123 125 126 127 129 130 131 133 134 136 137 139 140 142 143 144 147 148 150
26 100 102 105 106 108 109 115 119 121 123 124 125 128 131 132 134 135 137 138 139 142 144 145 148 149 150
19 103 104 108 112 114 122 123 125 128 131 132 134 138 139 140 141 143 146 150
26 100 103 104 107 109 110 112 114 116 117 118 120 124 127 130 132 133 134 137 138 139 140 143 145 148 150
24 103 113 114 115 119 120 123 127 128 129 130 132 133 135 136 137 138 139 140 142 144 145 146 148
27 100 103 104 105 106 111 115 119 120 121 123 124 126 128 131 132 135 136 137 138 140 141 142 147 148 149 150
16 100 101 102 104 111 112 113 121 123 124 131 134 146 147 149 150
29 100 101 106 107 109 111 112 113 114 116 118 120 121 122 123 124 125 130 135 136 137 138 139 140 142 143 144 145 146
22 100 102 103 104 105 111 113 121 127 131 132 134 136 137 139 140 141 142 144 147 149 150
33 100 101 102 104 105 106 107 108 109 113 114 115 117 119 120 123 124 125 126 127 128 129 130 132 133 135 140 141 142 144 146 147 148
35 101 103 105 106 109 110 112 113 114 115 116 117 118 119 120 121 122 123 124 126 127 128 129 132 133 134 135 136 137 139 141 143 144 145 148
19 101 110 112 113 114 115 117 123 124 125 127 129 130 131 133 135 138 142 146
28 100 101 102 103 104 106 107 111 113 117 118 119 121 122 124 127 129 131 133 134 135 139 140 143 145 146 147 148
19 100 101 104 108 109 114 119 122 127 133 137 140 141 142 143 144 145 149 150
26 100 101 103 104 105 106 107 108 109 112 113 114 115 117 120 124 126 128 130 133 134 137 142 143 147 148
32 100 102 103 105 107 109 111 112 113 115 116 119 121 122 123 124 125 126 127 128 129 132 133 134 136 137 138 139 144 148 149 150
32 102 105 106 107 108 109 110 112 114 115 116 117 118 119 120 121 122 123 125 127 129 130 131 133 135 138 142 143 146 147 148 150
32 100 103 104 105 107 108 109 110 111 112 113 115 116 119 120 121 123 124 126 127 128 129 130 135 136 137 138 139 141 145 148 149
27 102 103 104 105 106 107 111 112 114 115 116 119 120 121 126 127 130 131 133 134 136 137 139 141 145 148 150
16 100 106 109 113 116 117 119 123 131 132 135 136 137 142 146 149
18 101 103 111 112 114 116 118 125 128 130 133 134 135 137 142 147 148 150
23 101 103 104 105 107 115 116 122 123 124 126 128 129 133 134 135 137 142 144 146 147 149 150
25 100 103 104 107 108 109 110 111 112 113 115 117 118 119 124 125 126 128 131 135 136 142 144 148 149
23 100 105 106 108 109 113 114 115 117 121 123 126 127 130 131 134 136 138 140 144 146 148 150
31 100 103 105 110 111 112 113 114 115 116 119 120 121 123 124 126 127 129 133 134 137 138 139 140 143 144 145 147 148 149 150
21 101 102 105 110 115 117 123 126 127 129 130 134 136 138 140 142 144 145 147 148 150
26 102 104 105 106 107 110 112 117 118 120 121 122 123 125 128 129 131 132 134 136 137 138 139 142 145 146
23 100 101 102 103 106 107 111 112 114 115 119 120 124 126 131 132 138 141 142 143 146 147 149
21 100 101 103 104 107 109 110 111 116 118 123 130 133 136 137 140 141 142 144 147 148
30 102 104 106 108 109 110 111 112 113 116 118 119 121 125 127 128 129 130 132 133 134 138 139 140 142 143 144 146 147 148
29 100 102 103 104 106 108 112 113 116 118 120 122 123 124 126 127 128 130 131 133 134 135 139 140 141 145 146 147 148
26 100 102 103 104 106 111 113 115 116 117 118 119 120 121 122 123 124 125 129 132 133 138 140 142 145 146
26 100 101 107 108 109 110 111 112 113 115 116 117 118 120 123 124 127 128 134 136 140 142 143 144 149 150
34 101 102 104 105 106 108 112 113 114 115 117 118 119 120 121 122 126 127 128 129 130 131 132 133 134 135 139 140 141 142 143 146 147 150
28 100 101 105 106 107 110 111 118 119 120 123 125 126 128 129 131 132 135 136 137 139 140 142 143 145 146 149 150
34 100 102 103 104 106 107 108 112 115 116 119 120 121 123 124 126 127 128 129 130 131 132 133 134 135 136 138 140 141 144 146 148 149 150
15 104 106 109 110 112 114 117 119 122 124 126 132 135 137 140
20 100 102 105 106 108 111 112 123 124 126 127 128 129 140 141 142 145 146 149 150
22 100 101 102 107 113 114 115 116 117 119 120 122 125 126 130 132 133 137 138 142 144 147
31 103 105 106 108 109 111 117 118 120 121 123 124 125 126 127 128 129 130 132 133 134 135 137 138 139 140 141 143 144 148 149
29 100 101 102 104 105 106 108 110 119 122 123 124 125 127 128 130 131 133 135 136 137 138 141 142 143 145 147 148 149
15 100 104 105 107 110 115 116 122 123 127 132 134 142 143 144
29 100 101 102 103 104 105 107 110 112 114 115 117 118 120 123 126 128 129 132 134 137 139 140 141 142 144 145 149 150
24 101 103 104 108 109 110 112 114 117 118 121 123 124 125 128 129 131 133 135 140 141 142 144 150
27 100 101 102 103 106 107 110 113 114 115 116 117 119 120 122 123 127 131 132 133 135 136 138 139 141 143 150
25 101 103 105 108 112 113 114 115 116 118 119 120 125 126 128 129 135 136 137 139 140 143 146 149 150
24 101 105 106 107 108 109 111 112 113 115 119 120 121 123 128 130 131 132 138 139 140 142 145 147
27 100 103 105 106 114 116 118 119 120 121 122 123 126 127 129 130 131 132 134 135 136 140 142 144 145 147 149
15 102 104 108 112 113 115 123 127 129 131 133 134 137 139 142
26 100 101 103 104 107 110 112 113 115 117 118 119 122 125 129 132 133 135 136 137 139 142 144 146 148 150
32 100 101 102 103 105 107 108 109 110 112 113 115 118 119 120 125 131 132 134 136 137 138 139 140 141 142 143 144 145 146 147 149
34 100 102 103 104 105 106 108 109 110 111 113 115 116 118 119 121 122 123 127 128 129 132 133 135 136 139 141 142 143 145 146 147 148 149
25 101 102 105 108 109 110 111 112 114 115 118 120 121 125 127 129 130 132 135 136 138 139 140 142 150
34 100 101 102 103 105 107 108 109 111 114 115 116 118 119 122 126 127 128 129 130 131 132 133 135 136 137 139 141 142 145 146 147 148 150
34 100 101 102 104 105 107 108 111 113 114 116 120 124 125 126 127 128 129 131 132 134 135 136 138 139 140 141 142 143 144 145 147 148 150
28 100 102 103 104 106 108 110 111 112 113 114 115 119 121 123 124 125 126 128 134 137 140 141 142 143 146 148 149
17 105 106 108 110 117 118 127 129 131 134 135 138 140 141 143 147 150
20 102 104 105 109 110 112 113 119 122 123 127 128 129 139 142 145 146 147 148 150
33 101 102 104 105 106 107 108 111 112 113 114 117 121 123 126 127 128 129 130 131 132 133 135 137 138 139 141 143 144 146 148 149 150
21 101 106 108 109 110 114 116 118 120 122 125 130 132 134 138 140 145 146 147 148 150
19 103 104 105 113 119 123 127 128 130 134 136 137 138 139 140 142 145 146 148
21 100 101 105 108 110 113 117 121 123 127 129 130 132 134 137 138 139 140 143 145 148
21 100 101 106 110 116 117 123 124 125 128 129 130 132 133 141 143 145 146 148 149 150
35 100 101 102 103 104 105 108 109 111 112 113 115 116 117 118 122 123 124 126 127 129 130 131 132 134 136 138 139 140 141 144 146 147 148 150
22 104 108 109 116 120 122 124 125 127 129 130 131 134 136 139 141 142 143 146 147 148 149
29 100 104 105 107 108 111 113 114 115 116 117 118 120 121 122 123 124 125 127 129 130 131 134 136 137 140 145 148 150
29 100 101 102 105 107 109 111 113 114 115 116 118 119 120 121 126 127 128 130 132 133 136 137 140 141 143 144 148 150
28 104 105 108 112 115 116 118 119 120 122 125 126 127 130 131 132 134 135 138 139 141 143 144 145 146 148 149 150
19 100 104 107 109 112 114 116 118 119 123 124 126 130 136 137 142 145 146 149
15 100 101 103 107 111 112 113 118 121 122 125 130 137 142 144
28 100 101 102 103 105 107 108 110 111 114 117 119 121 125 128 129 131 133 134 135 136 138 140 143 144 146 148 149
32 100 101 102 103 105 108 109 110 113 114 115 118 119 120 121 123 127 129 130 131 134 137 138 139 140 141 142 144 145 147 149 150
32 100 101 103 105 110 111 112 114 115 117 119 120 121 122 123 124 125 127 128 130 134 135 136 137 139 140 141 142 143 146 149 150
34 100 101 102 104 105 106 107 109 111 112 114 115 116 117 118 120 121 122 123 124 126 128 129 130 132 136 137 140 142 143 144 146 147 150
29 103 104 106 107 108 109 110 111 113 114 115 118 119 120 121 123 125 127 129 131 132 135 137 143 144 145 147 148 149
35 101 102 103 104 105 107 108 109 111 112 113 115 116 117 118 119 122 123 124 128 130 131 132 134 136 137 138 139 140 141 142 143 144 146 148
17 105 106 115 118 119 122 124 125 127 128 129 130 136 138 139 144 150
25 102 104 105 106 107 109 110 111 112 113 114 115 116 121 122 123 127 131 132 140 143 144 146 149 150
22 100 102 104 108 112 114 120 121 122 129 130 131 132 133 134 135 137 139 140 142 145 149
31 100 102 104 107 108 109 110 112 113 114 115 116 118 119 120 121 122 125 127 128 130 133 134 135 137 138 139 142 147 148 149
20 101 104 108 109 110 114 115 117 119 122 123 125 127 129 132 135 137 138 141 146
18 103 110 114 116 117 119 120 121 122 125 132 134 136 139 143 144 145 146
19 102 103 104 105 106 108 110 115 118 122 127 128 131 135 138 140 141 144 149
25 101 104 105 106 109 111 113 118 121 123 126 127 130 132 134 136 137 139 140 141 145 146 147 149 150
28 101 105 106 108 113 114 119 120 124 125 126 127 129 130 131 132 133 134 135 137 138 141 142 143 146 147 149 150
34 100 102 103 105 106 107 108 109 110 111 112 113 114 115 116 117 118 120 121 125 129 130 131 132 133 134 135 136 137 139 141 144 147 150
28 100 102 104 106 107 109 110 112 114 115 118 120 124 126 127 128 129 131 134 136 138 139 140 142 144 147 149 150
28 100 101 102 103 104 105 106 107 108 109 110 114 115 118 122 123 125 126 128 133 135 137 138 140 143 145 146 149
31 100 101 102 104 105 106 107 108 109 110 111 114 115 118 119 120 123 124 125 126 127 130 131 132 134 136 139 140 143 144 148
17 104 105 106 108 110 111 116 117 122 125 129 134 135 137 141 144 149
31 100 101 104 106 108 109 112 113 117 118 119 121 123 124 125 126 127 128 130 131 132 134 136 137 142 143 144 145 147 149 150
23 100 101 103 104 105 106 107 110 114 115 116 128 129 130 131 132 135 136 142 145 147 149 150
34 100 101 103 105 106 109 110 111 113 114 115 117 118 119 120 123 124 125 126 127 128 130 133 134 135 136 139 140 141 143 145 146 147 149
12 158 161 162 166 167 168 172 175 178 179 181 183
10 153 154 163 164 165 167 170 174 177 178
4 151 152 169 183
5 157 159 168 179 180
9 153 158 160 163 166 170 171 175 178
15 155 156 157 159 161 163 165 166 167 171 174 175 178 181 182
7 151 154 158 161 170 173 179
3 152 176 180
15 151 153 157 158 162 169 170 172 173 175 176 178 179 181 183
8 155 157 164 166 167 168 169 181
25 151 152 153 154 155 156 158 159 160 161 162 163 164 169 170 171 172 174 175 176 177 178 179 180 182
13 152 153 154 159 162 163 165 166 168 169 170 175 181
18 152 153 156 159 160 162 163 165 171 172 174 175 176 177 178 180 182 183
8 161 162 165 168 173 176 179 182
3 151 168 176
12 151 153 154 155 160 161 167 168 172 181 182 183
8 154 155 161 164 165 167 169 178
4 156 166 173 179
7 153 158 162 166 168 170 179
22 152 153 154 155 156 159 161 162 165 167 168 170 172 173 174 176 177 178 179 180 182 183
8 155 161 165 169 170 171 172 183
13 152 153 156 157 161 164 168 170 172 173 174 180 182
11 152 154 155 160 162 168 171 174 177 178 182
9 152 153 160 162 163 175 177 178 181
10 151 157 158 164 167 173 174 177 179 182
11 151 154 155 157 159 160 163 169 170 171 177
13 152 153 157 158 159 160 162 167 169 171 172 176 178
10 152 159 165 166 169 173 174 176 177 178
11 156 157 158 162 163 164 170 171 175 179 180
11 151 157 158 160 163 164 166 169 171 175 181
10 151 152 158 171 172 174 176 180 181 183
3 154 171 173
20 151 153 154 155 156 160 161 163 164 167 171 172 173 175 177 179 180 181 182 183
10 154 155 160 165 168 171 174 177 180 182
13 152 156 157 159 160 163 165 172 173 176 177 180 183
11 151 152 154 160 166 168 173 175 177 178 180
11 153 157 159 160 162 163 168 170 175 177 182
11 151 154 156 158 164 166 167 173 174 176 182
14 151 156 157 160 167 168 169 171 175 176 178 179 180 181
8 152 156 159 161 163 164 166 167
5 166 174 179 180 183
20 151 154 155 158 159 160 162 163 165 166 167 169 171 175 176 177 178 179 181 183
6 155 164 168 170 173 181
8 157 165 172 174 175 178 180 181
12 152 154 155 162 164 168 171 172 174 178 179 180
8 154 155 156 166 168 171 176 183
4 160 171 178 183
8 151 160 163 172 174 176 180 181
4 157 158 161 178
18 152 153 155 156 157 158 160 161 163 164 169 170 176 178 179 181 182 183
13 152 157 158 159 162 165 166 168 169 170 174 176 178
11 152 153 154 158 160 164 170 172 173 180 183
7 151 160 163 166 167 175 181
12 154 155 156 157 159 164 167 172 174 177 180 181
7 151 155 156 157 160 171 176
11 151 153 160 163 167 169 170 175 177 179 181
9 153 156 161 167 170 172 179 180 181
13 151 157 158 159 163 164 165 166 169 173 175 176 183
13 152 153 154 155 158 159 161 163 170 172 177 182 183
10 152 159 162 164 165 172 173 174 180 182
6 162 164 165 166 173 174
13 151 153 156 158 159 160 161 164 166 168 176 182 183
6 155 156 161 172 176 180
16 152 158 159 161 162 166 168 169 172 173 175 179 180 181 182 183
10 152 153 154 158 159 160 165 175 178 181
13 151 154 155 161 164 167 169 171 174 175 178 181 182
9 151 154 156 161 163 165 175 177 182
7 153 156 164 165 173 174 182
25 152 153 154 155 156 157 158 159 161 162 164 165 166 167 168 169 170 171 173 175 177 178 179 182 183
11 155 156 162 163 164 167 173 174 177 179 182
8 157 165 166 167 168 173 181 183
7 153 157 161 165 169 170 173
12 151 157 161 166 168 169 170 171 172 176 180 183
15 151 154 159 162 165 166 167 168 171 172 173 174 175 177 180
10 153 155 156 157 158 161 163 171 181 183
7 156 158 159 176 177 182 183
4 162 169 177 179
9 152 155 162 163 167 169 170 177 179
12 159 162 164 165 167 169 170 172 174 176 179 182
11 152 153 154 155 158 159 161 163 170 172 177
8 152 159 162 165 173 174 180 182
14 151 152 153 158 160 162 163 169 170 175 176 178 179 182
11 152 156 160 162 163 165 171 177 180 182 183
8 152 157 159 160 162 167 176 178
2 154 171
11 151 157 159 163 164 165 166 173 175 176 183
10 157 160 168 169 171 175 176 178 179 181
7 160 165 168 174 177 180 182
6 157 166 169 172 180 183
2 156 173
3 174 179 183
6 155 166 168 171 176 183
5 159 176 177 182 183
6 151 156 158 164 167 174
5 156 164 173 177 182
5 162 163 164 170 180
8 151 152 154 160 166 175 177 180
11 152 158 159 161 162 166 172 175 179 180 181
7 161 162 167 168 172 178 179
2 151 169
4 162 166 168 179
3 153 165 174
8 155 160 162 168 174 177 178 182
6 162 163 170 171 179 180
4 153 158 166 168
22 152 154 156 157 158 159 161 162 164 165 166 167 168 169 170 171 173 175 178 179 182 183
6 155 157 166 168 169 181
7 153 156 158 161 166 182 183
4 157 165 172 174
7 153 154 158 160 165 175 178
2 152 176
11 151 153 156 158 159 161 164 166 168 182 183
20 151 152 153 154 155 156 158 159 161 162 163 164 170 171 174 175 176 177 178 182
8 151 155 157 159 160 169 170 171
11 157 158 159 165 166 168 169 170 174 176 178
5 165 172 174 178 180
5 151 158 164 167 176
2 152 180
7 161 162 166 168 172 179 181
5 152 154 158 160 181
8 152 158 160 164 170 172 173 180
5 155 164 165 167 169
2 171 173
9 154 155 157 159 163 169 170 171 177
6 159 162 169 174 176 179
7 152 162 164 172 173 180 182
8 152 159 165 173 174 176 177 178
17 151 153 154 155 156 160 163 167 171 173 175 177 179 180 181 182 183
7 152 153 160 170 173 180 183
8 153 155 156 158 163 171 181 183
6 152 154 160 166 178 180
8 153 155 156 158 161 163 171 181
2 168 176
5 153 164 165 174 182
11 157 160 167 168 169 171 175 176 179 180 181
5 151 160 163 167 175
6 155 161 169 171 172 183
9 153 157 158 159 160 162 167 171 178
5 153 158 162 168 179
4 163 166 167 175
6 155 156 164 177 180 181
5 156 164 165 174 182
6 152 153 158 165 175 178
5 155 156 161 172 176
9 151 153 158 162 170 172 178 179 183
1 168
7 151 159 160 166 168 182 183
4 156 158 159 182
4 165 167 168 181
5 153 155 156 157 163
15 152 153 156 160 162 165 171 172 174 176 177 178 180 182 183
6 154 158 161 170 173 179
7 154 155 162 168 172 179 180
8 158 159 163 164 169 173 176 183
6 154 155 156 166 176 183
2 158 178
12 154 159 165 166 167 168 171 173 174 175 177 180
4 163 174 176 181
12 154 159 162 165 166 167 168 171 172 174 175 180
12 153 157 162 169 172 173 175 176 178 179 181 183
2 152 176
18 152 153 154 155 158 161 165 166 167 169 170 171 173 175 177 178 182 183
6 153 158 163 166 170 175
8 159 162 164 165 172 173 174 182
2 171 183
8 153 158 159 160 165 175 178 181
6 165 168 173 176 179 182
3 170 173 181
6 161 162 165 176 179 182
4 153 168 170 179
6 154 161 165 167 169 178
6 155 162 163 167 174 179
7 156 162 163 173 174 179 182
7 151 152 158 171 174 181 183
3 160 178 183
3 156 177 183
2 161 178
16 153 155 156 157 158 160 161 163 164 169 176 178 179 181 182 183
7 152 162 163 167 169 170 179
6 160 162 163 177 178 181
8 152 158 171 172 174 176 180 183
5 167 169 175 177 179
8 158 161 166 167 172 175 179 181
2 174 180
5 151 153 160 169 179
5 165 174 175 180 181
8 155 156 157 158 161 171 181 183
9 156 157 162 164 170 171 175 179 180
7 152 153 160 162 175 177 181
6 156 157 162 171 179 180
9 158 161 162 166 168 175 179 181 183
4 161 168 173 179
12 153 156 159 162 165 171 172 175 176 180 182 183
7 155 158 161 170 172 177 183
6 155 157 164 167 169 181
5 163 165 167 177 178
14 151 153 156 160 161 163 164 172 173 175 177 180 181 183
7 156 162 163 174 177 179 182
6 151 158 161 170 173 179
2 162 177
12 153 155 156 157 160 161 164 170 178 179 181 182
5 155 157 166 169 181
8 153 160 163 167 169 170 175 177
2 154 171
3 155 161 180
4 155 164 170 181
1 154
7 153 156 158 161 163 171 181
9 151 153 160 163 169 170 175 177 179
7 152 158 171 172 174 181 183
6 158 162 163 170 171 175
9 154 155 162 168 171 174 177 178 182
6 151 157 164 167 179 182
8 153 154 155 160 161 172 181 182
9 152 154 155 164 171 172 174 178 180
12 158 162 166 168 169 172 173 179 180 181 182 183
6 153 156 160 161 176 182
10 151 154 155 164 169 171 174 178 181 182
5 155 156 157 171 176
6 157 162 163 170 171 175
5 157 168 173 181 183
13 153 156 161 165 167 168 170 172 173 176 178 179 180
2 154 173
3 162 165 174
2 157 161
15 153 155 157 159 164 165 166 167 170 171 173 177 178 179 182
4 156 158 176 183
9 156 157 159 160 163 165 173 177 180
5 153 165 167 177 178
5 151 163 167 175 181
5 152 154 164 172 173
4 155 156 161 180
8 159 162 164 165 172 174 180 182
5 161 173 176 179 182
2 156 179
7 162 169 173 175 179 181 183
8 151 153 160 167 170 175 179 181
10 152 159 162 163 165 166 168 169 170 175
8 162 164 168 171 172 178 179 180
8 151 155 157 159 163 169 171 177
10 159 162 165 167 172 173 174 175 177 180
13 158 159 161 162 166 168 172 173 175 179 180 181 183
11 151 158 162 169 172 173 176 178 179 181 183
6 152 159 165 173 177 178
4 153 157 165 169
11 152 153 154 155 158 159 161 163 177 182 183
6 154 158 166 167 176 182
5 153 156 173 174 182
5 152 159 162 172 174
9 151 154 159 162 165 168 172 177 180
6 155 161 165 169 172 183
2 162 177
3 156 173 179
2 180 183
6 154 155 165 167 169 178
7 152 154 159 166 169 175 181
20 152 153 154 155 156 159 160 161 162 163 164 169 171 172 174 175 176 177 179 180
4 165 166 173 181
4 156 165 173 174
4 155 164 168 169
2 176 180
7 155 156 157 163 171 181 183
5 157 158 173 177 179
6 152 159 161 163 164 166
5 158 162 166 170 179
5 152 159 163 164 166
8 152 159 162 164 173 174 180 182
10 151 158 162 167 171 177 178 179 181 183
6 151 154 157 163 171 177
10 152 158 159 166 169 172 173 180 182 183
2 166 179
15 151 154 155 158 160 162 163 165 166 167 171 176 177 179 183
7 157 158 167 173 174 177 182
20 151 152 153 154 155 156 159 160 162 163 169 170 171 172 175 177 178 179 180 182
11 151 159 165 167 171 172 173 174 175 177 180
7 152 158 159 160 165 175 181
9 151 163 167 169 170 175 177 179 181
4 161 163 175 177
7 154 155 156 157 164 167 172
8 152 159 165 169 174 176 177 178
11 151 153 157 158 162 169 172 173 176 178 179
6 156 159 163 164 166 167
14 152 153 156 158 159 160 161 163 164 169 170 174 177 178
8 153 160 163 167 169 170 175 181
8 152 158 166 168 172 173 179 181
7 153 158 160 163 166 171 175
12 151 153 154 156 160 163 164 167 171 173 175 182
4 158 166 170 179
12 154 155 163 166 167 169 171 176 177 179 181 183
4 151 160 163 166
2 157 161
7 151 154 156 163 165 177 182
9 155 156 161 163 165 174 175 178 181
15 152 153 155 157 158 160 161 163 164 176 178 179 181 182 183
9 151 154 155 157 159 163 169 171 177
6 156 161 164 168 172 174
5 155 167 169 170 177
4 161 162 173 176
14 152 156 157 158 161 163 164 169 170 176 178 179 181 182
8 153 155 156 157 158 163 171 181
7 151 157 158 167 177 179 182
8 157 159 160 162 170 175 177 182
7 159 166 168 169 170 176 178
5 158 171 172 174 180
6 155 161 165 169 170 172
7 155 156 161 163 171 181 183
2 156 166
10 151 154 159 165 166 168 171 172 174 175
8 152 156 157 160 165 173 177 183
7 151 153 163 167 169 177 181
9 152 154 155 164 168 171 174 178 180
4 158 160 170 175
3 157 168 180
2 158 161
3 157 168 180
8 154 155 157 164 167 172 174 180
9 152 154 164 168 172 174 178 179 180
9 153 158 161 163 170 172 177 182 183
7 162 163 164 170 171 179 180
6 152 159 169 176 177 178
5 160 163 166 170 171
4 161 167 169 178
6 153 154 165 170 174 177
1 180
2 157 161
6 151 160 163 166 167 175
5 153 158 166 170 178
4 157 165 166 167
6 151 158 173 174 177 182
6 155 157 166 167 168 169
6 163 164 167 173 174 177
3 155 161 172
6 151 160 169 170 179 181
6 153 156 164 165 173 182
4 161 165 170 173
5 153 166 168 170 179
6 154 164 170 173 180 183
8 151 157 158 164 169 171 175 181
2 154 171
16 153 155 157 159 162 163 166 168 170 171 173 174 179 180 182 183
11 151 157 161 164 171 173 175 177 180 181 182
17 152 153 154 155 157 163 165 167 168 169 170 171 173 174 175 176 181
23 152 153 154 155 156 157 158 159 162 163 164 165 166 170 171 173 174 175 176 177 179 180 181
12 152 159 163 164 165 167 169 170 171 173 177 179
22 151 154 156 157 158 161 162 163 164 165 166 167 169 171 172 173 175 177 178 181 182 183
18 152 153 154 157 158 160 161 162 165 167 168 169 170 171 173 176 181 182
12 153 155 156 157 159 166 171 172 174 179 182 183
19 151 152 154 155 156 158 160 165 166 167 171 172 174 176 178 179 180 181 182
15 151 154 155 156 157 160 166 167 168 169 171 173 177 180 182
18 151 152 153 155 157 158 161 163 164 165 169 170 171 175 176 177 182 183
11 152 154 157 159 160 164 165 173 175 176 180
22 151 152 157 158 159 160 161 162 163 165 166 167 168 170 172 173 174 175 178 180 182 183
11 152 158 161 162 165 170 172 173 174 178 181
15 152 153 154 160 163 164 165 166 167 168 169 170 172 178 180
17 153 154 155 156 158 159 160 161 163 165 166 169 170 176 179 180 183
19 151 157 161 162 163 164 166 168 169 171 174 175 176 177 178 179 181 182 183
23 152 155 156 158 159 160 161 162 164 165 166 167 169 170 171 172 173 174 175 176 180 181 183
13 152 154 157 162 165 166 169 170 171 173 175 182 183
22 151 152 154 155 157 158 160 161 162 163 165 166 167 168 171 173 174 176 178 179 182 183
13 151 155 156 157 161 167 171 173 177 178 179 181 183
14 155 157 158 159 161 162 163 164 165 167 172 176 179 181
14 153 157 158 164 165 166 167 169 170 171 175 176 181 183
18 151 152 155 157 158 161 162 163 167 168 169 171 172 173 174 175 177 178
15 156 157 158 161 162 164 166 171 174 175 176 180 181 182 183
16 152 153 154 155 159 161 164 166 169 170 171 173 176 178 180 182
14 151 154 161 162 164 165 168 171 174 175 176 181 182 183
16 151 153 154 155 156 157 158 160 162 163 165 176 177 179 180 183
14 154 155 158 159 161 162 163 165 166 170 171 173 175 179
22 151 153 154 156 158 159 160 161 162 163 167 168 170 171 172 173 174 176 177 180 182 183
18 152 154 156 157 158 159 162 163 166 168 173 174 175 176 178 179 181 183
10 153 159 160 163 164 165 172 174 176 177
20 151 152 153 155 157 159 160 161 163 164 165 170 171 172 174 176 179 180 182 183
19 153 154 155 158 160 162 163 164 165 166 167 172 173 175 176 177 178 180 181
12 151 153 156 157 158 159 165 166 169 171 177 180
16 151 155 158 162 163 164 165 166 167 169 170 171 175 179 180 181
17 154 156 157 160 161 163 164 167 171 172 173 176 177 179 181 182 183
15 151 152 154 156 157 158 159 161 163 169 173 174 175 181 182
14 151 153 157 160 162 163 165 166 171 172 175 176 180 181
18 151 152 153 155 156 158 159 160 161 162 165 166 167 168 171 174 178 182
17 155 156 157 159 160 162 163 164 165 166 167 170 171 173 174 176 179
19 152 154 155 156 158 160 162 164 165 166 168 171 172 173 177 178 179 180 182
22 151 152 153 154 156 157 158 159 161 162 164 166 169 170 172 173 174 177 180 181 182 183
20 153 154 155 158 160 161 164 166 167 168 170 171 172 173 174 175 176 181 182 183
12 159 160 161 162 165 166 170 171 172 173 174 178
17 152 153 156 157 162 164 165 167 172 173 176 177 178 180 181 182 183
14 151 154 155 156 158 161 162 163 165 171 173 175 176 181
10 151 153 158 161 163 175 176 177 178 181
22 151 153 156 157 158 160 161 162 164 165 166 167 168 169 170 171 173 176 177 178 180 183
23 151 152 154 155 156 162 163 164 166 167 168 169 170 171 172 173 175 177 178 179 181 182 183
20 151 152 157 158 159 160 163 164 165 167 170 171 172 173 175 177 179 180 181 183
19 152 153 156 157 158 160 162 165 166 168 169 171 173 176 177 178 179 180 181
19 153 154 156 157 161 162 163 164 166 168 169 170 172 174 175 176 178 179 181
11 153 154 157 160 163 164 165 167 172 179 183
23 151 153 154 155 157 159 162 163 164 166 167 168 169 171 172 173 174 175 176 178 179 180 182
20 151 153 155 156 157 159 163 164 165 166 168 169 170 171 173 174 176 177 178 183
12 153 155 156 158 161 167 171 174 176 177 180 183
13 152 158 159 166 174 175 176 178 179 180 181 182 183
20 151 152 155 157 159 160 165 166 169 170 171 174 176 177 178 179 180 181 182 183
19 151 152 155 157 158 159 160 161 162 163 167 168 169 170 172 173 174 178 182
18 152 153 155 156 157 159 160 161 162 163 166 167 169 171 172 178 180 183
23 151 152 153 154 155 156 160 161 162 164 166 167 168 170 171 172 173 174 177 178 181 182 183
19 153 154 155 158 161 164 166 167 168 169 171 172 173 175 176 177 179 180 182
14 156 159 160 161 163 164 168 170 172 174 177 178 181 182
13 152 153 154 156 157 159 162 163 165 171 174 175 182
11 154 157 160 162 164 172 173 175 176 177 182
11 151 152 154 156 158 159 160 166 174 180 181
21 151 153 154 155 158 159 163 164 165 166 168 169 170 171 173 174 175 177 178 180 183
19 152 153 156 158 160 162 165 168 169 170 171 172 174 175 176 177 178 179 183
18 151 152 153 156 157 159 161 162 163 166 168 170 172 176 177 180 181 182
21 151 152 153 154 155 156 157 163 164 165 166 167 168 171 172 173 174 175 176 179 180
16 151 152 153 155 158 159 164 165 167 170 171 174 177 179 181 182
10 157 161 163 167 170 173 176 177 178 179
13 153 155 156 159 160 161 163 170 174 175 177 179 181
18 153 154 156 157 161 162 165 167 168 169 171 175 176 178 179 181 182 183
20 151 152 153 155 156 158 161 162 166 167 168 173 174 176 177 178 179 180 181 182
20 151 152 153 158 159 160 161 162 163 168 169 171 174 175 176 177 178 179 180 182
16 152 155 158 161 168 170 171 172 174 176 177 179 180 181 182 183
18 151 152 156 158 159 160 161 162 163 164 170 171 172 173 174 175 177 183
11 151 152 158 162 163 164 167 168 172 175 176
17 151 152 153 154 155 156 162 163 166 167 170 172 174 175 177 179 181
11 152 154 158 159 163 164 165 170 172 173 175
17 152 155 156 157 159 161 162 166 168 169 170 172 176 177 178 180 182
17 154 156 157 161 162 163 164 166 170 171 172 174 175 176 177 178 180
14 151 152 153 154 160 161 162 163 169 174 176 177 178 183
21 152 153 154 155 157 160 164 165 167 168 169 171 174 175 176 177 179 180 181 182 183
10 158 168 169 172 174 175 176 179 180 181
15 152 153 160 162 165 167 168 172 174 176 177 178 179 180 181
21 151 153 154 155 157 158 159 162 163 164 165 166 167 168 169 172 174 176 178 181 182
20 152 153 154 156 157 160 163 165 167 168 169 170 171 172 174 176 177 180 181 183
21 151 154 156 157 159 160 161 162 163 165 166 167 168 169 170 171 173 176 180 181 183
20 151 152 155 157 158 159 160 161 162 163 165 167 168 169 171 172 176 181 182 183
12 151 155 162 163 164 170 172 175 176 178 181 183
22 151 152 153 154 157 158 159 161 162 163 164 168 170 171 172 175 176 177 178 179 180 181
22 151 152 153 155 158 159 161 162 163 164 165 167 168 170 172 174 175 176 177 178 182 183
20 153 157 158 159 160 163 164 165 166 167 169 170 171 174 175 176 177 180 181 182
22 152 155 156 157 158 159 160 161 164 166 167 169 170 171 172 175 177 178 180 181 182 183
10 152 159 161 162 163 165 175 176 177 179
18 152 154 157 159 160 161 162 163 164 166 167 169 172 173 174 176 180 182
16 154 155 158 161 163 167 169 170 171 176 177 178 179 180 181 182
19 154 156 157 158 160 164 165 167 169 170 171 172 175 176 177 178 180 182 183
11 152 154 156 164 165 168 169 170 174 176 182
19 154 155 157 158 159 161 162 163 164 165 166 167 169 170 173 174 175 176 177
18 151 153 155 156 157 158 159 161 166 167 171 174 175 176 177 178 179 183
17 151 152 155 159 160 161 162 163 164 166 167 169 170 173 175 179 183
11 151 155 158 161 162 166 167 168 170 175 178
11 154 155 158 161 163 164 169 177 178 182 183
13 154 156 158 161 162 164 167 168 170 171 173 175 177
14 152 155 158 159 160 167 168 169 171 173 174 175 177 180
20 151 152 153 156 157 159 160 162 163 164 165 166 170 171 173 174 176 177 179 183
21 152 153 154 156 157 158 159 161 162 164 166 167 170 171 172 173 174 175 176 177 180
17 152 157 159 160 161 162 164 165 167 168 170 172 173 175 177 178 179
14 155 158 161 165 168 170 172 174 176 177 178 179 181 183
22 152 153 155 156 157 158 160 161 162 164 165 166 167 170 171 172 173 176 177 181 182 183
21 151 153 154 155 156 160 162 165 166 168 169 171 172 173 174 175 176 177 180 181 183
18 152 156 157 158 160 161 163 164 165 167 168 172 173 175 179 180 182 183
18 152 153 154 155 156 158 161 162 168 169 170 172 174 175 177 179 180 183
21 151 152 154 156 157 159 161 162 164 165 166 168 169 170 171 173 174 176 178 179 180
18 151 159 160 162 164 166 167 168 169 170 171 173 174 175 176 178 179 183
22 151 152 155 156 157 159 161 162 163 164 165 166 167 169 170 171 173 175 176 179 182 183
21 151 154 156 159 161 162 163 164 165 166 167 168 169 171 172 173 174 176 177 180 183
10 151 154 158 163 168 169 170 175 176 182
21 152 153 155 156 157 158 160 161 162 163 164 165 167 168 170 171 172 173 174 178 180
18 152 153 154 156 157 159 160 161 167 168 169 170 171 173 176 178 181 182
22 151 152 153 156 158 159 160 161 163 164 166 167 168 169 171 172 173 174 175 176 179 180
17 151 152 155 157 158 160 163 164 165 168 172 175 176 177 179 180 183
16 151 152 153 154 155 156 157 163 164 165 166 169 172 173 174 180
21 151 154 155 157 159 162 163 164 165 166 167 169 170 173 174 175 176 177 179 181 183
21 152 153 156 157 160 162 164 166 167 168 169 171 172 174 175 177 178 180 181 182 183
15 151 155 156 157 158 160 163 164 169 170 171 172 173 180 181
22 154 156 160 162 163 164 166 167 168 169 170 171 172 173 174 175 177 178 179 181 182 183
18 152 154 155 157 163 164 165 170 172 173 174 175 176 178 179 181 182 183
11 152 157 159 160 162 166 169 170 173 175 180
10 152 155 160 168 169 171 172 174 179 180
18 151 153 154 157 159 160 161 162 165 168 169 173 174 175 176 177 180 182
11 153 155 159 161 166 167 172 174 176 177 181
12 151 153 159 161 165 168 170 171 175 176 179 180
15 152 155 157 160 162 163 164 165 172 173 174 175 176 178 182
19 151 152 153 156 157 159 160 164 165 167 169 170 173 177 178 179 181 182 183
18 152 156 157 158 159 160 161 162 163 166 169 171 173 174 178 180 181 183
20 151 152 155 157 158 159 160 161 165 166 168 169 170 172 173 175 177 181 182 183
14 154 156 160 161 164 167 168 170 171 172 174 176 180 183
15 151 154 155 156 158 167 170 173 174 175 176 177 178 179 183
13 152 154 157 158 159 165 167 168 171 179 180 181 182
14 152 158 159 160 162 163 166 167 171 173 174 175 182 183
16 152 154 158 160 161 162 163 164 167 169 170 171 172 174 175 180
14 153 162 164 166 168 169 171 174 176 177 178 179 182 183
10 151 152 155 166 171 172 173 177 179 181
17 151 152 154 155 160 161 163 165 168 169 170 172 174 177 179 180 181
13 151 153 155 158 159 161 162 165 166 168 173 176 181
16 159 162 165 166 167 169 170 171 172 173 175 178 179 181 182 183
19 151 152 154 155 157 159 160 162 164 166 167 168 172 173 174 176 178 180 182
22 151 153 154 155 156 157 158 160 161 162 163 164 165 166 169 171 174 175 176 180 181 182
18 151 152 153 154 156 158 159 161 163 164 167 168 169 170 174 176 177 178
13 152 153 154 155 156 162 163 168 173 174 176 177 178
16 151 156 157 158 159 161 162 163 165 167 173 175 178 179 180 183
22 151 152 153 155 157 158 159 160 164 165 166 167 168 169 170 171 174 177 179 181 182 183
21 151 154 155 156 157 158 160 161 164 166 167 168 169 170 172 173 175 177 178 179 181
15 151 153 154 155 157 159 160 162 168 169 170 175 177 179 182
17 154 156 159 160 161 164 165 169 170 171 172 173 174 175 176 179 183
12 151 153 154 157 158 162 163 174 178 180 181 182
21 151 154 155 156 157 160 165 168 169 170 171 172 173 174 175 178 179 180 181 182 183
21 151 152 154 155 156 159 160 161 162 164 165 167 168 169 171 176 177 179 180 182 183
14 151 153 158 159 161 164 166 168 172 173 175 179 180 182
17 153 156 157 160 161 162 164 165 167 169 170 172 176 179 180 181 183
13 156 157 158 159 161 165 166 168 171 172 173 174 177
15 152 154 155 156 158 161 166 175 176 177 178 180 181 182 183
14 153 154 155 156 158 162 163 164 168 169 171 172 180 182
19 151 154 157 158 159 161 162 163 167 169 171 172 173 174 176 178 179 181 183
18 154 155 157 158 161 164 165 167 168 169 170 171 172 173 175 176 178 183
20 152 153 155 156 157 159 160 161 163 166 168 169 171 174 175 177 178 179 180 183
19 153 155 157 158 159 163 164 165 166 168 169 171 172 174 175 176 179 181 182
18 151 154 155 156 157 160 162 165 166 167 171 172 173 174 176 177 182 183
19 151 152 154 155 156 157 158 159 160 163 164 166 167 168 169 173 174 178 179
19 155 158 159 160 161 162 163 168 169 170 171 172 173 174 175 176 180 181 182
10 153 156 162 164 168 169 172 173 177 183
15 151 153 158 159 161 162 164 171 172 174 177 178 179 182 183
12 155 156 157 159 162 167 168 171 175 178 180 181
14 154 156 157 161 167 168 170 171 173 174 176 177 179 182
15 152 153 154 157 158 162 165 167 170 171 172 174 175 182 183
14 152 154 155 159 165 169 170 172 173 175 179 180 181 182
10 152 157 159 160 172 173 175 179 180 182
21 151 153 156 157 159 161 162 163 164 165 166 167 168 170 172 175 176 177 181 182 183
14 155 156 158 162 163 166 169 170 171 173 174 175 176 179
9 154 156 158 163 166 170 172 174 183
22 151 152 155 156 157 158 160 161 162 164 165 166 167 168 170 172 173 176 180 181 182 183
18 152 154 155 159 160 163 165 167 168 170 173 174 175 176 177 180 181 183
21 152 154 155 157 158 159 160 163 164 165 167 168 169 171 172 174 176 177 179 180 181
20 151 152 154 155 156 158 161 162 163 164 166 167 169 171 173 177 178 179 182 183
13 153 156 157 158 162 164 165 174 175 176 178 181 183
18 151 152 154 155 156 159 161 166 167 168 169 170 171 175 177 179 181 182
12 151 153 155 157 158 160 167 168 171 174 178 180
18 152 154 155 156 157 159 161 163 164 167 169 170 172 173 174 177 178 180
12 151 152 153 156 159 160 164 165 168 170 172 177
13 152 156 157 158 159 163 164 167 168 169 175 176 181
21 154 155 156 159 161 162 163 164 166 168 170 171 172 173 174 175 176 177 178 180 183
13 155 157 158 161 164 166 169 170 172 173 178 181 183
18 152 153 160 162 164 165 166 167 168 171 172 175 176 178 179 180 182 183
21 151 154 155 156 157 159 161 162 163 164 167 169 170 171 172 174 175 177 179 180 183
13 152 156 161 163 164 166 169 170 172 178 179 180 183
11 153 157 158 164 165 167 177 179 181 182 183
15 151 152 154 155 156 157 160 164 165 168 169 171 173 175 182
19 151 156 159 161 163 164 165 168 169 170 172 173 174 176 177 178 181 182 183
10 162 165 168 169 173 174 178 180 182 183
21 152 153 154 155 156 157 160 162 164 165 166 167 169 170 171 172 173 175 176 178 180
22 152 153 154 155 156 157 158 163 164 165 166 167 170 172 173 176 177 178 179 180 182 183
14 151 158 159 162 163 164 166 167 168 171 172 180 181 183
17 151 152 156 161 162 164 165 167 168 169 170 172 177 179 181 182 183
15 153 154 158 159 161 166 167 168 169 170 176 177 179 182 183
13 156 161 163 166 170 172 174 175 176 180 181 182 183
20 152 154 155 156 157 159 160 162 165 166 167 169 170 172 174 176 177 180 181 183
20 152 153 155 157 158 159 162 163 164 166 168 170 171 176 177 178 179 180 182 183
17 151 152 153 154 155 156 158 160 161 162 171 173 176 178 180 181 183
18 155 156 157 158 159 160 161 163 169 170 173 174 175 178 179 180 181 182
22 152 154 156 157 159 160 161 163 164 166 167 169 171 172 175 176 177 178 179 181 182 183
22 152 155 156 159 160 161 162 163 167 168 169 170 172 173 175 176 177 178 179 180 181 183
19 151 153 155 158 160 161 162 163 168 170 171 173 174 175 177 178 179 181 182
15 151 154 156 157 159 160 163 169 170 171 174 176 179 181 183
10 151 155 166 170 171 172 175 177 180 182
20 151 152 153 155 159 160 161 162 163 164 165 167 170 171 172 173 180 181 182 183
20 151 153 156 157 158 159 166 167 168 169 170 171 172 173 174 176 177 178 181 182
20 152 154 155 156 157 161 163 164 165 166 169 174 175 176 177 178 179 181 182 183
11 158 159 162 164 167 169 171 173 176 177 180
22 152 153 154 155 156 157 159 160 163 164 165 167 169 170 173 175 176 177 178 181 182 183
14 152 153 156 158 161 163 166 168 170 177 179 180 182 183
11 152 153 156 161 167 168 170 174 175 178 179
13 151 153 158 162 163 165 166 169 173 174 176 179 180
16 156 158 159 163 165 166 168 169 170 173 174 176 177 178 179 180
21 152 153 155 157 158 159 162 164 166 167 168 169 170 174 175 176 177 178 181 182 183
14 153 155 156 161 163 164 165 166 167 174 175 179 181 182
10 152 157 162 164 170 173 176 180 181 183
14 151 156 157 159 161 162 165 166 167 174 175 176 182 183
17 152 154 155 158 161 162 164 165 166 169 170 173 176 177 180 181 183
22 151 153 155 157 158 161 164 165 166 167 168 170 172 174 175 176 178 179 180 181 182 183
16 151 156 158 159 160 165 166 168 170 171 172 174 175 177 181 182
19 152 155 156 157 158 159 160 161 162 164 166 169 172 173 174 175 176 177 182
22 152 153 154 156 158 159 160 163 164 165 166 167 169 171 173 174 175 176 179 180 182 183
18 151 155 157 158 161 162 165 166 167 168 169 171 172 175 176 178 179 181
12 153 155 156 158 159 160 163 164 166 170 174 177
17 151 152 153 157 159 160 163 165 167 171 174 175 178 179 180 182 183
10 151 155 159 163 166 171 173 174 176 178
18 151 152 153 156 158 163 165 166 167 168 173 174 175 177 179 180 182 183
13 152 153 155 157 158 159 160 161 162 170 172 175 179
20 152 157 158 160 161 162 163 164 165 166 167 168 170 173 174 175 176 177 181 182
22 151 153 155 156 157 158 159 160 161 162 163 164 165 168 169 170 174 175 180 181 182 183
12 152 154 156 158 159 165 171 173 174 177 178 183
22 151 152 153 154 155 156 157 159 160 161 163 164 165 169 174 175 176 178 179 180 181 182
14 152 154 156 158 161 162 163 168 170 171 172 176 178 179
12 151 152 153 166 168 170 172 175 178 179 181 183
14 154 158 159 160 163 164 165 168 171 172 174 178 180 183
18 151 153 154 155 157 158 159 161 162 167 169 170 173 174 176 181 182 183
16 154 156 157 159 160 161 164 166 168 171 172 174 176 180 181 182
11 156 157 158 163 165 166 169 174 175 177 179
14 154 160 161 164 165 166 167 168 172 175 176 177 178 181
11 151 155 158 160 165 166 169 171 172 176 182
20 151 152 155 157 158 159 160 165 168 169 170 171 173 174 176 177 178 180 182 183
13 151 152 155 157 159 160 172 175 177 178 179 180 183
9 157 165 167 172 174 177 178 179 182
14 154 155 156 160 165 166 168 173 174 175 176 177 181 183
10 152 154 155 160 161 164 165 168 170 182
15 152 156 158 159 161 164 165 167 168 169 171 176 180 181 183
