190 1483
56 1 2 3 4 5 6 7 8 9 10 11 12 13 14 15 16 17 18 19 20 21 22 23 24 25 26 27 28 29 30 31 32 33 34 35 36 37 38 39 40 41 42 43 44 45 46 47 48 49 50 51 52 53 54 55 56
25 3 4 5 6 7 9 11 15 16 17 19 22 29 32 36 37 38 39 41 44 45 49 50 52 54
24 1 4 5 8 10 11 16 18 20 21 24 28 31 36 37 40 43 46 47 49 50 52 53 56
44 1 5 6 7 10 11 13 14 16 17 18 19 21 23 26 27 28 29 30 31 32 33 34 35 36 37 38 39 41 42 43 44 45 46 47 48 49 50 51 52 53 54 55 56
33 1 2 3 5 8 9 10 14 15 17 18 21 23 24 25 26 27 32 35 36 40 41 42 43 45 47 48 49 50 51 52 53 54
26 2 4 5 6 7 8 11 18 19 21 23 26 28 29 33 35 37 39 40 43 45 50 51 52 55 56
36 1 2 5 6 7 8 9 12 14 15 16 18 19 20 21 22 23 25 26 29 31 37 38 39 40 41 43 44 45 46 47 49 52 53 54 56
35 1 2 3 5 8 11 12 13 14 15 16 17 18 20 21 22 24 26 28 29 33 34 35 37 38 40 41 43 44 48 50 52 53 55 56
35 1 2 3 7 10 11 13 14 15 17 19 20 22 23 24 25 28 30 33 34 35 36 37 39 40 41 42 43 44 50 51 52 53 55 56
32 1 2 3 5 6 7 9 10 11 12 13 14 15 16 20 21 22 23 28 30 31 34 37 39 41 42 43 49 51 53 54 55
19 1 3 4 7 15 19 22 23 24 31 33 34 38 39 40 41 43 49 53
38 1 5 6 8 9 10 14 15 17 18 19 20 21 22 25 26 28 29 30 32 33 34 35 36 38 39 41 42 44 45 48 49 51 52 53 54 55 56
33 1 2 4 6 8 10 12 13 17 18 19 22 24 26 27 29 30 31 33 35 36 38 39 41 42 43 45 46 47 48 49 52 54
33 1 2 4 5 8 9 10 13 14 16 17 18 20 21 22 23 24 25 26 28 29 31 34 36 39 40 42 44 46 49 51 53 55
28 1 2 3 6 10 11 14 15 16 18 19 22 26 27 28 31 32 34 35 36 37 38 39 41 42 46 51 52
43 2 3 4 5 6 7 12 15 16 17 18 20 21 22 23 25 26 27 28 29 30 31 32 34 35 36 37 38 40 41 42 43 44 45 46 47 48 49 51 52 53 55 56
28 1 4 5 6 8 10 12 13 14 15 16 17 18 19 22 23 31 33 34 37 42 48 49 51 52 53 55 56
40 1 2 3 4 5 8 10 11 12 14 16 17 18 19 20 22 23 24 27 28 29 30 33 34 35 36 37 38 40 41 42 45 46 47 48 49 51 53 55 56
16 4 5 9 10 12 19 20 23 32 36 39 40 41 44 48 50
32 2 6 7 10 13 14 16 17 18 20 21 26 30 31 32 33 35 37 38 40 42 43 44 45 46 47 48 49 50 53 54 56
33 1 2 5 6 7 8 9 11 12 17 18 19 20 21 22 23 24 26 27 29 31 33 34 36 39 40 41 43 47 52 53 54 56
18 2 5 9 10 11 14 15 17 23 31 32 33 34 39 42 51 52 53
22 1 4 7 10 11 12 14 21 23 24 25 27 31 35 37 38 39 44 49 50 54 55
36 1 2 3 4 5 7 8 9 10 12 13 15 18 21 22 23 24 26 28 30 31 32 33 36 37 39 40 44 45 47 48 49 50 54 55 56
36 1 2 3 6 7 9 11 12 15 16 18 19 21 22 25 26 28 30 31 32 33 34 38 39 41 42 43 44 45 46 49 50 51 52 54 56
29 1 4 5 6 8 10 12 13 14 16 21 23 25 27 28 29 30 34 36 37 38 40 42 44 47 48 50 51 56
40 1 2 3 4 6 7 8 9 10 12 14 15 17 18 19 21 22 23 24 25 27 28 29 31 32 33 34 36 37 38 40 41 43 45 46 47 48 53 55 56
34 1 3 5 6 7 11 12 14 15 16 17 18 21 23 27 28 29 30 31 32 33 34 37 38 40 44 46 47 48 49 50 51 54 55
26 1 3 5 8 10 11 12 13 14 15 19 23 24 28 30 32 33 35 37 38 41 42 43 44 49 54
35 1 3 4 7 8 9 10 11 15 18 21 22 23 25 27 28 29 31 32 33 34 35 38 39 41 42 43 45 46 47 48 49 50 52 54
24 1 5 10 11 12 14 15 18 20 23 24 26 27 28 29 31 32 39 45 46 47 48 50 51
17 3 4 7 18 20 22 23 36 38 39 44 45 47 49 51 53 55
20 2 4 5 13 14 20 24 27 30 32 33 34 37 41 43 48 50 51 54 55
39 1 3 4 5 6 7 9 12 13 15 16 18 19 20 21 24 25 29 30 31 32 34 35 36 37 38 39 40 41 42 43 44 46 47 48 49 50 51 52
29 3 4 9 10 11 12 13 14 16 19 20 22 23 25 26 30 35 36 37 39 40 42 44 46 48 49 50 52 55
22 1 2 8 16 18 21 22 24 27 28 30 32 33 34 38 41 45 47 48 51 55 56
16 3 7 8 9 16 20 21 27 29 36 37 46 48 49 50 54
26 1 4 6 7 8 9 10 14 15 16 17 18 20 21 25 30 35 37 38 39 41 43 44 46 49 52
26 6 7 9 12 15 16 19 23 26 28 31 32 33 34 35 36 39 40 42 44 46 47 50 51 52 56
25 2 3 7 12 14 15 19 21 23 25 28 29 32 33 34 35 40 43 44 45 49 50 52 54 56
35 2 4 5 6 7 8 10 11 16 18 20 21 22 23 24 26 27 29 30 32 33 34 35 39 43 45 46 47 49 50 52 53 54 55 56
38 1 4 5 7 8 11 12 13 16 17 19 20 22 23 24 25 26 28 29 30 31 32 33 35 37 38 39 40 41 42 44 46 48 49 52 53 54 56
43 1 3 4 6 7 8 9 10 11 12 13 14 15 16 17 18 19 21 22 23 25 26 27 28 30 33 34 35 36 37 38 39 40 41 44 45 46 48 49 51 52 53 55
21 4 5 7 9 10 16 19 22 24 26 27 31 34 40 43 45 46 49 51 52 56
19 3 4 6 10 14 24 27 28 29 30 31 32 35 44 46 47 48 51 53
38 1 2 3 6 8 9 10 13 14 16 17 19 20 24 25 27 28 29 30 31 32 33 34 35 37 38 39 41 42 44 45 47 48 51 52 53 54 55
30 4 7 9 10 11 13 15 16 18 19 20 21 23 31 34 35 36 38 39 41 42 43 45 47 48 49 50 51 52 53
42 1 2 3 5 6 7 8 9 10 12 13 14 15 16 17 18 19 20 21 22 23 24 26 28 31 32 33 34 36 37 40 41 42 46 47 48 49 50 51 52 53 56
38 2 5 7 8 9 10 12 13 16 18 20 21 22 24 25 26 27 28 29 30 31 32 33 34 37 38 39 40 41 42 43 45 46 48 51 52 53 54
26 4 5 6 8 9 10 11 13 19 20 23 26 27 29 32 33 35 36 38 39 41 44 46 48 51 54
29 1 5 12 13 14 15 16 17 18 20 21 23 24 26 27 28 29 34 38 39 40 41 46 47 48 51 53 55 56
25 1 2 3 6 7 10 11 13 17 20 21 23 26 27 28 29 33 35 36 38 42 47 50 51 56
24 1 3 6 10 15 16 17 18 19 20 21 22 23 24 32 35 38 39 40 41 46 49 51 55
28 1 4 5 8 9 11 15 20 21 22 23 24 26 29 34 35 36 37 38 39 40 45 46 47 51 52 55 56
18 1 5 6 12 15 17 19 20 23 27 28 30 34 40 41 42 43 55
36 1 3 4 6 10 12 13 14 15 16 17 18 20 21 22 24 25 27 30 31 32 34 35 36 37 38 40 41 42 45 46 47 48 49 53 54
25 1 2 3 5 8 9 11 14 18 20 21 26 29 30 35 38 39 41 42 43 45 46 48 53 55
34 1 4 6 7 8 9 12 13 16 17 18 20 21 22 23 25 26 27 29 31 32 34 35 36 39 43 45 47 49 50 52 53 54 55
38 1 3 5 7 8 9 10 11 12 14 16 17 18 20 21 25 27 28 29 30 31 33 35 36 38 39 40 41 42 43 44 45 46 49 51 52 53 55
24 3 4 5 6 7 8 9 11 12 13 14 15 23 24 29 30 31 33 34 36 38 39 45 56
21 1 4 5 9 12 13 15 16 17 19 20 29 33 35 36 41 45 46 49 50 53
17 1 7 8 17 18 19 20 23 31 36 39 40 41 46 47 49 55
41 1 3 5 7 8 9 10 11 13 14 15 16 18 19 21 22 23 24 25 26 27 29 30 31 32 36 37 38 39 41 42 43 44 45 46 47 48 49 51 53 56
42 1 2 3 5 7 8 10 11 12 13 14 15 16 17 18 19 20 21 22 23 24 25 26 27 28 29 30 33 34 36 38 39 40 44 46 47 49 50 51 52 53 56
18 3 4 8 9 10 15 16 17 20 26 27 38 39 40 48 50 52 56
27 3 4 7 8 11 12 13 14 15 16 19 20 24 26 27 32 33 35 36 37 38 41 43 44 46 54 56
18 1 2 3 5 10 11 15 16 17 22 25 28 29 41 51 53 54 55
40 1 4 5 6 7 8 11 12 13 14 15 17 18 19 20 22 24 25 26 27 28 29 30 33 34 37 38 39 40 41 42 43 44 45 47 48 50 52 53 54
43 1 3 4 6 8 9 10 11 13 14 15 19 20 21 22 23 24 25 26 27 28 29 30 31 32 33 34 35 37 38 39 40 41 43 44 45 46 47 48 51 52 53 54
41 3 6 7 8 11 12 13 14 15 16 17 18 19 22 23 24 25 26 27 28 29 30 31 32 33 34 35 37 38 40 41 43 45 46 47 49 50 51 53 54 55
18 1 6 7 15 17 19 20 23 25 27 31 34 37 42 43 45 47 48
40 1 2 3 6 7 8 9 10 11 13 14 15 16 17 18 21 22 23 25 26 27 28 30 31 32 33 35 36 37 38 40 41 46 47 48 49 50 51 53 54
42 1 2 4 5 6 7 8 9 10 12 13 14 15 16 19 20 21 22 24 25 27 28 30 31 33 34 35 36 38 40 41 42 43 44 45 47 48 49 50 51 52 53
43 1 2 3 4 5 8 9 13 14 15 16 18 19 21 22 23 25 26 27 28 29 30 31 32 33 34 35 37 38 39 41 43 44 45 46 47 49 50 51 52 53 54 55
24 1 3 6 8 10 11 14 15 16 17 19 21 24 26 30 34 36 37 39 40 45 50 51 54
40 1 2 4 5 6 7 8 9 14 15 17 18 20 21 22 25 26 27 28 29 30 31 33 35 36 37 38 39 41 42 43 45 47 49 50 51 52 54 55 56
25 4 5 6 7 8 9 11 15 16 18 22 25 26 27 28 29 37 38 43 44 48 49 50 55 56
30 3 4 6 9 12 13 14 21 22 24 28 30 32 33 34 35 36 37 39 40 43 44 46 48 49 50 53 54 55 56
35 1 4 6 7 10 11 14 16 18 19 20 21 23 25 26 27 31 32 33 34 35 36 37 38 40 41 42 43 45 48 49 52 54 55 56
41 2 3 4 5 6 7 10 12 15 16 17 19 20 21 22 23 24 25 26 27 28 29 30 31 32 35 37 40 41 42 43 44 45 46 47 49 50 51 53 54 55
42 1 2 3 4 5 7 9 10 11 12 13 14 16 18 19 20 21 22 23 26 27 28 29 30 31 33 35 36 37 38 42 43 44 45 46 47 48 50 51 52 53 54
37 1 3 5 8 9 11 12 13 14 15 16 18 19 23 24 25 26 27 28 29 30 32 33 34 36 37 38 40 42 43 44 45 46 50 53 54 56
33 1 2 3 4 5 6 8 11 12 15 17 18 19 21 23 26 27 31 33 34 36 37 41 42 43 44 45 48 49 53 54 55 56
18 7 8 9 11 13 18 21 22 25 29 34 35 39 47 49 52 53 54
37 1 2 4 7 8 9 10 11 12 13 14 16 17 21 22 24 26 27 28 29 32 33 34 36 37 39 41 42 44 45 46 49 50 51 53 54 56
21 3 4 6 11 19 20 21 23 24 25 26 30 31 35 36 37 42 43 52 53 55
40 2 3 4 5 6 9 12 13 14 15 16 19 20 23 24 25 28 29 30 32 33 34 35 36 38 39 42 44 45 46 47 48 49 50 51 52 53 54 55 56
22 12 13 14 15 19 22 25 26 30 31 33 34 36 37 39 45 49 51 52 53 54 55
38 1 2 4 5 6 9 11 13 14 15 16 17 18 19 21 24 25 29 30 31 32 33 36 37 38 39 40 41 43 46 47 48 49 51 52 54 55 56
26 1 5 7 15 16 17 18 20 21 23 26 27 28 32 34 35 36 37 39 40 41 42 43 50 53 54
43 1 2 4 5 6 7 9 10 11 13 14 15 16 17 18 19 20 21 22 24 25 26 27 28 34 35 36 38 39 41 42 43 44 45 46 47 49 50 51 52 54 55 56
36 2 3 4 7 8 9 10 11 13 14 15 17 18 19 20 21 22 24 25 28 29 32 34 36 37 39 40 42 43 44 45 46 47 48 50 53
42 1 2 3 5 6 7 8 9 10 11 13 14 15 16 17 18 19 20 21 22 23 25 27 28 30 33 34 35 39 41 42 43 45 46 47 48 50 51 52 54 55 56
31 1 4 5 9 10 12 16 18 19 20 22 28 29 30 32 33 34 35 36 37 38 41 42 43 44 45 46 49 50 51 54
68 57 58 59 60 61 62 63 64 65 66 67 68 69 70 71 72 73 74 75 76 77 78 79 80 81 82 83 84 85 86 87 88 89 90 91 92 93 94 95 96 97 98 99 100 101 102 103 104 105 106 107 108 109 110 111 112 113 114 115 116 117 118 119 120 121 122 123 124
54 58 59 60 61 62 64 65 66 67 68 69 70 74 75 76 77 78 79 80 83 84 85 86 87 88 89 90 91 92 93 94 95 98 99 100 101 102 103 104 105 106 108 110 112 113 115 116 117 118 119 120 121 122 123
30 58 59 61 66 67 68 69 72 73 74 75 76 77 80 84 90 91 94 96 98 108 113 114 115 116 117 118 119 122 124
52 57 58 59 60 63 64 65 66 68 70 71 73 74 75 76 77 78 79 80 81 82 83 85 87 88 89 90 91 92 93 94 95 96 97 98 99 100 101 102 103 106 107 108 111 113 114 116 117 119 120 123 124
22 62 63 66 70 71 80 81 93 94 95 98 99 103 105 109 110 111 112 114 115 121 123
20 58 60 65 69 79 82 84 86 89 90 92 95 96 103 106 112 118 120 121 122
45 58 60 63 65 66 67 72 73 74 75 76 77 78 80 81 82 83 84 86 87 88 89 90 91 92 93 98 99 102 103 105 106 107 110 111 112 113 114 115 116 117 118 119 121 122
28 58 60 61 66 68 71 73 75 78 81 82 84 86 91 93 97 98 101 105 107 108 109 112 114 115 121 122 124
30 59 60 63 65 70 74 76 78 80 81 82 83 84 85 86 87 89 91 93 94 96 98 99 103 105 108 116 122 123 124
34 58 60 61 62 64 65 66 71 73 81 83 84 87 88 89 90 92 93 95 96 97 98 100 101 102 103 104 105 109 111 114 116 119 122
26 63 64 67 68 75 78 79 83 85 86 88 91 94 95 96 100 101 102 106 110 111 113 115 116 118 121
43 58 59 64 66 68 69 70 72 73 75 78 79 80 81 82 84 86 87 88 89 90 91 92 93 95 96 97 99 100 102 103 104 105 106 108 110 111 113 114 116 117 119 122
43 59 60 63 64 65 68 70 71 72 73 74 75 76 77 78 79 81 82 83 85 87 88 89 90 91 92 95 96 99 100 103 104 106 108 110 111 112 113 120 121 122 123 124
34 57 60 62 63 65 66 67 69 71 72 73 79 80 82 83 85 86 87 88 91 95 96 98 102 105 107 108 111 113 116 117 118 120 123
52 57 59 64 66 67 68 70 72 73 74 75 76 77 78 79 80 83 84 85 86 87 88 90 91 92 95 96 97 98 99 100 101 102 103 104 105 106 107 108 109 110 111 112 113 114 115 116 117 119 120 121 123
22 60 61 63 65 71 72 78 79 82 86 90 92 94 100 101 103 105 109 112 115 119 121
41 59 61 62 63 64 65 66 68 69 71 72 75 76 79 83 84 85 89 91 92 93 95 96 98 100 101 104 105 106 109 111 112 113 114 115 117 119 120 121 122 124
52 57 58 59 61 62 63 64 65 67 68 70 71 72 74 75 76 77 79 81 82 85 86 87 88 89 90 91 92 93 94 99 100 101 102 104 105 106 107 109 110 111 112 113 114 115 116 117 118 120 121 122 124
52 57 59 61 62 63 64 65 66 67 68 69 70 71 73 75 77 78 80 81 82 83 84 85 86 87 88 90 91 92 95 97 100 101 102 103 104 105 106 107 108 109 110 112 113 114 115 116 117 118 120 121 123
28 57 58 59 62 65 68 69 70 71 72 73 75 78 81 82 94 95 99 101 103 108 112 113 115 117 119 121 124
53 57 58 59 60 61 62 63 64 65 66 67 68 71 72 73 74 76 78 79 80 81 84 85 86 88 89 90 91 92 93 94 96 98 99 101 102 103 105 106 107 109 110 111 112 113 114 116 117 119 121 122 123 124
21 61 62 63 65 72 73 74 79 82 86 89 92 93 96 98 100 108 110 118 123 124
26 58 63 68 71 75 78 79 80 83 89 91 92 94 96 97 98 100 104 105 106 107 112 114 117 118 123
29 57 60 62 64 66 67 69 76 78 81 82 85 89 94 96 98 100 103 104 107 110 111 114 116 118 120 121 123 124
52 57 58 59 60 61 62 63 64 66 67 68 70 71 72 74 75 76 77 78 79 80 82 83 85 86 90 91 95 96 97 98 99 100 101 102 103 104 105 106 107 108 109 110 111 112 113 114 115 116 117 118 119
51 57 60 61 62 63 64 65 66 68 69 71 72 73 74 75 76 77 79 80 82 83 84 85 87 88 89 90 91 92 93 95 99 101 102 103 105 108 109 110 111 112 113 114 115 117 119 120 121 122 123 124
31 57 58 60 61 63 69 74 75 77 79 80 81 82 83 84 85 86 87 88 90 92 93 96 98 99 103 108 109 112 116 119
32 57 63 65 68 69 70 71 72 73 74 75 77 79 80 81 82 86 87 91 92 93 97 98 99 105 108 111 115 118 121 122 124
28 62 64 65 67 70 75 77 78 79 82 84 86 90 91 92 94 96 97 99 103 105 108 109 113 115 116 118 120
51 57 58 60 61 62 63 64 65 66 68 69 70 71 72 73 74 75 76 78 80 81 83 85 86 87 88 89 90 91 92 93 97 98 99 100 102 103 104 105 106 107 108 110 112 113 115 117 119 120 121 122
44 57 59 60 61 62 63 64 66 67 69 70 71 72 73 75 76 78 79 82 83 88 89 91 92 93 96 97 99 101 103 105 106 107 108 110 111 114 115 116 117 120 121 122 123
26 59 68 69 75 77 78 79 81 84 85 89 90 94 99 101 103 104 106 109 110 111 113 116 119 123 124
35 59 60 61 64 65 66 68 69 71 73 74 75 76 78 79 80 81 82 83 84 85 87 88 89 90 91 95 101 103 107 117 118 120 123 124
30 59 60 61 64 65 67 69 71 73 76 77 79 81 84 85 91 95 96 97 98 99 101 105 106 107 111 115 116 118 124
38 57 58 59 60 62 65 66 67 69 72 76 78 80 81 83 84 86 89 90 93 94 95 100 101 102 104 105 106 107 109 111 113 114 117 118 119 123 124
27 61 63 64 69 70 71 73 75 76 77 80 87 90 91 93 95 100 102 104 106 107 114 116 117 120 121 123
29 57 58 59 60 61 62 63 66 67 68 77 80 81 86 88 92 96 97 102 103 104 106 108 114 116 117 118 119 120
26 57 59 60 62 67 69 70 72 76 79 80 84 86 88 90 93 95 98 102 103 104 107 109 110 112 118
46 57 59 60 62 63 64 65 66 67 69 70 71 74 76 77 78 80 82 83 86 87 90 92 94 96 97 98 99 100 102 103 104 105 107 109 110 111 112 114 116 117 119 120 121 122 123
42 57 59 60 62 63 65 66 68 69 71 72 73 74 76 77 78 80 82 84 87 89 90 91 92 95 97 101 102 104 106 107 108 109 110 111 112 115 116 117 119 122 123
43 59 60 62 63 64 65 69 70 71 73 74 75 76 78 79 81 83 84 87 90 91 93 94 95 96 100 102 104 105 106 107 108 111 112 113 116 117 118 119 120 121 123 124
48 57 58 59 60 62 63 65 67 68 69 71 72 73 74 76 77 78 81 82 83 84 85 86 87 89 91 95 96 97 98 99 103 104 105 106 107 108 109 111 113 114 116 117 118 120 121 122 124
25 58 60 61 63 64 73 79 82 83 84 86 88 89 90 93 98 100 101 104 106 107 110 111 119 124
34 57 58 61 63 64 65 66 69 71 75 76 77 78 83 84 87 88 89 91 95 101 104 106 108 109 111 112 114 116 118 120 121 122 123
27 59 62 64 70 71 77 78 81 82 83 86 87 89 92 96 97 99 101 107 108 111 112 114 117 119 123 124
26 57 58 61 63 64 66 70 73 77 78 80 83 86 87 90 91 99 104 108 109 110 117 120 121 122 124
32 58 62 63 64 66 67 72 73 75 78 81 88 89 90 91 93 96 99 101 103 104 105 106 107 108 110 111 114 117 119 122 123
25 59 60 61 63 64 65 68 70 73 74 77 78 80 82 84 91 92 95 97 98 101 108 109 119 120
32 57 60 64 68 70 72 74 76 77 84 86 88 90 92 93 95 97 99 101 102 104 105 107 110 111 112 113 116 117 121 122 124
47 57 61 64 65 66 68 70 72 73 75 78 79 80 81 82 83 84 85 86 88 89 91 92 93 94 95 96 97 98 101 102 103 104 106 107 109 110 111 112 113 115 116 117 118 119 120 123
11 126 127 128 131 134 136 138 140 146 149 150
10 125 126 134 135 136 139 141 142 145 149
11 125 126 128 130 133 134 135 136 137 139 147
4 129 145 149 150
6 127 129 138 143 146 148
18 125 126 127 129 131 133 134 136 137 138 139 141 143 144 145 148 150 152
15 127 128 129 131 133 134 135 137 139 141 142 143 144 147 151
10 128 130 132 135 140 142 146 147 149 151
6 129 130 132 136 143 150
1 139
6 125 128 132 135 136 139
8 126 128 129 141 144 145 150 151
12 127 130 131 132 133 136 137 140 143 146 147 148
5 126 140 143 145 150
12 127 129 131 133 134 137 138 140 143 144 145 148
23 125 128 129 130 131 132 133 134 135 136 137 138 139 141 143 144 145 146 147 148 149 150 151
9 125 129 132 133 135 139 144 145 151
4 130 138 147 151
15 127 128 129 130 131 132 137 140 141 142 143 146 148 149 152
3 128 142 145
5 126 127 140 142 152
7 134 142 143 146 147 148 152
3 128 147 150
25 125 126 127 129 130 131 132 133 134 135 136 137 138 139 140 141 143 144 146 147 148 149 150 151 152
8 125 134 135 138 139 142 149 152
5 129 139 141 145 150
20 125 126 128 130 131 132 133 134 135 136 137 138 141 142 144 145 147 148 149 151
5 126 142 146 147 152
5 126 127 132 139 152
21 126 127 129 130 132 133 134 135 137 138 139 140 142 143 145 146 148 149 150 151 152
9 130 131 132 133 137 140 144 151 152
8 130 137 141 142 143 147 148 152
10 127 129 130 131 138 141 144 149 150 151
13 125 126 131 132 133 134 137 140 141 147 148 149 151
9 127 128 130 131 134 136 141 144 146
8 126 127 128 134 143 145 147 150
13 125 126 130 132 136 138 140 145 146 148 149 150 152
21 127 128 129 131 132 133 134 135 136 138 139 140 141 142 143 145 147 148 149 150 151
7 125 126 130 137 144 146 152
1 138
14 127 128 129 130 135 136 139 142 143 144 145 146 150 152
13 128 129 132 133 137 138 141 143 145 146 147 150 151
8 127 129 139 140 143 146 150 152
13 125 126 133 134 135 136 138 139 144 145 147 150 151
10 125 127 128 129 130 131 133 134 140 148
8 129 131 137 138 139 141 142 148
7 125 129 131 134 141 144 149
16 125 126 128 130 132 135 136 139 141 142 146 147 149 150 151 152
14 125 129 132 133 135 137 138 139 142 147 148 149 151 152
3 135 146 152
9 125 128 131 135 136 137 143 148 149
6 126 135 136 137 147 151
7 125 128 131 136 141 144 147
16 125 126 127 128 130 132 134 137 138 143 145 146 147 149 151 152
4 127 131 144 151
12 125 127 128 134 136 137 138 139 141 142 151 152
27 125 126 127 128 129 130 131 132 133 134 135 136 137 138 140 141 142 143 144 145 146 147 148 149 150 151 152
12 132 138 139 141 142 143 144 145 146 149 150 152
9 127 130 132 133 134 138 140 144 151
15 125 126 127 128 133 135 137 138 139 144 146 147 148 151 152
12 126 130 131 132 133 135 140 143 144 146 147 148
12 129 131 133 135 136 139 140 141 142 144 148 150
7 131 134 140 141 142 145 149
15 125 126 127 130 131 134 135 136 139 140 142 144 148 149 152
13 129 132 138 140 141 142 143 145 146 148 149 150 152
5 126 133 137 140 145
12 128 133 135 136 137 140 142 143 145 146 148 150
9 125 130 132 133 136 140 144 149 151
9 125 131 133 134 137 140 141 148 149
3 146 147 152
7 130 137 140 143 146 147 148
3 131 141 145
9 126 127 128 131 136 138 140 146 150
6 126 134 135 136 139 141
3 130 132 143
3 130 147 151
7 125 132 134 137 140 141 151
9 128 137 139 141 142 143 144 147 151
5 127 128 130 141 146
12 129 130 133 134 135 140 142 143 145 150 151 152
15 125 126 127 131 133 134 136 137 139 141 143 144 145 148 152
8 125 126 133 136 138 144 145 147
4 127 138 146 148
3 142 146 147
6 131 136 142 144 148 150
2 144 151
11 125 126 132 136 138 140 146 148 149 150 152
11 125 128 130 132 136 139 142 146 147 150 151
4 129 138 139 148
5 137 138 139 142 148
4 127 130 133 140
7 127 132 133 134 138 140 151
4 133 137 140 145
7 130 136 140 146 148 149 150
6 130 131 133 140 144 151
2 129 149
12 125 127 128 135 137 138 139 144 146 147 151 152
11 125 128 132 139 141 146 147 149 150 151 152
6 129 133 135 139 145 151
2 141 150
13 125 127 128 130 132 134 137 143 145 146 147 151 152
12 125 129 132 133 135 138 142 147 148 149 151 152
6 125 134 135 136 139 141
4 143 146 147 152
13 127 128 129 132 134 138 139 140 142 143 145 149 151
7 130 131 133 137 144 151 152
10 129 131 133 134 135 139 141 143 147 151
10 129 131 133 135 139 140 141 142 144 148
3 126 146 152
8 125 126 134 135 136 139 142 145
3 131 134 141
6 134 142 143 146 147 152
2 128 150
4 125 130 137 144
5 139 140 143 150 152
9 126 128 135 138 139 146 147 148 151
11 125 126 127 133 134 137 139 141 143 144 150
8 128 130 135 136 139 144 145 150
10 127 130 133 136 137 140 143 146 147 148
12 125 129 132 135 137 138 139 142 147 149 151 152
6 125 128 131 135 136 137
6 125 130 133 135 137 147
1 142
4 127 134 145 147
11 125 128 133 135 137 138 139 146 148 151 152
5 137 141 142 147 148
4 125 128 136 139
5 128 132 135 136 139
1 150
14 127 128 131 134 135 136 140 141 143 145 148 149 150 151
3 139 141 150
15 125 126 130 131 132 133 137 138 142 144 145 147 148 149 151
3 127 132 139
19 125 127 129 130 131 132 133 134 135 137 138 139 141 143 147 148 149 150 152
6 130 132 134 138 140 144
4 127 129 138 146
6 130 131 138 141 144 149
5 134 135 142 149 152
9 131 135 136 140 141 142 144 148 150
2 145 150
3 127 139 152
10 128 132 135 139 141 142 146 147 149 150
9 128 134 136 137 138 141 142 151 152
6 132 138 139 141 144 145
5 130 136 140 144 149
10 126 134 135 136 138 139 144 145 147 151
10 129 138 140 141 142 143 145 148 149 152
9 125 129 132 137 138 139 148 151 152
8 127 128 129 136 145 146 150 152
8 128 131 134 135 141 143 144 151
5 125 126 141 145 149
2 128 142
2 139 150
3 131 144 151
4 129 139 141 145
14 128 131 132 133 134 135 136 139 142 143 145 148 149 150
3 126 142 146
5 127 139 140 146 150
18 125 128 130 133 134 135 136 137 138 141 143 145 146 147 148 149 150 151
6 127 128 134 136 140 150
6 129 131 137 138 141 148
20 126 127 129 130 131 132 134 136 137 138 139 140 141 146 147 148 149 150 151 152
5 132 142 146 147 149
3 137 147 151
8 132 138 141 143 145 149 150 152
3 125 131 147
6 127 130 131 136 140 146
11 127 129 130 135 139 142 143 144 146 150 152
5 131 134 140 142 145
7 130 145 146 148 149 150 152
4 129 131 141 144
6 126 128 134 145 147 150
3 140 145 150
7 125 129 135 137 138 142 151
2 135 152
18 126 127 128 130 131 132 134 136 137 140 141 142 145 146 148 149 151 152
6 125 127 130 131 134 148
4 129 130 136 150
9 125 126 131 132 133 134 140 141 147
6 126 127 128 134 143 145
2 149 150
13 127 128 131 133 134 135 137 139 141 142 143 144 151
3 125 130 144
6 126 129 144 145 150 151
11 128 129 132 137 138 141 143 145 147 150 151
8 125 128 132 135 136 147 151 152
5 127 134 143 145 150
6 132 133 137 144 151 152
13 126 127 131 134 136 137 138 139 141 143 144 148 152
14 125 126 128 130 132 133 134 137 141 142 144 147 148 151
6 138 141 144 149 150 152
9 125 126 128 133 134 135 136 137 147
8 127 128 130 131 136 141 144 146
6 130 132 140 148 149 152
2 140 145
8 129 132 138 141 145 148 150 152
7 125 134 137 141 148 149 151
4 131 134 141 149
4 126 135 147 151
9 125 127 131 133 136 137 138 143 145
2 146 152
7 125 126 134 136 139 141 149
6 128 137 138 145 150 151
4 126 141 150 151
11 125 129 132 133 135 137 138 142 147 148 151
7 125 127 128 129 130 131 134
6 125 129 133 135 145 151
7 132 133 136 137 140 143 147
8 125 128 135 137 139 144 147 151
2 129 150
18 127 129 131 132 133 135 138 139 140 141 142 143 145 147 148 149 150 151
3 126 142 146
6 125 126 131 137 140 148
4 126 142 146 152
11 127 128 131 133 134 135 141 142 143 147 151
12 125 132 133 135 137 138 139 147 148 149 151 152
4 125 132 135 136
10 127 128 130 136 139 142 143 144 150 152
4 129 139 141 145
9 125 131 132 133 137 147 148 149 151
6 128 130 131 134 141 144
5 130 141 142 143 148
12 132 134 135 136 138 139 140 141 142 143 145 147
11 125 126 127 128 133 137 139 146 148 151 152
10 127 128 130 131 137 142 146 148 149 152
6 130 133 137 140 144 152
6 129 132 133 135 144 151
7 126 134 138 140 146 149 150
13 128 129 130 131 132 137 140 142 143 146 148 149 152
12 127 128 129 131 133 135 137 139 142 143 147 151
5 125 126 135 136 139
3 126 142 152
2 127 151
8 127 130 132 133 136 137 140 146
7 131 132 133 137 144 151 152
5 131 140 141 142 149
11 125 126 131 132 133 134 141 147 148 149 151
7 126 133 134 135 136 144 147
11 128 129 133 137 138 141 143 145 146 147 151
22 126 127 128 129 130 131 132 133 134 135 136 137 140 141 142 143 145 146 147 149 150 151
4 129 130 132 143
10 125 126 134 135 136 138 139 145 150 151
3 126 137 151
7 125 126 131 133 140 141 151
4 126 127 134 147
6 132 138 143 146 149 152
5 129 137 138 142 148
6 125 126 128 133 134 137
12 127 128 129 130 137 140 141 142 143 146 148 152
8 128 130 135 140 142 146 149 151
4 129 131 134 149
17 127 128 129 131 132 135 136 138 139 140 141 142 145 147 148 150 151
6 128 134 135 136 137 139
5 130 131 132 133 151
8 128 132 135 140 146 147 149 151
15 129 130 132 133 134 135 137 138 139 140 143 146 149 150 151
16 125 126 128 131 132 133 134 135 136 137 138 141 142 144 147 151
6 128 133 137 141 146 150
8 127 128 129 130 137 140 142 149
1 128
4 126 140 143 150
9 127 128 131 133 137 139 141 143 144
8 128 129 132 133 145 146 150 151
5 137 141 142 147 152
7 127 128 131 134 141 144 146
5 126 128 141 144 151
5 137 141 142 143 148
10 125 132 133 135 137 138 147 148 149 151
8 127 128 129 133 134 137 141 151
18 126 127 129 130 132 133 134 135 137 138 139 140 142 145 146 149 150 151
7 130 136 138 145 146 148 152
8 128 130 135 140 142 146 147 149
10 125 128 130 131 135 136 138 142 147 148
7 127 129 131 141 144 150 151
7 126 130 132 140 146 148 152
4 125 132 136 139
5 129 138 144 149 150
6 129 141 143 149 150 152
1 128
7 125 126 134 139 141 145 149
2 132 139
6 132 139 141 142 146 152
24 125 126 127 129 130 131 132 133 134 135 136 137 138 140 141 142 143 144 145 146 147 148 149 152
9 127 129 130 141 142 143 146 148 149
5 125 136 141 144 147
2 127 144
5 125 130 137 144 152
3 136 147 151
4 129 130 136 143
3 126 145 150
3 126 127 152
2 146 152
2 147 150
4 131 141 145 149
9 125 127 128 132 134 137 146 149 151
5 127 130 131 136 144
5 126 136 137 147 151
10 127 129 131 133 134 137 143 144 145 148
11 125 126 130 132 136 138 145 146 148 149 152
9 126 134 135 136 138 145 147 150 151
6 125 132 136 140 144 151
1 128
3 129 138 143
3 126 136 151
7 125 129 130 131 133 134 148
5 131 137 138 139 142
3 134 146 152
14 125 126 127 133 136 138 139 141 143 144 145 148 150 152
7 126 131 133 140 143 146 147
4 140 143 145 150
6 134 143 146 147 148 152
5 132 133 137 144 152
4 130 136 144 149
8 128 129 141 143 145 146 147 151
5 125 134 136 139 142
2 133 140
4 141 143 147 152
4 125 128 135 139
5 127 130 131 141 150
3 132 139 152
4 130 132 136 143
8 126 127 128 130 132 137 138 152
5 125 135 138 139 149
8 128 129 134 136 146 148 150 152
10 125 128 132 133 139 140 142 144 151 152
12 125 126 127 129 133 134 135 136 139 141 144 149
12 126 129 131 135 136 137 138 139 140 146 147 150
16 128 129 130 133 134 135 136 137 139 142 143 144 145 147 148 149
15 126 130 131 132 133 134 136 137 138 139 142 144 145 146 149
10 126 127 135 136 140 141 142 144 146 151
18 126 127 128 131 132 133 134 136 138 139 141 142 144 146 147 148 149 150
8 130 133 134 135 141 142 148 152
11 125 127 128 131 132 137 139 143 144 149 150
18 125 126 128 130 131 133 134 135 136 137 138 139 143 144 145 146 148 151
12 126 128 129 131 134 137 139 142 143 144 146 152
11 128 129 134 136 137 141 143 145 148 149 151
12 125 126 127 129 131 134 138 140 142 145 147 151
10 128 132 138 139 140 143 148 150 151 152
13 125 126 128 132 136 137 138 142 146 148 149 151 152
13 126 127 128 129 130 134 140 141 143 144 150 151 152
16 126 127 128 131 132 134 135 136 137 139 141 142 143 144 145 148
12 125 126 127 128 130 133 138 143 144 146 147 150
15 126 127 128 134 135 136 137 138 139 140 142 145 146 149 151
16 125 126 127 128 129 130 132 133 134 136 138 139 140 144 145 150
18 125 126 127 130 131 132 134 135 136 137 138 142 143 144 145 147 149 151
18 126 128 129 130 132 133 134 135 137 138 139 143 145 146 148 149 151 152
14 125 126 127 130 132 135 137 138 139 140 143 144 149 151
8 128 130 137 142 145 146 149 151
8 129 131 135 137 140 142 143 148
14 125 126 129 130 131 132 133 137 140 142 144 146 149 151
8 130 132 133 138 139 140 143 145
18 125 126 127 128 130 131 133 134 137 138 139 141 145 146 147 149 151 152
19 125 126 127 130 131 134 135 136 137 139 140 141 142 143 144 145 149 150 151
12 125 127 132 133 134 135 138 140 141 142 145 148
10 126 127 135 138 139 141 142 146 149 150
13 125 128 131 134 136 137 141 142 145 146 149 150 151
13 125 127 131 132 135 139 140 141 143 145 146 148 150
11 126 127 129 130 142 143 144 147 149 151 152
18 126 129 130 131 133 135 138 139 140 141 143 145 147 148 149 150 151 152
9 133 137 138 139 140 145 147 148 152
14 126 127 128 132 134 136 137 139 140 141 145 146 149 152
18 127 130 131 132 134 135 136 137 138 141 142 143 145 146 147 149 150 152
14 127 128 129 131 132 133 137 139 140 143 144 145 148 151
15 125 126 128 129 130 132 133 134 139 140 141 142 143 146 147
14 126 128 131 133 136 139 141 142 143 146 147 148 150 152
12 125 128 130 134 135 137 138 140 141 145 148 150
10 125 128 131 133 134 138 139 140 148 149
14 125 128 130 132 134 137 140 142 145 146 147 150 151 152
10 130 132 134 135 136 137 138 141 142 147
11 126 128 129 132 133 143 144 145 147 151 152
13 125 128 129 133 137 138 139 140 144 145 148 149 151
13 125 129 130 134 136 137 138 140 141 142 143 145 146
11 128 130 132 134 135 136 139 141 144 147 152
16 126 127 128 129 130 131 134 135 137 139 140 141 142 147 148 149
12 127 129 130 131 134 136 137 139 140 142 144 146
15 127 128 129 130 131 136 137 138 142 143 144 145 146 147 148
19 125 127 129 130 131 132 134 138 139 140 141 142 144 145 146 147 148 149 150
11 125 127 129 135 137 139 140 145 147 149 152
9 125 130 138 141 143 149 150 151 152
14 125 131 133 134 135 136 138 139 141 143 145 148 149 151
10 133 135 137 140 141 144 145 146 147 150
17 125 126 127 131 132 133 137 138 139 140 141 142 144 149 150 151 152
12 126 127 129 132 133 134 138 139 140 141 145 149
11 126 131 137 138 139 140 142 143 144 149 151
13 127 128 129 132 133 136 137 138 139 147 148 149 151
12 125 129 131 132 134 137 140 141 147 148 149 152
15 126 127 129 130 133 135 138 139 141 142 143 144 145 146 149
11 125 128 129 133 135 138 142 147 148 150 152
9 127 133 138 139 141 142 144 145 147
12 127 130 132 134 135 137 138 140 142 144 147 152
11 125 127 136 138 140 141 143 144 147 149 150
12 128 129 133 137 138 142 143 144 146 147 151 152
8 126 128 129 130 131 132 135 148
14 127 129 130 132 136 137 139 140 142 143 144 146 151 152
16 127 128 129 132 134 135 137 139 141 143 144 146 147 148 149 150
12 125 128 129 130 131 132 135 137 142 143 145 150
12 126 127 129 131 133 135 136 138 141 143 145 149
15 125 126 129 130 133 134 137 140 141 142 145 148 149 150 152
12 126 127 129 131 135 137 145 147 148 149 151 152
15 125 127 129 132 134 135 138 139 141 142 143 149 150 151 152
8 125 126 130 136 138 145 147 150
13 130 133 137 138 139 141 142 143 145 146 149 151 152
12 126 128 132 137 138 141 146 147 148 149 150 151
12 125 126 128 137 139 140 143 145 146 148 151 152
11 127 132 134 135 136 137 139 141 146 148 151
17 125 126 127 129 133 134 135 137 139 143 146 147 148 149 150 151 152
19 127 128 130 131 132 133 135 137 139 140 142 143 144 145 147 148 149 150 152
19 125 126 127 128 129 130 131 133 134 136 137 139 140 141 145 148 150 151 152
13 125 128 131 135 136 139 141 142 143 146 147 148 150
12 126 132 136 137 140 142 144 145 146 148 150 151
13 127 128 129 136 138 140 141 142 145 146 147 149 152
13 125 128 133 134 137 139 140 142 143 144 145 148 150
16 126 128 129 131 132 133 135 136 140 142 144 145 146 147 149 152
11 125 126 129 132 134 138 139 142 144 150 152
17 125 127 129 130 135 138 139 140 141 142 143 144 145 146 148 149 152
12 128 130 131 133 135 143 144 145 146 147 150 152
10 125 127 131 132 133 139 144 145 146 148
15 133 134 136 138 139 140 141 142 143 145 146 149 150 151 152
15 126 127 129 132 134 138 139 140 141 142 145 147 149 150 152
18 125 126 127 129 131 132 134 136 137 138 139 140 141 143 145 147 149 150
15 126 128 131 132 135 137 139 141 143 144 146 147 149 150 151
9 126 127 129 134 136 145 147 149 151
9 126 137 142 143 145 146 148 150 152
13 127 128 129 133 135 136 139 144 147 148 150 151 152
14 125 126 129 130 131 134 135 137 139 143 144 146 149 152
18 130 131 133 134 135 136 137 138 139 140 142 143 144 145 147 149 150 151
12 128 133 137 138 139 140 141 142 146 147 149 151
9 125 128 129 133 135 143 146 151 152
16 125 127 128 130 134 135 137 142 143 144 145 146 148 150 151 152
18 125 126 128 130 132 133 134 135 136 138 139 143 145 146 147 148 149 151
16 125 126 128 129 130 131 132 134 137 138 139 140 144 147 150 151
8 130 131 132 139 141 142 144 149
12 129 133 134 135 139 140 144 146 147 148 149 150
8 127 131 135 137 139 148 151 152
12 126 127 133 138 139 141 143 146 147 149 150 151
17 125 128 129 130 131 134 135 136 137 138 140 145 146 148 150 151 152
18 125 126 127 128 129 130 135 136 137 138 139 143 144 146 147 149 150 152
19 126 128 129 130 132 133 136 137 140 141 142 144 145 146 148 149 150 151 152
8 126 132 136 139 143 145 149 152
10 128 134 135 137 142 144 146 147 148 150
11 125 129 131 132 134 135 136 138 139 145 152
16 126 127 130 132 137 138 140 141 142 143 144 146 147 150 151 152
18 127 130 131 133 135 136 137 138 140 141 143 144 145 146 147 149 150 151
9 126 128 130 131 132 137 138 141 151
13 125 127 128 129 131 132 133 135 137 141 144 145 147
10 127 129 130 132 139 140 147 148 150 151
10 125 133 136 137 139 146 147 148 150 152
10 125 127 132 133 134 139 140 141 145 150
11 126 129 134 136 137 140 144 145 146 147 148
10 127 132 136 140 143 144 147 148 149 152
15 125 126 130 133 137 140 143 144 145 146 148 149 150 151 152
9 125 126 131 135 140 142 144 148 151
16 126 127 128 130 131 132 133 136 138 140 142 143 144 145 147 151
18 128 129 130 131 133 134 135 137 138 139 140 141 142 145 146 148 151 152
13 128 130 131 134 136 140 141 143 146 147 150 151 152
15 126 131 132 133 134 135 137 139 140 141 142 143 144 146 147
17 126 129 130 131 132 134 135 136 137 138 139 142 146 149 150 151 152
17 125 126 127 130 131 132 133 135 136 138 140 141 142 147 148 149 151
13 128 130 132 134 135 137 139 141 145 146 148 150 151
16 126 127 128 130 133 134 136 137 138 140 142 143 145 146 149 152
14 125 126 131 132 135 136 138 140 141 143 145 148 149 150
18 125 126 129 130 131 132 133 134 136 137 138 140 142 144 147 149 150 151
15 126 127 130 131 133 134 135 136 137 142 144 145 148 149 151
18 126 127 128 129 130 131 132 133 134 136 137 141 143 144 145 147 148 151
13 125 126 127 128 130 131 134 135 138 142 144 146 152
14 128 130 132 133 134 137 138 139 143 144 145 147 148 150
18 125 126 129 130 133 135 136 137 138 140 141 142 143 147 148 149 151 152
11 125 128 129 130 132 135 144 145 147 148 151
19 125 126 129 131 132 133 134 135 136 137 139 140 141 144 145 147 148 151 152
16 125 129 132 134 137 138 139 140 141 142 144 145 146 147 149 152
16 127 129 131 132 134 137 139 140 141 142 143 146 147 149 151 152
19 127 129 130 131 132 137 138 139 141 142 143 144 146 147 148 149 150 151 152
17 125 126 127 129 130 131 132 135 136 139 140 143 144 147 149 151 152
18 125 127 129 131 132 133 134 136 138 139 140 141 142 144 146 148 150 152
10 125 126 127 129 132 135 141 144 150 151
15 125 128 130 131 132 138 139 141 143 144 145 146 147 149 150
13 126 127 128 131 133 134 135 136 137 138 144 145 149
8 127 128 130 132 136 141 145 148
12 125 127 128 135 139 141 144 145 146 149 150 151
12 126 129 133 134 135 137 138 139 140 141 145 151
16 128 130 131 132 133 134 137 138 139 140 141 143 145 149 151 152
14 129 132 134 135 136 137 138 139 140 141 145 146 148 150
9 126 132 134 135 137 141 143 144 146
17 125 126 127 128 129 135 136 137 138 140 141 142 146 148 149 150 151
11 127 129 134 136 139 140 141 144 148 149 151
19 125 126 127 128 131 132 133 134 135 136 137 138 139 141 142 145 146 151 152
18 125 128 130 131 134 135 137 138 140 141 142 144 145 146 148 150 151 152
16 130 135 136 137 138 139 140 141 142 143 146 147 149 150 151 152
18 125 126 127 128 130 131 132 134 136 138 140 141 142 143 144 145 148 150
10 126 127 128 130 132 140 141 146 147 149
17 125 126 127 128 129 132 139 140 141 142 143 144 148 149 150 151 152
14 125 128 129 132 137 138 140 143 145 146 148 149 150 152
18 126 127 128 129 130 132 133 134 135 136 138 139 140 144 145 147 150 151
12 128 129 130 133 139 140 141 144 146 149 151 152
16 125 126 129 130 131 132 133 134 137 142 143 144 146 147 148 149
16 127 128 130 131 134 135 136 137 139 140 141 145 146 147 151 152
19 125 126 127 129 131 132 135 136 137 138 139 140 141 142 144 145 147 148 149
17 125 128 129 130 131 132 133 136 139 140 141 142 144 146 147 150 152
14 125 126 128 129 133 134 135 138 139 140 142 143 144 145
16 125 127 129 132 134 136 139 141 142 144 145 146 148 149 150 152
9 125 126 128 130 140 143 146 150 151
15 126 128 129 131 133 136 137 138 139 141 142 147 148 150 151
17 125 126 127 131 132 133 134 138 141 142 143 144 145 146 147 148 149
15 127 128 129 130 133 134 137 139 140 141 143 146 147 149 152
19 125 126 129 131 134 135 136 137 138 139 141 143 144 146 147 148 150 151 152
18 127 130 132 133 134 135 136 137 138 139 141 142 143 144 145 146 148 152
14 125 129 130 133 135 136 139 140 145 146 147 148 149 150
10 130 132 134 136 137 140 142 143 151 152
16 126 127 128 129 131 133 135 137 138 139 141 143 144 146 148 149
9 126 132 135 140 141 142 147 148 150
10 127 128 129 130 135 139 141 142 149 150
16 125 126 127 133 134 136 138 139 140 141 143 144 145 146 151 152
13 125 127 132 134 135 138 142 144 145 146 149 150 151
10 126 128 130 131 136 140 142 147 150 152
13 126 131 132 133 136 138 139 140 142 145 146 147 150
16 125 126 129 130 131 132 134 135 138 141 144 145 146 148 150 151
17 125 126 127 128 130 131 135 137 139 140 141 142 147 148 149 150 152
15 127 128 129 130 132 135 138 139 140 142 144 147 148 149 151
13 127 134 136 137 140 141 144 145 146 148 149 150 151
14 126 128 129 130 132 133 134 136 138 143 145 146 148 152
13 125 129 132 133 135 136 138 141 143 145 147 149 152
14 128 129 132 133 134 137 138 140 142 147 149 150 151 152
14 126 128 129 130 131 135 138 140 144 145 147 148 149 152
16 125 126 127 128 130 132 134 137 139 140 142 147 148 150 151 152
19 125 127 129 130 131 133 134 135 136 139 141 142 143 144 145 146 149 150 151
12 125 128 131 132 133 135 136 139 142 143 147 150
18 126 128 129 131 132 134 135 136 138 141 142 144 145 146 147 148 151 152
18 126 127 128 131 132 134 136 138 139 142 143 144 145 146 147 148 151 152
9 127 129 130 133 141 142 146 148 149
13 127 130 131 134 137 138 140 143 146 147 148 150 151
8 125 126 133 134 139 140 145 152
14 127 130 131 132 133 135 136 137 142 143 148 149 150 152
8 126 130 133 138 139 141 146 147
14 125 126 128 130 131 138 140 144 145 146 147 149 150 152
16 126 130 132 133 134 135 139 140 142 143 146 147 148 150 151 152
17 125 128 129 130 132 134 135 136 138 139 142 144 145 147 148 150 152
18 125 127 128 129 132 133 134 135 136 137 138 139 140 142 145 147 151 152
18 125 127 128 129 131 132 134 135 138 140 141 142 146 147 149 150 151 152
13 126 130 131 132 134 139 141 143 145 148 150 151 152
16 125 126 127 128 130 131 133 134 135 137 138 139 144 146 147 151
14 126 127 129 130 133 136 137 142 143 144 146 148 149 152
8 130 132 134 137 138 140 145 150
14 125 127 129 132 133 136 137 138 142 143 144 145 148 151
17 125 126 127 130 131 132 135 137 138 139 141 142 144 145 149 150 152
15 125 126 127 129 130 132 133 134 138 139 140 144 145 151 152
9 127 130 131 134 141 142 143 150 151
10 125 129 132 135 139 140 141 144 150 151
15 128 129 130 132 134 135 136 139 140 144 145 147 149 150 151
15 126 129 130 131 133 134 135 136 140 143 144 148 150 151 152
19 125 126 127 131 132 135 136 138 139 140 142 143 144 145 146 147 149 150 152
11 125 126 127 135 136 137 139 141 143 145 149
17 125 126 131 132 134 135 136 138 139 141 143 145 147 149 150 151 152
14 125 127 129 131 134 135 136 137 139 141 143 144 147 151
16 128 129 130 132 133 134 136 137 138 141 142 145 147 148 150 152
11 125 126 127 128 136 139 140 142 144 151 152
13 127 128 130 133 135 137 138 140 143 145 147 149 152
11 125 128 131 132 133 134 136 140 146 148 152
9 127 131 132 133 137 140 148 150 151
13 127 129 131 136 139 140 142 144 145 146 149 150 152
9 129 133 135 136 139 140 142 145 147
14 125 126 129 130 135 136 138 140 141 142 145 147 151 152
18 125 126 129 130 133 134 135 136 138 139 140 141 142 143 145 147 151 152
19 125 126 127 128 129 130 131 133 134 137 139 142 144 145 146 147 148 151 152
16 125 127 128 129 131 134 135 136 137 138 139 140 142 143 148 150
11 129 131 135 139 142 143 146 148 149 150 152
12 125 126 133 135 136 138 140 141 142 144 149 150
16 126 128 129 130 132 133 137 138 139 141 143 146 148 150 151 152
12 125 132 133 137 141 142 145 146 147 148 149 151
13 125 126 129 134 135 138 143 145 147 148 150 151 152
19 125 126 127 128 133 134 135 136 137 138 139 140 142 143 146 147 148 149 150
16 125 127 132 133 138 139 140 141 142 143 145 146 147 148 149 151
11 125 127 129 133 135 137 143 144 145 146 149
19 126 127 128 129 130 131 133 135 136 137 138 139 140 141 143 148 149 150 151
8 125 130 132 142 144 145 147 152
11 127 128 130 132 135 136 139 140 142 146 150
12 126 127 135 137 138 140 141 142 144 149 150 151
18 127 128 129 131 132 134 135 137 138 139 141 142 143 146 147 148 149 150
19 125 126 127 128 129 130 132 133 136 138 139 141 142 144 147 148 149 150 151
17 125 126 127 129 131 132 135 137 138 141 143 144 146 147 149 150 151
16 125 127 129 130 131 133 134 139 140 141 142 144 145 147 148 151
12 125 126 127 128 133 136 139 140 144 145 149 150
19 126 128 129 130 131 132 134 135 136 137 138 140 141 142 144 146 147 148 151
16 125 127 129 130 132 133 135 137 138 140 142 143 146 150 151 152
19 125 127 129 130 131 132 133 135 136 137 138 139 140 141 144 145 147 148 150
8 128 131 135 137 139 142 144 151
15 125 128 131 132 133 134 137 138 139 140 141 145 146 147 152
16 126 127 128 129 130 131 132 133 134 137 141 142 145 146 149 151
10 128 129 136 138 139 141 142 148 151 152
12 125 126 127 128 129 132 136 141 147 149 150 152
24 153 154 155 156 158 160 163 164 165 166 167 168 170 172 173 174 175 178 179 180 181 185 186 188
12 154 157 164 167 172 179 181 182 183 184 186 189
11 157 159 160 165 166 168 170 176 177 184 185
16 153 159 165 167 168 171 172 173 176 179 180 182 183 185 189 190
21 153 154 155 157 161 162 164 165 167 169 173 176 177 178 181 184 185 186 187 189 190
17 154 156 158 159 160 162 164 167 173 174 175 177 181 183 184 186 189
16 155 157 158 160 161 163 168 170 172 173 175 178 179 181 186 188
21 153 154 157 160 163 165 166 167 168 171 172 173 175 177 178 179 185 186 187 188 190
7 161 166 171 174 184 187 190
11 155 158 162 164 166 173 175 179 186 187 189
11 161 163 167 170 172 175 181 182 186 188 189
8 159 165 173 175 178 179 180 184
8 153 155 157 169 171 182 185 190
13 153 155 163 165 166 169 170 171 172 176 178 182 185
9 154 155 158 159 170 174 175 177 188
11 154 162 163 167 169 172 173 178 181 182 183
7 156 161 164 174 176 183 189
10 153 164 166 168 172 177 181 182 188 190
10 162 165 166 169 170 174 175 185 187 190
9 153 161 163 165 168 172 178 189 190
5 154 155 164 175 184
20 154 155 157 159 160 162 163 165 167 168 169 172 173 175 176 178 179 183 185 186
11 154 155 157 159 169 175 180 182 184 185 188
10 154 160 162 163 166 170 173 177 178 180
21 154 157 158 160 161 163 166 167 169 170 172 173 174 176 178 182 185 186 187 188 189
21 153 155 156 157 158 159 161 162 163 169 173 174 175 176 177 181 182 184 186 187 188
11 157 159 163 166 167 171 174 177 178 188 190
9 158 159 160 163 166 174 175 180 183
9 153 156 158 159 160 161 173 178 188
10 157 159 160 164 166 168 169 176 177 180
8 157 161 168 179 180 187 188 190
2 157 177
8 156 164 168 172 174 175 179 188
20 153 155 157 158 159 161 165 167 169 171 176 181 182 183 184 185 186 187 189 190
14 157 159 161 162 169 171 176 177 182 183 184 187 189 190
14 155 156 163 165 169 170 176 178 179 180 183 185 186 187
17 154 160 164 165 166 167 168 170 171 172 178 179 180 183 185 189 190
15 156 158 160 161 162 163 166 169 170 174 178 181 186 187 188
8 160 162 168 179 181 184 186 190
20 154 156 158 159 160 162 163 164 166 168 169 173 175 177 180 181 182 183 184 189
16 153 155 156 158 161 164 171 174 175 179 180 186 187 188 189 190
11 154 156 158 161 166 167 172 177 183 188 189
11 154 161 165 169 171 172 174 177 178 183 184
9 154 156 157 158 160 169 170 180 188
18 153 155 157 161 165 167 170 171 172 174 176 178 179 185 186 187 188 190
13 153 164 166 168 172 175 176 178 181 183 184 185 190
12 156 161 163 165 166 167 169 178 180 182 185 189
7 155 163 168 171 176 177 180
19 153 154 155 156 157 162 164 166 167 169 173 174 176 179 182 185 187 188 190
19 158 159 160 161 163 165 168 170 171 172 175 177 178 180 181 183 184 186 189
14 154 157 158 159 160 161 162 167 171 173 174 175 184 189
12 153 156 161 166 171 172 173 174 178 182 188 190
13 159 163 165 168 170 172 179 181 182 184 187 188 190
11 155 161 162 165 173 174 177 179 182 186 187
26 154 155 157 158 159 160 162 163 164 165 167 168 169 170 175 176 177 179 180 181 183 184 185 186 187 189
11 160 162 163 164 168 170 174 176 181 186 187
5 159 163 167 171 189
9 153 157 164 171 172 173 176 183 187
17 153 155 156 159 162 164 165 168 171 175 177 179 180 181 183 184 190
17 153 154 155 156 158 162 165 171 173 174 178 179 183 184 185 187 190
10 155 158 159 162 169 170 180 181 182 184
22 153 154 156 159 162 164 165 166 167 169 171 174 176 177 180 182 183 184 185 187 189 190
16 153 156 157 159 160 163 167 168 170 176 180 181 182 185 188 190
11 153 156 158 164 170 177 180 181 182 188 189
8 156 168 170 171 172 179 182 188
12 160 162 164 167 171 173 174 177 179 181 183 187
22 153 154 156 157 161 163 164 165 166 168 169 170 176 177 178 179 185 186 187 188 189 190
27 153 154 155 156 158 160 161 162 164 165 168 169 170 172 173 175 176 179 180 181 182 183 184 185 186 187 189
6 156 158 166 170 176 186
10 154 155 156 157 160 176 177 180 185 189
16 155 158 159 160 162 167 171 172 173 174 175 180 181 182 183 184
15 153 158 161 162 164 166 167 169 171 173 174 175 178 183 186
11 156 158 161 162 163 166 169 174 186 187 188
11 153 155 157 158 162 163 173 174 181 182 186
4 155 157 169 190
8 156 166 169 178 180 182 185 189
8 157 159 165 166 168 170 184 185
5 155 170 174 175 177
12 154 156 162 165 166 167 171 174 176 177 180 187
12 153 165 167 168 171 172 173 176 179 182 189 190
8 153 156 158 164 170 180 181 182
9 154 159 160 161 162 167 171 173 189
7 157 161 168 180 187 188 190
16 153 154 157 160 163 166 167 168 172 173 175 177 178 179 185 190
7 160 163 166 170 173 177 180
15 153 154 159 165 166 169 171 174 176 180 182 183 184 189 190
13 153 156 162 165 171 174 178 179 183 184 185 187 190
6 160 164 167 173 179 181
7 154 159 175 180 182 184 185
6 156 157 160 170 180 188
4 172 179 182 188
6 155 162 173 174 177 186
8 153 172 175 178 181 183 185 190
9 156 163 166 169 178 180 182 185 189
16 153 155 157 161 162 164 167 169 176 177 178 184 185 186 189 190
6 155 159 162 169 170 184
11 154 159 160 162 164 167 173 175 181 184 186
6 159 165 168 179 188 190
6 156 161 166 177 188 189
4 156 170 182 188
7 157 159 160 166 168 169 180
5 154 156 169 180 188
10 159 161 169 171 176 177 182 187 189 190
17 153 154 156 159 162 164 165 169 171 174 176 180 182 183 185 187 189
9 157 158 160 163 170 173 179 181 186
7 154 157 162 171 174 175 184
12 155 158 159 161 167 171 176 181 182 185 186 189
10 154 158 160 161 162 167 174 175 184 189
8 153 164 166 168 172 175 178 183
9 155 158 159 162 167 172 174 180 181
7 156 168 170 171 172 179 182
15 153 154 160 163 165 166 168 171 173 175 177 178 185 186 190
8 155 158 159 170 174 175 177 188
6 153 158 159 160 173 178
21 153 154 155 156 158 160 161 164 165 168 169 170 172 173 179 180 183 184 185 186 187
11 154 164 165 166 170 171 180 183 185 189 190
10 159 165 167 168 171 173 180 183 185 189
11 155 158 160 161 172 173 175 178 181 186 188
11 155 157 160 163 168 172 173 175 178 181 188
11 155 156 163 165 169 176 178 180 183 185 187
8 160 163 166 170 174 178 186 188
6 153 161 173 178 188 190
6 155 157 169 171 182 190
14 153 155 156 158 161 164 175 179 180 186 187 188 189 190
6 161 163 172 175 186 189
12 155 158 160 168 170 172 173 175 178 181 186 188
7 157 159 164 166 176 177 180
9 154 161 169 171 174 177 178 183 184
17 153 154 157 163 165 166 167 168 171 172 175 177 179 185 187 188 190
5 154 157 176 185 189
8 153 166 170 171 172 176 178 182
12 156 159 162 164 165 168 171 175 177 181 184 190
8 160 164 168 170 174 176 181 187
15 153 155 157 159 161 165 167 169 176 181 182 186 187 189 190
7 158 160 162 167 171 175 184
4 157 169 171 190
9 157 159 161 169 177 182 183 187 189
12 157 159 161 162 169 176 177 182 183 184 187 189
6 159 162 170 181 182 184
5 156 157 160 180 188
5 154 160 169 170 180
5 156 177 183 188 189
4 156 171 182 188
7 163 165 170 179 182 187 190
14 153 155 156 161 164 171 175 179 180 186 187 188 189 190
12 154 158 159 160 167 173 174 175 177 181 184 189
7 153 170 177 180 181 182 188
9 154 156 158 161 172 177 183 188 189
4 159 163 167 189
11 154 156 158 163 164 166 168 180 181 182 189
15 153 155 156 159 164 165 168 171 175 177 180 181 183 184 190
10 160 164 167 171 173 174 177 181 183 187
10 156 158 159 162 164 174 175 181 184 186
8 158 160 168 172 175 181 186 188
6 155 158 164 173 179 186
19 153 156 158 160 163 164 165 166 168 170 172 173 175 178 180 181 185 186 188
11 156 158 160 161 162 166 170 174 178 187 188
4 161 179 187 190
6 155 159 170 175 177 188
11 153 158 161 162 164 167 169 171 175 183 186
7 156 169 176 179 180 183 187
8 157 159 160 164 166 168 176 180
8 155 157 159 169 180 182 185 188
4 156 179 182 188
15 153 154 158 160 163 166 168 170 173 174 175 179 185 186 188
7 153 161 163 165 168 172 189
9 156 161 164 174 175 179 180 186 188
8 154 155 159 169 175 180 184 188
9 158 160 161 170 171 172 178 186 189
9 154 156 161 166 167 172 177 183 189
8 153 158 167 169 171 173 174 183
6 157 161 168 179 188 190
6 157 179 180 187 188 190
6 160 163 164 170 176 186
13 153 154 155 156 162 165 171 173 179 183 184 185 187
14 153 155 157 159 161 173 174 175 176 177 181 186 187 188
9 155 156 163 165 176 178 179 183 186
5 156 164 172 174 188
5 161 163 168 172 189
14 153 155 159 162 165 168 171 175 177 180 181 183 184 190
9 155 159 162 167 173 175 180 182 183
4 154 164 175 184
6 153 158 164 177 182 189
13 153 159 165 167 168 171 172 173 179 183 185 189 190
8 153 168 172 176 178 181 183 185
11 159 165 168 170 179 181 182 184 187 188 190
6 161 165 169 172 174 178
8 166 168 172 175 181 183 184 190
6 153 157 169 171 182 190
6 156 161 163 166 167 189
6 161 170 175 181 182 188
8 157 159 167 174 177 178 188 190
7 153 161 171 174 178 182 188
6 153 156 158 164 177 182
9 156 161 163 165 166 167 169 178 185
11 155 159 162 164 168 175 177 179 180 181 183
10 160 162 167 171 173 174 175 181 183 184
14 153 154 156 159 164 165 167 169 171 174 176 182 183 189
13 153 154 158 161 162 165 170 172 173 175 176 185 187
6 157 159 165 166 184 185
17 153 155 157 158 159 161 165 167 169 171 176 181 182 183 186 189 190
14 153 154 156 158 160 162 165 172 175 176 179 181 184 189
7 157 163 166 167 171 178 188
10 156 163 169 170 176 179 180 183 185 187
9 161 163 167 170 172 175 181 182 188
8 167 172 181 182 183 184 186 189
14 153 159 165 167 168 172 173 176 180 182 183 185 189 190
4 154 156 180 188
9 155 162 165 173 174 177 182 186 187
13 153 154 156 158 162 173 174 178 179 184 185 187 190
6 157 163 166 167 177 178
8 157 159 160 162 171 174 175 189
9 155 161 162 173 174 177 179 182 187
4 155 163 168 176
11 154 156 158 159 160 162 167 175 177 186 189
7 163 164 168 174 176 181 187
4 159 165 175 178
11 157 160 161 163 167 169 173 174 178 187 188
9 155 158 164 173 175 179 186 187 189
7 153 155 165 166 170 178 182
6 166 175 179 186 187 189
13 154 156 158 160 162 164 173 177 181 183 184 186 189
5 166 170 175 185 190
10 155 156 159 162 168 171 177 179 180 181
7 154 163 166 170 177 178 180
6 163 170 174 176 181 187
9 157 159 163 166 167 171 174 177 178
11 159 161 163 165 171 172 175 178 181 183 184
5 166 171 174 184 187
9 158 160 161 163 168 178 179 186 188
5 156 158 170 176 186
6 156 170 171 179 182 188
10 157 159 169 176 177 182 183 184 187 189
5 162 170 173 177 178
6 158 159 162 170 181 182
15 153 156 159 162 164 169 171 174 176 180 182 183 185 189 190
17 154 155 157 162 163 165 167 168 169 172 175 176 178 179 183 185 186
16 153 154 159 164 165 166 167 169 171 174 177 183 184 185 187 190
5 153 155 169 182 190
13 154 156 159 160 162 163 166 175 177 180 183 184 189
18 153 156 159 162 164 165 166 167 171 174 176 177 180 182 183 184 189 190
5 157 169 171 182 190
3 161 176 183
10 159 161 167 171 181 184 185 186 187 189
4 160 163 180 183
11 153 154 156 165 171 173 178 179 183 185 187
7 165 166 169 170 174 175 187
14 155 156 157 159 162 163 169 173 177 181 182 186 187 188
6 162 164 167 171 177 187
5 172 174 175 179 188
5 159 175 178 179 180
6 158 159 170 174 175 188
6 156 164 170 181 182 189
1 177
10 154 156 159 160 162 173 175 181 186 189
8 155 158 159 162 169 181 182 184
14 155 159 160 162 163 165 167 168 169 172 175 178 179 186
4 156 168 179 182
13 153 155 156 161 171 174 175 179 186 187 188 189 190
5 158 159 163 175 183
5 160 162 179 184 190
10 158 160 163 164 169 177 180 181 182 184
17 154 156 158 159 160 162 163 164 166 168 169 173 175 177 181 182 184
10 162 167 171 173 174 177 179 181 183 187
4 157 187 188 190
3 163 167 189
12 156 160 161 162 163 166 169 170 174 181 186 187
5 154 156 157 160 180
14 153 155 156 158 161 171 174 175 179 186 187 188 189 190
10 155 157 160 161 168 172 173 175 178 186
4 162 179 184 186
10 153 157 165 167 170 171 172 174 187 190
8 157 159 164 166 168 169 176 180
13 153 155 158 164 171 174 175 179 180 186 187 188 190
7 155 159 162 170 180 181 182
15 153 157 163 165 166 168 172 173 175 177 178 185 187 188 190
13 158 159 160 168 171 172 175 177 178 180 181 183 189
7 162 167 169 172 178 181 182
12 154 164 166 168 171 172 178 179 180 183 189 190
5 164 168 172 174 179
10 153 156 162 171 173 174 183 184 185 187
16 153 154 156 162 164 165 167 169 174 176 177 183 184 185 187 190
11 153 154 155 156 167 169 174 176 179 182 190
9 153 158 164 170 177 180 181 182 188
11 158 159 161 171 172 175 177 183 184 186 189
7 159 160 166 168 170 176 184
6 155 159 182 184 185 188
9 160 162 163 170 174 176 181 186 187
13 153 155 156 159 164 165 175 177 179 180 181 183 184
7 157 159 167 171 174 177 188
8 156 161 163 165 166 178 182 189
8 160 162 171 173 174 177 181 187
12 153 158 161 162 164 166 167 169 171 173 175 186
12 154 157 158 159 160 161 162 167 171 173 174 175
13 154 160 164 165 166 167 168 170 178 180 185 189 190
7 153 164 166 168 172 181 182
12 153 157 167 168 170 176 180 181 182 185 188 190
7 157 159 163 166 171 174 188
9 154 157 158 161 162 171 173 175 184
5 165 173 178 179 184
9 160 167 171 173 177 179 181 183 187
4 156 161 164 174
7 153 172 176 181 184 185 190
8 155 157 159 169 175 182 185 188
6 153 156 158 159 178 188
16 154 155 157 158 159 160 163 165 167 170 175 179 183 185 186 189
8 155 159 169 175 180 182 184 188
19 153 154 156 157 161 163 164 165 166 168 170 177 178 179 185 186 187 189 190
17 153 154 157 160 163 165 166 167 172 175 177 178 179 185 186 188 190
10 153 161 171 172 173 174 178 182 188 190
8 154 157 164 167 179 181 182 184
13 154 158 159 163 166 169 173 177 180 181 183 184 189
12 155 159 162 164 165 171 175 177 180 183 184 190
13 159 165 167 168 171 172 173 179 182 183 185 189 190
9 154 157 167 172 179 181 183 184 186
5 160 162 168 184 186
12 154 155 157 162 163 167 172 173 176 178 179 185
8 156 165 166 167 169 180 185 189
11 157 161 168 170 172 173 178 179 181 186 188
15 156 158 160 166 168 169 173 175 177 180 181 182 183 184 189
6 156 164 168 172 174 175
10 155 157 163 168 170 172 173 175 179 188
9 156 163 165 169 178 179 180 183 185
6 153 161 163 165 172 178
11 154 156 162 165 171 173 178 179 183 184 187
11 153 156 157 160 163 167 168 170 180 185 188
1 177
7 153 156 158 164 170 182 188
14 154 156 158 159 164 166 169 173 175 180 181 183 184 189
3 156 176 186
5 166 174 184 187 190
5 156 170 171 179 188
7 156 163 165 169 176 179 186
11 153 156 158 161 174 175 179 180 186 189 190
4 156 158 176 186
4 161 164 174 189
4 163 167 171 189
10 155 158 160 161 168 170 172 175 186 188
6 157 158 160 170 180 188
5 168 170 171 182 188
6 168 170 171 172 179 182
15 158 159 160 161 163 165 170 172 175 177 178 180 183 184 189
7 157 160 166 170 176 177 185
15 153 154 156 164 166 168 169 176 177 185 186 187 188 189 190
12 153 161 162 164 166 169 171 173 174 175 178 186
14 153 155 156 158 164 174 175 179 180 186 187 188 189 190
6 156 161 164 174 183 189
12 157 159 161 162 171 176 182 183 184 187 189 190
12 153 163 166 167 171 172 173 177 179 185 186 188
7 154 155 158 170 174 175 177
6 162 163 168 174 176 181
13 153 155 157 161 165 167 171 172 174 176 179 185 186
7 163 166 169 170 171 172 185
14 154 158 160 162 165 168 169 170 172 173 176 179 182 189
13 153 155 156 158 162 165 171 178 179 183 185 187 190
6 160 162 179 184 186 190
16 153 154 155 157 161 162 165 169 173 178 181 185 186 187 189 190
15 153 154 156 159 162 167 171 177 180 182 183 184 185 187 190
8 153 159 163 168 170 180 181 185
7 153 164 172 173 176 183 187
15 156 157 159 161 163 169 173 174 175 176 177 182 184 186 188
7 155 170 176 179 180 183 187
6 153 156 161 171 172 182
1 157
8 154 162 163 166 170 177 178 180
8 154 156 161 166 167 177 183 188
6 157 159 160 176 177 184
8 155 163 169 170 178 179 180 187
12 156 158 160 161 162 166 169 170 174 178 181 188
3 168 177 180
5 160 162 168 184 190
13 154 158 159 160 162 164 167 173 175 181 183 186 189
13 155 161 167 170 171 172 174 176 178 179 185 186 190
13 153 154 157 160 163 166 171 172 173 178 179 185 186
7 154 157 158 169 170 180 188
8 155 158 159 162 169 170 180 184
9 154 155 157 159 169 182 184 185 188
6 161 166 171 184 187 190
10 156 158 160 161 166 170 174 178 186 187
13 153 155 159 161 162 173 174 176 182 184 186 187 188
11 154 158 162 164 167 173 174 175 181 184 186
1 177
9 162 163 164 168 170 174 181 186 187
12 154 158 159 162 164 166 169 173 175 177 183 184
8 159 165 167 171 179 182 185 190
13 155 157 158 160 161 163 168 170 175 178 179 181 188
17 154 156 158 159 160 163 164 166 168 169 175 177 180 181 183 184 189
15 155 159 160 162 163 165 168 169 172 175 178 179 183 185 186
16 154 155 157 161 164 165 167 169 173 176 178 181 184 185 187 190
8 156 161 163 167 169 180 182 185
6 162 170 174 175 185 190
10 164 166 168 172 175 181 183 184 185 190
11 155 160 163 168 170 172 173 175 178 179 186
13 153 157 161 163 164 165 166 168 170 179 185 187 188
4 154 164 175 184
9 153 154 156 158 162 173 179 183 185
6 165 168 170 172 181 182
5 161 174 184 187 190
6 161 163 168 172 189 190
4 155 168 177 180
7 159 162 177 182 183 184 187
9 154 155 157 159 175 180 182 184 185
9 161 163 167 170 172 175 186 188 189
9 155 158 162 164 166 173 179 186 189
4 155 168 171 180
5 153 164 177 188 190
7 158 164 177 181 182 188 189
10 155 156 163 169 170 176 178 180 185 187
4 162 168 184 186
8 161 163 167 172 181 182 188 189
5 154 159 174 177 188
11 153 166 168 170 176 180 183 185 187 188 190
26 153 154 155 156 157 158 160 162 163 164 165 166 167 170 171 172 174 175 176 181 182 183 184 186 188 190
23 154 155 156 157 158 159 160 162 164 167 170 171 173 175 179 180 181 184 185 186 188 189 190
26 153 154 155 158 159 160 161 162 164 166 167 171 172 173 174 177 178 181 182 183 184 185 186 187 189 190
19 153 154 155 156 157 158 159 163 165 166 170 171 174 177 179 180 184 185 188
19 153 154 155 158 160 161 164 165 166 168 171 175 177 179 180 183 184 185 188
23 153 154 155 160 161 164 165 166 167 168 169 170 171 172 175 178 179 180 181 182 184 187 189
25 153 156 157 158 162 163 164 166 168 169 170 171 172 174 176 177 178 179 182 183 184 186 187 188 189
21 156 157 158 160 161 165 166 167 168 170 172 178 179 180 182 183 184 187 188 189 190
22 156 159 160 161 163 164 165 167 169 172 173 174 176 177 179 180 181 185 186 188 189 190
17 155 156 159 160 162 167 169 170 172 176 178 180 181 183 185 186 189
25 153 154 155 156 157 160 161 162 164 165 166 168 171 172 174 175 176 179 181 183 184 186 187 188 189
19 156 157 158 159 161 162 165 167 168 169 172 178 180 182 185 186 187 188 190
12 153 154 155 156 164 170 172 174 178 182 188 189
11 155 156 161 166 169 170 175 180 184 187 189
26 153 154 155 156 158 159 160 161 162 165 168 173 174 175 176 177 178 179 180 181 182 185 186 187 188 190
19 155 156 158 165 166 167 170 171 172 174 176 177 178 180 184 186 187 189 190
11 158 161 164 169 176 177 179 183 184 185 190
22 154 155 156 157 159 162 164 166 167 168 172 177 178 179 180 181 182 184 186 187 189 190
18 154 155 158 160 162 167 168 169 173 175 176 177 179 180 184 187 189 190
17 153 154 156 159 160 161 166 173 175 177 178 179 182 185 187 188 190
23 153 154 155 157 160 161 162 164 165 168 169 171 173 177 178 179 180 182 183 185 186 187 188
20 153 157 159 160 164 165 167 168 171 172 173 176 177 178 180 182 183 186 187 188
25 153 154 155 156 158 159 160 161 162 163 164 167 168 169 171 172 176 177 180 181 182 183 185 187 188
20 155 157 159 160 162 163 164 167 168 169 170 174 176 178 182 184 185 187 189 190
13 154 156 159 160 164 166 169 170 179 180 183 185 189
11 153 156 159 161 167 170 176 178 179 182 189
21 153 154 155 156 157 158 159 160 161 163 165 168 169 170 171 172 175 180 185 186 189
18 155 156 157 158 159 160 164 169 170 171 174 179 180 183 184 185 186 190
25 153 154 155 157 158 159 160 162 163 164 166 167 168 170 173 175 177 178 181 183 185 186 187 189 190
19 155 157 160 164 167 168 169 170 171 173 174 175 176 178 181 185 187 188 189
14 154 156 161 162 163 164 166 169 170 171 177 183 187 188
24 153 154 157 158 159 161 163 164 167 168 169 170 171 175 177 178 179 180 183 186 187 188 189 190
13 158 161 164 167 168 169 170 176 181 185 187 189 190
13 156 159 160 167 172 173 177 178 179 184 186 188 189
21 154 155 156 157 158 162 168 170 171 173 175 177 178 179 180 181 182 183 187 188 190
20 157 158 159 160 163 167 169 170 173 175 176 179 180 182 183 184 186 187 188 189
12 155 157 161 163 164 166 175 179 180 181 182 188
22 153 156 157 159 162 163 164 166 169 172 177 178 179 180 181 183 184 185 187 188 189 190
22 154 155 156 157 159 160 161 162 164 165 167 168 169 174 177 179 181 182 183 185 187 190
14 156 159 160 161 162 163 165 166 169 171 175 177 182 184
22 156 157 159 160 161 164 165 168 171 172 173 175 176 177 180 181 182 183 184 186 187 188
21 153 156 159 161 163 164 165 166 168 170 172 173 174 177 178 183 184 185 188 189 190
20 153 154 155 157 159 160 162 163 164 165 166 167 170 171 172 174 175 181 184 185
15 154 155 158 159 161 168 176 177 180 181 186 187 188 189 190
22 154 155 157 160 161 163 166 168 169 170 171 172 173 176 177 178 182 185 187 188 189 190
18 153 155 157 158 160 161 164 167 168 169 170 173 174 178 180 184 186 188
19 153 155 156 158 160 161 164 166 167 169 170 171 172 173 175 179 181 184 187
18 153 154 155 163 164 165 166 167 169 170 171 174 177 178 185 186 187 188
15 154 155 157 158 159 161 162 164 167 170 179 181 182 183 187
24 156 158 159 160 161 162 163 164 165 167 169 170 172 173 174 175 176 177 178 181 185 186 188 189
14 153 154 156 158 160 162 163 165 169 171 179 180 182 187
17 153 154 157 159 163 165 166 171 175 176 179 180 183 184 186 189 190
13 157 159 162 165 170 175 177 182 183 184 186 188 189
14 153 154 156 158 161 162 163 165 167 168 170 181 184 187
16 153 156 160 161 164 165 171 176 177 178 181 183 185 187 188 189
17 153 155 157 163 164 165 166 170 171 174 176 181 182 184 185 188 190
21 154 155 157 158 160 161 162 163 166 167 172 175 176 179 182 183 185 186 187 188 189
14 154 155 158 162 164 165 170 172 174 176 183 184 187 189
21 153 155 156 158 160 161 162 163 164 168 171 176 177 180 181 182 183 184 185 188 190
22 153 154 155 158 159 161 162 163 165 166 167 169 170 172 173 174 176 177 179 180 181 185
26 153 155 156 157 158 159 161 162 163 164 166 167 169 170 171 172 173 176 177 179 180 181 184 187 189 190
18 153 155 157 161 163 164 165 167 171 172 176 178 181 183 186 187 188 189
19 153 155 156 161 162 163 165 171 172 175 179 180 181 183 184 185 187 188 189
25 154 155 159 160 161 163 164 166 167 168 169 170 173 174 175 176 178 179 181 182 183 184 185 186 190
17 155 156 157 158 160 161 163 164 165 169 171 176 179 182 183 185 186
20 153 155 156 164 165 166 167 170 171 172 176 178 179 181 182 185 186 188 189 190
25 153 156 157 159 161 162 163 165 166 167 169 171 173 174 175 176 179 180 181 183 184 185 187 189 190
14 155 157 161 162 163 165 169 170 171 176 180 186 187 189
22 154 156 159 160 165 166 167 168 169 170 171 172 177 180 181 183 184 185 186 187 189 190
23 153 154 155 157 158 159 162 163 164 165 168 170 171 177 178 179 183 184 185 186 187 188 190
24 153 154 156 157 159 162 165 166 167 169 170 171 172 174 175 176 177 178 181 183 184 187 188 190
18 153 156 157 159 160 161 163 164 165 166 167 168 171 175 178 188 189 190
16 153 154 157 158 159 165 167 168 169 171 172 175 177 179 181 188
24 153 155 156 158 159 162 163 164 166 167 170 171 173 175 176 177 179 180 184 185 186 187 189 190
20 155 156 157 159 160 162 163 165 166 168 170 172 173 175 178 179 181 183 188 190
16 153 156 157 159 161 162 165 166 168 173 175 176 178 187 188 189
19 154 155 158 159 161 162 163 168 169 172 176 178 180 182 183 184 186 187 189
18 154 156 158 161 163 165 167 169 171 172 176 177 178 179 181 182 187 190
24 153 156 158 159 160 161 162 164 165 167 168 169 170 172 174 177 179 180 182 185 186 188 189 190
21 155 156 159 160 163 165 166 169 170 171 172 173 174 177 180 182 183 185 187 189 190
12 153 155 156 157 170 172 176 183 185 187 188 189
24 153 154 156 157 158 159 160 164 167 169 171 176 178 179 180 181 183 184 185 186 187 188 189 190
21 154 158 160 161 163 164 165 168 169 170 173 174 176 177 178 179 181 182 183 184 188
20 154 155 156 158 159 161 162 163 164 167 168 169 171 177 178 179 180 186 187 189
13 153 154 156 164 169 173 174 177 180 182 183 185 186
16 154 155 158 159 160 162 166 169 171 173 174 177 179 181 184 186
15 155 160 163 164 165 167 169 170 172 175 177 178 180 182 185
20 154 157 161 162 164 165 166 167 169 172 173 175 177 179 181 184 185 186 187 189
18 158 160 161 162 163 164 165 166 168 173 174 175 176 178 180 181 182 187
22 153 154 155 157 158 161 162 163 164 166 167 169 172 176 178 179 180 181 184 187 189 190
17 153 154 159 161 162 163 164 165 169 173 176 180 185 186 187 188 189
22 153 155 157 158 159 162 163 164 166 167 170 171 173 176 177 181 183 185 186 188 189 190
12 154 157 158 159 160 163 167 174 176 177 178 183
23 154 155 156 159 160 162 163 164 168 172 174 175 176 177 178 179 180 181 182 183 184 185 190
13 153 157 160 164 166 168 174 176 180 182 187 189 190
21 153 155 157 158 159 160 161 164 165 166 168 169 170 172 180 181 183 186 188 189 190
15 157 160 162 168 172 175 176 177 178 180 181 187 188 189 190
21 154 156 157 159 163 164 165 168 169 170 171 172 174 175 176 177 178 180 183 185 186
14 153 160 161 162 163 164 165 172 175 177 180 181 182 188
15 154 155 159 160 161 162 166 167 168 176 177 179 180 185 186
19 153 154 156 157 159 160 162 164 166 168 170 171 173 174 176 178 181 186 190
19 153 154 155 158 159 162 163 165 169 171 172 173 174 175 176 177 181 182 187
19 153 156 160 163 164 165 166 170 172 173 176 177 181 182 184 185 188 189 190
25 153 159 160 161 162 164 165 166 167 168 169 173 174 175 176 177 178 179 180 184 185 186 188 189 190
21 153 154 156 158 159 162 163 167 168 169 171 172 174 175 176 177 178 181 186 188 190
20 153 154 158 160 161 162 163 166 167 169 170 171 173 176 178 179 180 181 183 186
12 154 158 160 162 165 166 167 169 175 176 180 187
12 157 166 169 171 172 175 179 180 182 184 185 189
21 158 159 160 163 164 166 167 168 170 171 173 175 177 180 184 185 186 187 188 189 190
14 153 159 160 161 163 164 165 167 168 179 181 183 184 190
14 155 156 157 160 162 164 166 167 171 172 176 178 179 188
26 153 154 155 156 157 158 159 160 161 162 163 166 169 173 174 176 177 178 179 180 181 182 183 184 187 188
15 153 154 160 162 164 165 168 169 171 172 184 185 187 189 190
14 154 157 160 163 165 176 179 180 181 183 184 187 189 190
20 154 156 158 159 160 161 162 166 168 171 172 174 175 178 180 181 187 188 189 190
18 153 154 157 161 163 165 169 172 174 175 178 182 183 185 186 187 189 190
17 154 155 156 161 166 169 170 171 173 176 177 180 181 182 183 188 190
26 153 154 156 158 162 164 168 169 170 171 173 174 175 176 177 178 179 180 181 183 184 185 187 188 189 190
15 153 154 160 162 165 167 168 169 171 173 176 178 179 182 188
14 154 156 159 161 162 165 172 173 174 175 180 186 187 188
18 153 154 157 158 162 165 166 167 168 173 174 176 178 180 183 184 187 188
15 156 159 163 164 168 169 172 176 177 179 182 183 184 185 190
14 153 156 160 161 163 169 170 171 172 182 185 186 188 190
19 154 157 160 161 163 164 165 168 169 170 173 175 176 179 181 182 183 185 189
12 156 161 163 165 167 168 169 171 179 180 182 189
19 155 156 157 158 162 164 167 168 169 173 177 178 179 180 181 184 185 187 190
12 154 157 159 163 165 166 171 174 178 179 182 188
15 154 155 157 160 167 169 176 177 178 184 185 186 187 189 190
15 155 161 162 165 166 168 172 176 177 179 181 186 187 189 190
25 154 155 156 158 159 161 162 163 165 166 168 169 172 174 175 176 177 178 179 182 184 185 188 189 190
12 153 159 162 168 169 170 171 175 177 185 189 190
22 153 154 155 157 160 161 162 163 164 166 169 171 172 174 179 181 182 183 184 185 186 187
23 153 154 155 156 157 163 164 165 166 167 169 170 172 177 178 179 180 182 183 186 187 188 189
23 153 154 156 158 159 160 163 164 165 166 167 168 170 171 173 175 176 180 184 185 186 188 190
16 153 154 155 157 161 165 166 167 168 169 172 175 179 184 185 189
26 155 157 158 159 160 161 162 163 164 165 166 170 171 172 173 176 177 178 180 181 183 185 186 187 188 189
22 155 156 157 159 160 161 166 167 169 171 173 174 175 176 177 178 179 180 183 184 185 187
26 156 157 158 159 161 163 164 165 166 167 169 170 171 173 174 175 176 177 179 180 181 182 183 184 186 189
23 153 155 158 159 160 162 164 166 167 169 171 172 173 175 178 179 181 182 183 184 185 188 190
13 154 158 160 166 170 171 177 178 180 182 188 189 190
23 153 154 155 156 157 158 162 163 165 166 167 171 172 173 174 176 180 181 182 187 188 189 190
18 153 158 159 162 163 167 169 172 175 176 181 182 183 184 185 186 187 188
22 153 155 156 157 158 162 163 164 166 167 172 173 174 176 178 180 181 183 184 186 188 189
15 153 155 158 163 164 165 168 169 175 177 179 182 183 184 189
14 153 155 157 158 159 166 169 171 176 178 182 183 184 188
17 154 158 162 163 164 168 169 170 173 176 182 185 186 187 188 189 190
13 153 154 156 158 161 167 168 171 178 181 186 187 189
15 153 154 158 160 161 168 169 171 174 176 183 186 187 188 189
13 153 157 159 163 165 167 168 172 175 177 181 182 183
12 157 162 166 168 172 174 176 177 182 183 185 187
16 155 156 158 162 163 164 169 170 174 176 177 179 183 184 185 189
12 154 155 162 164 167 172 174 175 176 181 189 190
22 153 154 157 158 161 162 164 166 167 171 172 173 175 177 178 181 182 183 184 187 188 190
14 157 161 165 169 172 173 174 175 176 178 183 185 186 187
14 156 157 160 161 167 169 170 177 178 185 186 188 189 190
22 153 154 155 158 159 161 162 163 165 166 167 168 169 174 176 177 178 179 181 182 184 185
20 154 155 156 157 159 160 162 168 171 172 174 175 176 177 178 180 184 185 189 190
17 153 155 158 160 162 171 173 174 176 177 178 179 181 182 184 187 189
15 155 157 159 162 164 169 170 171 173 174 175 179 182 183 184
12 154 155 158 160 161 163 164 170 171 175 185 188
14 153 160 163 167 169 173 176 177 181 183 185 186 187 189
12 154 161 166 168 169 171 172 177 182 185 187 189
21 153 155 158 159 160 161 164 165 169 170 172 175 176 177 178 179 182 184 185 186 190
24 154 156 157 158 159 160 161 163 164 168 171 172 173 175 176 180 181 182 184 185 186 188 189 190
14 155 159 163 165 168 170 171 173 176 179 181 184 188 190
12 154 155 156 160 167 169 175 181 183 185 187 188
16 153 154 158 159 167 172 173 175 176 179 181 182 183 185 186 190
17 154 156 158 161 162 164 167 168 170 171 177 179 182 183 186 187 189
19 154 157 159 162 164 165 166 168 170 171 173 174 176 179 185 186 188 189 190
18 153 154 155 156 157 162 168 171 173 174 175 176 178 180 182 185 186 189
15 153 156 157 158 159 160 161 163 164 166 175 182 183 189 190
24 153 154 155 157 158 159 160 161 163 164 167 170 171 172 173 174 175 176 177 180 181 182 184 186
14 153 155 156 159 163 165 168 169 171 173 174 183 184 189
24 153 154 155 157 158 159 164 166 167 168 169 170 172 173 174 175 176 177 181 183 184 185 189 190
13 153 154 158 159 162 163 170 171 173 174 182 184 189
24 153 154 155 157 161 162 164 166 167 170 171 172 174 175 176 177 178 181 182 183 184 187 188 189
18 154 156 157 159 160 161 164 170 172 173 175 176 178 180 181 186 188 189
24 154 155 156 157 159 160 162 163 165 167 168 169 173 174 175 176 179 180 182 184 185 186 187 190
20 153 157 158 159 162 168 169 170 172 173 175 176 177 178 179 181 182 184 185 190
17 154 155 160 161 162 163 164 165 167 168 175 176 178 180 182 183 185
13 156 157 161 165 169 173 174 182 183 184 187 188 190
21 153 154 155 156 158 160 161 162 166 168 169 174 175 177 178 179 181 183 184 185 189
18 153 158 159 160 161 166 167 169 172 175 176 177 178 179 181 187 188 189
16 153 154 155 159 160 164 167 169 170 172 174 176 181 182 185 189
21 153 154 155 157 159 160 161 163 165 166 169 170 171 172 173 174 175 179 182 184 186
19 153 154 156 157 159 162 163 164 168 169 170 172 174 175 177 179 180 185 189
16 154 157 158 159 165 167 169 170 176 177 179 181 183 185 186 188
24 154 155 156 159 160 162 163 164 166 168 169 170 171 173 175 176 177 178 179 181 184 187 189 190
13 155 157 159 163 164 165 166 168 170 175 176 178 181
23 154 157 158 159 160 161 163 164 165 166 168 169 170 171 172 173 174 178 179 180 181 184 186
24 153 154 155 156 158 163 164 165 166 167 170 171 173 174 175 177 182 183 184 185 187 188 189 190
23 153 155 156 157 160 161 162 163 165 167 168 169 172 173 176 177 178 181 182 184 185 189 190
25 153 154 155 156 157 159 160 161 163 164 167 168 169 172 174 177 178 181 182 183 185 186 187 188 190
16 161 162 164 165 166 167 168 169 170 173 174 178 179 180 188 189
26 153 154 155 157 159 160 162 164 165 166 168 169 170 172 173 175 176 179 180 181 183 185 186 187 189 190
16 158 159 160 161 162 163 165 168 170 171 173 174 177 178 184 187
26 153 154 155 156 160 161 163 165 166 169 170 172 173 174 176 178 179 180 181 183 184 185 186 187 188 189
24 157 159 161 163 164 165 166 167 168 169 170 172 173 174 176 177 178 179 183 184 186 187 189 190
24 154 156 157 158 159 160 161 162 163 165 166 167 170 171 172 175 176 177 178 179 181 183 184 188
15 154 157 158 163 164 169 172 175 178 181 182 183 186 187 190
16 155 156 158 161 164 166 171 175 176 177 181 183 184 186 188 190
13 155 156 157 160 165 172 173 175 179 181 183 184 190
12 153 156 162 165 167 168 176 178 179 184 187 189
17 153 154 156 158 163 164 165 166 167 171 172 177 178 183 184 185 188
26 153 154 155 157 158 159 160 161 162 164 165 166 168 171 172 173 176 178 180 181 182 183 184 186 189 190
13 156 158 160 161 168 169 171 175 176 180 181 187 189
17 154 155 156 158 159 161 163 165 167 172 175 179 180 181 182 189 190
16 159 160 161 162 164 165 166 167 168 174 176 177 179 183 188 189
12 154 158 160 162 167 168 171 186 187 188 189 190
26 153 155 159 160 161 164 165 167 168 169 170 172 175 176 177 178 179 180 181 182 184 185 187 188 189 190
21 153 156 158 159 160 161 162 163 165 168 169 171 172 174 175 177 179 180 181 184 189
21 153 154 155 157 159 160 161 162 165 167 168 171 178 179 180 181 182 185 186 188 189
16 156 157 160 161 165 166 167 168 170 172 173 175 178 184 186 188
20 154 155 156 159 162 164 165 166 168 170 173 174 175 177 178 179 181 182 184 190
21 158 160 161 162 164 165 166 167 168 171 172 174 176 182 183 184 185 186 187 188 189
13 154 155 162 166 169 170 172 175 179 181 184 185 187
12 153 156 167 168 170 171 176 182 183 185 186 189
25 154 156 157 159 160 162 163 164 165 166 167 168 169 170 173 174 176 179 182 183 184 186 188 189 190
20 154 155 157 160 161 162 166 167 170 172 173 175 176 179 181 184 185 186 188 189
24 154 155 156 157 158 160 161 162 163 165 167 168 169 171 173 175 177 179 180 181 182 183 188 190
24 153 154 158 159 160 161 162 165 166 167 169 170 172 173 174 176 177 178 179 180 181 183 186 189
22 155 156 157 158 161 164 165 166 167 169 171 172 176 177 179 180 182 183 184 185 188 190
16 153 154 156 158 165 166 167 169 173 176 177 178 179 186 187 190
16 153 157 161 166 171 172 173 174 175 177 178 183 185 188 189 190
16 153 154 156 159 161 162 164 168 175 176 177 178 181 182 185 187
14 153 155 157 162 165 170 171 173 175 179 186 187 188 190
19 153 154 156 158 160 163 164 165 166 168 169 171 174 176 177 179 180 182 188
20 154 156 157 158 159 160 161 162 164 168 171 172 173 175 176 177 180 182 185 189
20 153 154 155 156 157 158 160 163 164 166 167 172 173 176 177 178 185 187 189 190
12 156 158 160 161 171 172 173 174 178 179 180 181
22 153 158 159 161 163 165 166 167 168 169 170 172 173 175 177 178 179 180 185 187 189 190
20 157 158 159 160 161 168 170 171 172 173 175 177 179 180 181 184 185 186 189 190
14 153 154 158 162 164 168 171 174 176 177 183 185 186 187
12 153 155 158 159 160 161 164 165 174 182 187 188
17 153 155 156 161 163 164 165 169 170 171 173 175 177 179 180 183 190
25 153 155 156 158 159 160 161 162 164 166 169 170 172 176 177 178 179 180 181 182 185 186 188 189 190
13 156 158 159 160 162 163 164 168 171 177 179 187 189
15 154 158 163 165 170 171 172 173 174 176 177 183 185 186 190
23 154 156 157 159 160 162 164 165 166 170 173 175 178 179 180 181 182 184 185 186 187 188 190
14 155 156 158 165 167 172 173 174 178 179 181 185 186 187
25 153 154 155 156 157 159 160 161 162 164 165 166 167 168 169 170 171 174 177 178 182 187 188 189 190
20 153 154 155 162 163 164 165 167 172 174 175 176 177 178 180 181 182 185 188 190
12 153 154 159 160 161 168 170 181 183 184 185 189
11 153 159 164 165 166 171 172 178 180 183 184
26 154 158 159 161 162 163 164 165 166 167 169 170 172 173 174 175 176 177 178 179 183 185 187 188 189 190
12 154 158 162 166 171 172 179 180 183 185 187 189
19 157 161 162 163 166 169 172 174 175 177 179 180 181 182 184 185 187 189 190
13 158 160 164 165 168 170 171 173 178 183 184 188 190
17 153 154 157 158 159 162 165 166 167 170 171 173 178 183 184 188 189
18 153 155 157 164 165 169 171 172 173 174 175 176 177 179 182 183 189 190
20 153 155 157 159 160 162 163 166 168 169 170 174 175 176 177 178 181 182 186 189
12 162 163 165 167 169 170 174 175 177 180 181 184
26 153 154 155 156 157 158 159 164 167 168 169 170 171 172 173 174 175 179 180 181 182 183 185 186 188 190
26 154 155 156 160 162 163 164 166 168 169 170 171 172 173 175 178 179 180 181 182 184 185 186 187 188 189
26 153 154 157 158 159 162 163 164 165 166 167 170 171 172 175 176 179 181 182 183 184 185 186 187 188 190
13 159 161 166 167 168 170 172 174 180 183 185 189 190
23 153 155 156 157 158 159 162 165 166 167 168 172 174 175 176 177 179 182 184 186 187 188 189
16 153 155 156 158 159 160 164 166 168 170 172 175 177 180 181 184
18 153 154 155 158 160 162 165 167 168 170 171 172 174 175 176 179 184 188
17 156 157 159 161 162 165 167 168 169 170 171 174 177 179 181 185 187
21 153 154 155 157 158 159 161 162 163 164 167 168 172 173 177 178 180 181 183 184 188
23 154 155 157 158 161 165 166 167 168 169 173 174 175 176 177 178 179 180 183 184 185 186 190
12 154 157 158 161 166 167 171 175 177 178 182 183
25 153 154 157 158 161 162 163 165 166 170 171 172 173 174 176 177 179 180 181 182 183 184 185 188 189
22 153 154 156 158 160 161 162 166 168 169 171 172 173 174 175 177 180 182 183 185 186 190
14 153 155 157 162 163 167 169 170 174 176 178 179 185 186
22 153 154 157 159 160 162 163 165 166 168 172 174 175 176 178 179 181 184 185 186 188 189
22 154 155 157 158 159 160 161 164 165 166 168 169 170 171 172 173 175 177 184 185 188 189
21 153 154 156 157 158 164 166 168 169 171 172 174 175 176 177 182 183 185 187 189 190
21 153 155 156 157 161 163 164 169 170 171 172 173 174 175 176 178 180 182 183 185 189
25 153 154 155 156 157 158 159 163 164 165 166 168 169 170 171 173 175 176 177 179 180 183 185 186 188
16 154 155 157 163 166 170 171 174 176 177 178 183 184 185 186 190
22 153 154 160 163 165 166 167 168 170 171 172 174 177 178 179 181 182 184 185 186 187 188
22 153 154 155 156 157 159 160 162 164 165 167 168 172 173 174 175 176 179 181 183 186 190
25 154 156 158 160 161 163 164 166 168 170 172 174 175 176 177 178 179 180 181 182 183 184 185 187 190
19 153 154 155 157 158 160 164 165 167 168 169 171 172 173 180 182 186 187 189
14 153 155 157 158 166 168 170 171 173 177 178 179 180 189
22 154 159 160 162 164 165 167 168 170 172 174 175 178 180 181 183 185 186 187 188 189 190
21 153 154 156 157 161 162 163 164 168 170 175 176 177 178 179 180 183 184 185 187 189
20 153 154 155 156 158 160 164 165 166 171 173 174 178 180 181 183 184 186 189 190
18 153 155 157 159 161 162 165 167 168 171 175 177 179 181 183 184 188 189
17 153 154 155 156 160 162 163 167 171 172 174 175 176 178 185 187 190
24 154 155 156 157 159 160 161 162 163 167 169 170 171 172 174 176 177 178 179 181 182 184 186 188
24 154 155 156 157 159 160 161 163 165 166 167 168 169 170 172 173 174 178 179 180 181 183 186 187
20 153 155 157 159 160 161 163 166 171 172 173 177 179 180 181 184 185 186 189 190
20 153 154 156 157 159 161 162 165 166 170 171 173 175 176 179 180 182 183 186 189
16 153 154 155 156 159 161 162 165 168 173 176 179 180 181 183 187
13 153 155 161 165 168 172 182 183 184 186 187 188 190
25 153 154 155 156 157 158 160 161 162 163 165 166 167 168 170 171 175 176 180 181 184 186 187 188 190
25 153 154 156 158 159 162 163 164 166 169 170 171 172 173 174 175 177 179 180 181 182 183 184 187 190
14 153 157 160 162 168 169 174 175 176 178 181 182 188 189
12 154 158 159 163 166 170 172 176 181 183 185 190
13 154 156 161 166 171 174 176 177 180 182 183 189 190
20 154 155 156 161 162 163 164 165 166 168 169 171 173 175 176 177 181 182 184 186
25 153 154 155 156 157 158 159 161 162 164 167 168 171 172 175 176 178 179 180 183 184 185 186 187 189
13 154 157 161 162 163 165 178 179 180 182 184 186 187
14 154 156 158 164 168 171 175 176 179 180 185 186 187 189
19 157 160 162 163 165 167 171 172 173 174 177 179 180 183 186 187 188 189 190
14 153 159 160 162 163 166 172 175 179 181 184 187 189 190
18 153 156 157 158 159 161 163 168 169 171 172 173 175 183 184 185 186 187
18 154 155 156 157 158 159 161 162 165 172 173 174 175 179 180 185 186 187
22 154 155 156 159 161 162 163 164 165 166 169 170 172 173 174 175 178 182 183 185 186 188
24 153 154 156 157 158 159 160 161 162 163 166 168 170 171 173 176 177 180 184 185 186 187 189 190
22 153 154 156 157 162 164 169 170 172 173 175 176 177 178 180 181 182 183 184 185 186 190
25 153 154 155 157 158 159 160 161 164 168 169 170 171 172 173 174 175 176 177 179 181 183 184 186 188
25 153 154 155 160 161 162 164 165 167 168 169 170 171 172 174 175 177 178 179 181 182 183 187 188 190
24 153 154 155 156 159 161 163 164 166 170 171 172 173 174 175 176 177 179 180 183 185 186 188 190
21 155 156 160 161 163 165 167 168 169 171 172 173 174 175 176 177 178 179 182 183 184
26 154 156 157 158 159 160 161 162 164 165 166 168 172 173 174 177 178 181 182 183 184 185 186 188 189 190
16 153 155 156 158 159 160 161 164 168 171 172 173 180 182 187 189
21 157 158 159 161 163 164 165 166 168 169 171 176 177 179 180 181 183 184 185 188 190
12 157 159 161 162 165 167 174 178 180 184 189 190
20 154 157 159 163 164 166 168 169 170 172 173 175 177 178 179 183 185 188 189 190
20 153 154 155 157 159 161 162 163 165 166 168 169 170 173 174 181 185 188 189 190
20 154 156 161 162 164 165 166 167 168 170 171 173 174 175 178 180 182 183 184 187
21 153 154 156 159 161 162 163 165 167 169 170 173 174 175 176 177 180 181 182 184 190
21 153 154 155 156 158 159 162 164 166 168 170 171 172 178 179 180 183 185 186 189 190
17 153 154 159 161 162 163 167 168 169 175 176 177 180 187 188 189 190
18 158 162 163 164 165 170 172 173 174 176 178 179 180 183 184 185 188 190
13 163 165 166 172 175 176 179 180 182 184 186 187 190
13 155 156 159 163 164 169 170 173 174 177 179 181 182
21 157 161 163 164 166 167 168 169 171 172 174 175 176 179 180 182 184 187 188 189 190
16 153 157 160 162 163 169 170 172 174 175 177 186 187 188 189 190
13 156 159 166 167 169 171 172 173 176 178 181 186 189
25 155 156 157 158 160 164 165 167 168 169 170 171 175 176 177 178 179 181 182 183 184 185 187 189 190
20 155 156 159 161 165 166 171 173 174 175 176 178 181 182 184 185 186 187 189 190
19 153 154 156 158 162 163 164 165 171 172 177 178 179 180 181 184 185 188 189
18 154 158 159 161 162 165 167 172 174 177 180 182 183 184 185 186 188 189
19 154 160 161 162 164 166 168 169 171 173 174 175 176 177 180 182 184 185 189
12 153 156 159 160 164 166 167 172 173 174 185 189
24 153 155 156 157 158 160 161 162 164 168 170 171 172 176 178 179 180 182 183 185 186 187 188 190
22 153 156 158 160 161 162 163 164 165 167 168 169 170 172 173 174 177 178 183 184 185 188
17 155 156 158 161 164 170 171 173 177 178 180 183 184 185 186 187 189
14 155 158 159 162 165 167 168 169 170 171 173 179 181 190
16 153 160 162 163 164 165 167 169 175 177 178 181 183 184 185 190
25 153 155 156 157 159 160 161 163 165 166 167 169 170 172 173 174 175 177 179 180 183 184 188 189 190
13 154 158 162 163 164 165 166 167 170 171 183 184 189
18 153 155 156 159 160 162 164 166 169 176 177 178 179 183 186 187 188 190
