193 942
22 1 2 3 4 5 6 7 8 9 10 11 12 13 14 15 16 17 18 19 20 21 22
12 2 3 4 6 8 9 11 17 19 20 21 22
17 1 2 4 5 7 8 9 11 13 14 15 17 18 19 20 21 22
10 2 4 7 8 11 12 14 16 17 22
17 1 3 4 5 6 7 8 9 10 11 13 15 17 19 20 21 22
15 2 3 4 6 7 9 10 12 13 14 17 18 19 20 21
11 1 2 5 6 8 10 13 15 16 18 21
16 2 5 7 8 9 10 11 13 14 15 16 17 18 19 20 22
15 1 2 3 4 5 6 7 8 9 12 13 18 19 20 21
12 1 2 3 4 5 7 12 14 15 18 19 20
12 1 2 6 7 8 9 10 11 12 13 21 22
8 1 2 10 12 13 15 17 21
16 2 3 4 5 6 7 8 9 10 11 13 14 16 18 19 22
12 1 3 4 5 7 8 9 10 12 16 21 22
12 2 4 7 9 10 11 13 14 17 18 19 20
17 2 3 4 5 7 9 10 11 12 13 14 15 16 17 19 21 22
14 1 2 5 6 7 8 9 10 13 14 16 17 19 21
13 2 4 6 7 8 9 10 11 12 18 19 20 22
17 2 3 4 5 7 8 10 11 12 13 15 16 17 18 19 20 21
14 1 2 5 6 7 10 11 12 13 14 15 16 17 22
9 1 2 3 8 12 17 18 19 22
15 1 2 4 6 9 10 11 12 14 15 16 18 19 20 21
13 1 3 5 6 8 11 12 16 17 18 19 20 21
16 1 2 3 4 5 6 9 10 11 12 13 14 15 18 19 21
12 2 3 7 9 10 11 12 14 15 16 19 22
13 1 2 3 4 9 10 11 12 13 14 19 20 21
13 1 2 3 6 8 11 13 14 15 16 19 21 22
12 1 4 6 8 10 11 12 13 14 16 18 22
16 1 2 4 5 7 8 9 10 11 13 16 17 18 20 21 22
9 1 2 5 6 8 13 15 18 21
17 1 2 3 5 6 7 9 10 11 12 13 15 17 18 19 20 21
13 1 3 4 6 7 9 10 11 13 16 17 19 20
13 4 6 8 9 10 11 12 13 14 15 16 20 21
10 1 7 8 10 11 13 15 18 19 22
7 2 4 7 8 9 15 17
14 4 5 6 8 9 10 12 13 14 17 18 19 20 21
14 1 2 3 5 6 8 9 10 14 15 17 18 20 21
6 3 5 9 10 12 17
12 4 6 7 8 13 14 16 17 18 19 20 21
8 4 7 11 13 14 20 21 22
7 3 5 10 12 13 15 20
16 2 3 4 5 6 7 9 10 11 12 15 16 18 19 20 21
6 1 7 9 16 20 21
12 3 4 8 10 11 12 15 17 18 19 20 21
12 1 2 3 4 6 7 14 15 17 19 20 21
14 1 2 4 5 6 8 9 10 12 14 15 17 18 19
15 1 3 4 6 7 9 10 11 12 15 16 17 18 20 22
13 2 3 7 8 9 11 12 14 15 16 17 18 19
6 1 2 6 10 12 21
13 2 4 5 6 9 10 11 13 15 18 19 21 22
10 1 5 6 7 11 12 15 17 18 21
16 2 3 5 6 7 8 9 10 11 13 15 17 18 19 21 22
11 1 3 4 5 7 10 15 17 18 19 20
13 2 3 4 5 7 9 10 11 14 15 18 21 22
15 1 2 3 4 5 6 8 10 11 15 16 17 18 19 21
11 1 2 4 5 10 11 12 13 15 18 19
12 1 3 4 7 10 11 12 14 15 17 18 22
12 1 2 6 9 10 12 13 14 16 17 18 19
10 1 5 6 7 8 12 16 19 20 21
13 3 6 7 8 9 12 13 14 17 18 20 21 22
17 1 2 5 6 7 8 9 12 13 14 15 16 17 18 19 20 21
10 2 3 4 5 6 10 11 13 15 21
13 1 2 3 6 9 13 14 15 16 17 18 19 21
12 2 3 4 7 8 12 13 15 16 19 21 22
8 1 2 3 5 8 12 20 21
12 1 2 4 6 7 8 13 14 17 18 21 22
7 3 4 6 11 19 20 21
7 3 7 9 14 15 16 20
8 1 3 4 5 8 18 19 21
13 2 3 4 5 7 8 11 13 14 16 17 18 21
9 2 7 11 12 14 15 19 20 21
13 1 2 3 5 6 7 9 10 12 14 19 20 21
12 1 3 4 10 11 12 14 15 16 18 20 21
16 1 2 3 5 6 7 8 9 12 13 14 15 16 19 20 22
12 1 2 4 5 9 12 14 15 17 18 20 21
15 1 2 4 5 8 9 10 12 13 16 17 18 19 20 21
9 1 4 8 9 10 11 15 20 21
8 2 4 5 10 13 14 15 17
12 2 3 5 8 9 11 13 14 18 19 21 22
12 1 2 4 5 6 7 8 10 16 19 21 22
16 2 4 6 8 9 10 11 13 14 16 17 18 19 20 21 22
8 1 2 3 4 12 14 15 20
8 1 3 5 8 9 13 16 21
12 1 3 6 8 9 11 12 13 14 18 19 21
13 1 5 7 10 13 14 15 16 17 18 20 21 22
8 1 2 4 8 15 16 17 18
8 3 10 13 14 15 16 20 21
16 1 2 4 5 6 7 8 9 10 13 15 16 17 19 21 22
13 3 4 7 8 9 11 12 13 16 17 20 21 22
11 1 3 4 10 11 13 15 16 20 21 22
13 1 2 3 5 7 9 10 11 13 15 17 19 21
77 23 24 25 26 27 28 29 30 31 32 33 34 35 36 37 38 39 40 41 42 43 44 45 46 47 48 49 50 51 52 53 54 55 56 57 58 59 60 61 62 63 64 65 66 67 68 69 70 71 72 73 74 75 76 77 78 79 80 81 82 83 84 85 86 87 88 89 90 91 92 93 94 95 96 97 98 99
48 23 24 25 26 28 30 31 32 33 34 35 38 40 41 44 45 46 47 48 50 53 55 56 59 60 61 63 64 67 68 70 71 72 74 75 76 79 84 85 86 87 88 89 91 92 94 97 98
31 24 25 30 33 34 37 39 42 45 48 51 54 56 57 60 61 67 69 70 71 72 76 78 79 80 81 86 90 92 94 98
32 23 25 26 29 33 34 38 40 41 43 51 53 57 58 59 60 62 67 71 72 73 74 76 78 87 89 90 92 93 94 95 98
58 23 24 25 26 28 30 33 34 35 36 37 45 46 47 48 49 50 51 52 53 56 57 58 60 61 62 63 64 65 66 69 70 71 72 73 74 75 77 78 79 80 81 82 83 85 87 88 89 90 91 92 93 94 95 96 97 98 99
32 23 30 31 32 34 39 42 44 45 47 49 51 54 55 58 61 63 64 65 67 77 79 81 82 83 85 86 88 92 93 94 95
57 23 24 25 27 29 30 31 32 33 37 38 39 40 41 42 44 45 46 47 48 49 50 51 53 54 55 56 57 58 60 61 63 65 66 67 68 69 70 74 77 78 80 81 82 83 84 85 86 87 88 90 92 93 95 97 98 99
55 24 29 30 31 33 34 37 39 40 41 42 43 45 46 47 48 49 50 52 53 54 56 57 58 59 60 61 63 64 65 66 67 68 69 70 73 74 75 77 79 80 81 82 83 84 85 87 89 91 92 93 94 95 98 99
44 23 26 30 31 33 34 35 36 38 39 41 42 43 44 45 47 50 54 56 57 58 59 60 61 66 67 68 69 70 71 73 74 75 77 80 82 84 85 87 89 90 93 97 99
42 23 24 25 26 28 30 32 33 34 37 38 39 40 41 42 46 48 49 50 53 57 58 60 62 64 65 69 73 75 78 79 81 83 86 87 89 90 91 92 95 97 98
26 24 25 26 27 31 36 38 40 41 51 59 60 62 63 64 67 69 70 74 80 81 83 84 90 92 93
26 23 24 29 31 40 41 42 43 53 57 60 64 65 66 67 70 71 72 76 79 81 89 90 92 93 94
39 23 24 26 27 30 32 33 34 36 38 43 44 46 48 50 56 58 60 61 62 63 65 67 71 73 74 76 77 78 81 83 85 89 90 91 94 95 97 98
57 24 25 26 27 29 30 31 32 33 37 38 41 42 43 44 47 48 49 50 52 53 54 55 56 57 58 59 61 62 63 64 65 66 68 70 71 73 75 76 77 78 79 80 81 82 83 84 85 88 90 91 92 93 94 95 97 98
61 23 25 26 27 28 30 31 32 33 34 35 36 37 38 39 40 41 42 43 45 46 47 50 51 52 54 55 56 57 58 59 60 61 62 63 64 65 66 68 69 71 72 73 76 77 78 79 80 81 82 85 86 88 89 90 91 92 93 95 97 99
26 23 27 35 41 42 44 48 53 55 56 57 58 61 62 63 66 68 73 74 76 81 91 92 97 98 99
44 24 26 27 28 29 32 33 34 35 37 40 42 46 49 51 52 53 55 56 57 58 59 60 63 65 66 69 70 71 72 75 76 77 78 82 85 87 88 90 92 94 96 97 98
46 23 27 28 29 31 33 35 39 40 41 42 44 45 46 48 49 51 55 57 58 59 63 65 66 68 69 70 71 74 75 76 77 78 79 80 81 86 87 88 90 91 92 95 97 98 99
39 23 25 27 31 32 33 35 36 38 42 43 44 47 48 49 51 53 54 55 56 58 63 64 68 69 70 75 76 80 82 83 86 88 89 91 93 95 97 99
55 23 27 28 29 30 31 32 34 35 36 37 39 40 41 43 44 45 46 47 48 50 52 53 55 58 59 60 61 62 64 65 66 67 68 70 73 74 75 76 79 80 81 82 84 85 86 87 88 89 90 91 94 95 96 99
25 23 24 28 32 38 39 40 41 42 44 46 53 55 57 59 63 67 70 72 75 78 83 86 88 93
37 24 31 32 33 38 39 41 42 48 49 50 53 54 55 56 58 59 61 64 65 66 67 68 70 72 76 85 86 88 89 90 91 92 93 95 96 97
46 25 26 28 29 32 34 35 36 37 38 40 41 42 49 50 51 53 54 55 58 59 61 62 64 67 68 70 71 72 73 74 75 77 80 81 82 83 85 86 90 91 92 94 96 97 98
37 23 24 26 28 29 30 33 35 37 39 40 44 46 47 48 49 50 52 54 55 58 59 60 62 68 69 74 84 86 88 90 91 92 93 95 97 98
37 23 24 29 30 35 36 37 39 40 41 43 45 46 47 48 49 53 57 59 61 62 66 69 71 72 74 75 79 82 89 91 93 94 95 97 98 99
52 24 25 26 28 29 30 32 33 35 36 37 39 40 41 43 44 45 50 52 53 54 56 57 58 60 61 62 63 64 66 67 68 69 70 74 75 76 77 78 79 80 81 84 85 86 87 89 90 92 94 95 99
47 23 24 25 28 29 30 31 32 33 35 36 38 40 41 44 45 48 51 53 54 55 56 61 63 64 65 67 68 72 74 75 76 77 79 82 84 85 86 87 88 90 93 94 95 96 97 99
46 24 25 27 29 32 33 34 38 40 42 45 46 47 49 50 51 54 56 57 59 61 62 63 64 66 67 68 70 71 72 73 78 82 83 84 85 87 88 89 90 91 92 93 97 98 99
52 23 24 25 27 28 30 31 32 34 38 39 40 42 44 45 46 49 50 51 52 54 56 57 58 59 60 61 62 64 65 67 68 69 71 73 74 75 76 77 78 79 81 82 86 87 88 94 95 96 97 98 99
50 23 24 26 27 28 30 31 34 36 39 41 42 43 44 45 47 50 51 52 53 54 55 57 58 60 61 63 64 65 66 67 69 70 71 72 73 74 75 76 81 83 84 85 86 87 90 94 96 98 99
38 24 25 26 27 28 29 35 40 41 42 43 44 45 51 52 53 54 59 60 62 64 65 66 68 74 75 77 80 84 85 86 87 89 92 95 96 97 99
61 23 24 27 28 29 30 31 32 33 34 35 36 37 38 39 40 42 43 46 47 48 50 51 52 53 55 56 57 58 61 63 64 65 67 69 70 71 72 73 74 75 76 79 80 81 82 83 84 85 86 87 89 90 91 92 93 94 96 97 98 99
49 26 27 30 32 35 36 37 38 39 40 41 43 44 45 46 47 49 50 51 54 57 58 59 63 64 65 67 68 69 70 71 72 73 74 77 78 79 80 81 82 83 86 87 90 92 93 97 98 99
46 23 24 25 27 30 31 33 34 35 36 38 39 40 43 46 47 49 50 52 53 56 58 59 63 65 68 71 74 76 77 78 81 83 84 85 86 87 88 89 90 92 94 95 96 98 99
31 24 27 28 30 35 38 40 42 43 45 48 49 51 53 58 59 60 61 66 68 70 72 75 76 77 79 81 82 84 87 96
43 23 26 27 28 30 32 35 36 37 40 42 45 46 49 53 54 55 59 60 61 63 64 66 67 68 69 70 71 72 73 74 76 78 82 84 86 89 90 91 94 95 96 99
56 23 24 25 27 28 29 31 32 35 38 40 41 42 43 44 45 46 48 50 51 53 54 55 57 58 59 62 63 64 65 66 67 69 70 71 74 75 76 78 80 81 82 83 84 86 88 89 90 91 92 93 94 96 97 98 99
60 23 24 26 27 28 29 30 31 32 34 37 38 39 40 41 42 44 45 46 47 50 51 53 54 55 56 58 59 60 61 62 63 64 65 68 70 72 73 75 76 77 79 80 81 82 84 85 86 87 88 89 90 91 92 93 94 95 96 97 98
47 23 24 26 30 32 33 34 35 36 37 39 40 42 43 44 46 47 48 49 54 55 56 58 60 61 62 64 65 67 69 70 71 72 74 78 79 85 86 87 89 90 92 94 96 97 98 99
31 23 25 26 27 28 30 31 32 38 40 45 46 49 51 59 61 66 67 70 72 73 74 75 79 87 92 93 94 96 98 99
37 23 25 26 28 29 34 36 37 40 41 43 46 47 49 50 53 54 57 58 62 63 64 67 68 73 74 77 78 79 81 82 84 85 88 90 91 93
40 25 27 29 32 33 34 38 39 40 42 43 44 45 47 49 50 51 54 56 57 59 60 62 68 72 74 75 77 78 79 80 81 84 86 87 88 89 90 95 96
47 25 28 29 30 31 33 34 37 38 41 43 45 47 49 50 52 54 55 57 58 59 60 61 62 65 66 67 68 73 74 76 77 78 80 81 82 83 84 89 90 91 92 93 94 95 97 99
60 23 24 25 26 27 29 33 34 35 36 37 38 39 40 41 44 45 46 48 49 50 52 53 54 55 56 57 59 60 61 62 63 64 65 66 67 68 69 70 71 72 74 75 76 78 79 80 84 85 86 87 88 90 91 92 95 96 97 98 99
35 23 25 26 27 28 30 33 39 41 42 46 48 49 55 58 59 62 64 66 67 68 69 70 75 78 80 81 84 86 88 91 92 93 94 99
23 24 27 29 31 34 36 54 55 58 65 73 74 79 80 81 82 84 85 87 88 93 97 99
32 24 26 27 28 29 30 34 36 40 42 44 46 49 51 52 53 54 55 57 61 67 71 76 78 79 80 83 86 90 95 97 98
26 23 26 28 31 40 45 48 50 51 52 53 61 62 63 67 68 72 77 78 79 81 84 88 89 90 99
43 24 26 27 30 31 33 34 36 37 38 39 40 42 45 46 48 49 53 54 58 60 61 62 63 64 65 67 68 69 71 72 74 75 76 77 78 80 84 85 91 92 96 97
27 28 29 31 35 36 38 39 41 43 50 57 59 60 62 65 67 70 72 74 80 82 83 84 87 91 96 97
42 24 27 31 32 36 38 40 41 43 44 47 48 49 50 53 54 56 57 58 59 61 62 63 68 70 71 72 73 78 79 81 82 83 84 85 87 89 91 92 95 96 97
38 24 26 27 28 30 31 33 34 35 36 37 44 46 47 48 49 50 57 59 61 65 66 67 68 70 72 74 75 78 81 87 88 89 90 92 97 98 99
37 25 29 32 34 35 36 38 40 42 45 51 52 53 54 55 58 60 63 64 65 66 68 70 71 73 76 78 80 81 83 84 88 91 92 96 98 99
28 25 32 37 41 42 51 52 55 57 61 62 63 64 67 71 73 75 76 79 83 84 86 87 88 89 92 97 99
57 23 24 25 26 27 29 30 31 34 36 37 38 39 41 42 43 45 46 47 48 49 50 51 52 53 55 56 57 59 60 61 62 64 65 68 69 70 71 72 73 75 76 77 79 80 81 83 85 89 90 91 92 93 94 96 97 99
43 24 25 26 28 29 30 32 34 35 36 37 38 39 41 42 43 47 48 49 53 56 58 61 63 64 65 69 70 71 73 74 75 78 79 80 81 85 88 91 92 95 96 98
36 24 25 27 32 33 35 40 47 48 49 51 52 54 55 56 57 60 61 62 64 70 71 72 78 83 86 87 88 89 90 91 92 93 97 98 99
49 23 25 26 27 28 29 30 31 32 33 34 37 38 39 42 45 46 50 53 54 55 56 58 60 61 62 69 70 71 72 73 74 75 78 79 80 81 82 83 84 85 86 88 90 93 95 96 97 99
24 27 29 30 40 41 43 50 55 57 58 61 65 67 70 77 78 81 87 88 89 92 94 97 99
57 24 25 26 27 28 29 30 31 32 35 36 39 40 41 43 44 45 46 47 48 49 51 55 56 57 58 60 61 62 63 64 65 67 69 70 71 72 73 74 75 77 78 79 80 81 82 84 85 88 89 90 91 93 95 96 98 99
27 24 28 33 34 40 41 42 46 47 51 57 58 60 62 68 70 72 74 79 84 85 90 93 94 96 98 99
28 24 25 26 27 32 33 36 41 42 45 46 48 50 54 55 63 65 69 74 76 85 86 88 91 92 94 95 96
29 23 25 26 31 32 33 39 40 42 44 46 47 48 51 61 64 65 69 74 75 76 78 80 83 86 87 89 91 95
56 24 27 28 29 30 31 32 33 34 35 36 37 38 39 40 42 44 45 46 47 51 52 54 55 56 57 58 59 60 61 62 63 64 65 66 67 68 70 71 72 73 74 75 76 77 79 80 81 82 83 84 86 90 93 94 95
24 24 30 33 40 42 44 45 46 49 50 54 55 56 57 58 60 61 73 75 82 92 97 98 99
28 24 25 27 28 31 35 38 41 42 43 44 50 57 58 59 60 68 71 76 77 78 81 83 84 87 91 92 98
43 23 24 25 26 27 28 31 34 35 36 37 38 39 43 45 48 49 52 56 58 60 63 66 67 69 70 74 76 77 78 80 82 84 85 88 90 92 94 95 96 97 98 99
24 23 27 32 33 39 40 42 43 44 45 46 55 58 62 63 64 74 80 82 86 89 90 91 92
24 25 28 31 35 39 41 49 53 58 60 62 70 71 75 76 78 79 82 84 85 86 87 90 91
59 23 24 26 27 28 29 30 33 34 35 36 37 39 41 42 44 45 46 47 48 50 52 53 54 55 56 57 58 59 60 61 62 63 65 67 68 69 70 71 72 73 74 75 76 78 79 80 81 83 85 86 88 90 91 93 94 95 97 99
26 23 25 29 31 34 36 37 40 41 42 43 46 54 55 57 60 63 64 66 76 77 86 91 92 96 97
38 27 31 34 36 40 42 43 44 45 47 50 51 52 53 55 56 57 58 59 60 62 66 67 68 69 76 77 80 82 83 87 88 90 91 93 95 96 98
48 24 25 27 30 32 33 34 35 36 37 38 39 40 42 43 44 45 47 49 50 51 52 53 57 58 61 63 64 65 66 68 69 70 71 73 77 78 80 81 82 83 84 85 92 93 97 98 99
54 24 26 27 28 31 33 35 37 39 41 42 43 45 46 47 48 49 50 52 53 54 55 56 57 58 59 60 61 64 65 67 70 71 73 74 76 77 78 79 80 81 83 84 85 86 87 88 89 90 92 93 94 98 99
33 24 26 27 28 31 33 35 36 40 42 46 47 49 50 54 55 56 58 59 63 64 65 70 75 76 78 79 85 88 89 91 92 93
56 24 25 26 27 29 30 31 32 33 34 35 36 37 38 40 41 42 44 45 46 47 48 50 52 53 54 55 56 57 59 61 62 63 64 65 66 67 69 74 76 78 80 81 82 83 84 85 86 88 91 92 93 95 96 97 98
37 23 25 31 33 34 38 39 45 46 47 48 49 51 52 55 57 58 60 61 66 72 73 74 75 76 78 79 80 83 84 85 86 87 90 91 92 94
47 23 27 28 29 30 31 32 36 37 39 41 43 45 47 48 50 52 53 54 55 56 57 58 59 60 62 68 69 72 74 75 78 81 83 85 86 87 88 89 90 91 92 93 94 96 97 98
59 23 24 26 27 28 29 30 31 33 34 35 36 37 38 39 40 41 42 43 44 45 46 47 48 49 50 51 52 53 54 57 58 59 61 62 63 64 66 67 68 69 70 71 72 73 76 78 79 80 83 85 86 87 89 90 91 92 94 99
30 23 24 26 27 33 37 39 41 43 45 46 47 49 50 51 53 56 57 59 62 63 64 69 85 86 92 94 95 96 97
45 23 25 28 30 31 33 35 36 38 39 40 41 42 45 47 49 50 51 52 54 55 56 59 62 63 64 66 67 70 71 73 74 76 77 78 79 80 85 87 90 93 94 95 97 99
36 23 26 27 28 30 32 33 34 37 38 39 40 41 43 46 47 51 55 56 57 58 63 64 66 70 71 74 75 77 80 81 87 90 92 93 96
24 25 32 35 38 40 42 44 46 50 51 54 56 62 63 64 67 70 76 78 80 82 83 85 89
42 23 25 29 30 31 32 34 37 38 39 40 41 43 44 45 46 48 50 52 54 57 58 59 61 63 64 70 71 72 74 75 77 82 84 86 88 89 92 93 97 98 99
31 23 27 29 32 35 37 38 39 42 45 46 48 49 55 63 64 66 73 75 76 78 79 80 82 84 87 88 92 93 96 99
45 23 31 32 38 39 41 42 43 44 47 48 49 51 53 57 59 60 62 64 65 66 67 68 69 70 74 75 76 77 78 79 80 81 82 83 84 85 90 91 92 94 96 97 98 99
55 23 24 25 26 27 28 29 31 32 37 38 39 40 41 42 43 44 45 48 49 50 53 54 55 56 58 59 60 62 64 65 66 67 68 70 71 72 73 74 75 76 79 80 82 84 85 88 90 92 93 94 95 96 97 99
51 23 24 25 28 29 30 35 36 38 42 43 44 45 47 48 49 50 51 52 53 55 57 58 59 62 63 66 67 68 69 70 71 72 73 74 75 76 77 79 80 82 85 88 89 91 92 93 94 95 96 97
34 28 31 33 35 37 38 40 41 45 46 47 48 49 52 56 57 58 61 62 67 68 69 72 74 75 81 82 85 92 93 95 97 98 99
53 23 24 26 27 28 29 31 33 35 36 37 38 39 40 41 42 43 44 45 46 47 48 49 50 52 53 54 55 56 58 63 67 68 69 70 73 74 75 76 77 78 80 82 84 85 86 88 89 91 92 95 97 98
32 25 27 28 31 34 48 49 51 54 55 56 57 60 62 63 64 65 71 73 75 77 79 82 84 85 87 88 90 92 93 94 96
61 23 26 27 28 29 30 31 32 33 35 36 37 39 40 41 42 44 45 47 49 50 52 53 54 55 58 59 60 61 62 63 64 65 66 68 69 71 72 73 74 75 76 77 78 79 81 82 83 84 85 86 87 88 89 90 91 92 93 94 96 99
59 24 25 26 27 30 31 32 33 34 35 37 38 39 40 41 42 43 44 46 50 52 54 56 57 58 59 60 61 62 63 64 65 66 67 68 70 71 72 73 74 75 76 77 79 80 81 82 84 85 87 88 89 90 91 92 93 95 96 98
42 23 24 26 28 29 30 32 34 36 37 38 39 41 42 43 44 45 47 48 50 52 54 56 60 61 62 63 64 68 73 75 76 77 79 82 85 88 89 93 94 96 99
56 23 25 26 27 29 30 33 35 36 37 38 39 41 43 44 45 46 47 48 50 51 52 53 55 56 57 58 59 60 61 62 63 67 68 69 72 73 74 75 76 77 82 83 84 85 86 87 88 89 90 92 93 94 95 96 98
52 23 27 28 29 30 31 32 34 36 38 41 44 45 46 48 49 50 51 53 54 57 59 60 61 62 63 64 66 67 68 69 70 71 72 77 78 79 80 81 82 84 86 87 88 89 90 91 92 94 95 96 97
44 23 24 26 27 29 30 31 32 35 40 42 44 45 46 48 51 52 55 57 58 59 62 63 64 66 67 68 69 74 78 80 82 83 84 86 88 89 90 91 93 94 96 97 98
47 23 24 25 26 27 28 29 31 33 35 36 37 39 40 41 43 45 46 48 49 50 52 54 55 61 63 65 69 70 71 72 73 75 76 78 79 82 85 87 89 90 91 92 93 95 96 97
55 23 25 26 27 28 29 31 34 35 37 39 40 41 43 44 45 47 48 49 50 51 52 53 55 56 58 60 62 64 66 67 68 69 70 71 72 73 74 75 76 78 81 82 83 84 85 86 88 89 90 91 92 96 97 99
46 23 24 25 26 29 31 32 33 37 38 42 44 45 47 50 52 53 56 57 58 60 61 62 63 65 66 70 71 75 77 80 81 83 84 85 87 89 90 92 93 94 95 96 97 98 99
52 25 27 28 29 30 32 33 35 36 38 39 41 43 44 45 47 48 50 51 52 54 55 56 57 58 59 60 62 64 65 67 68 69 70 71 73 74 76 78 79 80 81 83 84 87 89 91 94 96 97 98 99
6 104 110 111 113 117 124
6 102 107 109 112 116 124
7 103 107 111 122 123 124 127
21 100 101 102 103 105 106 107 108 109 110 113 115 117 118 119 120 122 124 125 126 127
4 101 102 112 115
6 100 101 102 107 109 115
17 101 103 105 109 110 112 113 115 116 118 119 120 122 124 125 126 127
5 102 111 112 116 119
10 100 101 104 108 112 113 114 118 120 121
5 101 102 118 123 127
13 100 106 108 109 110 112 113 115 116 118 119 120 127
8 101 102 111 113 117 122 123 126
8 100 103 104 110 114 118 124 126
10 103 104 105 108 109 114 119 122 123 124
6 103 105 109 114 118 125
15 100 103 104 105 106 107 109 110 112 117 118 119 122 124 125
21 100 101 103 105 106 107 108 109 110 111 113 114 115 117 118 119 120 121 123 126 127
4 103 104 112 127
11 108 109 111 112 113 114 115 119 121 124 127
5 104 106 110 116 118
6 102 105 106 114 116 121
11 100 106 108 110 111 113 118 119 120 123 125
20 101 102 103 105 106 108 109 110 112 114 115 116 117 118 119 120 122 123 125 126
9 100 107 115 117 119 120 124 125 127
11 102 105 106 109 110 115 116 117 119 125 126
6 105 108 111 112 116 118
7 101 105 110 112 113 114 116
21 100 103 104 105 106 108 109 110 111 112 113 114 115 116 118 119 121 122 123 124 125
2 116 118
9 101 102 103 110 111 116 121 122 126
12 102 103 104 106 108 109 111 118 121 122 123 126
6 104 108 112 118 125 127
4 101 102 106 116
8 100 104 107 111 113 121 124 127
11 103 104 107 108 109 110 114 118 119 120 122
13 101 102 108 111 113 114 115 116 120 121 123 126 127
4 103 107 119 123
8 100 108 110 111 117 122 125 126
10 101 104 109 112 113 115 118 120 124 127
11 100 107 108 109 112 114 115 120 123 124 127
9 100 101 106 108 110 115 120 126 127
7 100 109 114 116 121 122 125
7 101 103 104 115 117 122 127
4 105 114 121 126
10 100 101 102 105 109 113 119 120 122 124
4 108 115 125 126
7 106 110 113 117 121 122 126
10 103 108 111 112 115 117 119 120 121 127
8 104 107 113 117 121 122 123 124
7 100 102 103 111 113 121 122
9 103 107 111 112 114 117 121 123 127
9 103 104 114 119 120 123 124 125 127
13 104 105 106 107 109 112 115 118 120 123 124 125 127
13 100 105 111 112 113 115 117 121 123 124 125 126 127
12 100 106 107 110 111 113 117 120 121 125 126 127
7 104 111 112 114 116 121 123
12 100 101 102 104 105 110 113 116 122 124 125 126
7 101 102 107 117 120 126 127
11 101 105 106 107 108 116 117 119 120 123 125
13 101 103 107 109 112 114 115 116 117 120 122 124 125
17 100 101 102 103 104 105 106 107 110 116 117 118 120 122 123 125 126
5 102 103 110 117 124
7 102 104 112 116 122 124 125
8 101 108 110 114 116 117 119 126
6 106 107 109 114 118 123
8 104 105 106 113 117 118 119 125
15 101 102 103 104 105 107 111 114 117 121 122 123 124 125 126
9 100 102 104 106 107 108 111 114 123
16 100 105 106 107 108 109 110 114 115 116 118 119 120 121 124 125
15 100 102 104 105 106 108 110 111 113 118 119 121 123 126 127
10 103 105 106 107 108 112 115 119 120 126
13 101 105 106 107 109 111 115 116 119 120 121 123 126
2 117 121
4 100 113 114 122
9 102 109 111 112 113 115 121 122 127
6 100 107 119 124 125 127
1 121
14 100 105 106 107 108 109 110 114 115 116 118 121 124 125
7 109 111 112 115 119 121 127
4 107 114 117 121
8 100 101 106 108 115 120 126 127
2 103 123
9 100 102 106 107 110 116 117 120 122
4 106 108 111 123
9 100 107 108 109 112 114 120 123 127
6 102 115 116 117 125 126
6 110 111 113 120 123 125
9 100 108 110 111 113 118 119 123 125
4 105 110 112 116
14 100 104 108 109 110 113 115 116 118 119 122 123 124 125
6 110 111 117 122 125 126
16 100 103 104 105 106 110 111 112 113 114 116 118 119 121 122 124
10 103 105 110 112 114 115 116 123 124 125
8 105 109 110 114 115 116 120 125
6 101 102 107 120 126 127
5 103 104 108 114 122
4 102 105 106 116
10 102 103 104 108 109 111 118 121 122 126
1 116
2 121 126
3 104 106 116
7 100 107 115 117 119 125 127
8 100 102 108 113 118 121 126 127
17 100 101 105 106 107 108 109 110 111 113 115 118 119 120 121 126 127
6 107 109 114 115 123 124
4 103 109 118 125
1 121
7 107 109 112 114 122 124 125
4 101 102 118 123
7 111 112 113 114 115 121 124
5 100 114 121 122 125
4 108 122 125 126
9 104 105 107 109 118 120 124 125 127
7 100 106 108 110 120 126 127
2 103 107
3 101 102 123
10 100 106 107 108 115 116 118 119 124 125
10 105 110 113 119 120 122 124 125 126 127
7 103 108 111 112 117 119 121
4 100 103 111 113
6 104 107 109 114 118 122
3 110 111 117
4 100 102 111 121
4 100 107 121 127
15 100 103 104 105 106 108 110 111 112 113 115 119 121 123 125
7 101 103 112 114 122 124 125
7 103 114 120 123 124 125 127
2 105 126
7 100 101 113 119 120 122 124
8 103 111 112 115 119 120 121 127
4 102 109 116 124
11 100 105 111 112 113 117 121 123 124 125 127
4 100 101 108 127
3 113 114 122
11 100 103 104 106 107 109 110 117 118 119 125
6 104 106 108 118 123 126
5 101 106 116 119 123
6 100 107 109 112 115 127
3 100 114 122
4 103 115 117 127
9 109 112 114 115 116 117 120 122 125
6 100 107 115 117 120 125
6 104 107 117 121 122 123
5 102 112 116 122 125
10 100 101 102 104 105 110 113 116 122 124
7 104 107 108 109 118 119 122
3 103 118 125
7 101 102 108 116 120 121 123
14 102 105 106 107 108 109 110 113 115 118 119 120 124 125
7 102 104 110 113 116 122 126
4 101 108 117 126
11 100 105 108 114 116 118 119 120 121 124 125
1 121
1 116
2 105 126
5 100 109 114 116 121
4 102 103 117 124
6 106 110 111 117 121 126
4 101 115 117 122
4 100 102 111 113
3 102 107 115
7 106 108 110 111 113 123 125
5 109 114 116 122 125
3 110 116 118
4 102 111 112 116
2 101 115
5 102 109 112 116 124
7 101 102 111 113 114 115 123
4 105 108 111 118
9 100 111 112 113 117 121 125 126 127
3 101 102 127
3 104 112 127
4 107 114 118 123
5 101 102 113 117 122
5 107 111 123 124 127
3 102 103 117
16 100 101 102 105 107 108 109 113 117 118 119 120 122 124 125 127
14 101 103 105 109 110 112 113 115 118 119 122 124 126 127
10 100 106 109 110 112 113 115 116 119 120
13 101 105 106 107 108 109 110 117 118 119 122 126 127
3 105 114 126
10 102 103 104 107 110 116 118 120 122 123
6 104 107 113 117 123 124
7 100 101 106 108 110 120 127
4 111 116 121 123
13 101 102 103 104 107 111 114 117 121 122 123 125 126
8 104 106 108 110 113 118 121 127
9 103 104 106 110 112 117 118 122 125
4 101 102 109 115
3 107 120 127
9 101 102 108 113 115 116 120 123 127
3 107 119 123
7 103 104 114 120 124 125 127
8 100 106 110 111 118 120 123 125
10 103 107 109 112 115 116 117 120 122 125
5 101 105 112 114 116
1 121
4 107 111 124 127
2 114 121
12 100 101 103 104 105 107 110 116 117 122 123 126
5 102 103 111 121 122
8 103 105 109 110 115 119 122 126
4 107 117 121 122
3 100 113 114
8 105 106 109 110 115 116 117 125
7 109 114 115 120 123 124 127
3 102 111 112
3 102 120 127
3 101 102 123
3 101 112 115
8 105 106 109 110 115 116 119 125
1 121
5 103 105 106 120 126
1 116
5 100 102 111 114 123
6 108 110 114 116 117 126
5 100 106 108 120 127
3 102 122 125
3 102 106 116
12 100 101 102 104 105 106 107 110 117 120 122 125
4 102 112 116 119
2 104 127
6 109 112 115 121 122 127
3 103 107 123
5 102 105 114 116 121
16 100 102 103 104 107 113 114 115 116 117 118 119 122 124 125 127
12 100 102 107 108 111 112 114 115 119 123 125 127
11 100 103 105 106 107 110 114 115 116 119 127
9 100 102 107 111 113 117 120 125 127
12 100 104 105 107 111 114 116 118 122 123 125 127
18 100 101 103 105 107 108 110 113 114 115 116 117 118 119 121 123 124 125
11 101 102 105 108 110 113 114 119 120 125 127
10 102 103 107 110 112 114 117 124 125 126
10 100 101 104 105 107 108 113 116 120 123
17 101 102 104 106 107 108 110 112 115 116 117 118 121 122 125 126 127
16 101 102 103 104 106 108 110 112 113 115 116 117 121 122 124 126
10 102 106 109 113 118 120 121 122 123 127
8 105 108 116 117 118 121 124 127
16 102 103 104 106 107 111 112 114 115 116 118 119 120 121 124 126
17 100 102 105 106 107 108 109 112 114 116 117 118 119 120 123 124 125
10 100 103 104 106 108 109 112 118 122 126
13 101 103 105 107 109 111 114 115 116 117 119 126 127
10 102 103 110 111 113 115 116 117 120 127
14 100 101 105 107 111 114 115 117 118 120 121 122 126 127
9 102 103 104 108 113 116 119 120 124
10 101 102 111 114 116 118 119 122 124 127
14 100 101 103 105 107 109 110 113 114 115 118 122 123 126
17 101 103 104 105 110 112 113 114 115 116 117 119 120 122 124 125 127
16 101 104 106 107 108 111 112 113 114 115 116 117 121 122 123 127
14 101 102 106 109 110 111 114 115 118 119 120 121 123 124
15 102 103 105 108 109 110 111 115 118 119 120 121 122 124 126
16 100 103 104 105 107 109 110 111 112 114 115 116 117 122 123 127
19 100 101 103 104 105 106 107 108 109 110 113 116 118 120 121 122 123 124 127
16 100 101 103 104 105 107 108 110 114 115 117 119 121 122 123 125
13 101 102 108 109 112 113 114 117 119 120 121 122 125
11 101 103 105 108 111 112 113 114 117 125 127
13 103 104 108 109 110 114 116 120 121 124 125 126 127
10 101 103 107 110 112 116 117 119 120 126
13 100 104 105 106 108 109 111 113 115 116 122 124 125
15 100 101 102 103 105 108 109 111 112 114 115 119 120 123 124
18 100 101 102 103 105 106 108 110 112 114 115 117 118 122 123 125 126 127
12 101 103 106 108 111 114 119 120 121 122 124 126
17 101 102 104 105 106 107 108 110 112 114 116 118 120 121 123 124 125
12 103 104 106 111 112 118 120 121 123 124 125 127
14 102 103 105 107 108 110 115 117 118 121 122 123 125 126
14 101 103 104 106 109 110 111 112 113 117 118 120 122 127
14 101 106 107 109 110 111 113 117 119 122 124 125 126 127
12 100 101 103 105 106 107 108 112 114 115 125 126
17 100 101 103 104 106 107 108 110 112 114 115 116 118 122 125 126 127
10 104 107 108 110 111 113 117 121 123 124
11 103 108 110 112 114 115 118 122 123 124 126
17 100 101 102 104 105 106 107 108 113 115 116 117 118 119 120 123 127
15 100 101 103 104 105 107 109 110 115 116 119 121 122 124 127
15 102 105 107 108 109 112 113 114 119 120 121 123 124 125 127
18 100 102 103 104 105 106 110 111 112 115 117 118 120 122 123 124 126 127
17 101 103 104 105 106 107 108 110 111 115 116 117 119 121 122 126 127
18 100 101 102 103 107 108 110 111 113 114 115 116 118 121 122 123 124 125
9 101 105 108 109 113 118 120 121 123
15 100 101 102 105 106 110 111 114 117 119 120 122 124 126 127
11 102 104 105 111 115 117 119 120 121 126 127
16 101 103 104 107 108 109 111 114 117 118 119 120 121 122 123 126
9 102 103 107 108 110 113 114 120 125
10 102 109 110 111 114 115 116 120 123 124
10 102 104 107 108 110 112 115 117 120 123
14 102 103 104 114 115 118 119 120 121 122 124 125 126 127
15 101 102 105 107 110 111 112 114 115 116 119 120 125 126 127
8 102 103 104 107 110 112 113 120
14 100 103 104 106 110 111 113 117 119 120 121 122 123 127
17 100 103 104 105 111 113 114 115 116 117 118 119 120 122 123 124 127
14 100 103 106 108 109 111 113 114 118 119 122 123 124 126
15 100 101 102 103 104 105 109 110 112 114 115 117 122 126 127
11 101 104 105 116 117 118 119 120 123 124 125
10 100 104 106 107 110 112 120 121 122 127
13 103 104 105 106 108 109 116 118 119 122 123 125 127
19 100 101 102 104 105 106 107 108 109 110 113 114 115 116 119 120 121 122 123
19 100 103 104 106 107 108 110 111 112 114 116 117 120 121 122 123 125 126 127
13 101 106 109 112 114 115 116 119 120 121 122 123 124
17 100 101 102 103 104 106 107 109 112 116 117 119 120 123 125 126 127
19 102 103 105 108 109 110 111 112 113 114 115 116 118 120 121 122 123 126 127
15 100 102 105 106 108 110 112 113 118 119 121 123 125 126 127
14 100 101 103 106 107 108 110 111 114 117 118 119 123 126
10 100 104 109 111 113 116 120 121 122 126
12 102 105 106 107 108 111 116 121 122 123 124 126
14 103 106 109 111 113 114 115 118 119 121 122 123 125 127
15 101 106 109 110 111 112 114 115 116 117 118 119 120 125 127
17 101 102 103 105 106 107 111 112 113 114 117 118 122 123 124 125 126
13 101 102 105 106 108 112 115 117 119 121 122 126 127
16 104 105 107 108 109 111 112 114 115 118 121 123 124 125 126 127
14 100 104 106 107 111 112 113 115 117 122 123 124 125 127
14 100 106 107 109 112 114 115 116 117 121 122 124 126 127
11 104 105 106 114 115 118 120 122 123 124 125
15 100 101 102 105 108 112 113 114 119 120 121 122 123 124 126
9 100 101 102 103 109 111 113 117 120
17 101 102 103 105 106 107 108 109 110 113 114 116 123 124 125 126 127
13 101 103 104 105 110 112 115 116 119 120 121 123 126
18 100 102 103 104 106 108 109 110 111 112 116 117 118 120 123 124 126 127
11 101 106 107 112 114 115 116 119 125 126 127
10 100 103 104 106 110 111 113 121 125 126
9 100 101 114 117 118 119 120 122 124
16 101 103 104 105 108 110 111 113 114 118 120 121 122 123 126 127
10 100 102 106 108 111 112 117 121 125 127
10 100 101 103 109 113 114 116 119 124 127
14 100 101 105 109 110 112 113 117 118 122 123 124 126 127
16 101 103 105 106 107 109 110 111 113 115 117 118 121 122 123 126
11 100 101 102 103 104 108 113 118 122 123 125
9 102 104 106 108 110 115 117 124 125
15 102 103 109 110 114 115 116 117 118 119 122 123 124 125 126
17 100 101 104 105 106 107 108 110 111 114 115 118 121 122 123 125 127
11 102 105 106 115 117 118 120 121 122 125 126
18 100 101 104 105 106 107 108 109 112 113 116 117 119 120 121 123 124 127
11 102 104 108 109 110 112 113 114 117 121 125
13 105 106 107 108 110 112 114 116 119 120 123 124 127
17 101 102 103 104 105 106 108 109 113 115 116 117 118 119 124 125 127
14 100 101 103 104 105 108 109 111 112 113 114 123 125 127
10 104 106 108 111 112 113 115 119 123 124
10 101 102 105 106 114 115 116 118 126 127
11 100 102 103 106 107 108 111 112 115 117 122
9 102 107 109 115 117 119 120 125 126
16 100 101 102 103 105 107 108 109 111 118 120 122 124 125 126 127
15 103 104 105 109 110 112 114 115 116 118 119 120 124 125 127
8 101 110 111 114 118 123 124 125
9 106 107 108 110 113 114 115 118 127
8 100 102 111 121 122 123 124 125
16 100 102 103 105 106 107 109 110 112 114 117 118 120 121 124 126
18 102 104 105 107 108 110 111 113 115 116 118 120 122 123 124 125 126 127
9 100 104 105 106 110 113 114 116 124
14 102 104 105 108 110 112 115 116 119 121 122 123 125 126
14 106 107 108 109 111 112 113 114 115 117 120 124 126 127
12 106 107 108 109 110 112 113 115 117 118 120 122
14 102 103 104 109 113 115 116 118 119 120 122 123 124 125
11 104 105 106 109 110 113 115 116 123 125 127
9 101 102 107 109 110 113 116 117 119
18 101 102 103 105 106 109 111 112 114 117 118 119 121 122 123 124 125 126
10 100 102 104 105 110 116 120 122 124 126
12 101 105 108 109 110 111 112 113 115 116 117 124
9 107 110 111 115 116 118 119 124 127
11 100 102 103 107 109 113 119 120 121 126 127
11 100 103 104 108 110 115 118 119 120 123 127
10 101 105 106 107 114 116 118 119 122 127
17 100 102 103 104 107 108 111 112 114 115 117 119 120 121 123 125 127
10 100 104 108 109 114 118 120 121 125 126
12 100 102 103 105 106 108 109 111 113 115 121 123
16 100 101 104 105 107 108 109 110 113 115 121 122 123 125 126 127
13 103 107 108 109 110 111 112 113 115 117 121 124 126
15 103 104 105 106 109 110 111 112 114 116 119 120 121 123 127
10 102 104 107 108 111 114 119 121 122 124
15 100 103 105 108 109 110 113 114 116 117 119 122 123 125 126
16 100 101 102 103 105 110 111 112 113 115 116 117 119 121 122 123
11 103 106 107 108 112 113 116 117 118 120 123
13 100 101 102 103 104 106 111 112 118 121 122 123 126
18 101 102 103 105 107 108 111 112 115 116 117 118 120 121 122 123 124 127
17 102 103 104 106 108 110 111 112 113 114 115 116 117 118 119 120 125
14 101 102 104 105 107 111 112 113 115 116 119 123 124 126
15 101 102 103 104 108 109 110 111 113 116 118 123 124 126 127
8 109 110 111 113 118 120 121 124
30 129 130 132 133 135 138 139 141 142 143 145 147 149 150 151 153 158 159 161 173 175 177 178 181 182 187 188 189 191 193
29 131 135 136 141 149 153 154 155 156 158 159 160 164 165 167 168 170 173 174 175 179 181 182 183 185 186 188 189 190
19 130 132 134 138 143 148 150 154 155 156 158 159 162 172 177 178 180 189 190
41 128 129 131 132 134 136 137 138 140 144 146 147 148 153 156 157 158 159 160 161 162 164 165 166 167 168 169 170 172 174 175 176 177 178 181 183 186 187 188 190 192
22 130 132 138 139 140 143 146 147 149 151 154 155 161 164 169 171 174 177 181 182 187 189
24 128 130 131 133 135 141 142 143 151 153 154 155 156 157 162 167 171 173 177 181 184 188 190 193
5 130 136 145 167 168
14 133 142 146 151 160 164 167 170 176 177 178 179 181 185
15 129 131 136 141 147 151 155 158 160 167 168 170 179 185 187
15 133 152 153 157 160 162 166 170 174 175 179 184 185 190 191
33 132 137 139 140 142 143 144 146 147 148 150 151 154 156 157 163 165 166 167 168 169 171 173 174 176 177 178 180 181 186 187 190 192
26 130 136 139 143 144 145 147 148 149 151 153 155 156 159 162 167 168 170 174 176 177 185 186 189 191 193
54 128 131 132 133 134 137 138 139 140 142 143 144 145 146 147 148 149 150 151 152 153 154 155 156 158 159 160 162 163 164 165 167 169 170 172 173 174 175 176 177 178 179 180 181 182 183 184 186 187 188 189 190 191 193
14 134 136 138 147 149 150 152 159 168 174 176 178 179 185
37 128 129 130 132 133 134 137 138 139 140 142 143 144 145 146 147 148 150 151 152 157 161 162 163 166 169 171 172 176 177 178 180 184 187 191 192 193
15 129 131 137 140 142 146 150 152 160 163 164 175 181 184 188
16 131 134 135 146 153 157 165 166 167 170 174 176 179 183 185 190
16 131 141 145 149 154 158 160 166 170 176 178 180 183 186 188 193
26 128 129 132 133 134 139 142 147 151 152 153 154 157 162 166 170 171 172 175 176 180 181 185 186 189 190
19 128 130 132 134 139 143 144 146 148 156 163 165 167 168 175 189 190 191 192
7 150 158 159 163 175 176 183
21 128 130 132 138 143 147 150 151 156 158 160 161 163 164 172 178 180 184 188 189 192
22 128 131 132 138 140 143 147 148 149 152 155 162 165 166 174 178 181 182 183 185 188 189
27 128 129 130 131 132 134 136 138 139 142 145 146 147 154 159 162 164 165 170 172 173 174 177 179 185 186 188
28 129 132 137 139 140 144 145 146 148 158 160 161 163 164 165 166 169 170 172 175 180 182 183 186 187 189 191 192
16 129 137 144 149 155 156 165 168 169 171 173 174 183 184 186 188
10 140 146 154 155 156 165 167 176 180 185
12 129 130 135 136 141 157 161 166 168 171 185 192
19 133 137 143 144 148 149 150 156 157 158 161 169 175 181 184 187 190 192 193
17 128 133 136 143 150 151 152 153 156 158 160 164 177 178 184 185 189
22 130 134 135 137 138 145 147 148 149 154 155 157 159 168 171 172 175 176 188 191 192 193
18 132 137 142 144 146 147 154 158 159 161 162 164 171 174 175 180 185 188
13 135 136 138 140 150 153 159 164 169 171 173 181 187
14 128 140 143 145 146 154 163 171 172 175 181 183 191 192
11 129 136 137 142 149 152 154 173 182 187 191
33 130 132 134 135 137 138 140 141 143 144 145 146 147 148 150 151 155 158 159 161 164 165 173 176 177 178 181 182 186 187 188 192 193
14 131 134 136 137 157 162 164 168 169 172 184 186 190 192
17 130 136 143 146 148 150 158 163 165 168 177 182 183 184 187 188 192
26 131 133 134 138 141 143 145 150 154 155 157 159 160 161 163 170 173 174 183 185 186 187 189 190 191 192
18 128 129 135 138 146 148 149 153 158 161 162 165 176 180 183 186 188 191
17 139 140 141 149 153 160 164 165 168 170 171 175 176 181 187 191 193
15 128 129 130 131 132 138 143 145 156 161 169 173 183 187 191
14 129 139 142 146 162 166 167 169 173 174 180 181 182 183
13 131 132 140 141 144 161 163 165 170 179 186 187 190
15 130 133 148 149 151 153 158 163 173 175 176 177 181 183 188
18 129 133 137 142 147 151 152 155 157 161 162 172 174 177 179 182 184 185
21 131 141 142 143 145 147 150 152 157 160 161 162 164 167 168 169 172 174 184 186 192
11 133 136 139 145 153 166 169 181 182 189 192
23 132 137 138 139 144 148 150 152 156 159 161 162 164 169 173 176 177 178 182 184 186 188 189
14 130 133 134 135 142 149 153 157 165 166 174 180 190 193
17 129 130 141 145 149 150 156 158 162 168 169 171 177 181 183 188 191
21 131 132 134 135 136 138 139 141 143 147 150 157 158 159 163 182 187 189 190 192 193
20 131 134 141 145 148 152 153 156 157 160 166 167 172 178 179 184 185 186 190 192
20 135 140 141 151 152 153 155 160 163 166 167 168 171 176 178 180 182 183 189 191
19 128 129 130 140 142 146 147 148 149 152 153 156 162 166 168 172 175 180 182
44 128 129 131 132 133 136 138 139 140 141 142 143 145 147 148 149 150 153 154 155 156 157 158 161 162 164 165 167 168 169 170 172 173 176 177 179 182 185 186 187 189 190 192 193
7 135 137 140 156 160 169 179
16 131 138 141 144 145 149 155 159 161 164 167 173 174 178 191 193
21 132 135 136 137 139 144 151 158 164 165 167 169 171 176 177 178 179 181 184 188 193
12 128 144 148 152 160 163 166 170 171 174 179 183
23 130 131 134 140 141 143 151 152 156 157 160 163 167 168 172 173 177 178 179 183 184 187 193
15 128 130 140 145 148 152 153 154 161 162 166 172 175 180 191
18 133 139 140 141 144 145 148 155 159 162 168 169 171 175 177 181 186 193
22 130 134 135 137 144 146 151 152 159 160 163 166 171 174 175 178 180 181 183 184 188 191
30 133 137 139 141 146 150 151 153 154 157 158 159 160 162 163 164 166 168 170 172 174 175 178 179 181 182 188 189 192 193
18 133 136 137 144 145 146 147 157 163 166 169 173 174 179 182 183 185 188
21 134 135 137 139 141 144 146 150 153 159 163 164 169 172 173 176 177 179 190 191 193
14 128 129 135 138 148 149 150 155 165 170 176 186 190 191
18 130 137 139 141 142 150 157 159 160 166 170 171 172 175 178 181 190 193
25 128 132 133 134 135 138 141 154 157 158 161 165 166 169 171 172 173 178 179 180 182 183 187 190 192
25 128 131 134 135 136 137 138 142 144 148 151 152 154 155 157 159 160 164 165 170 176 178 180 189 193
15 128 132 135 137 144 154 155 165 179 180 182 185 187 189 191
25 130 133 135 139 141 142 143 145 149 150 151 152 154 155 163 171 173 179 180 182 184 185 189 191 193
24 132 133 139 140 143 146 147 153 161 163 166 167 172 173 174 175 179 182 184 185 186 187 190 192
33 128 129 130 131 133 134 135 136 138 141 145 149 152 153 155 158 159 160 161 162 164 170 172 175 179 182 183 184 185 188 189 191 193
15 129 134 136 138 139 140 146 156 159 166 170 171 178 190 193
12 128 129 131 135 142 151 152 161 167 184 186 192
18 129 133 142 151 154 156 157 158 160 161 170 171 175 180 184 186 187 192
17 128 129 133 135 136 137 142 144 162 165 168 170 173 180 188 191 193
21 134 135 136 140 142 144 147 148 149 152 155 165 167 171 176 177 180 184 185 186 190
18 128 129 131 136 139 142 149 154 156 163 167 168 169 171 172 180 183 189
30 131 132 133 134 136 140 143 144 145 147 151 152 154 155 156 163 164 167 168 169 173 174 177 179 182 184 185 187 189 192
17 128 131 141 142 151 153 154 155 156 157 162 171 177 181 184 188 190
9 129 130 140 147 148 149 152 175 182
24 129 132 137 140 144 145 146 148 158 160 163 164 165 166 169 170 172 175 180 182 187 189 191 192
27 129 130 131 134 135 136 138 145 149 152 153 155 158 160 161 162 164 172 175 182 183 184 185 188 189 191 193
29 128 129 130 133 134 137 140 143 144 145 146 148 150 151 152 157 161 162 166 169 171 172 176 178 180 184 187 192 193
13 137 142 144 146 147 154 161 164 174 175 180 185 188
33 128 129 131 132 134 136 140 144 146 147 148 153 156 157 159 160 162 165 166 168 169 172 174 175 176 177 181 183 186 187 188 190 192
17 128 130 132 138 143 147 151 156 158 163 164 172 178 180 188 189 192
18 132 133 134 143 144 147 154 155 156 163 168 169 179 182 184 187 189 192
12 128 135 137 154 155 165 179 180 182 185 189 191
10 128 130 131 132 138 143 161 173 187 191
9 128 140 147 148 149 153 162 168 172
9 136 138 140 150 159 164 169 173 181
3 137 140 160
8 130 133 149 157 165 166 190 193
11 129 137 144 149 156 168 171 173 174 186 188
14 128 140 143 147 148 162 165 166 174 178 181 183 188 189
13 132 137 142 144 146 159 162 164 171 174 175 185 188
14 140 141 144 148 155 159 162 168 169 171 175 181 186 193
9 140 141 144 148 155 162 169 171 181
9 128 131 135 142 151 167 184 186 192
17 132 140 143 144 145 151 152 154 156 167 169 173 174 177 184 187 189
7 133 142 151 167 170 177 181
16 133 139 143 146 163 166 167 172 173 175 179 182 185 186 190 192
10 128 129 149 156 167 168 169 172 183 189
13 131 132 134 135 138 147 150 157 158 159 189 190 193
9 134 136 147 152 159 168 174 176 179
10 140 160 164 165 170 171 175 187 191 193
11 131 143 145 147 152 161 162 164 167 169 186
12 128 129 130 147 148 149 152 156 162 168 175 182
9 142 151 156 158 160 161 175 186 192
20 129 132 133 134 139 142 147 151 154 157 162 166 170 171 172 176 180 181 185 190
12 131 146 153 165 166 167 170 174 176 179 185 190
11 137 142 147 151 155 162 174 177 182 184 185
16 128 129 130 140 142 147 148 152 153 156 162 166 168 172 175 182
14 131 134 135 146 153 165 166 167 174 176 179 183 185 190
14 128 134 138 141 154 157 161 165 169 172 173 182 187 190
33 128 129 132 134 140 144 146 147 148 153 156 157 158 159 160 161 164 165 166 167 168 169 170 174 175 177 178 181 183 186 187 188 192
32 128 129 132 133 137 138 139 140 142 143 144 145 146 147 148 151 152 157 162 163 166 169 171 172 176 177 178 180 187 191 192 193
19 131 133 141 145 150 154 155 159 160 161 173 174 183 186 187 189 190 191 192
11 129 131 141 147 155 158 167 168 179 185 187
11 128 130 152 153 154 161 162 172 175 180 191
3 130 136 145
20 132 138 144 148 150 152 159 161 162 164 169 173 176 177 178 182 184 186 188 189
13 130 136 143 146 148 150 158 163 182 183 184 188 192
9 129 133 135 136 142 162 168 173 188
18 132 140 143 146 147 153 161 166 167 175 179 182 184 185 186 187 190 192
11 128 129 136 156 163 167 169 171 172 180 189
5 133 139 153 166 169
31 131 132 137 139 140 142 143 145 147 149 150 151 155 156 160 163 164 165 174 175 177 178 179 181 182 183 187 188 190 191 193
17 132 139 143 146 147 148 150 151 154 165 166 173 177 178 180 186 192
10 136 138 147 149 150 159 174 176 178 185
13 128 130 140 145 148 152 153 154 161 162 166 175 180
13 132 137 138 139 144 150 152 164 173 177 186 188 189
14 129 133 137 142 147 151 152 155 157 174 177 179 184 185
9 129 136 137 162 165 168 180 188 191
9 133 149 161 169 175 181 190 192 193
12 133 143 150 151 153 156 160 164 177 178 185 189
15 134 135 136 140 147 148 149 155 165 167 171 176 184 185 190
14 132 139 140 146 153 161 163 172 173 179 185 186 187 190
11 133 137 142 147 152 161 162 174 179 182 184
16 130 132 138 143 150 156 158 160 161 163 164 172 178 180 188 189
9 129 137 142 152 154 173 182 187 191
7 133 139 166 169 181 189 192
9 130 134 142 149 165 166 174 180 190
22 130 133 135 138 139 141 143 145 147 149 151 153 158 159 161 173 177 178 181 182 188 189
8 133 135 142 153 157 166 174 193
18 130 133 135 139 143 145 150 151 152 154 155 163 171 173 180 182 189 191
18 137 144 146 151 152 159 160 163 166 171 174 175 178 180 181 183 184 188
8 129 145 149 156 158 162 169 188
11 131 134 153 157 167 170 174 176 179 183 190
22 131 133 134 135 136 145 152 153 155 160 161 164 170 172 175 179 182 183 185 188 189 191
31 132 134 137 138 139 140 144 145 146 147 148 150 152 153 154 155 156 160 162 163 165 167 174 178 181 182 183 184 186 188 193
8 152 153 157 160 162 170 179 184
18 130 139 143 144 148 149 151 155 156 159 162 167 168 185 186 189 191 193
17 128 134 135 136 138 142 144 148 151 155 157 159 170 178 180 189 193
22 131 132 139 140 141 145 147 148 149 150 153 154 155 156 158 162 169 173 176 182 189 193
19 131 132 133 134 136 140 143 144 145 147 151 152 154 163 168 169 173 177 189
19 129 132 138 139 141 142 143 145 149 151 158 159 177 181 187 188 189 191 193
12 134 136 142 147 148 155 171 176 177 185 186 190
10 131 132 140 141 144 165 170 179 187 190
9 133 136 153 166 169 181 182 189 192
11 131 132 140 141 144 161 163 165 170 186 187
29 129 130 132 134 137 138 139 140 143 144 145 146 147 148 150 152 157 161 163 166 169 172 176 178 180 184 191 192 193
14 132 133 135 138 161 165 166 171 172 173 178 180 183 192
8 134 136 138 139 140 146 156 190
7 135 153 159 169 171 173 181
9 133 146 160 164 167 170 177 179 181
18 130 133 135 139 141 142 143 145 147 151 161 177 181 182 187 188 189 191
11 133 142 151 160 164 167 170 177 178 181 185
12 128 146 148 149 152 153 156 162 166 172 180 182
7 131 136 147 151 160 170 185
12 132 147 161 166 172 174 179 184 186 187 190 192
15 130 137 139 142 157 159 160 166 171 172 175 178 181 190 193
22 131 133 134 138 141 143 150 154 155 157 159 161 163 170 173 174 183 185 186 190 191 192
13 133 137 144 145 157 163 166 169 173 179 183 185 188
30 128 129 130 132 133 134 137 138 139 142 143 145 146 148 150 151 152 157 162 163 166 171 172 176 177 178 184 187 192 193
8 130 145 148 153 154 162 172 175
15 129 133 137 142 147 151 152 155 161 162 172 174 179 182 185
30 128 129 132 134 138 146 147 148 157 158 160 161 162 164 165 166 167 169 170 172 174 175 176 181 183 186 187 188 190 192
10 128 129 140 142 156 162 166 168 172 180
11 134 135 137 144 163 164 176 177 190 191 193
12 132 135 137 144 154 155 165 179 180 182 185 187
9 129 134 136 139 146 159 171 178 193
25 132 137 139 140 143 144 146 148 150 151 156 157 163 165 166 167 168 171 173 177 178 180 186 187 190
12 130 134 143 148 155 158 162 177 178 180 189 190
15 128 129 135 138 146 148 149 158 161 162 165 176 180 186 191
12 132 137 142 147 154 159 162 174 175 180 185 188
16 133 137 143 148 149 156 158 161 169 175 181 184 187 190 192 193
8 142 146 151 167 170 178 179 181
12 132 136 139 144 151 158 164 165 167 176 179 188
7 135 142 149 153 157 190 193
8 135 146 153 157 165 166 170 190
16 133 137 139 146 150 151 154 160 162 163 168 170 178 179 182 193
12 133 136 144 145 147 163 166 173 179 182 183 188
10 128 144 148 152 160 163 166 171 174 183
15 133 139 140 143 147 153 161 163 167 172 173 175 179 186 187
9 129 133 154 157 158 161 170 175 186
35 128 131 133 134 140 142 143 144 147 148 149 151 152 154 155 158 159 160 162 165 167 169 170 172 173 174 177 178 180 181 182 186 187 191 193
22 131 132 133 134 136 140 143 144 151 152 156 163 164 168 173 174 177 179 184 185 187 192
21 131 133 134 141 143 145 154 155 157 159 160 161 170 173 185 186 187 189 190 191 192
9 130 141 149 156 162 171 177 181 183
13 135 136 137 144 151 158 164 167 176 177 179 188 193
7 140 146 154 155 165 167 180
38 131 132 133 138 139 140 141 142 143 145 147 148 149 150 153 154 155 156 157 161 164 165 167 168 169 170 172 173 176 177 179 182 185 186 187 190 192 193
11 131 134 135 153 157 165 166 170 176 179 183
15 131 153 155 158 159 160 167 168 174 175 181 182 183 188 190
18 128 130 131 133 135 141 143 154 155 156 157 162 167 173 181 188 190 193
14 129 142 147 151 155 157 161 162 172 174 177 179 182 184
27 128 133 136 138 139 141 143 145 147 148 150 153 154 155 158 161 162 165 170 176 179 182 185 186 187 190 193
8 128 129 138 149 155 170 186 191
30 128 129 131 134 137 138 140 144 147 153 156 157 159 160 161 162 166 167 168 172 174 175 176 177 178 181 183 186 188 190
3 130 145 168
12 133 146 151 160 164 170 176 177 178 179 181 185
9 128 140 146 154 163 171 183 191 192
16 130 134 138 143 148 150 155 158 159 162 172 177 178 180 189 190
11 129 130 142 147 148 149 156 162 166 168 172
13 128 132 134 139 143 144 148 156 165 167 175 189 190
15 129 132 133 135 145 147 149 151 158 159 161 173 175 177 182
12 128 129 131 142 149 167 168 171 172 180 183 189
9 128 131 135 142 151 152 161 167 184
12 132 137 144 147 154 158 161 162 164 180 185 188
9 130 148 150 158 163 165 177 182 184
25 128 129 131 133 136 138 141 145 149 152 153 155 158 159 161 162 164 170 172 179 184 185 189 191 193
15 129 133 151 154 157 158 160 161 170 171 180 184 186 187 192
8 142 146 170 176 178 179 181 185
30 128 129 130 132 134 139 140 143 145 146 147 152 157 158 161 163 164 165 167 174 175 179 180 181 183 184 189 190 191 193
32 129 131 133 134 135 136 139 140 141 142 144 145 151 152 153 154 155 157 162 164 166 167 168 169 172 174 177 179 181 186 190 191
28 130 134 136 139 140 141 142 149 154 155 157 158 160 161 164 167 170 171 172 176 177 180 183 184 186 187 190 192
43 128 129 131 133 135 136 138 139 140 141 142 143 144 145 146 148 149 152 153 154 155 156 157 160 162 164 165 166 167 169 170 172 173 176 177 181 182 185 187 190 191 192 193
22 128 130 131 133 140 142 149 150 154 156 166 168 169 174 175 178 180 181 185 189 190 191
33 130 132 134 137 139 140 141 143 146 147 150 152 153 154 155 156 157 161 164 166 169 170 173 175 176 177 178 183 185 186 188 189 190
29 128 129 130 131 134 137 139 142 145 146 147 148 151 152 156 158 163 165 168 171 173 179 181 182 185 186 189 190 191
26 130 131 133 134 137 140 141 144 148 150 151 152 155 157 162 166 169 170 171 177 179 181 182 186 191 192
26 129 131 132 134 136 140 145 146 147 148 149 153 159 160 162 165 168 169 176 183 186 188 189 191 192 193
31 128 135 136 137 141 142 149 151 152 154 155 157 158 161 163 165 167 169 172 175 176 177 180 182 183 184 185 189 191 192 193
42 130 132 133 135 136 137 138 140 141 142 146 149 152 154 155 156 157 158 162 164 165 167 168 170 171 172 173 174 176 177 179 180 181 182 183 184 185 186 187 189 190 193
25 129 132 133 135 138 141 142 144 150 151 153 154 155 163 165 167 169 170 173 176 178 187 188 191 192
39 129 130 132 134 135 137 138 140 142 144 145 146 148 149 150 151 153 156 158 159 160 163 166 167 169 172 173 174 179 180 182 184 185 186 187 189 191 192 193
45 128 129 131 132 133 135 136 137 140 141 143 144 145 146 147 148 149 150 151 155 156 157 159 161 163 166 167 169 170 171 173 174 175 176 178 180 181 182 184 187 188 189 190 192 193
44 128 129 130 132 133 134 135 136 139 140 141 142 143 144 145 146 147 149 151 152 153 154 157 159 163 164 165 166 167 168 169 170 172 173 174 178 181 182 184 185 187 188 189 193
31 129 131 132 133 134 135 136 137 141 143 145 150 155 158 159 163 164 165 167 168 169 170 171 172 178 179 181 183 185 186 188
42 128 130 132 133 134 135 137 138 139 140 144 145 146 147 148 149 150 151 153 155 156 158 160 162 163 164 167 169 172 174 177 180 181 182 183 184 185 186 187 190 191 193
39 129 130 131 132 135 136 139 141 143 147 148 150 151 154 158 160 162 163 164 166 168 169 170 171 173 174 175 177 178 180 181 183 184 185 186 187 188 189 191
30 128 129 133 135 136 138 144 146 149 150 153 154 157 163 164 165 168 172 173 174 175 177 178 180 181 182 184 187 189 190
45 129 131 132 134 135 137 138 139 140 141 142 143 145 146 147 148 149 150 151 153 154 155 156 157 160 161 163 164 165 166 167 168 170 173 174 175 176 179 180 181 185 186 188 192 193
41 129 132 133 134 135 136 137 138 139 140 142 144 146 148 150 152 154 158 159 162 163 165 166 170 171 172 173 174 176 177 178 180 181 182 184 187 188 190 191 192 193
33 128 129 132 135 136 137 138 139 140 146 148 152 153 155 157 158 159 160 164 167 169 170 171 179 181 182 183 186 187 189 191 192 193
38 128 130 131 132 133 134 137 139 142 144 145 146 151 153 154 156 157 159 160 161 164 166 167 169 173 174 175 179 180 181 182 183 185 188 190 191 192 193
35 128 129 131 132 134 135 137 140 143 145 148 150 152 154 158 159 162 163 166 167 169 170 171 172 173 175 179 181 183 185 186 189 190 191 192
41 129 130 131 132 133 134 136 138 139 142 145 146 147 149 150 151 153 155 156 159 160 161 162 166 169 170 171 173 174 176 177 180 181 183 184 186 188 189 191 192 193
29 128 132 133 135 136 137 139 143 145 146 150 151 152 153 154 157 158 160 163 174 178 182 183 184 185 189 191 192 193
44 128 129 130 132 133 134 136 137 138 140 141 142 143 145 146 147 149 150 153 154 155 157 159 161 162 164 165 167 168 169 170 172 174 175 178 180 181 183 185 186 189 190 191 193
31 128 130 131 134 135 136 139 140 143 144 146 149 150 155 160 162 163 167 170 171 173 176 179 180 181 183 184 185 188 191 192
20 129 130 132 134 137 140 145 148 151 153 160 161 172 173 179 181 182 183 186 192
44 129 130 131 133 137 138 142 143 145 146 148 149 151 152 153 154 155 156 161 162 164 165 166 167 168 169 170 171 172 173 175 178 179 180 181 182 184 185 187 188 189 190 191 192
37 129 130 132 133 136 140 141 143 144 146 147 149 152 153 155 158 159 162 163 164 168 169 170 172 173 174 176 177 178 181 183 185 186 189 190 191 193
30 142 146 147 148 149 150 152 155 156 159 160 163 165 167 168 169 170 171 173 174 176 177 178 181 184 185 187 188 190 191
28 133 134 136 140 143 144 145 150 152 153 154 155 158 159 161 162 166 168 169 171 173 175 181 184 185 187 189 191
23 128 133 135 137 140 141 147 151 154 158 159 162 164 165 169 171 173 174 175 177 179 180 184
29 131 133 134 137 139 147 148 150 151 152 153 154 157 158 159 165 168 172 173 175 177 178 179 185 186 188 190 191 193
42 128 131 134 135 136 137 138 139 140 141 143 145 146 147 148 150 151 152 153 156 157 158 160 161 162 164 167 168 170 173 176 177 178 180 181 184 185 188 189 190 191 192
26 128 130 131 135 136 137 141 145 146 147 148 151 154 156 164 166 170 171 174 175 177 180 184 185 188 191
36 128 131 133 136 138 139 140 144 145 146 148 150 151 152 153 154 155 157 160 161 164 166 167 168 170 171 172 173 178 179 181 183 185 187 188 193
39 128 129 130 133 135 140 142 144 146 147 148 149 150 151 152 153 154 155 156 157 159 160 161 163 164 169 171 173 174 175 176 178 182 185 188 189 190 191 193
30 129 131 135 136 137 138 142 144 145 149 150 151 152 153 154 157 158 160 161 167 168 169 172 176 182 187 189 190 191 193
36 130 131 134 141 142 143 144 145 146 148 151 155 159 161 166 169 170 171 174 175 177 178 179 180 181 182 183 185 186 187 188 189 190 191 192 193
37 128 129 131 132 133 134 136 137 139 142 143 146 147 148 149 150 153 155 159 160 161 162 166 168 170 171 173 179 180 183 185 186 187 188 189 191 193
26 137 140 142 143 145 146 147 148 150 152 158 160 162 163 168 175 176 177 178 182 185 186 187 188 190 193
26 128 130 135 136 143 146 148 152 153 154 155 157 161 163 168 172 173 177 179 180 184 185 187 188 190 193
20 130 133 140 148 149 154 157 161 167 170 172 175 177 179 180 183 185 187 188 192
23 129 132 133 136 140 143 145 146 149 160 161 162 163 168 170 171 172 176 180 181 182 185 187
28 128 129 132 133 135 138 144 150 151 154 156 157 161 162 165 166 168 169 172 174 177 178 182 183 184 187 188 189
27 128 130 131 132 133 134 136 137 140 142 143 150 151 154 155 158 160 171 174 175 176 177 179 183 187 190 192
33 128 130 131 132 133 142 143 144 146 150 151 153 154 155 157 158 161 162 164 165 167 168 173 174 178 180 182 183 185 186 187 188 190
30 131 132 133 137 144 145 146 148 151 154 155 157 159 163 167 170 172 173 175 178 179 180 181 182 184 186 187 189 192 193
45 129 131 132 134 135 136 137 139 141 142 143 144 145 146 147 148 149 150 151 153 154 157 158 159 160 163 167 168 169 170 174 176 177 178 179 180 182 183 184 185 186 189 190 191 192
33 129 130 131 133 134 135 136 139 145 147 149 152 153 155 157 163 165 166 168 171 173 174 175 176 178 179 180 182 184 185 186 188 189
21 128 132 138 141 145 146 149 151 152 159 164 165 169 170 174 175 179 181 183 185 189
45 129 130 131 133 134 135 137 141 142 143 146 147 148 149 151 153 154 155 156 158 160 161 162 163 164 165 166 167 168 169 171 173 175 176 178 179 181 182 183 184 186 187 190 191 193
24 129 132 133 134 135 136 139 141 145 148 156 157 158 164 165 167 168 169 170 171 173 174 186 191
42 130 132 133 134 135 136 138 140 141 142 144 147 148 150 151 152 153 154 156 157 158 159 161 163 164 169 172 173 177 178 179 180 181 182 183 184 187 189 190 191 192 193
28 130 131 132 134 139 140 144 146 149 150 151 152 156 157 158 161 163 165 167 168 173 175 176 178 181 184 186 193
38 128 133 134 136 137 139 143 144 145 147 148 149 150 152 153 154 155 156 157 160 161 163 164 165 168 173 174 175 176 177 179 183 185 186 187 188 189 193
28 134 135 137 138 139 140 143 144 145 147 148 149 152 153 158 159 161 163 169 170 176 179 183 184 185 186 187 190
38 128 130 132 133 134 135 137 138 139 144 147 148 149 150 151 152 153 156 157 158 159 161 162 163 164 165 168 169 171 172 175 176 177 181 182 186 187 193
29 128 132 137 139 141 142 144 145 148 150 153 154 155 157 159 160 161 165 166 172 174 176 177 180 182 184 185 191 192
41 131 133 134 139 140 141 142 144 145 146 147 149 151 152 153 154 155 157 162 163 164 166 167 168 169 171 172 177 178 180 181 182 183 185 186 187 188 189 190 191 193
39 128 131 132 134 135 137 139 141 142 143 144 147 150 153 155 157 158 159 160 162 163 165 166 168 170 171 172 174 176 178 180 181 185 186 187 188 190 192 193
31 130 131 135 136 137 139 140 143 146 148 150 152 153 156 157 160 161 163 164 166 167 171 172 174 175 182 183 185 187 190 192
33 128 129 130 131 133 134 139 140 146 149 150 151 152 153 154 155 156 157 158 161 162 163 172 173 174 175 177 180 183 189 190 191 192
21 132 136 137 140 141 143 147 151 157 158 161 163 164 165 168 170 176 182 183 187 192
37 128 130 134 135 136 140 141 143 144 145 146 147 149 156 159 160 161 162 164 165 166 167 169 172 173 175 177 178 181 184 185 186 189 190 191 192 193
45 128 130 132 133 135 136 138 140 142 143 144 146 147 148 149 150 151 153 155 156 157 158 161 162 163 164 166 168 169 170 171 172 173 174 175 176 177 180 183 184 186 188 189 192 193
36 131 133 136 137 138 141 143 144 145 149 151 152 153 154 155 156 158 161 162 163 164 167 168 170 172 174 176 178 180 182 183 184 185 191 192 193
36 130 132 133 137 138 143 144 145 147 148 149 150 151 154 155 157 161 163 164 165 166 168 169 170 171 175 177 178 179 180 182 183 185 186 188 191
45 128 129 130 132 133 134 136 137 138 139 141 142 143 144 146 147 148 149 150 151 154 156 158 159 160 162 163 164 165 167 168 170 171 174 177 179 181 182 183 185 186 187 188 189 193
24 128 129 130 132 133 134 137 142 143 145 150 156 159 172 173 176 177 179 180 182 185 188 189 191
36 128 129 131 133 134 136 137 140 142 143 145 146 150 152 155 156 158 160 163 165 168 172 173 174 177 178 180 181 182 184 185 186 187 190 192 193
22 128 139 140 141 142 143 146 150 157 158 163 166 167 169 170 171 172 177 178 180 183 185
25 128 129 131 135 136 141 144 152 155 157 159 161 163 168 169 171 173 175 182 183 184 186 191 192 193
21 128 130 133 135 140 142 144 147 149 151 153 166 170 172 175 180 182 184 187 189 193
43 128 129 130 132 134 138 139 140 141 142 145 146 147 148 150 151 152 153 154 157 158 159 160 161 162 165 166 168 169 173 175 176 178 179 181 183 184 187 188 190 191 192 193
26 128 130 133 135 136 137 138 139 145 146 148 149 153 159 160 161 164 171 175 176 178 182 184 186 189 192
45 128 129 130 131 133 135 136 138 139 140 141 142 143 145 146 148 149 153 154 155 158 159 160 161 162 163 164 165 166 167 168 169 170 171 172 178 179 182 185 187 188 190 191 192 193
45 128 129 130 132 133 134 135 136 137 138 139 140 141 142 143 145 149 150 153 154 155 156 157 159 160 161 163 164 165 166 167 169 171 172 173 174 175 176 177 180 182 184 186 189 193
20 130 131 133 138 146 147 151 156 158 161 164 166 167 172 174 177 183 187 191 192
26 128 129 130 132 134 137 144 145 149 151 152 153 154 157 159 163 165 169 171 173 176 177 179 181 185 187
32 128 130 132 134 136 137 139 140 141 142 147 150 151 154 155 157 158 159 165 167 171 172 173 175 176 182 183 185 186 187 190 193
24 128 131 133 135 137 140 144 145 148 153 154 156 163 166 167 169 175 178 179 182 183 185 186 191
43 128 129 130 132 133 136 142 144 145 146 147 148 149 150 151 152 153 154 155 157 164 165 166 169 171 172 173 174 175 176 177 178 179 181 182 184 185 186 187 188 190 191 192
41 130 132 134 136 137 138 139 141 142 144 145 147 148 149 150 152 154 155 157 159 161 162 164 165 166 168 169 171 173 175 177 178 179 180 181 182 188 189 190 191 192
27 128 129 131 142 143 144 145 149 154 155 157 160 161 164 165 166 170 174 176 178 179 180 186 189 190 191 192
32 128 129 131 133 134 140 141 144 146 149 150 151 153 157 158 159 160 162 163 164 167 169 170 171 174 177 181 182 185 187 189 190
43 128 129 131 132 133 134 135 136 137 138 139 140 141 143 146 148 149 150 151 152 156 159 162 163 164 165 166 167 168 169 170 171 173 174 177 179 180 183 186 188 189 191 193
31 129 130 131 140 141 143 144 151 152 153 157 158 159 161 162 163 164 166 167 169 173 174 177 178 180 181 183 185 187 190 192
29 128 129 130 132 136 139 144 146 147 150 152 154 156 159 163 166 167 168 169 177 178 181 183 184 187 188 191 192 193
37 128 130 131 133 145 147 149 151 152 154 155 156 157 158 159 160 161 162 165 166 168 171 174 178 179 180 181 182 183 184 185 187 188 189 190 191 193
44 128 131 132 134 135 136 137 139 140 141 144 146 147 148 149 150 151 153 154 155 156 158 160 162 163 165 168 169 170 171 172 174 175 176 178 180 181 185 186 187 188 189 190 192
26 129 130 131 134 136 138 139 144 148 149 151 156 157 159 164 166 167 170 171 174 178 179 182 187 188 193
26 129 131 132 133 135 136 137 139 140 142 146 149 150 152 154 157 158 161 163 169 173 175 179 183 187 193
40 131 132 133 134 136 137 140 143 145 146 147 149 150 151 152 153 154 155 156 158 159 160 161 162 164 166 168 169 171 175 179 180 181 182 185 186 188 190 192 193
28 128 131 133 134 135 140 142 143 146 150 155 157 158 160 163 164 166 170 172 175 178 181 183 184 185 189 191 192
38 128 130 131 132 133 134 136 138 142 143 145 148 150 152 154 158 159 160 161 162 164 165 166 167 169 171 172 173 174 178 181 183 184 185 187 188 189 192
27 129 132 133 135 137 140 143 145 146 155 157 158 159 161 162 165 168 170 171 172 175 179 181 183 186 187 188
41 128 131 132 133 134 136 138 139 141 142 143 144 145 146 148 149 150 151 152 154 155 156 157 158 160 162 163 164 166 171 172 173 179 180 181 182 183 187 188 190 192
44 130 131 132 135 136 137 138 139 141 144 145 147 148 149 150 151 152 153 154 155 156 157 159 163 164 167 168 169 172 173 175 176 179 182 183 184 185 186 187 189 190 191 192 193
30 131 135 136 140 141 144 145 147 150 151 152 155 158 164 165 170 171 172 175 176 179 180 182 183 186 187 189 190 191 193
33 128 129 131 132 135 136 137 139 140 143 144 145 146 149 151 152 154 156 157 158 161 164 166 167 169 172 179 180 183 185 188 189 193
24 129 130 136 138 140 143 145 148 156 157 158 161 163 166 167 171 173 175 179 182 187 190 191 193
23 128 132 134 136 138 142 145 146 148 150 153 159 162 167 177 180 181 184 185 188 189 190 192
42 128 129 130 132 133 136 137 138 140 141 142 144 145 146 147 148 151 152 153 154 155 157 158 160 161 168 170 172 173 175 176 177 179 180 182 183 184 185 190 191 192 193
31 129 133 134 136 137 142 143 145 148 149 150 152 153 154 155 156 157 163 165 169 173 177 178 179 180 181 186 188 190 192 193
34 129 130 134 135 137 139 140 145 146 147 150 151 152 153 155 156 158 159 161 164 165 167 168 169 170 172 179 181 183 184 186 187 188 193
28 128 130 132 134 135 137 139 142 144 146 147 148 149 156 158 160 164 166 168 174 175 176 184 185 187 189 190 192
37 128 129 130 131 132 135 136 138 141 142 143 144 147 149 152 154 155 156 159 167 169 171 172 173 175 178 179 181 182 184 185 186 187 189 191 192 193
24 128 138 139 142 144 145 146 153 156 157 160 164 167 168 169 171 172 175 177 179 182 187 189 191
43 128 129 131 132 133 134 135 136 137 138 139 145 146 148 149 150 151 152 153 154 159 160 161 162 164 168 170 171 172 173 174 175 177 180 181 182 183 185 187 188 189 190 191
31 131 136 137 139 140 141 145 149 150 151 152 153 154 155 159 161 163 164 165 169 171 172 174 178 182 183 186 190 191 192 193
33 128 129 130 132 136 137 139 142 143 145 147 148 149 150 151 152 155 160 161 162 164 165 168 170 171 178 179 181 187 188 189 190 192
42 128 129 130 131 132 134 135 136 137 139 140 141 142 143 144 145 148 150 152 153 154 155 156 157 158 159 160 162 163 167 168 170 172 175 176 177 178 180 183 187 189 192
40 128 130 131 133 137 144 145 146 147 148 150 151 153 156 157 158 159 160 161 164 166 167 168 169 170 172 173 174 175 176 178 179 180 181 182 183 184 186 188 191
43 132 133 135 136 140 141 142 143 147 148 149 151 152 153 154 155 157 158 159 161 162 163 164 166 169 170 171 172 173 176 177 178 180 181 182 183 184 185 186 187 189 191 192
44 128 130 133 134 135 136 137 138 141 142 144 145 149 151 152 153 154 155 156 160 162 164 165 168 169 170 171 172 174 175 176 178 179 180 182 183 184 186 187 188 189 190 191 193
24 130 133 135 138 140 142 144 148 150 158 160 163 164 167 171 172 176 177 180 182 185 189 192 193
29 130 131 132 133 134 135 136 139 140 144 145 148 154 157 158 161 164 168 174 176 177 180 182 185 188 189 190 192 193
27 134 139 141 145 146 148 149 152 153 156 157 159 161 163 165 166 167 168 169 171 173 174 175 177 188 189 190
28 130 131 138 141 144 145 146 148 155 157 158 159 161 162 165 168 170 171 177 180 181 182 183 184 185 186 189 193
21 128 131 132 135 137 143 148 151 154 156 157 158 163 165 168 169 172 176 179 190 193
33 128 129 130 131 134 137 140 143 145 146 149 153 159 160 162 163 164 165 169 170 172 174 175 176 177 179 180 182 184 187 189 190 192
27 131 132 135 137 140 142 143 144 145 149 151 156 159 160 161 162 163 164 166 170 174 177 178 183 186 192 193
36 131 134 135 136 137 138 140 141 142 144 145 146 147 149 150 151 152 153 154 156 158 160 161 162 163 166 167 171 176 178 180 181 182 184 190 191
36 128 130 133 134 135 137 139 140 145 146 148 149 150 152 154 155 156 158 161 163 164 167 169 170 171 173 175 177 181 182 184 188 189 191 192 193
22 129 131 133 135 139 146 155 156 159 165 166 171 175 176 177 179 182 184 186 187 191 193
38 128 130 131 134 137 138 139 140 142 144 147 148 151 152 153 155 156 157 159 160 162 165 167 168 169 170 171 173 174 178 183 184 185 186 189 190 191 193
30 128 129 131 132 133 134 136 138 140 141 149 152 153 154 155 158 160 161 163 164 166 167 169 170 177 181 182 184 189 190
19 128 131 132 133 134 141 142 144 148 149 150 151 160 164 180 181 182 184 190
24 128 133 135 138 139 143 144 147 151 158 161 163 164 168 172 174 177 180 184 185 188 189 191 192
34 128 129 131 132 133 136 138 139 142 145 146 147 148 149 153 157 158 159 161 162 164 165 167 168 170 172 175 176 180 184 188 189 190 191
31 129 131 132 133 137 140 141 143 145 146 149 151 152 155 159 160 161 163 166 169 173 179 180 181 182 185 187 188 190 191 192
35 132 133 134 135 138 139 142 143 144 145 146 148 151 154 155 156 158 161 163 166 169 170 171 174 175 176 178 180 181 186 188 189 190 191 192
39 129 130 131 132 133 134 135 136 137 145 146 147 149 150 151 152 153 157 158 159 161 163 164 165 168 171 174 176 179 180 185 186 187 188 189 190 191 192 193
34 129 133 136 137 138 140 142 146 147 148 151 152 153 154 155 156 158 159 160 162 163 165 167 170 171 172 179 182 183 187 188 189 191 192
33 129 130 131 133 134 137 138 139 140 144 146 147 150 151 153 155 157 160 161 162 164 167 170 174 176 177 178 180 183 184 189 191 193
29 128 131 132 133 134 136 137 138 139 142 144 145 146 149 150 151 153 157 165 168 169 171 174 178 182 185 188 191 192
27 128 133 134 135 136 137 141 142 144 146 147 149 151 155 156 157 159 160 171 172 174 176 180 181 185 186 187
38 128 129 131 132 134 136 137 140 141 142 151 152 153 156 157 158 161 162 163 164 165 166 167 171 172 176 177 178 180 181 182 183 185 186 189 191 192 193
45 128 129 130 132 133 134 135 136 137 138 140 142 143 145 146 147 148 149 150 152 154 155 158 159 160 161 162 163 164 165 167 168 169 170 172 175 176 178 179 182 183 185 187 188 193
33 128 130 133 134 140 142 143 144 149 151 152 153 154 155 158 163 165 166 167 169 170 173 175 176 177 179 181 182 185 186 188 190 193
33 128 130 132 137 138 139 140 141 145 149 151 152 154 155 156 161 163 164 167 168 172 174 176 178 181 183 184 185 186 188 191 192 193
44 128 129 133 134 135 136 141 142 143 145 146 147 148 149 153 154 155 156 158 159 160 161 164 167 169 170 172 173 174 176 177 178 179 180 181 182 184 186 187 188 189 191 192 193
28 128 131 135 137 143 144 145 150 152 153 158 160 161 166 169 170 171 176 178 179 180 184 185 188 189 190 191 192
35 129 130 133 136 137 138 140 141 144 146 149 151 152 155 156 157 158 159 161 162 163 164 165 168 169 170 173 175 176 180 185 186 188 190 191
