182 939
56 1 2 3 4 5 6 7 8 9 10 11 12 13 14 15 16 17 18 19 20 21 22 23 24 25 26 27 28 29 30 31 32 33 34 35 36 37 38 39 40 41 42 43 44 45 46 47 48 49 50 51 52 53 54 55 56
34 1 2 3 4 5 6 11 13 14 15 18 19 22 23 24 28 29 32 33 34 35 37 39 41 43 44 47 48 49 51 52 54 55 56
42 1 3 4 5 7 8 10 11 13 14 15 16 17 18 19 20 22 23 26 28 29 30 31 32 33 35 36 38 39 40 42 43 45 46 47 48 49 50 52 53 55 56
44 3 4 5 7 8 9 10 11 13 14 15 17 18 20 21 22 23 24 25 27 28 29 30 31 32 33 34 35 36 37 38 41 42 43 44 45 46 47 48 49 50 51 53 56
38 1 2 4 6 7 10 12 13 14 15 16 18 19 20 22 23 25 27 29 31 32 33 34 35 36 37 38 39 40 43 44 46 48 49 50 52 54 56
26 3 5 6 7 8 11 13 20 21 24 26 31 33 35 37 38 39 42 43 44 45 46 51 52 53 55
36 2 3 5 6 7 9 10 11 13 14 15 19 20 22 23 24 25 27 28 29 31 32 33 35 36 38 39 40 41 43 44 46 47 49 50 54
42 1 2 3 4 7 8 10 11 14 16 18 19 20 21 24 25 26 27 29 30 31 32 33 34 35 36 37 38 39 41 42 44 46 47 48 49 50 51 52 53 54 55
32 3 6 7 9 10 12 14 15 16 18 19 20 21 23 25 26 27 28 29 32 33 36 37 40 41 44 45 46 48 50 52 54
21 1 2 5 9 10 11 12 16 20 21 26 35 38 39 44 45 50 52 53 55 56
18 3 4 6 8 9 10 18 19 21 23 28 29 30 31 34 41 48 51
38 4 5 7 8 10 11 12 13 14 15 17 18 19 20 21 25 28 29 30 31 32 33 35 37 38 39 41 42 43 45 47 48 49 50 53 54 55 56
42 1 2 3 4 5 6 7 8 9 10 11 12 13 14 15 16 17 18 19 21 22 23 25 26 29 30 31 33 34 35 36 37 38 39 40 43 48 49 50 54 55 56
41 1 2 3 4 5 6 7 10 11 12 13 15 16 17 19 20 21 22 23 24 25 26 28 29 33 34 35 36 39 40 42 43 44 46 47 48 49 50 51 52 53
31 1 2 3 5 8 9 11 12 14 15 17 18 22 23 24 27 29 30 31 33 34 35 36 38 43 46 47 49 50 51 55
40 1 2 4 5 7 10 12 13 14 15 16 17 18 19 20 22 23 24 25 26 27 28 29 30 31 32 34 35 36 37 38 39 40 42 43 45 47 50 51 53
42 1 2 3 6 8 9 10 11 13 14 15 16 17 19 20 21 22 23 24 26 27 28 29 31 34 35 37 38 40 41 43 44 45 47 48 49 50 51 53 54 55 56
40 1 2 3 4 7 8 9 10 11 12 13 18 19 21 23 24 26 27 28 30 32 33 34 36 37 38 39 40 41 42 43 44 45 47 48 49 50 52 53 55
28 1 4 6 8 11 14 17 19 20 23 24 29 30 32 33 36 37 40 42 44 46 47 48 49 52 53 55 56
25 1 4 6 11 14 19 21 22 24 25 26 28 29 30 34 37 40 43 45 46 47 48 50 53 54
37 1 3 4 5 6 7 8 9 10 11 12 14 15 17 18 20 21 22 24 26 28 29 30 33 34 38 41 43 47 48 49 51 52 53 54 55 56
27 1 3 4 5 6 7 11 14 16 17 18 20 23 24 30 31 33 35 37 38 45 47 48 52 53 54 55
23 2 9 11 14 17 19 20 24 28 33 36 37 38 41 43 45 46 48 49 50 51 52 53
25 3 7 11 13 15 17 18 19 23 24 26 27 33 37 40 41 43 44 47 48 50 51 52 54 55
30 1 2 3 4 7 8 11 15 16 20 24 27 31 32 33 37 38 40 41 42 43 44 47 48 50 52 53 54 55 56
40 1 2 3 8 9 10 11 12 14 15 16 17 18 19 21 22 23 24 25 26 30 31 34 35 36 37 38 39 41 42 45 46 47 48 50 51 52 53 54 56
23 3 4 5 8 9 10 11 14 15 25 29 30 32 38 40 42 43 44 45 46 48 53 55
18 1 14 16 19 22 23 27 28 29 30 34 38 39 40 46 47 48 56
20 4 9 11 12 13 17 18 23 27 32 33 34 37 44 45 47 52 54 55 56
37 1 2 3 4 6 7 8 9 10 12 13 14 15 18 21 22 23 24 26 27 30 32 34 38 42 43 44 45 46 47 48 49 51 52 53 54 56
39 2 3 5 6 9 10 13 14 15 16 17 20 21 22 23 27 28 29 30 33 34 35 36 37 38 39 40 41 42 43 46 47 48 49 50 51 52 55 56
44 1 2 4 5 6 7 10 11 12 14 15 16 19 20 21 22 24 27 28 29 30 32 33 34 35 37 38 39 40 41 42 43 44 45 47 48 49 50 51 52 53 54 55 56
37 1 7 8 9 10 12 15 16 18 19 20 21 23 24 25 26 27 28 29 30 31 33 34 35 36 37 38 39 40 41 43 45 46 47 50 55 56
39 1 3 5 7 8 10 11 12 13 14 17 18 20 21 22 23 24 26 27 28 29 30 31 32 34 35 36 37 38 41 44 45 46 47 49 50 52 53 55
39 2 3 4 6 7 8 9 11 14 16 19 20 21 22 23 24 26 28 29 30 31 33 34 35 38 39 40 42 43 44 45 46 48 49 50 51 52 54 56
22 4 5 6 7 9 16 21 23 24 29 30 34 37 40 41 42 43 44 47 51 53 56
23 1 2 4 8 12 14 18 19 22 26 29 30 35 36 38 43 44 45 48 49 54 55 56
33 1 3 4 8 10 12 17 19 22 23 24 25 26 27 28 29 30 32 33 34 35 38 41 44 45 46 47 48 50 51 52 54 55
37 1 2 4 5 6 7 8 9 10 11 13 14 15 16 18 19 20 21 22 25 27 28 31 32 33 34 39 40 41 42 43 44 46 47 48 51 55
40 1 3 5 6 7 9 10 11 12 13 15 16 17 18 20 21 22 23 24 27 28 30 32 33 35 38 40 41 44 45 47 48 49 50 51 52 53 54 55 56
27 2 4 6 9 10 11 12 13 14 16 17 19 20 21 24 31 35 36 37 39 40 42 43 49 50 55 56
40 1 3 4 6 7 10 12 13 14 15 16 17 18 19 20 22 23 24 25 26 27 28 29 30 32 33 34 36 37 38 39 41 43 45 47 48 50 53 55 56
44 1 2 3 4 5 7 8 9 10 11 12 13 16 17 18 19 20 21 22 23 26 27 29 30 33 34 35 36 37 38 39 40 41 42 43 44 46 48 49 50 52 53 54 55
21 7 10 12 13 16 17 26 28 30 31 32 34 35 38 43 45 49 51 53 55 56
39 1 2 3 4 6 7 8 9 10 11 12 13 14 16 18 21 22 24 26 27 28 30 33 34 35 37 39 41 42 43 44 45 46 47 48 53 54 55 56
21 1 2 3 4 5 8 9 13 14 15 17 18 23 26 35 44 45 49 53 55 56
24 3 6 8 9 14 15 17 18 19 21 22 23 27 29 30 33 35 37 39 46 49 50 53 54
37 2 3 5 7 8 11 12 13 14 15 17 18 19 22 23 27 29 30 32 33 35 37 38 39 42 44 46 47 48 49 50 51 52 53 54 55 56
18 2 3 6 9 10 14 20 21 22 26 27 34 36 40 44 46 49 56
16 2 3 10 13 18 19 22 24 31 39 41 46 50 51 52 55
34 2 3 5 7 8 10 11 13 14 17 18 19 20 21 22 25 26 27 31 32 35 36 38 39 43 44 45 46 47 48 49 50 51 55
33 2 3 4 6 8 11 12 15 16 18 19 20 21 22 24 25 27 28 29 31 36 37 38 39 40 43 44 46 47 49 51 52 53
25 1 12 14 15 16 19 20 23 24 30 32 36 37 41 42 43 45 46 48 49 50 53 54 55 56
29 1 3 12 13 17 18 21 24 25 27 28 29 30 31 32 34 36 38 40 42 43 44 47 48 50 52 53 55 56
24 2 3 4 9 10 11 12 13 14 17 20 21 24 30 31 38 41 44 46 47 50 52 53 56
28 1 3 8 9 11 12 13 15 18 24 25 26 30 32 33 35 36 37 40 45 46 47 49 50 51 52 53 56
41 57 58 59 60 61 62 63 64 65 66 67 68 69 70 71 72 73 74 75 76 77 78 79 80 81 82 83 84 85 86 87 88 89 90 91 92 93 94 95 96 97
24 57 58 65 67 68 69 71 74 76 77 78 79 80 82 83 84 88 89 90 91 92 93 94 96
13 57 58 60 62 65 66 68 79 81 82 90 91 96
25 57 60 61 62 63 64 66 70 74 75 77 78 79 80 81 82 83 84 85 87 91 93 94 95 96
29 57 58 59 60 62 64 65 68 69 70 71 74 75 76 77 78 79 81 82 83 84 85 88 89 90 91 94 96 97
26 57 58 60 61 64 65 66 69 70 72 74 76 77 78 79 81 82 83 85 86 87 89 91 92 93 97
12 57 60 63 73 74 76 77 80 81 86 91 92
29 58 59 60 61 62 63 64 65 67 69 70 73 74 75 76 77 78 79 80 81 82 84 85 86 88 89 92 93 97
30 57 60 61 62 63 64 65 66 70 71 72 73 74 76 77 78 81 82 83 84 85 87 88 89 90 91 92 93 95 96
27 57 58 61 63 64 65 66 67 68 69 70 72 73 74 75 77 78 81 82 84 85 88 91 92 93 94 97
21 58 61 62 66 68 69 70 71 72 73 76 79 82 84 85 87 88 89 92 94 97
25 57 60 62 63 65 66 71 72 74 75 78 79 80 81 82 84 87 88 89 90 91 92 94 95 96
29 57 59 61 62 63 65 66 67 68 71 72 73 74 75 79 80 81 82 83 85 86 88 89 90 93 94 95 96 97
27 58 60 61 62 63 65 68 69 70 71 73 75 76 77 78 79 80 81 86 87 88 89 90 91 92 94 95
29 57 58 60 61 62 65 66 67 68 69 70 71 72 73 74 75 78 79 82 84 85 86 87 88 89 92 93 96 97
27 57 59 60 61 64 65 66 67 68 69 70 71 72 74 75 76 77 78 82 83 84 85 87 89 91 92 96
20 57 59 60 62 65 67 69 70 71 72 73 75 80 83 89 90 91 94 95 96
28 58 59 60 61 62 63 65 67 68 69 70 71 72 73 75 76 77 78 79 80 81 86 87 90 92 93 96 97
18 59 61 64 65 68 70 72 73 78 80 81 82 85 88 89 91 92 97
30 59 61 62 64 65 66 67 68 69 70 71 73 74 75 76 77 78 79 80 81 83 84 86 87 88 89 92 93 94 95
24 57 58 60 61 63 64 65 66 69 71 72 74 76 78 79 81 82 87 88 89 92 93 94 97
28 57 58 59 62 64 67 70 71 72 73 74 76 77 78 80 83 84 85 86 88 90 91 92 93 94 95 96 97
29 58 59 60 61 62 63 64 66 67 68 69 70 72 74 75 77 79 81 82 83 84 85 86 87 88 89 90 91 96
32 58 59 60 61 62 64 66 67 69 70 71 73 74 75 76 77 78 79 81 82 83 86 87 88 89 90 91 92 94 95 96 97
32 58 59 60 62 64 66 67 68 69 70 71 72 73 75 78 79 80 81 82 83 84 85 86 88 89 90 91 92 93 94 95 97
15 58 59 60 64 68 69 76 77 80 81 85 88 93 95 97
28 57 58 59 62 64 65 66 68 69 70 71 72 73 74 75 76 79 80 81 82 83 85 86 89 90 91 93 96
23 58 59 62 63 64 65 68 70 73 74 76 78 80 81 85 86 87 88 89 90 92 94 95
26 59 60 61 64 66 67 68 69 72 74 75 76 79 81 84 85 86 87 88 89 90 91 92 93 95 96
20 58 61 64 69 74 76 77 78 80 81 83 84 86 88 89 90 92 93 95 97
16 58 61 65 71 79 81 82 86 87 89 90 92 93 95 96 97
20 60 61 62 65 67 68 71 75 76 81 83 84 85 88 89 90 92 94 96 97
14 58 60 61 62 66 68 73 78 79 80 81 87 94 95
15 57 59 60 61 65 70 74 78 82 83 88 89 91 92 97
19 57 59 60 61 62 65 66 67 70 74 75 76 78 79 80 87 90 94 97
26 57 58 60 61 63 66 67 69 70 71 73 75 76 77 78 79 81 82 85 86 88 91 92 93 95 96
28 58 59 60 61 63 64 65 66 69 70 71 73 74 76 77 78 79 80 81 82 85 87 88 90 92 94 95 97
30 57 58 59 61 63 64 65 67 68 69 70 71 72 73 74 78 79 81 82 83 84 85 86 87 89 90 91 92 94 97
15 57 62 63 64 66 71 72 73 75 80 86 87 90 95 96
22 57 58 59 61 62 65 68 76 78 81 82 83 84 86 87 88 89 90 91 93 94 96
18 57 58 61 63 66 67 71 72 74 75 78 84 86 87 88 90 92 94
25 57 58 59 60 61 63 64 65 66 68 73 75 76 77 80 81 82 83 84 85 92 93 94 95 96
21 58 61 63 64 66 67 68 71 73 74 75 78 79 83 84 88 91 93 95 96 97
21 57 58 61 63 64 68 69 72 73 74 76 78 80 82 84 86 87 88 90 95 96
12 59 62 64 67 68 69 72 83 84 85 89 94
13 64 65 67 68 73 75 80 84 86 87 88 90 92
19 58 59 60 61 62 66 69 72 73 74 75 77 78 80 84 85 88 89 96
27 57 58 59 60 61 62 63 64 65 66 67 68 69 70 72 73 77 79 83 84 85 87 89 90 91 94 96
29 59 60 61 62 64 65 66 67 68 69 70 76 77 79 80 81 82 83 85 86 88 89 90 92 93 94 95 96 97
19 58 59 68 73 75 76 77 78 79 81 83 85 87 90 91 93 95 96 97
27 59 61 62 64 65 67 70 72 73 74 75 76 77 78 79 80 81 83 84 85 86 88 89 91 92 93 96
29 57 58 59 60 62 63 64 66 68 69 70 71 73 74 76 80 81 82 83 84 86 87 90 92 93 94 95 96 97
24 58 63 64 65 66 67 68 74 75 76 77 83 84 85 86 87 88 89 90 92 93 94 95 97
12 59 68 69 70 73 74 76 83 85 89 92 94
17 60 64 65 66 72 76 77 78 81 82 83 84 86 88 92 94 95
31 57 58 59 60 62 65 66 67 68 69 70 71 72 73 74 75 76 77 79 80 81 82 83 87 88 89 91 92 93 96 97
17 57 63 64 66 68 69 70 71 72 74 81 83 85 87 88 92 97
23 57 60 61 64 65 67 69 70 71 73 74 75 77 80 81 83 86 89 90 91 94 95 96
14 57 60 61 64 68 69 70 76 81 83 86 89 93 95
6 100 104 109 114 116 120
2 110 118
7 101 107 108 109 112 115 121
6 101 107 108 111 116 120
7 103 105 111 114 118 120 122
6 98 99 103 106 115 120
8 100 102 104 108 112 114 119 122
10 98 100 102 105 109 112 114 115 118 119
8 98 105 110 112 113 114 119 122
6 101 103 111 115 117 121
12 98 100 101 104 106 108 110 112 115 116 117 119
3 103 117 119
22 98 99 100 101 102 104 105 106 107 108 109 110 111 112 113 114 115 116 118 120 121 122
9 100 104 108 111 112 113 114 116 122
4 101 102 114 118
8 98 102 103 107 108 117 119 121
5 99 101 105 115 122
6 99 101 103 107 116 120
5 106 110 111 113 117
10 101 102 103 104 107 110 112 116 118 122
7 99 105 107 113 114 118 121
15 99 100 101 103 104 106 107 109 110 114 115 116 118 119 122
7 105 107 110 113 116 118 122
6 98 104 106 114 116 117
7 106 107 115 116 118 120 122
10 98 102 105 108 111 112 113 117 120 121
8 99 107 111 114 115 118 119 121
8 100 101 103 105 106 108 112 113
10 99 101 104 106 107 111 116 120 121 122
12 99 100 101 102 104 105 109 110 111 117 120 122
10 98 99 100 101 107 111 116 117 120 122
9 98 102 104 109 110 116 117 120 122
11 99 100 102 104 106 107 108 109 110 116 119
11 100 101 102 105 106 110 112 116 118 120 121
5 98 102 109 111 117
2 104 110
7 103 104 108 110 113 114 115
7 98 100 102 104 106 109 112
8 99 101 105 107 114 116 118 120
14 98 99 103 104 107 108 109 111 113 114 115 117 119 122
5 98 99 100 111 119
6 106 110 111 112 113 118
9 104 105 106 108 110 114 118 121 122
15 99 100 101 102 103 104 105 107 110 112 113 115 117 119 122
7 104 107 108 115 116 121 122
8 102 103 104 106 115 116 119 120
12 98 100 102 103 104 108 109 112 115 119 121 122
10 99 100 102 103 105 111 113 119 120 122
14 98 99 102 103 105 106 109 113 114 117 118 119 121 122
2 110 113
5 98 101 102 112 117
5 105 107 110 118 119
5 101 102 109 117 121
15 98 99 100 105 106 108 109 111 113 114 115 117 119 120 121
17 99 100 101 102 103 104 106 107 108 109 111 115 116 117 118 120 121
5 99 108 114 119 120
6 101 103 104 115 118 122
13 99 100 103 104 105 108 109 110 111 113 114 119 121
19 98 99 100 102 105 106 107 108 109 110 111 112 113 114 116 117 119 120 121
7 98 99 110 111 116 118 121
4 105 106 112 119
3 103 108 117
10 98 106 108 109 111 114 116 118 120 121
4 102 109 118 121
7 98 101 112 113 115 117 121
5 100 112 113 115 119
9 103 105 106 109 110 112 113 117 120
12 100 102 104 105 113 115 116 117 118 120 121 122
13 98 99 101 103 106 107 108 109 110 111 112 114 119
3 100 112 115
17 98 99 100 101 105 107 108 109 110 111 112 113 114 117 118 121 122
13 98 103 106 107 108 112 113 114 115 116 118 119 121
10 101 103 105 106 107 109 113 115 117 120
6 102 103 109 111 120 122
4 100 102 104 112
9 99 101 106 108 109 110 111 112 119
7 103 104 108 112 119 121 122
4 100 114 116 120
6 100 101 103 106 108 112
6 98 100 102 105 115 118
2 119 120
3 103 114 118
7 102 103 104 106 115 116 120
2 101 114
4 104 112 113 114
9 99 100 105 108 109 110 113 119 121
2 99 101
10 99 100 101 103 104 109 114 115 118 122
3 102 117 121
7 99 101 104 107 111 121 122
3 100 115 119
11 99 100 104 105 108 109 110 111 113 114 119
3 106 110 113
7 101 103 105 106 108 112 113
4 98 101 115 121
6 105 107 113 116 118 122
5 101 107 108 109 115
18 98 99 100 101 102 104 106 107 108 109 110 111 112 113 114 115 118 122
4 98 112 113 115
3 98 111 116
2 103 108
7 102 105 108 112 113 117 120
6 99 105 107 114 118 120
6 99 100 107 111 117 122
2 106 112
7 99 100 101 103 110 114 115
3 99 101 120
8 98 99 100 101 111 116 117 120
3 103 118 120
12 99 100 102 103 104 106 107 111 116 118 120 121
7 105 106 110 112 118 120 121
4 106 107 116 120
6 98 102 105 108 111 117
5 100 101 110 112 116
7 100 101 102 109 110 117 120
4 99 111 115 119
12 98 99 102 103 105 109 113 114 117 118 121 122
11 99 100 103 104 105 108 109 111 113 114 119
14 99 101 105 107 108 109 110 111 113 114 117 118 121 122
6 110 112 113 114 119 122
8 101 102 103 104 107 112 116 118
3 101 109 121
5 100 104 108 111 122
15 98 99 100 102 106 107 109 110 111 112 113 114 117 120 121
6 98 101 113 115 117 121
8 103 104 109 110 111 113 114 119
7 99 100 105 108 111 119 121
5 100 111 112 113 116
7 103 105 106 107 115 117 120
8 98 99 100 101 107 111 117 122
1 110
7 102 104 107 110 112 116 122
7 100 101 110 111 117 120 122
3 98 102 117
8 98 99 101 103 106 107 109 114
4 100 102 104 109
5 102 103 111 119 122
7 98 102 107 108 117 119 121
8 99 102 104 105 109 110 111 117
3 108 109 121
6 100 101 104 110 117 119
5 98 102 114 118 119
1 104
6 98 102 103 107 119 121
5 99 100 101 107 111
10 99 100 101 102 105 109 110 111 117 122
8 101 103 104 106 107 116 117 118
3 98 100 106
4 105 113 114 119
2 101 118
7 104 108 111 114 115 117 119
1 110
8 98 106 107 108 113 116 118 119
14 98 99 100 101 104 105 108 110 111 113 114 115 116 121
1 110
3 99 115 120
8 98 100 102 109 112 114 115 119
10 99 100 102 106 107 110 112 114 116 121
2 108 117
3 101 104 122
2 99 111
2 101 102
4 101 111 115 117
5 98 108 109 111 121
3 103 106 120
5 112 113 115 117 121
9 99 101 102 104 105 107 110 115 119
7 100 109 112 114 115 118 119
9 98 100 101 104 106 112 116 117 119
7 103 105 106 109 112 113 120
4 99 103 107 120
6 101 106 107 109 115 117
4 100 109 114 116
4 104 109 114 116
6 109 112 114 115 118 119
5 106 111 112 113 118
2 106 119
4 98 106 114 117
13 99 100 101 103 105 107 110 112 113 115 117 119 122
1 113
2 103 108
5 98 109 114 116 118
8 106 109 111 114 116 118 120 121
6 100 103 105 111 113 122
7 108 111 114 116 118 120 121
8 98 106 108 111 116 118 120 121
9 102 103 104 109 112 115 119 121 122
3 102 103 109
5 105 110 113 119 122
8 98 106 109 114 116 118 120 121
4 101 109 117 121
11 100 101 102 104 105 108 111 112 115 116 121
6 98 105 110 112 114 122
12 98 99 102 103 105 106 109 113 114 118 119 122
3 98 109 111
9 99 100 101 102 104 110 111 117 120
1 118
5 98 102 110 116 117
8 98 105 108 111 112 117 120 121
5 100 104 109 114 116
11 98 101 102 104 105 106 108 115 120 121 122
3 107 116 120
3 106 111 117
2 102 114
6 100 101 103 106 112 113
5 104 107 108 116 121
3 101 107 116
7 101 103 104 107 110 118 122
4 99 105 107 113
1 113
1 113
5 101 105 107 114 120
4 100 112 115 119
9 99 103 104 107 110 116 118 119 122
4 104 108 110 114
5 98 102 109 110 122
12 99 101 104 106 107 109 110 114 115 116 118 122
4 101 103 115 121
6 99 101 104 106 116 121
4 98 111 116 121
4 103 109 111 120
1 110
6 100 104 108 112 114 116
4 102 103 111 122
3 105 118 119
11 98 99 102 105 106 113 114 117 118 119 121
5 106 107 116 118 122
8 100 102 104 106 107 108 109 110
3 98 102 117
5 107 116 118 120 122
9 101 103 107 108 109 110 112 114 119
1 110
10 100 103 106 107 110 114 115 116 119 122
5 107 110 112 116 122
2 112 115
7 98 99 100 111 116 117 120
2 100 119
4 102 109 111 122
2 117 119
6 104 107 108 115 121 122
4 99 101 105 120
3 108 114 119
6 98 105 110 112 114 122
6 98 102 104 109 110 117
3 98 102 109
8 99 105 109 110 111 114 118 122
5 101 106 107 116 121
8 99 100 101 107 116 117 120 122
5 107 108 115 116 121
4 101 108 111 120
3 98 111 117
1 110
12 98 102 106 107 109 110 111 112 113 116 117 119
3 101 103 118
4 105 118 120 122
4 105 113 116 118
7 101 104 107 110 112 113 115
3 103 105 111
1 117
4 103 107 108 121
9 99 100 102 106 108 109 110 116 119
2 106 119
14 98 99 100 104 106 109 110 111 114 116 117 118 120 121
14 98 100 101 103 104 105 110 114 115 117 118 120 121 122
9 102 104 108 109 111 112 114 120 122
13 100 102 103 105 107 110 111 113 114 115 116 119 121
10 98 105 106 109 112 113 115 116 117 122
11 99 101 102 106 109 111 112 113 117 118 122
8 99 102 103 104 110 113 116 120
11 102 106 107 108 109 110 112 116 120 121 122
14 98 102 105 106 107 110 111 113 114 117 118 120 121 122
14 99 100 101 102 103 104 106 109 110 112 113 116 117 121
9 99 103 104 107 109 110 114 118 120
7 99 102 103 113 116 120 122
17 99 100 101 104 105 106 107 109 111 112 113 115 116 117 119 120 122
13 98 103 104 105 107 108 109 113 114 116 120 121 122
9 100 101 110 111 112 113 117 121 122
15 98 99 100 104 105 106 108 109 115 116 117 119 120 121 122
8 103 104 108 112 113 115 119 122
13 100 101 103 104 105 108 109 110 113 115 117 118 119
12 98 100 101 103 104 107 112 113 114 115 117 122
7 98 99 103 106 111 119 122
11 102 105 106 109 110 111 112 113 114 116 121
10 98 100 101 102 105 110 112 116 120 122
8 105 106 109 111 113 114 119 120
13 99 100 101 103 108 109 110 111 112 115 118 119 120
17 98 100 101 104 106 107 108 109 110 111 112 114 115 117 118 119 121
12 101 102 104 106 107 110 112 113 117 118 119 121
12 98 99 101 102 109 111 113 118 119 120 121 122
17 98 99 100 103 105 106 107 108 109 110 111 114 116 118 119 120 121
17 99 100 102 103 104 108 109 110 111 113 114 115 116 117 118 120 122
11 99 103 104 107 110 111 112 114 115 116 122
9 99 102 107 110 111 115 118 121 122
15 98 102 103 104 106 107 108 110 111 113 114 115 119 121 122
8 98 100 102 105 109 117 118 120
8 98 100 113 114 116 117 119 122
12 98 99 100 102 107 108 109 110 111 118 119 121
10 99 102 103 107 111 112 113 115 118 121
16 98 99 103 104 105 106 108 109 110 113 114 115 116 117 120 121
13 98 100 101 102 104 105 106 107 112 114 115 116 122
9 101 104 106 107 109 110 111 114 120
17 99 100 101 102 107 108 109 110 111 112 113 116 117 119 120 121 122
12 99 102 106 112 113 114 115 117 119 120 121 122
14 98 103 104 106 107 108 109 112 113 115 118 119 120 121
16 99 101 104 105 106 107 108 109 110 111 112 117 118 119 121 122
7 99 107 109 112 113 114 115
8 98 103 104 106 111 113 115 118
15 98 99 101 102 104 105 106 111 112 114 115 116 117 120 121
13 98 99 101 103 105 106 107 110 111 114 117 120 121
12 98 102 104 106 107 108 109 110 113 115 119 122
15 98 99 102 103 106 107 108 109 113 115 116 118 119 120 122
14 99 100 102 103 104 105 106 107 108 109 111 115 116 118
9 98 99 101 107 108 110 112 118 119
7 102 104 108 109 111 117 121
15 99 100 101 102 103 104 105 109 110 112 113 114 115 118 120
12 99 104 105 108 111 113 114 116 117 119 120 121
14 99 100 103 104 105 107 108 111 112 113 114 119 120 121
13 100 101 102 104 105 108 111 115 117 119 120 121 122
13 99 103 104 105 107 108 110 111 114 115 116 121 122
14 98 103 104 106 107 108 110 111 113 116 117 118 121 122
13 99 101 102 103 104 105 106 107 110 112 115 116 117
12 101 103 105 106 107 111 113 114 116 118 121 122
10 99 102 103 104 106 110 112 114 116 118
15 99 100 101 104 105 106 107 108 109 113 114 115 116 117 122
12 99 102 105 106 108 109 110 111 114 115 120 121
9 99 101 105 106 107 112 115 117 122
16 98 101 102 103 104 105 106 107 108 109 110 112 114 116 117 121
17 98 99 101 102 105 106 107 109 110 114 116 117 118 119 120 121 122
12 99 100 102 106 107 108 109 110 111 116 117 119
17 98 99 101 104 105 106 108 109 110 111 112 116 118 119 120 121 122
13 98 99 100 102 103 105 106 109 112 114 115 117 118
12 101 102 105 106 108 109 110 111 114 115 121 122
12 98 99 100 102 103 107 110 111 113 114 115 121
7 99 100 109 110 112 113 122
15 98 101 103 105 107 108 110 112 113 114 116 118 120 121 122
16 98 99 101 103 104 105 106 108 110 111 112 113 117 118 119 120
17 99 100 101 102 103 104 105 106 107 108 110 114 117 119 120 121 122
14 98 99 101 102 104 106 111 112 113 114 115 116 119 120
12 99 102 104 107 110 114 115 116 117 118 119 120
16 99 100 101 102 103 104 106 109 110 111 115 116 118 119 121 122
11 98 102 107 111 113 114 115 118 119 120 122
14 98 99 101 102 104 105 106 107 108 110 117 119 120 121
10 99 100 101 102 103 109 111 113 119 120
7 98 100 101 105 109 112 121
17 98 102 104 105 106 107 108 110 111 112 114 115 118 119 120 121 122
15 98 100 101 102 104 105 106 109 110 111 112 113 115 118 120
8 99 100 105 108 115 116 117 122
14 101 103 104 106 107 108 109 110 111 114 117 118 120 122
10 104 108 109 110 112 113 116 120 121 122
11 98 99 102 103 107 108 110 111 115 119 122
14 100 101 104 105 108 110 111 112 113 116 119 120 121 122
17 98 99 101 102 104 106 108 109 111 113 115 116 117 118 119 120 121
12 98 100 101 102 105 106 109 110 112 114 115 120
10 98 99 100 103 106 109 112 117 120 122
12 98 100 101 102 103 106 111 112 117 118 119 122
9 101 104 106 110 111 113 115 119 120
10 100 102 104 106 107 109 110 115 120 121
11 98 99 101 102 103 107 108 115 116 117 120
9 98 101 103 104 110 111 112 113 117
14 98 100 104 107 109 110 111 112 114 115 116 117 118 122
14 98 100 101 102 104 106 109 113 114 116 118 119 120 121
15 98 100 102 104 106 107 110 112 113 114 115 116 118 120 121
10 98 99 100 101 104 107 112 118 119 122
14 100 101 102 103 104 105 106 108 112 113 115 117 119 121
13 98 100 104 106 108 111 113 114 115 118 119 120 122
12 100 101 103 104 108 109 110 111 114 116 119 122
10 98 100 102 103 105 112 115 118 121 122
8 101 102 106 110 111 115 118 122
12 98 99 100 102 103 104 107 109 111 117 120 122
16 99 104 105 107 108 109 111 112 113 114 115 116 117 119 120 121
7 98 103 104 107 118 119 121
8 99 105 107 109 112 114 115 122
15 98 100 101 102 104 105 109 110 112 114 115 117 118 119 122
15 98 101 102 104 105 106 107 108 109 110 113 114 116 119 122
7 102 106 109 112 115 116 117
14 101 102 103 107 108 109 110 112 113 114 115 119 120 122
7 100 101 103 109 114 116 117
11 98 99 100 101 107 109 110 115 116 117 118
8 98 99 103 106 107 113 117 119
8 98 107 109 110 114 115 116 122
9 100 102 103 106 116 118 120 121 122
8 98 101 103 107 108 111 118 120
8 98 101 102 105 108 110 113 122
17 98 99 101 102 103 105 108 109 113 114 115 116 117 118 119 120 121
8 99 104 106 109 110 113 116 117
12 98 99 101 103 107 109 112 115 116 118 119 120
14 100 101 102 103 104 108 110 111 112 113 116 117 121 122
15 99 100 101 102 103 104 106 107 108 111 112 117 118 119 121
14 98 99 101 102 103 104 107 108 109 113 115 120 121 122
12 99 102 103 104 105 106 107 108 109 114 120 122
8 99 100 102 105 107 116 118 120
14 99 103 104 105 106 107 110 111 117 118 119 120 121 122
10 100 101 103 104 108 109 114 117 119 121
8 98 100 101 108 109 116 117 122
15 98 99 102 103 104 107 108 109 110 112 113 115 118 119 122
15 98 100 102 103 104 107 108 110 111 113 114 115 116 118 121
8 98 100 111 112 114 117 118 121
9 98 101 104 105 111 114 116 120 121
14 99 100 103 105 108 109 112 115 116 118 119 120 121 122
12 99 100 104 105 108 109 111 112 115 116 119 122
13 100 103 104 105 106 108 109 111 114 116 120 121 122
13 98 99 109 110 111 112 116 117 118 119 120 121 122
8 101 106 109 110 112 115 119 121
13 98 99 102 104 107 108 110 111 112 114 117 118 122
14 101 102 104 105 106 108 111 113 114 115 116 117 120 121
12 100 103 105 106 107 108 111 112 115 117 119 122
7 100 104 106 109 113 119 121
15 101 102 103 104 105 108 110 111 114 115 116 117 118 119 120
16 100 102 103 104 105 106 107 110 113 114 115 117 118 120 121 122
13 98 99 102 108 109 110 111 112 113 114 115 118 122
10 99 102 103 107 108 109 112 119 121 122
10 98 100 104 106 108 109 111 114 117 118
14 99 100 104 106 108 110 111 113 114 115 116 117 119 120
12 99 100 106 107 108 109 112 113 114 115 116 119
12 99 103 104 105 107 110 112 113 116 117 120 122
14 103 104 105 106 107 108 109 110 112 114 116 118 119 120
12 98 103 105 106 107 111 113 114 115 116 117 119
11 100 102 103 106 110 113 114 115 118 120 121
11 98 99 103 105 106 107 110 111 112 117 118
14 99 101 102 103 107 110 111 113 114 115 116 117 118 120
13 100 102 103 104 105 107 108 110 111 116 117 118 122
17 98 99 101 102 103 104 105 106 109 110 111 112 115 117 119 121 122
15 98 99 102 104 105 106 107 108 111 112 115 117 119 120 121
9 100 101 102 103 104 110 111 112 121
15 99 100 102 103 106 107 109 111 112 113 115 117 119 120 122
9 98 100 101 102 108 110 111 119 122
8 101 102 105 106 114 115 117 121
13 98 99 103 105 106 107 108 109 113 114 115 117 122
16 98 99 101 102 104 106 107 109 113 114 115 116 117 118 119 122
9 99 101 102 103 108 111 118 119 121
10 99 103 105 108 110 111 113 114 116 122
13 99 100 102 106 107 109 112 114 116 117 118 119 121
9 99 102 104 105 111 114 115 118 122
9 98 104 105 107 108 113 114 117 120
17 98 99 100 103 104 108 111 112 113 114 115 116 117 118 120 121 122
12 99 102 105 106 107 112 113 114 117 118 120 122
9 98 107 109 110 111 112 116 117 120
10 99 100 107 108 110 112 113 115 118 120
17 99 100 101 103 104 105 107 109 110 111 112 113 114 116 118 119 120
17 99 100 101 103 104 105 106 107 109 110 111 112 114 115 117 119 122
16 99 100 101 103 104 105 106 108 110 112 113 114 116 118 119 122
8 102 104 109 112 113 116 117 122
14 98 100 102 103 104 105 108 110 112 113 114 115 118 120
12 99 102 103 104 106 107 108 112 114 115 117 122
7 101 102 107 111 113 115 121
16 99 101 102 103 104 105 107 108 110 112 114 115 116 117 118 120
15 100 101 102 103 105 107 108 109 110 113 114 116 117 121 122
11 98 99 100 103 107 109 110 111 114 115 121
14 98 99 100 102 103 104 106 107 115 117 118 119 120 122
7 106 109 110 111 112 114 119
22 124 132 134 135 136 140 141 143 145 146 148 149 152 154 160 166 168 171 173 175 176 177
25 126 130 132 137 139 142 144 147 148 150 151 153 154 157 158 159 160 163 165 166 171 173 174 176 180
30 123 125 126 127 128 130 131 138 141 142 143 148 150 151 152 155 156 158 159 163 164 165 166 167 171 176 178 179 181 182
17 126 131 132 134 135 136 138 147 152 156 157 165 166 168 172 175 177
27 123 125 132 133 134 137 140 142 144 147 152 153 156 159 160 162 164 165 167 169 170 171 173 175 177 179 181
5 156 159 168 177 182
22 127 128 130 131 133 134 143 145 149 150 152 153 157 158 161 164 165 166 167 171 179 180
13 124 126 128 131 138 143 144 147 151 166 173 179 182
12 126 133 140 142 145 147 150 156 158 163 165 180
25 123 124 128 129 131 134 136 142 146 150 151 153 155 161 164 167 168 170 174 175 176 177 178 180 181
19 126 128 130 131 133 136 138 144 152 156 157 162 165 166 169 170 178 180 181
13 123 124 132 135 136 138 145 146 147 150 163 165 172
25 123 126 130 133 135 138 139 144 148 149 151 152 153 157 159 160 164 165 170 172 175 176 177 178 179
10 126 129 132 135 136 139 142 147 174 176
8 136 144 146 153 156 158 166 175
31 125 127 128 132 134 136 137 139 140 142 143 144 145 147 149 150 151 152 156 157 159 160 165 169 172 174 175 177 178 179 181
38 123 125 126 127 128 130 136 138 139 140 141 142 143 144 146 147 148 151 152 154 155 156 158 159 160 161 163 166 169 170 174 175 176 177 178 179 181 182
12 125 144 153 158 159 162 164 166 167 173 174 175
37 124 126 128 129 130 131 134 135 137 138 140 141 143 145 148 149 150 153 154 155 156 157 158 161 163 164 167 170 171 174 175 176 177 178 180 181 182
12 128 137 139 143 145 148 154 156 162 168 171 174
13 125 133 139 142 151 157 158 161 163 164 167 169 181
27 123 125 126 127 131 133 135 136 138 142 144 146 152 153 155 157 159 160 165 166 167 170 172 173 177 181 182
29 123 124 126 129 130 131 133 135 138 141 146 148 153 154 155 158 161 162 163 164 166 167 168 170 171 173 176 180 182
21 123 126 128 130 134 136 138 143 144 147 148 149 155 159 160 162 167 169 173 174 179
32 123 125 127 129 131 136 137 142 144 145 147 148 151 152 153 155 157 158 160 161 163 164 166 168 172 173 174 175 176 178 180 181
19 136 141 147 148 150 152 156 157 158 164 166 171 172 175 176 177 179 180 182
35 123 124 125 127 128 129 131 133 134 135 136 138 140 141 143 145 146 149 152 155 156 161 162 164 167 168 169 170 172 175 177 178 179 181 182
14 127 129 131 136 141 143 150 158 163 166 168 174 176 180
9 123 143 145 151 152 154 157 177 181
15 125 127 129 130 142 145 152 157 162 163 164 167 169 172 180
14 129 131 133 134 137 140 142 143 154 155 161 170 177 178
12 125 134 137 145 148 151 155 159 160 163 168 182
10 123 124 127 132 137 140 143 160 162 181
21 124 129 130 131 135 139 141 144 152 153 155 159 160 161 162 171 172 174 177 179 182
32 123 124 127 128 129 130 134 136 137 138 139 142 144 145 147 149 150 152 153 154 155 157 159 160 162 164 166 170 176 178 179 182
30 124 126 127 129 130 131 132 135 137 138 142 148 149 150 155 159 160 163 164 167 168 169 170 171 172 173 174 178 180 182
15 131 133 134 135 137 145 149 150 153 157 162 167 168 171 172
21 126 127 128 130 139 141 148 149 151 152 156 157 160 168 169 171 176 179 180 181 182
9 131 132 151 157 160 161 169 176 178
20 129 131 132 134 136 138 139 147 151 154 155 160 162 163 166 168 175 178 181 182
12 125 126 144 149 157 158 160 162 169 171 173 179
12 125 132 133 135 145 154 161 171 172 176 177 180
19 124 126 128 130 135 138 139 145 146 148 149 151 154 155 157 161 172 178 182
38 124 125 127 129 131 133 134 136 137 138 139 141 142 143 144 147 148 150 151 152 153 158 159 160 161 163 164 165 167 168 171 172 174 177 178 180 181 182
13 126 127 130 131 138 150 153 155 162 170 172 174 182
28 125 126 131 132 133 135 140 141 143 146 148 151 156 158 161 163 165 167 168 169 171 172 173 174 175 177 180 181
30 124 129 132 133 134 135 136 137 139 140 144 145 146 147 149 153 154 157 160 161 162 168 169 170 172 173 174 175 177 180
14 125 128 130 141 143 150 154 159 160 163 164 171 173 181
20 125 126 128 129 130 133 134 135 138 142 144 149 151 153 155 161 165 168 169 170
13 129 130 132 134 140 147 149 158 161 163 176 179 180
26 124 125 126 128 129 130 132 133 137 138 139 140 142 144 147 153 154 155 159 169 170 172 173 178 180 182
1 177
22 123 126 128 130 132 135 140 145 146 149 154 155 156 157 162 166 169 170 173 175 176 179
34 123 127 131 134 135 136 141 143 145 146 148 149 150 151 152 156 157 158 160 161 162 163 164 165 166 167 168 171 174 175 176 177 179 181
35 124 125 127 128 129 131 132 134 136 137 140 141 142 143 145 146 147 150 154 155 156 158 161 162 163 166 167 168 169 171 173 174 180 181 182
23 123 124 125 137 138 140 141 144 146 148 151 154 155 160 162 163 169 170 172 173 175 178 181
23 123 125 127 132 133 136 139 142 144 146 147 151 152 159 160 162 165 166 168 169 172 173 179
28 123 124 127 129 132 135 139 140 141 142 143 146 147 149 150 153 154 158 161 164 167 171 172 173 174 175 176 179
12 123 128 129 137 144 147 156 159 165 178 179 180
14 128 132 134 138 143 146 148 157 166 169 173 176 178 181
23 127 130 132 133 135 137 138 139 140 141 143 145 147 148 152 154 156 159 163 165 166 172 182
20 132 133 136 137 139 140 141 146 148 149 154 155 158 159 161 168 170 171 177 178
12 123 134 135 150 153 156 160 165 174 175 176 181
13 123 125 127 136 137 149 151 154 164 167 168 170 175
14 130 134 138 139 143 149 154 159 162 165 170 171 177 182
11 131 139 145 146 154 159 163 167 173 174 178
11 124 131 141 150 151 152 157 165 168 170 178
51 123 124 125 126 127 128 129 130 133 134 135 136 137 138 139 140 141 142 143 144 145 146 147 148 149 150 152 153 154 155 156 158 159 162 163 164 165 166 167 168 170 171 172 173 174 175 177 179 180 181 182
8 124 141 150 151 164 169 175 178
14 124 126 128 132 133 135 140 141 146 150 156 167 169 179
40 123 124 125 126 127 128 130 133 135 137 140 141 142 143 144 145 146 148 149 150 152 153 156 157 158 159 161 164 165 167 169 170 171 172 173 174 176 177 179 180
16 127 129 137 139 140 142 146 153 156 158 163 164 166 175 181 182
13 125 128 133 134 139 140 141 147 161 162 165 176 179
17 123 127 129 133 139 142 144 145 155 162 167 169 174 176 178 180 182
12 124 137 140 146 148 149 151 153 158 161 170 179
7 124 129 132 164 165 173 180
6 134 139 140 141 176 179
27 123 124 125 127 128 129 133 134 135 140 141 143 146 149 152 156 161 164 167 168 169 170 172 175 177 178 181
8 133 139 140 141 147 162 176 179
25 125 127 128 132 136 137 139 140 142 144 145 149 151 152 156 160 165 169 172 174 175 177 178 179 181
10 129 137 139 142 146 158 164 175 181 182
20 126 130 132 137 139 142 144 147 148 150 151 153 154 157 158 160 173 174 176 180
28 123 124 127 128 129 130 134 136 139 144 145 147 149 150 153 154 155 157 159 160 162 164 166 170 176 178 179 182
6 141 150 151 164 175 178
7 126 127 131 138 155 162 172
5 123 124 127 140 143
7 123 153 156 160 165 174 181
8 124 128 133 135 146 156 167 179
17 129 131 132 134 136 139 147 151 154 155 160 162 163 168 178 181 182
20 124 128 129 131 134 136 142 146 150 151 153 155 161 164 167 168 170 174 177 181
21 123 125 126 130 135 140 142 145 146 150 153 158 161 165 169 172 173 174 176 179 180
9 124 131 141 150 152 165 168 170 178
21 126 130 131 134 138 141 143 145 148 153 154 155 158 167 174 175 176 177 178 180 181
21 126 127 130 131 138 141 142 143 148 155 158 159 164 165 166 167 171 176 178 179 181
15 130 132 135 138 139 140 141 143 152 154 156 159 165 166 172
8 123 125 127 136 137 151 164 167
5 131 132 157 169 176
8 125 128 133 139 141 165 176 179
8 127 129 140 153 156 175 181 182
7 128 132 134 143 148 157 181
36 124 126 127 128 129 130 133 134 135 136 137 139 140 141 142 144 145 148 152 154 155 156 162 163 165 166 167 168 170 171 172 173 174 177 180 182
7 123 145 152 154 157 177 181
9 125 137 145 148 151 159 163 168 182
11 129 131 133 134 137 142 143 154 161 170 177
6 132 135 142 147 174 176
31 125 127 129 134 136 137 138 141 142 143 144 147 148 150 151 152 153 158 159 160 161 163 164 165 167 171 174 177 180 181 182
6 124 129 132 164 165 180
13 123 128 130 135 140 146 154 155 156 162 166 173 175
12 123 127 133 136 144 147 152 160 162 169 172 173
7 132 138 143 146 166 169 181
6 125 134 148 155 160 163
19 123 125 127 131 133 135 138 142 146 152 153 155 159 160 166 172 173 181 182
8 132 134 138 143 146 148 176 178
8 139 142 157 158 161 167 169 181
9 124 140 146 148 149 153 161 170 179
8 131 145 154 163 167 173 174 178
17 126 131 133 135 136 142 153 155 157 159 160 166 167 170 172 177 182
16 123 126 130 133 135 138 151 153 157 165 170 172 175 176 177 178
15 124 128 130 135 138 139 146 148 149 151 154 157 172 178 182
5 124 141 169 175 178
11 125 133 139 142 157 158 161 163 167 169 181
15 125 126 128 130 133 135 138 142 149 151 155 161 165 169 170
11 124 128 132 133 135 141 146 150 156 169 179
22 134 136 137 139 140 143 145 147 149 150 151 152 156 157 159 160 165 174 175 177 178 181
16 130 137 139 144 147 148 150 151 153 154 160 171 173 174 176 180
9 124 131 141 150 151 152 157 165 178
6 158 164 167 173 174 175
15 124 125 128 129 130 138 142 144 155 159 169 170 172 173 178
6 123 129 137 159 165 178
13 126 128 131 136 138 144 152 156 166 169 170 178 180
3 124 164 173
17 123 124 125 137 138 140 141 146 148 154 155 162 169 170 172 175 178
12 123 127 129 133 139 144 145 167 176 178 180 182
4 146 153 156 175
4 132 151 157 160
4 124 151 169 175
16 124 129 130 131 135 139 141 144 155 161 171 172 174 177 179 182
22 125 126 127 128 130 131 138 142 143 150 151 152 155 156 158 163 165 166 167 176 181 182
10 131 133 134 135 137 149 150 153 171 172
9 128 130 143 150 154 159 160 164 171
7 128 132 134 166 169 173 181
10 126 134 135 136 138 156 165 166 172 175
8 123 136 137 151 154 164 170 175
23 124 126 129 130 131 133 141 146 148 153 154 155 158 161 162 163 164 166 168 170 171 180 182
14 123 125 132 133 146 147 151 152 159 160 162 165 168 172
12 125 126 129 130 133 138 142 153 155 161 165 170
6 124 137 140 148 151 153
11 131 133 135 145 149 153 157 162 167 168 172
8 124 141 150 151 165 168 170 178
11 128 130 131 152 153 161 164 167 171 179 180
7 140 148 151 153 158 161 179
10 126 133 140 142 145 147 150 156 158 180
9 133 135 145 161 171 172 176 177 180
16 123 128 130 135 140 146 149 154 155 156 157 166 169 173 176 179
6 132 160 161 169 176 178
21 127 128 130 133 142 143 149 150 153 156 157 158 159 161 164 165 167 170 171 174 176
19 127 132 133 136 139 142 144 146 147 151 152 159 160 165 166 168 172 173 179
7 126 133 145 147 156 158 180
15 127 131 132 135 137 142 150 155 159 160 164 169 171 174 182
16 123 124 128 131 134 146 151 153 167 168 170 175 176 177 180 181
20 123 127 132 133 136 142 144 146 147 151 152 159 160 162 165 168 169 172 173 179
15 125 138 140 141 144 146 148 151 154 160 169 170 172 175 178
18 127 130 132 133 137 138 139 140 145 147 154 156 159 163 165 166 172 182
7 153 159 162 164 173 174 175
5 131 157 160 161 178
22 126 131 132 133 135 140 141 143 148 151 156 161 163 165 168 169 171 172 173 174 177 181
20 123 125 127 130 135 140 142 143 145 146 150 152 157 167 169 170 172 174 179 180
26 126 127 129 130 135 137 138 142 148 149 150 155 159 163 164 167 168 169 170 171 172 173 174 178 180 182
27 124 127 131 133 134 136 138 139 141 142 144 147 150 151 152 153 158 159 161 164 165 168 171 172 174 181 182
7 131 139 145 159 163 173 174
9 128 130 143 150 154 159 163 164 173
18 126 130 138 139 148 149 151 152 153 157 159 160 165 170 175 176 177 179
26 123 124 125 129 131 133 134 135 136 140 145 146 152 155 156 162 164 167 168 169 170 172 175 178 181 182
21 123 124 127 129 132 140 141 143 147 149 150 153 158 161 164 167 171 174 175 176 179
15 126 131 134 135 138 147 152 156 157 165 166 168 172 175 177
7 137 143 145 148 162 168 171
12 123 129 133 144 145 155 167 169 174 176 178 182
14 127 132 133 135 137 141 143 145 147 152 159 165 166 182
17 125 126 131 132 135 140 141 146 148 151 156 158 168 169 172 173 177
16 130 131 133 134 145 149 150 152 153 157 158 161 165 166 171 179
7 123 135 160 165 174 175 181
10 125 133 151 157 158 163 164 167 169 181
14 132 133 136 137 140 141 146 155 159 161 170 171 177 178
11 126 127 130 131 138 155 162 170 172 174 182
27 124 128 129 131 132 134 136 140 141 143 145 146 150 154 155 158 161 162 163 166 167 168 173 174 180 181 182
9 134 135 150 153 160 165 174 176 181
18 125 127 133 135 136 142 144 152 153 155 157 160 165 167 173 177 181 182
14 126 128 131 133 136 138 156 157 162 165 169 170 180 181
9 124 126 128 131 138 144 166 173 179
7 125 140 141 161 162 165 176
10 124 126 128 131 138 143 151 166 173 182
18 128 129 130 137 141 145 148 149 150 154 155 156 158 161 163 167 174 176
11 125 128 133 139 140 141 161 162 165 176 179
5 124 141 150 175 178
6 136 144 156 158 166 175
17 129 132 136 138 139 147 151 154 155 160 162 163 166 168 175 178 181
7 144 153 158 159 162 166 174
9 128 137 143 148 154 156 162 171 174
20 123 124 125 140 141 144 146 148 151 154 160 162 163 169 170 172 173 175 178 181
21 125 127 128 132 136 137 139 142 143 145 147 149 150 156 157 159 174 175 177 179 181
17 123 124 128 129 136 137 138 139 142 144 145 147 150 154 157 162 178
14 132 134 135 140 143 145 148 149 152 154 160 168 171 177
23 126 128 130 136 138 140 141 142 144 146 147 148 152 155 158 160 163 170 174 175 177 178 181
8 128 134 138 146 169 173 176 181
12 124 130 135 141 144 152 153 160 161 171 177 182
6 133 145 147 156 163 180
7 137 140 146 151 158 170 179
22 123 133 134 137 140 142 144 152 156 159 160 162 164 165 167 169 171 173 175 177 179 181
5 124 141 150 165 170
12 141 147 148 152 157 164 166 171 175 176 177 179
38 123 124 127 128 129 130 133 134 135 136 138 141 144 145 146 147 148 149 152 153 154 155 158 159 162 164 165 167 168 170 173 174 175 177 179 180 181 182
6 123 143 145 157 177 181
11 133 136 137 139 140 148 149 154 161 170 178
18 123 124 125 138 140 141 146 148 154 155 160 162 163 169 172 173 175 181
9 131 134 135 136 152 157 165 166 175
5 129 132 136 147 176
11 126 131 132 135 136 138 147 165 168 172 177
18 124 131 135 139 141 144 152 155 159 160 161 162 171 172 174 177 179 182
12 129 130 135 141 152 153 160 172 174 177 179 182
8 125 158 159 162 166 167 174 175
4 146 153 166 175
10 125 127 136 137 151 154 164 167 168 175
13 126 127 139 141 148 149 152 157 160 171 180 181 182
10 128 132 143 146 148 166 169 173 178 181
23 126 131 134 136 137 138 146 148 150 156 157 161 163 164 165 167 168 169 171 175 176 177 182
28 128 130 132 134 135 137 138 139 143 144 152 154 156 157 158 160 161 162 164 167 169 171 172 173 177 178 180 181
32 124 126 127 128 130 134 135 136 139 142 143 144 145 148 152 156 157 159 161 163 166 167 168 169 170 171 172 174 179 180 181 182
26 124 125 134 136 137 138 141 143 145 147 148 149 150 151 156 157 159 162 166 167 169 171 176 177 178 179
40 125 126 128 129 130 131 132 135 136 137 139 140 142 143 144 146 148 152 155 156 157 159 160 161 162 163 165 166 167 168 169 170 171 172 176 177 178 179 180 182
36 123 124 129 131 132 133 135 136 137 139 140 142 144 145 146 148 149 150 152 154 155 156 157 158 159 160 163 166 167 172 173 175 177 178 179 181
26 123 124 128 130 133 134 137 139 140 141 143 145 146 151 155 156 158 159 161 163 164 170 175 177 180 181
28 123 124 126 132 133 134 139 142 143 146 148 151 154 160 161 162 163 164 166 167 168 170 171 173 174 177 179 182
21 123 125 131 133 134 135 143 146 148 149 150 151 152 156 157 167 170 173 176 177 182
37 123 124 125 126 127 129 130 131 133 134 135 136 137 140 143 144 145 146 147 148 151 153 154 156 157 158 159 161 163 165 166 167 168 173 175 177 180
22 125 126 129 130 134 139 141 149 150 151 152 155 162 165 166 168 170 171 172 173 179 180
20 123 129 130 141 142 146 148 149 151 152 154 158 161 165 168 174 175 178 179 182
29 124 128 129 130 131 133 134 136 140 141 144 146 147 149 154 156 157 158 159 161 162 165 172 173 176 177 180 181 182
40 123 124 125 128 129 130 132 133 134 135 136 137 138 139 140 141 142 143 145 146 147 149 150 152 155 157 160 162 163 164 165 166 168 170 171 178 179 180 181 182
22 124 127 128 129 130 131 132 133 136 138 140 142 147 148 152 157 158 159 165 167 177 182
26 123 124 129 131 134 135 137 139 140 141 143 149 151 153 155 159 160 161 165 167 168 169 175 179 180 182
35 123 124 126 127 129 131 135 138 140 141 142 148 149 150 152 154 155 157 159 160 161 162 164 165 166 167 169 172 173 174 175 176 180 181 182
19 125 129 130 131 136 139 143 145 150 151 153 157 160 163 165 171 176 178 182
22 130 133 134 137 138 139 140 141 144 145 147 148 153 155 159 160 162 163 166 169 179 182
23 125 130 131 137 143 144 146 148 151 153 155 156 159 161 164 165 167 170 171 174 177 179 182
41 123 124 125 126 127 128 130 134 135 136 137 139 141 142 144 147 149 150 153 154 155 156 158 160 161 162 163 165 166 167 168 169 171 173 174 175 178 179 180 181 182
38 123 124 125 126 127 129 135 136 137 138 140 141 142 143 144 149 151 155 156 157 158 159 160 162 163 164 166 167 169 170 171 172 173 174 177 179 180 181
34 124 127 129 130 131 132 133 135 138 140 141 144 146 147 148 149 151 152 155 156 157 159 160 161 162 164 167 168 169 170 172 173 180 181
30 123 124 125 128 129 131 133 136 137 138 142 143 144 146 147 148 150 153 155 158 160 161 162 165 168 170 171 172 178 179
41 124 125 127 128 130 131 132 133 136 137 138 139 142 143 144 146 148 149 150 151 152 153 154 157 158 160 161 162 163 164 166 168 169 170 172 174 175 177 179 181 182
32 123 124 128 133 134 136 137 138 139 142 143 145 148 149 150 151 152 153 154 156 158 160 163 165 166 167 168 171 174 175 177 181
37 123 124 125 126 128 129 132 133 134 135 137 139 142 143 144 146 147 148 150 152 153 154 155 157 158 159 160 161 163 171 173 174 176 177 178 180 181
28 125 126 127 128 132 133 137 138 139 141 143 146 147 150 151 155 158 161 162 163 166 168 173 175 176 177 178 182
22 134 135 139 140 145 147 148 154 155 156 157 158 160 161 162 168 173 175 176 179 180 181
20 125 126 129 132 134 135 139 144 147 148 159 161 162 163 168 174 176 179 180 182
38 123 124 125 126 127 128 129 133 134 135 136 138 139 141 142 144 145 146 147 148 149 152 153 154 156 158 160 163 165 167 169 171 172 173 174 175 181 182
38 123 124 126 128 131 132 133 137 140 141 142 143 144 145 146 148 149 151 152 155 156 158 159 162 163 167 168 169 171 172 173 174 176 177 178 180 181 182
38 126 128 129 131 132 133 134 135 137 141 143 146 147 148 149 153 154 155 156 157 158 160 162 163 164 165 167 168 169 171 172 173 174 175 176 177 180 181
35 124 125 126 128 129 130 133 134 135 137 140 142 143 144 145 146 147 150 151 153 154 155 157 161 162 163 165 167 168 170 171 174 175 176 181
30 124 126 127 130 131 132 136 137 139 140 141 142 144 146 149 150 154 155 156 158 159 163 164 165 166 168 171 172 177 181
21 126 128 130 131 132 139 140 141 142 143 145 151 154 155 156 161 165 172 173 178 180
19 126 128 130 133 136 137 138 139 146 154 156 161 162 164 165 169 174 179 181
41 124 125 126 128 129 130 131 132 134 136 138 140 142 143 145 146 147 148 149 151 152 153 154 155 157 159 164 165 167 168 169 170 172 173 174 175 177 178 180 181 182
22 127 128 130 135 136 138 139 145 148 149 152 153 154 161 162 163 166 170 172 177 178 179
37 123 125 127 130 131 132 135 141 142 143 146 149 152 153 154 155 156 158 160 161 162 163 165 167 168 170 171 172 174 175 176 177 178 179 180 181 182
31 124 125 130 135 136 137 138 140 141 142 143 144 146 147 148 149 150 151 152 153 154 160 163 164 168 169 173 175 176 178 180
29 125 130 132 133 134 135 136 139 142 146 148 149 150 152 154 156 158 162 163 165 171 172 173 175 176 179 180 181 182
19 124 128 129 134 136 142 147 148 149 150 152 155 156 157 161 162 166 167 180
22 127 128 129 130 135 136 138 140 145 149 150 151 152 163 165 166 172 173 175 176 178 179
33 123 124 125 126 129 130 132 133 134 135 137 141 143 144 145 146 147 150 151 154 155 156 159 163 164 167 169 171 172 173 177 178 181
18 124 128 129 132 138 145 147 148 153 155 157 159 160 166 170 173 181 182
38 123 125 126 129 130 131 132 133 135 136 139 140 143 148 149 150 151 154 157 158 159 160 161 163 164 166 167 168 171 172 173 175 176 177 178 179 181 182
18 123 124 130 131 132 137 147 148 149 151 153 156 161 162 166 172 175 181
26 124 126 130 132 134 137 138 139 140 142 143 144 146 150 151 152 156 158 162 163 169 170 172 174 175 176
34 124 125 126 129 130 131 134 139 144 145 146 148 149 150 151 152 154 155 159 161 162 163 166 167 168 170 171 172 173 174 177 178 180 181
34 123 124 127 128 129 130 131 133 135 139 140 141 145 147 149 150 151 152 154 155 157 158 159 161 165 166 170 171 173 174 175 176 177 179
18 123 124 125 128 132 136 138 144 156 158 159 161 162 164 167 169 181 182
38 126 130 131 132 134 135 136 138 140 141 144 145 147 148 149 150 151 152 153 156 159 161 162 163 165 167 168 169 170 171 172 173 174 175 177 179 180 182
33 123 124 125 127 130 135 136 137 138 141 142 144 146 147 149 151 154 155 157 158 159 161 162 163 166 169 172 173 174 178 180 181 182
21 125 138 141 142 143 145 147 154 155 156 157 159 161 163 165 168 171 172 178 179 181
40 123 127 129 132 133 134 136 137 138 139 141 143 144 145 146 148 149 151 152 154 155 156 158 159 161 162 163 164 167 168 169 170 171 172 173 175 176 178 181 182
28 123 124 125 130 131 133 134 138 145 146 148 149 151 153 155 157 158 159 160 166 168 174 176 177 178 179 181 182
37 124 125 126 127 128 129 130 131 132 133 137 139 140 142 146 147 148 149 150 152 153 157 159 161 162 164 165 166 167 168 169 170 172 173 175 179 181
21 125 127 131 133 134 135 137 140 146 148 150 152 159 161 162 163 169 172 174 176 179
28 124 129 132 136 137 138 139 142 143 149 151 152 154 155 156 157 158 159 160 164 170 172 174 177 178 179 180 181
25 125 126 129 130 133 141 144 145 146 147 150 151 152 157 158 159 162 163 167 171 174 176 177 179 180
27 124 127 131 132 133 134 135 137 138 139 140 141 146 152 157 158 159 162 163 167 170 174 176 178 179 180 181
21 128 132 133 134 136 139 140 149 153 155 158 159 161 162 163 165 171 172 174 176 180
28 124 127 132 135 137 138 140 143 145 149 150 153 154 157 159 160 162 164 167 169 171 172 173 174 175 177 178 182
21 123 130 131 133 139 144 148 149 151 153 155 160 161 162 163 169 171 172 175 176 179
21 123 126 129 131 132 133 134 140 145 147 148 151 155 157 162 166 167 168 170 174 177
28 128 133 135 136 139 140 143 145 146 149 150 154 155 156 157 158 160 162 163 165 166 167 171 174 178 180 181 182
37 124 126 127 129 130 131 132 133 134 136 138 141 142 145 146 150 151 152 153 154 159 160 161 164 166 167 168 170 171 172 173 174 175 177 179 180 182
37 123 125 127 128 129 131 135 138 139 140 141 143 146 147 148 149 150 151 152 157 159 162 164 166 168 170 171 172 173 174 175 176 177 178 179 180 182
39 124 125 126 128 129 131 132 135 136 137 138 140 142 143 144 146 148 149 150 151 154 156 157 158 159 160 161 162 164 165 166 169 170 171 172 173 174 176 182
41 123 124 126 127 131 132 133 134 136 137 139 140 141 143 144 147 148 149 150 151 155 156 157 158 162 163 164 165 166 167 168 171 173 174 175 176 177 178 179 181 182
30 124 126 127 128 130 131 134 136 137 140 141 143 144 145 146 147 148 152 155 158 159 162 164 165 168 169 171 173 178 181
36 123 124 126 129 130 132 133 134 135 137 138 139 140 142 143 144 145 147 149 150 153 154 157 158 159 165 166 168 170 171 172 174 178 179 180 181
22 125 126 127 129 131 140 141 145 151 156 158 159 161 166 169 173 174 176 177 179 181 182
36 124 125 126 127 128 129 130 131 133 136 137 139 142 143 144 146 147 148 149 152 153 157 160 161 162 165 166 167 168 169 170 171 173 176 177 182
31 123 125 128 130 137 138 141 143 144 145 148 149 150 151 152 153 156 157 159 162 164 166 167 168 170 171 172 175 177 179 180
32 124 127 130 131 133 134 140 141 142 143 144 147 148 150 151 152 154 155 159 160 161 162 163 164 168 169 170 173 178 179 180 181
27 125 127 128 129 131 135 138 140 141 142 143 144 145 147 154 155 156 158 167 168 169 170 173 175 178 179 182
24 125 127 134 138 139 140 142 143 149 151 152 154 157 161 163 167 169 172 173 174 177 178 180 181
34 123 124 130 132 133 135 136 142 143 144 145 146 147 148 150 152 153 157 160 161 162 163 165 167 168 169 172 174 175 177 178 179 180 182
37 123 124 125 126 128 130 131 132 133 134 135 139 140 141 143 144 145 147 149 150 151 153 161 163 166 168 169 170 171 173 174 175 177 178 179 180 182
34 125 126 127 128 129 130 134 135 137 139 140 141 142 144 145 150 151 153 154 156 157 158 159 160 164 166 173 174 176 177 178 179 180 181
20 125 129 134 135 136 137 141 142 143 145 146 147 149 156 165 167 168 171 178 181
33 126 128 129 130 132 134 138 139 142 143 144 146 147 148 150 151 152 154 155 158 160 161 162 163 165 169 171 175 176 179 180 181 182
23 123 125 128 132 134 136 141 145 147 151 152 154 155 158 165 166 167 168 169 172 173 174 181
24 125 128 129 131 132 134 135 137 139 141 144 145 148 150 154 159 161 162 168 170 171 176 178 180
37 126 128 131 132 135 136 137 138 139 140 141 144 145 147 148 149 150 151 152 153 154 156 159 161 162 163 164 165 167 169 170 172 174 178 179 181 182
27 125 126 131 132 134 135 136 137 138 139 142 145 146 153 154 158 163 167 168 170 174 177 178 179 180 181 182
21 124 129 130 131 133 136 139 144 146 149 153 156 159 160 171 175 176 177 178 181 182
33 123 124 128 129 131 132 136 137 139 140 144 145 147 148 154 155 156 159 160 162 164 165 167 168 169 171 172 173 174 175 176 180 181
37 123 124 127 130 131 134 135 136 137 139 141 143 146 148 149 150 151 152 153 154 155 156 158 160 162 165 166 167 168 170 172 176 177 178 179 180 181
32 124 125 126 127 129 130 132 134 136 138 142 143 144 146 149 151 152 154 157 159 161 165 167 168 169 170 171 174 176 179 180 181
31 125 128 129 132 133 134 135 136 138 139 140 141 143 145 146 147 149 151 154 156 157 158 161 162 168 170 171 172 173 176 182
21 128 129 131 137 140 141 144 148 149 151 152 153 155 156 160 162 165 169 171 176 178
28 127 128 130 132 138 144 146 149 153 154 155 157 159 161 162 163 164 165 167 168 170 171 172 176 177 180 181 182
31 125 128 129 130 131 137 138 139 141 142 146 149 150 152 154 155 159 160 161 162 163 165 166 167 168 170 173 174 177 178 181
38 125 126 128 129 132 133 134 136 140 141 142 143 144 145 146 147 148 149 150 151 154 155 157 159 160 163 165 166 168 169 170 171 172 174 176 177 179 181
18 127 132 135 136 138 139 141 142 144 147 148 150 155 156 166 173 175 176
29 124 126 129 131 132 133 134 135 136 137 142 148 149 153 155 158 160 161 162 163 165 166 169 171 173 174 176 178 181
32 126 130 131 133 136 137 138 144 146 151 153 155 156 157 159 160 161 163 165 167 168 169 171 172 173 174 175 176 178 179 180 182
30 124 127 128 129 131 132 135 136 138 141 142 144 147 149 150 152 156 160 161 162 163 167 169 170 173 174 175 177 179 181
35 123 125 126 127 128 129 130 134 135 136 137 138 140 142 144 145 146 147 149 150 151 152 154 155 158 163 166 169 170 171 173 174 175 178 179
24 127 129 131 134 136 137 138 139 141 143 144 149 156 158 164 168 170 171 172 173 175 179 180 182
27 124 125 126 127 128 130 133 137 142 143 145 146 151 154 155 156 157 158 162 164 166 167 169 171 172 173 177
30 123 125 130 131 133 134 135 136 138 139 140 143 145 148 150 152 157 158 159 162 163 164 167 169 174 177 178 179 180 181
26 123 126 128 130 132 133 136 137 140 143 144 146 153 156 158 159 165 168 170 173 174 176 178 180 181 182
27 123 125 129 130 131 132 133 137 138 140 141 145 147 151 152 153 156 159 161 163 166 170 176 177 179 181 182
21 129 132 133 134 135 139 140 143 146 154 155 158 159 160 165 166 171 173 174 177 178
39 126 128 129 130 132 133 134 135 136 137 139 143 144 145 146 147 148 150 151 152 153 154 155 156 159 161 164 165 166 167 168 170 171 173 175 176 180 181 182
38 124 125 128 129 131 133 135 136 137 138 139 140 142 145 149 150 151 152 154 155 156 157 158 159 164 165 167 168 169 171 172 173 174 175 178 179 180 181
37 123 125 128 129 130 132 133 135 136 138 141 142 144 147 148 149 150 152 154 156 157 159 161 162 163 166 167 168 169 173 174 175 176 178 179 181 182
23 125 126 127 129 134 137 140 142 146 147 148 149 154 156 160 162 164 167 168 169 170 179 181
40 124 127 128 130 131 133 134 135 137 138 141 142 144 145 146 147 149 150 151 152 153 154 156 157 160 161 162 166 167 168 169 172 173 174 175 177 178 179 180 181
29 125 126 127 130 131 136 137 138 139 140 144 147 148 149 150 151 152 153 154 155 159 160 162 167 169 171 172 176 181
21 124 127 129 130 138 142 143 144 151 154 157 158 161 162 163 165 168 170 172 181 182
21 124 125 128 129 131 133 134 138 139 142 145 149 153 156 158 162 169 170 175 176 180
23 128 130 131 133 137 139 141 145 147 148 149 152 155 156 158 160 166 167 170 174 180 181 182
23 130 131 133 134 136 142 143 146 147 154 155 158 160 161 166 168 169 170 173 174 175 178 182
39 123 124 125 126 127 128 129 130 133 134 136 139 140 141 144 145 146 147 148 149 150 154 157 158 159 160 162 163 164 166 170 172 173 174 175 176 179 180 181
30 123 125 126 127 128 130 131 132 135 138 140 142 144 146 147 149 152 154 155 156 161 163 164 170 171 172 174 176 177 180
28 123 124 125 127 132 135 138 142 143 144 146 150 151 152 157 158 159 162 163 164 168 170 173 174 176 178 181 182
39 123 124 126 127 128 129 130 131 132 136 138 139 143 144 147 148 149 150 151 152 153 154 156 157 159 160 162 165 166 167 170 171 172 173 177 178 179 181 182
32 124 125 127 128 131 133 136 138 139 142 143 144 145 148 149 151 152 153 157 161 164 165 168 169 172 173 175 176 177 178 179 182
36 123 128 129 130 133 134 137 139 140 143 144 145 146 148 149 150 151 152 153 154 156 157 158 159 160 163 164 167 168 171 175 177 178 180 181 182
23 125 129 131 137 141 143 144 149 151 153 154 155 156 158 161 163 164 165 166 171 176 177 180
19 124 127 130 136 138 148 151 154 157 162 163 166 168 169 171 173 174 178 180
23 125 127 128 134 139 143 149 151 152 154 155 156 160 161 162 164 165 169 171 173 174 177 178
25 123 124 129 132 133 135 137 138 139 140 142 146 149 150 152 153 155 159 160 165 166 177 179 180 181
32 123 126 127 131 135 136 137 141 145 146 149 150 152 153 154 156 157 158 159 160 161 163 164 165 167 169 170 171 172 176 177 180
35 124 125 127 128 129 130 131 132 133 137 138 140 142 144 145 147 150 151 152 159 160 161 162 164 168 169 170 171 173 174 175 177 179 180 182
26 124 125 126 130 131 132 138 139 142 143 146 149 150 151 153 156 159 161 163 164 170 174 177 179 181 182
32 125 128 130 131 133 137 138 139 140 141 143 144 148 149 150 151 153 156 157 158 160 161 163 164 165 167 171 173 175 179 180 182
24 123 124 128 129 131 133 134 136 137 141 147 154 156 157 159 160 167 168 170 171 172 173 180 182
22 124 125 127 128 133 135 136 137 140 146 153 154 155 156 157 162 165 168 170 171 172 174
35 123 126 127 129 130 131 135 136 137 138 139 140 144 145 150 151 152 154 159 161 162 163 165 167 170 171 172 174 175 176 177 178 180 181 182
24 132 133 134 138 141 145 147 149 150 152 153 154 159 160 161 164 167 168 169 171 172 176 178 179
40 124 125 127 128 129 134 137 138 139 140 143 144 146 147 149 151 152 153 154 156 157 158 159 160 161 162 163 164 166 167 168 171 172 173 176 177 179 180 181 182
21 128 130 135 137 138 139 140 141 147 149 151 153 154 155 156 157 158 159 171 172 177
35 125 126 127 129 130 132 135 137 138 139 141 142 143 144 145 148 149 150 153 158 159 160 163 164 165 166 167 168 169 172 173 176 180 181 182
25 123 125 127 134 135 136 138 139 141 143 144 145 149 151 154 163 164 166 167 170 171 173 177 179 180
32 126 127 128 129 131 132 134 135 138 139 140 141 144 145 146 151 155 157 159 160 164 165 166 167 168 170 171 172 173 175 176 177
24 123 125 129 131 134 136 137 141 142 143 144 146 147 149 155 157 158 163 165 173 175 179 181 182
28 125 131 132 135 137 138 139 143 144 145 148 149 152 154 155 157 158 160 161 164 165 168 169 170 171 172 177 182
34 123 124 129 130 132 133 139 140 146 147 148 149 150 151 152 156 158 159 160 161 162 166 167 168 169 170 171 172 173 175 176 178 180 181
39 123 124 127 128 129 130 131 133 135 137 139 141 142 143 144 145 146 147 149 150 152 153 155 156 158 159 160 161 163 169 170 173 174 175 176 177 179 180 181
34 123 124 125 127 129 130 133 135 136 138 139 140 143 144 145 146 151 152 153 157 159 160 161 162 166 168 169 170 171 175 176 178 179 181
36 123 124 126 127 129 130 132 135 137 138 139 140 141 142 144 146 148 149 150 151 155 156 158 159 163 164 166 167 168 170 172 173 174 176 177 178
41 124 125 127 128 130 132 133 135 136 137 138 141 143 145 146 147 148 149 152 153 154 155 156 158 159 161 162 163 164 165 166 168 169 171 172 174 175 176 178 179 180
38 123 124 127 128 129 131 135 136 137 143 144 145 146 147 148 149 150 151 152 153 155 156 157 158 159 164 166 167 168 170 171 172 174 175 176 179 180 182
28 128 130 132 133 135 142 143 144 145 147 152 153 154 155 156 159 161 162 163 164 166 167 168 171 172 176 178 181
