242 1427
60 1 2 3 4 5 6 7 8 9 10 11 12 13 14 15 16 17 18 19 20 21 22 23 24 25 26 27 28 29 30 31 32 33 34 35 36 37 38 39 40 41 42 43 44 45 46 47 48 49 50 51 52 53 54 55 56 57 58 59 60
24 4 5 6 7 8 9 11 12 15 16 17 20 21 23 25 26 29 30 36 43 47 53 55 57
39 1 2 3 4 6 8 13 14 15 17 18 19 20 21 22 23 24 25 26 28 29 31 34 38 39 43 44 45 46 47 48 51 53 54 56 57 58 59 60
22 1 6 14 15 17 24 28 29 31 34 35 38 41 42 43 47 48 49 52 58 59 60
26 1 12 13 18 21 22 23 25 26 28 30 31 34 35 37 43 45 46 48 50 53 54 56 58 59 60
44 1 2 3 4 7 8 9 10 11 13 15 17 18 20 23 24 25 26 27 29 31 32 33 34 36 37 38 39 40 42 43 45 46 48 49 50 51 52 53 54 55 56 57 60
34 1 6 7 8 9 10 11 14 15 16 21 22 23 24 31 32 34 36 37 38 39 40 41 44 47 48 49 50 52 53 57 58 59 60
44 1 4 5 6 7 8 9 10 12 14 15 17 18 19 20 22 23 24 25 26 27 28 29 30 32 33 34 35 36 39 40 41 42 44 46 47 51 52 53 54 55 56 57 60
22 5 7 8 10 17 18 23 26 27 29 30 31 34 35 37 40 43 44 46 50 51 53
28 2 3 4 5 6 7 11 14 17 21 22 23 25 26 30 34 36 39 40 42 43 44 46 51 52 58 59 60
43 1 3 4 5 6 7 10 12 13 14 15 16 17 19 21 22 23 24 25 27 29 30 31 35 36 37 38 39 41 42 44 45 46 47 49 50 51 53 54 55 57 58 60
29 3 4 6 7 10 16 17 18 19 20 21 22 27 28 29 31 32 33 34 35 36 40 46 47 48 53 54 55 56
34 1 3 4 5 7 8 10 11 12 14 16 17 18 19 20 21 24 27 28 30 32 33 34 35 36 37 41 43 44 49 52 55 56 57
32 4 5 6 7 8 11 12 14 15 17 19 22 23 24 26 27 30 32 33 35 37 39 41 44 46 47 48 49 50 52 57 58
47 1 2 6 7 8 9 10 11 12 13 14 15 16 19 20 21 22 23 26 27 28 29 30 33 34 36 37 38 39 41 42 43 44 45 46 47 49 50 51 53 54 55 56 57 58 59 60
43 2 3 4 5 6 8 9 10 18 19 22 23 26 27 28 30 32 33 34 35 36 37 38 40 41 42 43 44 45 46 47 48 49 50 51 52 54 55 56 57 58 59 60
42 1 3 4 5 7 9 10 11 13 14 15 17 18 19 20 21 22 23 25 26 28 29 30 32 33 34 35 37 39 40 41 44 45 46 47 48 50 51 55 57 59 60
42 2 4 5 6 7 8 9 10 11 15 16 17 18 19 20 21 25 26 28 30 31 34 35 36 37 38 39 40 41 42 44 46 47 48 49 50 51 53 54 55 56 58
23 2 3 4 7 12 15 20 28 29 30 31 33 34 41 43 44 45 46 51 52 53 56 59
34 1 4 6 7 9 11 12 13 18 21 23 24 25 29 30 31 33 34 35 37 42 43 44 45 46 47 48 50 52 55 56 57 58 59
40 1 2 3 4 5 6 7 9 13 14 16 17 18 19 20 21 23 24 25 26 28 29 30 31 32 34 36 38 40 41 42 43 45 50 53 54 55 56 57 58
28 3 4 5 10 11 15 17 19 22 24 31 34 36 38 41 44 45 46 47 48 49 51 52 54 55 56 58 60
47 2 3 4 5 7 9 10 11 12 13 14 15 16 17 18 19 20 21 23 24 25 26 27 28 29 31 33 34 36 37 38 40 41 42 43 44 45 48 49 50 52 53 54 56 57 58 60
36 1 2 3 5 6 8 9 11 13 17 18 20 21 24 26 28 31 34 36 37 38 39 40 44 45 46 47 48 49 51 53 54 55 56 57 58
26 1 5 7 11 12 14 15 19 22 24 25 27 29 30 35 36 39 42 44 45 49 52 53 54 57 60
20 3 5 8 12 16 20 21 32 34 36 37 38 39 40 41 42 45 47 55 56
36 2 3 4 5 7 10 11 13 15 16 20 21 22 25 26 27 28 30 32 34 36 37 40 42 44 45 47 48 50 51 52 53 54 56 58 59
45 1 2 3 4 5 8 9 10 11 13 14 15 17 19 22 23 24 25 26 27 29 30 31 32 33 35 36 40 41 44 45 46 47 48 49 50 51 52 53 54 55 56 58 59 60
20 17 19 22 23 24 25 27 28 30 31 32 36 39 40 41 45 46 51 52 54
21 3 4 6 10 11 19 24 25 27 28 32 33 35 42 44 45 46 48 51 57 58
29 12 14 16 17 19 20 21 22 24 27 29 30 32 33 34 35 36 38 39 41 42 48 50 55 56 57 58 59 60
40 1 3 4 6 7 8 10 11 12 13 17 18 20 23 25 27 28 29 32 33 34 35 36 37 38 40 41 42 43 45 46 48 49 50 53 54 56 57 58 60
34 1 5 9 10 12 13 14 15 17 18 20 22 23 24 26 27 33 36 37 38 39 40 41 44 45 46 47 48 50 52 55 56 57 58
29 3 7 10 11 12 17 18 19 21 22 23 26 27 32 33 34 35 37 38 39 40 42 44 46 47 49 54 57 59
23 2 3 5 8 10 12 15 16 17 20 33 34 38 39 40 42 44 47 54 57 58 59 60
34 3 4 7 8 9 11 12 13 15 18 19 20 21 22 23 24 26 27 30 32 34 35 36 37 38 42 44 45 46 48 51 53 55 60
29 2 8 9 10 17 18 19 21 22 26 28 29 30 31 32 33 34 35 37 39 40 43 44 46 47 55 57 58 60
22 1 3 4 6 8 10 14 18 19 21 25 26 28 30 34 37 39 44 52 57 59 60
40 1 3 5 6 7 8 10 13 14 15 17 18 19 21 24 25 29 31 32 33 36 37 38 41 42 43 44 45 46 48 50 51 52 53 54 55 56 57 58 59
20 1 2 3 7 25 28 29 30 32 33 35 36 37 38 42 45 46 51 55 57
37 1 2 4 5 7 8 11 12 13 16 17 19 20 22 26 27 30 32 34 36 37 38 39 40 41 42 44 45 46 47 48 49 54 55 56 57 59
32 1 4 5 6 7 9 11 12 14 19 21 26 28 29 30 32 35 37 39 41 42 44 45 46 47 48 52 55 56 57 58 60
37 1 4 6 7 9 11 13 14 15 18 19 20 21 22 23 24 25 26 27 31 32 34 37 39 41 44 45 47 48 50 52 53 54 55 57 58 59
21 3 7 9 10 11 15 17 19 23 28 29 37 40 42 46 49 50 51 53 56 60
41 1 2 5 6 7 8 10 11 12 13 17 18 19 20 21 22 25 26 27 28 29 31 32 35 36 37 38 40 41 42 43 44 46 49 51 52 53 54 55 57 58
19 1 2 8 9 10 13 14 16 19 25 26 35 36 40 42 46 55 59 60
38 5 7 8 10 11 12 15 17 19 20 21 22 25 26 28 29 30 31 32 33 34 36 37 38 39 42 45 46 47 49 51 53 54 55 56 57 58 59
26 2 3 4 5 10 13 14 16 17 18 20 22 24 28 29 30 37 40 43 44 47 48 49 52 53 59
35 1 2 8 9 10 11 12 14 16 17 21 22 24 25 27 29 32 33 34 35 36 39 42 44 45 47 48 50 52 53 54 56 57 58 60
20 2 5 6 7 10 12 14 16 19 21 29 30 39 47 48 49 50 51 54 57
32 1 3 4 6 8 10 11 14 15 16 17 18 20 22 23 24 28 31 32 34 35 36 37 40 42 43 46 48 49 51 52 57
46 1 2 5 6 7 8 9 11 14 15 16 17 19 21 23 24 25 26 28 30 31 32 33 34 35 39 40 41 42 43 44 45 46 47 49 50 51 52 53 54 55 56 57 58 59 60
43 1 4 5 7 8 9 11 12 13 14 15 16 17 18 20 22 23 25 26 27 30 34 35 37 38 39 41 43 44 45 46 48 50 51 52 53 54 55 56 57 58 59 60
18 2 5 8 10 19 20 24 26 33 34 36 39 44 45 47 49 51 53
43 1 2 3 4 6 7 8 9 11 12 13 14 16 18 19 20 21 22 23 25 26 27 28 29 30 32 34 35 40 41 44 45 47 48 51 52 53 54 56 57 58 59 60
35 1 3 7 10 11 13 14 15 16 17 18 22 27 29 30 32 34 35 36 37 39 41 42 43 45 46 47 49 52 53 55 56 57 59 60
21 8 9 11 12 13 14 15 19 22 30 32 35 39 43 45 47 48 49 50 51 58
19 1 7 19 22 25 32 36 37 39 41 42 44 45 46 47 53 54 55 56
36 1 2 4 5 6 7 9 10 13 14 16 18 20 21 22 25 26 28 29 30 32 33 34 37 40 41 46 47 48 49 52 55 56 57 58 59
21 1 6 7 8 9 12 17 18 19 25 26 28 31 32 33 36 41 46 50 59 60
32 3 5 10 13 14 15 16 18 20 22 23 25 29 30 33 34 35 39 41 42 43 44 46 47 48 49 51 55 56 58 59 60
32 1 2 3 4 7 9 14 15 16 17 19 21 25 26 27 29 31 35 37 38 39 40 41 44 45 46 47 48 52 54 55 58
42 1 2 3 6 7 9 10 13 15 16 18 19 20 21 23 25 28 29 30 31 32 34 35 37 38 39 40 41 43 44 45 46 47 48 49 50 51 54 56 58 59 60
33 1 2 3 4 7 8 9 10 12 13 14 18 20 23 29 30 32 33 35 36 38 39 42 43 45 46 47 48 49 50 51 57 58
25 2 3 4 5 8 10 11 13 15 16 17 20 21 22 27 33 38 41 42 45 47 49 55 56 59
23 2 4 8 9 11 14 15 16 17 18 23 25 26 28 33 37 39 41 44 51 54 59 60
39 1 3 4 6 8 9 10 11 12 13 15 16 18 19 20 25 26 28 30 31 32 33 36 37 40 42 44 45 47 48 49 50 51 53 54 55 57 58 59
33 2 4 5 10 11 12 13 14 18 19 21 22 23 24 26 27 28 30 31 32 34 35 36 37 38 39 40 42 44 47 55 59 60
36 1 5 7 8 9 10 11 12 17 19 21 22 25 26 29 30 32 33 34 35 37 38 39 40 41 43 44 45 46 47 48 51 53 55 57 58
44 1 6 7 8 12 14 15 16 17 18 19 20 21 22 24 25 26 27 29 30 31 33 34 35 36 37 38 39 40 41 42 43 44 46 48 49 50 52 53 54 56 58 59 60
38 2 3 4 7 9 10 13 15 17 20 22 23 24 25 26 27 28 29 30 31 33 35 36 37 39 44 45 46 47 51 52 53 54 55 56 57 58 59
24 2 4 5 8 14 19 20 26 29 30 31 37 39 40 41 45 46 48 53 54 56 57 58 59
44 1 3 4 5 6 7 9 10 11 13 15 17 19 21 22 23 25 26 27 28 29 31 32 33 34 35 36 38 39 40 42 43 44 46 47 48 50 51 53 54 55 56 59 60
45 1 2 4 5 7 8 9 11 12 15 17 19 20 21 22 23 24 25 26 28 29 30 31 32 34 35 36 37 38 39 40 42 45 46 48 49 50 51 53 54 55 56 57 59 60
29 2 4 9 11 14 16 17 19 20 21 24 25 29 31 34 36 37 38 40 43 45 47 50 53 54 55 56 58 60
29 3 6 7 8 10 11 13 14 15 17 18 21 24 25 27 28 29 32 33 37 38 41 43 44 45 50 51 53 55
18 3 12 18 20 24 28 29 34 35 36 37 38 39 41 43 46 54 56
31 1 2 5 9 10 12 13 14 17 19 20 22 29 33 35 36 39 42 44 46 47 48 49 50 52 53 54 55 58 59 60
46 1 2 3 5 6 7 8 12 13 14 15 17 18 19 20 21 22 23 24 25 27 28 30 31 32 33 35 36 38 39 40 41 42 43 47 48 50 51 52 53 54 55 56 58 59 60
27 1 2 3 5 7 8 12 13 15 20 22 23 24 26 31 35 39 40 44 45 48 50 51 52 54 55 56
51 61 62 63 64 65 66 67 68 69 70 71 72 73 74 75 76 77 78 79 80 81 82 83 84 85 86 87 88 89 90 91 92 93 94 95 96 97 98 99 100 101 102 103 104 105 106 107 108 109 110 111
37 61 62 63 64 65 66 67 69 73 74 75 76 77 80 82 83 85 86 87 88 89 90 91 93 94 95 96 97 99 100 101 104 105 108 109 110 111
21 63 64 65 66 67 68 77 78 80 84 85 87 88 94 98 101 103 105 107 108 111
40 61 62 63 64 65 68 69 72 74 75 77 78 79 81 82 83 84 85 86 87 89 90 91 92 93 94 97 98 99 100 101 102 103 104 106 107 108 109 110 111
17 61 68 69 71 78 80 83 85 87 94 95 96 100 102 103 104 109
34 61 62 63 64 66 70 71 73 74 75 77 78 81 82 83 84 86 89 90 91 92 93 96 98 99 100 101 102 103 104 106 107 108 109
33 63 64 65 67 68 70 71 73 77 78 81 82 83 84 86 87 88 89 91 92 93 96 97 98 99 100 101 102 105 106 107 108 109
40 61 63 64 66 67 68 69 70 71 72 74 75 77 78 79 80 81 82 83 84 85 86 87 89 90 92 93 96 97 98 99 100 101 103 105 106 107 108 109 111
27 61 62 64 66 70 71 73 78 79 82 85 86 88 90 91 93 94 97 100 101 102 103 105 106 108 109 111
17 64 65 66 67 68 69 72 73 75 80 81 84 90 101 102 106 107
39 61 65 66 67 69 70 71 72 73 74 78 80 81 82 84 86 87 88 89 90 92 93 94 95 96 97 98 99 100 101 102 103 104 105 106 107 108 109 110
34 61 64 65 67 68 69 70 72 74 75 76 77 79 80 81 83 84 87 88 89 91 92 94 95 96 97 99 101 102 103 105 106 109 111
38 62 63 64 66 67 68 69 73 74 75 76 77 78 79 81 83 84 85 86 88 89 90 91 92 94 96 97 98 99 100 102 103 104 105 106 107 108 111
34 61 62 63 64 66 69 70 71 72 75 77 79 80 83 84 85 87 88 89 90 91 92 95 97 98 99 103 104 105 106 107 108 110 111
23 63 64 65 66 67 69 70 75 80 82 83 86 90 92 94 96 99 102 104 105 106 108 109
34 61 62 63 66 68 70 71 72 74 75 77 78 79 80 81 82 83 84 86 87 90 91 95 97 99 100 101 103 105 106 107 108 110 111
23 64 67 70 71 72 73 75 76 79 80 81 83 88 89 91 92 94 96 97 102 108 109 110
25 65 66 68 71 72 79 80 81 86 87 88 89 90 91 92 95 97 100 101 102 103 105 106 107 111
28 61 62 65 71 72 73 74 75 77 78 81 82 84 85 86 87 89 90 91 93 95 97 100 101 107 109 110 111
39 61 62 65 66 67 68 69 70 72 73 74 75 76 77 78 79 80 82 84 85 86 87 88 90 91 93 94 96 98 99 101 102 104 106 107 108 109 110 111
37 61 62 63 64 65 66 67 70 71 72 73 74 75 76 79 80 83 85 86 87 88 89 90 91 92 93 94 95 96 97 100 101 102 104 106 109 111
16 63 68 72 75 76 79 81 84 95 97 98 99 102 103 105 106
38 61 62 63 64 65 67 68 69 71 72 73 75 76 78 80 81 82 85 86 88 89 91 92 93 94 95 96 97 98 101 103 104 106 107 108 109 110 111
22 64 65 66 67 69 74 79 80 82 83 86 87 88 91 92 93 95 97 101 103 104 111
38 62 63 64 65 67 68 69 70 71 73 74 75 76 77 79 80 81 82 83 84 86 87 89 90 93 94 95 96 97 101 104 105 106 107 108 109 110 111
39 64 65 66 67 68 70 72 73 74 75 76 77 78 79 80 81 82 83 84 85 86 88 89 90 91 93 94 95 96 97 98 99 102 103 104 107 108 109 110
31 61 64 66 67 71 72 75 77 78 79 82 83 85 86 88 89 91 93 95 97 98 99 100 101 102 104 105 107 108 109 110
35 61 62 63 65 66 67 68 69 70 71 76 77 78 79 81 82 83 84 85 89 90 92 93 94 95 97 98 101 102 103 104 105 106 110 111
40 61 62 63 64 65 68 69 71 72 76 77 79 80 81 82 83 84 85 86 87 88 89 90 92 93 95 96 97 98 100 101 102 103 104 105 106 107 108 109 111
33 61 63 64 65 69 71 73 74 75 77 79 80 81 82 83 86 88 89 90 91 92 94 95 97 98 99 100 103 105 106 107 108 109
25 63 70 71 74 76 77 78 79 80 83 84 87 91 92 94 95 96 97 99 101 102 103 104 106 110
20 63 70 71 73 75 78 82 84 87 92 93 94 98 102 103 104 105 106 108 111
27 61 62 66 68 70 72 73 74 76 77 78 79 81 82 88 90 91 92 94 95 99 100 102 104 107 110 111
16 62 63 64 66 73 80 86 88 90 92 93 95 97 99 101 106
36 61 62 64 66 70 71 72 73 74 75 76 77 78 80 81 82 84 85 86 87 88 89 90 93 96 97 98 99 100 101 102 103 104 105 108 110
22 61 62 63 64 66 71 77 78 79 85 89 90 92 97 100 101 105 106 107 108 109 111
30 63 64 65 66 67 68 69 70 71 72 74 75 77 81 85 86 88 89 90 94 97 98 99 102 103 105 106 108 109 111
17 62 63 65 68 70 72 73 74 82 83 84 87 96 98 104 106 109
33 61 63 64 65 66 67 68 69 70 73 74 76 78 82 83 85 87 88 92 93 94 95 96 97 98 99 100 101 102 105 106 108 111
18 62 63 64 68 69 72 73 74 80 81 84 86 96 97 99 100 101 104
18 61 62 65 67 72 73 75 76 81 83 85 87 88 98 100 105 106 110
31 61 62 64 65 66 67 69 72 73 74 75 76 77 78 79 82 86 87 90 92 94 95 96 97 100 105 106 107 108 109 110
17 61 66 79 80 83 92 93 94 95 100 101 102 104 107 108 109 111
28 61 62 63 64 65 66 68 71 72 76 78 80 81 84 85 86 87 89 91 92 93 94 95 96 98 100 107 109
19 64 68 69 70 72 73 75 78 83 86 87 93 95 96 97 98 99 107 109
30 61 64 67 69 70 71 72 76 77 81 82 83 84 85 86 87 88 89 91 92 94 95 96 97 98 101 103 106 107 109
28 62 63 64 67 68 69 71 73 76 77 83 84 86 89 90 92 93 96 97 98 100 101 102 103 104 105 106 111
19 61 64 65 70 72 73 81 86 88 90 91 98 99 101 103 104 106 110 111
16 68 73 76 77 83 86 87 89 92 94 98 100 101 103 108 110
33 112 113 114 115 116 117 118 119 120 121 122 123 124 125 126 127 128 129 130 131 132 133 134 135 136 137 138 139 140 141 142 143 144
10 117 119 120 124 128 130 133 136 139 143
18 113 114 115 116 117 119 120 121 125 127 129 130 131 136 137 138 141 144
16 112 113 116 117 119 120 125 127 129 132 133 135 136 142 143 144
22 112 115 117 118 119 121 122 123 124 125 126 127 128 131 133 134 136 137 138 140 142 144
16 116 118 120 122 123 124 127 129 132 133 136 137 138 139 141 143
20 113 114 115 117 118 119 120 124 125 127 128 129 131 132 135 136 140 141 142 144
23 112 113 114 115 116 117 118 119 120 121 124 126 128 129 131 132 137 138 140 141 142 143 144
16 115 118 119 124 125 126 127 131 133 134 137 139 140 141 142 143
10 112 113 114 117 120 123 130 137 141 144
10 116 117 120 123 126 129 130 131 141 144
11 116 117 119 123 127 128 133 134 135 137 138
20 113 114 115 116 120 121 122 123 124 125 127 129 132 134 135 136 137 138 143 144
10 113 117 118 120 122 126 127 134 139 144
16 113 114 117 118 119 122 124 126 129 130 131 135 140 142 143 144
24 112 113 114 115 116 117 120 121 124 125 127 128 129 131 132 133 135 136 137 138 140 141 143 144
18 114 115 118 119 120 121 122 123 124 126 130 131 135 138 139 140 143 144
25 112 114 115 116 117 118 119 120 121 122 123 124 128 129 130 131 132 135 136 138 139 140 142 143 144
25 112 113 114 115 116 117 119 120 122 125 126 128 129 130 132 133 134 135 136 137 138 139 141 142 144
22 112 114 115 117 118 119 120 121 122 124 125 126 128 131 134 135 136 137 138 139 142 143
14 112 114 115 116 117 121 124 131 134 135 136 137 141 142
10 116 120 121 122 124 126 133 136 139 142
22 113 114 115 116 118 119 120 121 122 123 126 129 130 131 132 135 137 139 140 142 143 144
11 115 118 119 124 127 129 134 135 137 140 143
25 112 113 114 115 116 117 118 119 120 121 124 126 127 128 129 132 133 134 135 137 138 140 141 142 144
18 112 114 116 118 121 122 123 125 126 128 132 133 136 137 138 139 142 144
19 112 114 115 119 120 121 122 123 126 130 133 134 136 137 139 140 142 143 144
15 113 115 116 119 121 123 124 127 131 135 136 139 141 142 143
21 112 115 116 118 119 120 121 123 124 125 127 129 130 132 133 135 137 139 142 143 144
20 153 154 160 165 168 169 174 181 182 183 184 190 193 206 210 212 214 215 217 221
28 150 154 158 159 163 167 168 170 171 173 175 177 179 181 188 191 192 193 203 206 208 209 210 211 212 217 218 219
25 146 149 151 157 159 165 166 174 183 185 186 188 192 197 199 200 201 202 203 205 209 210 211 220 221
28 147 149 151 152 153 154 155 162 167 168 172 175 179 182 184 185 187 189 192 194 196 197 207 209 212 214 217 220
18 152 157 164 168 183 184 185 187 188 191 193 195 201 211 214 215 216 218
45 146 148 149 150 151 152 153 155 156 157 159 161 162 166 171 174 175 176 177 179 180 181 183 185 187 189 191 192 193 194 195 197 199 201 203 204 206 211 212 213 215 216 217 220 221
13 150 152 153 162 165 171 173 175 185 196 198 205 206
13 147 148 157 160 164 165 185 186 190 201 207 213 222
43 145 146 147 151 153 154 156 157 161 162 163 167 168 171 173 175 176 178 180 183 185 186 188 189 190 194 195 196 197 198 199 200 204 205 208 209 213 214 216 217 218 221 222
16 145 146 150 152 168 177 178 183 186 193 196 205 211 213 215 216
38 153 154 157 162 163 164 165 166 167 168 170 171 175 176 180 181 182 183 184 186 187 189 190 191 192 195 197 201 203 204 207 209 211 216 217 218 221 222
22 145 148 153 154 156 163 164 169 175 177 178 182 183 185 198 200 201 209 212 213 216 219
31 145 147 149 150 151 152 154 157 161 162 167 176 177 180 184 185 186 187 190 194 195 197 198 200 204 205 206 207 210 212 222
16 147 164 167 168 177 180 182 185 190 194 197 202 210 212 213 219
40 145 147 148 149 152 154 156 158 159 160 164 165 166 171 172 173 174 175 180 181 182 187 188 189 190 192 196 198 199 201 202 204 205 206 210 214 215 217 219 220
22 145 149 150 161 168 170 174 179 180 185 186 187 189 196 197 200 203 209 216 220 221 222
44 146 147 148 149 150 151 153 154 161 162 163 165 166 168 169 170 173 176 178 179 180 181 182 183 184 186 187 189 191 193 194 195 197 198 200 203 207 208 210 211 215 216 217 219
33 149 150 152 154 155 157 159 160 161 164 166 169 170 173 180 184 186 187 189 190 191 192 193 195 197 202 207 210 211 212 213 218 221
10 148 150 165 180 198 200 205 213 215 222
42 146 150 151 152 158 159 160 161 162 165 166 171 172 173 174 176 179 180 186 187 189 190 192 193 195 196 197 199 202 203 204 205 207 208 210 211 215 217 218 220 221 222
33 145 147 154 158 160 163 164 165 167 168 169 170 172 173 178 182 184 186 188 190 196 198 200 202 205 207 208 209 210 214 218 219 222
23 145 146 148 151 155 156 157 159 161 165 166 170 171 174 179 183 184 188 189 191 198 199 208
20 155 159 160 161 170 172 174 175 176 182 187 191 196 197 201 205 207 209 212 221
45 145 146 147 148 151 153 156 158 162 163 165 167 168 171 172 174 175 176 177 178 179 181 182 183 185 188 194 196 198 199 200 201 203 204 205 206 208 209 214 215 216 217 219 220 222
47 145 146 151 153 154 155 157 158 160 161 164 166 168 169 171 172 173 175 176 177 178 181 184 185 186 187 189 190 191 192 193 194 195 199 201 202 203 206 208 210 212 214 216 217 218 220 221
24 146 155 159 160 163 165 168 169 171 172 175 179 182 183 196 199 208 211 215 216 217 219 220 221
24 150 151 155 158 164 166 167 168 172 173 175 181 185 198 200 202 203 204 205 210 213 216 217 222
37 145 149 152 153 154 155 157 163 165 170 172 175 176 177 183 184 185 188 189 193 194 195 196 198 199 201 202 205 208 210 211 216 218 219 220 221 222
31 146 147 151 156 157 158 159 161 164 166 167 171 172 176 178 180 185 187 195 196 201 202 203 204 208 209 211 213 218 219 220
28 145 146 147 148 154 160 162 163 171 174 178 179 180 184 188 189 191 193 197 199 209 211 212 214 215 219 220 221
29 145 148 149 150 155 164 169 172 174 176 180 181 182 188 189 194 196 197 198 199 204 206 209 210 211 214 216 219 222
32 145 146 148 149 151 154 155 157 158 159 161 166 180 181 182 183 184 186 189 191 193 195 197 200 202 204 209 210 213 214 219 222
39 149 150 152 153 154 158 160 162 163 169 172 173 175 176 178 181 186 187 192 193 195 196 200 201 203 204 205 206 207 209 211 214 215 216 217 218 220 221 222
20 146 148 150 159 162 168 171 180 181 186 187 192 197 200 206 207 209 214 215 217
57 146 147 149 150 151 152 153 156 157 159 161 163 164 165 166 167 169 170 171 174 175 176 177 178 179 181 182 183 184 185 186 190 191 192 193 194 195 196 197 198 200 201 202 203 204 205 206 207 208 209 210 212 214 216 218 221 222
18 145 153 162 167 168 173 177 178 180 181 184 187 189 206 208 213 217 218
40 145 146 147 148 149 150 151 152 155 156 158 159 160 161 169 172 173 174 177 178 179 185 188 193 194 196 198 199 200 202 205 206 208 210 212 213 214 215 219 220
19 147 154 158 164 171 172 175 179 182 193 194 195 196 204 207 212 215 216 222
66 145 146 147 148 149 150 151 152 153 154 155 156 157 158 159 161 162 163 164 165 166 167 168 169 170 171 172 173 174 175 176 179 180 181 182 183 184 185 186 187 188 189 191 192 194 195 196 197 198 200 201 202 203 204 205 206 210 211 212 213 215 216 217 219 220 221
14 147 149 155 157 167 168 170 181 184 188 191 194 206 214
27 146 147 150 151 154 155 160 163 165 166 171 176 177 178 180 182 186 192 196 197 199 203 205 207 213 217 221
16 156 160 163 168 169 170 176 178 190 199 203 212 216 218 220 221
12 145 148 149 153 161 175 179 190 198 200 208 222
29 148 150 159 160 163 165 169 170 173 174 176 178 180 181 186 188 191 193 195 199 200 201 202 203 205 211 213 216 221
23 148 153 156 158 164 166 170 173 174 178 181 188 189 191 192 193 201 202 203 209 213 214 218
56 146 147 148 151 152 153 154 155 156 157 158 159 160 162 163 164 165 166 167 169 171 172 173 175 176 177 178 181 182 183 184 188 190 191 192 193 194 195 198 199 201 202 204 205 206 207 208 210 211 212 213 214 215 217 218 219
21 145 148 154 155 158 160 162 168 172 173 180 187 188 189 199 211 213 215 217 219 220
16 148 150 152 155 156 160 161 163 169 170 176 190 191 198 214 219
37 145 146 149 151 152 153 155 156 161 162 166 169 172 174 176 178 180 182 183 184 187 189 194 195 196 197 198 199 200 202 204 205 214 215 216 220 221
49 146 147 151 152 153 154 156 157 158 159 160 161 162 163 165 166 167 168 170 171 173 175 177 178 179 183 184 185 186 187 190 191 192 193 195 200 201 202 203 205 207 208 212 213 215 217 218 220 221
35 146 147 148 150 151 154 155 156 159 162 163 164 165 166 174 177 181 183 186 191 195 199 200 203 205 206 207 208 210 212 213 214 217 220 221
21 147 151 156 158 160 161 164 166 167 169 173 174 178 179 182 190 191 203 204 212 213
38 146 150 151 153 155 157 161 162 163 167 168 169 170 176 177 178 179 183 184 185 186 191 193 194 195 197 200 203 207 208 209 211 212 213 216 218 221 222
21 145 146 156 157 158 161 164 166 171 177 183 190 198 204 206 208 210 215 218 219 222
17 147 164 167 172 174 177 179 187 188 192 194 201 207 208 211 215 217
62 147 148 149 151 153 154 155 156 157 158 159 160 161 162 163 164 165 166 167 169 170 171 172 173 174 175 176 179 180 181 182 184 185 187 188 189 190 191 192 194 195 197 198 199 200 201 202 203 204 206 207 208 209 210 212 214 217 218 219 220 221 222
35 148 149 150 152 155 158 159 160 164 165 166 169 170 172 174 177 179 181 182 184 187 191 192 193 201 202 203 206 207 210 211 212 215 219 220
21 156 158 159 162 167 169 170 172 173 174 181 189 194 202 204 206 209 210 212 219 220
26 149 152 153 156 157 159 161 165 169 170 176 177 182 183 186 187 190 192 194 195 196 201 206 207 208 218
25 147 148 149 150 154 156 158 166 167 168 171 173 177 179 181 183 185 188 189 190 199 210 211 213 217
33 145 146 151 152 153 157 162 163 164 165 169 178 180 184 186 192 193 194 195 198 200 202 203 204 206 208 214 215 216 218 219 220 222
21 147 149 152 156 159 162 163 167 170 174 179 182 183 188 196 197 204 207 209 211 219
43 145 149 152 153 157 158 160 161 167 168 169 170 171 172 173 175 176 178 179 180 182 184 185 187 188 189 190 192 193 194 196 197 198 201 202 204 209 211 215 216 218 219 222
27 145 148 149 150 152 155 162 163 170 173 175 177 179 186 188 189 191 192 194 197 198 199 200 205 207 216 222
34 145 152 155 156 157 158 159 160 164 167 171 172 174 175 177 185 188 190 192 196 199 201 202 204 205 206 209 212 213 214 218 220 221 222
12 160 177 178 190 193 199 207 208 209 214 218 222
22 149 153 154 162 167 168 172 175 179 182 184 185 187 192 194 196 197 207 209 212 214 220
35 145 151 152 153 156 159 162 165 166 167 168 170 172 174 175 176 179 182 183 187 191 192 195 196 197 198 201 204 211 212 213 215 219 220 221
48 147 148 151 153 154 157 159 160 162 163 164 165 166 167 169 170 171 173 174 175 176 180 181 182 184 185 187 188 190 191 195 198 199 201 202 203 204 207 208 209 210 212 214 217 219 220 221 222
48 146 147 150 152 153 157 159 161 163 164 165 166 167 169 170 171 175 176 177 179 181 182 183 185 186 190 191 192 193 194 195 196 197 198 200 201 202 204 205 206 207 209 212 214 216 218 221 222
19 145 152 153 166 172 174 176 180 182 189 194 196 200 202 204 205 215 220 221
20 147 148 149 150 156 167 168 171 177 179 181 185 188 189 190 199 210 211 213 217
27 153 154 157 158 159 160 163 165 166 167 168 173 177 183 184 185 186 190 193 200 202 203 205 208 212 215 221
9 147 157 167 168 170 181 188 191 206
16 158 167 168 170 171 177 179 203 206 208 210 211 212 217 218 219
22 149 152 153 159 161 162 166 171 174 176 177 179 185 187 191 193 194 211 212 215 220 221
13 152 161 165 169 170 176 183 190 192 196 201 206 208
16 145 150 161 168 174 179 185 186 187 189 196 197 203 209 216 221
20 145 146 147 154 171 178 179 184 188 189 193 197 199 209 211 212 214 215 219 221
22 145 146 152 153 163 164 178 180 186 192 193 198 200 202 203 204 208 215 216 219 220 222
22 146 147 148 153 154 162 168 169 170 173 178 180 182 183 184 186 191 195 210 215 216 219
13 150 155 166 167 168 173 175 181 202 203 204 205 222
30 148 149 152 155 158 159 160 164 165 166 170 172 174 177 179 181 182 184 187 191 192 193 201 202 203 210 211 212 219 220
11 148 156 164 174 188 189 191 193 209 213 218
14 147 164 167 168 177 180 182 185 190 194 197 202 210 219
18 148 153 154 163 164 169 175 177 178 182 183 185 200 201 212 213 216 219
18 146 156 157 158 161 164 171 177 190 198 204 206 208 210 215 218 219 222
16 150 151 161 167 176 180 185 186 187 190 194 197 204 210 212 222
8 145 150 152 168 183 193 215 216
21 146 155 159 160 163 165 168 169 171 172 179 182 183 196 208 211 215 216 217 219 220
28 145 146 148 149 151 154 155 157 158 159 181 182 183 184 186 191 193 195 197 200 202 204 209 210 213 214 219 222
20 154 164 165 167 168 170 172 178 184 188 190 196 198 202 207 209 210 214 218 219
45 146 148 151 152 153 154 155 156 157 158 159 160 162 163 165 166 167 169 172 173 175 176 177 181 182 183 184 188 190 191 194 195 199 201 204 205 206 207 208 210 211 212 214 215 217
38 146 147 151 153 156 158 159 160 162 163 165 167 168 170 171 175 177 178 183 184 186 187 190 191 192 193 200 201 202 203 205 207 208 212 213 215 217 220
15 150 151 158 167 172 181 198 200 202 203 204 205 210 213 222
17 145 148 150 155 162 163 173 179 188 191 192 197 199 200 205 207 222
19 148 152 155 162 163 170 175 177 179 186 188 189 191 197 198 199 200 205 207
24 145 149 150 155 164 169 172 174 176 180 182 189 194 196 197 198 204 206 209 210 211 214 216 219
29 148 149 152 158 164 165 166 169 170 172 174 177 181 182 184 187 191 192 193 201 202 203 206 207 210 211 212 219 220
14 147 151 155 171 176 177 178 180 182 186 192 196 205 207
21 150 158 159 160 164 170 172 179 181 187 191 193 201 202 203 207 210 212 215 219 220
19 146 151 153 155 161 162 167 176 183 184 191 195 197 207 208 209 212 218 221
49 147 148 149 151 153 154 157 158 159 164 165 166 167 169 170 172 173 174 175 176 179 180 181 182 184 187 188 189 190 191 192 194 195 197 200 202 203 204 206 207 208 209 210 212 217 219 220 221 222
14 150 154 167 170 171 173 175 181 188 192 193 209 210 219
28 145 147 149 156 158 159 165 166 171 172 174 175 180 181 182 188 189 192 198 199 201 202 204 205 206 210 215 220
13 152 157 164 183 184 185 187 188 193 201 211 214 215
8 168 182 185 190 197 202 212 213
14 145 150 152 168 177 178 183 186 193 196 211 213 215 216
22 148 149 150 156 157 159 166 171 174 177 179 180 183 185 194 197 203 206 211 213 215 217
13 145 152 168 177 178 183 193 196 205 211 213 215 216
35 145 147 149 152 154 156 158 159 160 164 165 166 171 172 175 180 181 182 187 188 189 190 192 196 198 202 204 205 206 210 214 215 217 219 220
23 154 157 162 164 165 166 175 176 180 181 184 189 191 192 197 201 203 204 207 211 218 221 222
38 146 148 150 151 152 153 155 156 157 159 161 162 171 174 176 177 179 181 183 189 191 192 193 195 197 199 201 203 204 206 211 212 213 215 216 217 220 221
28 146 151 155 156 159 163 164 165 166 173 177 178 182 183 190 191 192 194 195 201 202 204 208 210 211 213 215 219
14 161 170 172 174 175 176 182 191 196 201 205 207 212 221
14 147 164 167 172 174 187 188 192 194 207 208 211 215 217
22 150 158 159 167 168 170 171 173 175 177 179 181 191 192 193 203 208 209 212 217 218 219
15 147 149 153 154 162 167 168 179 182 184 185 192 209 212 217
13 148 150 152 155 160 161 163 169 170 176 191 198 219
16 147 154 158 172 179 182 193 194 195 196 204 207 212 215 216 222
16 151 158 164 166 167 168 172 173 185 198 202 203 210 213 217 222
31 145 149 151 152 153 155 156 161 162 166 169 172 174 176 178 180 182 183 184 187 189 194 195 196 198 200 204 214 215 220 221
17 149 154 155 157 159 161 164 173 180 184 186 187 202 211 213 218 221
17 145 146 156 157 158 161 164 166 171 177 183 190 198 204 206 218 222
26 145 146 148 149 151 155 157 158 159 166 180 181 182 183 186 189 195 197 200 204 209 210 213 214 219 222
14 150 151 155 164 166 167 172 175 198 200 203 204 216 222
35 145 146 148 153 156 158 162 163 165 167 168 171 174 175 176 177 178 181 182 183 185 196 198 199 200 201 203 204 208 214 215 216 217 219 222
23 146 148 149 150 151 152 153 155 166 175 176 177 180 181 185 187 189 191 195 206 212 215 221
21 148 159 163 165 169 170 176 178 180 181 186 188 191 193 195 199 201 203 205 211 213
20 147 148 149 150 154 166 167 168 173 177 181 183 185 188 189 190 199 210 213 217
12 147 155 157 168 170 181 184 188 191 194 206 214
24 148 149 150 152 155 159 160 164 166 172 174 177 182 187 192 193 201 202 203 207 210 211 212 220
13 153 157 159 161 169 170 177 182 186 196 206 207 208
12 148 154 158 160 168 172 180 188 211 213 215 220
6 145 153 161 175 179 200
23 145 148 150 155 156 158 159 172 174 177 179 185 194 198 199 202 205 208 212 213 215 219 220
18 156 158 159 167 169 172 173 174 181 189 194 202 204 206 209 210 219 220
15 152 164 168 183 184 185 188 191 195 201 211 214 215 216 218
22 145 153 154 157 170 172 177 183 184 189 193 195 198 199 201 202 205 208 210 211 220 221
11 155 160 161 172 175 182 187 196 197 201 205
16 150 151 158 164 166 167 168 172 173 181 185 203 204 205 210 222
10 165 168 169 174 181 183 184 206 210 217
40 145 151 153 154 155 158 160 164 166 168 169 171 172 173 175 176 178 181 184 185 186 187 189 190 191 192 193 194 195 199 201 202 203 206 208 210 212 214 216 218
16 146 155 165 168 172 183 196 199 208 211 215 216 217 219 220 221
19 146 155 159 160 163 165 169 171 172 175 179 182 183 196 199 215 216 219 221
23 146 147 150 151 154 160 163 165 166 176 177 178 180 182 186 192 197 199 203 205 207 217 221
12 148 150 152 155 156 160 169 170 176 191 214 219
25 152 153 155 157 165 170 172 175 176 183 184 189 194 195 196 198 199 201 202 205 208 216 218 219 221
13 151 157 165 185 186 188 192 199 200 205 209 210 220
16 150 151 155 158 164 168 172 181 198 200 202 203 204 205 213 217
29 149 150 152 153 154 158 160 169 172 175 176 178 181 187 193 196 200 201 203 204 205 206 209 214 215 217 218 220 221
19 145 154 158 163 164 168 172 178 182 184 190 196 198 200 205 207 210 214 222
23 149 152 153 156 159 161 165 169 170 176 177 182 183 186 190 192 194 195 201 206 207 208 218
11 145 148 154 162 180 189 213 215 217 219 220
13 145 148 155 160 172 173 187 189 211 213 215 217 219
20 159 163 167 168 175 177 181 188 191 192 193 203 208 209 210 211 212 217 218 219
28 146 151 161 162 167 168 169 176 177 178 179 183 185 186 191 193 194 195 200 203 207 208 209 211 213 218 221 222
13 145 150 168 174 179 180 187 189 196 197 203 216 222
24 145 147 148 154 160 162 171 174 178 179 180 188 189 191 193 197 199 209 211 212 214 215 219 221
14 164 167 172 174 177 179 188 192 194 207 208 211 215 217
10 152 159 167 179 182 183 196 197 209 219
34 149 150 152 153 154 158 160 162 163 169 172 173 175 176 178 181 186 187 192 193 195 196 200 201 206 207 209 211 214 215 216 220 221 222
11 147 149 155 157 168 181 184 188 191 194 214
34 147 156 157 159 163 164 165 169 170 171 174 175 177 178 179 183 190 192 193 195 198 200 202 203 204 205 206 208 209 210 212 214 216 222
19 148 150 159 160 170 176 178 180 181 188 191 195 199 200 201 203 205 211 216
24 150 154 158 159 163 167 168 170 171 177 179 181 188 191 192 193 203 206 208 209 210 212 217 219
55 148 149 151 153 154 155 156 157 158 159 160 161 162 163 164 165 166 167 169 170 171 172 174 175 176 179 181 182 184 185 188 191 192 194 195 197 198 199 200 201 202 203 204 206 207 208 209 212 214 217 218 219 220 221 222
5 148 150 180 198 205
10 156 160 169 170 176 199 212 218 220 221
13 156 168 169 170 176 178 190 199 203 212 216 218 220
10 167 177 185 190 197 202 210 212 213 219
24 146 151 152 160 161 162 165 166 174 176 187 189 190 195 197 202 205 208 210 211 217 218 221 222
9 160 177 178 190 199 209 214 218 222
7 145 148 161 179 190 198 208
8 160 177 193 207 208 214 218 222
13 162 167 169 170 173 174 202 204 206 209 210 212 219
10 147 151 156 160 169 178 179 182 203 212
32 146 147 149 150 153 157 166 170 171 175 176 183 186 190 191 192 196 197 198 201 202 203 205 206 207 208 209 210 212 214 218 221
15 145 156 164 169 175 177 178 182 183 185 201 212 213 216 219
38 145 146 151 153 154 155 157 160 161 164 166 168 169 171 172 173 175 176 177 178 181 184 189 190 192 193 195 199 201 202 203 206 212 214 217 218 220 221
14 154 160 165 168 169 181 182 184 193 206 210 214 215 217
35 145 147 148 149 152 158 159 160 164 165 166 171 173 174 175 180 181 182 187 188 189 192 196 198 199 201 202 204 205 210 214 215 217 219 220
9 160 177 190 193 199 207 214 218 222
8 150 165 180 200 205 213 215 222
24 145 149 152 153 156 161 162 166 169 176 178 180 182 184 195 196 197 198 199 200 205 215 220 221
11 146 150 152 168 177 178 196 205 211 215 216
14 152 157 164 183 185 187 188 191 193 195 211 214 215 218
15 156 158 159 162 169 170 172 181 194 202 204 209 212 219 220
25 146 147 151 156 157 158 159 164 166 167 171 172 176 180 185 195 196 201 202 204 208 209 213 219 220
13 149 161 168 185 186 189 196 200 203 209 216 220 221
24 145 149 154 159 160 164 165 166 173 180 181 188 199 201 202 204 205 206 210 214 215 217 219 220
9 152 156 160 163 169 170 176 191 214
32 146 151 154 155 156 158 159 160 162 163 165 166 167 169 173 175 177 182 184 188 192 193 199 202 204 205 208 210 211 213 214 218
28 147 148 149 156 158 159 165 166 171 172 173 174 175 180 181 182 187 189 190 192 196 199 201 202 204 205 206 215
22 145 146 152 153 156 161 162 166 169 172 174 180 183 184 189 194 197 202 204 215 216 221
17 147 148 149 150 154 156 158 166 168 171 185 188 190 210 211 213 217
25 145 149 153 157 158 167 169 170 172 173 175 176 178 184 185 187 190 192 193 196 204 215 218 219 222
9 153 165 171 173 175 185 196 198 206
26 145 146 152 153 157 162 163 164 165 178 186 193 194 195 198 200 202 203 204 206 214 215 216 218 220 222
31 145 146 151 153 154 156 157 161 162 167 171 175 180 183 185 186 188 194 195 196 197 199 204 205 208 209 213 214 217 221 222
17 154 160 165 168 169 174 181 182 183 184 190 193 206 210 214 217 221
11 159 160 174 175 176 182 191 197 201 207 209
17 149 153 156 161 165 169 176 183 186 187 190 194 195 196 201 207 218
11 145 168 170 174 179 180 185 187 189 209 216
26 145 146 147 161 163 171 178 180 185 186 188 189 190 194 195 196 197 198 199 205 208 209 213 214 218 221
16 147 151 158 160 164 166 167 169 174 179 190 191 203 204 212 213
13 149 152 156 159 162 170 174 182 183 196 197 204 211
31 145 151 153 154 157 158 161 164 166 168 171 172 176 177 178 181 187 189 191 194 195 199 206 208 210 212 216 217 218 220 221
20 154 158 160 163 164 168 169 170 173 178 186 188 198 205 207 208 209 210 214 218
16 146 156 157 159 167 171 178 187 195 202 204 209 211 213 219 220
18 152 153 156 157 159 165 169 176 177 186 187 192 195 196 201 206 208 218
12 147 149 152 159 163 170 179 182 183 207 211 219
33 149 153 157 158 160 161 167 168 173 176 178 179 180 182 184 185 187 188 189 192 193 194 197 198 201 202 204 209 211 216 218 219 222
31 153 154 157 163 165 166 167 168 175 176 180 181 182 183 184 186 187 189 191 192 195 203 204 207 209 211 216 217 218 221 222
15 149 152 153 162 167 172 175 179 185 189 196 207 209 212 217
11 147 167 172 174 179 187 194 201 207 211 215
13 147 167 172 174 177 187 188 192 194 201 208 211 215
10 148 152 155 160 169 170 190 191 198 219
15 146 148 150 162 168 171 180 186 187 197 200 209 214 215 217
45 146 147 149 150 152 156 159 161 163 164 165 166 167 174 175 177 178 179 181 182 183 184 186 190 191 192 193 195 196 197 198 200 201 202 203 207 208 209 210 212 214 216 218 221 222
38 146 148 149 150 151 152 153 155 156 157 159 166 171 174 175 176 177 180 181 183 185 187 191 193 194 195 197 199 201 203 204 206 211 213 216 217 220 221
33 146 147 151 152 153 155 157 158 162 166 167 169 171 172 173 176 177 188 190 192 193 194 195 204 205 206 207 208 210 211 217 218 219
28 152 156 157 158 159 160 164 171 172 175 177 185 188 190 196 199 201 202 204 205 206 209 212 213 214 218 220 222
9 157 168 183 184 185 187 195 214 218
16 150 152 161 162 176 177 184 185 190 194 195 197 207 210 212 222
6 145 149 161 175 179 190
8 147 164 172 188 194 201 207 215
17 146 148 149 151 154 159 161 180 183 184 186 202 204 213 214 219 222
29 145 146 147 153 162 163 167 172 174 177 181 182 183 185 188 194 196 198 200 203 206 209 214 215 216 217 219 220 222
12 147 149 152 162 167 179 182 183 188 196 207 211
18 147 150 154 156 158 167 168 177 179 181 183 185 188 189 190 199 211 217
22 145 148 149 150 152 155 162 163 170 173 175 177 179 186 188 189 191 197 198 199 205 222
13 148 154 163 164 175 177 178 182 183 198 200 201 213
9 167 174 177 192 194 207 208 215 217
37 146 150 151 152 159 161 162 165 166 171 172 173 174 176 179 180 186 187 189 190 192 193 196 197 199 202 204 205 207 208 210 211 215 217 218 220 221
40 146 147 148 151 152 153 155 156 157 158 159 160 163 165 166 167 169 171 175 176 177 181 183 184 188 190 191 193 194 195 198 199 204 205 208 211 213 215 217 218
14 145 153 162 168 173 177 178 180 181 189 206 208 213 217
11 153 154 160 168 169 174 206 210 212 214 221
35 146 148 149 150 151 153 155 156 157 159 162 174 175 176 177 179 180 181 183 185 191 193 194 195 197 199 201 203 206 212 213 215 216 217 220
34 149 150 152 153 160 162 169 172 173 176 178 181 186 187 192 193 195 196 200 203 204 205 206 207 209 211 214 215 216 217 218 220 221 222
16 147 154 158 164 172 175 179 182 193 194 195 196 204 207 215 216
15 145 153 162 167 173 177 178 181 184 187 189 208 213 217 218
6 178 190 208 209 214 218
26 146 148 152 156 157 161 162 166 171 174 175 176 177 180 181 183 187 192 194 195 197 203 206 212 216 220
22 146 151 157 162 163 164 165 169 180 192 194 198 200 202 203 204 206 208 215 218 219 222
20 149 150 154 157 162 167 176 177 180 184 185 186 187 198 204 205 206 210 212 222
12 147 168 177 180 190 194 197 202 210 212 213 219
38 146 147 148 149 150 151 153 154 161 162 163 165 166 168 169 170 173 176 178 179 180 181 183 184 187 189 191 193 194 195 197 198 203 210 211 215 217 219
25 146 147 151 156 158 159 161 164 166 167 171 172 176 178 185 195 201 202 203 208 209 211 213 218 220
16 150 158 167 170 171 173 192 193 206 208 209 210 211 212 217 219
10 177 178 190 193 207 208 209 214 218 222
23 145 149 160 167 169 171 172 173 176 180 182 188 194 196 201 204 209 211 215 216 218 219 222
13 155 159 160 161 174 176 182 187 196 201 205 207 209
12 153 162 168 177 178 181 184 187 189 206 217 218
37 145 146 147 151 153 156 158 162 163 165 167 168 171 172 174 175 176 177 178 179 181 183 185 196 198 199 203 204 205 206 208 209 214 216 219 220 222
11 145 150 177 178 183 186 193 205 211 215 216
21 149 154 158 159 160 165 171 172 174 181 182 187 188 189 198 201 202 205 215 217 220
16 145 154 155 158 160 162 172 173 180 187 188 189 213 215 217 219
14 145 149 161 168 174 180 185 187 197 200 209 216 221 222
14 147 151 156 160 161 167 169 174 178 179 182 191 204 212
19 152 153 157 170 175 176 177 183 185 188 194 195 198 199 201 202 208 216 222
11 148 159 171 180 181 186 187 207 209 214 215
19 150 155 161 162 167 168 170 176 183 185 186 193 203 207 208 209 211 218 221
19 152 153 162 163 164 165 178 180 186 193 194 195 198 200 206 215 219 220 222
13 147 154 158 164 175 179 182 193 194 204 212 215 222
16 146 149 151 157 159 166 174 185 197 200 201 202 203 205 209 211
13 158 159 169 170 172 173 174 181 189 194 206 210 212
32 145 146 147 153 156 157 161 162 163 167 168 171 173 175 180 183 185 186 188 190 194 195 196 197 198 199 200 205 208 216 218 222
11 146 148 162 168 180 187 192 200 207 209 217
16 146 154 155 160 163 165 171 177 178 180 192 197 199 203 207 213
29 145 146 149 151 152 155 156 161 162 169 172 176 178 180 182 183 184 187 189 194 196 197 200 204 205 214 215 216 221
20 152 153 157 164 186 193 194 195 198 200 202 203 204 206 214 215 216 218 220 222
28 147 154 158 160 163 164 165 167 168 169 170 172 173 184 186 188 190 198 200 202 205 208 209 210 214 218 219 222
18 150 151 155 164 166 167 172 173 175 181 185 200 202 203 204 205 210 222
33 145 146 147 151 153 156 162 165 167 171 172 174 176 177 178 181 182 183 185 188 194 198 199 200 204 205 206 208 209 215 219 220 222
10 152 153 162 165 171 173 175 185 198 206
27 145 149 152 157 160 168 171 172 173 175 176 178 182 187 188 189 190 193 196 198 202 204 209 211 215 216 222
18 146 151 152 157 163 169 184 186 193 194 195 198 200 203 204 216 220 222
11 147 154 179 182 195 196 204 207 212 216 222
39 147 148 149 150 152 153 154 156 158 161 162 164 165 168 169 171 172 173 175 176 180 182 187 188 192 196 197 200 201 210 211 212 213 215 216 217 219 220 221
9 145 152 177 183 186 193 196 205 215
8 164 177 190 197 202 212 213 219
17 145 167 171 172 174 177 185 188 190 192 206 212 213 214 218 221 222
12 156 168 169 170 176 199 203 212 216 218 220 221
18 146 149 151 157 159 166 174 183 188 197 200 201 203 205 209 210 220 221
28 148 149 152 155 158 159 160 164 165 169 172 174 177 179 181 182 191 192 193 201 203 206 210 211 212 215 219 220
20 147 148 149 150 154 166 167 168 171 173 177 179 181 183 188 190 199 211 213 217
20 148 149 154 156 158 166 167 168 177 181 183 185 188 189 190 199 210 211 213 217
18 146 155 159 160 163 165 168 169 171 172 182 183 196 199 208 211 215 217
38 145 149 152 157 158 160 161 167 168 169 170 171 172 173 175 176 179 180 184 185 187 188 190 192 193 194 196 197 198 201 204 209 211 215 216 218 219 222
15 152 157 164 168 183 184 185 187 188 191 193 201 215 216 218
22 145 146 151 152 162 163 178 180 184 192 193 194 195 198 203 204 206 208 214 216 220 222
13 147 158 160 161 164 178 179 182 190 191 204 212 213
10 165 174 181 182 183 184 190 210 214 215
33 146 150 151 152 158 159 160 161 165 166 171 172 173 174 176 179 180 186 187 189 190 195 196 197 199 204 205 207 208 210 215 221 222
27 145 146 150 151 152 156 157 163 164 173 179 185 186 187 188 193 195 196 197 198 202 206 208 214 216 217 219
43 145 147 151 153 154 157 158 159 160 163 164 167 169 171 172 173 176 177 178 180 182 183 186 187 188 189 190 192 193 196 197 199 201 202 204 206 208 211 213 217 219 220 221
37 145 146 147 149 150 154 158 162 163 165 166 168 169 170 172 173 174 177 178 179 180 181 182 183 185 186 189 193 198 205 209 210 212 213 217 218 222
34 145 147 148 149 150 151 152 153 154 158 160 162 164 168 169 180 183 188 189 190 195 196 198 202 205 206 207 211 212 213 215 217 218 222
27 150 152 153 154 158 165 166 168 177 185 189 190 192 193 194 199 201 204 210 211 214 216 218 219 220 221 222
43 146 147 150 151 152 155 158 159 160 161 163 164 165 166 171 174 178 179 181 185 186 189 190 191 192 193 196 197 198 200 201 203 204 205 208 211 213 215 216 218 219 220 221
51 146 147 148 150 151 152 154 155 158 159 160 161 163 165 167 168 169 170 173 174 175 178 179 180 181 183 184 185 186 187 191 192 193 194 195 200 202 203 204 205 206 207 208 210 211 212 214 215 217 218 220
43 145 146 147 149 150 152 153 155 156 158 160 162 163 166 167 169 170 171 172 173 175 176 178 182 184 185 186 190 192 193 194 196 199 201 204 206 211 214 215 216 217 218 220
41 146 147 148 149 150 154 155 156 159 162 165 168 170 171 174 175 178 181 182 183 184 185 186 187 188 191 192 193 194 197 204 205 207 208 209 210 217 218 220 221 222
33 147 148 149 152 154 155 157 158 159 160 164 166 167 171 172 173 177 179 180 185 186 188 193 194 196 198 203 206 208 211 216 218 219
30 146 147 151 152 154 155 158 160 168 170 175 177 180 182 185 187 188 190 193 194 196 198 206 207 208 214 216 217 218 219
49 145 146 148 149 151 153 156 159 161 162 163 164 165 166 167 168 170 171 174 176 177 178 182 183 186 188 189 193 194 196 197 198 199 201 202 204 208 209 210 211 212 213 214 215 216 217 218 220 222
26 147 148 149 150 153 160 162 164 165 166 168 172 174 175 179 185 186 189 192 194 197 200 208 213 219 222
31 152 154 156 157 160 161 165 169 173 176 180 182 185 187 188 189 190 195 201 203 206 207 211 212 213 214 215 216 218 219 222
51 145 146 147 148 149 150 151 152 153 155 156 157 159 160 161 162 163 165 167 169 170 171 172 174 176 177 179 183 184 185 187 190 193 194 195 196 199 200 202 205 206 208 209 213 214 215 216 217 218 221 222
33 146 149 150 151 161 162 163 164 173 176 182 183 184 185 187 188 189 190 191 192 194 195 196 197 199 200 206 207 209 211 212 215 218
38 153 155 156 157 160 161 163 166 167 169 170 172 175 176 177 179 180 181 182 183 184 185 187 188 189 196 199 200 202 208 209 211 212 213 216 219 220 221
28 145 146 147 155 160 166 170 173 174 175 179 182 183 189 194 196 197 200 201 206 207 208 210 213 214 215 216 219
33 148 153 154 156 157 158 159 161 162 165 166 169 170 171 172 174 176 181 182 186 191 193 197 200 202 203 206 209 210 213 216 217 222
39 145 146 148 149 151 154 155 156 158 159 161 162 163 168 171 172 174 177 178 181 183 184 185 186 188 193 195 196 198 200 202 205 207 208 209 210 214 216 219
24 146 149 153 156 157 161 165 173 177 182 183 187 188 189 198 201 205 209 210 212 214 215 217 218
34 148 151 155 158 159 160 165 170 171 172 173 174 176 178 179 180 183 186 188 190 191 192 193 194 200 203 208 210 212 214 215 217 218 221
28 148 149 151 155 157 158 160 166 167 169 172 174 175 179 183 189 192 195 198 200 201 203 206 209 212 215 216 221
30 148 150 151 156 157 158 159 163 164 173 175 177 182 183 190 192 195 196 197 199 200 201 204 206 208 212 216 217 221 222
45 145 146 149 150 153 156 158 159 160 161 162 164 165 169 170 175 176 178 181 184 185 186 187 190 192 195 196 197 198 199 200 201 202 203 204 206 208 210 213 214 216 218 219 220 221
31 146 148 150 152 153 156 159 160 165 166 167 170 172 174 181 182 183 184 185 188 191 195 197 198 200 203 204 208 214 215 222
36 146 147 150 154 156 158 160 161 162 169 172 173 174 176 177 179 180 184 185 187 188 190 192 194 195 198 199 203 205 212 214 215 216 218 221 222
31 147 151 154 155 156 158 162 164 166 167 170 171 172 176 180 181 185 188 189 192 197 198 199 204 205 206 207 213 214 217 219
29 145 150 154 157 162 164 170 174 175 179 180 181 184 187 189 190 195 196 197 198 203 205 206 208 211 213 214 215 222
47 147 149 150 153 154 155 157 162 163 164 167 168 169 171 173 177 178 179 183 184 186 187 188 189 191 193 195 196 197 199 200 202 203 205 206 208 209 210 211 212 213 216 217 219 220 221 222
47 145 146 148 150 151 155 156 158 160 161 162 163 164 167 170 171 178 179 181 182 183 184 185 186 187 188 189 190 191 192 193 194 199 200 201 202 203 209 211 214 215 216 218 219 220 221 222
43 145 149 151 155 158 161 165 167 169 174 175 176 177 179 181 182 183 186 187 189 191 192 193 195 196 201 202 203 204 206 207 209 211 212 213 214 215 216 217 218 219 220 222
32 146 151 154 155 156 161 162 163 165 166 171 172 174 175 177 179 180 182 183 186 187 189 192 193 198 202 203 210 211 212 214 216
24 148 149 150 156 165 168 169 177 180 183 189 190 191 192 199 201 205 211 212 214 215 216 217 219
49 147 149 151 152 153 156 158 160 161 162 165 167 169 170 171 172 173 174 178 181 182 184 185 187 188 189 190 191 192 193 196 197 199 200 201 202 204 205 206 207 209 210 211 212 216 218 219 220 221
25 146 148 152 156 158 159 161 167 169 174 176 177 181 183 186 197 199 202 203 207 208 213 214 217 219
28 145 149 151 155 158 159 162 165 166 167 169 171 174 175 177 180 181 187 196 200 201 206 209 212 213 214 217 219
50 145 146 147 151 155 156 157 159 162 163 164 165 166 168 169 171 172 174 175 177 179 180 181 183 184 185 187 188 189 190 191 193 194 198 199 200 202 204 207 208 209 211 214 215 216 217 218 219 220 221
31 152 153 154 157 158 165 168 171 172 174 175 176 177 179 180 183 186 192 193 194 195 196 197 199 204 206 210 212 214 215 216
45 148 149 150 151 156 157 158 159 160 163 164 165 167 168 169 173 174 175 177 178 179 180 182 184 187 188 192 193 194 195 196 198 200 204 205 206 208 210 211 214 216 217 218 220 221
26 152 153 156 160 162 165 172 173 174 175 177 178 179 185 187 188 191 206 208 209 210 214 216 217 219 221
49 145 146 147 148 149 150 151 153 154 156 157 158 159 160 162 163 164 165 166 167 168 169 174 175 176 177 182 184 187 189 192 193 194 195 196 197 200 201 202 207 211 212 213 215 217 218 219 220 221
39 146 150 151 153 154 155 157 160 162 165 166 168 169 171 172 174 175 178 179 181 183 187 189 191 192 194 196 198 201 202 203 207 209 210 212 216 217 219 221
33 147 149 150 155 158 160 161 163 164 169 170 171 178 180 181 185 187 189 190 193 194 198 199 201 203 204 206 208 212 213 215 217 218
49 145 146 149 150 151 154 157 158 160 161 162 163 164 167 169 170 171 172 173 175 176 178 180 182 184 185 186 188 189 193 194 196 198 199 200 202 203 204 207 209 210 211 214 215 216 217 218 220 221
26 145 148 152 153 159 161 163 166 172 174 176 178 187 191 193 196 199 201 203 206 210 212 214 216 217 218
51 146 147 148 149 150 151 152 154 155 156 157 160 161 162 163 164 166 168 169 172 177 179 182 184 186 188 189 191 192 193 194 195 199 200 202 204 205 206 207 208 210 211 212 213 214 215 216 217 219 220 221
45 147 149 153 154 159 160 161 162 163 166 167 168 169 172 173 174 175 177 179 180 181 182 183 186 188 190 192 194 196 197 200 201 202 203 207 208 211 212 213 214 215 218 219 221 222
46 147 149 150 152 153 154 156 157 158 159 166 170 171 172 174 175 177 178 179 181 182 184 186 187 189 191 192 194 195 196 197 199 200 203 204 205 206 207 213 214 216 217 218 219 220 221
37 148 151 153 155 156 158 159 160 165 168 170 172 173 174 175 176 186 190 191 195 196 200 201 204 205 206 207 208 211 212 213 215 216 218 219 221 222
47 145 146 147 148 149 151 152 154 155 157 158 160 163 169 170 171 173 176 177 178 179 180 181 182 183 184 185 186 188 191 195 198 199 200 203 204 205 206 207 208 209 211 212 213 215 217 220
33 148 152 153 154 155 159 160 165 166 167 169 170 171 173 178 180 182 184 185 186 187 190 191 195 197 201 203 204 207 208 209 216 217
42 145 147 148 149 151 152 153 154 155 156 159 160 161 164 165 169 170 172 173 174 176 178 180 182 183 186 187 189 190 192 196 199 200 207 209 210 211 213 214 216 219 221
54 145 146 147 149 150 151 152 153 155 156 157 158 159 162 164 165 166 167 168 169 170 171 173 174 179 183 184 185 188 189 191 193 195 196 197 199 200 203 204 205 206 207 209 210 211 212 213 214 215 216 217 218 221 222
40 145 146 147 148 150 152 153 161 162 165 167 169 173 175 176 178 180 184 185 187 191 192 193 194 195 197 199 200 203 205 207 209 210 212 213 214 216 217 220 222
46 145 146 147 149 150 151 152 153 155 156 157 158 163 164 165 170 171 172 176 178 180 181 182 183 184 185 186 187 188 189 192 196 197 198 200 201 202 203 204 205 206 211 213 219 220 221
26 146 148 149 155 157 159 162 165 167 172 174 177 178 182 187 188 189 191 193 194 205 213 214 217 218 219
51 145 147 148 149 151 153 154 155 157 158 159 161 162 163 164 165 166 168 170 172 177 178 179 180 181 182 183 184 185 186 188 190 191 192 193 196 198 199 200 202 203 204 206 211 212 214 215 216 217 218 221
37 145 146 147 151 153 156 159 161 162 163 164 166 168 170 171 173 174 178 179 180 181 183 185 186 190 198 199 202 203 204 205 209 212 216 219 220 222
43 147 149 151 155 156 162 165 168 173 174 176 177 178 181 182 183 184 185 187 188 189 190 191 192 193 195 196 198 199 200 201 204 208 210 211 212 213 214 217 218 219 220 222
48 146 147 149 150 152 153 154 157 158 159 162 166 167 168 169 173 174 175 176 178 179 180 182 184 185 187 189 191 193 194 195 197 198 199 200 201 202 204 207 208 209 211 212 213 219 220 221 222
54 145 146 148 149 150 151 152 154 155 157 159 160 161 162 165 167 168 169 170 172 175 176 177 180 181 182 183 184 185 187 191 192 194 195 196 197 198 199 200 201 202 204 206 207 208 209 210 212 213 215 216 218 219 220
25 147 148 151 153 157 161 162 168 173 174 175 178 181 182 183 184 188 192 204 206 207 208 210 211 212
32 145 147 148 149 150 152 156 159 162 163 165 166 168 173 175 177 178 181 182 183 186 187 190 194 196 199 207 208 209 213 217 220
27 148 149 152 154 157 160 163 166 169 170 171 179 180 189 193 198 199 202 203 205 206 208 209 211 212 219 221
54 145 146 147 148 151 152 154 155 156 157 158 159 160 161 162 165 167 168 170 172 174 176 177 178 179 180 181 184 185 186 188 189 192 193 194 196 199 200 202 205 206 207 208 210 211 213 214 215 216 217 219 220 221 222
41 147 148 149 150 152 153 157 158 159 161 162 164 171 173 175 178 179 183 184 186 187 188 189 190 191 192 194 195 196 197 203 205 206 210 211 214 215 217 218 220 221
43 146 148 149 150 153 155 157 158 160 164 165 168 169 171 172 173 174 175 176 177 178 179 181 182 186 188 189 190 193 195 196 199 200 201 203 204 205 211 213 215 216 218 219
46 147 148 149 150 151 152 153 154 156 158 159 161 162 164 165 166 167 169 170 175 176 177 180 182 186 187 189 192 193 195 197 198 199 200 202 205 207 208 209 210 211 212 213 217 220 222
28 145 155 159 160 162 164 166 167 170 174 176 179 183 184 189 191 196 197 200 203 204 206 207 209 211 215 216 218
27 150 152 154 158 159 164 170 173 178 185 188 189 193 195 199 202 203 205 206 208 209 210 216 217 220 221 222
43 145 146 147 152 153 155 156 159 163 165 166 168 169 170 173 174 176 177 178 179 181 184 185 186 188 190 191 194 195 197 198 202 203 205 206 210 211 212 215 217 218 219 222
28 151 155 158 161 162 166 169 171 172 173 174 176 179 180 185 187 188 189 193 195 200 201 207 208 209 212 216 218
30 145 147 148 149 150 151 154 161 164 166 167 168 170 171 174 180 185 186 188 189 190 193 195 196 202 203 204 205 215 218
29 145 146 147 148 157 159 161 162 166 173 177 178 179 181 182 184 185 186 187 188 194 201 206 207 210 212 217 219 221
41 146 148 149 152 153 156 157 158 159 160 161 162 164 165 167 169 171 172 175 176 177 178 179 180 182 189 193 197 198 200 202 204 205 207 210 211 212 213 214 221 222
51 147 148 151 152 153 154 155 157 158 159 162 163 164 165 166 167 168 169 170 171 175 178 179 180 182 183 184 185 186 188 190 191 193 194 196 197 199 201 202 203 205 208 209 210 211 212 214 215 217 218 222
42 145 150 151 152 154 157 161 162 163 164 165 166 167 170 171 172 173 176 179 180 182 183 187 188 189 192 197 199 201 202 203 205 206 210 211 212 213 218 219 220 221 222
44 145 147 148 150 153 154 156 160 161 164 165 166 167 168 170 171 173 174 178 179 180 181 184 187 194 196 197 198 199 200 201 203 205 206 207 209 210 213 215 216 218 219 220 222
30 145 150 153 154 158 160 163 164 167 169 171 174 175 177 178 180 181 184 185 188 190 194 196 198 201 209 210 214 215 217
28 145 153 157 158 162 165 166 167 169 171 177 179 180 186 188 189 190 197 198 200 201 202 205 206 208 210 212 222
47 145 146 149 151 153 156 157 158 160 162 163 164 166 168 169 171 173 174 175 177 178 180 182 183 185 187 189 190 192 195 196 198 200 201 202 203 207 209 210 213 214 215 216 218 220 221 222
40 147 149 153 156 157 158 160 162 163 164 166 167 170 174 176 177 178 179 180 182 184 185 186 187 188 189 192 193 198 199 203 204 210 211 212 215 217 218 220 222
30 146 147 148 150 151 154 158 161 162 171 175 176 180 183 188 198 199 200 201 202 203 204 206 207 208 213 214 216 218 219
48 145 146 147 149 150 152 153 154 156 158 160 161 164 165 167 168 169 171 173 174 175 176 178 180 181 183 184 185 186 187 188 191 192 194 195 197 198 200 204 205 208 209 210 211 213 214 215 216
39 145 146 148 149 150 151 153 154 157 158 159 160 163 164 165 167 169 172 175 176 182 183 184 185 189 193 196 197 198 199 200 202 203 205 212 215 216 218 220
40 145 156 157 158 159 160 162 164 165 168 169 171 173 176 177 178 181 182 183 184 185 186 190 192 194 195 199 200 202 206 207 208 209 210 211 212 214 218 220 221
52 145 147 148 149 150 152 155 157 159 160 162 163 164 165 166 167 168 170 175 176 178 179 180 181 183 184 185 186 187 188 189 190 193 194 197 198 199 200 203 204 206 208 210 211 213 214 216 218 219 220 221 222
32 146 147 149 156 157 165 172 173 174 175 176 177 179 181 183 188 189 190 194 195 197 198 199 200 204 206 208 209 213 220 221 222
52 145 147 149 152 153 154 155 156 157 158 160 161 164 165 166 168 169 171 172 173 174 175 177 180 182 185 186 188 190 191 193 194 195 198 199 200 201 203 204 206 208 209 210 212 213 214 215 216 217 219 220 222
50 145 146 147 149 150 151 152 154 155 156 157 158 160 161 162 164 166 167 169 170 172 173 174 178 179 180 181 182 183 188 189 190 194 195 198 199 201 203 207 208 209 210 211 212 214 215 216 218 221 222
51 145 146 147 148 149 152 153 155 156 158 159 160 163 165 166 167 168 169 171 173 177 178 181 182 183 184 185 186 187 188 189 190 191 193 195 197 199 201 202 205 206 207 208 210 211 212 214 216 217 219 221
43 145 150 153 154 155 157 159 164 168 169 170 171 172 174 175 176 178 179 180 182 183 184 185 186 190 193 199 200 202 203 204 205 206 207 208 212 213 215 216 217 220 221 222
54 145 146 147 148 150 151 153 155 156 157 158 159 160 162 163 164 166 167 170 173 174 175 176 177 178 180 181 183 185 189 190 191 192 193 195 196 198 199 200 202 203 204 205 207 209 213 214 215 217 218 219 220 221 222
44 145 147 150 151 154 156 157 158 160 161 162 163 165 166 167 168 169 170 171 173 174 175 176 177 179 180 183 185 188 192 193 196 202 204 206 209 210 211 212 213 214 216 221 222
39 145 146 147 148 150 151 152 155 157 158 163 169 170 172 181 182 183 184 185 186 188 189 191 192 194 195 196 197 198 200 203 204 206 210 211 215 216 220 221
45 146 149 150 152 153 154 156 161 162 163 165 166 167 169 175 177 178 179 182 183 184 186 187 188 189 190 191 192 193 194 196 198 199 202 203 205 206 209 210 211 212 218 220 221 222
46 145 146 147 149 150 151 153 155 156 157 158 159 160 161 162 163 164 165 167 168 172 173 174 176 177 179 180 181 182 183 188 189 190 191 193 196 201 202 207 209 210 212 216 218 221 222
35 146 147 148 149 151 153 154 162 163 165 169 174 177 178 182 184 185 186 188 189 191 195 196 197 200 201 204 205 206 208 210 216 218 220 222
53 145 146 147 148 150 153 155 156 157 158 159 161 162 163 166 168 171 172 173 175 176 177 178 181 182 183 184 186 187 188 190 193 194 195 196 197 198 200 202 203 205 206 207 209 210 211 214 216 217 218 219 221 222
36 147 153 154 155 157 158 160 161 163 165 166 167 171 172 173 175 176 177 178 183 185 189 192 194 196 199 201 203 206 209 211 214 215 216 217 222
35 149 152 154 155 156 162 163 166 167 170 175 178 179 180 182 184 189 190 191 196 197 198 200 203 204 206 207 208 209 211 212 213 215 218 222
25 150 160 166 167 169 177 179 182 183 185 187 188 191 192 193 194 196 201 203 205 208 210 211 217 220
45 145 147 148 153 155 156 157 158 159 161 162 163 164 168 169 170 173 175 177 179 182 183 185 187 189 191 192 194 195 196 200 201 202 204 205 206 207 210 211 212 213 216 217 219 222
40 145 146 148 150 154 157 158 160 161 163 164 166 168 169 171 172 173 174 175 176 177 181 183 184 186 187 188 190 197 198 200 201 202 207 208 210 216 220 221 222
52 145 147 149 150 152 153 154 159 160 161 163 164 165 167 169 170 172 173 174 175 176 177 178 179 182 183 184 187 188 189 190 191 193 194 196 197 198 200 203 204 205 206 207 209 212 213 214 215 216 218 219 221
28 146 147 149 152 157 159 163 165 166 167 174 176 177 179 180 182 184 186 187 188 190 191 197 200 207 213 219 221
26 145 146 149 155 159 160 166 167 168 176 177 178 181 182 183 184 189 195 197 199 200 201 206 209 216 217
48 145 148 149 150 152 153 156 158 160 161 162 163 165 166 168 170 173 174 178 180 183 184 185 186 187 192 194 195 198 199 200 201 202 204 205 206 208 209 210 211 212 213 214 215 218 219 220 222
49 145 148 149 150 151 152 153 155 157 158 160 165 167 168 172 173 175 177 178 179 180 182 183 184 185 187 190 191 192 193 194 195 196 197 200 201 203 204 205 207 209 210 211 212 213 215 217 219 222
31 147 150 152 154 155 158 161 162 163 166 167 169 170 171 179 183 184 186 188 192 193 202 203 204 209 212 215 217 218 219 221
39 145 146 147 149 154 155 159 161 163 165 168 169 171 172 173 176 178 179 180 182 183 184 186 187 188 189 190 195 202 203 204 206 212 213 214 215 217 218 221
34 146 150 152 153 154 155 156 158 159 161 162 163 164 165 166 167 168 175 177 180 182 183 186 187 192 194 196 203 205 207 208 211 212 213
25 145 150 151 155 156 158 160 161 163 164 172 187 188 189 191 195 196 198 202 208 209 211 214 215 219
32 146 148 151 156 158 159 160 162 164 166 167 170 171 172 175 178 180 183 185 186 187 191 193 200 201 202 203 208 212 218 219 222
48 146 147 148 151 153 157 158 159 160 161 163 164 168 170 173 175 176 177 181 182 183 184 185 188 189 191 192 194 195 196 197 199 201 202 203 204 208 209 210 212 213 214 215 216 217 220 221 222
33 146 148 149 150 151 152 153 156 166 167 168 174 175 181 183 185 186 187 191 192 194 195 200 203 204 205 211 213 214 216 218 221 222
53 145 146 148 149 150 151 152 153 154 155 156 157 158 159 160 161 162 165 167 169 170 174 179 180 181 182 185 186 187 188 190 191 193 194 195 199 200 201 202 204 205 209 210 211 212 213 214 215 216 217 220 221 222
51 145 146 149 152 153 154 155 156 157 158 160 162 166 167 168 169 170 172 173 175 177 178 179 181 184 185 186 187 188 189 190 191 193 195 197 198 201 204 205 206 209 210 211 212 213 216 217 219 220 221 222
47 145 146 147 150 151 152 153 154 155 156 159 163 164 169 170 172 174 175 176 178 182 184 185 187 189 190 191 192 194 195 196 197 198 200 201 202 203 204 210 212 213 214 215 216 217 218 219
45 147 148 150 152 153 158 159 161 162 163 165 166 168 169 170 174 177 179 180 181 182 183 185 187 190 191 194 197 198 201 203 204 205 206 207 208 209 212 213 214 217 218 219 220 222
48 145 148 150 151 152 153 156 157 158 160 162 163 168 169 171 172 173 176 177 180 182 183 184 185 186 187 188 189 190 192 194 195 198 199 200 201 202 203 204 205 206 208 209 211 212 214 215 216
54 147 148 149 151 154 155 157 158 159 160 161 162 163 164 165 166 167 168 171 173 174 175 176 178 179 180 181 183 185 187 188 189 190 192 193 195 197 199 200 202 203 206 207 209 210 211 212 214 216 217 219 220 221 222
45 148 150 151 152 154 157 160 161 163 165 166 168 169 170 171 172 174 175 177 178 181 182 188 189 190 192 193 194 196 198 199 202 203 205 207 208 209 210 212 214 215 217 218 219 222
45 147 150 151 152 153 154 155 156 157 161 162 163 164 165 166 167 172 173 175 176 178 181 183 186 190 192 194 195 197 198 199 200 203 204 206 207 208 209 213 214 216 219 220 221 222
27 146 147 152 154 164 166 167 168 169 172 175 176 184 186 187 188 190 192 193 198 202 203 207 210 211 215 220
46 145 148 151 152 154 157 159 162 164 165 166 167 170 171 173 177 178 179 180 181 182 184 185 186 190 192 193 194 196 197 199 200 201 203 205 209 210 211 212 213 214 215 216 217 220 222
36 145 146 148 150 151 156 157 160 165 166 168 170 173 174 176 177 179 182 184 185 186 187 189 190 195 196 199 201 203 204 212 213 215 216 217 219
31 146 147 153 154 157 158 163 172 173 174 178 179 180 181 182 183 184 187 188 191 192 193 194 199 200 202 210 211 216 219 222
25 147 150 151 152 158 167 173 177 179 190 192 194 198 199 201 203 204 205 209 210 212 215 217 218 219
44 146 147 148 152 153 155 158 160 166 167 168 170 171 172 174 176 177 178 180 181 182 183 186 187 188 190 191 192 193 194 196 198 200 204 207 208 211 212 213 215 216 218 219 222
37 145 146 148 149 150 156 160 163 165 166 169 172 174 175 176 177 178 182 184 185 189 190 193 197 198 199 204 205 206 207 209 212 213 214 216 218 220
31 147 153 159 160 161 164 165 166 177 178 180 182 183 184 185 191 192 193 195 196 197 199 201 204 206 210 212 215 217 220 221
45 145 147 148 149 150 153 156 157 159 161 163 165 166 168 169 170 171 172 173 174 176 177 179 180 181 183 186 187 192 198 200 201 202 203 204 206 207 208 209 212 214 215 216 217 221
52 145 147 150 152 153 154 155 156 157 158 159 160 162 167 168 169 170 171 172 173 175 176 177 178 179 180 181 183 184 186 187 188 189 190 191 194 195 196 197 198 204 205 206 207 208 209 210 212 216 217 220 221
46 145 146 147 151 152 154 156 157 160 161 162 163 165 166 167 168 169 171 172 173 175 176 177 179 181 183 184 187 190 192 193 194 195 199 200 201 204 205 206 207 209 210 211 213 219 220
51 146 147 148 151 154 156 158 160 161 162 163 164 165 166 167 168 169 171 172 173 176 178 179 180 185 187 188 189 190 191 192 195 196 197 199 200 201 202 206 208 209 210 211 212 213 214 216 217 219 220 222
35 146 147 152 153 154 156 158 159 160 163 164 165 169 175 176 177 181 183 185 186 188 191 192 199 201 203 206 207 208 209 210 211 213 214 215
42 145 148 149 150 154 156 158 159 160 161 165 166 167 172 175 176 177 178 180 182 183 185 187 189 193 195 196 198 199 200 203 204 205 207 208 212 216 217 218 219 220 222
37 146 147 149 151 157 158 159 160 161 165 168 170 174 175 177 183 186 187 188 189 191 193 195 197 199 200 201 202 205 208 209 211 212 213 216 217 222
34 146 147 148 151 153 157 162 164 167 173 174 175 176 177 178 180 181 182 189 190 193 194 197 198 199 203 204 205 206 209 211 213 219 220
23 147 152 155 159 165 167 168 171 177 178 188 195 196 198 200 203 204 205 206 210 218 219 221
27 150 151 154 156 157 161 162 166 168 169 171 175 177 179 182 183 190 191 193 194 201 203 207 209 212 214 219
44 145 146 150 151 152 156 160 162 164 165 167 168 170 171 172 173 174 175 181 182 183 184 186 187 188 189 190 191 192 194 197 198 199 203 204 207 210 211 212 215 217 218 221 222
40 146 148 153 156 158 159 160 162 163 168 169 170 174 175 176 179 180 182 183 184 185 190 193 195 197 198 199 203 204 206 207 208 210 211 212 213 214 216 217 218
23 145 146 148 158 160 165 166 167 169 171 172 173 175 181 182 183 187 191 205 213 218 219 221
36 147 149 152 153 155 156 157 159 162 164 167 168 169 170 171 172 173 182 183 184 185 186 188 195 198 199 202 203 206 209 210 211 212 215 217 222
37 146 148 149 153 154 155 156 157 159 167 171 175 176 177 179 180 182 183 186 187 189 190 191 193 196 200 201 202 203 204 205 213 215 217 219 220 221
27 147 148 151 155 156 157 158 159 161 163 164 169 171 175 178 179 183 185 190 193 200 202 209 210 213 217 222
28 147 148 150 153 154 155 156 157 159 163 165 166 167 168 169 173 178 186 192 193 194 195 198 205 207 210 213 218
37 148 149 152 153 154 158 162 166 168 169 172 173 174 175 176 177 179 182 184 188 189 197 198 199 202 204 205 207 208 209 211 212 215 218 219 221 222
37 147 148 149 150 151 153 154 155 156 157 158 161 162 166 171 175 178 179 180 181 182 183 185 188 190 191 192 193 194 198 200 203 206 209 210 218 219
27 148 149 151 153 163 166 167 171 172 180 182 184 187 188 192 194 196 197 198 205 208 210 213 214 215 217 219
41 145 146 151 153 154 155 156 157 158 159 160 162 164 165 166 167 168 172 174 175 179 181 182 183 185 186 187 188 191 195 198 199 202 204 205 210 211 213 218 219 220
52 145 146 151 154 158 159 160 161 162 163 164 165 166 168 169 170 173 174 175 176 177 178 180 181 184 186 189 191 193 194 195 196 197 198 199 200 201 203 204 205 206 207 208 209 210 211 212 214 216 218 219 220
25 145 150 153 161 165 166 171 173 174 182 183 186 187 188 189 191 199 203 205 207 209 211 212 217 221
36 147 149 152 153 160 162 163 164 171 172 175 176 177 180 182 183 184 185 187 188 190 192 195 198 200 202 203 207 208 209 210 214 217 218 219 222
45 145 148 149 150 151 154 158 159 162 164 167 168 170 171 172 173 176 177 182 183 185 187 189 191 192 193 195 196 198 201 203 206 208 209 210 211 212 214 215 216 217 218 219 220 221
32 146 148 152 154 157 159 163 167 169 170 171 176 177 181 182 183 189 191 198 199 200 202 206 207 208 209 210 212 214 215 219 220
51 147 149 150 151 152 157 158 159 160 161 162 164 166 171 172 176 178 179 180 181 183 184 186 187 188 189 190 191 192 193 194 195 196 198 199 200 202 204 205 206 208 209 210 211 212 213 214 218 220 221 222
31 145 146 147 151 155 161 163 165 166 169 171 176 181 183 187 192 195 196 200 201 203 206 210 211 212 213 214 216 217 220 222
33 146 147 148 152 153 154 155 159 162 166 167 172 173 179 181 182 184 186 187 188 193 194 195 196 197 200 202 203 207 209 211 218 220
54 145 146 147 148 149 150 151 152 154 155 156 157 158 159 161 162 163 166 167 171 172 174 175 176 177 178 179 180 182 184 185 186 187 191 194 196 198 199 200 202 203 204 205 206 207 208 209 211 213 216 217 219 220 222
27 148 149 150 154 155 158 161 167 169 171 173 174 176 178 180 185 187 189 191 192 195 196 199 204 206 209 211
43 145 146 147 148 150 151 152 154 157 159 161 162 163 165 168 172 174 177 180 183 184 188 191 192 193 194 195 196 198 199 200 203 204 205 207 210 211 212 213 214 216 218 220
43 145 149 150 152 154 155 158 159 160 161 162 163 164 165 168 170 171 173 174 176 177 185 187 188 190 191 192 193 194 197 198 201 207 208 209 210 212 214 216 217 218 219 220
51 146 147 148 150 151 152 153 154 155 156 157 158 159 161 163 166 168 169 173 174 178 179 181 182 183 185 186 188 191 194 195 197 199 200 201 202 203 204 207 208 209 211 212 214 215 216 217 218 219 220 221
45 145 152 153 154 156 157 159 160 161 162 163 165 167 168 169 171 173 175 176 178 180 181 184 185 187 189 190 191 192 195 196 197 198 200 201 202 204 205 208 209 211 214 218 220 221
28 147 149 150 154 156 157 160 166 178 180 181 182 184 190 193 203 204 205 206 207 208 211 212 214 215 216 217 218
29 146 148 151 152 153 156 160 164 166 169 171 173 174 175 176 180 184 188 189 192 195 197 203 210 213 217 218 220 222
43 145 150 152 153 156 157 161 163 165 166 167 168 171 172 174 175 176 181 182 183 184 185 186 188 191 192 193 195 196 197 201 203 206 207 208 209 210 212 214 215 216 218 219
45 146 149 150 153 155 156 158 159 161 164 165 166 172 173 174 176 179 180 181 182 186 187 188 189 190 191 192 193 194 196 197 200 201 203 205 206 207 208 209 210 212 213 214 217 221
43 145 146 149 150 163 164 166 167 168 169 171 172 173 176 178 179 180 182 185 186 187 188 190 192 193 196 197 198 201 203 205 208 209 210 213 214 215 217 218 219 220 221 222
28 145 149 151 162 163 166 169 170 171 175 176 182 184 187 189 193 197 199 200 204 208 209 210 213 215 217 219 220
47 148 152 153 155 157 158 159 160 161 162 163 164 167 168 169 170 171 172 174 176 179 181 182 185 186 187 190 192 193 197 199 201 203 205 206 207 208 209 210 211 213 215 217 219 220 221 222
40 145 146 148 150 153 157 159 160 162 163 166 167 168 169 171 174 175 179 180 181 183 185 186 188 193 194 195 196 197 198 202 203 205 208 209 211 212 213 217 218
53 145 146 147 148 149 150 152 153 155 158 159 160 162 165 166 167 168 169 170 173 175 177 178 181 182 184 185 186 187 189 191 194 195 196 198 199 200 202 203 204 206 207 208 212 213 214 215 216 217 218 219 220 221
29 146 147 148 153 154 161 164 167 171 172 173 176 178 183 184 186 189 193 194 197 204 206 207 208 214 215 217 219 221
35 146 147 149 152 153 155 157 159 160 161 162 165 170 173 176 177 178 179 181 183 192 193 196 197 198 199 201 203 209 213 214 216 219 220 222
51 147 148 149 151 153 155 157 158 160 161 164 166 167 169 170 171 175 176 177 178 179 180 181 182 183 184 185 186 187 188 189 192 193 194 195 196 198 199 201 204 205 206 208 209 211 214 215 218 219 220 222
46 145 147 149 151 152 153 155 156 157 158 159 160 162 164 165 168 169 170 171 175 176 177 179 180 181 184 186 188 189 190 191 192 193 194 195 200 204 206 208 209 212 214 215 218 219 222
34 146 149 151 152 153 160 161 162 165 167 168 169 170 172 176 183 184 187 193 194 197 198 202 203 205 209 211 212 214 215 216 219 220 221
35 151 152 153 154 155 156 158 159 160 162 168 169 173 174 176 180 181 182 183 185 186 189 192 193 194 196 199 200 201 213 214 217 218 219 222
33 145 146 148 149 150 152 155 158 159 162 164 171 173 175 177 179 182 185 186 189 192 194 195 200 202 206 212 215 216 217 218 219 221
27 146 148 153 155 156 157 158 159 161 163 164 170 175 180 182 183 184 193 194 201 206 212 214 217 218 221 222
38 146 148 150 152 153 154 155 157 159 161 166 167 169 170 171 172 176 180 182 184 187 193 194 197 198 199 200 204 206 207 210 212 213 214 215 218 219 222
47 145 149 150 151 154 155 158 159 161 162 163 164 165 168 169 170 173 174 175 176 178 179 180 183 184 185 186 188 189 191 192 193 196 198 201 202 204 205 206 208 210 212 214 215 216 218 219
40 146 148 150 151 154 155 157 159 160 164 165 166 167 168 169 173 175 177 178 185 188 189 190 191 192 195 196 204 205 209 210 211 212 213 216 217 218 219 220 222
51 146 148 149 150 151 152 153 154 155 157 160 163 165 167 168 169 170 171 172 173 174 176 178 179 180 181 183 185 186 187 188 193 194 196 197 200 201 202 203 204 206 207 208 209 210 211 212 213 215 216 217
29 146 149 150 153 158 160 161 167 171 176 178 179 180 186 187 190 193 194 196 197 203 204 207 208 210 212 216 219 220
41 147 148 149 150 151 152 156 159 160 163 166 167 168 169 170 171 173 174 175 178 179 182 184 185 186 190 191 192 193 196 200 201 202 204 205 206 209 214 220 221 222
24 148 153 155 162 164 166 167 168 175 176 179 185 190 191 196 201 204 209 210 213 214 215 218 220
32 151 152 153 154 155 157 160 161 164 166 168 169 172 173 175 180 181 185 186 189 192 198 199 200 203 204 205 206 215 216 220 221
26 149 151 152 154 155 156 162 172 173 179 181 184 188 189 190 191 192 196 199 202 204 207 211 215 216 217
25 145 146 148 151 158 162 163 165 166 167 168 169 170 176 177 183 189 192 193 194 201 204 209 211 213
46 145 148 149 151 152 153 154 155 156 157 159 160 163 164 165 166 170 172 173 174 175 176 180 181 182 183 184 192 193 194 199 203 204 205 206 207 208 209 210 211 213 214 215 216 221 222
43 145 147 148 149 150 153 156 157 158 160 161 162 163 164 165 167 169 173 174 175 177 182 183 186 188 189 190 192 193 195 196 197 199 203 205 206 207 212 217 218 219 221 222
53 145 146 147 148 150 153 154 156 157 158 159 160 162 163 165 166 168 169 170 172 174 175 177 179 180 181 182 185 187 188 189 193 194 195 198 199 200 203 204 205 206 207 210 212 213 214 215 216 218 219 220 221 222
50 145 146 148 150 152 153 156 158 161 162 163 165 166 167 168 169 170 171 172 176 178 179 180 182 184 185 189 190 193 195 197 198 200 202 203 205 206 208 210 211 213 214 215 216 217 218 219 220 221 222
36 145 146 157 158 160 161 162 164 167 168 169 170 171 173 175 178 179 180 186 187 188 191 192 194 196 197 200 201 202 205 207 208 209 216 217 220
53 146 148 149 150 151 152 155 156 157 159 160 161 162 164 166 167 168 169 170 171 172 174 175 177 178 179 180 181 182 183 185 187 188 189 191 192 193 198 199 201 202 203 206 209 210 213 214 215 217 218 219 220 222
28 147 148 150 151 153 157 158 160 161 164 170 172 176 181 182 185 187 190 191 197 205 207 209 211 214 217 220 222
25 146 149 150 161 163 165 168 170 172 176 181 183 187 189 191 192 194 200 202 205 206 214 219 221 222
48 145 146 149 152 153 154 155 157 158 159 160 162 163 164 166 168 169 173 174 176 177 180 181 183 185 186 190 192 193 194 195 196 198 200 201 202 205 207 210 211 212 214 216 217 219 220 221 222
25 146 151 152 159 162 165 166 169 170 180 181 183 184 186 194 195 197 200 202 203 204 207 210 213 219
50 145 146 147 148 149 150 151 153 154 155 159 160 161 162 163 164 166 167 168 169 171 172 173 174 176 177 178 184 188 189 190 191 193 194 195 197 198 199 200 201 204 208 209 212 213 214 215 217 221 222
37 145 146 150 151 155 157 160 164 166 173 176 177 178 179 180 181 183 184 185 187 190 192 193 196 198 199 202 203 204 208 210 213 214 217 220 221 222
35 146 150 151 152 159 161 165 167 169 171 173 174 176 179 180 181 182 189 191 194 196 200 201 204 206 208 209 210 211 212 213 214 219 220 222
26 147 149 150 154 155 157 161 164 166 174 179 182 183 189 195 201 209 211 212 213 215 216 217 220 221 222
31 146 149 152 153 155 157 167 169 171 172 174 176 181 183 184 185 191 194 195 196 198 203 204 207 208 210 211 212 213 215 216
52 145 146 147 149 150 151 153 157 161 164 166 168 169 172 173 174 177 178 179 180 181 182 183 185 186 187 188 190 191 192 193 195 196 197 199 200 201 203 204 207 209 210 211 214 215 216 217 218 219 220 221 222
40 147 149 151 152 154 155 160 161 165 167 171 172 174 175 178 180 181 183 184 186 190 191 193 195 196 197 202 203 205 206 210 213 214 215 216 217 218 220 221 222
50 145 146 147 148 149 150 151 156 157 159 160 161 164 167 168 171 172 174 176 177 179 180 181 184 185 186 187 188 190 191 192 194 195 196 197 198 199 201 202 204 206 208 209 210 212 214 216 219 221 222
39 145 146 147 149 151 155 156 158 160 161 162 164 166 167 168 169 170 171 173 174 175 176 179 180 181 183 185 188 189 191 192 202 204 207 208 211 212 219 221
41 146 148 149 151 152 153 154 156 159 160 161 162 167 169 170 171 173 175 178 182 184 185 191 194 198 201 202 204 205 206 207 208 209 213 214 215 216 217 219 220 221
27 146 149 151 152 161 170 172 176 179 181 183 188 189 192 196 198 201 206 207 210 211 213 216 218 220 221 222
35 145 149 151 152 153 155 160 161 163 166 168 169 170 172 173 174 178 187 188 189 190 192 196 197 199 200 206 208 209 210 214 215 217 218 219
27 145 148 153 154 157 159 161 164 165 168 169 170 178 185 187 194 197 198 200 201 205 207 209 212 219 220 221
39 145 146 148 149 151 152 153 155 156 157 159 160 161 163 165 167 169 170 173 174 176 180 182 183 185 191 196 197 198 201 202 204 205 208 211 212 216 217 222
49 145 146 147 149 151 153 154 155 160 161 162 163 164 165 166 168 169 171 172 174 175 177 178 182 183 185 187 189 192 193 194 195 196 198 203 204 205 206 207 209 210 213 215 216 218 219 220 221 222
49 145 146 149 150 153 155 156 157 158 160 161 162 163 165 166 171 172 173 174 177 179 180 181 182 183 185 186 188 189 191 192 193 194 196 197 199 200 203 204 205 206 211 214 215 216 218 220 221 222
40 145 146 147 149 150 153 155 157 158 159 160 162 165 166 169 171 172 174 175 178 179 180 182 183 193 194 196 197 198 199 200 203 204 208 209 214 216 218 220 222
36 145 150 153 154 158 159 160 166 170 173 175 176 178 180 182 185 186 189 193 194 195 196 201 203 204 207 208 209 212 214 215 216 217 218 221 222
26 147 148 152 153 156 157 159 168 172 176 182 186 187 188 195 198 199 201 203 205 206 208 210 212 213 215
33 145 147 148 151 152 155 157 161 162 164 165 167 169 173 175 176 177 182 184 187 192 195 196 198 199 204 205 207 208 210 211 215 219
39 145 147 149 151 152 155 156 157 160 161 162 164 168 169 170 172 175 180 181 182 183 184 185 187 188 189 190 194 197 205 206 208 209 211 212 214 215 219 222
32 147 151 153 156 157 159 162 164 167 168 170 175 177 179 180 182 183 184 187 196 198 199 204 208 210 212 213 214 216 217 221 222
26 146 148 151 157 159 162 166 170 172 173 174 176 179 182 183 189 192 195 197 200 202 206 208 213 214 220
53 146 150 151 152 154 155 156 157 159 162 164 165 168 169 171 172 173 174 176 178 179 181 182 183 184 185 186 187 189 191 192 193 194 195 197 199 200 201 202 203 204 205 207 208 210 211 214 216 217 218 220 221 222
54 146 147 148 149 152 153 154 155 156 160 162 163 164 165 167 168 169 170 174 175 176 177 178 179 182 183 184 185 187 188 189 190 192 194 197 198 199 200 201 202 203 204 205 206 207 210 211 212 213 214 218 219 221 222
6 223 226 229 232 234 240
9 223 224 225 228 229 232 233 236 242
8 224 227 228 231 235 238 239 242
9 224 228 229 231 233 236 237 239 240
3 231 234 236
10 223 224 226 227 228 229 233 235 238 239
4 225 231 235 238
7 224 227 229 233 238 239 241
4 223 227 233 241
9 225 227 230 234 235 238 239 240 241
4 223 236 237 241
6 226 231 232 237 240 242
4 225 228 230 236
1 232
14 224 226 227 228 229 230 232 233 234 235 236 239 240 242
4 224 225 230 239
9 223 224 225 226 229 234 235 240 241
7 223 225 231 234 237 240 242
6 223 224 227 231 240 241
3 235 240 241
4 223 224 229 233
4 226 229 233 239
11 223 227 229 232 234 236 237 238 240 241 242
4 224 232 237 241
12 224 225 226 227 229 230 232 237 238 239 240 241
8 224 225 230 234 235 236 239 242
11 227 228 230 231 232 233 236 237 238 239 242
8 224 226 232 234 236 237 239 240
4 226 227 239 240
7 227 228 229 230 232 233 239
12 225 226 229 230 233 234 235 236 237 238 239 242
9 224 225 226 228 230 231 233 235 239
6 226 229 233 238 240 241
2 240 241
5 223 226 231 233 235
8 229 231 232 233 234 235 238 240
9 223 225 227 228 230 235 238 240 242
6 225 230 233 236 237 241
8 223 228 231 233 234 235 236 242
8 223 228 232 233 234 235 238 239
10 223 227 228 229 232 236 237 239 240 241
4 228 229 230 242
4 224 225 226 227
3 223 234 235
4 227 228 229 232
2 238 241
5 230 231 234 236 240
5 226 230 231 234 239
10 223 225 226 227 228 230 232 233 234 239
5 223 224 226 231 235
5 223 225 226 230 232
10 224 225 226 230 231 233 234 235 238 242
6 224 229 231 232 236 237
7 227 228 229 232 235 241 242
7 225 230 232 237 240 241 242
8 223 224 225 226 233 237 238 239
8 225 234 236 237 238 240 241 242
2 228 232
2 239 241
5 223 227 228 231 237
8 228 232 235 236 238 240 241 242
4 226 227 228 242
12 224 225 226 227 229 230 231 236 237 240 241 242
4 223 230 231 234
9 224 226 230 233 235 236 238 239 241
7 225 230 231 232 234 236 237
4 227 235 237 238
4 227 234 235 242
4 229 233 237 239
5 223 226 228 233 242
9 224 227 229 231 237 238 239 240 242
6 223 225 231 237 238 241
7 224 229 231 236 237 238 242
11 223 225 226 228 230 232 233 234 235 236 241
9 224 225 228 229 230 234 237 238 240
5 228 235 238 241 242
4 227 232 236 242
2 225 228
5 232 235 236 238 240
3 223 237 241
2 229 230
6 224 226 228 231 233 235
3 224 232 237
4 225 230 233 236
4 229 231 233 238
2 223 233
4 225 233 236 241
5 225 231 234 237 242
6 224 226 230 235 238 242
7 223 224 225 229 234 240 241
4 223 225 226 230
3 229 233 237
7 223 227 228 232 236 239 241
5 225 230 233 234 238
5 225 230 231 235 242
3 223 227 237
2 227 237
7 226 227 228 229 235 238 239
4 223 224 225 241
8 223 225 228 230 232 235 236 241
3 231 235 238
1 238
5 225 226 234 235 240
6 224 227 228 231 238 239
4 228 233 234 242
3 226 239 240
9 223 225 226 228 230 232 233 234 235
2 227 228
5 228 232 235 241 242
6 224 232 234 237 239 240
3 229 233 239
5 229 232 234 235 238
5 225 228 230 231 233
2 225 230
5 227 228 237 239 241
3 229 233 237
3 225 230 232
3 228 235 238
7 223 226 227 228 230 232 234
4 224 225 235 239
1 241
1 241
10 224 226 227 228 230 234 235 236 239 240
1 235
6 230 231 232 234 236 237
2 226 231
3 224 232 236
9 223 227 232 234 236 237 238 240 241
8 225 226 229 230 231 237 240 242
3 225 237 238
4 227 228 229 239
2 225 230
3 223 230 234
7 227 232 233 236 237 239 242
6 227 232 236 237 240 241
3 224 230 239
6 225 230 232 234 236 237
5 225 233 236 237 241
2 234 235
4 223 226 231 235
3 223 230 234
5 235 236 238 241 242
5 235 236 238 241 242
2 234 235
4 228 232 236 240
6 223 224 228 229 232 242
8 224 227 229 230 237 238 240 241
8 223 227 229 236 237 238 240 242
5 224 226 229 233 239
6 223 224 225 233 237 238
2 224 239
6 226 230 233 234 238 242
6 223 224 225 229 235 241
2 225 236
7 229 234 237 238 240 241 242
2 223 228
4 238 239 240 241
1 239
1 241
6 227 229 230 236 241 242
5 227 228 231 235 242
3 223 227 241
2 235 238
3 234 236 240
2 229 233
3 225 228 236
4 224 229 231 236
6 226 230 231 234 235 238
6 225 226 229 234 235 241
2 225 230
8 224 226 227 230 231 237 240 241
3 235 237 238
7 223 229 237 238 240 241 242
1 241
3 226 234 239
2 231 236
8 227 229 232 236 237 240 241 242
5 223 224 227 231 240
7 223 227 228 230 232 234 239
3 223 229 233
3 226 231 235
4 224 234 238 240
2 223 235
4 229 231 236 237
6 223 228 231 234 235 242
7 224 225 226 230 231 233 235
4 226 238 240 241
11 224 226 227 228 229 230 232 233 235 236 239
2 228 229
3 227 234 242
3 226 240 242
2 231 236
2 233 235
2 224 230
5 223 225 231 237 238
7 223 228 232 233 234 235 239
6 224 229 231 233 236 239
8 225 227 229 231 236 237 240 242
4 225 230 237 241
2 232 242
3 238 241 242
4 223 226 231 235
8 223 227 228 229 236 237 240 241
6 223 225 227 228 235 242
3 232 236 242
4 224 231 236 237
6 225 226 227 228 230 239
2 233 241
6 225 227 235 238 240 242
4 230 233 237 241
2 227 229
6 224 225 230 234 235 236
1 240
3 223 225 241
4 226 230 231 239
5 224 227 229 238 239
2 230 239
5 226 229 233 238 241
3 228 233 242
3 227 232 236
4 232 240 241 242
5 223 228 233 234 242
1 239
5 223 231 237 238 241
6 225 228 230 234 237 240
2 229 237
3 235 238 241
3 223 238 241
6 225 234 236 237 238 240
7 224 228 229 231 236 237 239
8 223 224 225 229 234 235 240 241
2 223 234
2 232 242
2 224 227
5 228 231 233 235 242
3 230 231 234
2 226 229
7 227 230 234 235 239 240 241
9 225 229 233 235 236 237 238 239 242
4 224 229 239 240
4 223 226 231 235
8 223 228 229 232 236 237 239 240
7 224 228 231 233 236 237 239
1 241
3 226 228 242
4 228 238 241 242
2 235 240
6 225 229 233 236 237 238
4 227 229 233 238
7 223 225 226 234 235 240 241
4 224 228 231 235
6 229 231 232 233 235 240
7 225 227 230 234 235 238 240
5 224 230 236 239 242
4 223 233 237 239
5 228 229 235 241 242
4 229 232 235 242
10 224 225 226 227 229 232 237 238 239 240
2 228 229
2 223 241
2 226 231
2 233 241
2 228 236
4 226 232 237 240
4 233 236 237 241
3 225 231 238
5 224 225 235 239 242
6 225 230 231 234 236 237
1 223
4 226 230 231 233
3 234 235 242
5 228 229 237 239 240
7 224 226 230 231 234 235 238
2 230 236
3 228 229 232
3 223 224 233
2 235 238
3 234 235 242
3 223 224 235
3 223 227 237
3 224 229 237
4 224 225 230 234
6 224 227 228 231 238 242
2 231 236
2 230 234
2 232 236
1 241
4 229 232 234 240
6 224 227 228 229 233 235
6 225 230 234 239 240 241
3 224 229 236
6 224 225 228 229 232 233
2 223 237
5 226 229 233 240 241
2 224 226
1 231
6 226 229 230 236 241 242
4 225 231 232 236
2 234 235
4 227 235 238 242
3 223 226 235
3 223 231 235
6 224 227 235 238 239 242
2 224 241
4 227 229 230 232
3 224 226 227
2 223 236
3 223 226 240
7 226 228 230 232 233 234 239
5 224 225 230 234 235
2 237 241
3 226 239 240
4 226 233 238 241
8 224 226 227 229 231 240 241 242
4 224 227 233 238
6 224 228 234 237 238 240
3 223 236 241
3 231 235 238
4 223 234 235 236
9 223 225 226 228 232 233 234 235 241
3 223 224 233
2 235 241
3 226 231 235
7 227 230 232 233 236 238 239
8 223 224 226 228 229 233 235 239
3 223 229 234
3 229 233 239
2 224 241
5 223 229 236 237 241
2 231 234
2 235 237
6 229 233 235 236 238 242
5 225 231 232 234 237
2 231 236
3 226 228 242
3 231 234 240
5 234 236 237 241 242
8 224 229 230 232 237 238 239 241
1 241
2 231 234
2 230 242
6 230 233 235 236 238 241
10 224 227 228 229 230 233 234 236 239 242
3 229 232 236
4 232 235 236 241
5 229 231 238 240 242
3 230 231 234
6 223 228 233 234 238 239
5 224 229 231 236 237
2 223 236
7 228 232 233 234 235 238 239
7 225 229 234 235 238 239 242
2 226 239
3 223 226 232
2 232 241
5 225 230 235 239 240
4 225 236 238 240
7 229 231 232 233 234 235 238
4 226 232 234 239
6 223 226 227 228 229 235
3 225 231 238
4 225 230 236 237
2 240 241
6 225 227 228 230 235 242
6 226 230 235 238 239 241
4 226 229 233 241
6 227 228 230 235 238 240
11 226 227 228 229 230 232 233 234 235 236 242
5 223 226 229 232 240
9 224 226 227 229 233 235 239 240 242
4 226 231 234 239
3 225 226 227
5 223 224 233 238 239
1 240
3 223 226 233
5 223 228 231 233 236
3 223 226 228
8 223 225 228 230 232 233 234 239
2 231 236
5 225 234 237 240 242
4 224 229 231 232
5 225 234 236 241 242
6 228 232 236 238 240 242
4 227 238 239 241
5 225 231 232 236 237
2 224 232
5 224 229 237 239 240
6 223 228 231 234 236 242
2 224 231
10 225 226 229 230 233 234 235 236 238 239
4 223 233 235 238
5 223 226 228 233 239
5 223 224 227 229 235
2 234 236
2 225 227
3 231 232 242
9 223 227 229 234 236 238 240 241 242
2 227 242
5 225 236 238 240 241
4 224 237 240 242
3 225 238 241
4 223 225 234 237
6 225 226 228 235 236 241
2 228 242
3 230 236 240
3 223 227 233
6 224 226 234 236 239 240
11 223 224 225 227 228 231 232 236 237 238 242
11 223 224 225 226 227 232 234 236 237 238 240
9 223 228 230 232 235 236 237 241 242
7 230 232 233 234 235 238 239
7 223 224 226 229 239 240 242
12 223 224 226 230 231 232 235 238 239 240 241 242
9 223 226 229 230 232 237 238 239 241
10 223 224 225 228 229 234 237 239 240 242
7 224 227 228 231 233 237 241
8 225 226 231 234 235 236 241 242
9 223 225 228 232 234 237 238 240 241
7 223 226 230 233 234 238 242
6 225 226 229 230 235 237
6 223 225 228 236 237 239
12 223 224 226 227 231 232 233 234 236 237 238 241
10 223 225 228 230 232 233 235 236 239 240
9 223 224 225 226 227 228 229 231 234
13 223 224 227 228 229 231 232 233 237 238 240 241 242
9 228 231 235 236 238 239 240 241 242
10 223 225 228 230 233 235 237 239 240 241
7 224 225 226 229 231 236 242
11 223 224 225 226 227 228 229 234 235 238 242
12 223 225 226 229 233 234 236 237 238 239 241 242
12 223 224 225 227 228 229 231 233 235 237 238 242
6 228 231 232 233 234 241
8 224 227 229 232 234 235 236 241
12 223 225 227 229 230 232 233 235 236 237 238 241
9 223 224 225 228 230 236 238 240 242
10 223 224 225 226 227 230 232 235 240 242
6 224 226 230 232 236 242
10 223 225 226 227 230 231 235 236 238 241
9 226 228 229 230 231 232 236 237 239
12 223 224 225 226 229 230 231 233 236 237 241 242
12 225 226 227 230 231 233 236 237 238 239 241 242
7 223 225 226 230 235 238 242
6 223 224 233 235 236 239
9 224 226 230 232 238 239 240 241 242
11 223 224 228 232 233 235 236 238 240 241 242
12 225 226 229 230 232 233 234 237 238 239 240 241
12 224 226 227 228 229 230 232 235 236 238 240 241
6 224 225 227 229 235 239
6 225 228 233 235 240 242
7 225 228 231 233 234 237 239
10 225 226 230 231 232 235 236 238 239 242
11 223 225 226 227 230 231 237 238 240 241 242
9 223 227 230 231 234 235 240 241 242
9 225 227 228 229 231 232 234 235 236
6 223 226 235 236 241 242
6 223 228 230 235 236 242
9 224 225 226 228 229 233 238 241 242
13 223 225 226 228 229 230 232 233 235 237 239 241 242
9 223 224 228 229 230 234 237 238 240
8 223 226 227 230 232 233 238 240
9 223 225 226 229 230 231 234 237 239
9 223 224 226 228 229 231 235 236 237
13 223 224 227 230 231 232 233 235 236 237 238 239 240
12 223 224 225 228 229 231 232 233 234 239 240 242
10 223 227 233 234 235 236 237 239 241 242
12 223 224 227 228 230 233 234 236 238 239 240 241
12 223 224 225 226 227 228 230 231 234 238 240 242
9 223 225 230 231 237 238 239 240 242
12 223 226 230 231 232 234 236 237 238 239 240 242
7 225 230 231 233 235 238 242
8 223 225 228 229 230 234 235 238
10 224 226 227 228 230 234 236 237 239 240
13 223 224 225 226 228 230 232 233 234 235 237 238 242
8 224 231 233 234 237 238 240 241
9 223 226 229 232 233 234 236 240 241
13 224 226 228 229 230 233 235 236 237 238 240 241 242
13 223 225 230 231 232 233 234 235 236 237 238 239 241
6 223 227 234 236 239 242
10 226 229 230 232 233 235 236 237 239 240
13 224 227 229 230 231 232 234 235 236 238 239 241 242
7 223 224 228 231 235 240 242
6 225 226 227 235 237 240
6 223 225 228 238 240 242
9 223 226 229 232 233 234 238 241 242
8 224 226 229 231 233 235 236 238
8 223 224 225 228 230 236 239 240
6 223 226 230 231 237 238
12 225 226 227 228 229 232 233 235 237 238 239 241
10 224 225 227 228 229 230 232 235 236 242
11 223 225 228 229 232 233 236 237 239 240 241
6 226 228 231 235 236 239
7 223 225 228 232 236 239 242
10 223 224 226 228 230 234 239 240 241 242
11 224 226 227 229 230 233 237 238 239 241 242
12 223 225 226 228 229 230 232 234 239 240 241 242
9 223 224 226 227 232 233 237 241 242
13 223 227 229 232 233 234 235 236 237 239 240 241 242
8 223 226 227 228 229 232 237 239
7 225 227 228 229 232 235 239
6 223 224 227 230 231 241
11 223 224 226 228 229 231 233 234 237 238 241
8 224 225 226 227 229 234 237 240
10 223 225 229 230 232 234 236 238 239 240
7 225 229 230 236 237 240 241
9 224 228 231 234 236 238 239 240 242
13 223 226 228 229 231 232 233 234 235 237 239 240 242
8 223 230 231 233 235 238 239 241
8 223 226 227 232 239 240 241 242
6 224 225 226 228 232 237
9 225 227 228 230 231 233 238 241 242
10 224 227 228 229 231 232 234 235 238 239
13 223 225 227 229 230 231 232 234 236 237 238 239 240
9 223 226 228 230 232 234 235 238 239
11 223 224 225 228 231 235 237 239 240 241 242
12 223 224 226 228 229 231 232 233 234 235 238 240
12 223 224 226 227 229 232 236 237 239 240 241 242
6 226 227 230 236 239 240
10 223 224 225 229 230 231 235 238 240 241
11 223 224 225 228 229 232 235 236 237 238 242
7 223 225 227 229 231 235 236
11 223 225 227 229 230 231 233 236 237 239 242
6 228 229 232 237 239 242
10 223 226 227 231 233 234 237 238 240 241
7 224 227 232 234 236 237 241
6 224 227 234 237 240 241
12 225 226 227 229 230 233 235 237 239 240 241 242
13 224 225 226 227 230 231 232 233 235 237 238 239 241
10 223 224 228 229 232 234 235 237 239 241
10 224 226 227 228 229 230 232 234 236 239
6 223 225 232 233 236 240
6 225 228 236 240 241 242
6 226 228 229 230 231 233
13 225 227 228 229 230 232 233 234 235 237 239 240 241
7 223 225 231 232 235 237 242
9 226 227 229 231 233 234 238 241 242
9 225 227 228 231 236 237 238 241 242
10 226 227 229 230 235 237 238 239 240 242
9 223 224 228 229 230 233 235 236 237
11 226 227 229 230 231 232 233 234 240 241 242
13 223 225 226 227 229 230 231 232 233 236 238 239 242
9 223 225 227 229 234 236 237 240 241
8 227 230 231 232 235 236 238 240
9 224 226 229 230 231 233 234 235 237
9 224 225 227 229 233 234 238 240 241
10 224 226 228 230 233 234 235 239 240 241
9 223 224 225 227 228 230 233 241 242
12 225 226 227 228 233 234 235 236 238 240 241 242
12 223 224 225 226 227 229 230 233 234 235 238 239
7 223 226 227 230 237 240 241
6 225 226 227 230 232 240
7 225 230 231 234 237 238 242
9 227 230 231 232 234 235 238 240 241
7 223 226 232 235 236 238 239
9 225 228 229 230 233 235 237 238 241
9 223 224 225 228 229 233 235 238 240
9 224 225 226 228 234 235 238 239 242
10 223 224 225 228 231 233 235 237 238 242
8 225 226 228 230 236 237 239 241
7 223 225 227 228 231 232 234
11 225 226 227 231 232 233 235 238 239 240 242
13 223 224 226 228 230 233 234 235 236 237 238 240 242
9 224 225 230 232 234 236 237 239 241
12 223 225 227 228 230 233 234 235 237 238 240 241
11 225 226 227 231 232 233 236 237 238 240 242
6 226 227 228 238 241 242
10 226 227 228 229 230 231 233 234 237 242
12 223 224 226 227 231 232 233 234 235 238 241 242
8 224 227 229 231 234 236 240 242
9 224 225 227 231 236 237 240 241 242
13 223 224 225 226 227 228 231 233 236 237 238 239 240
13 223 225 228 229 230 231 233 234 235 237 239 241 242
8 223 226 229 230 233 235 237 238
7 224 225 228 229 238 240 242
7 223 225 227 232 239 241 242
12 223 225 226 227 229 230 231 232 236 237 238 242
6 223 225 226 229 238 242
12 225 226 228 229 230 232 234 235 237 240 241 242
8 225 226 227 230 236 240 241 242
8 224 230 231 235 237 238 240 241
9 224 226 229 230 235 237 238 240 242
11 225 227 229 231 232 233 235 236 237 240 241
10 223 224 227 228 230 232 237 238 240 241
7 225 226 230 232 234 236 237
12 223 226 227 228 229 230 231 232 233 234 235 236
13 223 226 227 229 230 231 232 233 234 236 238 239 241
7 223 224 228 235 237 241 242
12 224 225 231 232 233 235 236 237 238 239 241 242
8 224 228 229 230 231 232 236 239
12 225 226 227 228 229 233 234 236 237 239 240 242
8 229 230 231 232 233 238 239 242
6 228 230 232 233 236 240
8 224 225 226 228 229 235 237 241
8 223 224 226 227 235 237 238 240
6 223 224 226 232 235 242
9 223 225 228 229 233 234 238 239 241
11 223 224 225 226 227 228 229 234 239 240 242
6 224 225 234 238 239 240
11 226 227 228 229 231 236 237 239 240 241 242
9 226 227 229 230 236 237 238 239 240
6 223 224 235 237 241 242
8 223 226 228 230 233 234 239 240
13 224 225 226 227 228 230 231 233 236 238 239 240 242
11 225 227 229 231 233 234 235 236 237 239 241
8 225 226 227 229 232 233 236 242
13 225 227 228 229 231 234 235 236 237 238 239 240 241
6 228 231 233 237 240 241
12 225 226 228 229 231 232 233 234 236 238 240 242
7 223 225 226 233 234 235 236
8 224 227 228 230 238 240 241 242
12 224 225 226 229 231 232 233 235 239 240 241 242
12 224 229 230 231 232 233 234 236 237 238 239 242
12 224 225 227 229 232 233 234 235 237 238 240 241
8 223 224 229 230 235 240 241 242
11 223 225 227 228 229 230 234 236 237 238 239
9 227 228 229 233 234 235 237 240 242
10 223 224 225 227 228 229 232 236 237 241
13 224 225 229 232 233 234 235 236 237 238 240 241 242
7 233 234 235 236 237 240 241
10 225 227 228 230 232 236 237 238 240 241
6 224 230 233 236 239 241
10 224 226 227 228 232 236 237 239 241 242
13 225 229 230 231 233 235 236 237 238 239 240 241 242
13 223 227 229 230 232 233 234 236 238 239 240 241 242
13 223 224 225 226 228 229 230 231 232 233 234 238 242
12 224 229 230 231 234 235 237 238 239 240 241 242
10 224 227 229 230 231 232 234 235 241 242
12 225 226 228 231 232 233 234 235 236 238 239 241
7 226 228 230 231 232 238 240
11 223 226 227 228 229 231 233 234 238 240 242
6 224 226 230 235 238 239
10 223 225 226 229 231 232 236 237 239 241
6 223 228 229 231 239 240
7 223 228 233 235 236 239 241
13 223 224 225 226 229 230 231 232 236 237 238 241 242
10 223 224 225 229 230 231 233 237 239 242
11 223 225 227 228 230 231 232 236 238 240 242
12 223 227 228 229 230 231 233 234 237 238 239 240
8 223 227 232 233 238 239 241 242
7 223 226 229 232 235 237 239
6 227 228 234 235 236 237
10 224 226 227 228 230 233 234 236 238 239
8 224 225 227 230 231 235 236 240
12 223 225 227 228 229 231 232 233 234 237 240 242
9 223 225 226 231 236 237 238 239 241
13 224 226 227 229 230 231 233 236 237 238 239 241 242
11 223 224 227 228 229 231 234 235 237 239 242
8 223 227 231 232 233 235 237 238
8 225 227 232 234 235 236 240 241
7 223 225 228 233 235 236 241
10 223 224 226 227 237 238 239 240 241 242
11 224 226 228 229 230 232 234 236 237 238 240
6 226 230 231 234 237 238
8 226 229 230 233 234 239 240 241
13 223 224 227 228 230 231 232 233 234 236 237 238 242
10 223 224 226 227 231 232 236 238 240 242
12 223 226 227 231 232 233 234 235 236 238 240 241
9 223 226 228 232 233 235 236 239 241
7 225 227 229 236 237 239 242
13 223 224 225 227 228 229 230 232 234 235 236 238 240
11 226 227 228 229 231 233 234 235 237 238 242
10 223 224 226 227 228 232 234 237 239 240
6 225 227 234 235 238 242
11 223 230 232 233 234 236 237 238 239 241 242
13 225 226 227 228 231 232 233 236 237 238 239 240 242
8 224 227 230 231 232 236 239 242
7 225 227 233 235 238 239 242
7 223 225 229 231 234 238 241
10 224 225 226 227 229 230 231 232 239 240
7 227 228 229 230 233 240 242
11 225 226 227 228 230 231 233 234 236 238 239
10 224 225 228 229 231 233 235 237 238 239
9 223 227 230 232 233 236 238 240 242
9 223 227 228 230 233 235 238 240 241
6 228 229 232 233 236 238
8 223 224 226 227 230 233 238 241
10 223 227 228 231 234 235 236 237 238 242
7 225 226 229 234 235 239 241
10 227 228 229 230 233 234 235 236 238 239
11 224 227 228 230 231 232 233 236 237 239 240
12 223 225 227 230 233 235 236 237 238 240 241 242
10 225 226 227 228 230 231 232 235 236 239
9 225 226 227 228 233 236 239 240 242
11 224 225 226 227 229 230 232 236 237 238 242
12 223 226 228 231 232 234 235 236 239 240 241 242
9 226 227 228 229 230 235 238 239 242
9 223 226 227 228 233 234 238 239 241
9 224 227 231 232 234 235 236 238 239
11 224 225 226 227 228 234 235 237 239 240 242
12 223 226 228 230 233 235 236 238 239 240 241 242
6 224 225 234 237 239 240
9 226 227 229 230 234 235 237 238 239
13 223 224 226 227 228 229 231 235 237 238 240 241 242
8 224 225 226 231 233 234 236 239
11 224 225 226 227 228 233 235 236 237 239 241
9 223 224 226 227 231 232 237 239 241
7 226 227 228 229 231 232 237
8 224 227 230 234 236 239 240 242
6 228 236 238 239 240 242
8 224 225 231 233 234 235 238 239
10 223 224 225 227 229 230 232 234 239 240
9 223 225 227 228 229 233 235 240 242
8 224 225 226 228 231 234 235 242
12 224 226 227 230 232 233 234 236 237 239 241 242
13 225 226 227 229 230 231 234 235 237 238 240 241 242
9 223 224 225 227 228 230 231 236 242
9 223 225 226 230 233 234 235 240 241
7 223 226 229 236 237 238 239
7 223 224 229 231 233 234 240
12 225 226 228 230 231 233 234 235 237 238 240 241
6 223 225 227 228 240 242
9 225 226 228 229 230 235 236 237 241
11 223 224 226 227 230 232 237 238 239 240 242
7 223 226 231 232 234 237 240
6 225 229 231 235 237 240
10 224 226 229 231 232 234 237 238 239 242
9 223 226 227 228 230 231 232 234 242
12 224 225 227 228 230 231 232 234 236 239 240 241
13 223 228 229 230 231 232 234 237 238 239 240 241 242
10 224 227 228 232 233 234 237 238 240 241
13 223 226 227 228 229 230 233 234 235 236 237 241 242
7 224 226 227 229 236 237 240
12 224 228 229 230 233 235 236 238 239 240 241 242
11 224 226 227 230 234 235 236 237 238 239 242
12 223 224 225 226 227 228 231 232 233 234 238 241
8 223 224 226 232 234 238 241 242
13 225 227 228 229 230 231 233 234 235 236 237 238 241
13 225 227 228 229 230 231 234 236 237 238 239 240 241
13 224 225 227 228 230 231 232 233 234 236 237 241 242
7 224 228 230 232 237 240 241
6 227 228 232 236 238 242
10 223 228 229 230 231 232 236 239 240 242
10 223 224 226 230 231 232 233 237 239 241
13 223 224 225 230 231 232 233 234 236 237 240 241 242
10 227 229 230 231 232 233 235 237 238 241
6 223 229 232 233 234 239
13 223 226 227 228 231 233 234 235 236 237 238 239 241
12 224 226 227 228 230 231 232 233 234 239 240 241
13 223 224 225 226 227 228 229 230 233 234 235 236 242
7 223 225 232 236 237 240 242
6 223 230 233 238 239 240
13 226 227 228 229 232 233 234 235 236 237 238 241 242
6 225 230 233 235 240 241
9 223 226 227 232 233 234 236 240 242
10 223 224 225 230 233 236 238 239 240 241
