205 1241
52 1 2 3 4 5 6 7 8 9 10 11 12 13 14 15 16 17 18 19 20 21 22 23 24 25 26 27 28 29 30 31 32 33 34 35 36 37 38 39 40 41 42 43 44 45 46 47 48 49 50 51 52
17 2 4 6 7 17 19 22 26 28 32 35 36 39 45 49 51 52
39 2 3 4 6 7 8 9 10 11 12 13 14 16 19 20 23 24 25 26 28 29 31 32 34 35 36 37 38 39 40 41 42 43 44 45 46 48 49 50
22 2 4 5 9 12 17 19 22 23 26 27 28 29 30 31 34 35 37 38 48 49 52
29 2 4 5 6 7 9 10 11 13 15 16 19 20 26 27 29 34 35 37 40 42 43 45 46 48 49 50 51 52
39 1 2 3 5 6 8 9 10 11 12 13 15 16 18 19 21 22 24 25 26 28 29 30 31 32 33 34 35 37 38 39 40 46 47 48 49 50 51 52
16 3 14 16 17 18 21 24 29 34 35 36 37 42 44 46 50
20 5 7 8 10 12 13 16 17 18 21 24 26 32 37 41 42 46 47 48 51
41 2 3 4 6 7 8 9 10 11 12 13 14 15 16 17 20 21 22 24 25 26 27 28 29 30 31 32 33 34 35 37 41 42 43 44 45 47 48 49 50 51
41 1 2 3 4 5 6 7 8 9 12 13 14 15 16 18 19 20 21 22 23 24 25 26 29 30 31 32 33 34 37 39 40 41 42 43 45 46 48 49 50 52
35 1 2 3 4 7 8 9 11 13 14 15 16 18 19 20 21 22 23 25 27 29 30 31 33 34 35 36 40 41 44 45 49 50 51 52
25 1 2 9 10 12 15 18 19 20 25 30 32 35 37 39 41 42 45 46 47 48 49 50 51 52
17 2 6 8 9 13 17 22 23 26 28 31 36 38 40 41 46 49
41 1 2 3 4 6 7 8 9 10 11 12 13 14 16 17 19 21 23 24 25 26 27 29 30 31 32 33 34 35 36 37 38 40 42 43 44 46 48 50 51 52
27 3 8 12 13 14 16 17 19 20 22 23 25 28 32 33 35 36 39 41 42 43 45 46 48 49 50 52
38 1 2 3 4 6 7 10 11 12 13 14 15 17 19 20 21 22 23 24 25 27 28 31 32 33 34 36 37 38 40 41 43 47 48 49 50 51 52
36 4 6 7 8 11 12 13 14 16 18 20 21 22 23 24 25 26 27 28 29 31 32 34 37 38 40 41 42 43 44 46 47 49 50 51 52
32 1 2 3 5 6 9 11 12 15 16 17 18 22 24 26 28 29 30 31 34 36 37 38 39 40 41 43 44 46 48 50 52
20 2 3 4 5 7 8 10 12 15 18 21 31 35 41 42 45 47 49 50 51
17 1 3 11 13 14 17 19 22 24 26 41 42 43 44 45 47 51
21 2 7 13 15 18 19 20 24 25 26 30 31 33 34 36 40 43 44 46 50 52
31 1 2 7 8 10 11 12 13 16 17 18 22 23 24 25 26 28 29 31 32 34 37 40 41 42 44 45 46 47 49 51
40 1 2 3 4 5 8 10 11 12 13 15 17 18 19 20 21 22 25 26 28 29 31 32 33 34 36 37 38 39 40 41 42 44 45 46 48 49 50 51 52
19 5 6 10 14 23 25 27 29 30 31 37 38 40 42 45 46 48 49 51
15 12 17 19 26 27 30 31 34 36 37 38 39 44 48 50
31 6 7 8 9 10 13 14 16 18 19 20 21 24 25 27 28 29 30 33 34 36 37 38 44 45 46 47 48 50 51 52
32 1 2 3 5 6 8 10 11 13 14 15 16 19 21 22 23 24 26 27 29 31 32 34 36 40 41 43 45 46 48 50 51
67 53 54 55 56 57 58 59 60 61 62 63 64 65 66 67 68 69 70 71 72 73 74 75 76 77 78 79 80 81 82 83 84 85 86 87 88 89 90 91 92 93 94 95 96 97 98 99 100 101 102 103 104 105 106 107 108 109 110 111 112 113 114 115 116 117 118 119
30 53 54 61 65 68 69 71 72 73 74 75 76 77 79 83 84 85 87 89 91 92 93 94 95 98 100 101 108 114 116
50 53 54 55 56 57 59 61 63 64 65 66 67 69 70 71 73 74 75 76 77 78 79 80 81 82 83 85 86 87 89 91 92 93 95 96 97 98 99 101 106 107 108 109 110 112 113 115 116 118 119
41 54 56 57 59 60 61 62 63 67 72 73 74 76 77 79 80 81 83 84 85 86 87 89 90 91 93 96 99 100 101 103 106 107 108 109 111 112 114 115 118 119
27 56 57 60 62 64 65 68 71 73 75 84 85 89 92 93 97 98 99 100 103 104 106 108 109 111 115 116
22 61 64 66 67 70 72 77 83 86 88 89 91 92 94 95 101 105 111 112 115 118 119
20 58 63 68 73 83 85 86 89 91 93 94 102 103 104 105 106 111 112 115 117
25 53 54 56 57 59 66 67 69 72 74 75 81 89 93 96 97 99 101 102 109 110 112 115 118 119
53 53 54 55 56 57 59 60 61 62 63 64 65 67 69 71 72 75 77 78 79 80 81 82 83 84 86 88 89 90 91 93 94 95 96 97 98 99 100 101 102 103 104 105 108 111 112 113 114 115 116 117 118 119
51 53 54 55 56 57 58 59 60 61 62 63 64 66 68 69 70 71 72 73 74 75 76 77 78 79 81 82 83 84 85 86 87 89 91 93 94 95 98 99 100 101 103 104 105 107 108 109 112 115 117 118
36 56 57 58 60 61 62 65 68 69 70 71 73 74 76 78 80 81 82 86 89 91 92 94 95 96 98 99 100 101 102 105 106 110 113 114 115
49 53 55 57 58 60 61 63 64 65 66 67 68 69 70 72 73 74 75 78 79 80 81 82 84 86 87 88 90 91 92 93 94 95 99 100 101 102 103 104 105 108 109 111 112 113 114 116 117 118
45 53 55 57 58 62 63 64 65 66 67 69 73 77 79 80 81 82 83 84 85 87 88 89 91 93 94 95 96 98 99 100 102 103 104 105 106 107 108 109 110 111 112 113 114 116
43 53 54 55 59 60 62 63 64 66 67 70 75 76 77 79 80 82 83 85 86 87 88 91 92 93 95 96 98 99 100 101 102 104 105 106 108 109 112 114 116 117 118 119
47 53 54 57 59 60 61 62 63 64 65 66 67 68 69 70 71 72 74 75 76 77 78 79 82 84 87 89 92 93 94 95 96 98 100 101 102 103 105 106 107 108 109 112 113 115 118 119
43 53 54 57 58 59 60 61 63 65 66 67 68 69 71 74 76 77 78 79 80 81 82 83 84 86 87 88 95 97 98 99 101 102 103 104 107 108 109 112 114 115 116 119
47 53 54 56 57 58 59 60 62 63 65 66 67 68 69 70 72 73 74 76 77 79 80 81 83 85 88 90 91 92 93 94 96 97 98 99 101 102 104 105 108 109 110 111 113 116 117 119
47 53 54 55 57 58 60 62 63 64 65 66 67 68 69 71 73 75 78 79 80 81 83 84 85 87 88 90 91 92 93 94 95 97 98 99 101 102 103 104 106 107 109 110 112 113 116 118
32 56 57 60 62 66 67 68 69 72 73 74 75 76 77 78 81 82 83 85 89 93 95 99 100 103 104 105 107 112 113 115 116
30 55 58 60 62 64 66 67 70 71 74 75 77 78 80 83 87 90 91 92 94 98 100 101 103 105 108 111 112 113 116
28 59 60 62 63 66 67 73 74 75 76 77 80 83 84 85 87 92 95 97 98 100 102 107 109 113 114 117 119
23 54 59 60 67 70 74 75 76 82 85 86 88 90 91 96 97 98 99 103 112 113 114 116
30 53 54 55 56 57 58 60 61 63 64 65 68 72 73 77 80 81 84 85 92 96 101 103 107 108 112 113 114 116 117
36 53 55 57 61 62 66 67 68 69 70 74 75 79 81 82 84 87 91 94 95 97 98 99 100 101 103 104 106 108 109 110 111 112 114 116 117
43 53 54 57 58 59 60 61 62 64 67 68 69 70 74 75 78 79 80 81 82 83 85 86 87 90 91 93 94 97 98 99 100 102 103 104 107 108 110 111 113 117 118 119
42 53 54 56 57 58 60 61 63 64 66 67 69 70 71 73 77 78 80 81 82 83 85 86 88 90 93 96 99 101 102 103 104 105 106 107 108 110 111 112 117 118 119
28 53 54 57 58 62 65 66 68 72 76 77 79 81 84 88 90 91 93 96 97 98 102 103 105 106 108 111 118
50 53 54 56 57 58 59 62 63 64 65 66 67 68 69 70 71 72 73 74 78 79 81 82 83 84 86 87 88 90 91 92 93 94 95 96 97 101 103 104 105 107 108 109 111 112 115 116 117 118 119
45 53 54 55 57 58 59 62 63 65 66 69 70 71 74 75 76 77 78 79 80 81 83 85 86 87 90 91 92 93 94 95 96 97 100 101 102 103 104 105 109 111 112 115 116 119
38 54 55 57 59 61 63 64 65 67 68 69 70 71 72 74 77 79 81 82 84 85 87 88 89 90 93 97 100 101 106 107 108 111 112 113 115 116 117
45 53 56 57 58 59 61 62 63 64 65 66 67 68 70 71 73 74 76 77 78 79 80 86 87 89 92 93 95 96 98 99 100 101 104 105 106 107 108 109 111 113 115 116 118 119
33 53 55 56 60 62 63 64 69 71 73 74 76 78 79 80 83 84 85 86 89 90 91 95 96 97 102 103 104 105 106 109 112 113
36 56 58 59 60 61 62 63 64 66 67 68 69 72 74 75 78 80 81 83 85 87 89 92 93 94 97 102 103 104 105 107 110 111 115 118 119
49 54 55 57 58 59 60 61 63 64 66 67 69 71 72 73 74 76 77 78 79 81 82 83 84 86 87 89 90 92 93 95 97 99 102 103 104 105 106 107 109 110 111 112 113 114 115 116 118 119
50 53 54 55 56 57 58 59 62 63 65 67 68 69 70 71 73 75 77 78 79 80 81 82 83 84 86 87 88 89 90 91 92 95 96 98 100 101 102 104 105 107 108 109 113 114 115 116 117 118 119
51 53 54 56 57 59 60 61 63 64 65 66 67 68 70 72 73 74 75 76 77 78 79 80 82 83 84 87 88 89 90 91 92 94 95 97 98 99 100 101 103 104 105 106 107 108 109 111 114 115 118 119
36 54 56 57 59 61 64 65 66 67 69 70 71 76 78 79 80 81 85 89 90 91 92 93 94 95 99 102 103 105 109 110 111 112 113 114 115
31 54 55 56 64 69 71 73 76 77 78 80 81 85 86 87 88 89 91 93 95 96 98 100 104 105 106 107 112 114 118 119
30 55 56 57 61 72 75 79 81 83 84 86 88 91 92 93 97 98 99 100 101 102 103 105 109 110 113 115 116 117 119
30 60 61 66 67 68 69 70 73 74 76 80 81 83 85 88 91 92 97 100 101 105 106 108 109 111 112 114 115 116 119
32 55 56 57 58 61 64 65 69 70 73 75 76 78 79 80 85 89 90 94 95 98 99 100 101 102 103 104 105 107 111 116 119
48 54 55 56 58 59 60 65 67 69 70 71 72 73 74 77 78 80 81 83 84 85 86 87 88 89 90 91 92 93 97 98 99 101 103 104 105 106 108 109 110 111 112 113 114 115 116 117 118
52 53 54 58 59 60 61 62 63 66 67 68 69 70 72 73 75 76 77 79 81 82 83 85 86 88 89 90 91 92 93 94 95 97 98 99 100 102 103 104 105 106 107 108 109 110 112 113 114 115 117 118 119
26 53 55 57 61 62 63 65 70 71 73 75 78 79 83 86 87 96 99 101 102 105 112 114 115 116 119
31 54 57 58 59 63 68 71 72 73 74 76 77 78 83 84 85 91 96 97 98 99 100 102 104 106 109 110 111 112 113 118
42 53 56 59 62 63 64 65 67 69 71 72 74 76 78 79 80 81 83 84 85 87 89 90 91 94 95 97 98 99 100 102 103 104 106 107 108 110 112 113 116 117 118
43 53 55 57 58 59 60 61 63 64 65 67 68 69 71 72 73 74 78 79 80 81 82 83 84 85 86 87 89 90 91 92 93 94 95 98 100 105 107 108 112 113 116 118
38 54 58 59 60 63 64 71 72 73 74 75 77 78 79 80 84 85 87 89 91 92 93 94 95 97 98 100 101 103 107 108 109 111 113 114 116 118 119
51 54 55 56 57 58 60 61 62 63 66 67 68 69 70 71 72 74 76 77 78 79 81 82 83 84 85 86 87 88 89 91 92 94 95 96 97 99 100 101 102 103 105 107 109 112 114 115 116 117 118 119
40 54 55 64 65 66 67 69 71 72 73 74 75 76 78 79 80 83 85 86 89 90 94 95 96 97 98 100 102 103 105 107 108 109 110 111 112 114 115 116 118
22 61 64 71 72 73 74 80 83 85 86 90 91 93 95 100 101 102 103 107 114 116 118
47 53 54 55 56 57 58 59 60 61 62 63 65 66 69 70 71 73 75 76 78 79 80 82 83 84 88 89 90 91 93 95 98 100 102 103 104 105 107 108 109 112 113 114 115 116 117 119
45 56 57 58 59 60 61 63 64 66 68 69 71 72 73 74 75 77 80 81 82 83 84 86 88 89 91 92 93 94 96 98 100 101 102 103 105 110 112 113 114 115 116 117 118 119
22 57 69 70 72 73 74 77 78 79 80 84 85 86 87 94 96 97 102 106 108 110 118
51 53 54 56 57 58 59 60 61 62 63 65 68 69 70 73 74 75 77 78 79 81 82 84 85 87 89 90 91 92 93 94 95 96 97 98 99 100 102 103 104 105 106 107 109 112 113 114 115 117 118 119
30 53 57 59 60 63 65 67 68 69 70 73 74 75 76 78 81 85 87 88 94 98 101 102 106 107 109 115 117 118 119
51 53 54 55 56 57 58 59 61 62 63 64 67 68 69 71 72 73 74 75 76 77 78 79 80 81 82 83 84 85 86 88 89 90 91 92 93 95 97 99 101 103 104 105 107 109 111 113 115 116 118 119
33 53 55 56 61 63 65 76 77 78 80 81 82 84 85 86 87 88 89 90 91 92 96 97 100 104 105 106 110 111 113 117 118 119
23 53 55 57 58 59 60 66 68 72 74 79 80 83 85 92 93 94 95 101 106 108 115 119
42 53 55 56 58 59 61 63 65 69 70 72 74 75 77 78 79 82 83 84 85 86 87 88 89 92 95 96 98 99 101 102 104 105 109 112 113 114 115 116 117 118 119
34 54 57 63 64 66 69 71 74 75 77 79 80 82 85 86 88 89 90 92 94 100 103 105 107 110 111 112 113 114 115 116 117 118 119
51 54 55 57 59 60 61 62 63 64 66 67 68 69 70 72 73 74 75 77 78 81 82 83 84 85 86 87 90 91 92 93 94 95 98 99 100 101 103 104 105 106 107 108 111 112 113 114 115 116 117 118
24 53 54 59 61 67 73 79 80 83 85 87 91 92 94 96 99 104 106 110 112 113 114 115 116
21 54 56 58 65 70 77 79 85 86 87 91 92 99 100 101 106 108 112 116 118 119
20 54 55 59 61 62 67 68 71 79 81 82 84 92 97 104 109 111 115 117 119
33 53 54 55 57 58 59 60 62 64 65 69 70 72 73 76 77 78 79 86 88 89 90 92 93 100 105 106 109 110 112 113 115 118
28 54 58 60 64 67 71 77 80 82 83 85 86 87 88 90 92 99 100 101 104 105 106 107 110 112 113 116 119
43 54 55 56 57 58 59 60 61 64 65 68 69 71 72 73 76 77 78 79 81 82 86 87 88 91 92 93 95 97 99 100 102 103 104 105 106 111 112 113 114 115 117 119
45 53 54 55 57 59 60 61 63 64 65 66 67 68 70 72 73 74 75 76 78 79 80 81 85 86 88 89 90 91 92 93 96 99 100 101 102 103 105 106 108 109 113 116 117 119
51 53 54 55 56 57 61 64 65 66 67 68 69 70 71 72 73 74 75 76 77 78 79 80 81 82 83 84 86 87 88 89 90 91 92 94 95 96 97 103 104 105 107 109 111 112 113 114 115 117 118 119
27 54 57 60 61 63 67 68 70 73 74 85 86 87 88 90 91 93 94 95 98 99 104 109 110 112 117 118
44 53 55 57 60 62 63 65 66 67 68 70 71 72 73 74 75 76 77 80 81 83 84 86 87 88 90 94 98 99 102 103 104 105 106 107 108 109 110 111 112 113 114 117 118
23 53 59 62 63 64 66 68 69 70 78 80 83 85 88 96 97 98 104 108 109 112 115 117
27 53 57 58 59 60 62 64 65 69 70 75 77 79 82 84 85 86 87 90 92 95 100 102 108 111 116 118
34 53 54 57 58 60 63 64 65 67 69 72 73 75 80 85 86 87 88 90 91 94 96 97 102 103 106 107 108 110 114 115 116 117 119
37 54 57 62 63 65 68 70 72 74 76 77 78 79 80 81 84 85 88 89 91 92 94 95 96 97 98 100 101 102 103 109 111 112 113 114 118 119
30 53 58 60 61 64 68 76 77 85 86 87 89 91 93 96 99 101 103 104 105 106 107 109 110 113 114 116 117 118 119
43 53 55 56 57 58 59 60 61 62 63 65 69 71 73 74 75 78 82 85 86 87 89 90 93 95 96 97 99 100 101 102 103 105 106 107 108 109 110 111 115 116 117 118
39 53 54 55 57 59 62 63 64 66 67 68 69 71 72 75 76 80 81 87 88 89 90 91 92 95 96 99 100 102 103 104 106 108 110 112 115 116 117 119
37 53 55 56 57 64 65 69 75 76 77 78 80 83 84 85 86 88 89 93 95 96 97 98 99 100 101 102 103 107 108 110 111 112 113 115 118 119
48 53 54 55 56 57 58 59 60 61 62 63 64 66 68 69 70 71 73 75 76 77 79 81 82 83 84 86 87 88 89 90 91 93 94 95 96 98 99 100 102 103 104 107 108 112 113 115 119
31 54 57 59 61 63 64 66 70 72 77 78 81 82 83 86 90 91 92 93 96 97 99 100 104 106 108 109 110 113 115 119
48 54 55 56 58 59 61 62 64 65 66 69 70 71 72 74 77 78 81 84 85 86 87 89 91 93 94 95 96 97 98 99 100 102 103 104 105 106 108 109 110 111 112 113 114 115 116 117 119
41 55 57 59 60 63 65 67 68 70 73 74 76 77 79 80 81 84 85 86 87 89 90 91 92 94 95 97 98 101 102 103 104 105 106 107 109 110 111 114 117 119
33 53 54 56 60 63 67 68 71 73 74 76 78 81 82 85 86 88 92 93 94 96 98 99 100 101 103 107 110 111 112 116 117 118
49 53 54 56 57 58 59 60 61 64 66 69 70 71 72 73 74 75 76 77 79 80 81 82 83 84 85 87 88 89 90 92 93 94 95 97 98 99 100 103 104 108 110 111 112 114 116 117 118 119
52 53 54 55 57 58 60 61 63 65 66 67 69 70 71 74 75 76 77 78 79 80 81 83 84 85 86 87 88 89 90 91 92 93 95 96 97 98 99 100 101 104 105 107 108 109 110 113 114 116 117 118 119
39 53 55 56 57 58 60 62 67 68 71 72 73 74 75 76 77 78 83 85 86 87 90 93 94 95 96 100 101 103 104 105 107 109 110 111 113 114 116 119
33 53 54 57 59 62 65 70 72 74 76 77 79 82 84 85 87 88 89 90 92 93 96 98 100 104 106 107 110 112 114 115 116 119
45 53 54 57 58 59 60 61 62 63 64 66 67 72 73 74 75 76 77 78 81 82 85 86 87 88 89 91 94 95 96 97 99 101 102 103 104 105 106 107 109 113 114 115 116 117
27 53 56 58 59 60 62 68 72 76 77 80 82 84 87 89 92 94 96 97 100 102 103 104 105 109 111 114
36 53 54 56 57 59 60 61 63 64 72 75 76 78 79 80 82 83 85 86 87 88 89 91 94 95 96 100 101 102 104 106 108 109 115 116 117
28 54 55 65 66 69 70 76 77 80 82 83 84 87 88 90 93 95 97 98 100 102 104 105 108 109 110 114 118
41 120 122 123 124 126 127 128 129 130 132 133 134 135 138 139 143 145 147 148 149 150 151 152 153 155 158 159 161 162 164 166 167 169 171 173 174 176 179 180 182 183
24 120 122 126 129 133 134 136 141 142 145 146 147 151 155 156 159 161 166 167 168 169 176 177 183
31 120 121 122 123 125 126 127 129 130 131 134 135 136 138 139 143 147 148 149 154 155 156 162 165 171 172 174 176 177 179 182
22 121 125 126 134 135 141 146 151 152 153 154 156 157 160 161 162 164 172 177 178 179 180
35 120 123 124 129 132 133 135 137 142 143 144 145 147 149 150 152 153 154 155 156 157 158 159 160 161 163 166 167 169 170 173 175 177 180 181
37 120 123 127 128 130 132 135 136 137 139 141 142 143 144 147 150 151 154 155 156 157 158 159 161 162 163 167 168 169 170 172 174 175 176 178 181 184
17 120 122 129 135 140 141 145 146 147 156 157 164 165 169 172 174 175
21 120 125 127 128 132 135 139 145 147 151 157 158 159 161 163 164 172 176 178 182 184
18 121 124 125 130 131 134 137 138 141 149 151 153 162 168 173 182 183 184
35 120 121 122 124 127 128 129 130 131 134 135 137 138 139 140 143 146 147 148 149 152 156 162 164 165 167 168 169 171 172 173 174 179 180 182
32 122 126 129 130 132 134 136 137 140 143 144 145 150 151 153 155 160 161 164 167 168 169 170 174 175 177 178 179 180 182 183 184
35 123 125 128 130 131 132 134 135 136 137 140 142 145 146 148 149 152 153 154 157 158 159 161 162 163 167 168 170 171 177 179 180 181 182 183
14 121 124 133 141 142 144 148 155 159 161 167 177 179 183
14 123 129 130 134 149 151 159 161 162 164 167 174 177 184
12 124 130 136 137 146 153 155 165 167 168 173 184
31 120 121 122 125 129 131 132 133 135 138 140 141 143 144 148 149 152 156 160 161 163 164 168 170 172 173 176 177 182 183 184
38 124 125 126 128 129 130 132 138 139 140 141 142 146 148 151 153 154 155 157 158 159 162 163 165 166 167 169 172 173 174 175 176 177 179 180 181 183 184
19 121 122 123 124 126 129 131 134 140 141 149 150 155 160 162 166 169 171 174
24 122 126 128 129 131 132 135 137 140 146 149 150 151 152 153 157 160 165 166 169 173 175 178 180
23 125 130 131 134 137 144 153 158 159 162 163 164 165 167 168 170 174 175 176 177 180 181 184
24 120 123 124 125 128 130 133 134 136 139 143 146 147 154 159 160 167 168 169 173 174 176 181 183
22 121 126 127 131 137 138 141 144 148 151 152 156 157 161 164 166 170 171 178 180 182 184
43 120 121 122 123 125 126 127 128 129 132 133 134 135 138 139 140 143 144 145 149 150 151 152 154 156 157 158 159 160 161 163 164 166 169 170 171 174 175 177 180 181 182 183
34 123 124 126 127 128 130 134 136 137 139 142 145 146 147 150 151 153 154 155 157 158 159 162 165 166 167 169 171 174 175 178 179 180 181
8 137 139 146 155 159 176 180 184
47 120 122 123 126 127 128 129 132 133 135 136 139 140 142 143 144 145 146 147 148 150 152 154 155 156 157 158 159 160 161 163 164 165 166 167 169 170 171 172 174 175 176 177 178 179 180 181
27 123 125 126 127 132 142 143 144 145 149 150 157 158 161 162 164 165 166 167 169 171 173 174 175 176 177 183
24 121 122 126 127 128 135 138 140 144 147 148 150 154 155 158 165 166 169 170 171 173 176 181 182
31 120 123 124 127 128 129 130 132 133 136 137 138 139 140 142 143 144 147 148 155 159 165 166 169 171 174 175 176 181 182 183
12 122 131 145 149 150 158 163 167 168 170 173 184
26 122 124 129 131 132 135 136 139 140 141 142 146 147 151 153 157 158 164 165 168 169 171 175 176 179 183
19 122 129 132 135 140 142 145 149 150 153 155 158 162 163 165 172 175 177 179
43 120 121 122 123 125 126 128 129 130 135 136 137 138 139 140 141 143 144 145 146 147 148 149 150 154 159 160 161 164 165 166 167 168 170 172 173 175 176 177 179 180 183 184
17 122 131 135 140 141 146 148 152 154 155 156 159 163 168 170 179 184
14 120 125 131 132 133 139 141 142 143 145 146 153 178 183
24 121 125 131 136 137 140 141 142 144 146 154 156 157 160 163 165 168 170 172 175 177 178 181 184
15 121 123 129 130 133 134 135 138 157 160 168 170 173 177 179
30 121 122 125 126 127 128 130 131 134 136 138 139 140 141 146 148 151 162 164 165 168 171 172 174 176 178 179 182 183 184
34 124 128 132 133 137 140 141 142 144 145 146 150 151 152 153 157 158 159 160 161 163 164 166 167 168 169 170 173 175 178 180 181 183 184
50 120 122 124 125 126 127 128 131 132 136 137 139 140 141 142 143 144 145 146 147 148 149 150 151 152 153 154 155 156 158 159 161 162 163 164 165 166 167 169 171 172 174 175 176 178 180 181 182 183 184
22 124 127 131 132 133 134 142 151 152 153 155 156 157 158 162 163 169 171 174 178 181 182
14 124 126 127 128 129 140 144 145 150 163 165 168 172 175
12 134 136 138 139 143 145 156 163 164 171 181 184
26 120 121 122 134 135 138 144 145 147 148 150 153 157 158 160 163 164 165 167 168 170 172 173 178 179 181
16 123 128 133 134 142 143 151 152 158 159 161 166 171 177 183 184
15 123 124 129 138 139 140 142 143 146 154 156 161 166 171 178
27 120 121 122 126 127 128 132 133 135 136 141 145 147 148 149 150 151 152 155 157 160 169 172 173 179 182 183
10 131 141 142 147 148 162 172 176 178 179
27 120 121 122 123 127 131 133 134 135 136 137 143 144 145 147 149 150 152 156 160 161 164 168 170 171 178 182
39 120 121 123 125 126 127 128 130 133 134 137 138 143 144 145 148 149 150 152 154 155 156 159 160 161 162 163 166 167 170 172 173 174 177 178 180 181 182 184
25 130 133 136 137 138 142 143 144 146 148 152 153 154 156 165 167 168 170 173 175 177 179 180 181 183
20 121 124 125 126 132 137 138 139 150 153 160 162 163 167 170 176 178 179 180 181
25 121 125 130 134 137 138 139 141 142 151 152 154 157 160 162 164 167 169 174 176 177 178 181 183 184
12 127 130 131 136 144 148 149 154 155 168 173 182
33 120 121 123 124 125 127 128 131 133 135 138 139 141 142 146 147 148 149 152 154 156 157 158 159 162 163 165 166 171 172 173 176 181
15 123 127 128 129 132 140 151 161 162 166 171 174 177 182 183
16 124 125 126 130 131 133 136 141 142 143 149 152 154 156 169 175
15 120 123 125 127 130 147 154 158 162 168 170 172 174 176 182
30 123 125 126 132 133 136 141 142 144 145 150 151 153 154 155 157 158 159 160 161 163 166 170 175 176 177 178 181 183 184
21 120 121 124 128 129 130 133 134 136 137 138 139 147 151 153 160 172 178 180 181 182
17 124 127 130 131 132 135 139 144 148 149 150 153 163 175 181 182 184
30 120 121 122 124 126 127 129 133 138 139 141 143 144 147 150 151 155 156 160 164 165 166 169 172 173 174 175 176 178 184
26 120 122 123 131 132 133 135 136 143 146 147 148 149 153 155 156 158 159 161 166 170 171 173 179 180 182
13 124 136 137 152 156 157 160 163 168 172 175 179 180
28 121 122 124 125 126 129 131 133 134 138 140 145 146 148 149 152 153 160 164 165 166 171 173 177 179 180 182 183
24 121 123 125 128 137 138 140 143 152 154 157 158 160 162 164 165 170 171 172 173 174 178 179 180
27 127 130 132 136 137 139 141 142 143 150 151 154 155 156 159 161 163 167 168 169 170 172 175 176 178 181 184
23 120 121 122 123 127 131 133 134 135 137 143 144 145 147 152 156 160 161 164 168 170 178 182
11 129 130 134 151 159 162 164 167 174 177 184
8 131 135 141 148 163 168 170 179
28 122 123 124 126 127 130 132 135 138 139 143 145 147 149 151 153 155 158 161 162 164 166 169 171 174 176 182 183
8 130 136 146 153 155 167 173 184
26 120 121 123 124 127 128 131 133 138 141 142 146 147 148 149 152 154 156 157 158 159 163 172 173 176 181
10 121 129 130 134 135 138 157 170 173 179
23 120 127 128 130 132 135 136 139 142 143 144 151 154 155 156 158 159 162 167 169 170 174 184
26 121 122 125 129 131 133 135 140 141 143 144 148 149 152 156 160 161 163 164 168 170 172 176 177 183 184
27 121 123 125 126 127 129 130 131 134 135 136 138 139 147 149 154 155 156 162 165 171 172 174 176 177 179 182
12 121 125 137 138 141 142 160 167 169 177 178 183
13 123 129 138 139 140 142 143 146 154 156 161 166 178
8 126 127 128 140 144 163 168 172
12 138 139 141 154 160 162 164 167 169 177 178 183
23 120 121 129 131 132 133 135 140 141 143 152 156 160 161 163 164 170 172 173 177 182 183 184
16 121 126 131 141 151 152 156 157 161 164 166 170 171 178 180 182
11 123 129 138 139 140 143 154 156 161 166 171
11 123 130 134 149 151 159 161 162 167 174 184
19 125 130 131 134 137 144 162 163 164 165 167 168 174 175 176 177 180 181 184
10 124 130 136 137 146 155 165 167 173 184
20 128 132 133 137 140 145 146 150 151 152 159 160 161 163 164 167 169 170 173 181
15 123 124 125 128 133 136 139 143 146 147 154 160 167 173 181
7 130 144 148 149 154 168 182
26 120 121 125 131 132 133 135 138 140 141 144 148 149 152 156 160 161 163 164 168 170 172 173 182 183 184
11 120 121 128 130 137 138 151 160 172 178 181
20 122 128 129 131 132 135 137 140 146 150 151 152 153 157 160 165 166 175 178 180
7 122 131 145 149 150 158 167
10 122 145 149 150 158 163 167 170 173 184
12 121 125 126 135 141 152 157 161 172 178 179 180
20 130 136 137 138 143 144 146 148 152 153 154 165 167 170 173 175 177 179 180 183
14 128 129 137 140 146 151 152 153 157 160 165 166 169 178
15 121 126 137 138 141 144 152 157 161 164 170 171 178 182 184
15 121 123 137 143 154 160 162 170 171 172 173 174 178 179 180
18 121 123 125 128 137 138 140 143 154 158 160 162 164 172 173 178 179 180
11 120 125 131 132 139 142 143 146 153 178 183
8 127 131 148 149 155 168 173 182
6 136 157 160 168 175 180
15 121 125 130 134 137 141 157 162 164 169 174 176 177 183 184
9 145 149 150 163 167 168 170 173 184
13 121 124 130 131 134 137 141 149 153 168 173 182 184
11 124 137 152 156 160 163 168 172 175 179 180
11 124 129 139 140 142 143 146 154 161 171 178
17 126 129 137 140 143 145 151 153 155 161 167 168 175 179 180 183 184
24 132 136 137 139 141 142 144 147 150 151 154 155 156 157 161 163 167 168 172 174 175 176 178 184
9 122 131 149 150 158 168 170 173 184
14 121 137 138 152 154 157 160 162 164 165 171 172 174 178
4 139 146 176 180
25 120 123 124 127 128 129 132 133 136 137 138 139 140 143 144 148 155 165 169 171 174 175 176 181 182
15 120 122 132 135 141 145 147 149 150 151 152 155 160 179 182
16 120 127 128 132 139 145 147 151 157 158 159 161 164 172 176 184
11 123 124 138 139 142 143 146 154 156 166 171
24 124 125 126 128 129 130 132 138 139 142 146 148 154 155 157 159 162 165 167 174 176 181 183 184
17 121 125 131 136 137 140 141 142 144 146 157 163 168 170 172 181 184
15 121 127 128 135 147 148 150 155 165 166 169 170 171 173 182
22 120 121 122 125 131 135 138 140 144 149 152 160 161 164 170 172 173 176 177 182 183 184
13 121 128 129 133 134 136 137 139 147 160 178 181 182
14 120 121 127 132 133 135 136 145 148 150 151 172 173 179
21 120 122 125 129 131 132 135 140 141 144 148 149 152 161 163 164 168 172 176 177 184
16 120 121 122 134 147 150 153 160 163 165 167 168 170 178 179 181
12 120 125 130 147 154 162 168 170 172 174 176 182
16 120 121 134 138 144 150 153 157 158 160 163 164 165 173 178 181
27 120 123 124 126 127 130 132 133 134 139 143 147 148 151 152 153 155 158 161 166 169 171 176 179 180 182 183
10 129 132 142 145 150 155 158 165 175 179
26 120 121 125 129 131 132 133 135 138 140 143 144 148 149 152 156 161 163 164 168 170 172 173 177 182 184
8 123 133 142 151 158 159 171 177
25 120 123 124 125 127 128 131 133 138 139 141 142 146 148 152 154 156 158 159 162 165 166 171 173 176
22 121 122 123 125 126 132 134 140 144 151 152 156 157 158 159 160 166 169 175 181 182 183
10 122 129 135 142 150 155 163 165 172 175
20 120 122 123 124 126 127 130 132 133 134 138 147 150 151 152 155 158 164 166 169
13 124 125 137 139 150 153 160 162 163 170 176 178 180
19 125 136 137 141 144 146 154 156 157 160 163 168 170 172 175 177 178 181 184
30 127 128 130 132 136 137 141 142 144 147 150 151 154 155 156 157 158 159 161 162 163 167 168 169 172 174 175 178 181 184
19 121 126 131 137 138 141 148 151 152 156 157 161 164 170 171 178 180 182 184
23 120 121 122 134 135 138 144 145 148 153 157 158 160 163 164 165 167 168 170 173 178 179 181
33 120 121 122 125 128 129 130 135 136 138 140 141 143 144 145 146 147 148 149 159 160 161 164 165 166 167 168 173 175 177 179 180 183
16 122 129 132 135 140 142 149 150 155 158 162 163 165 172 177 179
14 124 125 131 134 137 138 149 151 153 162 173 182 183 184
10 123 129 138 140 142 143 146 154 156 178
11 125 137 144 158 162 163 164 165 168 176 180
30 120 121 122 124 127 128 129 130 131 134 135 138 139 140 143 146 147 148 152 156 164 165 168 169 172 173 174 179 180 182
22 120 123 132 133 137 144 145 147 150 152 153 154 155 156 157 158 159 160 169 173 175 177
12 124 125 126 130 131 141 143 152 154 156 169 175
17 123 125 128 138 140 154 157 158 160 164 165 170 172 173 178 179 180
17 120 122 123 132 135 136 146 149 155 156 158 161 166 171 173 179 182
12 126 132 137 139 150 153 163 167 170 176 178 179
27 120 123 124 133 135 137 142 143 144 145 147 152 154 155 156 158 159 161 163 166 167 169 173 175 177 180 181
19 126 129 132 136 137 143 144 150 153 155 161 164 168 170 174 175 177 178 180
11 121 129 130 133 134 136 137 139 147 172 182
11 121 123 129 134 138 157 160 168 170 173 179
18 133 137 140 141 145 146 150 152 153 161 163 164 166 168 173 180 181 184
7 131 144 148 149 154 155 173
14 122 131 135 140 141 146 152 154 156 163 168 170 179 184
11 123 128 132 140 151 161 162 166 174 182 183
25 123 127 128 130 132 136 139 141 147 150 151 154 155 156 157 158 159 162 167 169 172 174 175 178 184
9 124 141 142 155 159 161 167 177 183
17 121 123 125 137 138 140 154 157 158 164 165 170 172 173 178 179 180
10 124 136 152 156 160 163 172 175 179 180
11 120 125 131 132 139 142 143 145 153 178 183
4 139 146 155 180
8 124 126 130 133 136 141 152 169
7 124 137 160 163 168 179 180
16 126 129 131 132 146 149 150 151 152 153 157 169 173 175 178 180
44 122 124 125 126 127 128 131 136 137 139 140 141 142 143 144 145 146 147 149 150 151 152 153 154 155 156 158 159 161 163 165 166 167 169 172 174 175 176 178 180 181 182 183 184
9 120 125 139 143 145 146 153 178 183
23 123 125 131 132 135 137 142 146 148 149 153 154 157 158 161 167 168 170 177 180 181 182 183
8 122 131 135 141 146 154 156 170
34 120 121 123 125 126 128 129 130 135 137 138 143 145 146 147 148 149 150 154 159 160 161 164 165 166 167 168 170 172 173 176 177 183 184
19 126 127 128 130 134 136 137 145 147 153 154 155 157 158 162 171 175 179 181
18 131 132 135 136 140 142 148 153 154 157 158 159 161 170 177 179 181 183
27 121 122 125 129 131 132 135 138 140 141 143 148 149 156 160 161 163 164 168 170 172 173 176 177 182 183 184
22 123 124 127 129 130 132 137 138 142 143 147 148 155 159 165 169 174 175 176 181 182 183
8 122 145 150 158 168 170 173 184
10 129 130 133 134 135 157 160 168 173 177
6 131 145 150 167 168 184
17 123 124 129 145 147 149 150 152 154 156 157 160 161 166 167 177 181
16 122 124 126 127 129 138 150 151 156 160 164 165 172 173 174 176
7 124 126 140 144 150 165 172
28 123 126 128 129 132 133 135 136 139 140 142 146 147 152 155 158 160 161 163 167 169 170 171 172 174 175 180 181
19 123 131 132 133 135 136 143 146 148 149 153 156 158 159 166 170 173 179 180
6 134 143 163 164 171 184
16 120 134 135 138 145 148 150 157 158 160 164 165 167 170 179 181
25 123 125 126 133 136 141 142 144 145 151 153 154 155 157 158 159 160 161 166 170 175 177 178 181 183
14 127 131 132 133 134 152 153 155 157 158 162 163 171 182
11 120 125 133 139 141 142 143 145 153 178 183
14 122 126 128 131 132 137 149 151 152 153 160 165 166 180
27 120 121 122 125 129 131 133 135 140 141 143 144 148 149 152 156 160 161 163 168 170 172 173 176 177 183 184
9 131 137 149 153 162 168 173 182 183
16 122 134 144 147 150 153 160 163 164 165 167 168 172 173 178 179
7 134 151 161 162 164 174 177
15 122 129 132 140 142 145 149 150 153 155 158 162 165 175 177
8 123 129 138 140 146 154 156 166
17 126 129 134 137 140 143 145 150 151 155 167 170 174 175 177 178 184
15 122 127 132 133 135 136 147 149 151 152 160 169 173 179 182
15 121 128 129 130 133 136 137 138 139 147 151 153 180 181 182
11 131 137 141 144 148 151 161 164 166 170 178
12 124 125 126 131 133 136 141 143 152 154 169 175
17 120 121 124 128 129 130 133 134 136 137 138 147 151 172 178 180 181
9 127 132 140 151 161 162 166 171 183
33 120 122 127 128 129 132 133 134 135 138 140 143 144 145 149 150 152 154 156 158 159 160 161 163 169 170 171 174 175 177 181 182 183
4 137 139 146 176
16 121 122 124 126 129 131 134 140 149 150 155 160 166 169 171 174
21 126 130 132 134 140 143 145 151 153 155 160 167 168 169 175 177 178 179 180 182 183
9 124 125 126 130 133 154 156 169 175
16 125 130 131 144 153 158 162 164 165 168 170 174 176 177 180 184
14 124 127 130 131 132 135 139 148 149 150 153 163 175 184
9 122 135 146 152 163 168 170 179 184
10 121 124 133 141 142 144 159 161 177 179
7 124 137 156 157 163 175 180
9 131 149 158 163 167 168 170 173 184
34 120 122 126 127 128 129 132 133 136 139 140 143 145 146 147 148 150 154 156 158 159 160 161 166 170 171 172 174 175 176 177 179 180 181
10 130 131 132 135 149 150 153 163 181 182
10 123 130 133 134 135 157 170 173 177 179
18 121 124 125 129 131 133 134 138 145 148 149 152 153 164 171 173 179 182
27 120 122 123 127 129 130 133 134 135 138 139 145 147 149 152 155 158 159 161 162 164 166 167 171 174 179 182
14 122 124 129 132 136 141 142 147 151 158 165 176 179 183
7 133 142 148 159 161 177 179
18 122 126 129 130 132 137 140 143 144 145 151 161 164 167 168 169 170 183
14 120 122 131 133 134 135 137 143 145 147 150 152 161 178
13 124 126 129 134 141 149 150 155 160 162 166 169 174
15 120 121 123 127 134 137 143 145 147 150 156 161 164 168 170
8 122 145 149 150 167 168 170 173
8 127 130 131 144 148 155 168 182
8 124 126 127 128 129 145 165 172
17 124 131 133 134 142 151 152 153 156 157 158 162 169 174 178 181 182
16 124 125 126 137 138 139 150 160 162 167 170 176 178 179 180 181
14 120 122 129 140 141 145 146 147 157 164 169 172 174 175
20 130 133 136 137 138 143 144 146 148 152 153 154 156 168 175 177 179 180 181 183
14 123 125 128 137 152 157 158 160 162 170 171 172 178 180
15 120 121 122 145 147 148 150 153 163 165 170 172 173 178 179
14 120 123 133 135 136 146 148 149 158 161 170 171 173 182
12 123 125 127 130 147 158 162 170 172 174 176 182
13 124 125 126 130 133 136 141 142 143 149 156 169 175
30 120 121 126 128 129 131 134 138 141 147 149 151 153 154 157 160 162 164 165 167 168 170 171 173 174 179 180 181 182 183
45 120 122 124 126 129 130 132 133 134 135 136 137 138 140 143 144 145 146 147 148 149 151 152 154 155 156 157 159 160 161 162 163 164 165 166 168 170 171 173 174 175 177 178 179 184
20 124 126 129 132 133 134 138 139 140 145 147 149 151 154 162 167 169 176 180 182
20 121 125 129 130 133 135 138 140 144 146 148 149 152 153 159 163 164 165 170 173
42 121 122 123 124 125 126 127 128 130 131 132 134 135 136 138 139 140 141 142 144 145 146 148 149 152 156 158 160 165 166 167 168 169 170 171 174 176 177 179 180 183 184
42 120 121 124 125 126 127 128 129 130 132 133 134 135 137 143 146 148 149 150 151 152 153 154 155 156 157 158 160 161 163 165 167 168 170 172 173 174 175 176 177 181 184
28 121 122 123 128 138 140 141 142 145 146 150 154 155 156 158 159 161 164 168 169 170 171 172 173 175 177 178 181
28 121 124 126 127 129 132 133 134 136 138 140 141 142 144 145 147 153 155 162 164 165 166 168 169 173 176 180 181
41 121 123 124 125 126 127 129 131 132 138 139 140 141 142 143 144 145 146 148 150 151 155 156 157 158 160 162 163 164 165 167 170 171 174 175 178 179 180 181 182 183
36 121 122 125 126 130 133 135 136 137 141 142 148 149 151 152 153 154 155 156 157 158 160 161 162 163 164 167 168 169 172 174 176 177 181 183 184
40 120 121 122 123 126 128 129 130 132 134 136 137 138 139 143 144 147 148 149 150 153 154 155 158 159 160 162 163 166 167 168 169 172 174 175 177 180 182 183 184
31 122 128 130 132 134 137 138 139 141 143 145 147 148 151 155 156 157 158 159 160 163 165 166 168 169 170 174 177 182 183 184
36 120 121 123 125 129 130 132 133 134 140 144 145 146 148 150 152 153 156 157 159 160 162 164 165 166 167 169 171 172 173 174 176 178 179 181 184
27 120 123 124 127 129 132 133 134 135 140 142 144 147 148 151 152 156 158 163 164 166 167 168 169 171 174 184
23 121 125 130 131 132 135 140 142 145 146 150 151 152 155 156 159 165 167 169 170 176 180 181
25 120 123 125 133 137 146 147 150 152 153 154 158 159 161 163 164 165 169 170 171 173 176 178 182 184
29 120 122 123 124 129 131 132 133 135 136 138 145 146 147 150 153 156 158 161 162 163 166 168 169 172 174 175 179 184
38 120 122 123 125 126 128 131 135 137 138 142 143 144 145 147 148 149 151 152 153 154 155 156 159 163 166 167 169 170 171 174 177 179 180 181 182 183 184
35 122 123 125 126 128 129 131 132 134 135 140 141 142 145 146 148 152 153 154 157 158 160 162 164 165 167 170 171 172 173 174 176 177 179 184
33 120 123 124 125 126 129 130 137 138 139 140 141 142 145 146 147 149 151 153 159 160 162 163 167 169 170 171 172 175 177 179 182 184
42 123 126 127 129 131 133 135 136 137 138 140 143 146 147 150 151 153 154 155 156 157 158 159 160 161 163 164 165 166 168 169 171 172 173 174 176 177 178 179 180 183 184
31 123 124 127 129 130 132 133 134 139 140 141 142 143 144 147 151 152 155 156 157 161 162 164 165 169 175 177 180 181 182 183
44 121 123 124 125 127 129 130 131 133 134 135 136 137 138 139 140 141 142 144 145 148 149 150 151 152 153 154 156 157 158 159 160 166 169 170 171 172 175 177 178 180 181 183 184
38 120 122 123 124 125 127 128 132 133 135 137 138 139 140 141 142 143 145 146 148 149 152 153 154 155 159 161 162 164 166 168 169 170 174 176 177 182 183
37 120 122 123 125 126 127 128 130 133 141 143 145 146 148 149 152 153 154 155 157 159 160 161 163 164 166 167 171 172 173 175 176 179 181 182 183 184
22 121 122 124 125 127 134 137 138 139 146 147 148 149 150 166 168 171 174 175 176 180 184
28 121 124 126 129 130 131 133 135 136 140 143 144 146 147 148 150 156 157 158 160 163 168 170 171 173 178 179 184
32 122 130 131 132 134 137 140 141 142 144 145 146 147 149 150 151 152 153 155 158 159 160 161 162 165 166 170 172 178 179 181 182
42 120 121 123 125 127 130 131 134 135 136 137 138 143 145 146 147 150 151 152 153 154 156 157 158 159 160 161 163 164 165 166 167 169 171 172 176 177 178 179 180 181 183
45 120 122 123 124 125 127 128 130 131 132 134 135 137 139 141 142 143 146 147 148 149 150 151 152 154 155 156 157 158 160 161 163 165 166 167 169 170 172 173 174 180 181 182 183 184
42 120 122 124 125 126 128 129 131 132 133 135 136 138 140 141 142 143 144 147 149 152 153 154 157 158 159 161 163 164 165 169 170 171 174 176 177 178 179 180 181 182 184
33 120 122 125 126 129 130 134 135 137 138 140 143 147 150 151 153 154 155 156 161 162 163 166 167 168 170 172 173 176 179 180 181 183
29 120 123 125 127 130 133 135 136 138 141 143 148 150 151 152 153 154 155 157 159 161 164 168 172 173 176 178 180 184
25 120 121 125 128 130 134 135 136 139 141 143 148 149 151 157 161 162 164 165 166 168 170 176 179 182
22 120 121 126 129 131 133 135 137 142 143 149 150 153 154 155 156 167 168 170 173 179 184
24 122 126 127 130 131 137 138 141 143 145 146 148 150 154 156 157 159 165 170 176 179 180 183 184
19 124 128 130 134 135 139 153 154 158 159 160 161 162 163 167 170 172 175 179
37 120 121 122 123 124 127 129 131 133 134 135 137 138 142 143 144 145 147 148 155 156 157 158 161 163 164 167 172 173 175 178 179 180 181 182 183 184
45 120 122 124 125 127 128 129 131 132 133 135 137 138 139 140 141 144 145 146 150 151 152 154 155 157 158 159 160 161 162 164 165 166 167 168 169 170 171 174 178 179 180 181 182 184
31 120 122 128 130 134 135 136 139 140 141 143 144 146 148 150 157 164 166 168 169 170 171 172 173 175 176 177 178 179 180 182
42 120 121 122 123 126 127 129 130 131 132 134 135 136 137 138 139 141 142 143 144 145 147 150 151 154 156 159 160 162 163 166 168 170 171 173 174 176 177 178 181 183 184
42 120 121 122 123 125 126 128 131 132 133 134 135 136 137 138 139 141 142 144 146 147 149 150 154 155 156 157 158 159 163 165 167 168 170 172 175 176 178 179 180 181 184
39 121 122 123 125 126 128 129 130 132 133 134 135 136 139 140 141 142 143 144 146 148 152 155 157 158 159 160 162 168 170 174 175 176 177 178 179 180 181 182
43 120 123 124 125 126 127 128 130 132 134 135 137 139 140 141 142 143 146 147 148 149 150 151 152 153 155 156 161 163 166 167 168 169 170 172 173 175 176 179 180 181 182 184
19 121 123 132 133 135 139 141 142 147 148 150 152 156 163 166 168 170 172 176
35 120 121 123 124 128 129 130 131 132 133 134 137 141 142 143 148 149 150 151 152 154 155 157 159 160 161 164 166 167 169 171 175 176 183 184
32 120 121 124 125 128 131 132 133 135 138 140 142 145 148 149 150 152 156 157 158 161 163 164 165 166 168 169 172 173 177 178 179
30 122 123 126 133 134 136 142 144 147 148 152 153 154 157 161 162 164 165 166 167 168 169 171 174 175 178 179 181 183 184
42 122 123 124 125 126 128 129 130 133 134 135 138 139 143 144 145 146 148 149 152 153 155 156 157 158 159 160 162 163 164 165 167 168 170 171 172 175 176 177 178 180 184
31 123 126 131 133 134 137 138 140 145 146 147 151 152 153 156 157 158 160 161 162 167 169 170 171 172 177 178 181 182 183 184
44 120 122 124 126 128 129 130 131 133 135 136 137 138 139 142 145 146 147 148 149 151 153 155 156 158 159 160 161 163 164 165 169 170 171 172 174 175 176 177 178 180 181 183 184
36 120 121 123 124 125 126 128 129 133 134 135 136 139 140 141 142 145 149 151 152 154 155 157 158 161 163 164 165 166 167 169 170 175 181 182 183
20 120 122 126 128 129 134 135 140 143 149 153 155 161 167 169 170 171 177 182 183
33 120 122 123 124 128 129 130 132 136 137 139 141 144 146 148 150 151 153 156 158 163 165 167 168 169 170 172 174 178 180 182 183 184
27 120 121 122 123 124 127 133 134 136 137 138 141 145 146 148 151 152 154 158 167 170 175 179 181 182 183 184
27 121 122 123 129 130 134 135 136 137 139 140 141 142 143 145 147 150 151 152 156 157 166 172 176 177 179 183
27 124 126 127 131 132 134 136 139 141 146 147 151 154 155 157 159 161 164 165 171 172 174 177 178 180 181 184
43 121 122 123 124 125 126 128 129 130 131 132 133 134 135 137 138 140 143 145 146 147 148 149 150 151 153 155 158 161 163 164 165 166 170 171 172 173 176 178 180 181 182 183
40 122 124 125 126 127 128 129 134 136 138 140 141 142 143 145 146 148 149 150 151 154 156 157 158 160 162 163 164 166 168 169 172 174 175 176 177 178 179 180 183
40 122 123 124 127 129 131 133 136 137 138 139 141 145 146 148 149 150 154 157 158 159 160 161 163 164 166 167 168 170 171 172 174 175 176 177 178 179 180 183 184
37 122 123 124 125 131 133 134 135 136 137 140 141 142 143 145 146 147 148 150 151 153 155 156 157 159 161 162 166 167 168 169 172 173 176 178 179 180
20 121 122 125 131 134 138 141 143 146 150 151 152 159 161 167 168 171 176 180 181
24 121 122 124 126 129 130 131 136 138 143 144 147 148 149 153 162 164 167 172 173 174 175 176 183
29 120 121 122 125 128 129 133 137 139 143 145 147 150 151 153 157 158 159 161 162 170 172 173 174 175 176 178 182 183
24 120 121 126 127 132 136 140 142 147 154 155 161 163 164 166 168 174 176 177 180 181 182 183 184
29 120 121 123 124 127 128 129 130 134 137 138 139 140 141 144 149 151 152 155 156 160 165 167 169 170 176 180 181 183
23 120 123 125 126 132 136 137 145 146 148 150 154 156 160 165 168 170 171 176 177 178 181 183
32 121 122 125 126 129 130 131 135 137 138 141 142 143 150 153 156 157 159 160 161 164 165 167 169 170 171 173 174 176 178 179 181
43 120 121 122 123 125 127 130 131 133 137 138 140 141 142 143 144 146 147 148 149 151 152 153 154 155 157 158 159 161 164 165 166 167 168 169 170 171 172 173 176 177 179 180
31 121 122 123 124 125 128 131 133 137 142 144 146 149 151 152 153 154 156 161 164 165 171 173 174 175 176 177 178 181 183 184
24 120 128 129 134 135 138 140 144 145 149 151 153 155 158 160 161 164 165 172 173 174 176 178 182
24 121 127 129 130 132 134 137 138 139 140 141 142 149 153 155 158 161 168 172 174 175 181 182 183
44 121 122 125 127 128 129 132 134 135 136 137 139 140 142 143 145 146 148 149 150 152 155 156 157 158 159 160 162 164 166 167 168 169 172 174 175 176 177 179 180 181 182 183 184
30 121 122 130 137 138 141 142 143 144 145 146 148 153 154 155 156 157 159 160 166 167 170 172 174 177 178 179 180 182 183
32 123 125 127 128 131 133 134 135 136 137 139 140 141 142 145 148 152 155 157 158 159 162 166 171 173 174 176 179 180 181 182 184
30 120 122 124 126 129 134 136 138 140 143 145 149 150 153 155 156 159 160 161 165 166 167 171 172 173 176 177 180 181 183
44 121 122 124 125 126 127 128 129 130 131 132 134 138 139 140 141 142 146 147 148 149 151 152 154 155 157 160 161 164 165 166 167 168 169 170 173 174 175 176 177 178 180 181 184
43 120 121 122 123 125 129 130 131 132 134 135 136 139 140 142 143 144 145 146 147 150 152 154 157 158 159 160 161 162 163 166 167 170 172 174 176 177 178 179 181 182 183 184
31 120 121 122 124 125 127 130 132 134 135 142 144 145 146 149 150 153 154 157 159 164 165 168 169 171 173 175 176 177 179 180
38 120 121 122 123 124 125 128 129 130 135 137 138 143 144 149 150 151 152 153 155 156 157 158 159 162 166 167 169 170 172 173 174 176 178 179 180 181 182
41 123 124 127 128 130 131 132 135 136 137 138 139 141 142 143 145 146 147 148 149 154 155 158 161 163 164 165 167 168 169 172 174 175 176 177 178 179 180 181 183 184
40 120 122 123 124 127 128 129 130 132 133 134 135 136 137 139 143 144 145 146 148 150 152 153 154 158 159 161 163 168 169 170 172 175 176 177 178 179 180 182 183
44 122 125 126 127 129 130 131 132 133 135 136 137 138 140 141 142 143 144 147 149 150 151 152 153 154 156 158 159 160 161 162 163 166 167 173 174 175 176 177 178 179 180 182 184
41 120 121 122 125 127 128 129 130 131 132 133 134 135 138 139 141 142 145 146 147 148 149 150 152 153 156 157 158 159 160 161 162 164 166 167 170 171 179 181 182 184
34 120 121 122 123 125 128 131 133 134 135 138 140 143 144 145 146 147 149 151 154 155 156 158 159 162 163 165 166 169 171 173 175 176 178
26 121 123 124 126 127 129 130 133 134 136 137 143 154 158 160 162 165 168 171 174 175 176 178 179 182 183
29 121 125 126 127 128 135 138 139 140 143 144 146 149 151 152 154 157 159 160 161 162 164 167 170 171 173 174 175 181
41 120 121 122 123 124 125 128 129 130 134 135 137 140 143 145 146 148 149 151 152 153 154 155 157 158 159 162 163 165 166 168 170 171 172 175 176 177 179 180 181 183
24 122 130 131 135 137 143 146 148 149 152 153 156 158 162 165 166 168 169 170 171 173 174 178 182
20 123 127 128 132 133 143 145 147 148 149 150 152 155 162 164 167 171 174 176 184
31 120 123 130 131 132 134 137 139 143 146 148 152 153 154 155 156 158 159 160 161 164 165 166 167 168 171 172 173 181 183 184
43 120 121 123 126 128 130 132 134 136 138 140 141 145 146 147 149 150 153 154 156 158 159 160 161 162 163 164 165 166 167 168 169 170 171 175 176 177 178 179 180 181 182 183
44 122 124 125 126 127 129 130 132 134 137 138 139 140 141 142 144 145 148 153 154 156 157 158 160 161 162 164 165 166 167 169 170 172 173 174 175 176 177 178 179 180 181 182 184
36 122 123 126 127 128 133 134 139 140 141 143 148 149 150 153 154 155 156 157 158 160 161 162 163 166 167 168 170 172 173 174 176 177 180 182 184
30 121 122 128 131 133 134 135 139 140 141 142 146 148 150 151 152 159 163 164 166 170 171 174 175 177 178 179 180 181 184
24 122 125 129 130 132 133 135 136 145 148 149 150 152 153 156 157 158 163 169 171 173 174 178 183
24 121 123 125 126 128 137 140 141 147 152 155 156 157 159 160 166 167 168 169 172 173 174 176 178
30 122 123 131 135 137 139 140 141 144 145 147 148 149 151 153 155 160 161 162 163 166 169 170 172 173 178 180 181 182 183
35 121 122 123 128 133 136 138 139 143 144 148 149 150 151 152 153 154 155 157 158 159 162 164 168 171 172 173 174 175 176 177 178 179 182 183
38 120 123 130 131 132 136 139 142 143 144 145 147 148 149 150 152 153 154 161 162 163 164 165 167 168 169 170 171 172 173 174 175 179 180 181 182 183 184
40 121 122 124 125 126 129 130 131 132 135 137 138 139 140 142 143 145 146 149 150 151 152 153 155 158 160 163 164 166 167 169 170 171 174 175 177 178 180 183 184
23 120 121 124 126 128 137 138 142 148 149 150 152 153 155 161 163 164 167 169 170 171 175 176
38 122 123 124 126 127 128 129 130 131 132 133 136 137 138 139 141 142 143 144 146 148 149 150 152 153 154 156 157 159 162 163 164 165 168 174 175 177 179
34 120 122 123 124 125 127 128 130 131 132 135 136 137 140 141 142 144 145 150 152 154 155 161 163 168 171 172 175 176 177 180 181 183 184
23 120 122 123 125 129 130 132 134 140 141 144 146 151 155 156 158 159 161 163 169 170 174 183
36 122 123 124 128 130 135 136 139 140 142 143 144 147 150 152 153 154 155 156 158 159 160 162 164 166 167 169 173 174 175 176 177 179 182 183 184
29 121 122 126 127 129 130 131 132 135 141 142 144 145 147 153 154 155 159 160 161 162 163 164 167 169 170 178 179 184
35 120 121 122 123 129 130 133 135 136 137 138 139 140 142 144 146 148 150 151 153 154 166 167 168 170 171 172 174 176 177 178 179 180 181 184
43 122 123 124 125 126 127 128 130 132 134 135 136 137 138 139 140 142 143 147 150 152 154 155 156 157 158 160 162 163 164 165 166 167 168 169 172 173 174 175 176 178 180 183
29 121 122 124 126 134 136 139 143 145 146 148 150 154 155 159 160 164 165 168 169 170 171 172 174 176 177 178 180 181
31 120 122 124 126 128 130 131 135 138 139 140 142 144 145 147 149 150 151 156 162 163 165 171 173 175 177 178 179 180 181 183
43 120 123 124 125 126 127 130 131 132 133 134 141 142 143 144 146 148 149 150 151 152 153 154 158 159 160 161 162 163 164 165 168 169 170 171 174 175 177 179 180 181 183 184
42 121 123 125 126 127 128 131 132 137 139 140 141 142 143 144 145 146 147 148 149 151 152 153 156 157 158 163 165 166 168 171 172 174 175 176 177 178 179 181 182 183 184
43 120 121 123 124 127 128 129 131 132 133 134 135 136 137 140 141 142 143 144 146 147 150 154 155 156 157 159 160 161 163 164 165 166 167 168 170 171 172 173 176 181 182 183
42 120 125 128 129 130 131 132 133 134 135 138 139 143 144 145 146 147 148 149 150 151 155 156 157 158 159 160 161 163 165 166 167 169 172 174 176 177 179 180 181 183 184
24 120 123 125 126 130 134 137 138 144 145 150 151 153 154 156 161 166 168 169 170 176 179 180 182
36 121 122 123 124 126 128 129 132 133 134 135 137 139 140 141 143 144 147 150 152 153 154 155 159 160 163 171 172 173 175 176 177 180 181 183 184
23 120 123 127 130 132 136 137 139 143 144 146 152 153 156 157 163 168 169 174 178 179 182 183
21 120 121 122 123 125 130 137 138 140 147 149 150 159 163 166 167 170 172 176 181 183
35 120 122 123 125 127 129 131 133 134 135 136 147 149 151 155 157 158 159 160 162 163 165 166 167 168 169 170 171 172 175 176 177 179 181 184
27 121 126 127 129 135 142 144 147 149 152 153 154 155 157 158 160 162 165 168 171 172 173 174 175 176 180 184
26 124 127 129 131 134 135 137 138 143 144 145 146 154 155 157 158 161 167 172 173 177 178 180 181 182 184
29 121 124 126 127 128 129 132 135 136 137 138 142 143 145 148 149 150 151 152 153 155 158 163 170 171 176 178 183 184
44 120 121 123 124 126 127 128 130 131 133 134 137 138 139 142 143 144 145 147 151 152 153 154 156 157 158 159 162 163 165 166 167 168 169 170 173 174 175 176 177 178 181 182 184
43 120 122 123 124 127 132 133 134 135 137 139 140 141 142 143 144 145 148 149 150 153 154 155 157 158 159 160 162 163 164 165 166 167 169 170 171 172 173 174 175 177 179 184
25 123 125 126 129 130 135 139 140 141 142 143 148 149 152 153 155 157 161 163 168 177 178 180 181 182
45 121 124 125 127 128 129 130 133 134 135 136 138 140 141 142 143 146 148 149 150 151 152 154 155 157 159 161 162 163 164 165 167 168 169 170 172 173 174 175 179 180 181 182 183 184
27 121 122 124 126 128 130 131 135 137 141 142 143 147 149 151 156 159 160 161 162 163 164 165 174 176 178 184
35 122 124 125 126 127 128 130 131 133 135 136 138 139 141 142 143 144 145 146 153 154 158 162 163 165 166 167 170 173 174 175 177 179 180 184
40 120 121 122 124 126 127 130 132 133 138 140 142 144 146 147 148 150 151 152 153 155 156 157 159 161 163 165 166 167 168 169 170 173 174 175 176 177 180 181 184
24 121 123 125 128 130 133 135 136 138 139 142 143 144 147 148 159 162 164 165 171 173 180 181 183
29 123 129 131 132 133 134 136 137 138 142 144 145 148 149 151 152 154 155 156 157 159 164 168 169 172 174 176 178 182
31 123 125 128 129 130 131 132 133 134 135 138 139 145 146 148 149 150 152 153 155 159 160 162 163 166 168 169 171 174 176 184
36 122 123 127 128 130 131 132 133 137 140 141 145 146 147 149 151 154 156 157 158 159 162 165 166 168 169 171 173 176 177 179 180 181 182 183 184
19 121 123 129 133 135 137 140 150 155 160 162 165 167 171 172 173 174 179 184
39 122 124 126 127 129 130 131 132 133 134 136 137 138 139 141 143 144 153 154 155 158 159 162 163 166 169 170 171 172 173 174 175 176 177 178 179 180 182 184
36 127 130 131 133 135 137 138 140 141 142 144 145 146 147 149 153 155 156 157 158 159 161 162 163 166 167 168 169 170 173 176 178 180 182 183 184
27 120 123 126 130 132 133 134 136 140 141 143 144 145 146 148 149 152 155 157 161 162 165 167 172 181 182 183
24 122 123 125 135 137 141 144 145 146 147 151 153 156 157 163 164 168 171 172 173 174 175 179 182
45 120 121 122 123 124 126 127 130 131 132 135 138 141 142 143 144 145 147 149 150 151 152 154 155 156 157 158 159 160 161 162 163 165 168 169 170 172 174 175 177 178 181 182 183 184
25 120 121 122 127 129 132 133 134 135 138 142 143 147 149 157 160 162 163 166 171 173 175 180 182 183
39 120 121 122 124 125 126 128 131 132 133 134 137 139 140 141 143 146 147 153 154 157 158 159 160 162 165 166 169 170 171 173 174 175 177 178 179 180 181 182
19 124 125 127 130 134 137 140 141 143 144 145 149 153 155 159 168 174 176 180
36 121 123 125 127 128 131 133 135 137 138 139 141 144 146 147 148 150 153 154 156 157 159 160 161 163 165 166 167 168 169 172 174 176 180 181 182
39 120 121 122 125 127 128 131 132 133 134 137 139 140 142 143 145 146 147 148 150 153 154 155 161 162 163 165 167 170 172 174 177 178 179 180 181 182 183 184
34 121 123 125 126 128 132 134 135 137 138 140 142 143 144 148 149 150 151 152 154 155 157 159 162 164 171 173 174 177 178 180 181 182 183
39 123 124 125 126 127 128 129 132 133 134 135 136 138 139 140 141 143 145 147 148 149 150 152 157 158 159 160 162 166 170 173 174 175 177 178 180 182 183 184
32 120 121 122 123 125 127 128 129 130 131 135 136 137 140 141 142 143 148 150 153 157 158 159 161 165 169 171 172 173 176 180 183
42 121 123 124 125 126 127 129 130 131 132 138 139 142 145 147 148 149 150 151 152 153 154 155 156 157 158 160 161 165 166 168 169 170 171 172 176 177 178 179 181 182 184
34 120 121 123 127 128 129 131 133 134 138 139 140 141 142 143 144 145 146 149 151 154 155 157 159 160 162 167 170 172 174 176 179 180 182
34 121 123 128 132 133 134 139 141 142 145 146 147 148 149 152 153 155 156 158 159 160 161 162 163 165 167 169 171 173 177 181 182 183 184
44 120 121 122 123 125 127 128 129 130 131 132 134 135 139 140 141 142 143 144 145 146 147 149 150 151 153 154 155 157 158 160 161 163 164 165 166 168 170 174 175 177 178 181 184
26 120 125 126 128 129 130 132 139 140 141 145 146 151 153 154 158 160 162 164 166 169 173 176 177 179 183
38 120 121 122 123 128 130 131 132 133 137 138 141 142 143 144 145 147 148 149 152 153 154 158 159 160 162 164 165 168 169 171 172 174 177 180 181 182 183
25 122 123 126 128 131 136 138 145 147 148 150 151 153 155 156 157 159 160 161 168 172 174 181 182 184
42 121 122 123 126 127 128 129 131 133 135 136 137 138 140 141 142 146 147 148 149 150 151 155 156 158 160 161 162 163 165 166 167 168 172 173 174 175 176 179 182 183 184
20 120 127 129 131 133 136 140 142 143 145 160 161 165 168 169 172 173 175 180 182
20 124 125 129 136 138 141 144 150 151 155 161 165 166 171 172 174 177 181 182 183
23 122 123 125 127 128 133 135 139 141 146 147 149 150 153 158 162 164 168 171 174 176 178 182
20 122 127 136 141 143 146 147 149 152 154 156 158 159 163 165 168 176 177 182 183
31 122 126 127 130 131 132 133 134 136 137 138 139 142 143 146 151 152 157 160 162 163 164 166 173 174 175 179 180 181 182 183
35 120 123 126 130 131 133 137 138 142 143 144 146 148 150 151 152 153 154 156 157 158 161 162 163 164 167 168 169 175 176 178 179 180 182 184
42 121 126 127 128 129 130 132 133 134 135 136 137 139 140 142 143 144 145 147 149 150 152 153 156 157 158 159 160 161 162 166 168 169 171 172 173 174 176 179 182 183 184
39 122 123 124 125 126 127 128 129 131 134 136 137 138 139 140 142 143 144 149 150 152 154 155 156 157 158 162 163 165 167 168 171 174 175 178 179 180 181 184
44 120 121 122 123 124 125 127 128 129 131 132 133 135 137 139 140 143 144 145 146 147 148 149 150 152 155 156 158 159 160 162 164 165 168 170 171 174 175 176 178 179 180 182 184
45 121 122 124 125 126 127 128 130 132 133 134 136 137 138 139 140 141 143 145 147 151 153 155 156 158 159 160 161 162 163 166 168 169 170 171 172 173 174 175 176 178 180 182 183 184
30 120 121 122 126 128 139 141 144 145 149 150 151 153 154 156 157 158 161 163 165 171 172 173 175 176 178 179 181 183 184
36 120 121 122 124 130 131 132 133 134 135 137 138 139 140 142 143 144 146 149 150 152 156 158 160 164 165 166 170 171 174 176 177 178 180 181 184
30 122 126 128 129 131 138 139 140 143 144 146 147 149 150 151 152 154 155 156 158 161 163 164 168 169 172 173 174 175 183
43 120 121 124 126 127 128 129 131 133 134 135 137 138 140 142 146 148 149 150 152 153 154 155 156 157 158 159 160 161 162 164 165 166 167 169 172 176 179 180 181 182 183 184
41 121 122 123 124 126 127 128 129 132 134 137 139 141 143 144 145 146 148 150 151 152 154 155 157 159 161 162 165 167 168 173 174 176 177 178 179 180 181 182 183 184
42 120 121 122 123 124 125 127 131 132 133 134 135 137 138 139 140 141 142 143 147 148 149 150 152 154 158 162 164 165 166 168 169 171 172 173 174 176 177 179 180 181 183
39 120 121 123 125 126 127 128 129 130 132 134 136 137 139 140 142 144 148 150 151 153 154 155 156 157 160 162 164 166 169 170 171 172 175 176 177 180 181 183
9 187 188 189 197 198 199 202 204 205
3 193 202 205
11 186 189 190 191 193 194 196 197 202 203 204
4 186 190 197 199
11 185 188 189 191 196 197 198 199 200 202 203
8 186 189 191 192 196 197 198 199
6 187 192 193 194 203 205
4 185 192 204 205
6 186 194 197 199 202 204
5 187 190 196 198 205
6 186 191 195 196 198 203
5 194 195 197 199 203
9 185 187 188 189 193 196 198 201 204
5 187 189 193 194 204
6 185 188 192 193 200 204
7 186 188 190 192 195 200 201
8 185 186 188 196 197 201 204 205
6 185 191 192 195 198 205
7 188 190 193 196 197 200 202
8 189 190 191 192 193 194 198 199
3 194 196 197
3 185 190 205
5 187 195 200 202 203
3 185 195 201
8 187 189 190 193 195 199 200 202
6 186 191 197 200 203 204
6 186 188 191 198 201 203
10 186 188 189 190 193 194 197 200 201 204
8 186 190 191 194 195 198 201 205
5 187 189 192 198 202
4 186 191 202 205
7 187 189 196 197 199 202 203
7 188 189 192 193 194 199 202
4 194 197 198 205
13 185 187 188 190 193 194 195 200 201 202 203 204 205
2 198 199
9 190 192 197 198 199 200 201 203 204
7 185 188 189 193 194 196 202
9 186 190 191 192 193 194 196 202 205
4 186 190 198 199
10 185 189 191 194 195 199 201 203 204 205
3 190 192 200
5 188 195 199 201 205
7 185 190 191 193 202 204 205
7 186 192 193 194 195 199 205
7 188 192 197 199 200 201 202
14 185 187 189 191 193 194 196 197 198 199 202 203 204 205
6 185 188 189 191 197 202
10 185 188 191 193 194 195 199 200 201 204
5 188 192 195 196 201
15 185 187 188 189 190 191 192 193 195 196 198 200 201 203 205
9 186 187 188 191 194 195 197 198 205
7 186 187 189 194 197 200 203
3 185 203 204
14 185 187 188 189 190 191 196 197 198 200 201 202 203 204
1 201
4 189 197 200 203
5 187 196 199 202 203
6 189 193 196 199 201 203
8 185 187 188 195 198 199 201 204
5 186 187 191 195 205
11 187 188 189 190 191 193 198 200 203 204 205
6 186 190 196 197 203 205
10 185 186 187 189 192 193 195 196 197 199
17 185 186 187 188 189 190 191 192 193 195 196 199 200 201 202 203 204
11 187 188 189 191 192 194 195 196 198 200 201
10 186 187 190 192 193 194 195 201 204 205
10 185 186 192 194 195 196 197 199 201 202
6 185 190 192 200 202 204
5 185 187 192 198 200
4 186 187 192 198
11 188 190 191 194 198 200 201 202 203 204 205
11 185 186 190 191 192 193 194 195 196 200 203
5 195 196 200 201 204
9 185 187 189 191 194 196 197 202 204
5 188 192 197 200 201
4 185 202 204 205
3 188 189 202
6 185 186 196 201 204 205
7 186 188 189 190 193 197 201
3 200 201 202
2 198 199
5 189 194 195 199 205
4 187 189 192 198
3 186 192 201
4 196 199 202 203
6 190 194 200 201 204 205
5 188 192 195 200 201
3 187 189 194
4 186 192 194 196
12 185 186 187 188 189 190 191 192 195 199 202 203
4 190 193 202 205
3 186 191 198
7 190 197 199 200 201 203 204
1 202
4 187 190 196 198
2 187 198
3 191 200 204
1 185
5 188 189 194 199 202
3 191 197 204
3 186 190 200
7 189 190 193 197 202 203 204
2 195 199
3 185 200 204
3 192 195 205
5 189 193 194 196 202
3 189 200 203
7 190 191 198 201 202 203 204
2 194 197
5 187 189 196 199 202
11 185 187 188 189 192 195 199 200 201 203 204
3 196 199 203
4 191 196 198 203
5 186 189 194 200 203
6 185 188 189 193 196 204
7 191 198 200 201 202 203 204
1 199
11 185 187 189 191 193 194 197 198 202 203 204
2 190 200
5 187 188 189 193 198
5 185 191 193 202 204
3 196 200 204
3 193 194 204
4 187 189 198 202
6 188 190 198 200 201 205
4 187 189 199 204
3 197 200 204
3 193 200 204
9 187 188 190 191 193 200 203 204 205
5 185 190 191 193 204
6 187 188 195 198 199 204
8 185 187 191 193 194 196 197 198
2 194 204
4 190 191 192 205
7 185 192 194 195 196 199 202
6 187 188 189 198 199 205
5 186 191 200 203 204
6 186 187 188 194 197 205
1 198
3 185 191 205
4 188 192 193 202
11 185 187 189 191 194 196 197 198 199 204 205
3 195 201 205
3 189 197 203
5 187 190 193 195 205
8 189 196 198 199 202 203 204 205
5 188 189 195 198 200
5 186 194 201 204 205
9 188 191 192 195 196 200 201 203 205
8 185 186 187 189 192 193 196 197
1 194
4 187 189 194 204
3 191 197 200
3 186 196 197
8 186 187 190 193 195 201 204 205
4 189 190 192 198
2 197 205
2 190 205
6 191 192 193 194 198 199
5 185 189 195 196 199
6 185 186 187 189 196 197
2 193 202
11 185 187 189 191 193 196 198 199 202 204 205
6 185 187 188 198 199 201
4 192 196 197 198
2 190 192
4 186 188 192 200
4 196 200 201 204
2 186 190
4 191 192 195 198
3 187 192 198
5 187 188 191 198 205
5 191 194 195 198 205
3 189 200 203
4 186 190 196 205
5 190 191 200 202 204
5 189 195 199 201 205
3 188 194 202
1 194
4 197 198 200 201
8 185 186 187 189 195 196 197 199
7 185 196 197 198 202 203 204
2 186 190
6 190 191 192 193 194 199
2 187 198
7 186 191 192 193 194 196 203
3 187 195 200
6 187 195 198 199 201 204
4 185 190 192 204
2 186 199
7 187 189 190 193 195 200 202
2 192 200
2 192 196
4 186 195 196 203
7 191 193 194 196 197 203 204
6 196 198 199 200 202 203
4 188 197 201 202
2 189 194
6 185 190 191 193 204 205
5 185 190 193 202 204
2 186 192
5 185 193 194 196 202
2 192 198
10 187 188 190 193 194 195 200 202 203 204
12 188 189 190 191 193 195 196 200 201 202 203 204
3 192 204 205
4 190 196 197 203
6 188 189 192 196 200 201
4 190 191 193 198
2 189 200
3 195 197 199
4 195 196 198 203
4 186 188 201 205
7 186 190 192 193 196 202 205
4 187 200 202 203
4 189 192 194 202
5 185 191 192 195 205
3 186 187 195
5 194 197 199 202 204
3 192 195 201
2 186 191
3 187 191 195
3 186 190 200
3 190 200 204
4 185 188 192 204
2 193 205
3 194 197 205
11 185 187 190 196 197 198 200 201 202 203 204
2 191 205
6 186 189 191 197 198 199
2 190 198
4 188 192 197 200
3 189 193 194
5 189 191 192 197 199
2 185 205
5 190 192 200 201 204
1 185
6 189 190 193 195 199 202
4 186 187 189 194
5 186 192 193 194 205
7 189 191 196 199 200 202 203
2 202 205
3 187 189 193
8 187 188 190 195 200 201 202 203
4 186 187 197 200
3 200 203 204
10 185 188 189 190 191 195 196 201 203 205
13 185 186 187 188 190 191 193 195 196 199 200 201 203
3 199 201 202
2 189 197
3 187 198 202
8 187 188 189 191 192 195 198 200
5 185 190 192 200 204
3 186 187 192
6 187 188 189 198 201 204
7 190 191 192 193 194 195 200
7 185 187 189 191 193 196 203
1 199
5 186 193 194 195 205
7 190 192 198 199 200 203 204
7 185 187 191 198 201 202 203
8 186 188 189 190 193 194 200 204
7 187 189 197 199 202 204 205
6 189 198 199 202 204 205
4 187 194 203 205
3 194 198 205
3 185 195 198
5 188 189 191 197 202
6 186 190 191 194 196 202
2 187 198
8 185 194 195 199 201 203 204 205
5 187 195 198 199 201
10 185 187 188 189 190 191 197 200 202 203
7 187 188 189 198 199 204 205
3 186 191 203
5 187 189 190 195 202
5 192 197 200 203 204
6 185 188 189 196 201 204
3 187 190 205
5 188 193 196 198 201
2 193 202
2 187 202
2 190 199
4 186 197 202 204
2 196 199
1 197
3 188 196 201
2 197 198
5 193 196 197 200 202
12 185 187 188 189 190 191 192 193 196 198 200 205
3 193 196 203
4 186 187 191 205
7 185 188 191 197 198 199 202
3 188 191 198
4 186 192 195 201
3 194 197 198
6 187 189 190 193 199 202
4 186 190 191 194
3 188 191 202
6 186 188 196 197 201 205
5 185 188 196 204 205
7 189 191 197 199 203 204 205
2 190 198
10 185 190 191 193 195 196 198 200 201 203
4 186 194 197 202
8 185 187 188 193 195 200 203 204
5 185 186 194 195 197
7 186 187 192 194 201 204 205
4 190 191 194 205
4 188 197 204 205
2 194 197
7 187 190 192 193 195 204 205
2 202 205
2 202 203
7 185 187 188 189 193 198 204
4 185 186 188 197
4 187 189 193 194
5 185 190 192 200 202
6 190 193 194 200 201 204
2 185 203
7 186 187 190 192 195 204 205
4 187 192 194 203
2 190 205
7 185 186 187 189 193 195 199
6 185 186 188 197 204 205
9 185 186 190 192 193 194 195 196 200
5 192 197 199 200 202
5 187 189 193 199 202
5 187 198 199 201 204
5 186 190 196 197 203
6 185 186 188 196 197 201
2 192 200
2 186 205
5 185 186 197 201 205
7 187 188 190 193 195 202 203
2 187 200
6 189 193 195 199 200 202
2 190 199
4 186 191 195 198
6 185 188 191 197 198 199
4 186 194 202 204
4 186 192 194 199
2 193 202
8 185 187 188 191 196 198 201 202
2 187 195
4 191 195 198 205
4 188 192 196 201
4 190 191 192 194
3 191 197 200
8 185 188 191 193 195 199 201 204
5 186 190 195 201 205
6 186 190 192 193 194 195
4 190 198 199 200
6 188 190 193 197 200 202
6 189 193 197 200 201 204
3 186 191 200
1 192
1 205
5 188 192 199 201 202
2 186 198
10 185 187 188 189 190 191 192 193 200 205
6 187 189 190 193 195 199
9 188 189 196 197 198 199 200 202 203
2 190 199
3 186 200 204
3 187 192 198
6 186 190 191 194 198 205
4 188 192 200 204
3 187 198 205
3 190 197 199
4 191 192 198 199
5 185 189 196 200 203
3 186 192 198
3 187 192 198
6 189 194 199 203 204 205
2 193 202
2 185 190
3 188 195 201
1 193
4 194 195 199 203
4 188 189 197 202
4 186 188 198 203
3 194 197 199
1 200
5 190 192 193 194 199
5 186 188 191 201 203
4 186 191 198 203
2 193 205
4 192 195 200 201
14 185 186 187 189 190 192 193 194 195 197 198 200 201 202
12 185 187 188 192 193 196 197 199 200 202 203 205
10 185 187 188 192 194 195 197 198 201 205
11 187 188 192 193 194 195 198 200 201 202 204
13 186 187 188 190 193 195 199 200 201 202 203 204 205
7 188 190 195 196 197 200 203
10 185 188 189 191 194 195 200 201 202 203
6 185 186 190 196 201 205
9 185 186 187 189 190 194 198 202 204
12 188 189 190 191 192 194 197 198 199 200 202 203
6 185 191 193 197 201 204
13 187 189 190 192 194 196 197 198 199 200 201 203 205
8 190 191 192 194 195 199 200 204
9 185 187 190 193 196 200 201 202 203
12 188 192 193 194 195 197 198 199 201 202 203 205
10 185 186 188 189 191 194 196 199 200 205
10 185 186 187 188 189 192 195 199 201 204
11 187 188 189 190 192 193 196 197 198 200 203
9 186 187 189 190 195 197 201 203 204
9 185 189 193 196 197 199 201 202 205
11 186 187 189 191 193 194 197 199 202 204 205
8 187 188 190 195 197 198 204 205
14 185 186 187 189 190 191 193 197 199 200 201 202 203 204
9 186 190 191 195 199 201 202 204 205
7 185 186 187 189 191 194 203
6 188 194 198 199 204 205
12 186 187 188 189 190 193 195 197 198 199 200 204
9 185 190 193 194 199 200 201 204 205
10 186 188 189 191 192 196 199 202 203 205
11 185 187 188 190 196 198 199 200 201 204 205
8 187 189 197 198 202 203 204 205
11 185 192 194 195 197 198 199 200 203 204 205
10 185 186 187 191 192 197 198 202 204 205
14 185 187 188 190 191 192 193 194 195 198 200 202 203 204
14 186 187 190 191 193 194 196 197 198 199 201 202 203 204
12 186 188 189 190 191 192 193 195 196 198 201 202
10 186 188 189 193 196 197 198 200 202 204
8 192 193 194 197 198 201 202 205
14 185 186 187 188 189 190 193 195 197 199 200 201 203 204
10 187 189 192 195 196 197 199 200 201 203
6 190 192 194 197 198 200
8 185 190 194 195 198 199 201 205
9 187 188 190 193 198 200 202 204 205
10 189 190 191 192 193 196 197 202 204 205
13 185 187 188 189 191 192 193 196 200 201 203 204 205
11 185 186 188 189 190 191 192 195 199 200 204
12 185 190 191 192 193 194 196 197 198 202 204 205
7 186 188 192 196 197 203 205
8 187 190 191 195 197 199 201 205
7 186 189 193 194 202 203 204
11 187 190 191 192 194 195 197 198 201 203 205
12 187 191 193 194 195 197 199 201 202 203 204 205
13 185 189 191 192 193 195 197 198 199 200 203 204 205
6 192 195 198 202 204 205
9 187 189 192 194 195 197 198 202 204
9 187 191 193 194 195 200 201 202 205
10 187 191 193 197 198 199 201 202 203 205
8 185 189 194 196 197 200 202 205
13 185 186 187 188 190 191 193 194 195 197 198 202 203
13 185 188 189 190 191 192 193 195 197 198 199 201 204
12 185 187 188 190 191 192 195 196 197 198 200 205
12 185 186 187 189 190 191 194 197 198 199 200 203
10 187 188 189 191 193 194 196 199 200 205
13 185 186 187 192 193 194 196 197 198 199 201 202 204
8 190 191 194 198 201 203 204 205
13 186 188 190 191 193 194 195 196 197 200 201 202 204
10 186 189 191 192 195 196 197 200 201 202
9 187 188 191 194 196 199 200 201 203
10 186 190 192 196 197 198 199 200 202 203
7 185 186 191 194 195 200 204
9 185 186 187 189 191 193 196 203 205
7 187 188 190 193 198 201 202
9 185 187 188 189 191 192 193 201 205
10 186 190 191 192 194 195 196 199 202 205
12 187 188 189 191 192 194 196 199 201 202 203 205
14 186 187 188 189 190 191 192 197 198 199 200 201 203 204
13 185 188 189 190 193 194 197 198 200 201 202 203 205
11 185 188 189 191 192 193 194 195 196 197 203
10 185 186 190 192 193 197 199 202 203 204
9 188 189 191 192 193 195 196 197 199
14 186 187 189 190 191 192 193 196 197 198 199 200 203 204
7 185 186 187 191 193 194 204
11 185 186 188 189 191 193 196 198 199 201 204
7 185 187 192 197 198 200 205
14 185 188 189 191 192 193 194 195 197 200 201 202 203 205
12 186 187 188 189 190 197 198 199 201 203 204 205
8 187 190 193 194 196 200 201 202
13 185 186 188 189 190 191 194 195 196 198 199 202 205
14 185 188 190 191 193 194 195 196 199 201 202 203 204 205
7 185 188 190 193 197 198 205
9 186 190 191 198 200 202 203 204 205
12 188 189 190 192 193 194 196 197 198 200 202 204
12 185 187 189 190 191 193 196 197 199 200 201 204
13 185 187 190 191 192 194 195 196 197 198 201 203 204
8 189 190 192 193 194 195 200 203
10 186 188 189 190 191 192 194 197 200 205
7 185 186 190 192 201 203 205
11 185 186 192 195 196 198 199 200 202 203 205
8 186 191 192 193 200 201 202 203
12 185 188 189 190 191 195 197 198 199 203 204 205
10 186 187 189 190 192 193 198 199 201 205
10 186 192 196 197 198 200 202 203 204 205
12 185 186 187 189 190 191 192 193 197 199 201 202
6 185 195 197 199 200 202
12 185 186 187 190 191 192 194 198 199 200 203 204
10 188 191 193 194 196 197 198 200 202 204
6 185 186 187 198 199 201
13 185 187 188 190 192 194 196 197 198 199 201 203 204
8 186 188 191 194 195 197 201 203
12 185 186 188 189 192 194 195 198 201 202 203 204
7 188 190 192 193 197 202 203
11 189 191 194 195 196 197 199 200 201 202 203
13 187 188 189 190 193 194 195 196 198 200 201 203 205
12 185 189 190 191 193 194 195 198 200 203 204 205
13 186 188 189 190 192 193 194 195 196 200 201 203 204
7 185 186 192 194 195 199 202
13 185 186 188 189 190 192 194 195 197 199 201 202 205
7 185 186 187 190 191 192 197
14 185 186 188 190 191 192 194 195 197 198 200 203 204 205
6 186 190 195 197 202 205
7 185 190 191 192 193 197 203
8 185 186 188 190 191 195 199 203
9 185 190 191 194 197 198 199 201 202
8 191 194 196 198 199 202 203 205
10 186 187 188 190 193 197 199 200 202 204
6 185 186 191 192 196 202
9 187 188 193 194 195 196 197 201 202
11 186 187 192 193 197 198 199 200 202 204 205
12 186 187 188 191 192 193 195 199 201 203 204 205
10 185 186 188 189 190 194 195 196 202 203
13 185 186 187 188 189 190 191 193 196 198 199 203 204
14 185 186 187 189 190 192 193 196 197 198 199 200 203 205
7 186 191 192 197 199 201 204
11 185 186 188 189 190 191 194 197 198 200 202
8 187 188 194 196 197 201 202 205
7 188 193 196 199 202 203 205
8 186 190 191 194 195 198 200 203
9 189 191 193 194 199 201 202 203 204
12 185 186 188 189 191 193 195 197 198 199 200 203
12 185 189 190 192 195 197 198 200 202 203 204 205
7 187 189 190 192 194 198 200
13 185 186 188 190 192 195 196 198 199 200 202 203 205
7 187 189 190 195 196 200 205
12 185 189 190 191 193 196 198 199 200 202 204 205
11 185 186 187 188 189 191 194 199 201 202 203
10 185 187 193 194 195 197 199 201 203 204
11 187 189 191 193 195 198 199 200 201 204 205
9 186 187 188 190 191 200 203 204 205
14 185 186 187 188 190 193 195 197 200 201 202 203 204 205
13 185 186 188 189 191 192 194 197 198 199 200 201 203
9 186 187 189 190 198 199 201 204 205
10 189 191 193 194 195 196 197 198 200 203
10 186 190 192 193 194 197 198 201 202 205
9 185 187 189 193 196 199 201 204 205
14 185 186 187 188 189 190 191 192 196 197 198 200 204 205
7 185 186 189 193 199 203 205
7 185 194 196 200 203 204 205
11 185 188 190 191 192 195 196 198 199 202 205
14 186 188 190 191 193 194 195 196 198 199 200 201 202 204
11 189 190 191 192 193 194 196 197 198 200 201
13 185 186 189 190 191 194 196 197 198 199 200 201 203
14 185 187 188 189 190 193 195 196 197 198 199 200 202 204
6 189 196 197 199 203 205
12 185 186 187 190 191 192 194 195 198 199 202 205
12 185 188 189 190 192 194 198 199 200 202 203 204
8 185 188 189 191 192 196 197 198
9 187 189 193 194 195 196 197 203 205
9 185 188 193 194 197 198 199 200 203
10 186 187 191 193 194 196 198 200 201 204
7 187 188 193 197 198 202 205
6 188 189 193 194 196 201
8 185 190 193 194 195 197 198 203
6 188 193 197 200 203 205
12 185 186 189 193 194 195 197 199 200 202 204 205
9 186 188 192 194 197 198 202 204 205
11 185 188 190 192 193 195 197 200 201 202 205
9 188 189 190 192 194 196 197 201 202
6 186 187 197 198 200 203
10 186 187 189 191 193 197 198 199 202 203
8 187 188 190 191 193 194 196 197
6 186 192 194 195 196 200
10 188 192 193 194 195 196 199 200 201 202
8 185 187 188 197 199 200 202 204
10 185 186 192 193 194 197 198 200 202 204
9 187 188 190 194 198 200 201 202 205
7 185 189 190 194 197 199 201
11 186 187 188 189 190 191 193 194 196 204 205
11 185 186 187 188 189 196 197 200 201 204 205
10 185 187 188 189 192 193 195 198 199 202
13 185 187 188 189 192 193 194 195 196 198 201 202 205
10 185 186 187 188 191 192 197 198 200 203
8 185 186 188 191 193 198 202 204
9 185 186 188 191 192 195 202 203 204
6 190 191 195 196 202 205
13 186 187 190 192 193 195 196 197 198 199 201 202 204
8 186 191 192 193 195 198 199 202
10 186 188 192 193 195 196 197 199 201 204
11 185 188 189 190 191 193 194 197 201 204 205
10 185 186 188 192 193 198 199 200 203 204
8 186 190 191 195 197 200 201 202
8 188 189 190 194 195 198 202 203
7 190 192 194 195 196 199 201
11 187 188 189 192 193 197 198 200 203 204 205
9 185 187 189 190 192 193 194 197 199
9 187 188 190 191 192 195 201 203 204
12 186 189 190 195 196 197 198 199 200 202 204 205
11 185 186 187 188 190 192 195 200 202 203 205
13 186 189 190 192 193 196 197 198 199 200 201 203 205
8 191 192 195 196 198 200 203 204
11 186 189 191 192 194 195 198 200 202 204 205
10 185 186 187 189 193 196 197 202 203 204
8 186 188 191 193 195 196 203 204
12 186 189 192 193 195 199 200 201 202 203 204 205
11 185 186 187 188 189 191 194 196 202 204 205
9 188 190 191 194 197 198 201 203 204
13 186 188 190 191 192 193 195 196 198 199 202 204 205
9 191 193 194 196 197 199 201 203 205
13 185 187 189 190 191 192 195 198 201 202 203 204 205
12 186 187 188 190 191 192 196 198 199 200 202 205
8 187 189 190 191 193 194 195 201
14 186 187 188 190 191 192 194 196 199 200 202 203 204 205
11 185 187 188 190 193 195 196 197 199 201 205
10 185 186 187 188 190 193 195 197 199 202
7 186 187 194 195 197 198 202
9 185 188 194 196 197 199 202 203 204
10 186 187 188 191 192 195 198 201 203 204
9 186 187 188 189 192 193 194 201 203
14 185 186 187 188 190 191 193 194 196 197 198 199 202 203
14 186 187 188 190 192 193 194 195 197 200 201 203 204 205
11 186 189 192 195 197 199 200 201 202 203 205
6 185 187 195 196 198 202
14 185 186 187 188 189 190 191 193 197 198 200 202 203 205
12 185 188 190 192 194 195 196 198 199 200 202 205
13 185 186 187 188 189 192 193 194 195 199 200 201 203
8 189 190 191 192 195 199 200 203
13 186 187 188 190 191 192 193 194 195 196 197 200 205
9 187 188 189 190 191 195 196 201 205
9 186 187 192 193 200 201 202 203 205
14 185 186 187 188 190 192 195 196 197 200 202 203 204 205
6 187 189 192 194 195 205
11 185 186 187 190 191 194 195 199 200 204 205
7 191 194 195 196 197 202 204
6 185 187 189 192 195 201
9 185 191 192 194 195 196 197 203 204
13 186 188 191 192 193 196 197 199 200 201 202 203 204
14 186 187 188 189 191 193 195 196 197 198 199 202 203 205
14 188 189 190 192 194 195 196 197 199 201 202 203 204 205
10 187 189 192 194 195 197 198 202 203 204
10 186 189 190 191 192 193 198 199 203 205
11 186 187 189 192 193 194 195 197 198 201 203
8 186 191 195 199 200 202 204 205
8 186 187 193 194 195 199 203 204
6 187 188 196 197 200 203
13 187 189 191 192 194 195 196 198 199 200 201 204 205
6 188 198 200 202 203 204
11 186 190 192 193 196 198 199 200 201 202 205
7 185 193 195 196 199 200 203
6 186 187 189 194 198 202
12 185 186 187 190 193 195 196 198 200 201 202 203
13 187 188 190 191 192 193 194 196 199 201 202 203 204
13 185 189 192 193 195 196 197 199 200 202 203 204 205
9 186 187 188 189 191 193 194 196 202
13 186 188 189 191 192 193 196 198 200 202 203 204 205
8 185 186 187 188 195 197 200 204
9 185 189 190 194 195 196 198 202 204
10 185 186 188 189 191 196 197 199 200 204
6 187 189 192 194 201 205
8 186 187 191 192 193 196 199 203
9 186 188 190 195 198 200 201 203 204
8 189 191 193 195 196 200 204 205
10 188 191 193 194 196 197 200 201 203 205
13 185 186 187 188 189 190 195 196 198 200 202 203 204
13 185 186 187 189 191 192 194 195 197 198 201 203 205
12 188 190 191 193 194 195 196 197 200 201 203 205
14 187 188 189 190 192 193 195 196 197 199 201 203 204 205
11 185 189 191 194 196 198 199 201 202 203 204
13 185 187 188 189 190 191 192 195 196 199 200 202 205
10 185 186 190 191 192 193 195 196 201 202
8 189 193 195 197 198 201 202 205
6 187 191 197 202 204 205
12 186 187 188 191 192 193 195 196 197 202 203 205
8 185 186 187 192 196 199 200 203
7 185 188 189 191 194 201 205
13 185 186 187 189 191 192 195 196 197 198 199 200 204
7 185 188 190 191 195 198 205
14 186 187 188 189 190 191 192 193 196 199 200 203 204 205
11 186 188 190 191 192 193 195 196 202 203 204
13 185 189 190 191 192 195 196 197 198 201 203 204 205
6 185 186 193 194 195 198
12 186 187 190 191 193 195 196 200 202 203 204 205
14 185 186 187 189 190 191 194 195 199 200 202 203 204 205
13 186 188 190 192 193 194 196 197 198 200 202 203 205
9 185 186 187 190 191 193 195 196 199
7 186 190 194 196 197 201 205
11 185 186 190 193 195 196 197 199 201 203 204
13 187 188 189 190 191 195 196 197 199 200 201 202 203
6 190 191 195 197 200 204
14 185 187 188 189 191 192 193 195 198 199 200 203 204 205
12 186 188 191 194 196 197 199 201 202 203 204 205
11 185 187 193 194 195 196 198 200 202 204 205
13 186 187 188 189 191 192 193 194 195 197 199 202 204
12 185 186 188 192 193 195 198 200 202 203 204 205
6 185 188 189 190 199 201
13 185 187 188 190 191 192 194 196 198 199 201 204 205
9 188 192 193 196 197 199 200 203 204
9 185 189 191 193 196 198 199 203 204
8 186 189 192 193 196 197 201 202
9 189 193 195 196 197 199 202 203 205
11 185 186 187 191 198 199 200 201 202 204 205
14 185 186 187 188 189 192 193 194 195 201 202 203 204 205
11 185 186 188 189 194 195 197 198 200 202 205
12 186 187 188 189 190 193 194 195 197 198 201 204
6 189 198 200 202 204 205
13 186 187 190 191 192 193 194 195 198 199 202 204 205
14 186 187 188 189 191 193 195 196 198 199 201 202 204 205
10 185 186 187 189 191 194 196 197 202 204
14 186 187 189 190 191 192 193 194 195 197 198 202 203 204
6 188 192 194 196 197 203
9 187 188 191 196 198 199 200 202 204
