204 1183
20 1 2 3 4 5 6 7 8 9 10 11 12 13 14 15 16 17 18 19 20
9 1 3 4 9 12 15 16 17 20
11 1 5 6 10 11 13 14 16 17 18 20
9 1 3 7 8 12 14 16 18 19
7 4 7 9 10 11 12 14
11 1 2 5 6 7 9 12 13 14 18 19
10 2 3 4 7 8 11 13 14 16 20
13 1 2 4 7 8 9 10 11 12 14 15 17 19
10 2 3 8 9 10 12 13 16 17 18
6 1 2 3 5 10 18
9 1 2 4 5 8 17 18 19 20
12 1 3 4 7 8 9 10 12 13 14 17 20
8 1 4 10 12 14 18 19 20
13 1 2 3 4 5 6 7 8 13 14 15 17 20
11 2 5 6 7 8 9 12 14 15 16 17
6 2 11 12 15 18 19
14 1 3 4 5 6 7 8 11 14 16 17 18 19 20
12 5 6 7 8 10 11 13 14 17 18 19 20
13 1 2 3 4 5 7 8 9 10 13 14 18 20
9 1 2 6 8 14 15 17 19 20
14 2 3 5 7 9 10 11 12 13 15 16 17 18 19
6 4 7 9 10 17 19
9 2 6 10 11 13 16 18 19 20
10 2 4 6 8 9 11 12 13 18 20
14 1 2 3 5 7 9 10 12 13 14 17 18 19 20
9 1 2 4 7 11 13 14 15 18
14 1 3 4 5 6 7 9 10 11 12 14 16 17 19
7 1 4 5 9 11 17 18
7 2 7 10 13 15 16 20
13 1 4 6 7 8 9 11 13 15 16 17 19 20
6 4 8 9 11 13 16
9 4 8 11 12 13 15 17 18 19
14 1 2 5 6 7 8 10 13 14 15 17 18 19 20
7 1 6 12 13 16 17 19
12 1 2 3 4 6 8 9 10 11 15 17 20
12 1 3 4 5 8 9 10 13 15 16 18 20
6 1 3 6 9 14 18
6 7 9 11 12 13 18
9 2 4 5 6 7 12 15 17 18
9 1 3 5 6 8 9 11 12 20
6 9 10 12 13 15 16
12 1 2 3 4 5 7 8 11 13 14 18 20
10 4 5 7 8 9 10 11 15 17 20
7 4 7 13 15 17 18 19
10 1 3 5 12 15 16 17 18 19 20
7 2 4 8 9 11 16 19
38 21 22 23 24 25 26 27 28 29 30 31 32 33 34 35 36 37 38 39 40 41 42 43 44 45 46 47 48 49 50 51 52 53 54 55 56 57 58
24 21 22 24 25 26 29 31 32 33 36 37 38 43 44 48 50 51 52 53 54 55 56 57 58
26 21 23 24 25 26 27 28 29 33 34 35 36 37 41 43 44 45 46 47 48 49 51 54 55 57 58
19 21 27 32 33 34 36 38 39 40 43 44 45 46 48 49 54 56 57 58
16 21 26 32 34 36 38 41 42 44 45 46 47 49 51 53 58
27 21 24 25 27 29 30 31 33 35 37 38 39 40 41 42 44 45 46 47 48 49 51 54 55 56 57 58
26 21 22 23 24 26 27 30 31 32 33 34 36 38 39 40 42 43 44 45 46 47 48 53 55 57 58
24 21 22 23 24 27 31 32 33 34 35 36 37 38 41 42 45 46 47 49 50 53 54 55 56
17 22 25 26 30 31 34 37 38 42 46 49 50 51 52 53 54 55
23 23 24 25 26 27 28 32 36 40 41 42 43 44 45 47 49 50 51 53 54 56 57 58
27 21 23 24 26 27 28 29 31 32 34 35 36 37 38 39 41 44 45 47 49 50 51 52 54 55 56 58
16 21 22 23 25 27 28 30 33 36 49 50 52 53 54 55 56
20 23 24 26 29 30 33 35 37 40 41 42 43 45 47 48 49 51 55 57 58
27 25 26 28 29 30 31 32 33 34 35 38 39 41 42 44 45 46 47 48 49 50 52 53 55 56 57 58
14 21 26 27 28 31 32 38 39 40 42 45 47 49 50
28 21 22 24 25 27 28 29 31 34 35 36 37 38 39 40 42 44 45 46 47 49 50 51 52 53 55 56 57
22 21 22 24 25 28 31 32 33 34 37 38 41 43 45 47 48 49 50 51 53 56 57
18 23 24 26 27 28 30 31 33 39 40 47 48 49 51 52 53 54 57
22 21 23 26 28 29 31 32 34 35 36 39 40 41 42 46 47 48 49 51 52 56 58
26 21 23 26 27 32 34 36 37 38 39 40 41 42 43 44 45 47 48 49 50 51 52 54 55 56 58
28 21 22 23 25 26 29 30 31 32 34 36 37 38 39 40 42 44 46 47 48 49 50 51 52 53 54 55 56
22 21 22 23 24 25 26 27 28 30 33 36 42 44 46 47 48 50 52 53 55 56 58
18 21 23 24 27 28 30 32 33 40 41 44 46 49 51 52 53 55 58
20 24 27 28 30 32 33 36 37 39 41 42 45 46 50 53 54 55 56 57 58
11 23 24 25 27 28 30 35 41 43 46 55
19 21 22 23 27 29 30 31 32 33 35 37 40 42 45 47 51 52 53 55
19 23 24 25 30 32 34 35 37 38 40 41 43 44 49 51 53 54 55 56
28 21 22 23 25 26 28 29 30 31 33 35 36 37 38 40 41 43 46 47 48 50 52 53 54 55 56 57 58
26 22 23 24 25 26 27 29 30 31 32 33 34 36 37 38 40 41 42 43 44 47 48 51 52 54 56
25 23 25 27 29 30 31 33 34 35 36 37 40 41 45 46 47 48 50 51 52 53 55 56 57 58
14 21 23 27 28 29 32 41 42 43 44 45 47 51 57
22 21 22 26 29 30 31 33 34 37 39 40 41 42 43 44 45 48 49 50 55 56 58
16 21 22 28 33 35 36 39 42 46 47 48 49 50 51 57 58
21 21 22 23 24 25 28 29 30 31 33 37 40 41 42 43 44 48 51 55 57 58
27 24 25 26 29 30 31 32 34 35 36 37 38 40 41 42 44 45 46 48 49 50 51 52 53 55 56 58
30 22 23 26 27 28 29 30 31 32 33 35 36 37 38 39 41 42 43 44 46 47 48 49 50 51 53 54 56 57 58
22 22 24 25 26 30 31 33 34 38 39 40 41 42 44 45 47 50 51 52 53 56 58
13 27 28 29 32 35 36 39 41 44 47 49 51 56
20 22 23 24 25 26 28 30 35 37 40 41 42 43 44 46 47 48 52 57 58
23 23 27 28 29 32 33 35 36 38 40 41 42 43 45 46 48 49 50 52 53 56 57 58
16 21 22 24 25 27 28 33 35 39 42 48 51 54 56 57 58
19 23 24 25 27 30 31 36 38 40 42 43 45 46 48 51 53 54 56 57
21 21 25 27 28 30 34 36 37 38 40 42 43 46 47 48 49 50 53 55 56 57
12 24 31 32 33 34 36 38 39 48 49 50 55
26 21 24 25 28 29 30 33 34 35 37 39 40 41 43 44 45 48 49 50 52 53 54 55 56 57 58
18 22 24 26 29 30 35 36 37 42 46 47 50 51 52 53 55 56 57
20 23 24 25 29 30 31 32 35 36 42 45 48 49 51 52 54 55 56 57 58
21 21 24 25 27 30 34 35 36 38 39 40 41 43 44 45 47 50 52 53 54 56
16 23 24 30 31 35 36 38 43 44 46 48 49 52 56 57 58
25 22 23 24 25 26 27 29 30 34 35 36 37 38 39 41 42 43 45 47 49 51 54 55 56 58
13 21 22 27 29 30 32 34 39 42 46 47 54 55
27 23 24 25 27 28 29 30 32 33 34 35 37 39 41 42 43 44 46 47 48 49 50 52 54 56 57 58
18 24 25 26 30 31 32 37 38 41 42 43 45 49 50 52 53 55 56
18 23 26 29 30 31 32 34 35 36 41 43 44 45 47 50 52 55 57
18 23 25 26 28 30 31 34 35 39 40 43 47 49 51 55 56 57 58
17 21 24 25 26 29 33 34 35 37 39 40 41 46 50 51 56 57
27 22 26 27 30 31 32 33 34 35 36 38 39 40 41 42 43 45 46 47 48 49 50 51 52 53 54 58
11 22 23 29 30 31 34 41 43 47 48 56
16 21 24 26 27 28 31 32 36 44 45 46 47 52 56 57 58
16 26 31 33 34 36 39 40 42 45 47 49 50 53 54 57 58
15 21 27 29 31 34 36 41 42 44 47 48 50 53 54 57
24 21 22 23 26 28 29 31 32 33 34 35 36 38 40 41 46 50 51 52 53 54 56 57 58
29 22 24 25 26 27 28 29 30 31 32 33 35 36 37 38 40 41 42 43 44 45 46 47 49 51 52 56 57 58
11 21 25 27 30 32 35 37 41 42 43 57
19 21 22 24 27 28 30 34 35 40 43 45 48 50 51 52 53 56 57 58
21 21 28 29 30 31 33 39 41 42 44 45 46 47 49 50 51 54 55 56 57 58
15 21 22 27 28 31 32 33 36 40 42 50 51 53 54 55
22 21 22 23 24 25 28 30 33 34 35 36 37 38 43 45 48 49 50 53 54 56 57
18 22 25 26 27 32 34 36 37 38 39 41 43 51 52 53 56 57 58
12 21 31 34 35 37 39 43 48 49 51 52 53
13 27 28 30 31 32 36 37 46 48 50 51 52 57
17 22 23 25 26 27 29 30 31 32 35 38 39 41 43 45 47 51
24 21 23 24 25 26 28 29 30 33 34 35 38 39 40 42 43 45 47 49 50 55 56 57 58
17 21 22 23 24 26 28 32 33 38 40 43 46 49 53 55 56 57
28 23 24 25 26 27 28 29 30 31 32 33 35 36 38 39 41 44 45 46 48 49 50 51 52 53 55 57 58
16 21 24 25 30 31 34 37 38 41 42 43 47 52 53 55 57
28 21 22 23 24 25 26 27 29 30 32 33 34 35 36 37 38 39 40 42 44 46 47 49 52 55 56 57 58
13 23 25 28 29 32 35 39 43 44 45 48 50 53
23 21 24 26 28 29 30 31 33 34 37 38 39 42 44 47 49 50 51 53 54 55 56 57
29 21 22 24 26 27 28 29 32 34 35 36 37 38 40 41 42 43 45 46 47 49 50 51 52 53 54 56 57 58
14 21 23 25 26 35 36 38 39 44 49 52 53 55 58
28 23 24 25 27 28 29 30 31 32 34 35 36 37 38 40 41 42 43 44 45 46 47 49 51 53 54 57 58
20 21 23 27 29 30 34 36 37 38 40 41 42 43 48 49 50 52 53 55 56
18 22 24 27 29 30 31 32 33 35 37 43 46 49 51 52 53 56 58
15 22 24 28 30 32 37 40 41 47 48 49 54 55 56 58
22 21 22 27 28 29 30 31 32 35 36 37 39 41 42 43 44 45 46 47 52 54 58
27 21 23 25 26 27 28 29 30 31 32 33 35 36 37 38 40 42 45 48 49 50 51 52 53 54 56 58
12 23 26 27 29 30 34 38 42 45 52 55 57
29 21 22 23 24 25 29 30 31 32 33 34 35 36 37 38 40 41 43 45 46 48 49 50 51 53 55 56 57 58
27 22 23 24 25 26 27 28 29 31 32 33 34 35 36 37 41 43 44 45 47 49 51 52 53 55 56 58
26 21 22 23 26 28 29 31 32 35 36 37 38 39 42 44 45 46 47 48 50 51 53 54 55 56 57
12 27 31 32 35 40 43 44 46 51 54 56 58
56 59 60 61 62 63 64 65 66 67 68 69 70 71 72 73 74 75 76 77 78 79 80 81 82 83 84 85 86 87 88 89 90 91 92 93 94 95 96 97 98 99 100 101 102 103 104 105 106 107 108 109 110 111 112 113 114
22 61 62 64 67 69 71 72 75 77 80 81 89 92 93 94 100 104 105 108 110 113 114
43 59 60 61 63 64 65 67 69 70 71 72 73 74 75 76 77 78 79 81 82 83 84 85 86 87 89 90 92 93 95 96 98 99 100 101 102 104 105 108 109 111 112 114
32 60 62 64 65 67 68 70 71 72 75 78 79 82 85 86 87 88 89 91 93 94 95 96 97 98 100 106 108 109 111 113 114
40 59 60 62 63 64 66 67 68 69 71 72 73 76 77 78 79 80 82 83 84 85 86 87 88 89 91 96 99 100 101 103 104 105 107 108 109 110 112 113 114
23 60 61 62 69 71 72 75 76 77 85 86 90 91 92 96 98 100 104 106 109 111 112 114
35 59 60 61 62 64 67 68 69 70 71 73 75 76 80 81 83 84 85 86 87 88 91 94 96 97 99 100 104 105 106 107 108 111 113 114
38 59 60 61 62 63 64 65 67 71 73 74 80 82 84 85 87 88 89 90 91 92 94 96 98 99 100 101 102 103 105 106 107 108 109 110 112 113 114
20 60 61 66 67 73 77 79 80 81 82 83 85 87 91 92 95 96 99 108 109
22 60 62 68 70 76 77 78 80 81 82 85 92 93 95 97 99 101 104 106 108 111 112
21 59 66 69 71 72 73 74 76 77 81 84 85 87 93 95 96 106 108 109 112 114
25 59 61 62 64 65 66 68 69 74 77 80 83 84 85 88 90 91 94 95 99 100 106 108 110 111
41 59 60 61 62 63 66 67 68 69 71 73 74 75 76 77 78 80 83 84 86 87 88 89 91 92 93 94 96 97 98 99 100 102 103 104 106 107 108 110 111 114
18 67 70 77 78 80 81 84 85 87 88 90 93 96 101 102 109 113 114
43 60 64 65 66 67 68 69 70 71 72 73 75 76 77 78 79 80 81 83 84 85 86 87 89 90 91 92 93 95 96 99 100 101 103 104 105 106 107 108 109 111 112 113
37 59 60 63 65 66 69 70 71 72 75 76 77 78 81 82 83 85 87 88 91 92 93 96 98 99 100 101 102 103 104 105 106 107 108 109 112 114
41 59 62 63 64 66 67 68 69 70 71 72 75 76 79 80 81 82 83 84 85 86 87 88 90 91 92 93 97 98 99 101 102 103 105 108 109 110 111 112 113 114
44 59 60 62 63 64 66 67 68 69 70 71 74 75 76 77 78 79 80 81 82 83 84 85 86 87 88 89 90 91 94 95 96 97 99 101 102 104 105 106 107 110 111 113 114
27 59 61 62 63 64 65 66 69 70 72 75 78 80 82 84 87 92 93 94 97 102 105 108 110 111 113 114
24 59 61 65 69 70 71 75 78 79 87 89 91 93 96 98 100 103 104 105 107 108 110 111 112
41 59 62 63 65 66 67 68 69 70 72 73 74 75 76 78 79 83 84 85 87 88 89 90 92 93 94 96 97 98 100 101 102 103 104 107 108 109 110 112 113 114
29 60 61 64 67 68 72 74 75 76 78 80 81 82 85 87 88 89 91 94 97 102 103 104 105 107 109 111 112 113
38 59 60 62 63 64 65 66 67 69 71 72 73 74 75 76 77 78 79 81 86 87 88 89 90 93 94 95 97 98 99 100 102 103 106 107 108 113 114
28 59 62 63 64 66 68 69 71 72 73 74 76 78 79 84 86 88 89 90 96 97 98 101 103 104 106 107 108
29 59 60 61 62 64 66 67 70 74 75 77 79 80 81 84 87 89 90 92 95 97 98 100 101 103 104 106 110 112
27 60 61 62 63 65 66 67 70 74 76 82 83 88 89 93 97 98 100 101 103 105 106 108 109 110 112 113
41 59 60 61 62 63 64 66 68 69 70 71 73 74 75 76 77 78 83 84 85 86 89 91 92 94 96 97 98 99 100 101 102 103 104 105 107 108 109 110 113 114
40 59 62 64 69 70 71 72 73 76 77 79 80 82 83 84 85 86 87 89 90 91 92 93 94 95 96 98 99 100 102 103 104 106 107 108 109 110 111 112 114
37 60 61 62 63 65 66 72 73 75 76 77 78 79 80 81 83 85 86 87 90 92 93 94 96 98 100 101 103 104 106 107 108 109 110 112 113 114
20 59 61 62 67 68 70 72 81 87 88 89 91 99 103 104 105 107 108 111 114
33 59 60 61 63 65 71 72 74 76 78 79 80 81 82 83 84 85 88 89 90 91 92 93 95 96 99 101 102 103 106 109 111 113
42 59 60 61 62 65 66 68 70 71 72 73 74 75 76 78 79 81 82 83 84 85 86 87 88 90 91 94 95 97 98 100 101 102 105 106 107 108 109 110 112 113 114
44 59 60 61 62 63 64 66 67 68 69 70 71 72 73 74 76 77 80 81 82 84 85 86 88 89 90 91 92 93 94 96 97 98 99 100 101 103 104 106 107 108 109 110 112
12 115 119 123 125 126 133 135 138 139 144 146 152
8 117 125 134 139 140 141 144 149
12 115 116 120 123 126 127 132 136 139 141 142 150
5 121 127 137 142 151
8 115 120 122 143 148 150 151 152
14 119 125 127 132 134 136 138 139 140 142 146 148 150 151
17 115 117 119 121 122 125 126 128 132 135 136 138 140 145 147 149 152
15 116 118 122 123 124 125 126 134 137 139 144 147 148 149 150
17 117 121 122 124 129 130 131 133 134 138 143 144 145 146 147 149 152
7 120 129 139 142 146 148 152
8 117 121 125 127 133 138 141 142
28 115 116 118 119 121 123 124 125 126 128 129 130 131 132 133 135 136 138 139 141 142 143 145 146 148 149 151 152
11 115 120 122 124 126 129 131 132 138 147 150
10 124 125 126 132 136 138 139 140 142 152
20 115 118 120 121 122 126 127 128 129 131 133 134 135 136 138 140 141 142 148 150
17 117 119 120 122 123 127 130 133 134 135 137 141 143 146 147 148 149
19 118 121 123 128 130 131 133 135 137 138 141 142 143 145 146 147 148 151 152
4 115 127 138 145
19 115 116 117 119 120 122 124 125 126 127 129 132 134 136 139 140 144 149 150
21 116 118 120 123 124 127 129 130 131 133 134 137 139 141 142 143 144 146 148 150 151
16 119 122 123 125 128 130 134 136 140 145 146 147 148 149 150 151
7 119 122 128 130 137 143 149
10 118 120 128 131 132 136 140 145 148 149
9 119 129 133 135 136 137 138 146 147
26 115 116 117 120 121 122 123 124 125 126 130 131 132 134 135 138 139 140 141 142 143 145 146 148 150 152
13 116 118 121 123 124 126 127 128 130 131 132 142 145
11 115 119 127 128 132 133 135 138 145 146 151
6 115 124 127 132 135 138
9 117 123 128 134 139 141 142 147 149
9 118 119 125 128 135 137 140 148 151
15 115 116 121 125 129 131 136 138 139 140 142 144 145 151 152
16 116 117 120 121 122 124 125 129 132 138 141 145 147 148 149 151
7 120 121 125 127 130 142 146
13 123 124 127 130 134 135 137 139 140 141 143 146 152
12 118 119 127 128 129 133 136 137 144 147 149 151
10 117 118 119 123 131 135 143 145 148 149
7 117 121 123 124 129 137 141
17 115 119 124 126 129 130 132 134 135 136 137 138 142 145 148 149 151
16 115 116 121 131 132 133 135 137 142 143 144 146 147 148 150 151
6 118 124 126 128 132 150
13 118 120 123 124 129 130 131 134 140 144 145 146 149
10 117 120 122 127 134 137 140 144 147 150
10 122 126 127 128 130 134 138 139 140 152
11 124 125 126 133 140 143 144 145 148 150 151
13 118 124 126 127 134 135 136 138 142 146 147 150 152
25 115 116 117 118 119 120 121 122 125 126 128 129 131 132 133 136 138 142 144 145 147 148 149 150 151
21 116 117 118 119 120 123 124 126 127 130 131 135 138 140 141 142 143 144 150 151 152
17 115 121 122 125 128 129 132 133 134 136 137 139 145 146 147 148 149
13 116 117 118 119 123 125 128 130 135 141 146 149 152
5 116 125 131 141 151
11 116 118 119 123 124 128 144 148 150 151 152
12 117 120 121 126 131 133 137 139 141 142 143 144
9 119 123 131 133 134 137 140 145 148
12 117 120 121 129 130 131 136 140 141 142 143 152
8 116 117 122 123 125 139 141 146
8 116 120 129 134 137 141 146 151
12 115 119 122 126 128 132 135 136 137 148 151 152
16 116 117 121 122 124 127 129 130 134 137 141 142 143 147 150 151
18 116 117 119 123 124 125 130 132 137 139 143 144 145 146 147 149 151 152
2 127 129
9 122 126 128 132 135 142 143 146 149
20 115 116 117 118 120 121 124 125 127 129 130 136 138 139 141 144 147 150 151 152
22 117 118 119 121 122 123 124 126 128 130 132 133 134 135 136 137 140 143 144 147 149 150
5 116 139 143 147 150
16 115 116 118 119 120 121 122 130 131 132 135 136 137 138 146 152
10 115 121 122 127 128 130 133 144 147 150
10 115 122 126 129 133 134 135 136 145 149
12 115 118 123 126 128 130 131 135 136 137 143 144
13 118 120 121 127 128 131 133 140 143 144 147 150 152
18 115 116 117 120 121 123 125 129 131 132 133 139 140 141 144 145 148 151
10 119 127 133 134 139 140 142 146 150 152
10 117 131 132 137 138 139 140 141 143 147
9 133 134 136 139 140 143 144 145 148
17 115 116 118 120 122 126 128 130 131 133 135 143 144 145 147 149 152
4 116 118 129 152
12 117 118 119 120 123 124 125 129 136 141 145 149
8 133 136 139 140 143 144 145 148
17 115 116 120 121 124 125 127 129 136 138 139 141 144 147 150 151 152
15 115 116 117 122 124 125 126 132 134 136 139 140 144 149 150
6 117 123 125 139 141 146
5 132 135 142 146 149
6 117 125 127 138 141 142
9 119 123 125 126 133 138 139 144 146
4 117 139 141 146
12 122 123 125 130 136 140 145 146 147 149 150 151
4 123 134 140 148
7 118 119 135 137 140 148 151
5 127 139 146 150 152
8 116 118 124 126 127 130 142 145
9 124 126 133 140 143 144 145 150 151
6 115 122 134 136 145 149
7 118 120 123 131 144 145 146
4 120 139 148 152
4 131 133 134 140
8 118 120 128 132 136 140 145 149
5 117 120 127 144 147
8 115 119 125 128 135 138 145 147
13 117 119 122 123 127 130 133 134 141 143 147 148 149
4 139 142 147 149
8 117 121 124 130 134 138 144 146
20 115 117 119 121 122 125 126 128 129 131 132 136 138 142 144 145 147 149 150 151
1 129
13 118 119 121 124 126 128 130 132 133 134 135 136 147
12 117 121 122 124 129 133 138 143 146 147 149 152
5 115 143 148 150 151
11 115 116 118 126 128 130 133 135 143 144 152
3 118 124 132
6 116 129 134 137 146 151
5 117 123 128 134 149
6 117 121 130 131 140 143
4 122 135 146 149
6 133 134 139 140 142 146
7 117 131 132 137 140 143 147
8 117 120 121 131 137 139 142 144
3 116 139 143
5 115 119 127 135 146
5 117 123 124 129 141
12 116 117 121 122 124 127 129 134 141 143 147 151
11 118 124 126 127 134 135 138 142 146 147 150
13 116 118 120 129 133 137 139 141 142 143 144 150 151
4 115 124 132 135
10 115 122 125 126 128 136 140 147 149 152
6 120 128 131 140 148 149
9 118 119 127 128 129 136 144 147 149
9 118 119 120 124 125 129 136 145 149
12 119 123 124 125 137 139 143 144 145 147 149 152
1 127
10 118 119 127 128 129 133 136 137 144 151
12 116 118 119 121 125 128 131 138 147 148 150 151
5 119 129 133 137 146
6 116 117 122 125 139 141
5 118 119 135 137 151
8 117 131 132 138 139 140 143 147
8 116 117 118 123 128 130 135 146
10 119 120 122 123 134 135 137 141 146 149
9 124 125 126 133 140 144 148 150 151
17 116 117 118 119 122 125 126 128 129 131 136 142 145 148 149 150 151
11 115 119 121 125 126 128 135 136 138 140 149
6 127 133 143 144 150 152
7 115 129 133 134 136 145 149
15 118 121 123 128 130 131 133 135 138 141 143 145 147 148 151
6 123 131 134 137 145 148
10 115 119 126 128 132 135 136 148 151 152
4 117 134 141 147
16 123 128 130 133 135 137 138 141 142 143 145 146 147 148 151 152
7 126 133 135 138 139 146 152
7 119 129 133 137 138 146 147
8 117 122 127 137 140 144 147 150
11 115 119 121 125 126 128 132 135 147 149 152
6 119 122 128 130 137 149
7 116 118 119 124 144 150 152
3 143 147 150
13 115 116 117 122 125 127 129 132 134 136 139 144 150
7 122 126 132 135 142 143 146
2 137 142
4 120 129 141 146
9 119 123 125 126 133 135 138 139 144
9 120 127 128 131 133 140 143 144 147
6 121 123 124 129 137 141
11 115 122 125 128 132 134 136 137 145 146 148
3 124 126 132
6 116 117 123 125 139 146
9 116 117 130 134 141 142 143 150 151
7 121 128 131 140 143 144 152
5 118 119 125 135 151
12 115 116 117 121 125 131 132 133 139 140 141 145
6 115 119 123 135 144 152
11 119 125 127 132 136 140 142 146 148 150 151
7 119 127 133 138 145 146 151
8 120 122 124 126 131 132 138 147
5 115 122 129 135 136
5 115 122 133 134 135
2 138 145
4 121 123 137 141
10 119 125 132 136 139 140 146 148 150 151
7 119 129 133 135 136 137 147
8 118 128 132 136 140 145 148 149
3 116 125 141
8 115 126 128 132 135 137 148 152
7 118 119 128 135 137 140 148
7 119 129 136 137 138 146 147
8 129 130 131 136 140 141 142 143
6 119 125 128 135 148 151
5 125 136 139 142 152
5 119 133 135 138 147
5 124 126 139 140 152
7 117 118 123 131 135 145 148
8 117 118 119 123 125 130 141 146
6 120 131 137 139 142 144
10 117 121 122 124 125 132 141 145 147 151
6 117 125 140 141 144 149
9 115 117 119 126 132 138 145 147 149
7 115 123 127 136 141 142 150
14 117 121 122 124 129 131 133 134 138 143 144 145 146 152
8 115 118 123 126 130 131 137 144
1 129
4 115 148 150 152
3 118 124 150
6 116 134 137 141 146 151
8 115 118 126 131 136 137 143 144
6 118 119 127 133 137 151
15 115 117 119 121 125 126 128 132 136 138 140 145 147 149 152
9 117 118 119 120 123 125 129 145 149
6 123 134 141 142 147 149
3 124 126 150
12 115 121 122 125 134 136 137 139 145 146 147 148
6 126 127 128 134 139 140
10 118 122 123 134 137 139 144 147 149 150
7 125 126 132 138 139 140 142
5 115 119 138 145 151
16 115 116 117 118 120 121 124 125 130 136 139 141 147 150 151 152
4 118 124 132 150
12 121 122 125 129 133 134 137 139 145 147 148 149
10 117 121 129 130 131 140 141 142 143 152
9 117 118 119 120 124 125 129 141 145
5 117 121 129 137 141
17 115 116 121 122 123 124 126 130 132 134 135 138 139 141 142 145 150
4 133 140 145 148
8 118 124 126 127 130 131 132 142
13 118 123 131 133 135 138 141 142 145 146 147 151 152
17 115 116 117 119 121 122 125 126 129 131 132 136 138 142 144 149 150
5 119 122 128 130 137
2 143 150
7 120 126 127 132 136 139 142
8 116 118 124 128 144 148 151 152
12 115 118 120 122 130 131 133 135 144 147 149 152
13 115 121 122 124 125 135 138 139 140 143 145 146 148
12 115 116 119 120 121 122 132 136 137 138 146 152
9 131 133 135 137 142 144 146 147 150
6 129 134 137 141 146 151
4 134 141 146 151
10 120 121 129 130 131 136 140 142 143 152
7 119 123 131 134 137 140 145
10 115 117 119 121 128 132 135 140 147 152
7 115 119 128 133 135 138 151
8 118 122 128 131 135 143 144 145
10 119 127 134 136 138 139 140 146 148 151
8 115 122 126 129 134 135 136 149
6 126 132 136 138 139 140
4 117 127 133 141
15 116 117 120 121 123 125 132 133 139 140 141 144 145 148 151
3 128 137 143
2 118 152
8 121 123 124 127 128 130 131 142
14 119 122 123 125 128 130 134 136 140 145 146 148 149 151
5 128 132 135 142 146
3 115 127 145
9 116 118 119 123 128 144 148 151 152
6 115 125 133 135 144 152
14 115 118 120 121 127 128 129 131 134 135 136 138 140 141
4 126 128 132 150
4 123 131 134 140
6 120 124 129 141 145 149
11 118 124 127 135 136 138 142 146 147 150 152
9 121 122 125 129 133 136 137 145 148
9 123 124 130 134 135 137 143 146 152
6 133 134 136 143 145 148
6 118 119 125 128 130 149
11 116 117 119 120 124 125 129 136 140 149 150
16 118 120 124 127 129 131 134 137 139 141 142 143 144 146 148 150
6 118 119 123 144 148 151
9 122 125 132 134 136 137 139 147 149
8 124 125 126 140 144 148 150 151
11 123 124 130 134 135 137 139 140 141 143 146
1 127
5 118 125 128 148 151
8 118 120 128 132 136 145 148 149
16 117 118 120 123 124 126 127 130 131 135 140 141 142 143 144 150
9 118 121 123 126 127 128 132 142 145
10 115 117 120 129 132 133 139 141 145 148
9 116 118 121 124 126 127 130 131 142
10 116 117 118 121 125 136 144 147 150 152
7 117 137 139 140 141 143 147
8 118 124 129 130 134 145 146 149
7 120 129 130 131 134 144 145
6 121 122 130 133 144 147
7 132 134 139 140 142 148 151
7 133 134 136 139 144 145 148
2 143 150
6 123 124 144 148 151 152
5 118 119 128 137 148
5 116 120 129 134 137
4 118 126 128 150
7 129 133 135 136 137 138 147
13 117 121 122 125 126 132 136 138 140 145 147 149 152
9 118 126 135 136 138 146 147 150 152
6 123 126 133 139 146 152
8 116 117 118 123 125 130 135 146
5 117 118 123 143 149
19 115 119 121 124 125 126 130 131 132 133 135 136 138 141 142 146 148 149 151
7 115 119 127 128 132 146 151
3 127 138 145
8 116 118 121 124 127 131 142 145
4 119 128 130 137
8 115 122 124 126 129 131 138 150
12 117 118 121 124 126 128 133 134 135 136 149 150
8 117 120 122 127 134 137 144 150
4 120 121 125 130
3 143 147 150
14 117 119 123 124 125 132 139 144 145 146 147 149 151 152
8 117 120 122 127 134 144 147 150
8 125 136 138 139 140 142 148 150
2 116 129
7 115 126 131 135 136 137 144
7 116 118 123 124 128 148 150
7 117 128 134 139 142 147 149
11 120 122 127 133 134 135 137 141 143 146 147
9 117 121 122 124 133 144 146 147 149
6 117 127 137 140 144 150
10 116 117 121 122 127 129 130 137 141 151
12 116 121 122 127 130 134 137 141 142 143 147 150
9 115 120 124 126 129 131 132 147 150
22 115 116 117 120 121 122 123 124 125 130 131 132 135 138 140 141 142 143 145 146 148 150
10 118 123 124 129 130 131 134 140 144 146
13 117 119 120 122 127 133 134 135 137 141 143 147 148
15 118 120 123 124 129 130 131 133 134 141 142 143 144 146 151
5 122 129 134 136 145
11 118 120 121 127 128 131 140 143 147 150 152
5 118 128 140 148 151
2 127 145
9 119 124 129 130 132 134 138 148 151
13 115 116 118 120 121 125 129 136 138 139 141 144 150
24 115 116 118 119 121 123 125 126 128 129 130 131 132 133 135 136 138 139 141 142 143 145 146 148
10 116 120 122 128 130 131 133 147 149 152
22 115 116 120 121 122 123 124 125 126 130 131 132 134 138 139 140 141 142 143 145 146 152
7 118 124 126 134 136 146 152
4 116 125 139 141
5 115 122 127 133 150
8 116 117 118 119 128 130 146 152
8 115 127 132 133 138 145 146 151
5 117 125 127 133 141
11 115 121 125 129 131 136 140 142 145 151 152
11 116 117 119 123 125 128 130 135 141 146 152
6 117 134 140 141 144 149
6 119 125 128 137 140 148
6 119 123 131 143 145 149
4 120 122 143 150
2 138 145
25 115 116 117 120 121 122 123 124 127 130 132 133 135 137 138 139 140 141 144 146 147 148 149 151 152
22 119 120 121 122 123 124 128 129 130 131 132 134 136 137 141 142 145 147 148 149 150 152
21 115 117 119 120 124 125 126 127 131 134 136 138 139 140 142 143 145 147 148 149 151
17 116 119 120 121 124 128 131 132 133 140 143 145 146 147 148 149 151
20 116 117 118 119 122 123 124 125 126 128 131 132 135 138 142 144 147 148 150 152
12 115 117 121 122 131 133 135 138 140 142 149 152
15 119 120 121 126 127 128 131 133 137 142 143 144 147 149 152
21 115 117 118 120 127 128 129 131 132 135 136 137 141 142 145 146 147 149 150 151 152
25 115 116 118 119 120 123 124 126 127 128 129 131 132 134 135 140 141 142 145 146 148 149 150 151 152
17 116 117 118 119 123 128 133 134 136 140 141 142 146 147 149 151 152
22 115 119 121 122 123 124 126 128 131 132 133 134 135 137 138 140 141 142 146 149 150 151
26 115 117 118 120 121 123 124 125 127 130 131 132 133 135 136 137 139 142 143 144 146 147 148 149 150 151
25 117 119 121 122 125 127 128 130 131 132 133 134 135 136 137 139 140 142 143 144 146 147 148 150 152
26 115 116 117 118 120 123 124 126 127 128 129 130 131 132 133 137 138 141 143 144 145 147 148 150 151 152
19 116 117 119 121 122 125 126 128 129 138 140 141 142 143 144 145 146 147 151
11 115 117 118 119 126 130 131 134 142 145 150
23 115 116 118 119 123 124 127 128 130 131 132 133 134 135 137 138 139 143 144 146 147 151 152
17 120 121 123 124 125 127 132 136 138 140 142 144 145 146 149 151 152
16 115 118 119 123 124 125 127 130 131 133 141 142 145 147 150 152
12 115 117 119 121 125 132 137 138 139 148 150 152
16 115 117 119 121 122 126 134 135 137 138 139 140 144 145 146 147
20 115 116 118 119 122 125 127 128 129 130 133 134 135 136 140 143 145 146 149 151
26 115 116 117 119 120 121 122 123 124 126 130 132 133 135 137 138 140 141 142 143 145 146 149 150 151 152
18 116 118 121 122 124 126 130 131 132 133 138 139 140 143 144 146 149 152
14 115 120 125 127 130 132 134 135 139 142 144 146 147 150
19 117 119 121 122 123 124 129 133 134 136 138 141 143 144 146 148 149 151 152
19 118 120 123 125 127 129 131 132 134 136 138 143 144 145 148 149 150 151 152
21 115 116 117 119 120 122 123 124 127 128 129 134 139 140 142 144 146 147 149 150 152
19 117 120 121 122 123 127 128 131 132 136 138 139 140 142 143 145 146 147 148
20 115 116 118 119 122 124 126 129 133 136 137 138 139 142 144 146 147 149 151 152
18 115 116 122 123 125 127 129 130 131 132 138 139 140 142 143 149 150 152
25 115 118 119 120 122 123 124 125 126 127 129 131 134 136 137 138 139 140 143 145 146 147 149 151 152
18 117 119 122 125 127 128 129 130 132 134 137 139 140 142 143 145 149 152
14 117 120 127 128 135 140 143 144 147 148 149 150 151 152
25 115 118 122 123 124 126 127 128 129 130 131 132 133 134 135 137 141 143 144 145 146 148 149 150 152
16 115 116 117 121 124 125 126 128 130 132 133 135 136 138 147 152
20 116 117 118 120 121 125 127 129 131 132 134 135 137 140 143 144 145 147 150 151
24 115 116 117 118 119 121 122 125 127 129 130 131 132 133 138 139 140 142 143 147 148 149 150 152
15 117 122 123 124 125 131 132 133 140 147 148 149 150 151 152
17 116 117 119 120 121 126 130 132 133 134 135 139 140 146 147 149 150
20 117 118 120 121 122 124 125 126 127 128 130 132 133 134 135 137 144 148 151 152
25 115 116 117 118 119 120 121 123 125 129 130 131 134 136 137 139 140 143 144 145 147 148 149 150 151
16 117 118 120 122 123 124 126 127 130 133 137 142 143 146 148 149
14 117 118 119 120 121 123 124 125 129 132 133 144 147 148
18 117 119 121 123 124 126 127 129 131 132 133 135 138 142 143 144 147 148
16 115 116 120 125 128 131 132 136 137 139 140 144 145 148 149 151
17 115 117 118 121 123 125 126 136 137 138 139 141 143 144 146 150 151
20 118 119 120 121 122 123 124 125 126 128 129 131 134 135 140 141 144 146 149 151
20 116 118 119 120 121 122 125 127 129 131 132 134 137 139 142 143 145 146 149 150
25 116 117 119 121 122 124 125 126 127 128 129 132 133 134 136 138 139 140 141 142 145 147 149 150 151
26 117 119 121 124 125 126 127 129 130 131 133 134 137 139 140 141 142 143 145 146 147 148 149 150 151 152
13 119 120 123 124 126 131 132 133 134 140 144 145 148
12 115 120 121 123 126 133 134 135 143 144 145 151
25 115 117 118 119 120 121 123 127 129 131 133 134 136 137 138 139 140 142 143 144 145 146 148 149 150
12 116 120 125 128 134 135 136 138 143 146 148 149
16 116 117 123 124 126 129 130 135 136 137 139 140 143 144 145 146
22 115 116 117 118 119 123 124 125 126 129 131 134 136 137 140 141 146 147 148 149 150 151
23 115 118 119 122 123 124 125 126 127 128 130 134 135 140 141 142 143 144 145 146 147 151 152
19 117 119 120 122 123 125 126 127 129 133 135 137 141 144 145 147 148 150 151
18 116 120 121 122 123 124 125 127 130 131 132 133 134 140 141 142 144 145
17 115 117 122 123 124 127 133 134 137 141 143 144 145 147 149 150 152
20 116 118 120 121 122 123 127 128 129 130 132 133 136 138 139 141 142 144 148 149
26 117 119 120 121 122 123 124 125 126 128 130 131 132 134 135 136 137 140 142 143 145 146 147 148 149 150
26 116 118 119 120 122 123 126 127 129 130 132 133 134 135 137 138 139 140 141 142 143 144 145 146 147 149
24 115 117 118 119 120 122 123 124 125 126 127 130 132 135 137 138 139 141 142 143 147 149 150 152
17 115 116 118 120 121 123 124 128 133 136 141 142 143 145 148 149 150
21 115 116 118 119 121 122 123 124 126 132 135 136 137 139 141 142 143 144 146 148 150
22 115 116 117 118 121 122 123 125 126 127 128 129 132 133 135 137 138 141 142 144 148 151
21 115 116 118 119 120 121 122 124 127 128 129 136 137 138 140 141 145 146 147 149 152
11 126 130 134 137 140 142 144 145 148 149 151
15 115 121 122 123 125 128 130 133 134 136 138 140 142 143 152
16 115 117 125 128 129 131 134 135 136 137 138 139 142 146 148 151
14 118 124 125 127 132 135 140 141 142 145 146 148 149 150
12 120 126 128 130 131 133 135 141 142 146 148 150
22 116 117 119 120 121 122 123 125 126 129 130 131 132 133 134 136 142 143 144 146 148 152
16 115 116 118 119 121 123 131 132 137 138 139 140 144 148 149 151
21 115 116 118 120 121 123 126 129 133 136 138 139 140 143 144 145 146 149 150 151 152
22 115 116 118 119 120 121 125 126 127 128 130 131 133 136 137 138 140 143 144 145 146 150
25 115 116 118 120 122 123 125 127 128 129 130 132 133 134 136 137 139 141 142 144 145 146 147 149 151
21 117 120 121 122 123 124 126 128 129 130 132 133 137 139 141 143 144 147 149 150 152
18 116 118 121 122 126 127 133 136 137 138 142 143 145 146 147 148 151 152
24 117 118 119 122 124 125 126 127 129 131 132 134 136 137 138 142 143 144 145 147 148 149 151 152
16 117 118 119 122 128 129 131 132 136 138 139 145 147 148 150 152
21 116 117 118 119 120 121 124 127 128 131 135 136 137 141 143 144 145 146 148 150 152
14 119 120 121 122 137 138 139 140 142 144 146 148 150 151
19 117 120 124 125 126 129 132 133 134 135 136 145 146 147 148 149 150 151 152
22 117 119 120 121 123 124 125 126 127 128 129 130 132 133 135 138 143 144 145 146 148 152
15 115 119 120 121 123 124 126 127 129 137 141 144 146 148 150
13 117 118 119 124 128 132 135 138 142 144 148 151 152
25 115 116 117 118 119 120 121 122 124 126 127 128 129 131 132 133 134 137 140 142 143 144 147 149 152
14 119 120 123 125 127 129 131 134 136 137 147 148 149 151
24 116 117 119 121 122 123 129 130 132 133 134 135 136 138 141 142 143 144 145 147 148 149 151 152
17 116 119 120 121 123 124 127 128 131 134 135 138 139 144 148 149 152
17 115 120 121 122 123 125 126 128 134 137 138 141 142 146 148 150 151
25 115 116 117 118 119 124 128 130 131 132 135 137 138 139 140 141 144 145 146 147 148 149 150 151 152
25 116 117 118 119 120 123 124 125 126 127 130 131 133 134 137 138 139 140 143 146 147 148 149 151 152
14 115 124 126 128 129 135 136 138 144 147 148 149 150 151
25 116 118 120 122 123 124 125 126 127 128 129 130 131 132 133 134 135 139 140 141 144 146 148 150 152
14 118 119 128 129 131 133 136 137 139 141 144 146 147 148
14 120 123 130 132 136 138 139 142 143 144 145 147 151 152
16 115 116 123 125 126 127 128 129 130 132 134 139 144 148 150 151
13 115 120 121 123 125 130 131 133 141 146 147 151 152
12 120 127 129 133 136 138 139 141 142 144 146 148
21 115 116 118 119 120 121 123 124 125 126 127 128 129 130 132 134 135 139 143 150 152
22 115 116 117 118 121 123 124 125 126 127 128 129 130 131 134 136 138 142 143 145 151 152
16 118 120 121 122 123 126 127 130 131 133 136 137 139 145 149 152
16 116 117 123 125 128 130 132 134 137 138 141 142 145 148 149 150
16 115 117 121 122 126 127 130 132 134 135 139 142 143 146 148 152
16 116 117 120 121 122 123 124 126 128 130 133 139 141 144 145 152
23 116 119 120 121 122 125 126 127 128 129 130 131 135 136 137 140 142 143 145 146 147 150 152
18 116 120 124 125 126 128 129 133 134 135 137 138 144 145 146 147 148 150
24 119 121 122 123 124 127 128 129 131 133 138 139 140 142 143 144 145 146 147 148 149 150 151 152
14 116 118 119 122 130 132 139 140 143 144 146 147 148 151
24 116 117 118 121 122 123 124 125 127 129 131 132 133 135 136 138 141 142 143 146 149 150 151 152
16 115 119 120 121 123 127 128 129 132 136 138 141 146 148 149 152
24 116 118 119 120 121 123 124 126 127 129 132 134 136 138 139 140 141 144 145 146 147 148 150 151
17 116 118 121 126 129 131 132 136 137 138 140 141 142 144 145 147 148
20 115 116 117 121 122 124 125 128 129 130 132 134 138 139 140 142 147 148 150 152
12 115 120 124 125 129 134 136 137 139 141 146 150
25 116 118 120 126 128 129 130 131 132 133 134 135 138 139 140 141 142 143 144 145 146 148 149 150 152
21 116 117 119 121 123 124 125 127 128 130 134 135 136 139 141 143 144 147 148 149 152
24 115 116 122 123 124 125 126 127 128 130 131 132 134 135 138 139 140 145 146 148 149 150 151 152
15 115 117 120 125 127 128 131 134 135 138 141 142 144 146 147
24 115 116 117 120 123 124 125 126 128 130 132 133 134 137 140 141 142 143 144 146 147 148 150 151
21 116 118 119 120 121 123 125 126 127 129 131 133 134 136 137 139 142 146 147 149 152
14 117 119 120 132 135 138 139 140 142 143 144 145 149 151
17 115 116 117 119 122 123 126 132 133 137 142 143 144 147 149 150 151
21 116 117 118 123 124 127 130 132 135 136 140 141 142 143 144 146 148 149 150 151 152
20 116 119 120 121 124 126 132 134 135 137 139 141 143 144 145 146 148 149 150 152
23 117 118 119 122 124 126 130 132 133 135 137 139 140 141 142 143 145 146 147 148 149 151 152
23 115 116 118 120 122 124 125 127 128 129 130 131 133 135 136 138 139 141 143 144 147 148 152
21 115 116 121 122 123 124 127 128 130 134 135 137 138 139 140 142 144 146 147 151 152
24 115 116 117 118 120 123 125 126 128 129 130 134 135 136 138 139 140 144 145 148 149 150 151 152
18 116 117 118 119 123 124 126 127 128 132 133 136 137 139 143 146 147 148
25 115 118 119 121 123 124 126 127 128 129 131 132 134 135 137 138 141 144 145 147 148 149 150 151 152
15 115 117 118 122 123 128 129 133 134 135 139 140 142 143 145
13 116 119 124 126 129 130 136 137 141 142 144 146 148
14 118 120 123 126 127 128 130 132 136 140 141 142 144 147
11 122 124 125 126 127 129 132 134 138 145 148
22 115 119 120 121 123 124 125 127 129 132 134 137 138 140 142 144 145 147 148 149 150 152
17 121 125 126 130 135 136 138 139 140 144 145 146 147 148 149 150 151
26 115 116 117 119 120 122 123 126 128 129 130 131 132 134 135 137 139 140 141 144 145 146 147 149 150 152
19 115 118 122 123 124 127 129 130 131 133 135 137 139 141 143 144 146 148 151
18 115 116 117 119 120 121 122 123 124 125 132 136 138 140 142 143 144 150
17 116 122 127 128 129 131 132 134 135 137 139 140 142 144 146 148 150
15 116 122 127 129 130 138 140 141 143 144 146 148 150 151 152
24 116 117 119 121 122 123 126 127 129 130 131 132 133 134 135 138 141 144 146 147 149 150 151 152
16 115 120 122 123 125 128 129 130 132 135 139 140 142 144 145 149
19 115 118 120 121 124 127 128 132 133 134 135 136 138 139 146 148 149 150 151
24 115 116 117 120 121 123 125 127 128 130 131 132 134 136 138 140 141 142 145 146 148 149 150 152
17 118 120 122 124 127 128 129 131 133 134 135 136 138 139 145 148 149
12 116 125 126 127 130 136 139 143 146 147 149 152
16 119 121 124 126 127 130 132 133 137 138 140 141 142 145 149 150
11 117 121 124 127 128 129 137 143 144 146 148
13 118 124 127 128 135 138 139 140 141 142 143 145 151
22 116 119 120 122 123 124 126 127 130 132 133 134 136 139 140 143 146 147 148 149 151 152
14 116 117 119 120 124 125 127 128 129 130 131 132 145 151
19 115 116 118 120 121 129 130 132 133 135 136 138 140 142 143 145 147 149 150
16 115 116 118 120 122 126 128 131 132 138 140 142 146 147 149 150
18 118 119 121 122 124 126 127 128 132 135 140 141 142 144 146 148 150 151
18 115 117 124 125 127 128 130 132 133 135 136 138 140 145 147 149 150 152
25 117 118 119 121 122 123 127 128 130 132 133 134 135 136 137 138 140 141 142 144 146 147 149 150 152
24 115 116 117 118 119 120 121 123 124 125 128 129 130 131 132 135 137 138 139 140 141 146 147 150
19 115 116 117 121 122 123 124 128 129 130 131 133 136 137 144 148 150 151 152
12 115 123 124 127 129 132 134 138 139 142 145 149
12 115 123 124 126 127 130 131 136 144 147 151 152
20 115 118 119 120 121 128 130 131 132 133 134 135 137 141 143 144 148 149 150 151
12 116 118 121 122 125 128 130 132 134 136 144 152
21 115 119 120 121 122 123 124 125 127 129 131 132 133 135 137 139 145 146 147 151 152
12 117 119 120 121 123 124 130 135 147 148 149 152
16 116 118 120 121 122 123 125 129 130 131 133 136 143 146 148 151
18 115 119 120 123 124 129 131 133 135 136 140 142 143 144 145 146 147 151
21 115 116 117 119 120 122 124 127 128 129 130 131 134 135 136 137 140 141 142 145 148
24 115 116 117 118 119 121 122 123 124 125 127 128 129 132 133 134 136 137 141 145 146 147 151 152
13 119 122 129 133 134 135 136 138 140 141 145 146 149
24 116 117 120 123 125 126 128 129 130 131 133 134 135 136 140 141 145 146 147 148 149 150 151 152
16 115 116 122 124 125 128 130 133 134 137 139 144 147 149 150 151
16 115 120 122 124 125 126 128 131 134 135 136 140 142 146 149 150
15 116 117 123 124 131 132 133 134 140 141 143 144 145 146 147
22 116 117 119 121 122 123 124 127 128 129 130 131 132 135 136 137 138 140 143 145 147 149
13 116 121 125 129 130 131 134 135 136 137 144 146 152
26 115 116 117 118 119 122 124 125 126 127 129 130 131 132 134 138 139 140 141 142 144 146 148 150 151 152
12 115 120 124 130 136 137 139 142 145 147 151 152
15 122 123 124 125 126 127 128 129 132 135 139 141 142 143 152
19 115 116 118 119 122 123 124 128 129 131 133 135 137 143 144 146 148 150 151
15 117 119 124 128 129 134 135 136 139 140 141 144 146 148 151
13 116 118 122 124 127 129 131 132 133 137 139 140 141
18 115 116 118 119 122 125 132 133 135 136 137 138 139 140 142 144 146 149
26 115 118 119 122 123 125 126 127 128 129 130 131 132 133 134 135 136 137 138 139 141 142 143 144 149 152
19 117 119 123 126 127 128 130 131 134 135 137 139 140 141 143 146 148 150 152
12 115 120 121 124 128 130 133 138 140 145 150 152
22 117 119 120 121 122 123 124 125 126 128 131 132 135 137 139 140 143 144 147 149 151 152
20 117 119 120 123 124 127 128 131 132 138 139 140 141 142 143 144 145 146 147 150
23 115 116 118 122 124 125 126 127 129 130 131 132 135 139 140 141 142 146 147 148 150 151 152
24 117 118 119 123 124 126 127 129 130 132 133 134 135 138 139 140 141 143 144 145 146 149 151 152
15 118 122 123 124 126 127 128 131 133 134 143 146 147 149 152
23 115 116 117 119 120 125 126 127 131 132 134 135 137 140 142 143 144 145 146 147 148 150 152
23 115 116 118 119 120 121 125 127 128 129 130 131 132 134 135 136 139 140 141 143 145 149 150
23 115 116 117 119 121 122 124 127 128 130 131 132 133 137 140 141 143 144 147 148 149 151 152
13 116 122 124 127 129 134 135 137 139 141 147 148 150
23 115 117 118 121 123 124 127 128 129 131 132 135 136 137 138 139 141 143 145 146 147 150 151
16 116 117 123 124 129 132 133 134 135 136 139 142 144 146 149 150
18 116 118 123 124 125 130 135 136 138 139 141 142 143 144 145 146 149 151
14 115 119 122 123 126 127 129 133 134 135 138 143 148 152
19 117 120 121 122 125 126 130 132 133 134 135 136 137 139 143 144 148 149 151
21 115 117 119 122 123 124 125 126 127 128 129 130 139 140 141 142 145 146 147 148 151
18 116 117 118 123 124 125 127 128 129 130 134 135 138 139 142 146 148 150
18 116 118 122 125 126 129 131 133 135 137 138 139 141 145 146 147 148 152
18 117 118 119 120 124 125 126 127 128 130 135 139 140 146 147 148 151 152
25 115 117 119 121 122 124 126 128 129 130 132 133 134 136 137 138 140 143 145 146 147 149 150 151 152
14 121 124 125 133 134 135 138 140 141 142 145 146 147 150
19 115 116 117 123 124 126 127 128 129 131 132 135 136 137 142 143 145 147 150
24 116 117 118 119 120 121 122 124 125 126 127 129 132 134 136 138 142 143 144 146 147 148 150 152
22 115 116 117 118 119 121 122 123 127 129 130 134 136 138 141 142 146 148 149 150 151 152
17 116 117 118 119 122 124 125 127 128 130 132 136 137 144 145 148 151
19 115 117 118 120 122 123 124 126 127 128 130 133 134 136 137 143 145 148 152
12 115 118 120 121 122 123 133 135 138 142 149 152
18 117 119 123 125 126 127 129 130 132 133 134 137 140 144 146 149 150 152
17 117 118 120 123 125 126 127 130 135 138 139 140 144 145 149 150 151
25 118 119 120 121 122 123 124 126 128 130 131 132 133 134 135 137 139 141 142 143 144 145 146 150 152
16 115 116 119 122 124 125 126 133 135 137 138 140 145 149 150 152
19 116 117 120 121 124 127 129 132 133 137 138 139 140 142 143 145 146 148 149
12 117 119 121 124 127 132 138 140 144 145 148 152
13 118 119 122 124 126 127 128 135 141 142 143 149 152
16 118 119 128 129 132 133 134 138 140 141 143 144 145 149 150 151
17 115 120 124 125 130 131 132 134 135 137 139 140 142 144 145 146 150
16 115 116 119 120 124 128 130 133 134 135 136 138 140 141 144 150
25 115 116 118 120 121 122 123 124 127 128 129 130 134 135 136 138 141 142 143 144 145 146 147 149 152
23 116 119 120 124 128 129 130 131 133 134 135 136 138 140 141 142 144 145 146 148 149 150 152
13 117 121 122 124 125 127 135 136 137 139 141 144 150
15 115 117 119 122 124 126 129 132 135 140 142 145 148 149 151
22 115 116 117 119 121 123 125 126 127 128 129 131 134 135 136 137 138 139 140 144 145 151
23 118 121 122 123 127 128 130 131 134 135 136 139 140 141 143 144 145 146 147 148 150 151 152
16 120 121 125 127 128 131 140 141 143 144 145 146 149 150 151 152
13 115 116 117 118 128 131 135 136 139 140 144 147 148
20 116 117 121 127 128 130 131 132 133 136 137 138 140 141 144 147 148 150 151 152
25 115 116 117 120 121 123 124 126 127 129 130 132 134 135 137 138 139 141 143 144 147 148 149 150 152
15 116 122 123 126 128 129 131 133 137 143 146 147 149 150 151
22 119 121 124 125 126 127 129 131 132 134 135 136 137 140 142 144 145 147 148 149 150 151
24 115 118 121 122 123 124 125 126 127 128 129 130 131 133 134 135 136 139 146 147 148 149 151 152
25 116 118 119 120 121 122 123 124 127 128 129 130 132 134 135 137 138 139 140 141 142 144 145 148 151
16 116 121 123 124 131 133 134 135 136 140 141 142 143 144 148 150
17 115 117 118 120 122 123 127 129 132 137 140 141 142 144 147 149 150
11 115 116 119 125 131 138 140 143 145 147 149
14 118 119 122 125 126 128 129 133 135 136 142 148 150 152
16 115 117 118 119 122 123 126 127 136 139 140 142 143 147 149 152
12 115 120 121 124 131 133 134 135 137 139 147 148
22 115 117 119 123 125 126 129 130 134 137 138 139 142 143 144 145 146 147 149 150 151 152
17 115 116 117 120 121 122 123 126 127 129 132 138 140 142 144 146 149
17 115 117 118 119 120 124 125 129 131 134 135 136 139 140 142 143 150
25 116 117 118 119 120 123 124 125 126 128 129 130 133 135 136 138 140 141 144 145 146 147 148 149 151
12 116 118 120 121 123 125 128 132 135 137 142 148
26 118 120 122 123 124 125 126 127 128 129 130 131 132 136 137 138 139 140 142 144 145 146 148 149 150 152
17 116 118 119 120 121 125 127 130 134 135 136 140 144 147 148 149 150
18 116 117 121 122 125 126 133 134 135 136 137 138 140 142 144 146 147 148
21 115 117 119 120 125 126 127 129 130 136 137 139 140 141 142 143 145 146 148 149 152
23 116 117 118 120 121 124 125 128 130 131 132 133 135 136 139 140 141 142 144 146 149 151 152
18 115 116 119 120 121 122 123 126 128 131 133 134 135 137 140 148 150 152
14 115 118 120 123 128 130 133 138 140 141 144 147 148 151
25 115 117 120 122 123 124 125 126 127 128 132 133 134 135 136 137 138 139 143 145 146 147 148 149 151
20 115 116 117 119 120 121 123 126 127 129 130 132 133 135 137 138 141 148 149 150
25 115 117 118 119 120 121 125 127 129 131 133 134 136 137 138 139 140 144 145 146 147 148 150 151 152
10 159 166 167 169 182 184 188 192 195 197
18 153 154 159 162 165 169 170 171 173 175 176 178 182 184 190 193 195 203
8 154 155 164 169 170 179 184 187
15 154 157 161 163 166 170 172 173 174 180 181 187 191 198 202
35 153 154 156 157 159 161 162 163 164 165 166 167 170 172 173 174 175 179 180 181 182 184 186 187 188 189 191 194 195 198 199 200 201 202 204
10 156 158 159 163 169 177 187 190 193 198
24 154 155 157 158 159 160 162 164 165 167 170 173 174 177 179 185 187 189 191 193 194 195 201 203
31 153 154 155 156 157 158 161 162 165 166 167 168 169 171 173 175 176 178 179 182 183 185 186 187 188 190 191 192 197 199 203
16 153 154 158 163 164 166 171 172 177 181 187 188 192 194 201 203
13 155 160 161 164 166 168 179 182 183 192 196 199 204
26 154 156 158 160 161 167 168 169 170 172 173 175 176 178 181 182 183 184 190 191 194 196 197 198 199 204
31 154 155 156 159 161 162 164 167 168 170 171 174 175 182 183 184 185 186 187 192 194 195 196 197 198 199 200 201 202 203 204
10 153 155 158 159 175 178 181 189 193 202
37 153 154 155 156 158 160 161 162 163 164 165 168 169 170 171 173 175 176 177 180 181 182 183 185 186 187 188 191 192 193 194 195 198 200 202 203 204
11 157 159 166 171 172 182 186 195 196 201 204
10 169 174 178 183 184 189 192 199 200 203
28 153 156 161 163 166 168 169 171 172 175 176 178 180 181 182 183 184 186 188 190 192 196 197 198 199 200 202 204
17 156 157 159 163 165 173 175 181 182 186 188 190 193 196 201 202 204
12 154 156 161 162 170 175 187 190 192 195 197 204
16 153 154 162 165 170 172 173 175 180 181 184 189 191 195 197 202
15 155 157 162 165 167 169 170 173 175 176 178 190 191 199 200
10 156 160 164 168 172 176 182 187 194 203
14 155 158 159 161 167 171 175 185 189 192 193 195 198 202
5 154 165 183 200 202
22 153 154 159 162 165 166 168 170 171 172 174 175 177 179 180 185 191 192 195 197 199 202
41 153 154 155 156 158 160 161 162 163 164 165 167 168 169 170 173 174 175 176 177 178 179 180 181 183 184 185 187 188 189 190 191 192 193 194 197 198 199 200 202 203
22 158 160 162 166 167 171 172 174 176 177 178 180 183 185 191 192 194 197 198 199 200 203
24 153 154 155 156 158 159 160 163 164 166 168 170 174 176 179 183 184 190 196 197 198 200 202 204
21 153 157 158 160 163 165 166 169 172 173 176 177 178 179 180 181 188 189 190 191 193
37 153 155 156 158 159 160 162 164 165 167 168 169 171 175 176 177 178 179 182 183 184 185 186 188 189 190 192 193 194 195 196 197 199 200 201 203 204
12 153 155 156 161 165 167 185 186 189 194 196 198
15 155 156 158 162 164 171 172 173 175 178 181 189 191 193 201
10 160 163 164 184 189 194 196 198 200 201
31 155 157 159 160 162 163 164 166 169 171 172 173 175 176 177 178 179 181 182 183 185 187 188 189 190 191 192 194 198 203 204
23 155 156 157 158 159 161 165 166 171 173 175 176 179 180 185 187 188 190 191 194 195 202 204
28 154 155 156 157 163 166 167 169 171 173 176 177 179 182 184 186 187 188 189 190 191 192 193 196 197 200 201 202
14 155 158 160 163 164 165 169 173 174 177 183 189 192 202
5 160 169 183 189 201
17 160 161 163 172 175 177 180 182 187 189 191 194 195 196 198 199 203
18 153 155 157 159 163 171 174 177 179 186 187 188 189 192 200 201 202 203
12 155 156 161 179 187 188 189 191 197 198 199 200
19 154 157 161 165 166 168 170 172 173 174 176 179 186 188 192 193 197 199 201
24 153 158 159 160 161 162 164 165 168 170 172 174 175 178 180 181 183 185 194 195 198 199 203 204
22 153 157 159 161 162 167 168 172 178 180 181 184 185 186 187 188 190 193 194 196 197 200
16 154 156 166 170 171 175 176 179 182 191 195 198 199 201 203 204
18 154 156 160 162 163 164 166 174 176 177 180 184 185 187 191 194 195 201
14 157 161 167 172 182 183 186 188 192 196 198 199 203 204
21 153 154 156 158 161 165 167 168 170 174 180 184 186 193 195 196 197 199 200 201 202
15 153 155 157 164 165 166 167 171 178 179 185 186 190 202 204
11 159 170 172 174 177 180 181 193 195 202 204
30 153 155 157 159 163 165 166 167 168 171 172 173 174 176 177 178 180 181 182 184 185 186 191 193 194 196 199 200 202 203
8 162 164 165 166 180 185 193 195
5 158 164 179 188 198
9 158 169 170 176 184 188 199 200 202
10 165 168 169 170 171 173 179 190 197 200
15 157 159 166 167 172 174 178 179 184 189 190 196 197 199 201
17 157 159 160 162 168 172 174 175 177 182 183 187 190 192 197 203 204
14 154 163 164 166 171 173 178 179 180 181 191 193 195 201
5 153 161 168 189 195
17 155 158 160 168 169 171 176 177 178 183 185 190 192 193 196 197 203
12 154 156 159 162 168 169 170 174 176 181 200 201
12 154 157 162 165 166 169 170 178 179 181 199 204
13 157 167 171 174 176 178 185 186 188 194 200 201 203
11 153 160 162 163 168 170 172 186 193 196 197
22 157 158 160 163 164 166 167 168 172 174 177 180 181 183 185 186 192 194 196 201 202 204
10 156 159 160 168 174 179 180 189 195 204
33 153 155 156 158 159 160 162 163 164 167 169 171 175 177 178 180 181 182 183 184 185 187 189 190 191 194 195 196 198 200 202 203 204
28 157 161 162 165 167 169 171 172 173 175 177 178 180 181 182 185 186 187 188 189 191 192 193 194 195 199 201 203
30 155 156 157 158 160 161 163 164 167 169 173 176 178 181 182 183 184 186 187 188 189 190 193 194 196 198 200 201 203 204
11 161 182 183 184 185 186 193 196 197 198 202
22 153 157 160 161 163 168 170 174 176 177 179 180 185 186 187 190 194 196 198 199 203 204
16 153 163 173 174 177 180 183 184 186 188 190 191 196 197 200 201
8 154 164 167 177 181 182 198 201
8 158 173 183 184 188 192 193 197
21 153 155 158 159 160 163 167 169 171 175 177 181 182 183 184 185 190 194 200 203 204
2 158 198
7 157 159 172 182 186 201 204
9 153 162 165 175 181 184 189 191 197
21 153 156 161 163 166 168 171 172 175 176 178 180 182 183 184 188 192 196 197 198 199
8 168 169 170 171 173 179 190 200
8 153 162 163 168 170 193 196 197
20 153 158 160 163 164 168 173 176 177 182 185 186 187 192 193 195 198 202 203 204
3 161 168 189
27 155 157 159 160 162 163 164 166 171 173 175 176 177 178 181 182 185 187 188 189 190 191 192 194 198 203 204
21 154 155 156 157 163 167 169 173 176 177 184 186 189 190 191 192 193 196 197 201 202
5 164 165 180 193 195
8 160 163 164 184 189 194 198 201
9 155 158 164 173 177 183 189 192 202
14 153 163 173 174 177 180 183 184 186 188 191 196 200 201
5 169 178 192 199 203
5 161 184 186 196 202
9 155 158 159 161 167 175 189 192 195
8 157 161 182 186 192 196 203 204
14 154 156 160 163 166 168 170 174 184 197 198 200 202 204
4 153 161 168 189
17 154 155 157 158 160 162 165 167 170 173 177 179 185 189 191 195 201
13 154 165 166 168 170 172 173 174 176 179 186 188 193
5 158 169 170 188 200
8 165 168 169 170 171 179 190 197
5 158 184 188 192 193
6 161 186 193 197 198 202
22 153 156 158 160 161 163 164 165 174 175 177 178 179 180 181 189 190 191 192 194 197 198
13 153 163 174 177 180 183 184 186 188 190 191 197 201
33 153 155 156 160 161 162 163 164 167 168 169 170 173 174 176 178 179 180 181 184 185 187 189 190 191 193 194 197 198 199 200 202 203
6 153 159 175 178 181 193
8 156 160 164 172 176 182 194 203
13 153 158 159 160 161 162 168 172 181 185 194 199 204
20 155 157 159 165 166 168 171 172 173 174 176 180 182 185 186 193 194 196 202 203
6 159 167 182 184 188 197
17 157 160 161 163 168 174 176 177 179 180 185 187 190 194 196 199 204
3 164 188 198
11 157 167 171 174 176 178 186 194 200 201 203
10 153 154 166 171 172 181 187 188 192 203
31 153 154 155 156 158 160 161 162 163 164 165 168 173 176 177 180 181 182 183 185 186 187 188 192 193 194 195 198 200 202 204
12 155 158 160 169 171 176 177 178 185 190 196 203
10 155 160 164 166 168 179 182 192 199 204
9 155 161 179 189 191 197 198 199 200
4 154 165 183 202
5 160 168 179 189 195
13 161 163 172 175 177 180 182 189 191 195 198 199 203
8 157 171 172 182 186 195 196 204
6 156 179 187 188 189 197
8 158 159 175 178 181 189 193 202
8 159 171 182 186 195 196 201 204
5 160 168 179 180 189
4 153 168 189 195
7 156 163 169 187 190 193 198
17 153 157 159 161 162 167 168 172 178 181 184 186 188 190 193 196 200
18 153 157 161 162 167 168 172 178 180 181 184 185 186 187 188 190 197 200
8 157 174 176 178 186 194 200 203
21 153 156 161 169 171 172 178 180 181 182 183 184 186 188 192 196 197 198 199 200 202
19 156 157 158 159 161 166 171 173 175 176 179 180 185 187 188 190 191 194 202
9 163 164 166 171 173 178 180 191 201
10 153 155 156 161 165 185 186 189 194 196
3 160 169 201
8 165 170 171 173 179 190 197 200
9 157 171 174 176 178 185 186 188 200
16 157 161 165 166 168 170 172 173 176 186 188 192 193 197 199 201
2 164 188
13 158 160 168 169 171 177 178 185 190 192 196 197 203
24 155 156 159 161 162 164 167 168 170 171 174 182 183 184 185 186 192 194 195 196 197 198 200 201
19 158 160 162 167 171 174 176 177 178 180 183 185 191 192 194 197 198 200 203
16 153 159 160 161 164 165 170 172 174 175 178 180 181 183 199 204
13 160 161 163 172 175 177 180 182 187 189 194 195 196
8 158 169 170 184 188 199 200 202
25 155 157 160 162 163 164 166 172 173 175 177 178 181 182 183 185 187 189 190 191 192 194 198 203 204
10 157 159 167 178 179 184 196 197 199 201
5 158 159 177 187 198
18 154 162 164 165 166 167 172 173 174 180 184 186 189 194 199 201 202 204
10 153 162 170 172 173 175 180 189 191 202
11 153 155 159 171 179 186 187 189 192 201 202
7 160 164 168 176 182 194 203
20 154 155 158 160 162 164 165 167 170 173 174 177 179 185 187 193 194 195 201 203
14 153 155 157 159 163 171 177 179 186 187 192 200 201 203
5 176 184 188 199 200
9 154 157 161 170 172 180 187 198 202
8 156 158 159 163 177 190 193 198
11 157 158 160 163 172 179 180 181 188 190 193
14 153 163 177 180 183 184 186 188 190 191 196 197 200 201
5 159 167 182 195 197
8 165 168 169 170 171 179 197 200
12 153 155 157 164 165 166 178 179 185 186 202 204
14 155 156 159 161 165 166 173 175 176 179 185 194 195 202
25 154 155 156 158 160 161 162 163 168 169 170 175 176 177 181 182 183 185 186 188 193 194 195 200 204
16 162 169 172 173 175 177 180 181 182 186 187 191 192 195 201 203
13 160 161 163 172 177 180 182 189 191 194 195 196 203
10 158 160 164 169 173 174 183 189 192 202
9 153 154 158 163 164 171 177 187 188
18 155 156 157 158 159 161 166 173 175 176 185 187 188 190 194 195 202 204
7 160 163 184 189 196 200 201
21 155 157 163 165 173 174 176 177 178 181 182 184 185 186 191 193 196 199 200 202 203
8 174 178 183 189 192 199 200 203
30 155 156 158 159 160 162 164 165 167 169 171 175 176 177 178 179 184 185 186 188 190 192 193 194 195 199 200 201 203 204
9 157 159 174 179 184 189 190 196 201
5 169 170 176 184 199
2 179 198
5 159 166 169 195 197
10 161 167 172 186 192 196 198 199 203 204
22 154 156 157 161 162 165 166 170 172 173 175 180 182 184 186 187 188 191 194 195 199 200
12 156 157 163 165 173 175 182 188 190 193 201 202
10 155 158 160 163 164 173 174 177 183 189
9 155 157 165 167 170 173 175 190 191
5 165 168 171 190 200
3 154 183 202
6 158 159 169 177 190 193
13 154 158 163 164 166 171 172 177 181 188 192 194 203
7 153 161 165 167 185 189 196
5 162 163 170 193 197
14 154 156 158 160 167 173 178 181 184 194 196 197 198 204
2 164 179
9 159 166 171 172 182 195 196 201 204
10 157 161 167 172 182 186 188 198 203 204
18 155 158 162 167 169 177 182 184 185 189 190 191 194 195 198 202 203 204
9 153 154 158 164 172 177 188 192 201
10 166 167 172 174 179 184 190 196 197 201
4 158 176 188 202
9 157 162 165 170 178 179 181 199 204
20 153 156 161 163 166 168 169 172 175 178 180 181 183 184 186 190 192 197 199 200
27 153 155 158 159 164 167 168 169 171 175 178 179 182 183 185 186 188 189 190 192 193 194 195 200 201 203 204
8 155 156 179 188 189 198 199 200
17 157 159 163 165 167 168 172 174 177 178 182 184 185 186 191 193 196
7 164 184 189 194 196 198 201
14 160 161 163 168 170 174 176 180 185 186 187 190 198 203
4 165 185 193 195
9 154 162 165 170 173 175 181 189 191
15 154 155 157 166 169 171 176 177 179 184 187 188 192 197 202
4 165 185 193 195
24 153 154 156 158 160 161 165 167 168 169 175 176 177 178 179 180 184 187 190 191 192 194 197 203
11 155 158 168 171 177 178 190 192 193 196 203
6 154 155 169 170 184 187
16 153 155 156 162 165 166 167 169 171 173 175 176 185 188 197 203
7 159 168 179 180 189 195 204
2 169 189
18 154 155 156 157 167 173 176 177 179 187 188 189 190 192 197 200 201 202
6 155 161 179 188 198 200
6 162 165 166 180 185 195
2 160 183
26 153 154 155 156 157 158 161 162 168 169 171 173 175 176 178 179 182 183 185 186 187 188 190 191 197 199
13 158 160 161 169 172 178 182 190 191 194 196 199 204
7 159 166 167 182 188 192 195
16 153 155 157 163 167 173 176 178 181 182 184 185 191 193 196 199
12 155 158 159 161 167 175 185 189 192 193 195 202
13 153 154 162 165 169 170 173 175 178 182 184 190 203
9 155 158 164 172 173 175 178 181 201
26 154 155 156 158 160 161 162 163 164 168 169 170 171 173 175 180 182 183 185 186 188 193 195 198 200 203
18 155 156 158 159 163 169 171 175 177 178 180 181 182 184 185 187 189 191
17 154 159 162 165 170 171 174 175 177 179 185 191 192 195 197 199 202
19 156 159 162 164 165 166 167 170 173 174 180 184 188 195 198 200 201 202 204
8 165 168 169 171 173 179 190 200
11 156 159 163 175 181 182 186 188 193 196 204
30 153 154 155 156 158 160 163 164 165 168 169 171 173 176 177 180 181 182 185 186 187 192 193 194 195 198 200 202 203 204
5 154 155 164 169 170
5 156 159 187 190 198
12 155 156 157 165 166 173 175 176 179 188 190 194
5 166 169 182 184 188
19 157 158 160 163 164 166 167 168 172 174 177 180 181 185 192 194 196 201 204
12 154 158 161 165 180 184 193 195 196 200 201 202
4 154 167 181 201
12 156 158 162 164 171 172 175 178 181 189 191 201
23 156 158 161 167 168 169 170 172 173 175 176 178 181 182 184 190 191 194 196 197 198 199 204
22 161 162 165 167 169 171 172 175 178 180 182 185 186 187 188 189 192 193 194 195 201 203
8 165 167 169 170 173 178 191 199
19 153 163 166 168 171 173 176 178 180 181 182 184 185 186 191 193 194 196 202
28 155 158 159 161 163 164 168 173 175 176 177 180 181 182 185 186 187 188 190 191 192 196 197 198 199 202 203 204
16 155 160 168 170 174 175 178 179 182 185 186 191 199 200 202 204
31 153 154 156 159 160 163 164 167 168 170 171 173 176 177 178 182 183 186 187 189 190 192 193 194 195 196 198 199 201 203 204
35 153 154 155 156 158 161 162 163 166 169 171 173 174 176 177 179 180 181 182 183 184 187 189 190 191 192 193 195 196 197 198 199 201 202 203
27 153 154 155 156 158 160 162 168 169 174 177 179 180 181 183 185 186 189 190 192 193 194 195 196 200 203 204
31 155 156 157 158 159 160 163 164 165 170 171 176 178 181 183 184 185 187 188 190 192 193 194 195 196 198 199 200 201 202 204
32 154 155 157 158 160 161 162 163 164 166 168 169 170 171 172 173 174 175 176 177 179 181 182 183 185 186 189 192 194 198 203 204
31 153 154 155 156 157 158 159 163 164 165 167 168 173 174 175 176 178 182 183 184 185 188 189 193 195 196 197 198 199 201 202
31 153 154 155 156 157 158 159 162 166 167 168 169 172 173 175 176 177 178 179 181 182 187 188 190 194 198 199 201 202 203 204
34 153 154 159 161 164 165 166 169 170 171 172 173 175 176 177 178 181 184 185 186 187 188 189 190 191 192 193 196 198 199 200 202 203 204
28 153 155 156 160 162 163 165 166 167 169 170 172 175 176 179 181 182 187 188 190 191 192 193 198 199 200 202 203
29 156 157 160 161 162 165 167 168 170 173 174 175 176 177 178 179 186 187 188 191 193 194 196 198 200 201 202 203 204
34 155 156 157 158 159 160 161 162 164 165 166 167 168 170 171 172 173 174 177 178 179 182 184 185 190 191 192 195 196 197 198 200 201 202
23 160 162 163 164 168 169 170 173 174 175 177 180 181 186 190 191 193 195 196 197 198 200 203
24 153 154 155 156 158 161 163 164 165 169 171 173 174 175 176 178 180 184 186 188 190 192 196 203
23 154 157 158 160 161 162 163 164 166 172 175 176 177 178 182 185 186 188 193 195 196 200 201
15 163 166 167 169 170 174 176 180 187 189 192 195 197 200 202
20 154 155 156 158 163 166 167 170 171 173 175 176 181 185 192 193 196 201 203 204
16 154 155 157 159 166 169 175 182 187 193 194 196 198 200 202 203
33 153 155 156 157 158 159 162 163 164 166 167 168 169 172 174 175 178 179 180 181 183 184 185 189 190 193 194 195 196 199 200 201 203
19 154 155 157 161 171 175 176 178 180 181 182 187 188 190 192 193 194 201 202
27 156 157 159 160 161 162 163 164 165 167 173 174 178 179 183 184 186 188 191 192 193 195 196 197 200 203 204
23 153 154 159 161 165 166 167 168 169 175 176 178 179 182 184 185 186 189 193 194 195 196 200
31 154 155 158 160 162 164 167 168 169 170 171 172 173 174 175 176 177 179 180 181 183 184 185 187 188 191 193 195 197 200 201
16 153 155 159 160 162 165 167 173 179 189 192 193 197 198 200 204
35 154 155 156 157 159 160 161 163 164 166 167 169 170 171 172 174 175 176 178 179 181 184 186 187 189 190 191 193 194 196 197 199 201 202 203
16 153 155 156 171 172 174 175 176 178 182 184 185 192 197 199 202
26 153 154 160 162 167 171 173 174 175 177 178 181 182 183 185 186 187 188 190 195 196 197 198 199 202 204
30 153 156 157 158 159 160 161 162 163 165 169 170 171 172 173 174 175 177 178 180 183 186 187 189 191 195 198 199 200 203
26 154 160 161 164 165 166 168 170 171 176 179 180 182 183 184 185 186 187 188 190 192 194 195 196 198 204
30 153 154 155 156 160 162 165 166 169 172 173 176 178 180 181 184 185 186 187 188 189 190 191 192 193 196 198 199 200 204
30 153 154 155 157 158 160 164 167 168 169 170 171 172 173 174 175 177 178 179 182 183 184 186 189 191 193 196 197 200 202
23 156 159 160 161 169 170 171 174 179 180 182 183 185 187 188 191 193 195 196 197 198 202 203
22 154 157 159 161 163 165 168 170 176 177 178 179 180 182 184 185 187 188 189 191 196 201
19 156 159 161 165 169 170 171 173 174 179 180 187 188 189 194 196 197 201 202
28 154 156 157 160 161 164 165 168 170 171 173 174 175 176 178 180 181 182 184 186 187 189 191 192 195 197 198 202
30 153 157 158 159 160 162 164 165 169 170 172 173 176 177 180 181 182 183 188 189 190 191 192 194 195 196 197 199 201 203
29 154 156 158 163 164 165 166 168 169 170 174 175 176 177 178 179 180 181 182 183 184 187 189 191 193 198 200 202 204
27 153 154 155 157 161 163 164 165 166 167 171 178 181 183 186 188 189 191 193 194 195 197 198 200 201 202 204
28 154 155 156 157 159 160 165 166 167 168 170 172 173 177 178 179 181 183 186 187 189 193 195 197 198 199 200 201
36 155 156 157 158 159 161 163 164 165 166 168 169 170 174 175 176 177 180 181 183 184 185 186 188 190 192 193 195 196 198 199 200 201 202 203 204
35 153 154 155 157 158 159 161 163 165 167 170 171 172 173 174 175 176 177 178 179 180 182 184 185 186 187 189 190 191 192 198 200 201 202 204
26 153 155 157 158 162 163 164 165 167 168 173 174 175 178 180 181 184 185 188 190 197 198 199 201 203 204
17 156 157 159 162 164 168 169 171 173 180 181 183 185 187 189 194 202
29 155 156 158 160 165 166 167 169 170 173 174 176 178 180 182 183 184 187 189 190 191 192 193 196 197 198 200 202 203
27 154 155 156 157 158 162 163 164 169 171 173 174 177 178 181 182 187 188 190 191 192 193 194 196 197 198 201
36 153 156 158 160 161 163 165 166 167 168 170 171 174 176 177 178 179 180 181 182 183 184 186 188 189 190 191 192 194 195 197 199 200 202 203 204
33 153 155 156 159 161 162 164 168 169 170 171 172 173 174 175 178 180 182 183 184 186 187 188 190 192 193 194 195 196 197 201 202 203
32 154 155 157 160 161 162 163 164 165 167 168 169 172 174 176 177 180 182 183 184 186 187 190 191 192 193 194 195 196 197 201 204
34 156 158 160 162 163 164 165 166 167 169 170 171 172 173 174 175 177 179 181 182 183 185 186 187 188 189 191 194 195 197 201 202 203 204
17 153 154 155 156 164 168 171 178 180 181 184 187 190 191 192 199 203
31 153 154 156 160 163 166 167 168 169 170 175 176 177 179 182 183 184 186 187 188 189 190 191 192 194 197 198 199 200 201 202
20 156 160 162 164 165 167 168 169 170 171 174 175 180 184 185 191 192 195 197 204
21 153 154 155 158 160 163 165 170 173 177 178 182 183 187 189 195 197 198 199 200 204
17 153 156 159 162 171 174 176 177 184 186 189 190 193 194 197 200 204
16 157 161 163 165 167 170 177 180 182 183 184 187 190 197 198 203
27 153 155 156 159 162 163 165 167 168 169 172 180 182 183 184 186 187 190 192 193 196 197 198 199 201 202 204
24 155 157 159 162 163 164 166 169 171 172 178 180 181 182 185 187 188 192 193 194 195 197 200 204
27 154 155 156 158 159 160 161 162 163 166 167 170 172 179 181 182 184 185 186 187 190 193 195 196 198 199 203
31 153 157 158 160 165 167 168 169 171 172 174 175 176 178 180 181 182 183 184 186 188 192 193 194 196 197 198 199 201 202 203
35 153 155 156 158 160 162 163 164 165 166 167 168 169 170 171 172 175 176 177 178 181 184 187 188 189 191 193 196 197 198 199 200 201 203 204
35 153 154 155 156 158 159 161 163 164 165 166 167 169 170 173 175 176 177 180 182 183 184 185 187 188 189 190 191 195 196 197 198 200 201 202
19 156 162 164 166 172 173 174 175 176 177 178 184 186 188 189 193 194 202 203
18 154 158 159 160 163 166 167 170 172 176 178 179 181 182 183 190 195 196
29 153 159 161 162 163 165 166 167 168 171 172 174 176 178 179 180 181 184 185 186 188 189 192 194 195 197 198 199 201
28 157 158 160 161 162 163 164 165 167 168 170 172 175 178 179 181 183 185 189 191 192 193 194 195 199 201 203 204
23 153 154 155 156 157 163 164 168 169 172 175 177 178 188 189 191 192 195 196 197 199 203 204
20 154 156 157 158 159 161 166 168 169 171 176 179 183 186 190 191 196 198 201 202
35 153 154 156 157 158 159 160 161 162 163 164 166 167 168 169 170 173 174 175 176 177 178 179 180 181 184 186 193 196 197 199 200 201 202 204
21 155 159 168 170 171 173 180 181 182 183 184 189 192 194 195 197 198 200 201 203 204
17 157 164 165 166 168 176 179 183 185 192 197 198 199 201 202 203 204
27 154 157 160 161 163 164 165 172 174 175 176 177 178 181 182 183 186 187 188 192 193 194 195 198 199 203 204
34 154 155 156 158 160 161 162 163 164 165 166 169 171 172 173 174 176 178 179 180 181 182 185 188 189 192 193 195 197 198 199 200 201 203
26 153 154 155 157 160 164 165 166 167 168 170 173 174 178 179 180 181 183 186 187 191 192 197 200 203 204
22 153 155 157 158 161 167 169 171 174 175 185 186 187 191 192 196 197 198 200 201 202 203
21 153 159 161 162 163 168 173 174 178 179 180 183 186 187 192 193 194 196 197 201 202
33 153 155 158 160 162 163 164 167 168 170 171 172 173 174 177 178 180 181 182 183 184 186 187 189 190 192 193 195 197 200 201 202 203
22 157 161 164 166 167 168 173 174 175 176 178 181 182 183 185 186 187 192 196 197 198 204
33 154 155 156 157 158 159 161 162 163 164 165 167 168 169 170 172 173 175 178 181 182 183 185 189 190 191 192 193 194 195 196 199 202
30 153 156 157 159 160 161 164 165 168 169 170 171 172 173 174 176 179 181 183 186 187 188 191 192 193 195 197 198 202 204
20 156 160 161 164 165 170 173 175 179 181 186 190 191 192 194 196 198 201 202 203
33 153 154 155 156 159 160 161 164 165 167 170 171 174 176 178 179 181 182 183 184 187 188 191 192 193 194 196 197 199 200 201 203 204
34 153 155 157 158 160 161 162 163 165 167 169 170 171 174 176 177 178 180 181 182 184 185 186 187 188 189 192 193 194 195 197 198 201 202
29 156 158 159 160 162 163 166 167 171 172 173 174 176 178 180 181 184 185 187 190 191 192 194 195 197 199 200 202 203
19 167 168 170 172 173 174 176 183 188 190 191 193 196 198 199 200 201 203 204
18 156 160 162 167 168 169 170 173 177 180 181 182 183 187 190 193 196 198
26 154 155 158 159 162 163 164 165 167 168 170 171 174 177 178 181 184 185 187 188 189 192 194 195 201 202
32 153 155 156 157 158 159 160 163 166 169 170 172 175 176 178 179 180 181 182 184 189 190 191 192 193 195 196 197 198 199 200 204
27 153 156 159 162 163 166 169 171 172 173 174 175 177 179 180 181 182 185 187 191 193 194 195 196 197 200 202
35 155 156 157 158 160 161 162 163 164 165 166 169 171 173 174 175 178 180 182 183 184 185 186 188 191 193 194 196 198 199 200 201 202 203 204
20 153 156 160 163 165 166 167 170 174 176 178 186 187 189 193 194 198 200 201 204
27 156 160 161 164 165 167 168 172 175 176 177 179 180 183 186 187 189 192 193 194 195 196 197 198 200 201 203
16 156 164 168 170 174 178 180 183 185 188 190 191 195 199 200 201
27 154 155 158 159 161 164 166 168 169 172 173 175 177 180 181 183 184 185 186 188 189 190 192 194 195 198 203
24 154 156 157 160 162 165 166 170 171 173 175 176 180 184 185 186 189 191 193 194 197 198 200 203
25 153 154 155 159 161 163 167 170 171 172 173 174 175 176 178 179 181 184 187 190 191 196 198 202 204
35 153 155 156 158 159 160 161 166 168 169 171 172 173 174 176 177 178 179 180 183 184 185 186 187 188 189 190 191 193 194 195 196 197 198 202
19 154 155 156 157 159 161 173 176 182 183 186 194 195 196 197 198 199 202 204
21 158 159 160 164 166 168 173 176 177 178 179 180 185 186 187 195 196 200 201 203 204
26 153 154 155 156 158 159 160 162 166 167 169 170 172 173 175 176 177 181 187 197 198 199 201 202 203 204
33 153 154 158 159 160 164 165 166 167 168 169 172 175 176 177 180 182 183 185 186 187 188 191 193 194 195 196 197 198 200 202 203 204
15 153 164 165 171 175 178 182 183 184 185 188 193 201 202 204
19 154 157 158 161 167 168 170 171 175 177 180 181 182 183 186 190 194 199 204
35 154 156 158 159 160 162 163 166 167 168 170 171 172 173 174 175 177 178 179 182 183 184 185 188 189 190 191 192 193 194 195 199 200 201 203
34 153 154 155 156 158 159 160 161 163 164 165 167 170 172 174 176 178 179 182 183 185 186 188 189 190 192 194 196 197 198 200 202 203 204
24 156 157 161 162 166 168 169 171 172 179 180 181 184 187 189 192 194 196 197 198 199 200 201 202
25 158 162 163 164 165 166 167 168 169 172 173 174 176 177 179 181 184 185 188 193 197 200 201 202 204
34 154 155 157 159 162 163 164 168 169 174 175 176 177 178 179 180 182 184 185 186 187 188 189 190 193 194 195 196 197 198 200 201 202 204
24 154 155 156 162 165 167 169 170 171 172 179 181 182 185 187 192 193 194 196 198 200 201 202 204
20 153 155 157 162 167 169 171 173 175 179 180 182 187 188 192 194 195 196 202 203
34 153 154 155 157 158 159 162 163 164 165 168 170 172 173 174 175 176 177 178 180 181 183 187 189 190 192 195 196 198 199 201 202 203 204
18 153 154 155 163 164 168 171 174 175 178 182 188 195 198 199 201 202 204
17 154 157 164 166 171 172 174 175 178 179 184 187 192 194 197 202 204
30 155 157 158 161 162 164 165 169 170 172 173 176 177 178 181 184 185 187 188 189 190 193 196 197 198 199 200 202 203 204
35 153 154 155 156 157 158 160 162 164 165 167 170 171 174 177 178 179 180 181 183 184 185 186 187 188 189 190 191 194 199 200 201 202 203 204
32 153 154 155 157 159 161 163 166 169 170 173 174 175 177 179 180 181 182 185 187 188 189 192 193 194 195 197 199 200 202 203 204
35 154 156 158 160 161 162 163 164 165 166 167 169 172 173 174 176 177 180 181 183 184 185 188 189 190 191 193 195 197 198 199 200 201 202 204
26 154 156 159 165 168 170 171 173 175 178 179 180 184 185 186 189 191 193 194 195 196 197 199 201 202 204
31 153 155 157 158 160 165 169 170 171 174 175 176 177 179 181 183 184 185 187 188 189 190 191 192 193 194 196 197 199 200 204
21 155 157 159 161 163 170 171 174 178 182 184 187 189 192 194 197 198 199 200 201 202
33 153 154 155 156 158 159 162 163 165 166 168 169 170 171 174 175 178 182 185 186 187 188 189 192 194 195 196 197 199 200 201 202 203
33 153 156 158 160 162 166 167 168 169 170 172 173 174 175 179 180 181 182 183 184 185 186 189 191 195 197 198 199 200 201 202 203 204
31 154 155 156 157 158 159 160 165 166 167 168 171 172 173 177 178 179 180 183 185 187 189 190 192 193 195 198 199 200 201 203
27 154 155 157 158 159 161 162 168 171 172 175 177 178 179 180 183 184 186 187 190 192 193 197 201 202 203 204
34 153 154 155 156 157 158 159 160 162 164 165 166 167 168 174 175 177 178 179 180 183 186 187 190 192 193 194 195 196 197 199 200 203 204
31 154 155 156 157 158 159 160 161 163 164 165 166 168 169 173 174 181 183 185 186 187 188 189 191 193 195 196 197 200 202 203
36 158 159 160 162 163 164 165 167 168 170 171 173 174 177 178 179 180 181 182 183 185 186 187 189 190 191 193 194 195 196 197 199 200 201 203 204
29 153 154 156 157 160 161 163 164 166 168 169 170 172 173 176 178 180 184 187 188 189 190 191 192 194 196 197 199 200
29 153 155 158 161 162 166 167 171 173 174 175 176 177 178 181 185 186 187 190 191 192 193 195 196 197 198 199 202 204
27 153 154 162 163 164 165 166 167 168 170 174 175 176 177 178 179 180 182 183 184 187 192 195 198 200 202 203
28 153 154 155 157 160 161 165 166 168 171 173 181 182 184 185 187 189 190 191 192 193 195 196 197 198 200 202 203
20 153 156 159 162 168 169 170 172 173 175 179 181 185 186 187 188 189 190 196 201
34 153 154 155 157 158 162 163 164 166 167 168 170 171 172 174 175 176 178 179 180 181 182 185 186 187 188 189 191 195 196 197 200 201 204
28 154 157 158 161 163 166 167 168 170 171 173 175 176 177 178 179 180 181 182 184 186 191 192 195 198 199 200 201
31 153 154 158 160 161 162 163 164 166 167 168 170 171 173 174 178 180 183 186 187 189 191 193 194 195 197 198 200 201 202 204
26 153 154 155 160 162 163 164 166 169 171 175 177 179 181 182 183 192 193 194 195 196 198 200 201 202 204
27 154 156 158 159 162 163 164 165 170 172 173 174 175 176 178 179 180 181 187 190 193 195 198 199 200 201 203
25 154 155 158 159 160 161 167 168 174 175 178 181 183 184 187 188 189 191 194 196 198 199 200 201 204
35 153 154 155 156 157 158 159 160 161 162 163 164 165 167 168 170 171 172 175 178 179 181 183 186 187 188 189 191 192 193 196 197 198 200 202
34 153 154 156 157 158 159 160 162 163 164 165 167 172 173 175 176 179 183 184 185 187 189 190 192 193 194 195 196 197 199 200 201 202 203
27 153 156 157 159 161 162 163 167 172 173 178 180 182 183 185 186 187 188 189 190 191 194 195 198 199 203 204
24 156 160 161 162 164 167 168 170 175 177 178 184 185 186 188 189 191 192 193 195 197 198 202 203
27 153 154 155 158 159 160 161 164 168 170 172 173 174 175 178 179 181 182 184 186 188 189 191 193 194 195 202
31 153 154 155 156 158 159 161 163 164 165 166 167 169 171 174 175 180 181 183 185 186 188 190 191 194 195 196 199 200 203 204
18 164 165 166 167 168 172 173 179 186 187 189 191 192 193 195 197 202 204
27 154 155 159 161 162 164 165 166 169 170 172 173 174 175 180 182 184 185 188 189 191 192 197 198 199 200 203
27 157 158 161 162 165 166 167 171 172 173 177 178 180 182 184 185 186 187 189 190 191 194 196 198 199 200 202
35 154 155 156 157 158 159 161 163 164 166 167 169 170 171 172 174 176 177 179 180 182 183 184 185 186 191 192 194 195 199 200 201 202 203 204
25 153 155 157 158 159 160 161 162 163 173 174 176 177 178 181 182 184 186 188 192 194 200 202 203 204
28 153 158 159 160 161 162 165 166 168 169 171 175 177 178 180 181 184 186 187 188 192 193 194 196 198 201 202 203
32 153 154 155 157 158 160 161 164 165 166 167 170 172 173 174 175 177 178 182 183 185 186 188 190 191 194 195 196 197 202 203 204
22 155 156 160 162 165 174 175 176 177 178 181 185 187 191 192 193 194 195 197 198 200 201
15 154 156 159 160 162 169 171 172 173 175 177 178 185 198 200
34 153 156 157 158 159 160 161 162 165 168 170 172 174 175 176 177 178 180 181 183 186 188 190 191 192 193 194 195 197 198 200 201 203 204
23 153 154 155 167 168 171 174 175 176 178 180 183 185 187 189 190 191 192 195 196 199 202 204
19 155 159 160 166 167 169 170 171 172 174 177 178 186 192 197 198 199 200 203
22 161 166 167 168 169 170 174 176 178 180 181 184 186 189 192 197 198 199 200 202 203 204
25 153 160 161 164 165 166 168 170 171 175 176 177 178 182 183 184 187 188 189 192 194 196 200 203 204
29 154 155 156 157 160 161 162 164 166 168 169 171 172 173 176 177 182 186 187 188 189 193 194 195 197 198 201 202 204
24 154 158 162 163 164 165 166 167 168 169 174 178 180 181 186 187 190 193 194 195 196 199 201 204
17 157 161 166 168 172 173 177 178 179 184 188 189 192 194 197 199 203
23 154 160 164 166 169 171 172 175 176 177 178 179 182 184 185 187 190 191 194 195 198 201 204
28 153 154 157 158 161 162 165 169 170 172 176 177 178 181 182 184 186 189 190 191 192 196 198 199 200 201 202 203
22 155 157 160 161 167 168 170 173 174 177 178 179 181 182 185 191 194 195 198 199 202 203
18 153 156 159 160 164 165 171 173 178 182 184 186 193 196 198 199 200 202
23 154 155 159 161 166 167 170 172 173 174 177 178 179 180 183 187 189 190 192 196 198 201 202
31 153 157 158 159 161 162 164 167 168 169 170 171 172 173 174 177 178 181 183 184 186 189 190 192 193 195 197 198 201 202 203
23 153 155 156 157 160 162 169 170 172 174 176 180 182 186 188 191 194 195 196 197 199 201 204
34 154 155 158 159 160 161 162 163 165 168 169 171 173 174 176 177 178 179 182 183 184 185 188 189 190 194 195 196 198 199 200 201 202 203
