242 1173
45 1 2 3 4 5 6 7 8 9 10 11 12 13 14 15 16 17 18 19 20 21 22 23 24 25 26 27 28 29 30 31 32 33 34 35 36 37 38 39 40 41 42 43 44 45
26 1 4 5 7 10 11 12 13 14 15 16 17 20 21 25 26 27 28 29 30 31 32 33 40 42 43
30 1 5 6 8 11 12 13 16 18 19 20 23 24 25 26 28 29 30 31 32 33 34 35 36 37 38 40 42 43 44
18 3 11 12 13 15 16 18 20 21 23 24 26 27 28 30 34 35 45
26 1 2 8 11 12 13 14 20 22 24 25 27 28 29 31 32 33 34 35 36 37 38 39 40 41 45
22 1 2 5 7 14 16 17 20 21 23 24 25 26 28 32 35 36 37 38 39 42 45
18 6 9 11 15 16 17 20 23 29 31 32 34 36 37 38 41 44 45
35 1 2 3 4 5 6 9 10 12 14 15 17 18 19 20 22 23 24 25 26 27 29 30 31 32 33 35 36 38 39 40 42 43 44 45
21 1 2 4 11 12 13 14 16 17 18 19 23 26 27 32 33 35 37 38 41 45
31 1 2 3 4 5 9 10 12 13 15 18 22 23 25 26 27 28 29 30 32 33 34 35 37 38 39 41 42 43 44 45
17 1 4 7 10 16 18 20 23 28 30 33 34 36 38 40 41 45
33 1 2 4 5 7 8 9 10 12 13 14 15 16 17 18 19 20 22 23 24 26 27 28 29 30 32 37 38 39 41 43 44 45
32 2 3 4 5 6 7 9 11 12 13 14 15 16 17 18 20 21 23 26 27 28 31 34 35 38 39 40 41 42 43 44 45
17 6 7 8 10 13 15 17 18 22 29 30 31 33 34 37 39 42
13 4 11 12 14 20 22 23 29 30 31 32 35 43
23 1 2 4 5 8 9 10 12 14 15 16 17 18 21 23 25 28 31 32 33 40 43 45
20 8 10 13 14 16 18 19 21 22 29 30 31 33 35 36 37 40 42 43 44
21 1 3 7 10 11 13 14 18 20 22 23 24 29 31 34 36 37 40 41 44 45
21 6 8 12 14 15 17 23 25 26 27 31 32 33 34 35 37 38 39 42 43 45
22 3 6 7 9 13 17 18 19 21 23 25 26 30 31 32 33 35 36 38 39 42 43
22 1 3 5 6 7 8 13 14 15 16 17 18 19 27 29 31 32 34 38 40 42 44
22 2 6 7 8 9 11 15 19 20 21 22 24 25 27 29 30 33 35 38 41 42 45
25 1 4 5 6 7 8 9 10 11 12 15 21 25 26 27 28 29 30 31 32 34 37 38 40 41
21 3 4 10 13 16 17 18 21 22 25 27 28 30 32 33 35 37 38 42 43 44
15 8 11 12 14 15 18 21 22 25 30 31 36 40 41 44
30 2 4 6 7 10 11 12 14 15 17 18 19 20 21 22 23 24 27 29 30 31 33 34 35 36 37 38 40 42 44
15 1 6 12 18 20 21 22 26 28 29 30 35 39 41 43
18 3 4 5 11 12 15 17 18 21 26 27 30 31 32 33 37 39 45
19 4 5 6 7 9 10 13 14 16 17 20 24 25 26 35 37 41 44 45
15 3 4 10 12 19 23 24 25 28 34 36 39 43 44 45
21 4 5 9 10 11 13 14 15 16 20 21 23 26 29 30 33 34 36 39 44 45
23 1 4 5 6 9 12 13 14 17 18 19 21 24 26 27 28 30 32 33 38 39 40 44
14 1 6 9 12 13 14 15 17 18 31 33 34 43 44
23 1 2 5 7 8 12 16 17 18 20 21 22 23 27 28 29 30 32 34 36 37 38 45
16 4 6 17 19 20 22 24 27 28 30 33 35 37 42 44 45
25 1 2 5 6 7 8 9 11 14 16 18 19 20 21 26 29 32 33 34 35 36 37 41 42 43
31 1 2 3 4 5 6 7 8 9 10 11 12 13 15 18 19 20 22 24 25 26 29 30 31 32 35 36 39 43 44 45
30 1 2 3 4 5 6 10 11 12 14 15 16 17 19 21 22 24 27 28 29 30 31 32 34 37 38 39 40 41 43
28 3 4 5 6 7 8 9 11 12 13 14 15 17 18 22 24 25 26 27 28 31 32 33 35 39 41 42 44
35 1 3 4 5 6 7 8 10 11 12 13 14 15 16 17 19 20 21 22 25 26 27 28 29 31 34 36 38 39 40 41 42 43 44 45
29 1 2 4 5 7 8 9 10 14 15 16 17 18 19 20 21 22 23 26 28 29 33 34 35 36 39 41 43 45
34 2 3 4 6 7 8 9 10 11 12 13 14 15 16 17 18 19 20 22 24 26 27 28 30 31 34 35 38 39 40 41 42 43 44
15 1 3 5 6 12 13 15 20 23 24 32 33 36 40 45
18 1 2 6 8 16 21 25 26 28 29 30 31 34 36 42 43 44 45
33 3 4 5 7 8 9 10 11 12 13 14 15 16 17 18 19 21 23 24 25 28 29 30 31 33 34 38 39 40 41 42 43 45
26 1 4 6 7 8 9 10 11 12 14 15 18 19 20 21 22 23 26 28 30 32 35 40 43 44 45
24 2 5 6 7 9 14 16 19 21 22 23 24 26 27 31 32 33 35 38 41 42 43 44 45
34 1 2 3 4 7 8 9 10 11 12 13 14 15 16 17 18 19 21 22 23 25 26 28 29 31 32 34 35 36 37 40 42 44 45
32 1 2 3 4 5 6 7 9 11 12 13 19 20 21 23 24 25 26 27 28 29 33 35 37 38 39 40 41 42 43 44 45
58 46 47 48 49 50 51 52 53 54 55 56 57 58 59 60 61 62 63 64 65 66 67 68 69 70 71 72 73 74 75 76 77 78 79 80 81 82 83 84 85 86 87 88 89 90 91 92 93 94 95 96 97 98 99 100 101 102 103
45 46 47 49 50 51 52 53 55 56 57 58 62 63 64 66 67 68 69 71 72 73 74 75 76 77 78 79 81 82 83 84 85 87 88 89 90 91 92 94 95 97 99 100 101 102
27 46 48 49 52 57 59 61 63 65 67 73 75 77 78 80 83 85 88 90 91 92 97 98 100 101 102 103
19 48 50 53 55 57 60 69 71 72 74 76 83 86 89 94 98 99 100 103
39 47 49 51 52 54 56 57 58 59 61 63 65 66 67 68 69 71 72 73 75 76 78 80 82 83 84 85 86 87 88 91 93 95 96 97 98 99 100 103
30 47 49 50 54 55 58 59 62 65 66 67 68 69 70 72 74 75 77 78 80 81 82 85 86 87 88 89 93 94 99
32 47 49 50 52 53 54 55 56 57 63 64 67 68 73 76 77 78 80 81 83 84 86 87 89 91 92 95 96 100 101 102 103
45 46 48 49 50 51 53 55 56 57 58 59 60 62 63 64 65 68 69 70 71 72 74 75 76 77 78 79 80 81 82 83 84 85 87 89 90 91 92 93 94 96 97 98 100 101
19 50 51 53 56 60 61 64 66 67 71 74 75 76 77 85 88 89 91 100
20 47 48 51 55 59 62 66 71 72 73 75 81 82 87 89 95 96 100 101 102
34 46 48 49 51 52 53 54 56 61 63 64 65 66 67 68 70 71 72 73 77 78 79 81 82 85 86 89 90 91 92 93 94 95 98
37 46 47 50 51 55 56 57 58 59 62 63 64 66 67 68 70 72 73 75 77 78 80 82 83 84 85 86 89 91 94 95 96 97 99 100 101 103
19 50 51 54 56 67 74 75 77 79 81 86 88 92 93 94 97 98 99 102
44 46 47 48 50 51 52 53 54 55 57 58 59 60 61 63 65 67 69 71 72 73 75 77 78 79 80 81 82 83 85 86 87 90 91 93 94 95 97 98 99 100 101 102 103
39 47 48 49 51 56 57 58 59 62 66 67 69 71 74 75 76 77 78 79 80 81 83 84 85 86 87 88 89 90 91 92 93 94 95 97 98 101 102 103
39 46 47 48 50 52 54 55 56 58 61 63 64 65 66 70 74 75 76 78 80 81 82 83 84 88 89 90 91 92 93 94 96 97 98 99 100 101 102 103
40 46 50 53 54 56 57 59 60 61 63 64 65 67 68 69 70 71 73 74 75 77 78 81 82 83 84 86 88 90 91 92 94 95 96 97 98 99 100 102 103
33 46 49 53 56 57 58 59 63 65 66 68 69 71 73 74 76 77 79 80 81 83 85 87 88 89 92 94 95 96 97 98 100 103
41 48 50 51 52 53 54 55 56 58 59 64 65 66 68 69 70 71 73 74 75 76 77 79 80 81 82 83 84 85 86 87 88 89 90 91 92 95 96 97 98 101
45 46 48 49 50 51 52 53 54 55 58 60 62 63 64 65 66 67 68 70 71 72 73 74 76 77 78 79 80 81 82 83 84 85 86 92 94 95 96 97 98 99 100 101 102 103
23 46 48 50 51 55 58 59 61 63 65 66 67 75 76 83 85 88 89 90 91 94 97 103
44 46 47 49 50 51 52 53 55 56 58 60 61 62 64 65 66 67 69 71 72 73 74 75 76 77 79 80 81 82 85 86 87 90 91 92 93 94 95 96 97 98 101 102 103
18 46 47 48 51 53 59 62 67 70 72 77 81 82 85 86 91 95 101
31 46 48 49 51 53 54 55 59 60 61 64 66 67 68 69 71 73 75 76 77 82 83 87 88 90 91 92 93 96 97 100
38 47 48 49 52 53 54 57 58 59 60 61 63 65 66 68 69 70 71 72 73 74 77 78 79 80 82 83 84 85 89 91 92 93 96 97 99 102 103
39 46 48 49 51 52 53 54 56 58 59 61 62 63 65 69 70 71 72 73 75 76 77 78 79 80 81 85 86 88 89 90 92 94 95 96 97 99 100 103
31 46 48 51 52 54 55 59 60 61 62 65 70 72 76 77 78 79 80 83 84 86 87 90 92 95 96 98 99 101 102 103
22 52 55 56 57 60 62 66 69 72 73 74 75 80 87 91 92 96 97 98 101 102 103
22 46 47 48 54 59 61 69 72 73 75 76 78 81 82 86 88 91 92 95 101 102 103
37 47 48 49 50 51 52 53 56 58 60 63 64 67 70 71 72 73 74 75 77 78 79 81 82 83 84 86 89 90 93 94 95 96 97 98 100 102
18 46 52 54 58 63 66 68 78 79 80 84 85 86 94 96 99 100 101
38 46 47 49 50 52 54 55 56 57 58 61 63 65 66 71 72 73 74 76 77 78 80 81 83 84 85 87 88 91 92 94 95 97 98 99 100 102 103
26 47 49 51 54 57 58 59 66 67 68 70 71 80 81 83 84 85 88 89 91 94 96 97 98 99 102
35 46 48 49 51 52 53 55 56 58 59 65 67 68 71 72 74 76 77 78 79 81 82 83 84 85 87 90 91 92 93 96 97 98 100 101
35 46 47 48 50 51 52 53 57 59 61 62 63 64 65 67 69 70 71 73 74 76 79 80 81 82 84 87 88 89 91 93 94 96 100 101
25 47 49 51 52 54 57 65 67 71 73 74 76 79 81 82 85 86 88 89 93 94 95 98 102 103
27 46 47 49 51 52 53 56 57 59 60 61 62 63 65 74 77 79 80 82 84 85 88 92 93 95 97 100
20 48 49 51 52 53 61 64 66 68 73 76 77 78 81 82 83 86 89 96 100
23 46 48 49 50 52 54 55 58 60 63 64 66 71 72 73 74 81 89 91 93 97 99 100
39 46 48 49 50 52 53 57 60 61 62 63 64 66 67 68 69 71 72 73 75 76 77 78 79 80 82 83 84 88 89 90 91 93 94 95 96 100 101 103
30 47 49 53 55 57 59 61 62 64 65 68 70 71 72 73 74 77 79 80 81 84 87 90 91 93 94 96 97 98 102
24 46 47 48 51 53 56 57 59 60 61 63 64 65 68 70 74 76 81 85 86 88 93 95 98
34 47 51 53 56 61 62 63 65 66 68 69 70 72 73 74 75 77 78 80 81 82 83 84 85 87 89 95 96 97 98 99 101 102 103
31 47 48 50 53 55 56 57 61 64 65 66 67 68 71 73 74 76 77 78 79 81 83 84 87 89 91 94 95 96 99 102
23 50 52 56 57 60 62 64 66 69 72 75 77 78 82 87 88 90 91 93 94 96 100 103
31 46 49 50 51 52 54 55 56 57 59 60 61 63 68 69 70 72 73 78 79 80 84 88 92 95 97 98 99 100 101 103
41 46 48 51 52 54 55 58 59 61 62 63 66 67 69 70 71 72 73 74 75 76 78 79 80 81 82 83 84 87 88 90 91 92 93 94 96 99 100 101 102 103
31 46 47 49 50 52 55 58 59 60 61 63 64 66 67 69 71 73 75 77 79 80 81 82 83 84 88 89 91 94 95 101
41 46 48 49 50 51 52 53 54 55 56 57 58 60 61 62 63 64 65 67 68 69 71 73 74 76 79 80 81 85 87 88 90 91 92 94 95 98 99 100 101 103
30 50 51 53 54 55 59 60 61 65 66 67 68 71 72 73 77 78 79 80 84 85 86 88 89 90 91 95 97 98 99
42 46 47 49 50 52 53 54 55 56 57 58 59 60 61 63 65 66 67 68 69 70 72 73 76 78 79 80 81 82 85 87 88 89 91 92 95 96 98 99 100 101 103
20 49 54 55 59 60 64 65 73 74 76 85 86 89 91 92 97 98 100 101 103
21 46 53 54 55 61 62 63 65 71 78 79 82 83 84 85 90 93 95 97 100 103
28 46 47 50 52 53 54 55 57 61 65 68 69 71 73 74 76 77 79 80 82 83 85 88 89 92 96 102 103
43 46 47 48 50 52 53 56 57 58 59 60 61 62 63 65 68 69 70 71 73 74 75 76 79 81 82 84 85 86 87 88 89 90 92 93 94 95 96 97 98 99 101 102
38 46 47 48 49 52 54 56 58 60 61 63 64 65 67 68 69 70 71 72 73 75 77 78 80 81 83 84 85 86 88 89 90 92 93 94 95 97 99
18 47 48 50 63 64 69 70 73 75 77 81 82 87 88 91 94 99 103
40 46 47 49 50 51 52 53 55 56 57 58 59 60 61 64 65 66 69 70 71 73 75 76 78 79 80 81 82 84 85 86 87 88 89 92 93 94 95 98 99
37 104 105 106 107 108 109 110 111 112 113 114 115 116 117 118 119 120 121 122 123 124 125 126 127 128 129 130 131 132 133 134 135 136 137 138 139 140
23 104 105 106 107 110 111 116 121 122 124 125 127 128 129 131 132 133 135 136 137 138 139 140
28 104 106 107 108 109 110 111 113 114 117 119 120 122 123 124 125 126 127 128 130 131 132 133 135 136 137 139 140
19 106 108 109 112 113 114 115 116 118 120 122 124 125 126 128 131 134 137 138
20 108 110 111 112 113 117 118 120 123 126 127 128 130 132 133 135 136 137 138 140
26 104 105 108 110 111 112 113 114 115 117 118 120 121 122 124 125 126 127 128 129 131 134 136 138 139 140
24 104 106 109 110 111 112 113 115 116 117 118 119 122 123 124 125 126 129 131 133 134 138 139 140
24 104 105 107 108 109 110 111 112 114 115 119 120 121 123 124 125 129 130 133 134 135 137 138 139
23 104 105 106 107 110 111 113 114 116 117 119 120 122 123 126 127 128 132 133 134 137 138 139
18 104 105 106 108 111 112 113 115 120 121 125 126 129 130 131 132 138 139
17 108 111 114 117 118 120 121 124 125 128 130 131 132 134 138 139 140
19 108 109 111 113 114 117 119 122 123 124 127 128 129 130 134 135 136 137 139
12 108 114 118 120 121 122 123 128 129 132 135 136
23 104 107 108 109 110 111 112 115 119 122 124 125 126 128 131 132 133 134 136 137 138 139 140
23 104 105 107 108 109 111 113 117 122 123 125 126 127 128 129 131 133 134 135 136 137 138 140
16 105 107 108 113 114 115 116 117 120 122 128 129 130 133 137 140
11 105 106 113 120 131 132 134 135 137 138 139
18 107 109 110 111 113 117 119 120 121 127 128 129 130 131 134 135 136 137
29 104 105 106 107 111 112 114 115 116 117 118 119 120 121 122 123 124 126 128 129 130 131 132 134 135 136 138 139 140
20 105 107 108 109 110 112 115 116 120 121 122 126 127 131 132 135 137 138 139 140
18 105 106 109 111 114 115 117 118 120 121 124 127 133 134 135 137 139 140
22 104 110 111 112 113 115 117 122 123 124 125 126 128 129 131 132 133 135 136 137 139 140
20 105 106 108 110 111 113 115 116 117 120 121 122 124 125 129 133 134 136 137 140
27 104 105 106 108 110 112 114 115 116 117 118 119 120 121 123 125 126 127 128 131 133 134 135 137 138 139 140
22 104 105 106 108 110 111 113 115 117 118 121 122 123 125 128 129 130 133 135 136 138 139
17 108 110 112 115 117 118 119 120 121 122 123 126 129 130 132 137 140
18 104 106 109 111 113 114 116 117 119 121 124 129 130 131 133 134 137 139
24 104 105 106 107 109 111 113 114 115 117 120 122 123 125 126 127 130 131 132 133 134 136 138 139
13 104 107 108 114 116 117 119 127 132 133 134 138 140
20 105 107 109 110 112 114 115 116 117 120 121 124 126 129 132 134 136 137 138 139
28 105 106 107 109 110 111 112 113 116 117 120 121 123 124 125 126 127 128 130 131 133 134 135 136 137 138 139 140
16 104 110 112 113 114 116 117 121 122 123 124 128 136 137 139 140
21 105 107 108 109 111 112 113 115 116 117 120 121 123 125 126 127 129 134 135 137 139
21 106 107 113 114 115 116 117 121 122 123 125 127 129 130 132 133 134 135 137 138 139
16 104 107 109 111 112 117 119 121 122 124 126 127 131 132 133 140
22 105 108 110 111 112 114 115 117 118 120 121 122 123 128 129 131 132 134 135 136 137 138
27 105 107 108 109 110 111 114 115 116 117 118 120 121 122 123 124 125 126 130 132 133 134 135 137 138 139 140
20 104 105 106 110 111 112 113 115 119 120 122 123 127 128 132 134 136 137 138 140
20 106 113 114 115 116 119 120 122 123 124 126 127 128 129 133 135 136 138 139 140
17 108 109 110 115 117 118 119 123 127 128 129 132 134 135 137 138 140
16 106 107 108 109 111 113 114 117 118 120 122 123 129 130 133 136
11 104 114 115 119 129 130 131 132 135 136 137
11 106 117 120 123 125 129 131 136 137 138 139
14 107 109 114 115 116 117 118 122 126 129 130 133 138 140
12 105 106 107 109 112 114 119 123 124 128 130 134
20 104 105 109 112 113 114 116 117 118 123 124 127 129 130 135 136 137 138 139 140
27 105 106 107 110 113 114 115 116 117 118 119 120 122 123 125 126 127 128 129 131 133 134 135 136 138 139 140
17 104 106 107 109 110 112 113 114 115 117 118 128 129 131 137 138 139
17 104 105 106 107 109 113 115 116 121 122 124 127 128 130 132 135 136
28 104 105 106 108 109 110 112 113 114 115 116 117 118 120 123 124 126 127 128 129 130 131 132 133 134 136 137 140
22 104 105 107 109 110 112 114 117 118 120 122 123 124 126 127 128 130 133 134 135 136 137
24 104 105 106 107 108 110 111 112 113 114 117 119 120 122 123 125 127 131 133 134 135 138 139 140
28 104 105 106 108 109 110 111 112 114 115 116 118 119 120 121 123 124 126 127 129 130 131 132 133 134 137 138 140
24 104 108 109 110 113 114 115 116 117 119 120 121 122 123 124 128 129 132 133 134 135 138 139 140
22 104 107 108 109 111 112 113 114 115 116 117 119 120 121 124 128 129 130 131 134 136 138
27 106 107 108 110 111 112 113 114 115 119 120 121 123 125 126 127 128 129 130 131 132 134 135 136 137 138 140
29 104 105 107 108 110 112 113 114 117 118 119 120 121 122 123 124 125 126 127 128 129 130 131 132 133 137 138 139 140
27 104 105 106 107 108 109 110 112 113 114 115 116 118 123 124 125 126 127 128 129 130 132 134 135 136 137 139
14 104 106 108 109 114 116 118 122 126 129 130 131 137 139
19 105 106 107 108 110 113 115 116 118 119 122 123 124 125 127 129 132 133 140
18 104 105 106 107 108 109 111 113 118 120 121 122 124 125 126 127 131 136
18 105 107 110 113 116 117 118 121 122 123 124 128 132 134 136 137 139 140
23 106 107 108 109 110 112 113 114 116 117 120 121 122 123 124 125 126 128 129 131 133 136 137
23 104 105 106 107 108 109 111 112 114 115 116 118 119 120 121 124 125 126 128 129 131 137 138
11 105 110 111 114 117 123 125 127 131 138 139
20 104 105 107 108 109 110 112 114 115 117 118 119 120 122 129 131 132 134 135 139
25 104 107 111 112 113 115 118 119 120 121 122 123 124 125 126 127 128 129 130 132 133 136 137 138 139
24 105 106 107 109 110 112 113 115 116 117 118 120 121 122 123 128 132 134 135 136 137 138 139 140
11 107 108 113 115 117 118 121 126 133 134 137
24 105 106 107 108 109 111 112 113 114 115 120 121 122 123 129 130 132 133 135 136 137 138 139 140
15 104 110 115 116 119 120 122 123 127 128 129 130 133 137 138
12 105 110 114 115 117 118 119 120 123 127 138 140
20 108 112 113 114 116 119 120 123 124 126 127 128 130 131 135 136 137 138 139 140
16 107 108 113 114 117 121 122 123 125 127 131 132 135 137 139 140
19 104 105 106 107 110 111 113 116 118 119 123 124 127 130 131 133 134 136 138
19 104 105 108 109 113 114 115 118 119 122 124 127 129 131 132 133 135 139 140
26 104 106 107 109 110 111 112 113 114 115 117 122 123 125 126 127 128 129 130 131 132 133 134 137 138 139
25 104 105 106 107 109 110 111 113 115 116 117 118 120 121 123 124 126 128 130 131 134 135 137 139 140
16 106 108 109 114 115 117 118 120 121 124 127 130 131 133 138 140
17 104 105 108 109 110 111 114 115 117 118 120 121 125 128 130 134 137
13 104 106 112 113 115 117 118 123 124 125 137 138 140
14 105 112 115 118 121 123 125 126 127 130 134 136 138 139
28 105 107 108 109 111 112 113 114 115 116 117 118 119 120 121 122 124 125 126 127 129 131 132 134 136 137 139 140
17 104 105 107 108 110 111 113 116 117 122 124 126 127 129 132 134 135
19 104 105 106 107 108 110 111 112 113 115 118 120 121 124 128 129 131 134 135
20 105 107 108 110 112 113 116 117 121 124 127 128 130 131 134 136 137 138 139 140
17 106 108 109 110 114 116 117 119 120 123 124 130 132 133 135 137 138
26 105 107 108 109 110 111 112 113 115 117 118 119 120 121 122 124 125 126 127 129 132 136 137 138 139 140
18 104 107 109 110 114 117 119 121 126 127 128 131 133 135 136 137 138 139
17 105 111 113 115 116 117 118 119 122 123 124 127 128 130 132 133 140
16 105 107 109 112 115 116 119 121 129 130 132 135 137 138 139 140
21 104 106 108 110 113 114 115 118 119 121 122 124 125 126 127 129 130 136 137 138 140
28 141 143 144 145 146 147 148 152 153 155 158 159 160 161 162 163 164 165 167 168 172 173 175 176 178 180 181 182
22 141 142 144 145 147 148 149 150 151 153 154 156 160 163 164 165 166 167 171 172 178 179
14 143 144 146 149 151 155 157 159 162 167 175 179 180 181
11 145 148 151 153 154 155 158 159 173 176 182
17 141 144 146 149 150 154 156 161 163 166 168 172 174 176 177 180 181
7 146 152 157 162 166 169 170
10 145 150 153 156 161 162 173 178 180 182
7 155 157 158 164 177 178 179
20 142 143 147 149 152 157 161 162 163 165 166 168 170 171 172 174 177 178 179 180
7 147 150 152 154 168 179 180
13 141 146 148 152 155 160 164 165 167 168 176 179 181
15 145 146 147 148 152 153 157 160 161 164 165 169 174 175 177
13 153 154 161 163 165 168 170 173 174 175 179 180 181
16 142 143 144 146 149 152 153 160 162 163 171 172 174 178 179 180
15 142 143 145 146 149 150 151 157 163 164 173 174 176 180 182
15 144 148 149 153 155 158 161 162 164 165 168 171 179 181 182
22 142 143 145 148 149 151 152 153 157 158 161 162 163 164 167 171 173 174 175 176 177 182
7 143 144 149 151 166 175 177
25 141 142 143 144 145 147 148 149 151 154 158 160 161 164 165 168 171 172 173 174 175 176 179 181 182
5 153 165 170 180 181
16 141 147 148 149 151 152 153 162 163 166 171 173 174 175 176 180
26 141 144 145 147 149 150 152 153 154 155 157 159 160 161 163 164 167 168 171 172 173 174 175 177 178 181
10 150 153 155 156 159 163 167 177 178 180
7 142 144 146 156 158 169 177
23 142 143 144 145 146 150 151 152 153 155 156 157 158 160 161 163 164 165 167 170 178 179 181
14 141 142 143 146 149 153 158 170 172 173 176 178 181 182
8 141 143 150 156 165 166 175 182
16 142 143 146 148 151 156 158 162 165 166 169 170 176 179 180 182
7 144 146 150 156 167 169 181
13 141 142 143 145 150 151 154 160 163 166 169 171 179
8 148 157 162 168 170 171 172 173
14 141 149 150 152 155 156 160 166 167 171 172 173 177 178
14 146 150 151 152 155 156 157 158 159 162 164 166 172 177
16 142 148 151 152 153 155 158 160 162 164 167 173 175 179 181 182
10 145 146 148 149 150 165 169 172 176 180
19 147 148 150 154 155 156 157 158 159 161 165 167 168 169 170 173 175 176 181
13 142 143 144 145 146 154 156 159 160 161 165 172 181
14 142 145 146 147 149 154 158 160 161 164 165 169 174 182
13 148 152 153 154 158 167 168 170 173 174 176 178 179
4 169 171 172 182
10 145 146 147 155 157 163 171 172 177 181
16 144 145 146 147 150 154 157 161 163 165 168 170 172 176 178 180
6 141 145 150 152 156 157
12 147 149 152 155 157 167 168 174 175 176 177 182
9 142 143 144 145 146 159 161 170 182
27 141 144 147 148 152 153 154 155 156 158 159 160 161 162 165 166 167 168 169 170 171 172 175 177 178 179 181
14 143 146 155 157 158 159 161 162 168 170 173 176 180 182
4 141 160 164 175
19 147 148 151 153 154 157 158 162 163 164 165 168 169 174 175 176 179 180 181
21 142 143 146 147 151 154 159 160 163 166 167 169 170 172 173 174 175 176 177 178 180
6 150 167 168 169 170 182
12 144 146 148 156 158 159 161 162 164 172 173 178
20 141 144 146 147 150 154 155 156 159 160 165 166 168 169 170 172 178 179 180 181
14 142 149 150 151 154 156 157 166 169 170 171 174 177 179
10 143 155 157 159 163 166 167 173 177 182
13 148 155 156 159 162 163 164 166 167 169 171 174 177
6 152 169 174 175 177 181
17 141 142 144 145 149 152 153 161 164 165 168 172 174 175 176 179 180
10 141 143 149 156 159 166 169 171 174 177
5 147 159 174 177 180
15 141 142 143 144 145 147 148 149 160 167 169 171 176 178 182
10 141 148 149 154 162 166 168 173 175 176
14 141 143 144 154 157 162 166 167 168 170 171 173 174 182
13 143 145 149 157 161 163 164 168 175 176 179 180 181
22 141 147 148 150 151 152 153 154 155 159 160 162 165 166 167 170 171 172 173 174 178 182
12 142 147 154 157 158 159 163 169 170 171 172 174
8 144 145 151 157 160 161 165 175
11 142 144 149 151 159 160 161 162 164 169 180
9 147 148 150 151 154 158 160 162 171
8 153 155 156 158 161 178 179 181
6 146 156 169 170 178 181
11 144 150 154 156 158 168 173 176 178 179 180
7 141 145 151 164 166 177 182
25 142 143 145 147 148 151 152 153 155 157 158 159 160 162 164 165 167 169 170 171 173 175 178 179 182
16 141 142 143 149 151 155 159 162 163 166 167 170 171 172 181 182
10 142 147 151 152 159 160 163 164 175 177
20 142 145 148 150 153 154 158 161 163 164 165 166 168 170 171 172 173 176 177 178
20 141 143 144 150 151 152 153 155 156 159 163 166 167 175 176 177 178 179 180 181
8 141 147 152 156 160 169 174 182
8 141 142 143 149 158 170 173 178
22 141 142 143 144 145 147 148 149 151 158 160 161 164 165 168 172 174 175 176 179 181 182
11 148 155 156 159 162 163 164 167 169 171 177
10 142 148 151 153 158 160 162 175 179 182
6 146 148 165 172 176 180
5 157 158 177 178 179
3 169 171 182
9 146 151 152 155 159 164 166 172 177
16 141 147 148 150 151 155 159 160 162 165 167 170 172 173 174 182
7 144 145 151 157 160 161 165
13 141 144 149 150 156 161 166 168 172 174 176 177 180
15 143 147 148 152 153 155 158 162 165 169 171 173 178 179 182
5 147 150 158 162 171
9 143 149 151 157 163 173 174 180 182
10 150 157 158 165 167 169 173 175 176 181
11 141 142 143 145 151 160 163 166 169 171 179
14 141 144 146 149 150 154 156 161 163 166 168 174 176 181
15 141 144 146 147 150 154 155 159 160 166 168 169 170 179 180
24 141 144 145 146 148 152 153 155 158 159 160 161 162 165 167 168 172 173 175 176 178 180 181 182
5 144 156 167 169 181
10 142 145 150 151 154 160 166 169 171 179
21 141 144 145 147 152 153 154 155 157 160 161 163 164 167 168 172 174 175 177 178 181
7 143 161 163 164 179 180 181
8 142 154 157 158 163 169 170 171
11 142 143 146 149 153 158 170 172 173 176 181
16 142 143 148 149 151 152 153 158 161 162 163 167 171 173 175 182
8 141 142 145 153 161 168 172 179
13 147 151 153 155 159 160 165 170 171 172 173 178 182
8 147 149 152 157 167 168 174 182
8 145 147 155 163 171 172 177 181
8 141 143 149 156 169 171 174 177
5 156 165 166 175 182
21 141 143 144 145 148 149 151 154 158 160 161 164 165 168 171 173 174 175 176 181 182
9 146 149 153 158 170 176 178 181 182
10 142 149 150 151 154 157 166 170 177 179
8 148 151 153 154 155 173 176 182
10 141 146 148 152 155 164 167 168 179 181
6 147 152 156 160 169 182
11 141 147 148 152 162 163 171 174 175 176 180
8 149 158 164 165 168 171 179 182
3 169 170 181
9 141 143 144 145 147 160 169 171 176
8 142 147 152 159 160 163 175 177
10 146 148 155 160 165 167 168 176 179 181
6 156 158 159 164 173 178
8 149 150 155 167 171 172 173 177
13 148 153 157 162 163 165 168 169 174 175 176 180 181
2 171 172
14 147 148 153 154 157 162 165 168 174 175 176 179 180 181
8 146 148 152 164 167 176 179 181
3 152 174 175
13 144 145 149 150 153 156 160 163 165 167 171 178 179
9 143 144 145 156 159 161 165 172 181
15 147 148 150 154 156 157 158 159 161 167 168 170 173 175 176
6 147 148 151 154 158 160
5 149 151 159 161 162
9 144 148 153 155 158 162 179 181 182
9 141 152 155 160 165 167 168 176 181
11 143 145 157 161 163 164 168 175 176 180 181
5 152 157 166 169 170
11 142 152 161 163 165 168 170 171 172 177 179
11 141 145 149 152 153 161 164 165 172 176 180
4 148 154 158 171
5 143 144 149 166 177
9 148 155 159 162 163 164 166 169 177
8 146 148 149 165 169 172 176 180
8 144 158 159 161 162 172 173 178
5 145 151 157 161 165
9 141 142 143 170 172 173 176 178 182
7 142 154 157 163 171 172 174
10 142 145 150 161 165 166 172 176 177 178
14 141 146 149 150 154 156 163 166 168 174 176 177 180 181
13 141 142 143 144 145 147 148 149 167 171 176 178 182
4 146 156 178 181
7 141 148 152 155 160 164 179
5 141 143 150 156 166
5 141 143 150 165 182
7 145 153 156 161 162 173 180
10 141 148 152 160 164 165 167 168 179 181
24 141 144 147 148 152 153 154 155 156 158 159 160 161 162 165 166 168 171 172 175 177 178 179 181
6 142 144 145 146 170 182
11 141 148 152 155 160 164 165 167 168 176 179
11 143 145 151 152 153 161 162 163 175 176 177
6 141 143 159 166 171 177
5 150 156 167 169 181
8 142 143 144 145 146 159 170 182
3 144 175 177
5 150 153 155 163 178
10 148 156 159 163 164 166 169 171 174 177
8 142 153 170 172 173 178 181 182
6 157 162 168 170 172 173
8 142 144 151 160 161 162 169 180
13 142 147 149 151 153 154 156 160 165 171 172 178 179
4 151 160 161 175
11 153 154 163 165 168 170 173 174 179 180 181
6 143 144 145 146 170 182
11 142 144 148 151 154 160 163 164 167 172 179
4 141 145 150 157
9 143 144 146 149 153 160 162 174 179
6 143 155 157 166 167 173
12 144 149 153 155 158 161 162 165 171 179 181 182
3 147 159 174
7 143 156 159 166 169 174 177
25 141 143 144 145 146 147 148 152 155 158 159 160 161 163 164 167 168 172 173 175 176 178 180 181 182
10 148 157 159 165 167 168 169 170 175 181
5 147 148 150 154 160
10 142 145 147 149 158 160 161 169 174 182
2 171 172
5 144 146 156 158 177
13 141 147 148 151 152 153 154 159 162 167 170 172 182
2 141 164
7 143 144 146 159 161 170 182
3 153 165 181
7 141 144 167 171 176 178 182
7 145 149 150 151 157 174 182
11 141 142 143 144 145 147 148 160 167 169 176
12 147 149 157 161 162 166 170 171 172 174 178 180
10 142 152 153 155 162 164 167 175 179 182
4 152 169 174 177
7 147 150 154 158 160 162 171
9 147 149 152 167 168 175 176 177 182
3 174 177 181
3 165 170 181
4 156 167 169 181
6 144 150 156 173 176 179
9 145 150 151 154 160 163 166 169 179
3 152 175 181
16 141 144 146 150 154 155 159 160 166 168 169 172 178 179 180 181
11 143 145 149 151 152 158 161 164 173 174 182
5 146 148 149 169 180
10 141 147 148 149 153 162 163 173 174 175
13 142 144 145 149 153 161 164 165 168 172 174 176 180
5 152 157 162 169 170
16 147 148 151 153 154 157 158 162 164 165 168 174 175 176 179 181
4 144 156 158 169
12 142 143 146 148 151 156 165 166 169 170 180 182
6 142 147 154 157 158 170
7 144 146 149 151 159 175 181
6 147 148 150 154 160 171
8 142 153 162 172 174 178 179 180
3 169 177 181
11 143 149 157 161 163 164 168 175 176 179 180
10 141 142 149 159 162 166 167 171 172 182
19 143 145 148 152 153 157 160 162 164 165 167 169 170 171 173 175 178 179 182
3 144 150 169
12 141 142 146 149 153 158 170 172 173 178 181 182
14 142 143 147 148 153 158 160 162 164 165 167 169 173 179
11 142 143 144 145 147 148 160 167 171 176 178
10 141 142 143 145 150 151 154 169 171 179
4 150 167 169 182
6 144 151 157 160 161 175
4 149 151 166 175
13 142 143 147 152 162 163 165 166 168 172 174 179 180
2 169 172
9 141 144 154 157 168 170 171 173 182
8 150 153 156 161 162 178 180 182
5 143 149 166 171 174
8 141 151 155 163 166 170 172 182
6 141 147 152 160 174 182
11 142 149 150 151 156 157 170 171 174 177 179
6 155 157 158 177 178 179
15 141 143 144 151 155 156 159 166 167 175 176 177 178 180 181
6 144 150 154 156 158 178
5 156 158 168 176 180
3 165 180 181
10 145 146 158 160 161 164 165 169 174 182
24 141 142 143 145 146 151 153 154 156 157 158 162 164 166 167 169 173 174 176 177 178 180 181 182
25 141 142 144 145 146 147 148 149 150 151 152 155 158 159 164 167 169 173 174 175 177 178 179 180 181
23 141 142 146 149 150 151 153 154 155 159 160 164 165 167 168 172 173 174 176 177 178 179 182
24 142 146 147 149 150 151 152 155 156 157 159 160 161 163 164 166 167 171 175 176 177 178 179 182
19 143 146 148 149 150 151 152 154 155 156 157 159 160 168 174 178 179 180 182
28 141 142 144 145 146 148 149 152 153 154 155 156 157 158 159 161 163 165 166 167 168 169 171 173 174 177 179 182
21 141 142 152 154 157 158 162 163 165 166 167 168 169 170 171 172 174 175 178 181 182
27 142 145 146 148 151 152 155 157 159 160 161 165 166 167 168 169 170 171 172 173 174 175 176 177 179 181 182
22 141 144 145 147 150 151 152 154 155 156 159 160 163 165 166 168 169 176 177 179 181 182
13 143 148 150 152 153 156 162 165 166 167 169 172 179
18 141 144 145 146 148 149 152 158 159 160 166 170 171 172 173 176 177 181
13 143 149 150 152 158 161 165 166 168 178 180 181 182
13 141 144 147 148 166 168 171 173 174 175 176 177 180
18 141 143 144 145 150 152 155 156 158 160 166 168 169 170 172 173 176 182
25 141 142 143 144 146 147 150 152 153 155 157 159 160 162 163 164 165 167 168 173 174 177 178 179 181
18 144 145 146 148 149 151 152 156 158 159 160 164 166 167 168 173 175 181
14 144 145 148 150 156 158 159 161 164 166 167 174 177 181
20 142 143 147 148 157 159 160 163 165 166 167 169 170 172 173 176 177 178 180 182
28 142 143 145 146 147 149 151 153 155 156 157 160 162 163 164 165 166 167 168 169 170 172 173 174 175 176 179 181
22 141 148 149 152 153 155 157 158 160 162 163 164 165 166 167 168 172 175 176 177 179 181
27 142 143 145 146 147 148 150 152 153 154 155 156 157 158 159 162 164 165 170 171 172 173 174 178 180 181 182
25 141 143 144 145 146 148 149 150 151 152 153 154 156 159 160 163 164 165 167 168 171 174 175 177 178
17 141 142 143 146 149 153 155 156 157 159 163 167 173 174 177 180 181
27 141 142 143 144 145 146 148 149 151 152 154 156 158 161 162 163 164 166 167 170 171 172 174 175 178 180 182
24 142 143 144 145 146 147 151 152 154 157 158 160 161 163 165 167 169 172 173 176 178 180 181 182
16 141 142 143 144 145 146 150 153 154 157 158 159 171 172 173 174
26 142 143 144 146 147 148 150 151 159 162 163 164 165 168 169 170 171 172 173 175 176 177 178 179 180 182
19 142 143 146 148 149 150 151 153 154 155 159 163 166 167 169 173 176 181 182
16 141 142 145 146 148 152 154 155 156 161 163 167 169 170 171 180
27 141 143 144 145 147 151 153 154 156 158 159 161 162 163 164 165 166 167 168 170 171 172 177 178 180 181 182
15 142 143 144 145 147 151 155 162 164 167 170 174 175 176 182
16 141 146 149 150 154 155 156 157 159 160 166 168 170 173 177 181
26 141 142 144 145 146 147 149 150 152 153 154 155 156 157 162 163 164 165 166 167 170 173 175 177 178 182
21 141 144 152 153 154 158 159 160 161 164 168 169 171 172 174 175 176 177 180 181 182
14 143 146 149 154 159 161 162 169 173 174 176 179 180 182
15 143 144 146 148 153 155 161 163 165 167 169 170 172 177 182
14 141 142 151 152 154 164 165 167 169 171 174 176 180 182
15 142 146 149 154 159 160 161 163 164 170 173 176 177 179 180
23 141 142 144 145 146 147 150 152 153 155 157 158 163 165 167 169 174 176 177 178 179 180 182
14 141 147 148 152 153 154 156 160 163 171 174 176 181 182
25 141 142 144 146 148 149 150 151 155 157 158 159 160 161 162 164 165 166 167 169 173 174 175 177 178
14 141 142 144 150 154 156 158 159 160 161 164 166 168 171
25 141 142 143 144 146 149 150 152 153 159 160 164 165 166 167 168 169 170 171 173 174 175 176 179 182
28 141 142 146 148 150 151 152 153 154 156 157 159 160 161 162 163 164 165 166 167 168 169 170 175 177 178 180 182
14 144 147 149 150 151 152 158 169 170 172 173 174 179 181
25 141 143 148 149 151 153 155 157 159 161 164 165 166 167 169 170 172 173 175 176 178 179 180 181 182
27 141 143 144 145 146 147 148 150 151 152 153 157 158 159 160 161 164 165 166 167 168 171 172 173 174 176 182
20 141 142 144 148 150 152 153 155 156 158 159 160 161 162 165 172 175 178 181 182
14 141 143 144 151 155 156 158 160 161 168 171 172 174 179
19 141 144 146 147 153 154 155 157 158 161 162 163 165 168 169 173 174 177 180
21 143 145 147 148 149 151 153 154 156 159 161 163 165 166 168 169 170 171 175 176 177
25 141 144 146 147 148 151 153 155 156 157 159 163 165 166 167 168 170 173 174 175 176 177 178 180 181
13 145 146 148 152 153 159 160 165 168 170 174 177 179
19 144 145 146 149 153 154 155 156 158 159 161 163 164 170 175 176 177 180 182
17 142 143 145 146 147 149 151 153 154 161 163 164 166 168 176 177 179
24 141 143 146 147 150 151 153 154 156 157 160 162 163 165 166 167 168 171 172 174 175 180 181 182
26 141 142 143 144 146 147 149 151 152 154 156 157 159 160 161 162 164 165 167 170 171 172 177 178 181 182
25 143 148 151 152 153 154 156 157 158 160 162 164 166 167 168 171 172 173 174 175 176 177 180 181 182
23 144 145 147 148 150 151 153 156 158 159 160 163 164 165 169 170 171 172 173 177 180 181 182
16 141 148 149 152 155 159 161 163 165 168 169 170 173 176 178 179
16 141 142 143 144 148 149 155 156 159 161 162 164 167 170 172 177
21 141 142 145 147 148 149 154 156 159 160 161 163 164 169 170 171 172 174 176 177 181
28 143 145 147 148 149 150 153 154 156 157 159 160 161 164 165 166 168 169 171 173 174 175 176 177 179 180 181 182
20 141 144 145 147 148 150 156 158 159 160 161 163 165 167 171 173 175 177 180 182
28 141 142 144 145 147 148 149 151 152 154 155 156 158 161 162 163 167 168 169 170 171 172 173 174 177 178 180 182
15 145 155 161 163 165 166 168 170 172 173 174 176 177 179 181
27 144 145 146 148 149 151 153 154 156 157 159 160 161 162 163 164 165 167 168 169 171 172 173 174 178 180 181
13 141 143 144 155 163 165 167 168 172 173 174 175 181
26 142 143 144 145 146 147 148 150 153 154 156 157 159 161 162 163 164 165 167 168 170 171 174 176 179 181
23 144 148 150 151 152 154 155 157 158 161 163 164 165 166 167 171 172 174 175 177 178 181 182
21 143 144 145 147 148 151 154 155 166 167 168 170 171 173 174 175 176 177 179 181 182
21 144 146 147 150 152 153 156 158 159 160 162 164 165 166 167 169 171 174 176 177 178
22 144 145 146 147 148 149 150 151 153 154 156 158 159 160 163 165 167 168 169 171 174 179
23 141 145 146 147 148 149 153 156 157 159 161 162 163 164 168 169 172 174 175 176 178 181 182
27 141 142 143 147 149 150 151 153 154 155 157 158 159 160 164 166 167 168 169 171 173 175 176 177 178 181 182
17 141 142 143 144 146 148 150 154 156 157 160 168 171 176 177 180 181
28 141 144 145 147 148 149 150 151 153 155 157 158 159 160 161 164 165 166 167 168 171 172 174 175 176 177 178 179
18 143 146 148 149 154 158 161 162 163 165 170 173 175 176 177 178 181 182
18 142 144 145 146 149 152 153 156 161 162 166 167 169 170 172 174 175 178
24 142 143 146 147 149 150 152 153 154 155 157 159 160 161 162 164 166 168 170 171 174 179 180 182
14 142 143 149 155 156 159 160 162 164 166 170 172 173 177
13 145 146 147 149 152 153 154 155 159 161 163 173 182
13 141 144 145 150 153 157 165 168 169 172 173 178 179
22 143 145 146 149 150 151 154 155 158 159 160 161 162 164 165 167 168 170 172 174 175 182
14 141 145 150 154 156 157 161 169 170 174 175 176 180 181
13 141 145 149 151 153 161 165 166 171 172 174 177 180
24 145 146 147 148 149 151 153 154 156 158 159 161 162 166 167 168 170 172 174 175 176 179 180 181
13 142 143 150 156 157 162 163 165 167 170 173 175 177
20 141 142 144 145 147 149 150 152 153 155 158 162 163 165 166 167 168 169 175 178
23 141 144 145 146 147 148 150 154 155 156 159 162 163 164 165 169 170 176 177 178 179 180 182
19 143 145 147 148 150 151 152 160 165 167 169 170 172 173 174 175 176 179 180
22 144 146 148 149 150 151 153 154 155 156 157 160 161 164 169 173 176 177 179 180 181 182
26 141 144 145 146 147 150 152 154 155 156 157 158 161 162 163 165 167 168 171 172 173 177 178 180 181 182
14 145 148 151 154 155 160 163 164 171 173 175 176 177 178
16 141 146 148 150 153 156 157 159 160 162 164 165 168 175 181 182
24 142 144 145 146 147 150 154 156 157 160 161 163 164 167 168 169 171 172 174 176 177 178 179 182
24 142 143 144 147 150 151 153 154 156 157 159 162 163 165 167 169 170 171 173 174 175 177 180 181
19 143 147 149 152 156 157 159 160 161 163 168 169 170 171 172 173 174 178 180
23 142 143 144 145 151 152 154 155 156 157 159 160 163 164 165 170 174 175 176 178 179 180 181
20 141 143 147 148 153 154 156 160 161 164 165 166 167 170 172 173 175 176 179 180
28 142 143 145 147 149 153 154 155 156 157 158 159 161 162 163 165 166 167 169 170 172 173 174 175 176 177 179 180
12 143 145 150 156 158 161 169 172 173 174 175 176
15 141 144 146 150 153 156 160 163 166 169 170 172 175 178 181
27 141 142 144 148 149 151 152 153 155 156 157 159 160 161 162 163 164 165 168 169 170 171 172 174 177 178 180
22 141 143 147 148 150 151 153 154 155 156 160 163 165 167 168 169 173 178 179 180 181 182
20 142 143 144 146 150 151 153 156 159 160 161 163 164 165 166 167 171 174 177 178
14 148 149 151 152 155 160 162 164 165 168 171 173 175 181
12 146 147 149 152 153 161 162 165 171 173 179 181
25 144 145 146 147 149 150 153 154 155 156 158 160 161 162 164 165 167 168 170 171 172 174 177 178 180
28 141 144 145 146 147 148 149 152 155 157 160 161 162 164 165 168 169 171 172 173 174 175 176 177 179 180 181 182
13 141 142 143 147 151 154 155 158 170 174 175 179 180
26 141 143 144 145 146 147 149 150 153 154 155 158 162 164 165 166 167 169 170 172 174 175 176 177 178 180
16 143 149 150 153 154 157 159 162 165 172 176 177 178 179 181 182
19 151 153 154 155 157 158 161 163 164 167 168 169 170 175 177 178 179 180 182
29 144 145 146 147 148 149 153 154 155 156 157 158 159 161 162 163 164 165 167 168 169 171 172 174 175 176 178 180 181
26 142 143 146 147 148 149 152 157 158 159 160 161 163 164 166 167 170 171 172 173 174 176 177 180 181 182
24 141 144 145 146 147 148 152 154 155 156 157 158 159 162 165 171 172 174 175 176 177 178 179 181
16 141 142 144 146 148 149 151 156 158 159 162 168 171 172 174 182
13 144 149 155 162 163 164 165 168 169 177 178 179 182
21 142 144 145 149 150 152 160 162 163 164 165 166 168 170 171 174 175 177 179 180 181
27 141 142 143 144 145 146 147 149 150 151 153 154 155 157 158 159 162 164 166 169 170 173 175 179 180 181 182
27 141 142 143 144 145 146 148 149 150 153 156 158 160 161 162 163 165 166 170 173 174 175 176 177 179 180 181
15 141 143 144 148 149 157 167 168 171 172 173 174 175 176 181
19 141 142 143 145 146 148 155 161 162 168 169 170 173 176 177 178 179 181 182
21 141 144 145 146 147 148 149 151 153 154 155 157 161 162 163 169 170 171 176 178 179
26 141 142 143 144 146 147 148 150 155 157 158 161 162 164 165 166 168 169 170 173 174 175 178 179 180 182
24 142 143 144 145 146 148 149 150 151 152 154 156 157 163 164 165 166 167 168 169 170 172 180 181
17 141 143 149 150 151 152 154 156 160 164 165 166 170 173 178 181 182
18 141 142 144 147 150 151 153 154 155 159 163 167 168 171 177 178 180 182
22 141 142 144 146 148 149 150 154 158 160 163 164 165 167 168 170 171 173 174 175 180 181
21 141 142 145 146 147 149 150 152 153 154 157 158 159 161 162 170 172 175 177 180 182
26 141 142 144 145 146 147 149 151 152 153 155 158 159 160 162 163 164 166 168 172 173 175 176 177 179 181
14 146 148 151 154 157 159 160 162 163 168 169 170 175 177
23 141 144 145 146 147 149 152 154 156 159 161 162 163 164 165 171 172 173 174 176 178 179 181
14 141 145 146 147 152 156 157 159 162 167 168 173 174 181
17 141 143 148 149 151 152 154 155 157 158 161 167 171 172 177 181 182
15 142 143 146 148 149 150 154 155 163 167 168 169 170 173 182
21 141 143 145 147 148 160 161 162 163 165 166 167 168 169 171 172 175 176 177 178 180
16 141 142 143 144 149 155 159 162 163 165 168 170 173 174 177 182
27 141 142 144 145 146 147 148 149 150 151 153 154 157 158 159 160 161 163 167 168 169 170 171 172 174 177 180
25 141 142 145 146 149 151 153 155 156 158 161 162 163 166 167 168 169 171 172 173 174 176 179 180 181
24 141 142 143 148 150 152 154 157 159 160 161 162 163 164 165 166 167 168 171 172 175 176 180 182
27 141 144 145 147 148 149 151 152 153 154 155 156 158 161 162 164 165 167 168 169 170 171 173 176 177 179 181
18 141 143 145 146 148 149 151 153 154 158 159 164 166 173 175 180 181 182
23 141 142 143 145 146 147 149 150 151 154 155 156 160 165 167 168 169 170 173 176 180 181 182
18 145 147 150 154 155 157 158 159 160 162 163 166 170 173 177 179 181 182
17 143 144 146 150 151 154 156 159 161 166 169 171 173 174 177 179 182
27 141 143 145 146 148 150 151 154 155 157 158 162 163 164 166 168 169 170 172 173 174 176 177 178 179 180 182
22 143 144 146 147 149 151 155 157 158 160 162 164 165 166 168 169 171 172 173 175 176 178
24 141 143 145 147 149 150 153 154 155 156 157 158 159 161 162 165 166 167 173 178 179 180 181 182
20 142 144 147 149 151 152 153 158 159 160 164 166 168 169 170 172 175 178 179 181
21 141 142 145 149 151 153 155 156 157 160 161 162 163 164 165 167 170 171 177 178 179
16 144 145 147 148 151 153 155 158 159 160 164 168 170 177 181 182
21 143 146 147 149 150 154 156 158 160 164 167 168 169 171 173 174 176 177 180 181 182
24 141 146 147 148 150 152 153 154 159 160 161 162 163 164 165 166 167 169 170 174 176 177 179 182
27 144 145 146 147 148 149 150 151 152 155 156 157 159 161 163 164 165 166 167 169 170 171 173 174 178 180 182
26 141 144 146 151 152 153 155 156 157 158 159 160 161 162 164 165 168 169 173 174 175 176 177 178 180 182
17 142 144 147 148 149 151 152 156 160 163 165 168 170 171 172 177 179
22 144 145 146 148 149 151 153 154 155 156 158 160 161 165 167 169 170 171 176 178 180 181
16 141 144 148 150 153 156 159 160 163 165 174 175 176 177 181 182
22 142 143 145 146 149 153 154 156 158 159 163 164 165 166 167 169 174 176 177 178 181 182
25 143 145 148 151 153 155 156 159 160 162 163 164 167 168 169 171 173 174 175 176 177 178 179 180 181
18 142 143 146 147 148 149 153 154 161 163 165 169 170 171 175 177 179 182
26 141 142 143 144 145 147 148 149 150 151 152 154 155 157 162 169 170 171 173 175 176 177 178 179 180 181
19 143 146 149 151 152 154 157 160 161 162 167 168 170 171 173 177 179 181 182
26 142 143 146 150 151 152 155 156 158 159 160 161 162 163 167 168 169 170 171 174 175 176 179 180 181 182
15 143 145 146 153 155 158 160 164 165 166 168 170 173 176 182
33 184 186 187 190 191 193 196 197 198 201 202 203 207 208 209 210 213 214 220 223 224 228 229 230 231 232 233 234 238 239 240 241 242
51 183 184 185 186 188 189 190 191 192 193 194 195 197 198 199 200 201 202 203 204 205 206 207 208 212 213 215 217 218 219 220 221 222 223 224 225 226 227 228 229 230 232 233 234 235 236 237 238 239 241 242
18 184 186 190 191 196 201 203 204 206 211 212 216 220 223 224 230 233 241
29 183 184 185 187 188 190 191 193 194 195 196 197 200 201 202 203 206 208 210 211 215 223 228 232 233 234 237 239 241
6 183 192 207 213 232 236
27 186 187 189 192 193 196 201 206 208 209 210 211 214 217 220 223 225 226 227 228 230 232 235 238 239 240 241
27 183 184 189 191 196 197 198 200 201 203 204 205 208 209 213 218 221 224 228 231 232 233 236 238 239 240 242
23 189 190 193 194 195 197 198 199 200 201 211 212 215 217 218 220 221 222 224 229 234 241 242
21 184 189 194 199 200 205 207 212 213 215 217 219 222 223 232 234 236 238 239 241 242
31 186 189 192 198 199 204 205 207 209 212 213 214 216 217 218 219 220 221 222 224 225 226 227 229 230 231 235 236 238 240 242
17 183 191 201 208 209 211 212 217 218 222 231 236 238 239 240 241 242
6 185 203 210 213 221 224
39 184 186 187 188 190 191 192 193 197 198 199 201 203 205 206 210 211 215 216 217 218 219 220 221 223 224 225 226 228 230 231 233 234 236 238 239 240 241 242
21 186 195 198 199 200 201 202 205 206 211 214 215 218 219 220 221 226 229 231 241 242
36 183 186 187 188 189 191 194 195 196 197 199 202 203 205 206 208 210 211 214 215 216 218 220 222 223 224 228 230 231 232 233 235 237 238 239 241
19 184 187 190 196 200 205 208 210 222 225 226 227 230 232 233 234 237 239 240
20 192 194 197 200 206 209 213 215 216 218 219 221 225 228 229 230 232 233 238 242
18 183 187 191 198 201 206 209 210 211 214 216 224 226 227 228 233 235 237
33 183 186 193 194 195 196 198 199 200 201 204 205 206 207 208 210 213 214 215 217 218 220 223 224 225 226 228 230 232 233 235 240 241
27 184 185 187 188 189 190 191 192 197 202 203 209 211 212 216 219 221 222 227 229 231 234 236 237 238 239 242
33 185 186 187 188 190 192 193 194 195 199 202 206 207 210 211 212 214 215 216 217 219 220 222 223 225 226 227 229 230 234 235 237 241
20 184 186 188 190 191 196 198 204 205 208 212 217 222 224 227 231 234 239 240 241
11 183 188 190 191 201 203 204 212 215 217 228
33 183 184 185 188 190 191 194 195 197 198 199 200 202 203 204 205 207 212 213 215 216 218 219 221 222 224 229 231 233 234 236 237 242
21 185 187 196 198 200 201 204 205 211 213 217 218 219 220 221 224 225 226 227 235 239
21 183 185 189 194 195 196 200 202 204 207 208 209 212 213 214 222 227 229 232 235 237
12 186 188 191 192 202 203 214 216 219 230 232 238
21 185 186 188 190 192 193 195 196 197 202 203 204 208 218 220 221 225 229 230 231 240
16 184 185 186 187 189 192 196 204 214 217 221 225 229 232 233 239
10 185 192 196 199 209 214 217 225 229 230
17 183 187 191 205 206 210 213 215 216 221 223 224 227 228 234 239 241
13 189 193 194 195 196 206 207 213 224 225 229 235 242
27 183 185 188 189 192 194 195 199 200 204 205 206 211 212 215 216 217 218 219 221 222 225 226 227 235 236 237
39 183 184 186 188 192 193 196 199 200 202 203 204 205 206 207 208 209 210 212 213 214 215 216 219 220 221 223 224 225 226 229 230 231 232 233 234 235 237 238
15 192 200 205 207 208 209 210 211 214 216 222 231 233 234 238
16 189 190 191 192 199 203 207 214 215 230 231 232 234 238 240 242
20 184 185 188 189 194 197 201 202 203 204 207 208 211 219 222 229 231 232 236 238
10 196 207 209 210 213 223 228 231 236 239
21 184 188 189 190 192 193 194 197 199 200 202 205 207 214 216 225 228 229 233 234 237
18 183 187 190 191 197 202 206 207 210 212 219 220 222 235 236 237 241 242
11 188 193 198 213 216 220 221 224 231 236 238
14 188 193 199 201 208 209 210 213 215 216 218 228 234 236
23 184 188 190 191 196 201 202 208 211 212 215 216 217 219 222 226 228 230 231 234 240 241 242
20 183 187 189 192 193 194 199 202 207 208 209 210 219 226 228 231 234 235 236 237
20 187 192 197 199 200 202 205 210 211 220 222 226 230 231 232 234 237 238 239 241
9 187 196 209 210 211 214 216 231 240
14 186 187 189 194 197 198 199 200 206 214 227 233 235 237
15 183 184 185 187 204 205 206 208 225 226 227 233 235 237 240
10 214 215 217 218 225 227 229 232 238 242
20 183 184 187 190 197 203 207 209 210 212 217 223 225 228 233 234 236 237 238 239
13 183 197 202 203 206 222 223 230 235 237 238 240 241
21 183 185 189 191 194 197 202 204 206 214 219 221 231 232 233 237 238 239 240 241 242
21 185 187 189 190 191 194 195 197 198 201 211 217 218 222 227 228 236 239 240 241 242
14 186 188 193 200 208 211 221 223 224 226 227 231 232 239
20 183 185 187 189 193 195 199 201 202 203 207 210 211 214 220 223 226 235 236 237
19 185 188 189 191 192 193 194 196 204 208 213 216 222 224 227 230 232 235 240
23 183 184 186 188 193 194 195 197 202 206 208 209 210 212 216 222 223 228 229 233 236 237 241
16 184 185 186 198 208 209 214 216 218 219 221 223 227 233 236 240
17 190 191 194 195 198 200 205 207 211 212 219 220 224 226 227 231 242
13 185 186 191 197 202 203 206 207 218 223 228 235 242
12 190 194 195 196 206 219 223 227 230 236 240 241
24 184 185 190 192 193 198 200 201 204 207 209 212 213 217 219 221 225 226 227 229 234 236 240 242
25 184 187 188 192 193 194 197 199 201 205 206 209 216 217 225 228 229 231 232 233 235 237 238 239 242
17 185 193 195 203 204 205 209 210 218 220 221 223 224 225 229 238 239
18 185 190 191 198 202 203 204 212 213 214 215 219 223 226 227 230 236 241
21 184 186 187 188 189 191 198 204 212 213 215 218 220 221 224 226 228 229 235 237 242
17 183 186 189 195 196 200 207 208 210 211 218 220 221 222 224 234 240
12 185 188 195 197 198 200 205 213 221 222 239 240
8 190 195 209 212 217 220 225 230
16 186 187 195 196 198 204 206 215 219 220 223 226 227 230 232 235
18 184 189 194 195 198 201 203 204 205 213 215 216 218 228 233 234 238 240
17 183 189 192 194 195 199 201 204 209 211 212 214 215 217 219 229 241
12 183 185 193 197 199 201 202 203 217 225 232 239
15 186 192 193 196 198 199 200 214 218 226 233 235 237 240 242
39 184 186 187 188 190 192 193 195 196 198 199 200 201 203 205 207 208 209 210 211 212 213 215 216 217 218 220 222 223 224 225 226 227 228 229 230 234 235 236
11 195 201 205 214 215 219 220 221 226 231 242
19 190 194 195 197 198 199 211 212 215 217 218 220 221 222 224 229 234 241 242
17 183 191 197 198 200 203 205 208 209 213 224 228 231 236 238 240 242
18 184 187 188 189 191 192 202 209 211 212 216 219 227 229 234 236 237 238
33 184 186 187 188 190 191 192 193 198 199 203 205 206 210 211 215 217 218 219 220 221 223 225 226 230 233 234 236 238 239 240 241 242
10 186 187 188 198 215 218 220 226 228 229
11 184 185 187 204 205 206 225 226 227 237 240
24 183 184 185 190 191 194 197 198 199 200 202 212 213 215 218 219 221 222 231 233 234 236 237 242
7 214 215 218 225 232 238 242
10 183 201 208 209 217 218 222 231 239 241
6 197 206 230 235 237 241
10 187 204 205 206 208 225 226 227 233 235
16 185 187 189 190 191 195 197 201 211 217 218 222 227 236 239 240
14 194 197 200 206 209 213 216 219 221 229 230 233 238 242
12 189 191 192 203 207 214 230 231 234 238 240 242
15 183 184 187 190 203 207 209 210 225 228 233 234 236 238 239
10 183 195 200 209 212 213 222 227 232 235
3 210 213 221
9 186 188 193 211 223 226 227 231 232
30 183 184 186 192 193 196 199 200 202 203 205 206 207 209 210 212 213 214 215 220 221 223 224 230 232 233 234 235 237 238
12 183 192 193 202 207 209 210 226 228 231 234 235
3 210 213 221
8 183 189 192 201 214 219 229 241
14 187 198 200 201 204 205 213 217 218 219 220 221 224 225
13 184 188 189 194 197 201 202 203 204 207 231 232 236
8 198 208 214 216 219 227 233 236
27 183 184 185 188 190 191 194 195 197 198 199 200 202 204 205 207 212 213 218 219 221 222 224 231 234 236 237
19 185 188 190 197 198 200 202 205 213 215 216 219 221 222 224 229 231 234 242
14 185 193 195 203 209 210 218 220 223 224 225 229 238 239
11 183 197 202 203 222 223 230 235 237 238 240
8 184 185 189 192 196 214 217 221
8 189 193 196 206 207 213 224 229
11 195 198 205 211 214 215 220 221 226 229 241
22 183 184 189 191 196 198 201 204 205 208 213 218 221 224 228 231 232 233 236 238 239 242
3 192 207 213
12 185 190 198 203 212 213 215 219 223 227 230 236
11 192 200 206 216 218 219 225 228 229 230 238
25 186 187 188 190 195 198 199 205 208 210 211 212 215 217 218 220 222 224 225 226 227 228 230 235 236
18 187 189 190 191 194 195 197 198 201 211 217 218 227 236 239 240 241 242
12 186 192 193 196 198 200 214 218 226 233 237 242
15 184 188 192 193 194 206 216 217 225 228 229 231 232 239 242
11 191 198 206 210 211 216 224 226 227 233 237
13 185 188 189 191 193 194 204 208 216 222 224 232 235
9 185 193 195 203 204 210 220 221 223
22 189 192 204 205 207 212 213 216 219 221 222 224 225 226 227 230 231 235 236 238 240 242
14 183 187 191 198 201 206 209 210 211 214 216 226 227 235
5 187 209 210 211 216
13 184 185 186 198 208 214 218 219 221 223 227 233 236
16 184 185 190 192 198 201 204 207 212 213 217 219 225 227 236 242
13 189 190 192 199 203 214 215 230 231 234 238 240 242
27 184 185 188 192 193 194 195 197 198 200 205 206 207 212 213 217 221 226 228 229 232 233 234 235 236 238 241
14 189 194 195 198 201 203 204 205 215 216 228 233 234 238
5 192 207 213 232 236
20 183 186 187 189 191 194 195 197 202 210 214 216 218 228 231 233 235 238 239 241
9 186 188 191 192 202 214 219 230 232
5 196 207 210 223 239
14 188 189 192 193 194 200 202 205 216 225 228 229 233 234
18 183 186 195 199 200 204 205 206 208 210 217 218 220 224 230 232 233 240
19 184 191 201 202 208 211 212 215 216 217 219 222 226 228 230 231 234 240 241
17 193 196 201 204 206 208 210 214 215 218 220 223 225 228 232 235 240
14 183 187 190 191 197 202 206 207 212 219 220 236 241 242
11 186 192 193 196 198 226 233 235 237 240 242
23 184 186 190 193 196 197 198 201 202 203 207 209 213 224 228 229 230 231 232 233 238 241 242
24 183 184 185 188 190 191 193 195 196 197 200 201 202 203 206 208 210 211 215 228 232 233 234 241
5 196 209 210 231 239
17 183 184 189 191 198 201 203 205 208 213 224 228 232 233 238 239 240
11 187 193 195 199 207 211 214 220 226 236 237
27 183 186 187 189 191 194 195 196 199 202 203 205 208 210 211 214 215 216 223 228 230 232 235 237 238 239 241
7 196 207 223 228 231 236 239
15 186 195 198 199 200 201 202 205 206 211 214 218 220 221 231
9 192 194 195 199 211 214 219 229 241
12 187 192 194 202 207 208 219 231 234 235 236 237
13 184 188 190 191 196 202 208 216 217 228 234 240 241
28 184 186 188 192 193 196 199 200 202 205 206 207 209 212 214 215 219 220 221 223 224 225 226 230 231 232 234 237
12 185 188 195 197 202 204 208 220 229 230 231 240
9 183 186 189 196 200 218 220 221 240
11 185 187 196 211 218 220 225 226 227 235 239
8 188 193 208 211 224 227 231 239
11 188 189 197 203 207 211 219 229 231 232 238
6 190 209 217 220 225 230
15 189 204 209 213 214 216 218 219 222 224 227 229 231 236 242
7 186 193 211 221 223 231 239
19 184 189 191 196 197 198 201 204 205 208 209 213 218 224 231 232 236 238 240
16 184 185 189 197 201 202 203 204 207 208 211 219 222 231 232 236
11 186 192 198 199 200 214 226 233 235 240 242
11 187 196 198 200 204 213 221 224 225 235 239
8 186 187 189 194 198 214 227 235
11 186 198 209 216 218 219 221 223 227 233 236
8 183 184 185 204 208 225 233 235
17 184 187 188 189 191 198 204 212 213 218 221 224 226 228 235 237 242
26 186 187 190 191 193 196 197 198 202 203 207 209 213 214 220 223 224 228 229 233 234 238 239 240 241 242
6 185 192 209 214 229 230
3 210 221 224
16 193 194 195 197 199 201 211 215 217 218 220 221 222 224 241 242
7 187 209 210 211 214 231 240
18 184 187 188 197 199 201 209 216 225 228 229 231 232 233 235 237 239 242
10 190 191 194 195 198 207 211 220 227 242
8 189 191 192 215 231 238 240 242
14 184 189 194 195 201 203 204 205 215 216 228 234 238 240
5 214 225 227 238 242
9 193 195 203 204 218 221 223 224 238
8 197 202 203 206 222 223 235 241
10 185 186 202 203 206 207 218 228 235 242
12 189 193 199 209 210 219 226 228 234 235 236 237
11 186 187 189 198 199 200 206 214 227 233 235
6 188 216 220 221 236 238
15 199 200 201 202 205 206 211 214 215 218 219 220 221 226 231
24 184 185 187 188 189 190 191 192 197 202 209 211 212 216 219 221 222 227 229 236 237 238 239 242
13 189 194 195 198 201 203 205 213 215 218 228 238 240
8 190 191 199 207 231 234 240 242
16 186 188 190 191 204 205 208 212 217 222 224 227 231 234 240 241
28 183 188 192 193 196 200 202 203 207 208 209 212 213 214 215 216 219 220 221 224 225 229 230 231 232 233 235 237
6 187 210 211 214 216 240
8 192 200 205 207 208 214 216 238
8 186 189 194 197 198 199 200 237
6 183 188 201 204 215 228
5 195 209 212 225 230
9 186 189 194 197 200 214 227 235 237
16 187 190 191 197 202 206 207 210 212 219 220 222 236 237 241 242
15 184 187 197 203 207 209 212 217 223 225 233 234 236 238 239
7 188 193 213 216 221 224 236
13 189 190 194 198 200 217 218 221 222 224 229 234 242
15 183 187 191 198 201 206 210 211 224 226 227 228 233 235 237
14 183 187 191 198 201 206 209 211 214 216 226 228 235 237
16 189 191 197 198 200 201 203 204 205 208 221 224 231 232 233 240
13 185 187 201 204 211 213 217 219 220 225 226 227 235
11 189 190 199 203 214 215 230 231 232 234 242
28 186 187 188 190 191 193 199 201 206 210 211 215 216 217 218 219 220 223 224 225 226 228 233 236 238 239 240 241
23 184 185 187 188 189 191 192 202 203 211 212 216 219 221 222 227 229 234 236 237 238 239 242
25 184 186 187 190 191 193 196 201 207 208 209 210 213 214 220 224 228 229 230 231 232 233 234 239 241
7 190 194 195 206 219 223 227
13 186 192 193 196 198 200 214 226 233 235 237 240 242
13 188 190 192 197 200 202 207 214 216 229 233 234 237
14 186 195 196 198 204 206 215 219 220 223 226 227 230 235
22 186 187 189 193 196 201 208 209 210 211 214 217 220 223 225 226 228 230 232 235 240 241
7 197 202 206 222 223 230 238
7 196 207 209 210 228 231 236
16 185 188 191 192 193 194 196 204 208 213 222 224 230 232 235 240
17 187 196 198 200 201 204 211 213 217 218 219 220 221 226 227 235 239
15 183 187 190 197 203 207 210 212 217 223 228 233 236 237 239
20 187 189 191 194 195 199 205 206 208 211 214 220 223 224 230 231 232 237 239 241
20 183 184 187 188 190 193 197 201 202 203 206 210 211 215 223 228 232 234 237 239
5 192 199 209 214 225
10 183 185 193 197 199 202 203 217 232 239
4 183 192 213 236
29 184 186 187 190 193 196 197 198 201 202 207 208 209 210 213 214 220 223 224 228 229 231 232 233 234 238 240 241 242
24 184 186 187 190 193 196 197 198 201 202 203 210 213 223 224 228 230 231 232 233 234 238 240 241
22 185 188 190 192 194 195 199 202 207 210 211 212 215 217 219 220 222 225 227 230 237 241
6 214 217 225 229 232 238
8 189 193 194 196 206 224 225 235
26 183 187 189 191 194 195 196 197 199 208 214 215 216 218 220 222 224 228 230 231 232 233 235 237 238 239
3 185 210 213
15 184 189 194 197 202 203 204 207 208 211 219 229 232 236 238
3 203 210 221
10 185 194 196 207 208 212 214 229 235 237
8 186 188 192 203 214 219 230 232
25 184 186 187 193 196 197 198 202 203 207 208 209 210 214 220 228 229 230 231 232 233 234 239 241 242
8 185 206 208 225 226 233 235 240
35 184 186 187 188 190 191 192 193 197 198 199 201 203 206 210 211 215 216 218 219 220 221 223 224 225 226 228 230 231 233 236 238 239 240 242
15 187 197 200 202 205 211 220 222 230 231 232 234 237 239 241
15 189 190 194 195 197 201 212 217 218 220 222 229 234 241 242
19 185 187 188 190 193 194 199 206 207 212 214 216 217 219 223 226 227 230 234
9 190 200 205 207 211 212 224 227 242
15 190 193 195 197 198 200 201 212 217 221 222 224 229 234 241
8 185 192 196 199 214 217 225 230
12 185 193 204 205 209 210 220 221 224 225 229 238
10 187 197 199 205 210 211 222 237 238 241
15 185 192 198 200 207 209 212 217 221 225 227 229 234 236 240
13 185 188 192 195 199 204 205 206 212 219 222 225 227
10 200 205 207 208 209 211 231 233 234 238
17 184 188 191 202 208 211 216 217 219 226 228 230 231 234 240 241 242
6 214 215 217 227 238 242
16 184 187 190 191 202 203 209 211 216 219 221 231 234 237 239 242
9 197 202 203 222 235 237 238 240 241
18 185 186 190 192 193 196 197 202 203 204 208 218 220 221 225 230 231 240
21 183 184 189 191 196 197 200 203 208 209 213 218 221 224 228 231 233 236 238 240 242
13 183 187 204 205 206 208 225 226 227 233 235 237 240
15 187 192 197 199 200 202 205 210 211 220 230 231 232 238 241
11 187 195 196 198 204 206 219 223 227 232 235
19 188 190 193 195 196 199 200 212 213 216 218 223 224 225 227 228 234 235 236
31 186 188 190 195 198 200 201 203 205 207 208 209 210 211 212 213 215 216 217 218 220 223 224 225 226 227 228 229 230 234 235
10 183 187 197 206 207 219 220 235 236 242
13 185 193 195 203 204 209 218 223 224 225 229 238 239
10 183 208 211 212 217 222 236 239 240 242
14 184 194 200 205 212 213 215 219 222 232 234 236 241 242
29 183 186 187 189 191 194 195 196 199 202 203 206 208 210 214 215 216 218 220 223 224 228 230 231 232 233 235 237 241
13 184 191 202 211 212 215 216 219 222 226 230 241 242
10 187 189 194 197 198 200 206 214 233 237
13 183 184 189 191 198 200 203 204 218 233 236 239 242
7 215 217 218 225 227 238 242
11 184 185 187 204 205 208 226 227 233 237 240
18 185 187 188 189 191 192 203 211 212 216 219 221 229 234 236 237 238 239
10 192 202 205 210 220 222 230 231 232 241
10 187 200 201 204 211 217 220 224 227 239
7 183 185 205 206 226 233 235
9 187 191 198 201 206 209 210 226 227
9 189 194 195 196 206 207 224 229 242
7 193 198 221 224 231 236 238
8 184 185 186 189 192 196 204 239
11 185 186 193 195 196 197 202 220 221 230 240
17 185 186 188 190 192 194 195 202 206 207 211 215 217 225 226 227 235
13 183 191 201 208 209 211 217 231 238 239 240 241 242
9 188 190 191 201 203 204 212 215 228
12 186 187 189 194 197 198 199 200 206 227 233 235
14 184 185 186 187 189 192 196 204 214 217 221 225 232 233
12 183 185 189 193 195 199 202 210 211 214 220 237
21 183 184 191 196 197 198 201 203 204 208 209 213 218 221 228 231 232 238 239 240 242
8 189 194 207 213 224 225 229 242
6 188 200 205 221 239 240
11 189 193 194 196 206 207 213 224 225 229 242
13 185 189 195 196 202 204 207 208 213 222 227 235 237
4 183 213 232 236
9 195 204 205 210 218 220 223 229 239
14 183 187 198 201 206 209 211 214 224 226 227 228 235 237
3 210 221 224
8 185 193 197 199 201 203 232 239
10 186 188 191 192 202 203 214 219 230 232
14 185 189 197 202 206 214 221 232 233 238 239 240 241 242
10 183 186 189 208 210 211 220 222 224 240
13 186 195 199 201 205 211 214 215 219 221 226 231 242
8 190 195 206 219 227 230 240 241
6 214 218 225 232 238 242
14 183 190 191 197 202 206 207 210 219 222 235 236 241 242
16 184 186 188 190 191 198 205 208 212 222 224 227 231 234 240 241
11 185 187 189 190 194 197 201 211 217 218 241
27 189 192 197 198 200 201 202 203 204 205 206 208 212 217 218 219 221 222 224 228 232 233 235 236 239 241 242
6 190 195 209 212 217 220
14 184 190 196 201 208 211 212 215 219 222 226 240 241 242
13 186 187 188 189 191 198 213 220 221 224 228 229 242
7 183 193 197 199 201 203 225
11 186 188 200 208 211 223 224 227 231 232 239
14 184 189 198 201 203 204 205 213 215 218 228 233 234 240
29 184 186 188 189 190 193 195 202 203 206 208 212 213 217 218 220 221 223 225 229 232 234 235 236 237 238 239 241 242
13 187 192 193 199 201 216 225 228 229 231 235 237 239
8 190 194 196 206 219 223 230 240
8 184 185 186 208 209 216 221 227
18 184 186 187 189 191 198 204 212 213 215 218 220 221 226 228 235 237 242
15 183 185 187 193 199 201 202 203 207 210 211 220 223 236 237
8 188 193 198 213 220 224 236 238
11 185 186 191 197 203 207 218 223 228 235 242
6 188 200 205 213 221 222
12 186 188 193 200 208 211 221 224 226 227 231 239
10 183 185 197 201 202 203 217 225 232 239
32 183 185 186 189 190 191 192 193 194 196 198 200 201 203 205 207 211 212 214 218 219 223 224 227 230 231 232 233 237 239 240 242
36 183 185 186 187 188 189 191 198 199 202 203 204 205 206 207 210 212 215 216 217 221 222 223 224 225 228 229 231 232 233 235 236 237 238 240 242
34 183 184 185 186 187 188 189 191 201 203 204 205 207 208 211 212 213 215 217 218 219 221 222 225 227 230 231 232 234 235 236 237 238 242
41 183 188 189 190 191 192 194 197 199 200 201 202 203 204 205 206 208 209 210 212 213 214 216 217 218 219 220 221 222 223 226 227 228 230 231 232 235 237 238 239 240
36 183 184 185 186 187 188 189 190 192 193 194 203 204 208 209 210 211 212 213 214 217 218 219 221 222 223 224 226 230 231 232 236 238 239 241 242
29 184 185 189 190 191 192 197 200 203 204 205 206 208 211 212 213 217 218 219 224 226 227 229 231 235 236 239 240 241
21 183 186 187 195 197 203 206 208 212 213 217 218 219 220 230 232 234 235 236 237 239
38 183 184 185 187 188 189 190 191 194 195 196 197 199 200 201 202 203 204 210 211 212 213 214 217 219 220 221 223 224 225 228 229 232 235 236 238 241 242
33 183 184 185 190 192 193 194 196 197 199 202 203 207 208 209 210 211 212 214 216 217 218 219 220 226 227 229 231 232 234 236 237 238
33 183 184 185 188 190 191 193 194 202 208 210 211 212 213 214 216 218 219 220 221 222 223 224 225 226 227 228 232 235 238 239 241 242
31 185 186 187 188 189 190 191 195 199 200 201 204 206 207 210 212 218 222 224 225 226 227 228 232 233 234 235 237 238 240 241
32 184 185 192 193 194 195 196 199 200 201 202 203 204 210 211 213 214 215 217 218 220 222 224 225 227 228 230 233 235 237 238 239
21 184 187 190 192 193 197 199 202 205 206 208 209 210 211 222 227 229 231 235 241 242
36 183 184 187 189 190 191 193 194 196 200 201 202 204 205 211 213 215 216 217 219 222 223 225 226 227 228 230 231 234 235 236 237 238 239 240 242
27 186 190 192 193 194 195 201 202 204 205 206 208 209 210 211 218 220 224 227 229 233 234 235 237 238 241 242
28 185 187 188 189 190 192 193 196 198 199 201 202 203 208 210 211 213 217 219 220 221 223 226 227 228 231 236 240
41 184 185 186 187 188 189 190 191 193 195 196 199 200 201 202 203 206 207 208 209 211 214 215 217 219 220 221 222 223 224 226 227 228 229 231 232 234 237 239 241 242
21 184 186 188 189 191 198 203 204 205 207 213 216 217 224 227 228 230 233 237 240 242
19 186 188 190 191 193 196 197 198 199 200 202 210 213 218 219 226 234 237 239
27 184 191 194 197 199 200 201 202 204 208 209 210 211 212 214 215 216 217 218 220 221 223 226 231 237 238 242
18 183 185 187 188 189 190 193 199 202 204 205 208 210 212 226 228 234 237
29 184 185 187 188 189 190 191 192 196 198 201 202 205 212 213 217 218 221 222 223 224 227 228 229 232 233 234 237 240
24 186 188 191 193 194 195 198 199 203 204 207 215 217 218 219 220 224 225 228 229 234 237 239 241
40 184 185 186 188 189 190 192 193 194 195 199 200 201 202 203 204 205 206 208 209 211 212 213 214 216 221 225 226 227 228 229 230 231 232 233 237 238 239 241 242
38 184 185 186 188 192 194 195 196 197 200 201 205 206 207 209 210 211 212 213 214 216 218 219 221 224 225 226 227 228 230 231 234 235 237 238 239 241 242
21 185 186 187 189 190 195 198 202 205 206 211 212 213 214 215 217 218 219 228 229 241
29 188 190 192 193 194 198 199 202 203 205 206 208 209 210 212 213 214 215 217 218 222 225 227 229 230 231 233 235 237
28 184 188 192 198 200 201 202 204 205 207 208 210 212 213 215 220 221 222 225 227 228 229 232 233 234 235 239 242
26 183 184 187 192 195 196 200 202 203 204 205 207 209 210 211 212 216 219 222 225 226 229 233 234 235 238
26 186 187 188 190 191 192 193 196 197 206 207 210 212 213 214 220 222 223 224 226 229 231 236 237 239 241
33 183 186 187 188 190 194 195 196 198 200 201 202 203 204 207 208 210 211 212 214 215 216 217 219 222 223 224 226 230 233 235 236 241
36 183 184 186 187 188 189 190 191 194 197 199 200 202 203 207 208 211 212 213 216 217 218 220 221 225 227 230 232 233 234 235 236 239 240 241 242
28 188 190 192 193 195 197 199 200 201 206 209 210 212 214 215 217 219 220 224 226 229 230 233 234 235 236 238 239
22 183 185 187 194 197 199 203 204 207 210 211 212 213 216 224 225 231 234 236 239 241 242
33 183 184 187 188 189 190 191 194 195 204 205 206 208 209 210 212 213 215 217 218 221 222 223 224 226 228 229 230 236 238 240 241 242
38 183 186 187 189 190 193 195 196 197 201 202 204 205 206 207 208 209 210 211 214 215 216 217 219 220 223 225 226 227 229 230 234 235 237 238 239 241 242
32 184 188 192 193 194 197 198 200 201 202 203 204 205 206 207 214 216 217 218 219 220 221 222 227 229 230 231 232 237 238 239 240
22 187 188 190 191 194 196 197 198 199 201 204 208 210 221 223 226 227 233 234 237 238 242
32 183 184 186 187 190 191 194 195 196 197 198 199 202 205 208 209 212 213 216 217 218 220 221 222 225 227 230 233 236 238 239 241
24 183 188 190 195 197 198 202 209 210 213 214 218 219 220 221 224 225 229 234 235 236 237 241 242
21 183 184 186 188 191 194 197 201 203 206 210 211 212 215 216 217 219 225 228 236 242
36 183 186 187 188 190 192 193 194 196 198 199 203 205 206 208 210 211 212 214 215 219 221 222 224 225 226 228 229 230 233 234 235 237 238 240 241
25 184 185 194 196 199 200 201 202 203 204 206 207 212 213 215 218 225 230 231 232 233 234 235 237 242
29 185 186 188 190 191 194 195 196 198 201 202 206 208 210 212 213 214 215 219 222 223 227 229 231 234 236 237 238 240
21 184 187 188 190 198 199 202 208 210 211 215 222 225 230 231 232 234 235 237 239 240
19 183 197 199 201 203 205 206 210 211 212 215 218 219 220 232 233 234 237 239
41 183 184 186 188 191 194 195 197 198 199 200 202 205 206 207 208 209 212 213 215 216 217 218 221 222 225 226 227 228 230 231 232 233 234 235 236 238 239 240 241 242
32 183 184 185 187 189 191 193 194 195 197 198 199 202 204 208 210 211 212 213 215 221 222 225 229 231 234 235 238 239 240 241 242
26 183 185 187 189 191 193 200 203 205 206 207 209 212 214 217 218 220 222 225 226 227 229 234 237 239 242
32 183 185 186 187 191 193 194 195 196 197 199 201 202 203 209 210 212 213 214 215 217 218 221 222 226 231 232 233 236 238 240 241
27 184 186 187 192 194 196 197 198 199 200 201 203 206 212 213 214 216 219 221 223 229 232 234 236 238 239 241
38 183 185 186 187 188 189 190 191 193 194 195 196 198 200 201 202 203 204 205 206 207 208 209 210 211 215 217 219 221 222 226 228 230 231 232 233 235 237
33 184 187 189 190 192 194 195 197 198 199 200 201 202 203 204 205 206 208 213 218 219 222 224 225 226 227 228 230 233 238 239 241 242
18 183 189 191 193 194 195 200 201 207 218 223 226 231 232 234 235 241 242
41 183 186 188 191 193 194 196 197 198 200 202 203 204 207 208 209 212 213 214 215 216 217 219 220 222 224 225 227 230 231 232 233 234 235 236 237 238 239 240 241 242
32 183 185 188 189 190 194 199 201 204 208 209 210 212 213 215 217 218 219 220 221 222 223 225 226 228 229 230 234 235 237 239 242
35 184 185 189 191 192 193 194 195 196 197 198 199 200 202 203 204 208 209 211 212 215 218 219 222 223 226 227 228 229 230 231 232 236 239 242
39 183 184 185 188 189 191 192 195 196 197 200 202 203 204 206 207 210 211 212 213 214 215 217 218 220 221 222 226 228 229 230 231 232 233 235 238 239 240 242
29 183 185 187 188 189 191 194 195 197 200 202 204 206 212 213 214 215 216 218 222 224 225 232 233 234 238 239 240 241
34 183 185 187 189 194 195 196 197 198 201 202 203 204 206 207 210 211 218 220 221 223 224 225 230 231 232 233 234 235 237 239 240 241 242
35 183 186 188 189 190 195 196 198 199 204 208 209 210 211 212 213 214 215 216 217 218 220 224 225 226 227 228 229 230 232 233 236 237 238 242
33 184 185 186 189 191 192 194 196 198 202 203 205 206 207 208 209 211 214 216 217 219 220 221 222 224 226 228 229 231 232 234 239 242
18 184 189 190 191 194 196 200 201 202 206 210 225 226 228 232 234 237 242
22 183 185 188 194 196 197 198 200 201 210 211 214 215 218 219 222 226 229 230 231 237 242
35 183 185 187 188 191 192 193 194 196 197 198 199 200 203 206 209 211 212 213 216 217 220 221 222 224 226 231 232 233 235 236 237 238 239 241
32 184 185 188 191 193 194 195 196 197 199 203 206 208 211 214 216 218 221 224 225 226 228 229 231 233 234 235 236 238 239 241 242
18 183 187 188 189 193 202 203 204 207 210 211 212 217 228 230 234 238 239
27 183 185 190 191 192 196 197 198 200 203 205 206 209 212 213 216 225 229 230 231 233 234 236 237 238 240 242
24 187 188 189 192 195 196 198 200 204 207 208 210 211 213 215 219 226 229 230 232 233 239 241 242
30 183 187 190 191 192 193 195 196 198 201 202 207 208 209 210 214 217 218 219 220 221 223 226 228 232 235 237 240 241 242
38 183 184 186 190 193 195 196 197 198 199 201 203 204 207 208 209 212 213 214 215 216 217 218 219 222 223 224 225 226 229 230 231 233 234 237 238 241 242
22 183 184 186 188 191 195 201 202 207 208 209 213 217 218 222 224 225 227 228 235 237 239
24 184 186 188 189 193 194 196 197 199 202 203 205 208 213 214 220 221 226 227 228 229 230 239 242
38 184 185 186 187 194 196 197 198 201 202 203 204 206 207 209 210 211 212 214 215 216 218 220 221 222 224 225 227 228 229 230 232 233 234 236 237 238 239
34 183 185 186 187 189 192 193 195 199 200 202 205 206 210 211 212 213 215 217 221 222 224 227 228 229 231 232 234 235 236 237 238 239 241
19 186 188 191 193 197 198 207 208 210 213 217 219 220 223 224 225 230 235 240
34 183 184 190 193 194 195 196 197 198 201 202 204 205 212 214 216 218 220 221 222 223 225 226 228 229 230 232 234 235 236 238 239 240 241
19 186 187 188 191 199 204 217 218 219 222 223 224 225 227 228 229 231 237 239
18 187 188 192 195 196 199 207 218 219 224 226 228 229 230 233 234 237 238
18 185 187 188 195 196 200 202 203 215 218 219 227 228 231 233 235 236 241
24 184 188 191 195 196 197 200 201 202 203 207 208 211 212 214 215 219 221 222 223 227 231 234 238
23 183 185 190 197 199 204 209 211 217 218 219 220 223 226 229 230 231 232 233 234 236 237 241
32 183 187 188 192 193 194 196 199 201 203 204 205 207 210 211 215 216 217 219 221 223 225 226 228 230 233 234 235 236 240 241 242
38 184 185 186 187 190 191 192 193 195 196 197 199 200 201 203 204 205 207 211 212 213 214 215 217 220 221 223 224 226 228 231 232 233 234 235 239 240 241
26 183 184 185 188 189 190 191 192 204 205 206 208 209 211 214 215 217 218 225 226 227 228 232 234 240 241
19 188 189 195 198 199 202 208 213 215 216 218 222 227 228 230 231 233 239 242
38 183 187 189 190 191 194 196 197 198 201 202 203 204 205 208 209 210 214 216 217 218 220 221 223 224 225 226 228 229 230 231 234 235 236 237 239 240 241
29 184 185 188 190 191 192 194 197 198 202 205 206 207 209 211 214 215 219 220 221 222 223 224 225 226 231 236 241 242
29 185 186 188 189 191 192 196 197 201 202 205 206 207 208 214 215 216 217 223 224 225 226 228 230 232 233 236 239 240
37 183 185 188 190 192 193 196 197 199 200 201 204 205 209 210 211 212 213 214 215 217 218 219 220 221 223 224 225 227 232 233 234 235 237 238 239 240
31 184 185 188 189 192 193 194 195 196 199 200 205 206 208 209 213 216 218 220 226 228 229 230 231 232 234 235 238 240 241 242
26 183 186 189 190 191 193 194 195 196 197 199 203 205 208 211 216 217 220 222 225 226 230 233 234 237 238
22 183 185 194 195 203 207 209 210 211 213 215 216 217 218 233 235 236 237 238 240 241 242
29 183 184 190 192 194 198 199 200 202 203 207 208 210 214 218 219 221 222 227 228 229 230 232 233 234 238 239 241 242
20 184 186 187 193 197 202 203 206 208 211 212 214 216 219 220 222 223 233 236 240
36 183 184 185 187 188 191 192 193 194 198 199 200 201 203 205 207 209 217 218 219 220 222 226 227 228 229 231 232 233 235 236 237 238 239 240 241
21 184 186 187 188 191 198 200 201 202 205 206 214 217 220 226 227 228 231 232 237 238
25 184 185 187 188 189 192 193 200 202 204 205 206 209 210 217 221 224 226 232 233 235 236 239 241 242
38 183 187 189 191 193 195 196 197 199 200 201 202 204 205 206 207 210 211 214 215 217 220 221 223 224 225 226 227 231 232 233 236 237 238 239 240 241 242
20 183 185 189 190 201 206 209 210 211 212 213 217 227 228 232 233 234 237 238 239
34 185 186 187 189 191 193 195 196 198 199 200 201 203 204 205 206 207 208 210 212 218 219 220 221 223 224 225 228 230 232 233 234 236 239
20 183 196 198 199 200 204 205 206 207 210 221 222 225 229 230 233 234 236 237 241
28 183 184 185 188 190 191 192 195 200 202 203 204 205 207 209 211 213 217 221 223 227 229 231 235 236 238 240 241
34 184 186 187 188 189 191 192 193 194 197 198 201 203 204 208 212 213 214 215 217 221 222 223 225 230 231 232 233 234 236 237 238 241 242
41 184 185 186 187 188 189 190 191 192 193 195 196 198 199 201 202 203 204 205 206 208 211 212 213 215 216 219 220 221 223 225 226 229 231 232 233 234 235 236 241 242
26 183 187 197 198 199 201 202 203 207 211 212 214 217 218 220 222 223 224 227 228 229 233 238 239 240 242
29 185 187 190 192 195 197 198 199 201 204 206 209 211 213 218 219 221 224 227 228 229 230 232 235 236 238 240 241 242
35 183 186 187 189 190 194 199 200 202 204 205 206 207 209 211 212 214 215 216 218 221 222 223 224 225 229 230 231 233 234 235 236 240 241 242
37 183 184 185 186 187 188 189 192 193 194 195 197 199 200 203 207 209 210 211 212 214 216 217 219 220 221 223 225 230 231 234 236 237 239 240 241 242
36 185 187 188 192 194 195 196 198 199 200 202 203 204 205 206 207 208 211 212 213 214 215 217 220 222 223 225 226 227 231 235 236 238 239 241 242
19 184 185 187 189 194 198 200 203 206 207 208 209 210 212 221 232 233 234 237
19 183 184 193 195 197 202 207 210 214 215 217 218 220 221 225 226 228 236 241
22 183 190 191 192 195 201 203 204 206 210 211 212 214 218 222 224 225 229 233 235 237 240
27 188 193 195 199 200 201 202 205 206 207 210 211 212 213 215 217 218 220 225 226 227 229 230 232 233 237 242
26 186 188 191 192 195 196 198 205 206 208 209 212 214 215 218 220 222 223 226 227 229 230 231 234 241 242
23 183 186 189 191 195 197 198 201 204 207 211 212 214 215 217 222 224 225 228 235 238 240 241
28 183 193 195 197 198 199 200 202 203 204 205 206 208 209 213 214 215 217 219 221 222 230 233 234 236 238 239 241
20 185 188 199 201 202 206 208 209 211 214 215 226 227 228 231 232 234 239 241 242
29 184 186 187 193 196 197 199 200 201 202 203 206 208 209 214 215 217 218 219 221 223 224 225 227 231 234 239 241 242
23 183 184 186 188 195 197 198 201 202 203 207 209 213 217 220 226 227 229 230 234 235 236 240
18 191 192 196 198 200 207 210 214 218 221 222 223 224 225 231 234 238 241
28 184 187 190 191 192 195 196 200 203 210 211 212 214 215 217 218 219 223 224 225 226 228 229 233 234 236 237 241
34 186 187 191 192 193 194 195 196 197 198 202 203 204 205 206 207 208 212 214 215 217 218 219 220 222 223 231 232 235 236 238 240 241 242
18 186 189 192 197 198 207 211 215 219 227 229 230 235 236 237 239 241 242
29 183 184 186 187 190 192 193 194 195 196 198 200 201 204 206 207 210 213 216 218 221 227 230 231 234 237 239 240 242
33 186 187 188 190 191 193 194 195 198 200 201 202 204 205 206 209 212 213 215 216 218 220 224 225 226 227 228 230 233 234 235 236 237
27 183 185 186 188 193 198 199 200 203 204 208 209 210 214 216 217 218 220 221 222 224 228 233 234 236 241 242
34 185 187 188 190 192 193 196 197 199 200 201 202 203 206 209 210 211 212 213 216 217 218 219 220 222 225 227 231 232 234 235 237 240 242
23 185 187 188 189 192 193 194 198 202 204 205 206 208 210 215 217 222 226 227 230 234 238 239
33 183 184 185 187 188 189 193 195 196 197 198 202 203 204 205 206 207 208 209 213 215 218 220 221 222 224 227 229 230 232 234 235 236
40 183 184 185 188 189 190 191 192 193 194 195 196 197 200 201 203 205 206 207 210 211 212 214 216 217 219 221 222 223 224 225 227 228 231 232 234 236 239 240 242
37 183 184 185 188 189 190 191 193 194 195 196 197 200 204 208 209 210 212 213 214 215 216 217 218 220 221 223 226 228 229 230 231 233 234 238 240 241
30 184 185 186 187 191 196 200 201 202 203 207 208 209 210 211 214 216 217 218 219 221 223 224 227 228 230 231 233 235 236
41 183 184 185 186 187 188 190 191 194 196 198 199 203 205 206 207 208 209 210 213 214 216 217 218 222 223 224 226 227 228 230 231 232 233 234 235 237 239 240 241 242
30 183 185 186 189 191 199 200 201 203 204 205 208 209 210 212 213 214 218 220 221 222 226 230 231 232 233 235 238 239 241
20 184 185 186 187 199 201 204 206 207 212 213 214 216 217 220 225 236 237 240 241
26 184 188 191 192 193 196 197 200 201 204 207 212 213 216 219 221 222 224 225 228 229 231 234 239 241 242
18 197 199 201 202 203 204 207 208 209 210 212 215 230 231 235 236 237 239
18 184 185 186 188 190 191 195 196 200 206 207 211 216 217 225 229 230 235
20 187 188 191 192 195 198 201 207 208 209 211 215 218 220 226 229 232 240 241 242
29 184 186 187 188 189 191 193 195 197 198 200 201 205 207 210 211 212 216 220 222 225 227 229 231 233 237 238 240 242
27 183 185 186 190 193 195 198 199 201 202 203 204 206 210 220 222 223 224 225 228 229 233 236 238 239 241 242
28 183 187 189 190 191 193 194 197 199 200 202 204 212 213 214 215 216 217 218 219 221 223 230 233 236 237 238 240
34 185 186 187 190 192 194 201 202 203 204 205 207 208 209 211 212 213 214 217 218 221 223 224 228 231 232 233 234 235 238 239 240 241 242
24 183 186 193 194 199 200 201 205 212 215 216 220 221 223 225 226 229 231 232 235 236 238 240 242
18 185 187 190 191 194 197 198 205 208 213 214 218 219 223 227 233 235 238
19 183 185 192 194 196 199 203 209 210 215 219 221 224 226 227 228 231 233 238
40 183 184 185 186 187 190 191 192 193 196 197 198 199 201 202 204 205 206 207 210 211 213 215 216 217 218 220 221 223 224 226 230 231 233 235 237 238 240 241 242
35 184 187 190 191 193 194 196 197 198 199 201 202 203 204 205 206 208 211 212 213 214 219 221 224 225 229 230 231 232 235 236 237 238 240 242
38 183 184 185 186 187 189 191 192 193 194 196 197 198 200 202 203 204 205 206 208 213 218 219 220 223 224 225 226 227 228 229 230 231 233 234 235 237 238
24 184 185 188 191 193 197 199 201 207 208 209 210 212 213 216 218 220 221 226 231 234 235 237 241
27 183 192 193 196 197 198 200 201 204 206 208 209 211 212 213 217 223 227 229 230 231 234 235 238 239 240 241
30 183 184 185 187 188 190 191 192 193 194 195 201 204 210 213 214 216 217 219 220 223 224 226 227 228 229 230 235 238 240
41 183 184 185 187 189 190 191 192 194 195 196 198 199 200 201 202 203 204 207 209 211 213 214 217 218 219 223 224 225 226 227 228 230 232 233 235 236 238 239 240 242
32 184 185 186 187 191 192 194 197 200 201 202 203 204 206 207 213 214 216 218 220 221 224 225 227 228 229 232 233 236 237 238 242
27 186 189 191 192 193 194 196 197 198 199 201 203 205 207 213 216 218 221 223 224 226 227 228 230 233 237 238
29 183 188 191 194 196 199 201 202 205 206 208 210 212 214 217 218 219 223 224 226 227 229 231 232 233 235 237 238 240
22 186 191 194 196 198 200 203 206 208 209 210 213 216 217 220 222 223 224 228 229 232 238
20 184 185 189 190 193 194 195 196 198 199 200 205 206 208 212 218 221 228 235 242
18 189 190 191 197 198 211 215 216 217 218 220 221 223 224 228 232 239 242
34 183 185 186 188 189 190 193 194 195 196 198 200 201 203 204 205 206 207 210 216 219 221 224 226 229 231 233 234 236 238 239 240 241 242
37 183 185 186 189 190 191 192 199 200 202 203 205 206 209 211 213 214 215 218 221 222 223 225 227 228 229 230 232 233 234 236 237 238 239 240 241 242
26 183 184 187 188 192 193 194 195 196 197 202 204 206 207 210 212 213 216 222 223 225 227 228 233 239 242
38 183 185 186 190 192 194 196 199 200 201 203 206 207 208 209 211 212 213 214 216 217 218 219 221 223 224 226 227 229 230 232 233 235 237 238 239 241 242
41 183 184 185 186 187 189 190 191 192 193 194 195 196 197 199 201 204 205 207 208 210 211 212 214 215 216 217 218 219 220 221 224 229 230 233 234 235 237 239 240 242
27 183 187 190 192 194 198 202 203 204 205 206 207 208 210 213 214 217 219 223 226 228 233 235 236 237 238 239
29 183 185 186 188 190 193 194 195 197 201 203 206 207 211 214 216 217 218 222 223 224 229 233 234 235 237 239 240 241
26 184 185 186 187 194 196 197 198 199 203 206 207 209 212 216 218 219 222 223 226 232 236 237 238 239 240
34 183 184 186 187 188 189 191 192 193 194 195 197 200 203 208 209 210 211 212 215 216 217 220 222 223 224 225 230 231 235 237 238 239 242
33 184 186 188 190 195 196 197 198 204 205 206 208 209 210 213 214 215 219 220 221 222 223 224 225 226 230 231 233 235 238 240 241 242
22 192 193 194 196 197 198 199 201 202 203 206 207 210 212 216 218 222 229 230 231 236 242
19 185 191 192 194 201 208 211 212 213 214 216 219 223 227 232 234 235 239 242
34 183 185 186 188 190 191 193 194 196 198 200 204 205 207 208 209 212 216 217 218 220 222 223 224 225 229 231 232 234 235 236 237 240 241
31 183 187 188 189 190 191 194 195 199 206 207 208 209 211 213 214 216 219 221 225 227 228 229 233 235 236 237 238 239 241 242
35 183 185 186 189 191 192 193 194 195 196 198 199 200 201 208 210 211 212 213 215 216 218 219 220 221 222 223 228 229 230 231 235 236 241 242
25 184 187 188 189 191 193 197 198 199 200 201 205 210 214 216 218 224 226 228 230 231 233 234 239 241
21 183 187 191 195 198 203 211 212 215 217 218 220 221 222 231 233 236 237 238 240 242
39 186 187 188 189 191 192 193 195 196 197 198 199 200 203 204 206 207 209 210 214 216 217 218 219 220 221 224 225 226 227 228 230 231 232 233 236 239 240 242
27 183 186 188 190 192 196 198 202 205 208 209 213 214 215 219 220 221 224 226 229 230 233 234 235 236 239 240
22 185 189 193 194 196 198 199 200 204 207 208 210 212 214 215 219 221 231 235 237 239 240
18 186 189 192 196 197 198 200 202 204 205 209 210 212 213 217 219 220 236
31 184 185 187 189 190 191 194 197 198 200 202 203 205 206 208 209 211 215 217 221 222 224 226 228 229 231 232 235 236 237 242
26 187 188 189 195 196 198 200 202 203 204 205 210 213 214 215 217 219 220 221 222 224 226 231 233 239 241
37 184 185 186 187 188 189 190 191 193 194 195 200 207 208 210 211 213 215 216 217 218 220 221 222 223 225 228 229 231 232 234 235 237 238 240 241 242
27 184 186 187 188 189 190 193 194 195 199 200 202 205 210 212 213 214 215 220 228 231 235 237 238 239 240 242
18 187 189 196 203 204 212 213 215 216 221 227 229 231 234 237 239 241 242
23 184 186 189 190 199 202 203 206 207 208 210 214 215 217 218 222 223 224 226 231 235 241 242
30 190 192 193 195 196 197 198 200 201 211 215 216 219 220 221 222 225 226 227 228 229 230 231 233 235 236 237 239 240 241
35 184 186 189 190 191 192 193 194 195 198 201 202 203 206 208 210 212 213 214 215 218 220 221 222 223 225 226 228 229 230 233 235 236 239 241
37 183 184 185 186 188 190 191 193 196 197 198 200 201 204 205 206 207 209 210 211 212 213 214 215 216 217 220 223 228 230 233 234 236 237 239 240 242
26 187 189 190 191 192 193 196 201 207 211 212 213 214 215 217 218 219 222 229 232 234 235 236 237 238 242
31 186 188 190 191 192 195 196 199 201 202 207 208 210 211 213 214 215 216 219 220 222 226 229 230 233 234 235 239 240 241 242
38 184 186 188 189 191 196 197 198 199 200 203 205 207 208 209 212 213 214 216 217 218 220 221 222 224 225 226 228 229 231 232 234 235 236 237 238 239 240
22 183 184 185 187 188 196 197 198 200 203 204 210 215 219 220 224 229 230 232 233 234 239
36 183 185 186 187 188 190 191 192 195 196 199 201 202 203 208 209 213 215 216 217 221 222 223 224 225 226 227 228 231 233 234 236 237 239 240 242
20 185 186 188 190 192 196 198 200 202 204 205 206 208 211 212 222 227 230 234 237
18 188 191 192 198 200 203 206 207 218 219 223 224 230 231 234 235 239 240
19 185 191 196 205 208 213 216 220 221 223 224 227 228 232 233 235 236 240 241
41 186 187 188 189 191 192 193 194 196 197 199 200 201 203 204 206 209 210 211 213 214 216 218 219 221 222 223 224 225 227 228 229 232 233 234 235 236 237 238 239 242
18 185 187 188 193 196 197 200 203 208 211 218 222 223 224 225 229 233 241
27 183 185 187 188 189 191 194 195 197 198 200 206 210 212 216 222 223 226 227 229 230 234 236 237 239 240 242
38 185 186 189 191 192 193 194 195 196 197 198 199 200 201 202 203 205 207 208 209 211 212 213 215 217 221 222 223 224 226 227 230 231 235 237 240 241 242
31 184 186 189 191 192 194 196 201 202 203 209 212 213 215 216 217 220 223 224 225 227 228 229 230 231 234 236 237 239 240 241
36 183 185 186 190 191 192 193 194 197 198 199 200 202 203 205 207 208 209 210 211 213 215 217 218 219 222 227 230 232 233 235 236 237 238 240 242
27 183 185 186 192 195 197 199 207 208 209 211 212 213 214 215 218 219 220 221 222 224 230 231 232 234 239 240
34 185 186 187 190 191 192 193 194 195 196 203 205 207 209 212 213 215 216 217 218 219 220 221 222 224 226 227 228 232 233 238 240 241 242
34 183 185 186 187 190 192 193 196 197 198 200 202 203 204 205 206 208 211 212 213 216 219 220 223 226 227 228 230 233 235 236 238 240 242
27 183 184 187 189 191 192 193 194 197 201 203 204 209 215 218 219 220 221 225 226 231 232 234 236 237 240 241
19 193 199 204 207 209 210 216 217 219 222 225 226 229 233 234 236 238 239 242
18 183 186 187 189 190 197 203 206 207 209 211 216 222 227 230 231 234 236
33 183 184 185 186 189 190 191 193 195 196 197 198 202 203 206 208 209 214 217 218 219 223 224 227 228 229 230 231 232 235 237 240 241
23 183 185 186 189 195 196 197 200 205 209 212 216 217 218 221 224 235 236 237 238 239 240 241
32 184 188 191 192 195 198 200 202 203 204 206 208 209 210 211 214 216 217 219 220 221 222 225 228 230 231 234 235 237 238 239 242
24 184 186 189 191 193 197 201 202 203 205 207 208 211 212 213 214 215 217 218 220 227 228 229 236
30 188 189 192 195 196 197 198 201 205 209 210 213 214 215 216 221 223 224 225 228 229 230 231 233 234 235 236 238 239 242
29 183 189 190 196 198 199 202 203 209 210 211 212 213 216 217 218 219 220 224 225 226 227 228 229 230 231 233 235 238
35 184 185 186 187 191 193 195 198 200 201 202 205 206 208 209 212 213 217 218 219 222 223 224 225 227 228 229 232 234 235 236 238 240 241 242
37 184 185 186 187 189 191 193 196 197 198 199 202 205 206 209 210 211 212 213 215 216 218 221 222 223 227 228 229 233 234 236 237 238 239 240 241 242
39 183 185 186 188 189 190 191 195 196 197 199 200 201 203 204 205 206 209 210 212 213 214 215 216 219 220 221 222 223 225 228 229 230 234 236 237 239 241 242
24 184 192 193 195 198 202 204 205 206 208 209 210 214 216 221 222 223 224 227 234 235 237 240 242
19 184 189 191 196 197 201 206 207 210 211 212 219 222 224 226 228 237 240 241
31 184 185 186 188 190 192 193 194 197 198 200 203 204 210 211 212 215 216 218 220 221 222 225 226 228 230 232 234 236 237 241
20 197 199 200 201 202 206 207 208 211 212 215 221 224 228 229 231 232 235 237 238
27 188 189 191 192 194 195 196 199 201 203 204 208 213 220 221 223 225 228 230 231 232 234 238 239 240 241 242
22 187 189 190 191 192 195 198 199 203 208 209 210 212 213 214 215 224 225 228 238 239 242
38 184 187 188 190 192 194 195 196 197 198 200 201 203 204 205 206 207 208 210 211 214 215 216 217 219 220 221 222 225 226 227 231 235 236 239 240 241 242
28 183 187 189 192 193 194 201 202 205 206 207 209 210 212 214 216 218 222 223 226 228 229 230 231 233 234 236 241
35 183 185 188 190 191 193 194 200 201 205 206 209 210 211 212 213 214 215 216 217 218 220 222 223 224 227 230 231 234 236 237 238 240 241 242
36 183 186 187 191 194 195 197 198 200 202 203 205 206 207 210 211 212 213 214 215 216 218 219 222 223 228 229 230 231 233 235 237 238 239 241 242
30 183 184 185 186 187 196 197 199 201 202 203 204 207 209 210 213 214 216 221 222 224 228 229 231 232 234 235 239 240 242
27 183 184 185 196 198 203 206 208 211 212 214 215 217 219 221 222 224 225 226 228 229 232 234 235 236 240 241
28 188 192 195 196 197 199 201 204 205 206 207 209 210 216 218 219 220 221 222 224 226 227 228 230 231 232 236 240
30 184 185 186 188 189 190 192 194 196 197 198 200 203 205 208 209 211 212 214 215 217 218 219 225 226 227 230 232 239 240
29 183 184 185 186 189 192 194 196 201 202 204 205 206 208 209 210 211 214 216 220 225 227 231 232 235 236 237 239 242
40 183 185 186 188 189 190 191 193 194 195 197 198 200 201 202 203 204 210 211 212 213 214 216 217 218 219 224 226 227 228 230 231 232 233 234 236 237 238 239 240
34 183 185 186 189 190 192 193 194 195 197 199 200 201 202 204 205 210 211 212 214 217 222 225 227 230 232 233 234 235 236 237 238 240 242
25 183 184 186 188 190 192 193 195 197 198 199 200 202 203 204 206 208 210 214 219 223 233 236 237 239
22 186 188 190 193 195 198 199 200 202 203 206 208 211 217 219 220 225 226 227 228 229 241
27 183 185 187 188 194 198 203 204 208 209 210 212 214 215 216 219 221 222 226 227 230 234 236 237 238 239 241
25 188 190 193 194 195 197 198 203 205 207 212 214 215 218 219 220 221 223 226 228 230 231 233 240 242
21 184 188 191 192 193 194 195 197 198 199 202 203 211 214 222 226 228 229 236 241 242
27 186 187 191 194 197 198 201 204 212 216 217 220 221 222 224 225 228 230 232 233 234 235 237 238 239 241 242
28 184 187 188 189 195 196 197 199 200 201 206 207 211 212 213 216 219 220 221 223 227 229 230 231 234 237 238 239
36 183 184 185 188 189 190 193 194 196 198 199 201 202 204 205 206 207 208 211 214 217 218 219 220 221 226 227 229 230 231 232 234 235 237 239 242
