208 1196
41 1 2 3 4 5 6 7 8 9 10 11 12 13 14 15 16 17 18 19 20 21 22 23 24 25 26 27 28 29 30 31 32 33 34 35 36 37 38 39 40 41
24 3 4 6 7 10 11 13 14 16 19 20 21 22 23 24 26 29 31 33 34 35 36 39 40
29 1 3 4 6 8 9 10 12 14 16 17 18 20 22 23 25 27 28 29 30 32 33 34 35 36 37 39 40 41
28 2 3 4 6 8 9 11 13 14 15 16 17 18 19 20 21 22 23 25 28 31 32 33 34 35 37 39 40
15 1 4 8 10 12 15 18 21 22 23 24 32 34 36 40
29 1 2 5 6 7 8 11 13 14 15 16 17 18 19 20 21 22 23 24 26 27 28 31 32 33 34 36 37 41
32 1 4 5 6 7 9 10 11 14 15 16 17 18 19 20 21 23 24 25 27 29 30 32 33 34 35 36 37 38 39 40 41
30 1 2 3 5 8 9 11 12 13 14 15 18 19 20 21 22 23 24 25 26 27 28 30 31 32 34 35 38 39 40
20 1 7 8 10 12 15 17 18 20 22 23 25 27 30 31 32 34 35 37 40
12 3 4 11 13 14 18 20 21 22 25 32 38
23 2 3 4 5 7 10 12 13 15 16 17 18 21 24 27 29 32 35 36 38 39 40 41
14 3 6 7 8 12 13 14 17 19 22 23 28 33 41
22 2 3 6 7 8 9 10 11 12 16 17 18 19 20 22 23 24 26 27 31 34 39
22 2 3 4 5 6 8 9 11 12 15 19 22 24 28 29 31 32 36 37 39 40 41
32 1 2 3 4 6 7 10 12 13 14 15 16 17 19 20 22 23 24 25 26 27 29 30 31 32 33 36 37 38 39 40 41
22 2 4 7 11 12 14 15 17 18 19 20 24 26 27 31 33 34 35 37 38 39 41
12 6 9 14 20 22 23 26 29 32 35 40 41
40 42 43 44 45 46 47 48 49 50 51 52 53 54 55 56 57 58 59 60 61 62 63 64 65 66 67 68 69 70 71 72 73 74 75 76 77 78 79 80 81
14 43 44 47 48 49 50 58 60 62 65 66 71 73 77
16 42 43 44 46 48 53 56 61 63 65 66 67 68 74 78 81
20 42 43 44 45 49 53 55 56 58 61 65 66 67 68 71 73 74 75 76 78
25 42 45 47 48 49 50 51 52 53 55 56 58 60 62 67 68 69 70 71 72 74 76 77 78 81
31 42 47 48 50 51 52 53 54 55 56 57 58 59 60 61 62 64 65 67 68 69 70 71 74 75 76 77 78 79 80 81
16 42 45 46 48 49 50 52 59 61 64 69 71 72 74 75 81
20 42 43 44 46 47 50 51 55 56 57 61 65 66 68 69 71 74 76 79 81
25 42 44 45 47 48 49 50 51 52 53 56 57 58 60 61 62 63 65 66 67 68 69 70 73 77
19 42 44 46 50 52 53 55 56 57 64 65 67 68 69 71 75 76 77 80
29 42 43 44 45 46 47 48 49 51 52 54 55 57 58 59 60 63 64 65 67 68 71 72 73 75 76 77 79 80
20 44 47 48 56 57 59 61 62 63 65 66 67 68 69 71 72 75 77 80 81
29 82 83 84 85 86 87 88 89 90 91 92 93 94 95 96 97 98 99 100 101 102 103 104 105 106 107 108 109 110
19 85 86 87 89 92 93 95 96 97 98 99 100 101 104 105 106 108 109 110
15 83 84 85 88 91 93 94 95 96 97 98 99 102 108 109
14 84 85 86 87 89 91 92 97 101 102 105 106 107 108
21 82 84 85 86 87 89 90 91 92 95 96 98 99 102 103 104 105 107 108 109 110
14 82 85 88 92 93 95 96 100 101 105 107 108 109 110
14 83 85 86 87 90 92 94 95 98 101 103 105 108 109
21 82 83 85 87 88 91 92 93 94 95 96 98 99 101 102 103 104 106 108 109 110
14 82 85 86 87 88 90 91 92 94 97 98 101 103 109
10 82 83 85 86 87 96 101 103 104 107
10 83 84 88 90 95 96 97 99 105 108
8 85 87 91 94 103 105 107 109
19 82 83 84 87 88 89 90 94 96 98 99 101 102 103 105 106 107 108 109
19 82 83 85 86 88 89 90 92 93 94 95 96 98 99 103 105 107 109 110
21 83 84 85 87 88 89 90 92 94 96 98 99 100 101 103 105 106 107 108 109 110
15 82 83 86 88 89 91 92 93 95 97 102 103 106 107 109
16 82 83 84 86 88 89 90 91 92 99 100 101 102 103 104 105
20 82 83 84 85 86 87 89 91 92 93 94 97 98 100 101 102 105 106 107 109
17 83 84 86 87 88 89 93 94 97 98 99 101 102 103 106 107 110
20 82 84 86 88 91 92 93 94 95 97 98 99 100 102 104 105 106 107 109 110
16 82 84 85 86 87 88 91 92 93 95 98 100 102 104 108 110
18 82 84 87 89 90 91 93 95 97 99 100 101 103 104 106 107 108 110
20 82 83 85 86 87 90 92 93 94 95 96 97 98 99 100 102 105 106 108 110
14 82 84 85 88 89 90 91 97 98 100 102 104 109 110
13 83 86 87 88 90 96 97 99 102 103 104 107 108
17 83 84 85 86 88 89 90 92 95 97 99 100 101 104 106 108 109
18 82 83 84 85 87 88 89 91 92 93 94 95 98 99 100 101 103 104
9 89 90 95 97 98 100 101 107 110
13 82 87 89 90 95 98 99 100 102 104 106 107 110
19 82 84 86 88 89 91 92 93 94 95 96 97 99 103 104 106 108 109 110
20 83 84 85 86 87 88 89 92 93 94 95 96 97 100 101 102 103 104 107 109
9 82 85 87 91 98 103 104 105 107
19 85 86 87 91 92 95 96 97 98 99 100 102 103 104 106 107 108 109 110
18 84 87 90 91 92 93 94 95 96 97 100 101 102 103 105 106 107 108
15 83 84 85 89 91 92 93 94 97 99 101 102 103 106 110
11 86 87 89 92 93 94 95 97 105 106 110
13 87 88 89 90 91 93 94 98 100 101 103 109 110
19 82 83 85 87 89 92 93 94 96 97 98 99 101 102 103 104 105 108 110
11 85 86 87 92 96 97 100 103 104 106 108
19 83 84 85 86 87 88 89 90 91 92 93 94 97 99 100 101 108 109 110
16 83 84 85 87 89 90 91 92 93 94 97 99 101 103 106 109
15 82 83 84 85 86 88 92 93 96 98 101 102 103 107 108
17 82 83 84 85 86 88 89 91 94 95 97 98 101 102 104 106 110
14 89 90 91 92 93 94 95 97 98 100 102 106 108 109
17 82 83 84 85 87 90 93 95 96 97 98 100 102 103 104 107 108
12 83 87 89 91 92 93 95 96 101 103 107 108
22 82 83 84 86 87 88 89 90 91 92 94 95 96 98 99 100 101 102 105 106 107 110
20 82 85 86 87 89 90 91 92 94 95 96 97 99 100 103 105 106 108 109 110
11 86 88 92 94 95 97 98 100 103 106 107
8 95 98 103 106 107 108 109 110
21 82 83 84 85 87 88 90 91 92 93 94 97 98 99 101 104 105 106 107 108 110
10 82 84 87 90 91 93 95 98 99 104
21 82 83 84 85 86 87 88 89 90 91 92 93 94 98 99 101 102 103 105 106 110
13 82 83 84 90 91 92 95 98 100 106 107 108 109
16 83 86 87 88 90 91 92 93 95 96 97 99 102 103 104 105
15 83 85 87 89 90 91 92 94 96 100 102 104 105 106 110
20 82 84 85 86 87 88 94 95 96 97 98 99 100 101 102 103 105 108 109 110
20 82 83 84 85 87 88 89 90 94 95 96 98 100 101 102 103 104 106 107 110
11 85 87 89 98 103 104 105 107 108 109 110
19 85 86 87 88 89 91 92 93 95 96 98 100 101 103 104 106 107 108 109
13 84 85 86 89 91 93 95 97 99 100 101 102 110
11 84 85 87 88 93 96 97 101 102 104 109
15 84 85 87 88 89 90 91 93 99 102 105 106 107 108 109
22 82 83 85 86 89 90 91 92 93 94 95 97 98 99 100 101 102 104 106 107 108 109
11 83 87 88 96 97 100 102 103 104 105 107
11 85 87 91 93 98 99 100 104 106 107 108
19 83 84 85 86 87 88 90 91 92 94 95 96 98 99 101 102 107 108 110
15 82 83 84 85 94 96 100 101 102 103 104 105 106 108 110
12 84 85 86 87 90 92 93 94 96 98 103 108
22 82 83 86 87 88 89 91 93 95 96 97 98 99 100 102 103 104 105 107 108 109 110
8 83 84 86 89 90 92 93 105
20 82 85 86 87 88 89 90 91 92 93 94 95 96 97 98 99 102 103 105 107
15 82 83 85 86 88 90 91 92 93 94 95 97 100 101 102
13 82 85 88 90 91 92 93 94 96 101 103 104 108
15 84 86 88 89 90 92 94 96 99 100 101 102 103 105 106
9 83 89 90 91 96 99 102 106 107
12 82 85 87 88 89 92 93 97 98 102 103 108
15 82 83 84 86 87 88 89 91 94 95 101 106 107 108 110
18 82 85 87 91 92 93 94 95 97 98 99 100 101 102 103 104 108 110
17 82 83 85 86 93 97 98 99 100 101 102 104 105 106 108 109 110
22 111 112 116 117 120 121 123 124 125 127 130 132 133 135 139 141 144 145 148 151 157 158
16 113 115 118 125 126 128 129 132 138 140 141 143 145 149 154 155
10 123 124 127 138 141 146 147 149 151 158
10 114 124 125 129 130 142 143 148 158 159
22 112 114 115 122 126 128 129 132 134 135 136 138 140 141 142 143 144 147 150 152 156 158
10 119 126 128 131 135 137 138 145 146 154
9 113 115 118 140 146 150 153 154 156
19 112 115 117 118 120 121 123 124 129 132 133 134 139 144 147 150 151 157 158
22 112 115 117 119 122 124 126 127 131 133 135 139 140 141 142 144 145 147 149 150 156 157
15 112 113 117 118 120 121 123 125 133 138 144 148 150 154 155
12 111 112 113 118 119 120 132 134 139 147 157 159
20 112 115 116 118 119 123 124 125 126 130 132 133 137 138 144 145 148 150 152 159
18 115 122 127 128 129 131 135 136 137 138 140 142 145 147 148 150 152 155
9 118 119 121 137 138 139 145 152 157
14 112 121 124 128 133 134 142 143 146 151 152 155 157 159
34 111 112 115 117 118 119 120 122 123 124 125 126 127 128 132 133 134 135 137 139 140 142 143 144 145 146 147 148 149 153 155 156 157 159
14 111 113 117 120 123 124 127 130 139 146 149 151 154 155
13 114 118 129 134 135 138 140 151 154 155 157 158 159
16 111 116 119 122 130 131 134 135 136 137 139 148 153 155 156 157
12 111 113 116 121 123 124 126 127 133 144 149 153
11 112 114 118 119 128 130 134 136 139 152 156
18 113 117 118 119 120 121 125 132 133 139 141 143 144 151 153 154 157 159
25 111 112 113 116 117 119 122 124 125 126 128 136 138 139 141 142 144 148 150 151 153 154 156 157 158
17 119 123 124 125 128 129 130 131 137 138 140 145 146 150 155 156 159
10 114 117 126 127 137 140 141 143 144 154
26 111 112 114 115 117 119 120 124 125 127 128 131 132 133 134 136 138 141 143 148 149 150 153 155 156 158
12 118 119 124 126 127 129 136 139 143 147 156 158
14 115 117 120 124 128 130 135 141 142 145 151 153 154 159
17 113 115 116 117 121 122 133 134 135 137 138 140 148 150 151 157 159
10 114 119 120 121 133 136 142 146 150 159
11 114 116 118 120 125 129 136 137 138 143 152
14 111 117 121 122 126 129 131 132 137 142 145 148 154 157
15 111 113 115 118 120 122 134 135 136 139 141 142 148 153 158
16 112 113 114 117 124 125 127 128 133 140 143 145 146 149 154 158
15 116 118 121 123 129 130 135 140 142 144 145 147 151 154 157
24 111 114 116 119 122 124 127 130 131 134 139 140 141 142 145 146 147 151 152 153 156 157 158 159
25 111 113 114 115 117 118 122 123 126 127 129 130 131 132 135 136 137 138 144 145 147 148 149 154 156
18 111 112 114 115 119 122 123 124 125 127 128 132 135 136 138 141 153 154
19 111 115 118 119 122 123 125 126 128 132 133 134 138 139 140 142 148 151 157
12 111 112 113 122 123 129 131 136 150 152 156 157
19 111 116 120 121 123 124 127 130 132 134 136 139 141 143 144 150 151 156 157
19 114 116 121 122 126 127 130 131 133 136 137 141 142 143 146 148 151 152 155
14 119 120 125 131 136 141 142 143 145 146 147 148 150 156
20 112 113 114 115 117 118 122 125 129 133 140 142 147 148 149 152 153 155 158 159
15 113 114 116 121 129 130 131 136 138 141 150 151 152 154 158
17 111 114 116 118 119 121 122 131 132 137 138 139 140 143 148 152 156
17 115 116 118 120 124 125 130 132 133 134 135 138 145 146 148 151 158
8 115 124 128 129 138 145 153 154
7 112 120 131 137 145 146 152
16 111 112 114 120 123 125 128 131 142 144 145 146 149 153 154 155
13 111 112 114 116 123 124 126 130 134 146 149 156 158
13 111 115 116 117 120 127 132 133 135 141 147 151 154
31 113 116 117 118 120 121 126 129 130 131 133 134 137 139 140 142 143 144 145 146 147 148 149 150 151 152 155 156 157 158 159
9 128 130 132 134 146 148 155 158 159
4 130 132 141 152
29 111 113 114 117 120 121 122 127 128 129 131 134 135 136 139 140 141 142 143 146 147 149 151 153 154 155 156 157 158
18 112 113 123 125 126 127 129 133 134 136 144 146 147 149 150 155 157 158
14 113 115 116 120 125 133 135 140 143 144 150 153 155 159
15 113 114 116 117 124 127 129 135 136 141 143 144 150 156 158
24 114 115 118 120 121 123 127 129 130 131 132 133 134 135 137 140 143 145 146 147 149 152 155 159
7 111 113 121 123 151 153 154
10 116 119 120 125 139 140 141 150 153 158
23 111 112 116 117 122 123 124 127 130 131 134 135 137 139 144 147 148 151 152 153 156 157 158
8 121 130 147 149 153 154 155 159
17 112 113 122 123 126 128 131 134 136 140 144 146 149 150 153 155 156
14 113 119 122 125 126 130 136 137 140 143 146 152 154 156
8 113 122 126 137 139 146 152 159
10 117 123 125 135 140 144 149 150 156 158
17 115 118 120 121 123 126 129 132 138 141 142 144 147 150 151 152 159
13 116 118 119 121 125 131 133 137 145 148 153 157 159
18 114 119 122 126 128 129 131 134 136 137 138 142 143 147 149 152 155 159
30 113 114 115 116 117 118 121 122 123 124 125 126 127 129 137 141 142 143 144 147 149 150 151 152 153 154 155 156 157 159
10 112 115 117 122 128 130 132 137 139 152
10 119 121 128 139 142 147 149 153 155 159
10 115 126 128 129 132 135 136 137 143 149
16 111 114 116 127 128 131 135 138 141 142 145 148 149 153 155 159
19 111 112 119 120 128 130 131 132 133 134 135 136 138 139 140 145 146 148 158
17 112 114 116 117 121 126 127 132 133 143 144 147 149 151 152 154 157
20 111 114 120 122 127 129 131 134 135 136 139 141 143 146 151 153 154 155 156 158
13 111 116 117 124 131 135 137 139 144 152 153 156 157
11 119 120 125 131 141 142 145 146 147 148 156
13 119 123 124 128 130 137 138 140 145 146 150 155 159
9 114 116 129 130 131 150 151 154 158
6 118 119 137 138 152 157
19 111 112 116 117 119 122 125 128 136 138 139 141 142 144 148 151 154 157 158
17 112 115 117 122 124 126 127 131 135 139 141 145 147 149 150 156 157
9 113 114 124 129 136 141 150 156 158
6 122 126 137 139 146 159
10 113 119 125 126 137 140 143 146 152 154
2 130 132
10 114 121 127 133 136 137 141 142 152 155
7 124 130 135 141 145 151 153
12 119 123 124 125 131 137 138 140 145 146 150 156
14 119 124 125 128 129 130 131 138 140 145 146 155 156 159
7 113 122 123 129 150 152 156
10 112 113 122 123 131 136 150 152 156 157
14 113 115 118 125 126 128 129 132 138 140 141 145 149 154
6 113 122 126 146 152 159
10 115 118 125 126 128 129 138 140 143 149
7 124 128 130 135 142 145 151
11 115 117 120 124 128 135 141 142 153 154 159
9 119 125 136 141 142 143 146 147 148
7 118 119 129 136 143 147 158
8 123 124 127 141 147 149 151 158
7 113 122 126 139 146 152 159
6 112 124 126 130 146 158
7 115 126 129 136 137 143 149
16 111 113 125 126 128 136 139 142 144 148 151 153 154 156 157 158
12 112 113 128 134 136 140 144 149 150 153 155 156
9 116 123 130 135 145 147 151 154 157
8 111 122 131 135 136 148 155 156
4 113 126 139 152
18 111 112 114 117 119 120 127 128 133 136 138 141 148 149 150 153 156 158
10 118 123 129 130 142 144 147 151 154 157
7 111 129 131 137 145 154 157
8 111 116 119 130 136 148 153 155
3 130 132 152
6 119 128 135 137 138 154
10 113 115 118 122 134 135 139 141 142 158
13 112 113 117 118 121 123 125 133 138 144 150 154 155
6 112 122 130 132 137 139
14 112 113 122 126 128 131 134 140 144 146 149 150 153 155
8 118 119 121 137 138 145 152 157
7 116 119 120 125 139 141 153
3 130 141 152
6 114 126 137 143 144 154
16 111 116 117 123 130 131 134 137 144 147 148 151 152 153 156 158
10 118 125 131 133 137 145 148 153 157 159
9 113 122 123 128 131 144 149 155 156
9 111 113 116 121 124 126 127 133 144
5 121 142 147 149 153
10 112 113 118 119 120 132 134 147 157 159
7 111 116 127 132 133 135 154
27 111 112 115 118 123 124 125 126 127 128 133 135 137 139 140 142 143 144 145 146 147 148 149 155 156 157 159
12 111 112 120 123 128 131 142 144 145 149 153 155
6 121 128 139 142 147 159
8 111 112 120 132 139 147 157 159
8 111 113 123 136 150 152 156 157
11 113 119 122 125 126 130 136 143 146 152 156
16 111 112 114 115 119 122 123 124 125 127 128 132 136 138 141 154
5 114 121 136 150 159
7 127 138 141 146 149 151 158
26 111 112 115 117 118 119 122 124 125 126 127 128 132 133 134 135 137 142 143 145 147 148 153 155 156 159
4 121 147 149 159
15 114 122 126 128 131 134 136 137 138 142 143 147 149 155 159
12 111 116 119 122 130 131 135 136 139 153 156 157
21 111 112 114 115 117 119 120 125 127 128 131 132 133 134 136 138 148 149 153 155 156
12 115 128 131 135 136 138 140 145 148 150 152 155
8 119 120 121 136 142 146 150 159
9 112 123 124 133 139 144 147 150 158
11 111 113 117 123 124 139 146 149 151 154 155
13 111 116 122 130 131 136 137 139 148 153 155 156 157
11 114 116 119 122 131 132 137 140 148 152 156
10 112 115 117 118 129 133 142 148 149 159
3 112 120 145
9 113 124 127 129 135 141 144 150 158
3 130 141 152
6 113 115 118 146 150 153
12 113 114 116 121 129 131 136 141 150 151 154 158
9 115 121 134 135 137 138 140 151 159
7 124 125 142 143 148 158 159
9 111 119 130 131 134 137 148 153 157
20 111 112 114 115 117 119 120 124 127 128 131 132 134 143 148 149 150 153 155 158
7 112 119 120 134 139 157 159
9 114 118 120 125 129 137 138 143 152
14 111 113 115 118 123 127 131 132 136 145 147 148 154 156
10 113 119 125 126 130 136 140 143 154 156
11 117 120 124 128 130 135 141 142 151 153 154
5 114 125 136 143 152
9 112 114 118 128 130 134 136 152 156
6 119 127 129 136 147 158
15 111 112 119 120 131 132 133 134 135 138 139 140 145 146 158
9 111 115 123 126 134 139 140 142 151
13 121 123 124 127 130 132 141 143 144 150 151 156 157
16 117 122 123 127 131 134 135 139 144 147 151 152 153 156 157 158
10 111 114 115 119 123 124 125 128 132 154
12 115 116 121 122 133 134 135 137 138 148 150 159
4 147 149 155 159
7 118 121 138 139 145 152 157
9 117 121 122 131 132 142 145 148 154
12 114 119 123 124 125 127 128 132 135 136 138 154
8 125 126 130 136 137 140 143 146
9 112 113 114 127 140 145 146 149 154
5 119 128 139 147 153
8 111 113 123 131 136 150 152 157
10 112 114 126 133 143 144 149 151 152 154
5 118 138 139 145 152
16 113 114 115 117 122 129 135 136 137 138 144 145 148 149 154 156
11 111 114 118 131 137 138 139 140 143 152 156
14 114 116 121 122 127 130 131 137 141 142 143 146 148 152
9 116 121 122 126 127 131 133 136 155
10 111 121 124 132 139 141 143 150 151 156
4 121 130 149 159
5 112 115 117 132 139
12 113 115 116 117 121 133 137 138 140 148 151 157
11 111 112 114 123 124 130 134 146 149 156 158
14 111 122 124 131 140 141 142 146 147 152 153 156 157 158
12 111 116 118 119 121 122 131 132 138 140 143 156
8 117 123 125 135 144 149 150 158
15 111 112 119 120 128 130 131 132 133 134 135 136 140 146 148
13 112 115 122 128 129 138 140 141 143 144 147 152 156
4 132 146 155 158
18 111 117 122 123 124 127 130 131 135 137 139 147 148 151 152 153 157 158
4 137 139 146 152
6 124 125 129 142 148 158
8 112 117 122 128 130 137 139 152
14 115 120 121 123 126 129 132 138 144 147 150 151 152 159
6 123 138 141 147 149 151
8 114 124 125 129 143 148 158 159
3 121 153 154
14 113 114 117 124 125 127 128 133 140 143 145 146 154 158
22 113 114 115 116 117 118 121 124 126 127 137 142 143 144 149 150 151 152 153 155 157 159
8 111 113 117 123 130 139 146 149
8 125 126 130 136 140 143 152 154
7 117 125 135 140 144 149 156
8 120 125 131 142 143 145 148 150
6 112 115 128 137 139 152
18 113 116 118 121 122 124 126 129 142 143 144 147 151 152 153 154 156 159
6 115 117 122 128 137 152
6 128 134 146 148 158 159
6 124 127 129 136 139 143
10 114 115 119 123 127 128 132 135 136 154
3 123 153 154
10 113 117 120 123 125 133 144 148 150 155
15 111 112 128 130 131 132 133 134 135 136 138 145 146 148 158
5 128 147 149 155 159
15 112 114 117 121 126 127 132 133 143 144 147 151 152 154 157
4 111 113 123 151
9 115 127 129 131 136 137 138 145 150
8 112 115 128 130 132 137 139 152
12 111 112 123 124 130 132 135 139 141 145 157 158
16 111 118 119 122 123 125 126 128 132 134 138 139 140 142 151 157
4 112 120 131 137
13 112 114 117 124 125 127 128 133 140 143 149 154 158
5 114 125 129 142 159
12 113 119 122 125 126 130 136 137 140 146 152 156
9 113 123 127 134 146 147 149 157 158
8 114 116 117 124 127 135 150 158
10 111 114 116 135 141 145 149 153 155 159
15 113 120 129 131 141 142 147 149 151 153 154 155 156 157 158
10 114 121 122 126 131 142 143 146 151 155
12 119 122 126 128 129 131 137 138 143 147 152 155
7 116 118 120 129 136 138 143
5 119 137 138 139 145
6 115 129 132 137 143 149
10 111 112 118 119 120 132 134 139 147 157
4 123 151 153 154
10 112 113 122 126 134 136 140 146 149 155
10 115 120 128 135 141 142 151 153 154 159
14 112 113 122 123 126 128 131 136 140 144 149 153 155 156
8 113 125 126 136 140 143 154 156
13 112 115 117 118 124 132 133 134 139 144 151 157 158
7 113 125 133 138 144 150 154
8 119 123 125 129 138 146 150 156
5 115 118 140 146 153
13 111 114 115 119 123 124 132 135 136 138 141 153 154
8 114 123 128 131 144 146 153 155
6 113 126 137 139 146 152
6 111 112 120 139 147 159
12 115 117 120 130 135 141 142 145 151 153 154 159
6 116 119 125 150 153 158
11 113 117 118 120 123 125 133 138 144 154 155
10 111 113 123 124 126 127 133 144 149 153
13 113 117 119 120 121 125 132 139 144 151 153 154 157
13 112 115 116 119 124 125 126 130 132 145 148 150 152
11 111 118 119 123 125 128 133 139 140 142 157
8 114 119 121 136 142 146 150 159
7 118 129 134 135 151 157 159
8 111 117 122 131 137 142 145 157
11 114 122 126 128 136 142 143 147 149 152 155
9 120 125 132 141 144 151 153 157 159
14 115 120 121 131 133 134 137 140 145 146 147 149 152 159
5 115 122 130 137 152
5 114 140 141 144 154
9 111 114 115 122 124 128 136 138 154
11 112 117 126 127 131 133 140 142 145 147 150
7 117 123 125 135 144 150 158
6 128 132 146 148 155 158
14 117 121 126 127 132 133 143 144 147 149 151 152 154 157
12 121 123 127 130 132 136 139 141 143 144 150 156
8 114 116 118 125 129 136 138 152
12 111 114 116 118 121 122 131 132 139 140 152 156
6 119 128 139 147 149 155
9 116 118 123 135 144 145 147 154 157
4 112 131 137 146
14 115 117 121 123 124 129 133 134 139 144 147 150 151 157
8 111 116 117 127 133 135 141 154
11 111 113 118 120 122 135 136 139 141 148 158
13 111 116 121 124 127 132 134 139 143 144 150 151 157
9 112 113 119 120 132 134 139 147 159
12 111 120 123 125 142 144 145 146 149 153 154 155
9 112 118 132 133 139 144 151 157 158
12 111 114 118 122 129 135 136 144 145 147 154 156
13 111 116 119 122 131 134 135 136 137 148 155 156 157
11 115 120 121 123 126 132 142 147 150 151 152
15 112 117 118 120 121 124 129 132 133 134 139 147 150 151 158
5 112 117 128 132 152
9 120 125 136 142 145 146 147 148 150
13 114 115 119 123 124 125 127 132 135 136 138 141 153
22 111 113 114 117 118 122 123 126 127 130 131 132 135 136 137 138 144 145 147 148 154 156
13 115 122 128 131 135 136 137 142 145 148 150 152 155
11 111 117 120 123 124 127 130 146 149 151 155
6 130 147 149 153 154 155
6 147 149 153 154 155 159
11 116 118 121 125 131 137 145 148 153 157 159
16 112 115 119 122 127 131 133 135 140 141 144 145 147 149 150 157
13 113 114 115 118 125 129 142 147 149 152 153 155 159
15 115 122 128 129 135 136 137 138 140 145 147 148 150 152 155
11 115 118 125 126 128 132 141 143 145 154 155
21 113 116 117 120 121 126 129 130 133 134 137 139 140 143 145 146 147 151 155 156 157
13 112 113 114 117 125 127 133 140 143 145 146 149 154
5 122 126 139 152 159
11 112 117 118 120 121 123 133 138 148 150 154
19 111 113 114 118 122 123 126 127 132 135 136 137 138 144 147 148 149 154 156
12 111 118 119 121 122 131 137 139 140 143 148 152
10 111 112 113 122 123 129 150 152 156 157
10 111 113 116 121 126 127 133 144 149 153
5 123 144 150 156 158
6 114 125 130 143 148 159
16 112 114 122 126 132 134 135 136 138 140 141 142 144 147 152 156
24 111 113 114 117 119 120 127 128 130 131 132 134 137 139 140 141 144 145 148 153 155 156 157 158
25 113 114 116 118 119 126 127 134 137 139 140 142 143 144 145 147 148 149 150 151 153 154 155 158 159
25 113 118 125 126 127 130 131 132 135 136 137 140 141 143 145 146 149 150 151 153 155 156 157 158 159
16 111 112 113 115 119 127 131 132 133 135 141 142 143 154 155 159
28 111 114 115 117 120 121 122 124 125 127 128 129 133 135 136 137 139 142 145 146 147 149 151 152 153 155 156 157
26 115 116 119 122 126 127 128 131 132 134 136 137 138 139 141 142 143 144 145 146 151 152 154 156 157 158
25 111 113 114 116 117 118 119 120 122 123 124 125 127 130 131 132 134 137 139 143 145 146 147 150 157
30 111 112 114 117 119 120 121 125 126 128 129 131 132 134 137 138 141 142 143 145 146 147 148 150 151 153 154 155 156 157
20 112 116 121 129 133 134 135 137 138 142 146 147 149 150 151 152 153 156 157 158
27 113 115 116 118 119 120 121 123 124 126 127 128 129 130 131 133 136 137 138 139 140 142 145 147 148 154 155
23 113 116 118 120 122 123 125 128 129 132 134 138 140 143 145 146 149 151 153 154 155 156 158
33 111 113 114 116 117 119 121 122 123 124 125 126 128 129 130 131 132 133 134 135 137 138 141 143 145 147 149 151 152 154 156 157 158
22 113 115 119 121 125 127 128 129 134 138 140 141 142 144 145 146 152 153 154 156 157 159
33 111 112 114 115 116 117 119 121 125 126 127 128 129 130 133 134 136 137 140 141 142 143 145 146 147 149 150 152 153 154 155 157 158
22 112 113 114 116 117 119 123 124 125 128 129 131 133 134 136 137 139 141 143 148 151 156
30 113 114 116 117 122 123 125 127 128 129 130 133 137 138 140 142 143 146 147 148 149 150 151 152 153 154 155 156 158 159
29 111 112 116 117 118 121 123 124 125 128 129 130 132 134 137 139 141 144 146 147 148 149 150 151 152 153 155 156 157
24 112 113 115 117 118 119 121 124 126 128 132 134 138 139 146 148 149 150 151 152 155 156 157 159
21 111 112 113 114 118 119 120 122 135 137 138 142 143 146 148 150 151 152 153 154 155
16 116 117 118 119 123 126 127 129 130 132 141 144 145 146 157 158
21 111 119 120 122 124 125 126 130 132 134 137 138 141 142 144 152 153 154 156 157 158
33 111 112 115 116 117 118 119 120 123 125 126 127 128 129 131 132 133 134 135 136 137 139 141 142 144 146 147 148 150 153 154 155 159
16 111 113 114 115 116 117 118 119 121 137 140 141 144 147 154 156
20 111 112 113 118 119 124 127 128 129 131 132 135 136 138 141 144 145 146 149 153
20 115 120 121 122 124 125 128 129 132 138 141 142 143 144 145 147 148 150 151 157
14 111 116 126 136 140 141 142 144 145 151 153 154 158 159
24 111 112 113 116 119 120 121 123 125 126 127 130 134 136 137 138 143 145 148 149 150 152 157 158
21 111 114 115 117 122 123 124 125 128 131 135 136 138 139 143 146 148 149 150 152 153
18 111 113 114 115 126 128 136 139 143 144 145 149 150 151 152 154 155 157
32 111 112 113 114 115 116 117 118 119 121 122 124 125 126 127 128 130 131 132 134 136 137 139 141 142 143 148 149 151 153 157 158
19 112 123 129 130 131 134 135 138 139 141 142 145 146 149 150 151 152 154 156
24 112 114 117 122 127 128 129 130 132 135 136 138 140 141 143 144 145 147 148 149 150 154 157 158
18 112 113 115 118 121 122 124 127 128 130 131 146 147 148 149 156 158 159
22 112 113 114 115 116 123 124 126 127 129 130 131 136 137 139 140 141 143 144 147 151 157
17 112 113 120 123 125 132 135 136 137 138 140 141 145 149 153 154 156
33 112 113 114 116 117 120 121 122 124 125 128 130 132 134 135 136 137 138 139 140 141 142 143 145 147 148 149 150 152 153 154 157 159
26 114 115 116 117 119 120 123 124 125 127 128 133 134 135 137 138 139 141 142 143 144 146 152 154 156 159
26 111 113 117 118 120 121 124 125 126 127 129 131 133 134 136 138 139 145 146 151 153 154 155 156 157 159
23 114 115 116 118 119 120 121 125 126 127 129 137 142 144 146 147 150 151 152 154 155 156 159
33 111 112 114 115 120 121 122 123 125 129 134 135 136 137 138 139 140 141 142 143 144 146 147 148 149 150 151 153 154 155 156 157 158
20 111 112 113 114 117 122 125 126 127 128 130 133 134 135 138 140 144 146 152 154
17 113 118 120 123 127 129 131 133 138 140 141 144 148 149 153 156 158
22 111 112 113 116 119 120 125 127 128 130 131 134 135 138 142 143 144 146 149 152 153 158
27 111 112 114 116 117 118 120 121 122 123 124 128 130 132 136 138 139 140 143 146 149 150 151 155 157 158 159
33 111 112 114 115 120 121 122 125 126 127 128 130 132 133 134 135 136 137 138 139 140 142 144 147 148 149 152 153 154 155 156 158 159
15 113 115 116 120 124 130 133 134 138 142 149 150 155 156 158
20 112 113 114 115 120 121 125 126 128 130 131 136 139 140 142 146 151 155 158 159
15 114 125 126 130 132 133 134 137 139 146 147 148 151 153 158
22 113 114 115 116 117 118 119 125 126 130 131 134 139 144 146 147 150 151 154 155 157 158
22 112 113 114 115 117 120 121 125 130 132 133 134 135 137 139 140 141 142 146 149 151 157
33 111 112 113 114 117 118 119 120 121 123 124 125 127 128 129 130 132 133 134 135 136 137 138 139 141 145 146 147 150 152 153 154 158
18 114 120 126 127 128 129 132 133 135 137 139 141 144 145 147 149 152 158
24 111 112 113 114 115 116 117 118 122 124 125 126 131 135 138 141 144 145 148 149 151 153 154 158
26 111 112 113 117 118 119 121 122 124 125 126 127 129 130 133 134 136 137 139 141 143 146 148 151 155 159
20 111 113 114 115 119 121 123 124 126 133 138 139 142 143 144 145 146 150 152 158
27 111 112 113 114 116 117 118 119 120 122 123 126 127 130 131 133 136 142 143 146 147 148 152 153 155 156 157
25 111 112 115 116 117 120 123 125 126 128 129 133 134 135 136 137 141 144 145 148 149 151 153 156 157
31 111 112 114 117 118 120 121 122 123 124 125 126 127 129 130 131 132 133 134 135 137 139 141 142 143 144 146 152 155 156 157
19 111 114 115 117 122 125 132 135 138 141 142 143 144 145 149 153 154 155 157
17 112 113 121 124 125 126 131 133 137 139 147 149 152 154 156 157 158
17 111 118 127 128 130 131 138 141 142 146 147 148 149 153 155 156 159
22 111 112 120 121 122 123 130 132 133 134 135 136 140 141 145 147 148 150 151 152 155 157
17 117 119 121 122 126 128 131 132 135 137 142 147 148 149 152 153 159
24 114 115 116 118 119 121 122 123 124 127 128 129 134 135 138 140 145 147 150 155 156 157 158 159
18 120 121 122 123 124 125 128 135 137 139 140 141 142 144 146 152 153 157
20 111 113 114 116 119 120 123 125 127 128 130 136 141 151 153 154 156 157 158 159
32 111 113 114 115 117 120 122 123 124 126 128 129 130 131 132 133 135 136 137 138 140 145 147 148 150 151 153 155 156 157 158 159
26 112 114 117 118 119 121 122 125 127 129 130 131 135 137 139 140 141 142 144 145 149 150 151 155 157 159
15 111 117 126 129 131 133 138 145 146 150 151 153 154 156 159
16 115 116 119 120 122 129 132 133 134 135 136 139 143 145 155 159
24 111 112 117 118 119 121 122 124 129 131 133 137 138 140 144 148 149 151 152 153 155 156 158 159
33 111 113 114 115 116 117 118 119 122 124 127 128 129 130 131 132 133 134 135 136 139 141 143 144 145 146 147 151 152 153 154 156 158
21 112 113 115 122 123 127 128 130 133 134 135 139 144 147 149 151 152 154 155 157 158
19 112 118 119 121 123 126 129 130 133 134 135 137 138 144 147 148 152 158 159
34 111 112 113 114 115 116 118 119 120 121 123 127 128 129 132 135 136 137 138 139 142 144 145 146 147 148 149 150 151 152 155 156 157 158
21 112 113 115 117 119 120 121 126 127 128 129 132 133 138 139 147 151 153 154 155 159
28 113 115 116 117 118 120 121 123 126 130 132 136 137 138 140 143 145 146 147 149 151 152 153 154 156 157 158 159
26 111 112 114 116 118 119 121 122 124 126 128 130 133 135 136 137 140 141 147 149 150 152 155 157 158 159
23 111 112 113 116 118 119 122 123 126 129 132 135 136 137 143 144 145 146 148 149 151 152 157
25 111 114 116 118 120 123 124 125 127 132 133 134 138 139 140 142 143 144 145 148 153 154 155 156 157
32 111 114 115 116 119 121 122 123 126 127 128 131 132 133 134 135 136 138 139 142 144 145 146 147 148 149 151 154 155 156 158 159
20 115 120 121 122 133 134 137 138 139 140 143 144 145 146 147 150 156 157 158 159
22 112 114 117 122 124 125 126 128 130 134 136 137 138 144 145 146 147 148 154 155 156 157
32 111 112 114 116 119 120 122 123 124 125 126 127 128 130 132 134 135 136 137 138 140 146 148 149 151 152 153 154 155 156 158 159
29 111 112 114 115 117 120 121 124 126 127 129 130 131 132 135 136 138 139 142 144 145 146 149 150 151 153 156 158 159
32 111 112 113 116 117 118 120 121 122 123 124 125 127 131 132 134 136 138 139 140 141 142 143 146 147 149 150 151 152 154 155 156
28 111 115 116 119 120 122 125 127 128 131 132 133 134 137 138 139 140 141 142 147 149 150 152 153 154 155 157 158
28 112 114 116 118 119 120 121 122 124 125 126 131 133 134 135 136 137 138 141 144 146 149 150 151 153 157 158 159
26 111 112 115 116 117 118 121 122 123 125 128 129 130 131 134 140 141 142 143 145 146 149 153 154 155 159
25 111 115 118 119 120 121 127 128 130 131 132 135 136 138 141 143 146 147 149 151 152 155 156 158 159
22 111 113 120 123 124 126 128 130 132 135 137 138 140 142 143 145 147 150 154 157 158 159
17 114 115 120 124 125 126 127 130 131 132 137 140 146 149 150 156 159
17 111 112 114 115 116 119 120 125 128 130 139 140 145 147 152 157 159
20 111 113 115 116 117 118 121 126 128 129 130 133 136 138 139 140 150 151 152 158
25 113 114 115 116 117 119 123 125 126 128 129 131 132 136 137 138 139 140 145 146 148 151 153 155 157
27 115 116 118 119 120 122 123 124 126 127 133 135 138 140 141 142 143 144 146 149 151 152 154 155 156 158 159
31 111 113 114 115 116 117 118 119 120 121 122 124 128 130 131 132 134 135 136 138 141 142 144 146 147 148 149 150 151 153 154
23 111 112 115 117 119 121 123 124 125 127 128 129 131 133 138 145 146 147 148 152 154 155 156
33 111 112 113 114 116 117 118 119 120 121 122 123 126 127 130 131 132 135 137 138 139 140 142 143 145 146 147 148 149 150 151 152 156
20 112 116 118 119 120 123 128 129 132 133 134 138 143 144 145 146 147 152 154 156
25 112 113 114 115 117 118 122 123 125 126 127 128 132 133 135 138 144 146 147 149 151 152 154 155 158
17 112 118 121 127 128 130 131 137 138 139 145 146 147 152 154 156 157
32 111 112 113 114 115 118 119 121 123 124 125 126 129 130 134 135 137 138 139 141 142 143 146 147 148 149 150 151 153 154 155 157
17 115 116 120 123 125 129 130 132 135 138 141 142 145 151 153 156 158
14 113 114 116 118 123 124 125 128 129 132 136 137 153 159
30 111 112 117 119 120 122 127 128 129 130 131 132 133 134 135 136 138 140 141 145 146 148 149 150 152 153 155 157 158 159
16 111 113 114 120 124 125 140 141 144 145 147 148 151 152 156 157
25 111 113 114 115 117 118 120 121 123 124 125 127 131 133 136 137 139 140 141 142 151 153 154 156 159
25 111 115 116 118 119 122 123 125 128 130 131 134 136 137 138 140 143 144 146 149 150 151 152 153 155
25 112 113 115 117 120 122 125 126 130 132 134 135 136 138 140 142 144 147 148 150 151 153 154 156 158
18 112 117 119 121 125 128 129 130 132 134 140 142 144 146 147 154 157 159
32 111 114 116 117 119 120 123 124 125 127 128 129 130 132 133 134 135 137 138 139 140 142 143 144 145 146 151 153 155 156 157 159
28 112 116 121 122 123 127 128 129 131 133 134 135 137 140 141 143 145 147 148 150 151 153 154 155 156 157 158 159
25 111 114 117 118 119 120 121 123 125 126 127 129 130 132 136 139 142 144 146 147 150 153 154 157 158
32 111 113 114 117 119 120 121 123 124 126 127 128 130 131 132 133 134 135 136 137 138 139 140 142 143 146 148 150 153 154 158 159
21 112 114 117 118 121 126 129 131 135 137 138 140 141 144 145 146 147 148 151 154 156
20 111 112 118 120 121 122 123 127 131 132 134 135 138 139 140 147 154 155 158 159
14 113 114 115 120 127 128 130 132 135 136 141 142 143 146
30 111 112 114 115 116 118 120 121 122 123 126 130 131 133 135 136 137 140 141 142 145 146 147 148 151 152 154 156 157 158
29 111 113 114 116 122 123 126 127 128 130 133 134 135 138 139 141 142 144 145 146 147 148 149 150 152 153 154 158 159
32 112 114 117 118 119 121 123 124 126 127 128 129 133 134 135 136 137 138 139 140 142 144 145 146 147 148 149 152 155 157 158 159
23 113 117 119 120 121 123 124 125 131 134 135 136 138 139 142 143 144 146 150 151 152 153 154
24 113 114 115 116 117 118 119 120 127 128 129 130 134 138 139 140 141 143 145 146 147 149 151 156
30 114 116 118 119 120 122 123 125 126 128 129 133 135 136 138 140 141 142 143 144 145 146 147 148 151 152 155 156 157 158
27 111 112 113 114 115 116 120 125 126 127 128 130 131 135 136 138 145 146 147 148 149 151 152 153 154 156 157
18 112 114 117 123 125 127 131 135 140 141 145 149 154 155 156 157 158 159
26 112 113 114 115 116 117 120 121 123 126 127 130 131 133 134 144 145 146 147 148 152 153 154 156 157 158
18 111 118 119 120 124 130 135 136 137 140 142 143 144 149 151 152 156 157
31 111 113 115 116 117 118 121 122 123 124 126 128 129 130 132 133 134 135 136 139 140 141 143 144 145 146 148 150 151 156 158
25 113 116 118 119 121 122 124 126 127 129 130 131 135 136 138 139 141 142 147 149 153 155 157 158 159
19 112 115 116 122 123 124 126 127 129 131 132 134 135 138 139 144 146 152 157
15 116 117 118 120 122 131 133 134 143 144 146 148 152 154 155
26 112 115 116 119 120 122 127 128 129 131 132 133 134 135 137 138 139 141 143 144 145 146 153 155 156 157
29 111 112 113 115 118 120 121 122 128 131 132 134 135 136 138 139 140 141 143 144 145 146 147 148 151 155 157 158 159
26 114 118 120 122 123 124 125 126 127 129 131 132 133 135 137 138 147 149 150 151 152 154 155 156 158 159
23 112 116 120 125 128 129 131 133 134 136 138 139 140 142 143 144 145 147 148 150 151 158 159
31 111 113 114 115 116 119 122 123 124 126 127 129 130 131 133 134 138 140 141 142 143 146 147 148 149 150 151 153 154 155 159
29 113 114 115 116 117 118 119 120 123 127 130 131 133 134 137 139 140 141 143 144 148 149 150 151 152 153 154 158 159
21 111 112 119 122 123 124 126 127 128 130 131 132 137 138 140 142 145 146 150 154 157
19 111 114 115 119 121 124 125 128 129 130 139 140 142 143 146 151 153 155 156
31 112 113 114 115 117 118 121 122 123 124 127 130 131 132 133 135 136 137 139 140 141 142 146 147 148 151 152 153 156 157 159
19 114 115 116 122 123 125 127 128 134 135 137 138 144 145 147 148 151 156 157
16 111 115 118 119 121 123 125 128 130 133 134 135 139 141 149 158
22 115 117 123 124 125 126 131 132 134 135 136 138 142 143 144 145 146 149 151 154 155 158
16 113 116 119 120 123 124 134 135 139 140 147 148 149 152 154 158
21 113 116 118 121 126 127 130 131 132 136 138 140 143 145 146 147 149 150 151 152 155
20 112 113 116 117 118 123 124 126 137 141 142 144 145 146 149 150 152 156 158 159
19 113 116 118 119 123 124 128 132 134 135 137 141 143 146 150 152 154 155 158
20 111 112 115 117 119 123 126 129 131 132 133 135 137 138 140 141 143 146 156 158
31 111 113 116 117 120 122 124 127 128 131 132 133 134 136 137 138 139 140 141 143 144 146 147 148 150 151 153 154 156 158 159
30 114 116 118 119 120 121 122 124 125 127 128 129 131 132 134 135 136 137 138 139 141 144 147 149 151 152 153 155 157 159
17 116 119 122 125 129 133 134 137 138 139 140 141 146 148 154 156 159
18 113 116 117 123 124 125 129 130 131 133 136 139 141 145 148 151 152 153
29 112 114 115 116 117 119 121 122 124 125 126 129 130 133 135 136 138 140 141 144 146 147 149 151 152 154 155 157 158
31 111 113 114 116 117 118 119 121 123 124 125 126 127 129 131 134 135 136 137 139 140 143 144 149 151 152 154 155 156 158 159
16 112 113 115 119 120 122 126 136 139 140 141 143 147 148 155 159
29 111 112 113 114 119 121 123 125 127 128 129 130 131 134 135 136 140 141 142 144 145 146 147 149 153 156 157 158 159
21 112 113 114 117 119 124 126 127 128 129 131 133 139 142 145 147 151 152 155 156 158
31 111 112 115 116 117 118 120 121 123 124 126 127 128 129 134 135 136 137 138 139 141 143 145 146 148 150 152 154 155 156 157
31 111 112 115 116 117 118 120 121 124 125 127 129 132 135 136 137 139 140 142 144 146 150 151 152 153 154 155 156 157 158 159
28 112 115 116 117 118 119 120 128 130 131 133 134 135 136 137 143 144 145 146 149 150 151 152 154 155 156 158 159
23 111 112 113 115 125 127 130 132 134 137 139 142 143 144 146 147 149 150 153 155 156 157 159
28 111 112 114 115 117 119 120 121 123 124 126 129 131 133 134 135 137 138 141 142 144 145 147 149 150 152 153 159
19 118 119 120 122 123 125 126 128 131 136 137 139 142 144 146 150 153 156 159
16 112 118 120 121 124 125 129 130 135 138 140 143 144 150 152 158
31 111 113 115 117 118 119 121 122 123 124 125 126 127 129 130 131 133 136 138 142 143 144 145 147 148 150 152 153 155 157 158
31 112 113 114 116 117 118 119 123 124 125 126 127 130 131 134 137 138 139 142 145 147 148 150 151 152 153 154 155 157 158 159
32 112 114 115 116 117 119 120 121 122 123 126 129 131 132 133 134 136 137 138 142 143 144 145 146 147 149 151 152 153 154 155 158
15 113 114 117 121 128 129 132 133 144 146 148 150 154 156 159
22 111 114 115 116 122 124 125 126 128 129 130 134 135 138 139 140 142 145 151 154 158 159
28 111 113 114 115 116 117 118 119 121 122 123 124 126 128 131 132 133 135 137 141 142 143 146 147 150 151 153 154
33 113 114 115 117 118 121 122 123 124 125 129 130 132 133 135 136 137 138 139 140 141 142 143 144 146 149 150 151 153 154 156 157 159
23 111 115 117 118 119 122 123 124 126 128 130 135 137 141 142 143 144 145 146 147 148 152 154
31 111 113 114 115 118 120 122 123 124 125 126 130 131 132 133 138 139 140 142 143 144 145 146 147 148 151 154 155 156 158 159
31 115 116 117 118 120 121 122 124 126 127 130 132 133 134 135 136 137 138 140 142 143 145 146 148 149 152 153 156 157 158 159
23 113 114 119 121 122 123 124 125 126 128 130 132 135 138 140 141 142 150 152 155 156 157 159
15 114 120 122 124 127 131 135 136 139 148 150 152 153 156 158
20 112 114 116 119 121 126 127 128 129 130 132 134 137 139 141 147 151 152 158 159
33 113 114 115 116 118 119 120 122 124 125 126 127 128 129 130 131 132 134 136 137 139 140 141 148 149 150 151 153 154 155 156 157 158
30 111 112 113 114 115 116 117 119 120 121 122 124 126 129 130 132 133 134 136 137 138 139 140 141 147 151 152 153 154 159
33 112 113 114 115 116 117 118 119 122 123 125 126 127 128 131 132 133 136 137 139 140 141 142 144 145 146 147 148 149 151 152 156 158
16 113 115 116 118 120 123 126 133 137 138 148 150 152 155 156 158
22 111 114 118 119 120 123 125 126 127 128 132 135 136 137 138 141 143 144 145 147 150 156
33 112 113 114 115 116 117 118 120 121 122 126 127 128 129 130 132 134 135 137 138 139 142 143 144 145 146 148 151 153 155 156 157 158
26 112 115 116 117 118 120 123 125 126 128 129 131 132 135 137 139 140 145 146 149 150 151 155 156 158 159
25 111 112 114 115 116 118 119 121 122 126 127 129 130 131 132 133 137 138 140 143 144 146 152 154 155
32 111 112 113 114 116 117 119 120 121 123 124 127 130 132 134 136 139 140 141 142 143 146 149 151 152 153 154 155 156 157 158 159
24 111 112 115 119 121 122 123 130 132 133 137 139 140 142 145 147 148 149 151 155 156 157 158 159
20 111 112 115 116 120 125 127 128 130 131 135 138 139 145 147 149 152 154 156 159
28 112 113 115 118 119 120 121 124 125 126 127 128 134 135 136 138 142 145 146 147 148 149 150 151 152 154 156 157
17 113 116 121 123 127 130 134 135 136 138 141 142 143 148 151 154 158
16 113 119 120 124 130 137 138 142 143 145 146 148 149 151 158 159
25 111 113 116 119 120 121 122 125 128 132 135 136 139 141 143 145 147 149 150 151 152 153 155 157 158
33 111 112 114 115 116 117 118 119 120 123 124 126 127 130 131 132 135 136 137 139 142 143 144 145 146 147 148 149 150 151 153 156 158
29 113 116 117 124 125 126 127 129 130 131 133 134 137 138 140 141 142 143 145 146 147 148 151 153 154 155 156 157 158
24 111 116 118 119 120 121 124 125 127 131 133 134 135 137 138 139 140 143 144 149 151 153 155 156
17 112 113 115 121 122 123 124 125 130 132 133 139 144 148 150 154 156
28 112 114 117 118 119 121 122 124 125 126 127 132 134 135 139 140 142 143 146 147 149 150 151 152 155 156 157 159
34 111 112 113 114 116 118 119 120 121 122 123 124 127 129 130 131 133 134 135 136 138 140 141 143 144 146 148 149 151 152 154 156 157 158
23 112 113 114 117 118 125 128 133 135 138 141 142 143 145 146 147 148 150 151 152 153 154 158
28 112 114 115 116 118 119 120 122 123 124 125 127 129 130 132 133 134 137 138 140 143 144 146 153 155 156 158 159
32 111 113 114 115 117 118 121 122 124 125 129 130 131 132 133 134 135 136 138 139 140 141 142 145 146 147 148 151 152 153 155 158
29 111 113 114 115 116 117 118 120 121 122 126 127 128 133 134 135 137 138 139 140 141 144 148 150 151 152 155 157 159
27 112 113 114 116 118 119 120 121 123 124 128 129 131 132 135 137 138 140 141 144 145 149 150 154 157 158 159
23 112 113 117 120 123 125 126 127 128 129 134 136 139 140 141 142 143 145 147 150 151 154 157
28 111 113 114 118 119 120 121 124 125 128 129 130 131 133 135 136 137 138 140 141 142 147 148 149 150 151 154 157
15 111 114 118 119 122 125 127 133 134 135 142 146 151 154 159
34 112 113 114 115 116 117 120 121 122 124 125 127 128 130 131 132 133 134 135 136 138 139 140 142 143 145 146 147 148 153 154 156 157 159
24 111 117 119 120 121 123 124 125 126 128 131 132 134 135 136 137 138 140 141 145 147 154 155 157
28 111 113 114 117 118 119 123 124 127 128 129 130 131 134 136 138 139 140 142 143 144 145 146 148 149 153 154 157
22 114 115 116 119 120 123 124 125 127 129 131 134 135 138 140 143 144 146 150 151 155 158
15 111 112 114 115 118 120 123 132 135 141 143 146 154 155 157
24 111 113 114 115 116 117 118 120 122 123 124 126 127 128 129 132 135 136 140 142 146 151 158 159
28 111 112 114 116 118 121 122 123 124 126 127 128 129 131 138 139 140 141 144 145 146 149 150 152 153 154 155 156
20 113 118 121 122 123 125 128 129 131 133 135 136 138 140 144 145 152 155 156 158
26 112 113 114 115 116 117 118 119 125 126 128 129 131 133 134 137 138 139 141 146 148 149 156 157 158 159
21 112 113 116 120 121 122 126 128 129 131 132 134 139 141 142 151 153 154 155 158 159
25 111 117 118 120 121 126 128 130 132 134 135 137 139 140 141 142 143 145 146 150 152 153 155 156 157
23 112 113 114 117 118 126 129 130 133 135 136 137 138 139 142 149 150 151 152 153 154 156 159
17 111 113 114 116 123 124 125 128 132 134 139 141 143 146 148 152 157
27 112 115 116 118 119 120 121 122 124 130 132 133 134 139 141 143 144 147 148 149 150 151 152 154 155 156 159
31 112 113 114 116 117 118 119 120 121 123 125 127 128 129 130 132 134 135 137 139 142 144 145 146 147 148 150 151 153 155 156
18 113 114 115 116 118 120 121 124 126 127 133 139 141 142 143 147 149 152
30 113 114 116 118 121 123 124 125 128 129 130 132 135 137 138 139 140 141 142 143 145 146 148 150 152 153 154 155 156 157
20 114 115 117 119 123 124 127 128 132 136 139 143 146 149 151 152 153 154 157 159
15 117 118 122 123 127 131 132 133 139 141 143 145 150 151 159
17 111 113 114 115 119 120 122 123 129 136 141 143 144 147 148 156 157
31 111 112 113 114 115 116 117 118 120 121 122 123 124 127 130 131 132 134 135 137 139 141 142 144 147 150 151 152 154 155 159
15 111 112 118 119 122 123 131 132 136 138 140 142 147 157 158
18 111 113 114 115 116 130 131 132 134 135 136 138 145 147 148 150 151 157
15 114 117 123 127 135 138 140 141 142 144 146 151 154 158 159
16 116 118 121 123 129 130 131 133 134 139 140 147 155 157 158 159
20 112 113 114 115 116 122 124 126 128 132 134 136 137 143 152 153 155 156 157 159
29 113 114 115 116 119 120 122 123 124 125 126 127 128 130 131 134 138 140 141 142 143 144 146 147 150 151 152 154 158
31 115 116 117 118 119 120 122 124 125 127 130 131 132 134 136 137 138 140 142 143 144 145 146 147 148 150 152 153 154 155 159
29 113 115 116 117 118 119 120 122 124 128 129 130 131 135 137 138 139 143 144 146 147 149 150 152 153 155 156 157 159
19 113 117 118 119 120 121 122 124 129 136 140 144 146 147 149 151 153 157 158
20 112 115 116 118 120 123 124 127 129 131 132 134 137 141 142 143 147 153 157 159
18 114 118 119 120 122 124 125 132 134 135 140 147 148 149 150 154 157 158
29 112 113 114 116 117 118 120 122 125 127 129 130 131 132 133 136 139 140 141 142 146 147 148 151 153 154 155 156 157
21 112 115 116 117 120 123 124 130 131 133 137 138 139 140 141 143 145 146 147 150 155
23 111 112 114 116 117 120 121 122 123 128 130 134 136 137 142 143 144 145 147 152 153 155 159
26 162 163 170 171 172 174 175 176 179 181 182 183 184 186 187 190 192 193 196 197 200 202 203 205 206 208
11 161 162 171 175 185 186 187 193 194 205 206
17 164 165 169 172 174 176 182 183 188 190 194 195 196 197 199 202 203
13 161 178 180 181 184 185 186 193 198 200 204 205 208
12 172 174 178 179 180 181 191 192 199 201 203 208
16 162 163 164 172 174 177 178 180 184 187 191 192 196 198 199 208
19 161 163 166 169 170 179 184 188 191 192 194 195 197 199 201 202 204 206 208
15 160 161 169 170 175 177 180 184 186 187 191 197 201 202 208
9 169 174 177 184 186 190 192 198 208
17 162 163 166 167 172 175 179 184 185 186 192 194 195 198 202 203 207
18 160 163 166 169 170 175 179 181 182 183 186 187 192 193 200 202 203 207
22 163 164 168 170 176 177 179 182 186 188 190 192 193 194 199 200 201 203 205 206 207 208
15 161 164 168 171 174 176 180 181 183 190 191 200 204 205 208
19 166 168 173 174 175 176 177 179 180 181 186 189 190 192 194 200 202 204 208
13 162 164 172 180 183 185 188 189 193 197 203 205 206
14 162 168 170 171 172 178 179 181 184 185 189 190 202 206
13 160 163 165 174 183 186 188 193 194 197 199 201 208
12 164 166 177 181 184 186 188 192 193 199 201 204
22 164 170 175 177 178 179 182 183 184 187 188 190 192 193 196 199 200 202 205 206 207 208
14 160 164 165 167 170 173 176 177 183 184 188 195 196 200
7 161 172 173 182 203 205 207
13 167 171 174 175 176 179 184 188 191 192 200 203 207
24 161 162 165 170 172 173 174 175 176 177 180 182 183 186 188 191 193 198 199 202 203 206 207 208
13 170 174 177 183 186 188 189 190 193 197 201 204 208
14 162 173 176 181 182 183 185 188 192 193 194 196 199 200
8 163 172 181 190 194 198 205 207
33 160 161 165 166 167 168 169 170 171 173 175 176 179 181 182 183 185 186 188 189 190 193 194 195 197 200 201 202 203 204 205 206 207
10 164 177 178 190 194 195 202 203 205 206
20 161 162 163 164 166 167 168 173 175 178 180 181 184 185 187 191 199 203 205 206
10 161 175 178 180 184 186 189 193 197 206
13 163 165 183 185 187 188 193 195 197 198 201 206 207
14 163 167 168 169 178 184 185 187 190 192 194 195 200 201
10 161 166 167 170 171 175 191 195 199 207
20 160 162 164 167 168 171 175 176 180 181 182 183 185 186 187 196 198 200 203 205
27 160 161 162 163 165 166 167 168 169 171 172 173 174 176 180 181 185 186 189 191 194 195 197 198 201 203 204
10 160 168 169 183 190 191 200 201 204 205
12 163 166 168 169 182 189 190 197 198 202 204 207
12 164 165 170 182 189 192 193 194 197 199 203 207
15 160 161 165 166 168 173 177 178 180 188 189 195 198 201 204
9 163 171 174 189 190 195 203 204 207
7 177 182 188 189 193 196 201
18 160 167 168 170 171 174 180 181 187 189 191 193 196 198 199 201 207 208
13 162 166 170 171 174 177 183 184 185 188 193 200 206
22 161 164 166 167 169 173 175 176 177 180 182 187 191 192 195 196 198 200 203 204 205 207
16 160 163 164 169 172 177 178 179 181 182 184 198 200 204 206 207
10 162 163 166 167 168 170 173 187 189 192
12 162 168 171 175 180 191 197 200 201 202 204 207
24 160 161 165 168 169 170 171 175 176 182 183 185 187 189 190 191 194 196 197 202 203 205 207 208
16 161 163 166 167 168 169 172 175 181 184 186 190 194 201 203 205
12 166 167 173 175 178 180 181 183 184 189 191 195
10 160 165 169 170 173 178 187 197 199 206
12 162 166 171 174 176 183 185 196 201 203 205 208
13 161 165 166 177 179 181 184 185 186 187 188 193 206
15 160 162 163 169 170 177 185 188 191 195 197 198 200 201 206
12 162 168 176 178 185 188 190 194 195 197 198 205
17 160 164 165 166 177 178 181 185 186 189 190 193 197 198 201 205 206
11 161 163 167 173 175 180 181 187 188 196 206
15 160 161 162 165 169 171 172 174 185 187 196 197 198 202 204
10 163 164 173 178 183 192 194 195 203 205
8 164 167 169 185 191 194 199 207
16 162 166 171 172 174 176 177 178 179 184 185 186 195 198 202 208
14 160 167 169 170 172 174 176 182 189 190 196 198 199 208
10 165 172 173 174 177 178 189 190 193 207
11 160 164 166 171 179 181 189 196 197 204 205
11 164 165 166 167 168 172 178 179 198 205 206
21 161 162 163 165 166 169 172 173 175 176 179 182 183 184 185 186 188 192 197 200 204
19 161 162 163 168 169 170 172 173 180 182 183 187 194 195 196 199 202 204 208
33 160 162 164 165 170 171 173 174 176 177 178 179 180 182 183 185 187 188 189 191 192 193 195 196 197 198 199 200 202 204 206 207 208
9 160 171 175 177 179 191 201 206 207
9 161 171 172 175 176 179 182 194 203
7 162 164 169 170 172 196 205
21 161 165 167 168 170 173 175 180 186 187 188 189 190 191 192 193 194 195 197 199 202
25 164 165 166 167 168 173 174 178 180 181 183 184 186 187 189 190 192 193 196 199 202 204 205 207 208
10 160 161 167 171 178 182 184 191 199 203
31 160 162 164 165 166 167 168 169 170 171 173 174 176 177 179 182 183 185 187 188 191 192 195 196 199 200 201 202 203 204 208
29 160 163 164 165 167 168 169 175 176 178 179 180 181 186 187 189 190 191 192 194 195 196 197 198 199 201 202 204 208
19 161 164 165 167 171 172 173 174 177 180 184 189 191 196 199 201 204 206 208
16 160 165 169 171 172 176 179 182 192 194 195 196 198 200 202 207
13 162 163 167 172 173 174 178 179 180 195 198 200 206
17 160 163 165 168 173 176 178 179 181 182 187 194 196 200 201 202 204
16 161 164 166 167 173 175 177 180 182 187 192 195 198 200 204 205
9 160 164 177 178 185 186 198 201 205
7 164 166 167 168 172 179 205
7 161 163 175 180 181 187 188
14 160 167 168 170 171 181 187 189 191 193 198 199 207 208
24 160 161 162 163 165 166 167 168 169 171 172 173 174 176 180 181 186 189 191 195 197 198 201 203
7 161 166 167 170 171 199 207
7 160 170 173 177 183 196 200
7 171 177 179 191 201 206 207
11 160 163 165 174 183 186 194 197 199 201 208
5 161 175 186 193 206
8 160 163 164 178 181 184 200 207
20 161 162 163 167 168 169 171 172 173 174 180 181 185 189 191 195 198 201 203 204
7 162 169 172 185 187 197 198
15 161 166 170 179 184 188 192 194 195 197 199 201 202 204 206
11 160 162 175 176 181 183 185 186 187 196 205
7 178 180 181 185 204 205 208
16 164 165 166 167 168 173 180 184 187 189 190 192 199 202 205 208
9 163 168 169 189 190 197 198 202 204
7 160 161 167 178 184 191 199
7 176 178 188 195 197 198 205
19 161 164 167 169 173 175 176 177 180 182 187 191 192 195 198 200 203 204 207
16 161 163 170 179 184 188 191 194 195 197 199 201 202 204 206 208
7 162 168 188 190 197 198 205
21 160 161 163 165 166 167 168 169 171 172 174 180 181 185 189 191 194 195 197 198 204
8 162 173 176 185 188 192 199 200
8 162 166 168 170 173 187 189 192
10 162 165 172 174 185 187 196 197 198 204
13 161 162 163 166 167 168 173 175 180 181 187 199 205
11 162 172 180 185 188 189 193 197 203 205 206
5 178 180 186 189 193
7 166 167 168 172 178 198 205
11 160 165 169 172 179 182 192 194 196 198 202
7 175 176 188 191 200 203 207
9 164 165 166 167 168 172 178 205 206
11 160 169 170 175 177 180 186 187 191 202 208
11 163 167 168 169 184 187 192 194 195 200 201
21 160 166 167 170 171 173 174 176 183 185 187 188 191 195 196 199 200 201 202 203 208
8 164 170 182 192 193 197 199 203
12 167 173 175 186 187 189 192 193 194 195 197 199
10 164 172 178 179 181 182 184 200 206 207
10 160 169 171 176 182 192 194 198 200 202
12 161 163 166 179 184 188 192 197 199 202 204 206
10 167 168 170 171 174 189 191 193 196 199
12 160 163 165 168 173 176 178 179 182 194 196 204
13 160 161 170 175 177 180 184 186 187 191 197 202 208
12 162 166 171 172 176 177 178 179 186 195 202 208
15 170 177 178 179 183 188 190 192 193 196 199 200 205 207 208
12 161 162 167 168 175 180 181 184 185 199 205 206
16 162 165 172 173 176 182 186 188 191 193 198 199 203 206 207 208
7 161 166 167 170 171 175 195
8 160 163 183 186 188 193 194 201
7 172 181 190 194 198 205 207
14 160 167 175 176 180 181 182 183 185 187 196 198 200 203
6 166 167 168 173 187 192
20 160 164 165 167 169 176 178 180 181 186 187 191 192 194 195 196 197 199 201 202
8 160 163 174 186 193 194 197 199
23 163 164 167 168 169 178 179 180 181 186 187 189 190 191 192 194 197 198 199 201 202 204 208
8 175 177 187 191 197 201 202 208
7 170 174 186 193 197 204 208
5 182 188 189 196 201
7 162 176 178 190 194 197 198
7 171 189 190 195 203 204 207
6 163 166 167 168 170 192
8 171 176 183 185 196 201 203 208
10 160 171 172 179 192 195 196 198 202 207
7 162 173 181 183 192 199 200
7 164 165 189 192 194 197 203
17 160 165 167 175 176 180 181 186 190 191 195 197 198 201 202 204 208
20 160 163 164 167 168 169 175 178 179 181 186 187 190 192 195 196 197 199 202 204
21 160 165 168 170 171 175 176 182 183 185 187 189 190 191 194 196 197 202 203 205 208
8 160 161 162 169 172 174 185 202
9 164 165 176 177 183 184 188 195 200
15 162 170 171 172 174 175 179 183 187 190 192 193 200 202 205
12 160 163 165 168 173 176 178 179 181 182 187 194
11 162 165 169 171 174 185 187 196 197 198 202
14 164 168 177 179 182 186 188 190 192 194 199 200 203 207
18 161 167 168 170 173 175 180 186 188 189 190 191 192 194 195 197 199 202
10 163 166 169 182 189 197 198 202 204 207
7 164 165 182 193 194 199 203
13 162 166 167 173 175 178 180 184 187 191 199 203 205
15 165 166 168 174 178 180 181 183 184 187 189 193 196 205 208
13 160 163 165 168 176 178 182 187 194 200 201 202 204
6 168 190 198 202 204 207
14 165 169 171 172 176 182 192 194 195 196 198 200 202 207
7 168 179 185 189 190 202 206
5 169 185 191 199 207
10 163 167 168 169 185 187 192 194 195 201
11 160 170 171 174 181 193 196 199 201 207 208
7 162 171 175 185 186 205 206
12 165 169 172 174 183 188 190 194 196 199 202 203
13 163 165 168 173 176 178 179 182 187 196 200 201 204
5 164 169 185 194 199
8 162 164 172 180 183 185 188 197
9 161 166 179 181 184 187 188 193 206
8 165 172 173 174 189 190 193 207
6 164 166 181 196 204 205
12 163 169 170 177 185 188 191 195 197 198 200 201
5 163 167 168 170 187
6 164 183 192 195 203 205
10 160 164 165 177 181 185 190 193 198 205
13 161 162 168 172 180 183 187 194 195 196 199 204 208
9 172 178 179 180 181 191 192 199 203
10 160 163 186 188 193 194 197 199 201 208
6 190 194 195 202 203 206
6 163 172 190 198 205 207
15 160 167 168 170 171 174 180 181 187 189 191 198 199 201 207
8 160 167 169 172 174 176 182 208
13 164 165 167 168 178 180 189 192 193 196 199 204 205
11 162 168 170 171 172 178 181 184 190 202 206
18 164 170 178 179 182 183 184 187 190 192 193 196 199 200 202 205 207 208
10 162 174 180 184 187 191 192 198 199 208
7 171 174 176 179 184 191 192
7 165 166 177 184 185 186 187
11 161 164 171 174 180 181 183 190 200 204 208
9 165 169 176 182 188 190 195 199 203
12 162 163 172 174 177 178 180 184 191 196 198 199
23 162 165 170 171 174 177 178 179 180 182 183 185 192 195 196 197 199 200 202 204 206 207 208
9 171 175 185 186 187 193 194 205 206
20 160 163 166 167 168 169 171 176 180 181 185 186 189 191 194 195 197 201 203 204
23 163 164 165 167 175 176 179 180 181 186 187 189 190 191 192 194 196 197 198 199 202 204 208
24 160 161 163 165 166 167 168 169 171 172 173 174 176 180 181 185 191 194 195 197 198 201 203 204
11 160 161 170 175 177 180 184 187 191 201 208
5 161 170 171 175 207
6 174 184 186 190 192 208
6 164 177 178 190 202 203
9 163 183 185 187 188 193 195 197 198
13 163 164 168 170 176 182 188 190 193 194 200 207 208
13 166 173 176 177 180 182 187 192 195 196 198 200 203
4 172 190 205 207
5 160 164 181 189 205
6 165 173 174 177 178 190
7 174 177 184 186 190 192 208
10 163 164 169 172 177 181 182 184 200 207
18 163 164 168 170 176 177 179 182 188 190 192 194 199 200 201 205 206 207
5 162 164 169 170 196
8 161 165 166 168 178 180 189 204
11 171 172 174 177 178 184 185 186 195 198 202
9 160 161 162 169 172 196 198 202 204
8 161 175 177 180 197 201 202 208
5 163 167 175 180 196
6 177 182 189 193 196 201
10 161 164 168 176 181 183 190 191 205 208
10 164 167 168 171 175 182 186 187 196 205
5 172 173 203 205 207
9 167 174 175 176 179 184 191 192 207
18 160 162 168 169 176 182 183 185 187 188 192 195 196 200 201 202 204 208
14 161 164 165 167 171 172 177 180 184 189 199 201 206 208
10 163 165 174 183 186 188 193 199 201 208
7 161 164 168 171 190 200 204
8 160 163 165 186 193 197 199 208
7 162 170 171 174 184 193 200
7 168 178 185 188 190 194 197
9 172 174 178 180 181 191 192 203 208
8 175 178 180 184 189 193 197 206
13 161 162 163 164 166 175 178 180 181 185 187 203 206
9 160 164 165 167 170 173 183 196 200
22 164 165 166 167 168 173 174 178 181 183 184 186 187 189 190 192 193 196 199 202 205 208
9 162 172 180 183 185 188 189 197 205
13 164 166 167 169 175 177 187 195 198 200 203 204 205
7 161 162 165 171 187 197 204
7 167 178 184 185 190 194 201
26 162 164 167 169 170 171 173 174 176 177 182 183 185 187 188 191 192 195 196 199 200 201 202 203 204 208
18 160 161 162 163 165 167 168 171 172 173 176 180 181 185 189 198 201 203
10 163 166 169 182 189 190 197 202 204 207
8 165 172 174 177 178 189 190 207
26 160 161 165 166 167 168 169 170 171 173 176 179 181 182 183 186 189 194 195 197 200 201 202 203 204 207
12 163 164 169 177 178 179 181 184 198 200 204 207
5 162 169 170 172 196
11 161 166 169 170 179 188 191 199 201 202 206
10 162 163 172 177 180 184 191 192 196 199
8 170 186 188 190 193 197 201 208
6 162 168 188 190 194 198
10 172 174 178 179 180 191 192 199 201 208
6 160 168 169 201 204 205
21 161 165 170 172 173 174 175 176 177 180 182 186 188 191 198 199 202 203 206 207 208
7 163 182 189 190 197 202 207
26 160 161 165 167 168 169 170 171 173 175 176 182 183 185 186 188 190 194 195 197 200 201 202 204 205 207
8 171 175 191 197 201 202 204 207
8 172 174 178 179 180 191 192 208
11 164 170 173 176 177 183 184 188 195 196 200
12 164 165 166 177 178 181 186 193 197 198 205 206
14 161 162 163 168 169 182 183 187 194 196 199 202 204 208
10 162 168 171 172 178 184 185 189 202 206
14 163 169 170 179 184 188 192 194 195 197 199 201 202 204
7 160 161 167 171 178 184 191
19 161 162 165 170 172 173 174 175 176 177 180 182 183 186 193 199 202 206 208
12 161 163 166 169 176 179 182 184 185 186 197 200
4 164 167 169 207
7 163 165 187 193 195 201 207
21 160 164 165 166 167 168 169 170 171 176 177 183 185 187 188 191 195 199 202 203 208
5 162 164 172 196 205
5 161 172 173 205 207
4 179 191 201 207
10 162 172 180 185 188 189 193 197 205 206
9 174 178 180 181 191 199 201 203 208
10 171 175 180 191 197 200 201 202 204 207
10 162 172 174 178 179 180 195 198 200 206
14 165 170 173 180 187 189 191 192 193 194 195 197 199 202
16 161 162 163 168 169 170 173 180 182 183 187 194 196 199 202 208
5 160 168 169 191 201
8 163 166 168 182 197 198 204 207
5 171 172 176 179 182
9 164 166 177 184 188 192 193 199 204
12 163 164 169 172 177 178 181 184 198 204 206 207
8 160 166 181 189 196 197 204 205
25 161 165 166 167 168 171 173 175 176 179 181 182 183 185 188 190 193 194 195 197 200 201 202 205 207
15 170 175 177 178 179 183 184 187 190 193 196 199 202 205 207
18 166 168 173 178 180 181 184 187 189 190 192 193 196 202 204 205 207 208
10 164 165 166 177 178 186 190 198 201 205
7 171 172 175 176 182 194 203
21 165 167 168 169 170 171 175 176 182 183 188 193 195 200 201 202 203 204 205 206 207
11 161 166 167 168 172 175 181 186 201 203 205
14 160 162 164 171 175 176 180 182 183 185 186 196 198 205
20 162 163 171 174 176 179 181 182 183 184 186 187 190 193 197 200 202 203 205 206
14 166 168 175 176 179 180 181 186 189 194 200 202 204 208
4 164 167 185 191
11 162 173 176 181 182 183 185 188 192 196 199
4 194 198 205 207
9 161 171 176 180 181 183 190 200 208
14 165 166 173 178 180 181 183 186 192 193 202 204 205 207
6 165 179 184 185 186 206
15 165 166 172 174 175 178 180 181 183 187 190 191 197 201 206
17 160 164 166 170 172 178 181 182 186 190 192 198 199 200 204 205 208
16 163 164 169 170 172 173 174 179 186 194 195 198 199 200 202 206
21 160 162 163 165 166 168 171 174 176 177 178 182 186 187 188 190 194 199 203 205 207
22 161 163 168 171 173 174 177 181 183 185 186 189 190 191 193 194 199 200 204 205 206 207
23 160 161 162 164 165 171 172 173 175 178 183 184 185 186 188 195 196 198 200 201 206 207 208
27 160 164 165 167 168 169 171 172 174 175 176 178 179 180 184 185 186 188 190 191 192 194 195 196 201 202 205
31 163 164 165 168 169 170 172 173 175 176 178 180 181 182 183 184 185 188 189 190 191 192 193 194 195 198 203 205 206 207 208
23 161 163 167 168 170 171 172 175 176 177 181 182 185 186 188 190 192 193 195 197 200 201 206
16 161 165 171 172 179 182 186 189 192 193 194 197 201 204 207 208
28 162 165 166 167 169 171 176 177 178 179 180 181 184 185 187 188 189 190 191 194 195 197 198 200 202 204 207 208
23 161 162 163 164 166 167 169 171 175 177 178 180 181 182 184 185 189 193 200 201 202 203 207
30 160 163 165 166 167 169 170 171 172 174 175 176 178 179 180 181 183 187 188 189 190 192 194 195 196 200 201 203 205 208
33 160 161 162 163 164 165 166 169 170 171 172 175 177 179 182 183 184 185 187 189 190 191 192 193 194 196 199 200 203 204 205 206 208
32 160 161 162 163 164 167 168 174 175 177 178 179 181 182 185 186 187 188 189 190 191 192 193 194 195 196 198 199 201 202 203 206
24 160 162 166 167 168 169 171 172 173 174 176 177 179 184 185 186 189 190 194 202 204 205 207 208
27 160 161 163 165 166 169 170 171 173 176 178 182 184 185 186 187 188 189 190 193 194 196 199 200 201 202 204
20 163 164 169 171 172 174 177 178 181 187 189 190 191 193 196 201 203 204 206 207
15 163 170 173 175 176 177 181 186 189 192 197 200 201 205 208
15 160 161 169 171 173 179 183 184 186 188 195 197 199 203 204
26 160 164 165 167 170 171 175 177 178 183 184 185 186 187 188 189 191 192 193 194 195 197 199 202 206 207
34 160 165 168 169 171 172 173 174 175 176 177 178 179 180 181 182 183 184 185 187 190 191 192 193 196 197 198 200 201 204 205 206 207 208
19 164 165 172 174 175 176 180 181 183 186 188 189 191 197 198 201 203 204 206
24 160 162 164 166 167 168 169 170 171 177 179 181 183 185 186 187 189 196 198 200 201 203 206 207
33 160 161 163 164 166 167 168 170 171 172 176 179 180 181 182 183 184 187 188 189 190 191 192 193 195 196 197 200 201 204 205 206 208
15 160 161 162 163 164 168 172 176 179 184 188 189 194 195 201
19 160 162 164 168 171 174 175 178 179 183 186 188 191 193 196 198 201 205 207
29 160 161 164 166 167 169 173 174 178 179 180 181 182 183 186 187 189 190 191 192 193 194 195 200 201 203 206 207 208
31 161 162 166 167 168 170 172 173 174 176 178 179 182 183 184 186 187 188 189 190 192 193 195 196 198 200 201 203 204 205 207
26 160 161 163 164 165 168 170 171 172 174 177 178 179 185 187 190 192 193 194 195 196 199 202 203 204 208
17 161 162 165 168 169 171 177 186 189 190 191 194 195 199 202 205 207
22 160 161 164 166 168 169 170 172 173 176 179 180 181 184 187 192 193 197 198 199 200 208
25 161 165 166 168 170 172 174 180 181 182 183 184 185 186 189 193 196 197 198 199 201 202 203 206 208
18 163 166 167 168 169 175 182 183 185 187 189 191 194 195 196 200 201 207
27 162 163 164 165 166 167 171 174 176 177 181 182 183 185 186 189 190 192 193 195 196 197 199 200 204 206 208
27 160 161 162 163 166 172 173 174 175 178 180 181 182 184 186 187 188 189 192 193 195 196 197 198 202 204 208
26 160 161 166 167 170 171 173 175 177 178 179 180 182 183 186 187 191 193 194 196 198 199 201 202 203 204
30 160 164 165 166 167 168 170 174 176 177 178 180 182 184 186 187 190 191 193 194 196 197 198 199 200 202 203 204 205 208
18 161 162 163 164 169 174 176 178 183 184 191 192 193 197 198 201 205 207
20 160 163 170 173 175 176 178 182 184 186 189 190 192 194 195 196 197 198 203 204
33 163 164 165 166 168 171 172 173 174 175 180 182 183 184 186 188 189 190 191 192 193 194 195 197 198 200 201 202 203 204 205 207 208
31 160 161 162 164 165 166 167 168 170 173 175 178 179 180 183 184 186 187 190 191 192 193 195 196 199 201 202 203 204 205 208
15 160 163 164 165 167 177 179 180 182 188 190 192 196 206 207
33 160 161 162 164 165 167 169 170 171 172 173 174 177 178 180 183 184 186 189 190 191 192 194 195 196 197 198 199 200 204 205 206 208
21 162 165 167 168 169 170 172 175 177 178 181 183 184 190 193 195 196 197 198 200 207
19 160 163 170 171 172 173 175 176 180 181 183 184 185 189 191 195 199 200 201
31 161 163 164 166 167 169 170 171 172 174 175 177 178 180 182 183 185 186 188 189 190 194 195 196 199 201 203 204 205 206 207
33 160 161 162 165 166 168 170 171 172 173 174 181 182 183 184 185 187 188 190 191 192 194 195 196 197 198 199 200 201 202 203 205 207
26 160 161 162 163 164 165 166 171 172 173 175 178 179 180 181 185 186 190 191 193 194 195 197 202 204 206
30 162 164 166 167 168 169 170 171 173 174 175 176 179 180 181 182 185 186 187 188 189 194 199 200 202 203 204 206 207 208
32 160 162 163 164 165 166 167 170 171 172 174 175 177 178 183 185 186 188 191 194 195 196 198 199 200 201 202 203 204 206 207 208
25 160 161 163 164 165 166 167 169 170 172 175 177 179 180 185 186 187 188 190 197 199 201 203 204 206
30 160 161 162 163 165 167 169 172 173 176 179 180 182 183 184 185 187 188 189 190 191 193 194 195 196 200 202 204 205 206
30 160 162 163 165 168 170 171 172 173 174 175 176 179 186 187 188 189 191 193 195 196 197 200 201 202 203 204 205 207 208
18 162 164 165 166 171 174 175 180 182 185 186 187 190 191 196 199 200 203
26 160 161 162 165 166 167 168 171 175 178 180 183 184 185 186 187 189 190 191 197 199 200 203 204 206 208
24 160 161 162 163 165 166 170 171 172 174 177 178 179 184 186 188 190 195 196 200 202 204 205 206
14 160 164 174 175 176 177 181 186 190 191 197 199 200 207
25 166 167 168 169 170 171 172 173 174 177 182 183 187 188 189 190 192 193 195 197 200 201 204 206 207
22 163 164 166 167 170 173 174 175 177 179 180 182 185 187 192 193 194 195 197 198 202 203
30 160 164 165 167 168 169 170 171 173 175 176 177 178 179 181 182 183 186 187 189 192 194 195 196 198 201 202 204 207 208
28 160 161 162 163 164 167 169 170 171 173 174 175 176 178 179 180 187 189 190 193 194 198 202 203 205 206 207 208
24 160 161 162 165 166 167 171 174 175 179 182 185 187 189 190 191 193 197 198 199 200 203 207 208
24 160 161 167 168 169 172 173 174 176 177 178 187 188 189 190 192 193 194 195 196 200 206 207 208
15 160 166 168 172 176 181 185 186 187 190 195 200 201 202 206
21 160 161 163 167 170 171 172 180 181 182 183 186 191 192 194 195 197 201 202 203 208
25 163 164 166 167 168 169 170 174 175 178 181 182 183 185 186 187 189 190 192 193 195 198 200 201 202
23 161 162 163 166 167 168 169 175 176 177 179 181 182 183 186 188 189 191 194 195 197 198 204
28 160 161 162 163 164 171 174 176 177 178 179 180 181 182 183 184 189 191 192 194 195 196 197 198 201 203 204 205
27 161 162 163 165 167 168 169 170 172 175 176 177 178 179 180 181 182 185 188 189 191 192 198 201 202 203 206
24 160 162 163 164 166 167 170 171 174 179 180 182 185 186 187 188 189 193 194 195 198 201 206 207
20 162 164 165 174 177 178 179 184 186 188 190 196 198 199 202 203 204 205 206 207
22 164 165 169 170 171 172 173 175 176 180 183 189 191 192 194 196 197 198 202 203 204 208
19 161 162 163 164 165 171 173 175 176 181 183 184 191 193 194 196 199 203 205
33 161 162 163 165 166 168 169 170 171 172 173 175 176 179 182 183 184 185 186 187 188 189 192 193 196 198 199 200 201 203 205 206 207
31 160 161 162 164 165 166 170 171 172 173 174 175 176 179 180 181 182 183 188 189 190 191 192 195 198 199 200 201 204 206 207
27 160 161 162 163 164 167 169 175 177 182 183 185 189 190 191 192 193 194 195 196 197 198 202 204 205 206 207
17 160 161 167 168 176 180 181 182 183 185 186 189 190 196 199 202 203
33 160 161 163 164 165 167 169 173 175 176 177 178 180 181 182 183 186 187 189 190 191 192 193 195 196 198 199 201 202 203 204 207 208
33 160 161 162 163 164 165 168 169 170 171 173 175 178 180 181 182 183 184 185 186 188 189 193 195 197 198 199 200 201 204 206 207 208
15 161 163 166 169 172 180 181 184 186 188 202 204 206 207 208
19 167 168 170 172 173 175 179 181 184 185 187 191 192 196 198 200 201 203 208
32 160 161 162 163 165 167 170 171 172 173 174 175 177 178 179 180 181 184 185 188 190 191 193 195 198 199 201 202 203 204 205 207
28 163 164 165 166 169 170 171 172 173 175 178 180 181 182 183 186 188 189 190 191 192 193 194 195 198 200 205 207
17 163 164 165 166 168 169 173 179 186 190 191 194 198 200 204 206 207
19 160 161 162 163 164 167 168 170 171 173 177 179 180 184 186 188 192 203 204
18 163 166 167 171 173 179 182 184 185 187 190 193 194 199 200 202 206 207
17 160 162 165 167 170 172 175 176 178 180 182 183 190 191 199 204 207
29 160 164 166 168 172 173 174 175 177 179 181 182 183 184 186 187 188 190 193 194 195 196 197 198 200 203 205 206 207
31 160 161 163 167 168 169 170 176 177 178 179 180 181 182 184 186 187 190 191 192 193 196 198 199 200 201 203 204 205 206 208
32 160 161 163 164 166 168 171 172 174 175 176 178 180 181 182 183 185 186 187 192 194 195 197 198 199 200 201 203 204 205 207 208
18 161 165 167 168 169 172 175 177 178 179 182 185 187 193 197 200 202 204
18 162 163 165 168 169 173 178 180 187 189 190 195 197 198 199 202 203 204
27 160 162 163 165 166 167 168 169 170 171 172 174 175 184 189 190 193 194 195 197 198 199 203 204 206 207 208
22 160 161 166 167 170 172 175 180 181 182 185 186 187 188 190 191 194 199 200 201 204 208
24 160 161 162 165 168 170 172 176 178 180 184 189 190 191 193 194 195 199 200 201 205 206 207 208
34 161 162 163 164 165 166 167 169 170 171 172 173 174 175 176 177 178 179 181 182 183 185 186 188 189 190 192 193 194 199 200 201 204 207
17 163 166 168 170 171 172 173 176 181 183 187 190 192 199 200 205 207
29 164 167 168 169 170 172 173 174 176 177 178 179 181 182 183 184 185 188 189 190 194 198 199 201 202 203 205 206 208
15 161 162 166 172 173 176 181 187 189 193 198 201 204 206 207
19 160 161 163 165 166 168 169 171 177 181 185 188 189 191 193 196 199 203 207
34 160 161 162 165 166 167 170 172 173 174 175 177 178 179 180 181 182 183 184 185 187 188 189 190 191 192 193 194 197 201 204 205 206 207
24 160 162 163 165 173 175 176 178 181 182 183 185 188 191 195 196 197 199 201 203 204 206 207 208
23 160 161 162 167 169 170 172 173 175 176 178 179 180 181 182 194 195 196 197 199 203 204 206
15 163 164 168 169 171 172 173 183 187 189 190 194 198 199 204
17 162 165 166 171 174 179 180 181 182 185 188 189 192 196 204 206 208
23 164 165 173 175 178 182 185 186 187 188 189 191 192 193 195 196 197 198 199 203 204 207 208
23 162 165 169 171 172 173 175 176 178 180 181 185 187 188 194 195 197 200 201 203 204 205 207
16 166 168 170 171 172 181 186 187 191 192 193 198 204 206 207 208
23 161 163 164 165 169 171 177 178 179 182 183 184 188 189 190 191 194 195 196 199 203 207 208
26 160 162 165 166 168 169 172 173 178 181 182 184 185 187 189 192 194 195 196 199 202 203 204 206 207 208
27 162 164 165 168 169 172 173 176 177 178 182 183 184 185 188 189 190 191 192 194 195 196 197 199 200 203 205
28 160 161 163 164 165 166 167 170 172 173 174 175 176 177 180 182 184 185 188 193 194 195 198 199 200 204 205 208
31 160 161 163 165 167 168 170 171 172 173 175 177 178 179 181 182 184 185 188 189 190 192 193 194 197 199 200 201 203 205 208
25 160 162 164 165 168 171 172 173 174 175 176 181 182 185 186 189 190 191 192 195 198 201 205 207 208
23 162 164 165 167 168 170 172 173 175 176 178 179 180 182 186 193 195 196 197 199 201 202 205
20 160 161 168 169 170 171 172 173 175 177 179 190 193 195 197 201 202 204 206 208
31 160 162 164 165 168 169 170 171 172 174 176 179 180 181 182 183 184 188 191 193 194 196 197 198 200 201 202 203 205 206 207
19 161 164 169 170 172 176 177 178 179 181 184 187 188 193 195 196 199 200 205
33 160 161 162 163 165 166 169 170 171 172 173 176 177 181 183 184 185 187 189 190 191 193 194 195 198 199 201 202 203 205 206 207 208
17 160 161 164 165 168 170 173 175 177 185 194 195 199 201 204 207 208
25 162 164 165 166 171 172 173 174 179 184 185 186 187 190 191 192 195 198 199 202 204 205 206 207 208
22 162 165 166 169 172 175 176 179 180 183 185 188 189 190 194 195 196 198 199 202 204 207
29 161 165 167 168 169 170 171 172 173 174 176 178 179 181 184 186 187 189 191 194 195 197 198 199 201 202 204 205 208
33 161 162 163 164 165 166 168 169 170 173 174 176 177 178 179 180 181 182 187 188 189 190 192 193 195 198 200 201 202 203 204 205 207
18 168 170 171 172 174 175 181 186 187 189 194 198 200 201 203 204 205 206
31 162 163 164 165 168 169 170 172 173 174 175 176 177 179 180 181 186 187 189 190 192 194 195 196 199 202 203 204 206 207 208
16 160 164 166 169 170 176 177 183 187 191 196 197 199 202 205 208
23 161 162 163 164 165 166 168 169 173 177 180 183 185 187 194 198 200 201 202 203 206 207 208
24 161 162 165 166 171 172 173 176 177 179 180 182 186 187 188 190 192 193 195 200 201 203 205 206
28 161 163 164 165 166 168 169 170 171 174 175 176 177 178 179 180 183 185 186 188 190 193 200 201 204 206 207 208
21 160 161 162 165 166 167 170 172 175 177 184 187 194 198 200 201 202 203 204 206 208
33 160 161 162 163 164 165 166 167 171 172 173 174 175 176 177 178 179 180 181 182 183 185 186 189 192 193 194 196 198 201 202 204 207
28 160 161 166 167 168 169 170 171 173 175 177 179 180 182 184 186 188 189 190 192 193 195 197 201 202 206 207 208
29 162 164 165 167 168 170 171 175 176 177 178 179 180 181 183 185 186 187 189 190 196 197 199 200 201 202 204 206 207
32 160 162 163 164 165 167 170 173 174 175 176 177 178 179 183 185 188 189 190 191 193 194 196 199 200 201 202 204 205 206 207 208
23 161 163 165 167 171 172 173 174 176 177 178 183 185 187 189 192 193 195 198 201 203 206 208
16 162 163 170 172 174 175 183 186 187 189 194 195 205 206 207 208
17 161 169 171 173 176 177 178 179 181 183 191 194 196 197 199 203 206
24 160 161 162 164 165 170 171 172 175 180 181 183 184 186 187 188 194 195 199 202 203 205 206 208
19 160 161 162 164 165 171 172 174 179 180 181 188 189 191 192 195 199 203 205
19 160 161 163 165 168 169 171 178 179 182 183 185 188 194 195 196 202 205 206
29 161 162 164 165 166 169 170 171 172 174 177 178 179 180 182 187 188 189 190 193 194 195 197 198 200 201 203 204 205
31 160 161 162 163 164 166 167 169 170 172 175 176 178 179 182 183 185 186 188 189 191 192 193 195 196 198 199 200 204 207 208
16 164 167 170 173 179 180 184 189 193 194 195 199 200 201 202 206
15 160 161 165 171 173 182 186 187 189 192 194 201 202 207 208
27 160 161 164 165 167 168 169 171 173 174 175 176 178 179 181 184 188 190 191 194 195 196 198 199 201 202 207
31 160 163 165 167 168 169 170 171 172 174 175 179 180 181 182 183 184 185 186 187 188 193 195 198 199 200 202 204 205 206 207
14 160 161 168 170 171 172 176 180 181 193 194 195 199 202
22 160 163 164 166 171 172 173 174 175 176 180 181 182 186 188 191 192 193 199 200 202 206
33 160 161 164 166 167 169 170 171 173 174 175 176 177 178 179 180 181 183 185 187 190 193 194 195 196 198 199 200 201 204 205 207 208
16 160 162 163 166 173 174 175 178 184 193 194 195 203 204 206 207
31 160 162 163 167 168 169 171 172 173 175 177 178 180 185 186 188 189 190 192 193 194 195 198 199 200 202 203 204 205 207 208
25 160 163 165 168 169 170 171 172 173 174 176 178 181 182 183 184 186 187 189 193 196 199 203 205 208
29 160 161 162 163 166 169 172 175 176 178 179 181 182 184 186 188 189 190 191 192 193 196 197 199 200 204 205 206 207
30 161 162 163 164 165 167 170 171 173 174 178 179 181 184 185 187 188 190 192 193 196 197 198 199 201 202 204 205 207 208
23 160 161 163 164 165 166 170 173 175 177 180 182 186 187 189 192 193 194 196 197 198 200 207
15 162 165 174 175 179 189 192 193 194 196 197 200 203 206 208
32 160 161 162 163 165 166 167 169 170 172 174 175 176 181 182 183 184 185 186 188 190 191 193 195 196 197 198 200 203 204 205 206
26 160 161 162 163 167 169 170 171 172 174 179 180 182 184 185 186 190 192 194 198 199 200 202 204 207 208
15 160 161 165 166 168 175 176 179 193 194 195 198 199 200 205
23 160 161 162 164 165 166 169 170 171 172 173 174 175 176 179 182 185 187 192 194 200 201 203
17 161 162 164 167 168 169 174 181 182 186 189 190 191 193 194 201 202
22 160 162 165 167 168 169 172 173 178 181 185 186 189 190 191 195 196 199 200 203 204 205
18 160 161 162 164 165 171 172 181 182 185 186 190 191 196 197 198 199 205
21 160 162 163 165 168 169 172 176 181 183 189 190 194 195 197 200 201 202 204 206 207
26 160 163 164 166 172 173 174 178 179 180 181 182 184 186 189 190 191 193 195 196 197 199 204 206 207 208
20 160 161 163 167 170 171 180 181 182 183 185 186 191 192 195 196 198 200 202 206
23 160 163 166 168 170 171 172 173 175 176 177 178 179 181 184 189 190 193 194 201 202 205 206
28 162 163 164 165 166 169 171 174 175 178 179 180 181 182 183 185 186 187 188 190 194 196 198 200 201 203 204 205
17 161 162 163 165 168 169 178 187 188 189 190 194 195 201 203 206 207
27 162 163 167 169 170 171 172 174 176 177 178 179 180 181 182 183 185 186 187 194 195 196 202 203 204 205 206
31 160 163 165 168 169 170 171 172 174 175 176 178 179 180 181 184 186 187 188 189 192 193 194 195 198 199 200 201 204 205 208
15 164 165 170 172 173 177 181 182 183 191 198 199 203 204 206
22 160 163 164 165 166 168 169 171 172 174 177 178 179 183 187 192 193 195 197 198 200 204
33 161 162 163 164 165 166 167 168 169 170 171 173 175 177 178 179 180 182 184 186 188 190 191 193 195 196 200 201 202 203 204 206 207
18 160 162 163 165 166 169 173 177 180 181 188 190 191 192 193 199 203 205
21 162 163 164 166 168 174 177 178 180 181 182 188 194 195 196 197 202 203 204 205 208
25 161 163 165 168 170 174 177 178 182 183 184 186 187 188 190 191 195 196 197 198 202 204 205 207 208
26 160 168 170 171 172 173 175 177 178 179 180 183 184 188 189 191 193 196 197 198 200 202 203 204 205 206
26 160 162 164 165 166 167 168 169 171 173 174 177 178 179 184 185 186 187 188 192 196 199 200 202 203 206
17 160 165 169 175 176 177 179 181 182 183 188 190 194 196 197 203 206
18 161 162 164 165 167 168 169 174 178 179 180 188 189 195 198 201 203 208
33 160 161 162 165 166 168 170 172 174 177 178 179 180 182 183 184 185 187 188 191 193 194 195 198 199 200 201 202 203 204 205 207 208
25 160 165 167 170 171 173 174 175 176 178 182 185 186 190 191 193 196 197 199 200 201 202 205 207 208
20 166 170 173 175 176 177 178 180 181 186 187 188 191 192 197 199 204 205 206 208
31 160 161 162 164 165 167 168 169 171 172 173 178 179 180 181 183 185 186 187 188 189 190 192 193 194 196 197 198 199 206 208
16 161 162 165 167 173 175 179 180 184 187 190 194 197 200 201 205
25 162 164 170 171 173 174 175 176 177 182 183 186 187 188 190 191 197 198 201 202 203 204 205 207 208
16 167 174 175 177 179 181 182 185 191 192 193 199 203 205 207 208
29 166 167 169 170 173 174 175 177 178 179 180 184 185 187 188 189 190 191 195 196 197 198 199 202 203 204 205 207 208
27 160 161 163 164 171 173 174 176 178 181 182 184 186 187 188 189 191 192 195 198 200 202 203 204 205 206 207
26 163 164 166 168 169 170 171 173 176 177 180 181 182 184 185 189 190 192 194 198 199 200 202 203 204 208
33 160 162 164 165 166 167 169 170 171 172 173 174 176 177 178 180 182 187 188 189 191 192 193 194 197 198 199 200 201 202 205 206 208
27 161 163 165 167 168 172 173 175 176 177 181 182 183 184 188 190 191 193 197 198 199 201 203 204 205 206 208
22 160 164 165 173 174 175 176 180 184 186 188 191 194 195 197 198 200 201 203 204 205 207
15 162 163 165 167 172 174 177 179 183 186 190 191 193 203 208
23 160 161 162 164 165 168 174 177 178 180 186 187 191 192 193 197 198 201 202 204 206 207 208
23 162 166 169 172 174 177 178 179 181 182 183 185 187 188 190 192 193 194 195 198 201 206 208
25 162 165 166 167 171 172 173 174 176 180 181 184 185 186 188 189 190 193 195 197 199 200 203 205 207
23 161 163 164 165 167 168 170 171 175 176 180 181 183 184 189 194 196 198 199 200 201 203 204
20 160 162 163 167 176 178 180 181 182 183 184 187 188 189 190 193 197 203 205 207
20 162 163 166 167 168 170 171 175 176 177 178 183 184 186 189 191 198 199 202 206
20 161 162 163 165 166 167 169 173 178 180 184 185 191 193 196 197 200 203 204 207
26 162 163 164 166 168 169 171 172 173 174 175 176 177 182 186 190 193 194 197 198 199 203 205 206 207 208
22 161 164 167 169 171 172 175 177 178 185 187 189 193 194 197 199 201 202 204 205 207 208
25 160 163 166 167 169 172 173 175 180 183 185 186 187 192 194 195 196 199 200 201 203 204 205 206 208
21 162 163 164 166 167 168 178 181 182 185 187 191 192 193 194 197 198 199 202 204 206
22 160 162 165 167 171 173 175 176 177 178 181 185 189 193 194 195 197 199 202 206 207 208
17 163 164 167 170 175 180 181 182 185 191 192 194 199 201 205 206 207
15 162 169 173 179 181 186 192 193 194 195 196 199 201 202 207
29 160 164 165 168 170 176 177 179 180 181 183 184 186 188 192 193 194 195 196 197 199 200 201 202 203 205 206 207 208
24 160 161 164 165 166 168 169 174 175 177 181 186 191 194 195 197 198 199 200 202 203 204 206 207
31 162 163 167 168 169 170 171 173 176 178 179 180 181 182 183 184 185 186 190 191 192 195 196 197 198 199 203 205 206 207 208
23 160 165 167 172 173 174 177 179 181 182 183 185 186 187 191 192 195 197 200 202 204 205 206
16 161 162 163 164 167 172 177 178 184 185 192 193 195 198 200 203
17 164 165 170 171 176 186 187 189 190 191 198 199 200 201 202 206 207
31 162 164 166 167 168 169 170 171 172 173 175 176 177 178 179 183 184 186 187 190 191 193 194 197 198 199 201 202 205 206 208
15 160 163 164 170 176 178 186 189 190 191 196 197 204 205 206
31 160 162 163 164 168 171 172 173 174 176 177 179 181 182 185 186 187 190 191 192 193 194 195 197 199 200 201 203 205 206 208
17 161 163 167 170 173 177 178 181 182 183 185 191 194 200 201 205 207
21 163 164 165 167 169 172 173 185 187 188 189 198 199 200 201 202 204 205 206 207 208
19 160 161 163 165 167 172 174 176 177 178 182 185 186 189 191 197 198 199 205
