231 945
70 1 2 3 4 5 6 7 8 9 10 11 12 13 14 15 16 17 18 19 20 21 22 23 24 25 26 27 28 29 30 31 32 33 34 35 36 37 38 39 40 41 42 43 44 45 46 47 48 49 50 51 52 53 54 55 56 57 58 59 60 61 62 63 64 65 66 67 68 69 70
32 1 6 8 9 10 13 15 18 19 23 24 26 27 29 30 33 38 40 41 42 43 44 45 51 52 54 56 58 60 63 65 66
26 1 4 9 14 17 19 21 22 25 27 29 30 31 36 39 43 46 48 49 50 55 60 63 66 68 69
33 3 4 7 8 9 10 11 12 16 19 20 22 25 26 27 28 30 36 37 39 40 44 45 48 50 51 54 57 59 60 63 65 70
39 2 3 4 6 7 9 10 12 13 14 15 18 20 21 22 24 28 30 33 37 38 42 43 46 49 50 51 52 56 57 58 59 63 65 66 67 68 69 70
32 1 4 5 7 8 11 13 15 16 19 24 34 36 38 41 42 43 46 49 52 54 56 57 58 59 60 63 64 65 66 67 68
53 1 2 3 4 6 8 9 12 13 15 16 17 18 19 20 21 22 23 24 25 26 27 28 29 30 31 33 35 38 41 42 43 44 45 46 47 50 52 54 55 57 58 60 61 62 63 64 65 66 67 68 69 70
51 1 2 3 5 7 8 10 11 12 13 14 16 17 18 20 21 22 24 25 26 27 28 29 32 34 35 36 37 38 39 40 41 42 44 47 48 49 51 52 54 55 57 58 59 60 64 65 66 68 69 70
21 5 9 10 12 13 22 24 27 29 33 34 42 43 47 49 52 56 57 60 62 68
52 2 3 4 5 6 7 8 9 11 17 18 21 23 24 25 26 27 28 29 30 31 32 33 34 35 36 38 39 40 41 42 44 45 47 48 49 50 51 52 53 54 55 56 57 59 61 62 63 64 65 68 69
21 2 3 4 6 8 12 13 16 19 25 28 31 34 35 38 39 48 49 50 54 66
49 1 2 3 4 5 6 7 8 9 10 11 12 15 16 18 19 22 23 24 27 28 29 33 34 36 38 39 40 42 43 44 45 46 49 50 51 52 53 55 56 58 60 61 62 64 65 67 68 70
54 1 2 4 5 6 7 9 10 11 12 13 14 16 17 19 20 21 22 23 24 26 29 31 32 35 36 37 38 39 41 42 43 44 45 46 47 49 50 51 52 54 55 56 58 59 61 62 63 64 65 67 68 69 70
48 1 2 3 4 5 6 7 8 10 11 13 14 15 16 19 20 21 23 25 26 27 28 29 32 37 38 40 42 43 44 45 46 47 48 49 50 55 56 59 60 62 63 64 65 66 67 68 69
37 2 3 5 6 8 9 10 11 12 13 15 17 21 23 24 27 29 30 33 37 39 44 45 47 48 49 51 52 54 57 60 61 63 65 66 68 70
26 3 7 8 9 10 11 14 17 18 22 24 25 27 29 32 38 39 43 45 49 50 57 58 60 67 69
32 4 5 6 7 8 9 15 16 17 19 21 22 25 26 28 29 34 36 39 43 45 46 48 49 50 51 56 58 62 66 68 69
33 4 6 7 8 13 15 16 18 19 21 25 27 29 31 33 35 39 40 41 45 46 47 48 49 50 51 56 60 61 65 67 68 70
32 71 72 73 74 75 76 77 78 79 80 81 82 83 84 85 86 87 88 89 90 91 92 93 94 95 96 97 98 99 100 101 102
10 74 75 76 78 79 83 88 96 97 100
24 72 73 74 75 76 78 79 80 82 83 84 85 86 88 89 90 91 93 94 95 97 99 101 102
24 71 72 73 74 75 78 79 80 81 82 83 84 85 86 88 89 90 91 92 93 94 95 96 100
14 75 78 80 81 83 85 89 92 93 96 97 98 99 101
20 72 73 74 75 78 80 81 82 83 85 86 87 88 90 91 96 97 100 101 102
16 73 78 79 81 82 84 85 86 87 92 94 97 99 100 101 102
22 71 72 75 76 77 79 80 81 82 83 84 86 88 89 90 91 92 93 95 96 97 100
11 75 76 77 80 85 86 93 95 97 98 99
13 73 77 85 87 89 91 92 94 97 98 99 100 102
14 72 73 75 78 79 80 81 82 83 84 88 93 96 102
22 71 72 73 75 76 78 79 81 82 83 84 85 86 89 90 91 95 96 97 100 101 102
10 71 79 81 87 89 91 95 96 97 101
21 71 75 76 78 81 82 83 84 85 86 87 88 90 91 93 94 95 96 97 98 102
13 73 75 77 79 81 82 86 87 89 90 95 97 101
25 71 74 75 76 77 79 80 81 83 85 87 88 89 90 91 92 93 94 95 96 97 99 100 101 102
16 71 73 74 78 79 81 82 83 87 88 89 91 94 97 98 99
21 72 74 75 76 77 78 79 81 83 84 86 89 90 92 94 95 96 97 98 101 102
11 71 74 78 79 80 83 90 93 95 96 101
25 71 72 73 74 75 76 78 79 80 81 82 83 84 85 87 88 90 91 92 93 94 95 100 101 102
20 71 73 76 78 81 84 86 87 88 89 90 92 93 94 95 96 98 99 100 101
15 71 72 73 75 78 81 86 88 89 90 94 95 97 100 101
14 74 75 78 82 83 85 88 90 91 92 93 96 99 100
12 72 74 76 77 78 82 90 91 95 96 97 100
22 71 72 73 74 75 76 77 78 79 80 82 83 84 85 88 91 92 93 97 98 101 102
12 71 77 78 81 85 86 89 90 93 95 98 102
21 71 72 73 76 77 78 80 82 83 84 85 86 88 89 94 95 96 97 99 100 102
15 71 74 75 76 77 80 81 82 88 89 93 94 96 97 98
19 75 77 80 82 86 87 88 90 92 93 94 95 96 97 98 99 100 101 102
18 72 73 74 75 76 79 83 84 85 87 89 91 95 96 97 98 100 101
21 72 77 78 79 81 82 83 85 86 87 88 90 91 92 93 94 95 96 97 100 101
13 71 73 77 78 80 83 84 87 89 94 96 98 101
21 75 76 78 79 80 81 82 83 85 86 89 91 92 93 94 97 98 99 100 101 102
20 74 75 76 78 79 81 83 84 87 88 90 92 93 94 95 96 97 98 100 101
23 74 75 76 77 78 79 80 81 82 83 85 86 88 90 92 93 94 95 96 98 99 101 102
10 77 78 79 86 87 90 93 94 97 98
23 72 73 75 77 78 79 80 81 82 83 84 87 89 90 92 93 94 95 96 98 99 100 102
21 71 72 73 75 76 78 81 83 85 86 87 90 91 92 93 94 95 96 97 99 101
24 71 73 75 76 77 78 80 81 82 83 84 85 89 90 91 93 95 96 97 98 99 100 101 102
12 71 72 74 75 80 82 84 89 90 94 96 102
18 73 74 75 76 77 80 83 84 85 86 87 89 91 92 94 96 100 101
18 71 75 76 79 80 83 85 86 87 88 89 90 91 93 96 100 101 102
17 71 77 78 82 84 85 86 87 89 90 91 94 95 96 99 100 101
20 71 75 77 79 84 86 87 88 89 90 91 92 93 94 95 98 99 100 101 102
12 72 76 79 81 82 87 88 90 91 97 99 102
20 71 73 75 76 78 81 83 84 85 86 89 90 91 94 95 96 97 98 99 102
21 71 75 76 77 78 79 80 81 85 87 88 89 91 92 93 94 95 97 98 100 102
13 71 74 80 82 83 86 87 88 90 93 95 97 99
22 71 72 75 78 80 81 82 83 84 85 87 89 90 92 94 95 96 97 99 100 101 102
18 72 74 76 77 78 84 86 87 88 90 91 93 94 95 97 100 101 102
17 73 75 79 81 82 83 88 89 90 91 92 93 95 96 97 101 102
18 72 74 77 78 80 81 83 84 85 86 88 90 91 92 96 97 100 101
14 71 77 78 81 82 83 84 85 86 92 93 94 98 99
15 71 73 76 77 78 80 81 83 84 85 89 91 92 96 102
19 75 76 77 80 82 83 84 86 87 88 89 90 92 93 94 95 96 98 101
15 72 78 80 81 83 86 88 91 92 93 96 97 98 101 102
23 71 72 74 76 77 78 79 81 82 83 85 87 89 91 92 93 94 96 98 99 100 101 102
25 71 72 73 74 77 79 80 81 83 84 85 86 87 88 89 91 93 94 95 96 98 99 100 101 102
19 71 74 75 76 78 79 81 82 83 86 90 91 92 93 94 97 98 100 101
10 80 84 86 90 91 94 96 97 101 102
23 74 75 76 78 80 81 82 83 86 87 88 89 90 91 92 95 96 97 98 99 100 101 102
18 72 73 75 76 78 79 81 82 83 84 89 91 92 94 97 98 99 101
12 71 73 76 77 82 84 89 92 95 96 98 101
11 72 73 79 80 84 88 90 94 95 96 101
16 71 72 74 75 77 81 82 84 85 86 93 94 96 97 98 101
12 103 104 115 127 135 142 147 150 151 162 164 165
12 113 123 125 128 132 133 141 145 152 155 157 165
22 106 110 122 123 127 130 135 139 140 141 142 144 151 152 154 155 157 159 160 167 169 171
55 103 104 106 107 108 109 112 113 114 115 116 117 118 119 120 123 124 125 126 128 129 130 132 133 136 137 138 141 142 143 144 145 146 147 148 150 151 154 155 156 157 158 159 160 161 162 163 164 165 166 167 168 169 170 171
24 105 109 115 119 120 121 122 123 124 125 126 130 131 134 142 150 153 155 156 157 158 159 166 167
15 107 108 110 119 121 127 131 135 139 142 149 153 156 168 170
31 103 105 106 107 109 110 113 115 118 122 123 125 129 130 131 133 135 136 137 139 141 142 150 151 158 159 163 166 168 169 170
35 103 106 107 108 109 111 113 115 118 119 120 122 123 124 125 129 130 131 133 136 137 143 145 148 149 150 153 154 156 157 160 161 163 164 170
21 104 105 108 110 111 115 117 119 123 125 126 131 132 144 154 155 156 159 160 163 165
14 106 109 114 121 130 133 136 142 143 145 146 158 161 171
35 105 106 107 109 111 112 115 116 118 119 120 122 123 126 131 132 133 134 135 138 142 145 148 149 152 153 155 156 157 159 160 161 163 165 169
15 109 113 114 124 125 126 128 129 132 133 143 145 146 149 150
27 106 109 110 116 123 124 127 128 131 133 136 138 139 140 143 144 147 148 149 151 152 153 157 164 167 169 170
27 110 113 119 126 130 132 133 134 135 137 140 141 142 143 144 145 147 153 154 157 158 163 164 167 168 169 170
11 112 113 117 123 125 137 143 153 160 163 170
24 106 107 108 113 114 117 118 124 125 130 133 134 135 138 143 148 149 151 154 155 156 157 164 167
11 106 111 114 118 127 128 141 160 162 169 171
15 107 108 115 116 121 124 126 130 133 135 138 150 155 158 165
22 104 109 110 112 117 120 122 126 127 135 139 143 146 150 152 153 155 160 163 165 166 171
21 105 107 114 118 121 122 123 124 125 128 129 131 136 138 146 155 161 162 165 166 171
18 103 106 107 109 112 115 116 123 133 136 138 140 144 145 151 156 158 165
23 114 115 119 120 124 127 130 133 134 136 142 145 146 147 148 149 150 152 154 155 158 159 167
15 103 104 106 112 130 140 141 144 145 146 147 162 164 166 169
25 105 109 110 111 114 120 124 128 131 134 136 137 138 141 145 146 154 155 157 161 163 166 167 168 171
47 103 104 105 106 109 110 112 113 115 116 117 118 119 120 121 122 123 125 126 128 129 130 131 133 134 135 137 138 141 143 146 148 150 152 153 155 156 157 158 159 163 164 166 167 168 170 171
24 104 106 108 110 124 125 127 128 129 131 134 137 145 147 149 152 154 156 158 159 163 165 167 170
14 103 112 113 118 122 128 129 138 139 140 147 148 169 170
33 104 105 106 108 109 110 113 116 117 118 119 120 123 125 126 127 129 132 137 138 141 145 146 148 150 154 157 158 161 163 164 167 168
16 104 106 109 111 124 126 127 130 138 139 141 152 159 160 163 170
22 104 106 108 109 119 124 127 138 143 144 146 149 150 153 154 158 160 163 164 167 168 171
21 107 108 109 116 118 121 122 126 128 131 132 138 139 140 156 157 161 162 164 166 168
11 105 109 116 118 131 132 133 142 143 146 157
24 104 110 114 118 119 120 121 122 132 135 137 141 142 146 149 150 153 157 160 161 162 168 169 170
28 103 104 107 111 112 113 114 117 118 129 133 135 137 138 139 144 145 146 147 152 160 161 162 164 165 168 169 170
27 103 105 107 111 113 114 117 118 119 123 126 130 133 135 138 139 141 143 144 151 153 155 160 161 168 169 171
45 103 104 105 109 110 111 112 115 116 119 120 121 122 123 126 127 128 129 131 132 136 137 139 140 141 142 144 145 146 147 150 152 153 158 159 160 161 162 163 165 166 168 169 170 171
21 103 104 106 108 109 111 112 115 116 117 120 127 139 148 149 150 151 152 156 159 160
22 103 107 110 115 117 118 120 121 122 129 134 136 137 142 147 148 159 161 162 166 169 170
26 103 104 107 108 112 113 114 115 120 121 125 126 132 134 135 137 142 145 146 150 154 155 156 158 160 162
13 105 111 112 114 116 126 130 131 135 139 140 151 156
29 103 105 107 113 114 115 116 119 120 122 124 128 129 133 138 139 145 146 147 149 152 153 157 162 166 167 168 169 170
18 114 125 128 129 130 136 139 140 143 150 154 158 162 164 166 167 168 171
17 108 115 119 121 125 129 131 134 138 144 148 151 152 160 161 168 170
27 104 105 111 113 115 133 134 137 142 143 144 145 146 147 149 150 152 154 157 158 159 160 161 162 163 166 170
16 108 111 117 124 125 126 129 130 134 139 143 147 152 155 167 171
16 104 119 120 125 129 136 137 145 148 149 151 153 154 159 164 168
40 104 106 108 109 110 111 112 117 118 121 123 125 126 127 130 131 132 134 135 136 137 140 141 142 143 144 148 150 151 154 155 156 158 159 160 161 163 164 165 171
42 103 106 107 108 109 110 112 114 116 117 118 119 120 121 122 123 124 125 126 127 128 129 130 131 132 135 136 138 139 140 141 148 151 153 155 156 164 165 167 168 169 171
22 107 108 111 114 124 127 132 136 139 140 142 144 145 147 149 151 154 160 161 162 165 169
21 105 111 113 114 115 116 118 123 126 128 129 134 138 150 152 154 155 157 160 161 163
33 103 104 105 106 107 109 110 113 114 116 117 122 123 126 133 137 142 143 145 146 147 149 153 154 155 157 158 159 163 164 166 167 169
16 103 104 108 110 113 117 121 124 127 137 141 144 146 147 151 170
17 106 108 110 116 127 128 132 136 140 141 143 148 149 151 154 163 171
17 104 110 114 115 120 121 123 129 134 139 144 147 151 152 153 160 164
7 103 105 111 118 134 138 170
25 104 107 108 112 115 116 117 119 120 121 131 136 137 147 148 153 156 158 161 162 163 164 165 166 168
27 103 105 109 110 112 113 117 122 123 131 132 134 139 140 142 143 144 146 147 152 156 157 161 163 166 167 170
36 103 107 111 112 114 115 121 122 124 128 130 131 133 134 135 136 139 140 142 143 144 147 149 151 152 153 155 156 159 160 162 165 166 169 170 171
28 105 107 113 114 115 118 121 122 128 131 132 133 134 136 137 145 146 147 149 150 151 153 157 158 161 164 166 169
38 104 108 111 112 114 116 117 119 120 121 124 126 127 128 132 134 138 140 143 144 145 146 147 148 149 152 153 154 155 156 157 160 161 162 164 165 167 171
11 105 113 127 128 131 148 154 159 163 164 166
19 111 112 118 120 124 127 128 130 132 135 136 139 140 141 150 156 162 165 171
20 107 116 120 124 127 134 135 137 141 149 150 151 152 153 157 162 164 166 167 168
14 105 110 111 121 122 127 131 134 135 139 140 149 152 153
18 109 112 115 116 120 121 122 132 136 140 142 146 148 150 157 162 164 166
30 106 107 108 112 113 117 119 122 124 125 126 127 128 135 136 137 138 140 148 149 154 156 158 159 161 162 166 167 169 170
11 103 111 130 141 145 150 155 163 165 168 171
16 105 111 117 118 119 122 129 130 141 159 161 163 165 166 168 171
14 106 108 113 117 119 121 122 125 126 144 148 153 158 169
32 103 107 108 111 113 114 115 116 123 128 129 131 132 133 136 137 138 140 141 142 144 145 147 148 149 156 158 159 167 168 169 170
18 107 112 116 118 123 129 130 132 133 139 140 143 149 152 156 159 160 170
14 103 104 105 106 110 111 129 135 141 144 151 165 169 171
34 104 105 110 112 114 116 117 121 126 127 128 132 134 135 138 139 140 141 142 144 146 147 151 152 155 158 159 162 165 166 167 168 169 171
18 109 117 120 122 124 125 132 133 136 137 143 148 151 158 159 165 167 171
15 105 106 118 119 121 124 125 130 134 151 154 157 161 162 164
25 103 108 110 112 116 117 119 120 123 125 129 135 140 142 143 144 148 154 155 156 162 165 167 168 171
16 103 106 110 113 116 123 126 142 146 147 149 158 159 163 166 167
11 124 126 130 134 139 143 147 152 155 167 171
16 106 112 119 122 124 127 136 137 138 140 148 158 162 167 169 170
8 107 115 116 126 133 138 155 165
13 105 106 119 121 124 125 130 134 151 154 157 161 164
19 104 109 110 112 117 120 122 126 127 143 146 150 153 155 160 163 165 166 171
7 113 117 137 143 153 160 170
12 117 124 126 129 130 134 139 143 147 152 155 167
10 109 114 124 128 129 133 143 146 149 150
6 125 128 132 133 152 157
12 106 119 127 143 144 146 150 153 158 160 164 168
11 107 108 118 121 126 132 138 156 157 162 168
10 106 109 112 115 123 133 138 140 156 158
21 105 106 109 110 113 115 122 130 131 133 135 136 137 139 150 158 159 163 166 168 169
16 107 116 120 124 127 134 137 150 151 152 153 157 162 164 166 167
18 107 108 114 124 136 139 140 142 144 145 147 149 154 160 161 162 165 169
14 109 120 122 124 125 132 136 137 148 151 158 159 165 167
17 104 107 117 133 135 137 139 144 145 146 152 160 161 162 164 165 168
9 105 118 121 134 151 154 157 161 164
15 116 120 124 127 134 135 137 141 149 152 157 162 164 166 168
10 105 119 121 125 130 134 154 157 161 164
8 105 112 114 126 130 131 135 156
6 106 111 128 141 162 169
30 104 108 111 112 114 116 119 120 121 128 132 134 138 140 144 145 146 147 148 149 152 154 156 157 160 161 162 164 167 171
27 103 104 105 107 109 113 114 116 117 123 133 137 142 143 146 147 149 153 154 155 157 159 163 164 166 167 169
12 107 119 121 127 131 139 142 149 153 156 168 170
25 105 107 113 114 115 116 119 122 124 128 129 138 139 145 146 147 149 152 153 157 162 167 168 169 170
7 123 128 133 141 145 152 157
19 104 107 113 114 133 135 137 138 139 144 145 147 152 161 162 164 165 168 170
15 105 109 112 113 131 134 140 142 143 146 147 156 161 163 170
19 107 108 113 114 117 118 124 125 130 133 135 138 143 149 151 154 156 157 167
14 106 108 117 118 124 125 130 138 143 149 151 154 157 164
9 106 111 114 118 127 141 160 162 169
13 103 107 109 116 123 133 136 138 144 145 151 158 165
12 109 112 115 116 121 136 142 146 148 150 164 166
10 105 111 117 118 122 129 130 161 163 166
12 106 113 117 119 121 122 125 126 144 153 158 169
9 105 112 116 126 130 135 140 151 156
7 105 113 148 154 159 164 166
10 104 119 137 145 149 151 153 159 164 168
18 104 106 108 110 124 125 127 128 131 134 137 152 156 158 159 163 167 170
11 115 121 125 131 134 144 148 151 152 160 168
12 106 108 128 132 140 141 143 148 149 151 163 171
8 106 118 124 125 130 157 161 162
11 115 119 127 130 134 142 145 146 148 149 152
23 106 108 109 110 117 125 127 130 131 132 136 137 140 144 148 150 151 156 160 161 163 164 165
12 109 112 115 116 123 133 136 138 140 145 151 156
10 109 114 121 133 136 142 143 145 146 161
22 104 105 112 114 126 127 132 134 135 138 139 141 144 147 151 158 162 165 166 168 169 171
19 107 108 111 114 124 127 132 136 139 140 142 144 147 149 151 154 161 165 169
23 103 106 107 114 116 117 119 120 122 123 124 126 128 131 132 138 139 140 151 153 155 156 167
22 103 104 111 112 114 118 129 133 135 137 138 139 144 145 146 147 152 161 164 165 169 170
24 111 112 114 115 121 128 130 131 133 134 135 136 142 144 147 151 152 153 155 160 165 169 170 171
27 103 107 108 111 113 114 115 116 123 128 131 132 133 136 137 138 140 141 142 144 145 149 156 158 159 167 170
9 106 113 117 119 121 122 144 148 169
11 108 111 117 124 125 126 130 134 139 152 167
12 114 128 130 136 139 143 154 158 164 167 168 171
9 112 116 123 129 132 139 149 152 156
15 107 110 115 117 118 120 122 134 136 137 148 161 162 169 170
19 105 107 111 114 117 119 123 130 133 135 139 143 144 151 155 160 168 169 171
8 112 113 117 123 125 137 143 160
15 114 125 128 130 136 139 143 150 154 158 162 164 166 167 171
23 103 104 105 106 107 113 114 116 117 123 126 133 142 143 145 147 149 154 157 158 159 163 169
26 103 104 105 106 107 109 110 114 116 123 126 137 142 143 145 146 147 154 155 158 159 163 164 166 167 169
13 104 110 114 115 120 129 134 139 144 147 153 160 164
18 104 110 114 119 120 121 122 135 137 141 142 146 150 153 160 168 169 170
13 104 110 115 120 123 129 134 139 144 147 151 153 160
5 103 111 134 138 170
29 108 112 118 119 120 121 122 123 124 125 126 127 128 130 131 132 135 136 138 139 148 151 153 155 156 165 167 169 171
8 111 117 118 129 130 165 166 171
10 105 106 119 121 125 134 151 157 161 162
7 111 130 141 145 155 163 165
13 103 105 111 113 117 119 123 126 130 135 155 160 171
7 103 111 130 141 150 165 168
37 103 107 108 109 112 114 116 117 118 119 120 121 122 123 125 126 127 128 129 130 131 135 136 138 139 140 141 148 151 153 155 156 165 167 168 169 171
18 104 105 108 110 111 117 123 126 131 132 144 154 155 156 159 160 163 165
22 103 104 107 108 113 114 120 121 125 126 132 134 135 137 142 145 146 150 155 156 160 162
43 103 104 106 108 112 113 115 116 117 120 125 128 129 130 132 133 136 138 141 142 143 144 145 146 148 150 151 154 155 156 158 159 161 162 163 164 165 166 167 168 169 170 171
10 109 120 132 143 148 151 158 159 167 171
10 105 111 112 116 126 130 131 135 139 151
11 108 110 119 131 135 139 142 149 153 168 170
8 111 117 124 125 130 152 155 167
15 109 110 116 123 124 127 128 131 136 147 151 153 164 169 170
13 106 110 116 128 132 136 140 143 148 149 151 154 163
32 107 108 109 110 112 114 117 119 120 121 122 123 124 125 126 127 128 129 130 131 135 136 139 140 148 151 153 156 164 167 168 171
14 109 112 115 121 122 132 136 140 142 146 150 157 162 164
27 104 105 106 108 109 110 116 117 118 119 120 125 129 132 137 138 141 145 146 148 154 157 158 161 163 167 168
16 104 105 108 110 111 115 117 126 131 144 154 156 159 160 163 165
17 107 108 109 116 118 122 126 128 131 132 138 139 140 157 161 166 168
9 108 110 127 128 140 148 151 163 171
15 120 124 127 134 135 141 149 150 151 153 157 162 164 167 168
10 103 109 112 115 123 138 144 151 156 165
18 107 108 113 117 118 124 125 130 133 135 138 143 148 149 151 157 164 167
22 107 111 112 116 118 119 120 122 131 132 135 142 148 149 152 153 155 157 159 160 163 169
9 107 115 124 126 138 150 155 158 165
23 109 110 112 113 117 122 123 131 132 139 142 143 144 146 147 152 156 157 161 163 166 167 170
8 106 111 118 127 128 141 160 162
18 105 111 113 114 115 118 123 126 128 129 134 138 152 154 155 160 161 163
15 103 104 108 114 115 120 125 126 132 142 146 150 156 160 162
20 104 106 108 110 124 127 128 129 131 134 137 145 147 152 154 156 158 163 165 167
13 113 122 123 131 132 134 139 143 144 147 161 163 167
14 104 106 108 124 143 146 149 150 153 154 160 163 164 171
25 103 106 107 109 110 115 118 122 123 125 129 130 131 133 136 137 139 142 150 151 158 159 168 169 170
23 103 105 106 107 113 118 122 125 129 131 133 136 137 139 141 142 150 158 159 166 168 169 170
11 108 115 125 129 131 138 148 152 160 161 168
22 104 106 108 110 113 116 117 118 120 125 127 129 132 141 148 154 158 161 163 164 167 168
9 109 117 132 133 143 151 158 159 167
18 104 110 112 117 126 132 139 142 147 152 155 158 159 165 166 167 168 171
19 110 112 117 120 126 127 135 139 143 146 150 152 153 155 160 163 165 166 171
8 113 123 125 132 133 145 155 157
18 103 106 107 108 115 120 122 123 129 136 137 143 148 153 154 157 160 170
14 114 125 128 129 139 140 143 150 158 164 166 167 168 171
6 123 125 132 133 145 155
15 105 114 118 121 122 123 124 128 129 136 138 161 162 165 166
12 111 118 127 130 132 136 140 141 150 162 165 171
34 103 104 105 106 109 110 112 113 115 116 117 118 119 121 130 133 138 141 143 146 148 150 152 153 155 156 157 159 164 166 167 168 170 171
9 128 139 140 143 150 154 164 167 168
20 108 110 112 116 117 119 123 129 135 140 142 143 144 154 155 156 162 165 168 171
14 112 115 121 132 136 140 142 146 148 150 157 162 164 166
19 103 107 108 111 113 115 116 128 132 133 136 137 141 142 147 148 158 159 170
23 104 105 106 110 113 116 117 119 123 125 127 132 137 138 141 145 146 148 150 154 158 164 167
8 103 111 141 145 150 155 165 168
10 111 125 126 130 139 143 147 152 155 167
13 105 106 118 119 121 124 125 130 134 151 161 162 164
13 106 130 139 140 141 142 144 151 155 159 167 169 171
14 108 115 121 125 129 131 134 148 151 152 160 161 168 170
29 103 106 107 108 109 113 115 118 119 124 125 129 130 131 133 136 137 143 145 148 149 153 154 156 157 160 161 163 164
7 130 141 145 150 155 163 165
29 104 108 112 114 116 119 121 124 126 127 128 138 140 143 144 146 147 149 153 154 155 157 160 161 162 164 165 167 171
10 111 117 119 126 131 132 154 155 156 159
14 105 107 113 128 132 136 137 145 149 150 157 158 164 169
34 108 111 112 114 116 120 121 124 126 127 128 132 134 138 140 143 144 145 146 147 148 149 152 154 155 156 157 160 161 162 164 165 167 171
11 111 132 136 140 144 145 147 151 160 165 169
28 104 114 116 117 121 126 127 132 134 135 138 139 140 141 142 144 146 147 151 155 158 159 162 165 166 167 168 171
43 103 104 106 107 109 112 114 115 116 118 119 120 124 126 128 129 130 132 133 136 137 138 141 143 144 145 146 148 151 155 157 158 159 160 161 162 163 164 165 166 168 170 171
10 105 111 114 116 126 130 131 135 151 156
13 107 112 118 123 129 130 132 140 143 152 156 159 160
13 103 108 110 113 117 121 124 127 137 141 144 146 151
18 105 113 114 115 116 118 126 128 134 138 150 152 154 155 157 160 161 163
11 107 108 110 121 127 131 135 139 153 168 170
4 105 111 138 170
16 104 110 119 120 132 141 142 146 149 150 157 160 161 162 169 170
12 108 111 117 124 125 126 130 134 139 147 152 155
19 104 108 110 124 125 127 128 131 134 147 149 152 154 156 158 159 163 165 167
16 104 105 111 113 115 134 137 143 144 145 146 158 160 161 162 163
7 113 127 128 148 154 159 163
12 114 125 139 140 143 150 154 158 164 167 168 171
28 105 106 107 111 112 115 116 118 119 120 122 123 126 132 134 135 138 145 148 149 153 155 156 159 160 161 163 169
13 110 115 120 121 123 129 139 144 147 152 153 160 164
15 104 106 108 109 112 115 116 127 139 148 149 151 152 159 160
19 103 110 115 120 121 122 129 134 136 137 142 147 148 159 161 162 166 169 170
15 107 112 116 118 123 129 130 132 133 139 140 152 156 160 170
8 103 111 141 150 155 165 168 171
13 114 115 120 121 123 129 139 144 147 151 153 160 164
23 111 114 116 117 121 127 128 140 144 146 147 148 149 153 154 156 157 160 161 162 164 167 171
25 106 110 112 114 116 117 118 120 122 127 128 129 130 135 136 138 140 148 151 156 164 165 168 169 171
15 110 122 127 130 135 139 142 151 154 155 157 159 167 169 171
12 103 104 105 106 110 111 129 135 144 151 165 169
16 104 109 120 122 126 127 135 143 146 153 155 160 163 165 166 171
17 112 115 116 117 120 121 131 136 137 147 148 156 161 162 163 166 168
18 103 104 106 108 111 112 115 116 120 127 139 148 149 150 152 156 159 160
10 105 106 121 125 134 151 154 157 161 162
21 103 106 107 109 111 113 115 118 119 122 125 130 133 149 150 153 157 160 161 163 170
10 116 124 127 135 137 149 153 157 164 166
14 109 112 115 116 120 121 122 132 136 142 150 157 164 166
14 103 104 106 108 111 112 116 117 120 148 149 152 156 160
10 104 110 115 120 121 134 139 144 160 164
22 107 108 112 113 117 119 122 124 126 135 136 137 138 140 149 156 158 159 161 166 167 170
13 103 108 113 117 121 124 127 137 144 146 147 151 170
14 108 112 116 117 119 123 125 129 140 144 148 154 165 167
12 103 104 105 106 110 129 135 144 151 165 169 171
11 103 106 109 112 123 133 138 140 144 156 158
7 112 130 131 135 139 151 156
10 107 127 134 135 141 149 150 151 152 164
12 103 107 115 118 120 142 147 148 159 161 162 169
21 103 105 107 113 115 116 119 120 122 124 129 133 145 146 152 153 157 166 167 169 170
11 103 104 105 111 129 135 141 144 151 165 169
9 105 110 111 121 122 131 134 139 152
23 107 111 114 115 124 128 131 136 140 142 147 149 151 152 153 155 156 159 160 162 166 169 171
18 107 108 111 114 132 136 139 140 142 144 145 149 151 154 160 161 162 165
19 110 114 120 124 128 131 134 136 137 145 146 154 155 157 161 163 166 167 171
28 103 106 107 108 109 111 118 120 122 124 125 129 130 131 133 137 143 145 148 149 150 153 154 156 160 161 164 170
14 108 124 127 143 144 146 149 153 154 158 160 167 168 171
4 103 105 111 170
20 109 115 119 120 121 122 123 124 125 130 134 142 150 153 155 157 158 159 166 167
7 106 111 114 127 128 162 169
26 104 105 110 114 116 121 127 132 134 135 138 139 140 142 144 146 147 151 155 158 162 166 167 168 169 171
25 107 108 109 114 115 117 123 128 131 135 137 138 140 141 144 145 155 157 159 161 162 165 168 170 171
41 103 104 105 108 110 111 112 118 119 122 123 124 128 129 130 131 132 133 134 136 137 140 141 142 144 146 148 149 150 151 152 157 159 161 162 163 164 166 168 169 171
28 103 105 114 115 116 118 119 124 125 127 130 131 133 136 138 142 143 145 147 156 157 158 159 162 163 166 169 171
23 105 109 115 120 123 125 128 132 136 140 142 147 148 149 150 152 153 163 167 168 169 170 171
41 103 104 106 109 110 111 112 113 114 115 119 121 124 125 126 127 128 130 133 134 135 136 137 138 139 141 147 149 151 153 154 156 158 159 164 165 166 167 168 170 171
35 105 107 109 113 115 116 117 121 122 123 129 131 133 134 135 137 140 141 142 144 149 150 152 154 155 156 159 160 161 163 164 165 167 169 171
46 105 106 107 108 110 111 112 113 114 115 116 118 120 122 123 124 125 126 127 130 134 135 136 137 141 142 144 145 149 150 151 153 155 156 157 158 159 160 161 162 163 164 168 169 170 171
48 103 104 105 106 107 108 109 111 113 114 116 117 118 119 120 121 122 123 124 126 128 129 132 134 135 137 138 139 140 142 144 145 146 147 148 153 155 156 157 158 159 161 164 166 167 168 170 171
26 105 106 107 108 109 111 113 114 120 121 124 126 131 134 136 139 142 147 149 154 156 157 159 163 167 171
40 105 106 108 109 112 113 114 118 120 121 123 124 125 126 128 131 132 133 135 136 140 142 143 144 145 148 149 151 154 155 156 157 158 163 164 165 166 169 170 171
43 103 104 105 106 107 108 110 111 112 116 117 122 123 124 125 126 128 129 130 131 132 134 135 136 137 138 140 141 142 145 146 150 151 152 153 158 161 164 165 166 167 169 170
34 103 107 111 114 118 119 120 124 126 127 128 129 134 138 141 142 146 147 150 152 154 156 157 158 161 162 164 165 166 167 168 169 170 171
43 103 104 105 106 107 111 112 113 114 116 117 125 126 131 132 133 135 136 137 138 139 141 143 144 146 147 148 150 151 153 156 157 158 160 161 162 163 164 165 166 167 168 169
28 105 111 112 114 116 119 120 121 122 124 126 135 136 140 141 142 146 149 150 151 154 155 156 158 159 161 163 170
36 108 110 111 113 114 115 116 117 121 122 125 127 128 129 132 136 137 138 141 142 143 146 147 148 149 150 152 153 154 156 160 161 162 164 170 171
31 103 105 106 112 116 118 123 124 125 126 129 130 131 134 135 138 140 143 144 146 147 148 152 153 155 156 158 162 166 170 171
39 103 104 105 108 110 111 113 114 115 116 117 118 119 120 123 126 128 129 131 135 140 141 144 145 148 149 150 152 153 155 159 161 162 163 164 165 167 169 171
25 103 104 105 106 109 111 112 113 116 119 122 127 130 133 135 137 141 144 159 160 163 167 168 169 171
38 103 104 105 106 107 108 111 112 114 115 119 120 123 124 127 128 129 130 132 137 139 140 141 144 146 149 151 153 154 155 156 161 162 166 167 169 170 171
45 103 104 106 107 112 113 114 115 116 118 121 123 124 128 129 130 132 133 134 135 137 138 139 141 142 146 147 151 152 153 155 156 157 158 159 160 161 162 164 166 167 168 169 170 171
31 107 108 111 114 116 118 119 120 122 124 127 129 130 131 132 134 136 138 140 145 146 148 149 151 158 159 163 164 165 168 171
29 103 106 107 108 113 114 116 117 118 119 120 123 125 128 129 131 133 136 138 144 145 149 152 153 157 158 159 168 169
25 103 104 105 107 108 111 116 117 119 121 123 125 127 130 136 140 141 145 147 150 153 156 158 163 165
46 105 106 107 108 109 110 112 113 115 117 118 121 123 124 126 128 129 130 131 132 133 134 135 137 139 140 142 143 146 148 150 151 152 153 154 156 157 158 161 162 163 166 167 168 170 171
42 103 104 105 106 107 108 109 111 113 117 119 121 122 124 125 127 128 129 130 131 132 134 137 138 139 142 143 145 148 150 151 152 153 155 157 158 160 162 163 164 166 169
23 104 105 109 110 112 114 117 121 124 126 133 136 138 139 140 143 144 146 147 152 163 167 168
23 103 104 112 114 115 117 118 124 126 127 128 139 141 143 144 145 151 155 157 161 163 164 168
21 112 113 117 124 126 128 130 132 134 135 139 141 142 144 145 150 153 156 161 163 168
47 103 105 106 107 108 109 110 111 112 113 116 119 121 122 123 124 126 128 130 132 135 137 138 139 141 143 144 145 146 147 148 149 150 152 154 155 157 159 161 162 163 164 165 167 168 169 170
41 104 105 108 109 110 111 113 114 115 116 117 118 121 122 124 125 126 127 128 130 131 133 134 135 136 137 141 142 143 145 146 148 149 150 154 156 159 164 165 168 171
35 103 109 111 112 113 114 117 119 120 121 122 126 128 131 133 137 138 141 146 148 150 155 156 157 158 159 160 162 163 164 166 168 169 170 171
30 105 111 123 126 127 131 132 133 135 138 139 140 141 142 143 145 147 148 149 155 156 157 159 161 162 163 164 167 168 169
41 104 107 108 110 111 112 113 114 115 117 118 119 124 125 127 128 129 130 133 136 137 139 140 141 142 143 144 145 146 147 149 150 152 154 155 159 161 162 165 168 169
21 105 106 109 111 112 117 118 127 128 136 137 143 145 148 155 160 161 162 165 170 171
27 103 105 108 117 121 122 124 127 128 129 130 132 136 137 142 145 147 148 149 151 154 156 159 161 166 169 171
28 103 107 111 112 115 120 124 126 128 132 134 135 136 137 141 142 143 144 145 149 150 152 155 159 160 161 167 170
42 103 106 107 108 110 111 113 114 115 118 121 123 125 127 130 131 133 134 137 138 139 140 141 142 143 145 147 148 149 150 153 154 156 157 158 159 163 165 167 168 169 171
44 103 104 106 107 109 110 111 112 113 115 116 119 121 122 123 124 125 128 130 133 134 135 136 137 139 140 141 144 145 147 150 151 152 154 155 158 159 161 165 166 167 169 170 171
32 104 105 106 107 108 109 114 125 131 132 133 136 137 138 139 140 141 142 143 144 145 146 149 151 152 154 155 158 160 163 164 168
27 103 106 110 111 114 116 120 122 123 128 129 132 136 139 140 142 146 148 150 153 154 155 158 159 162 164 166
44 103 104 105 107 108 109 111 114 115 116 118 119 120 121 124 125 127 128 129 130 131 132 133 135 136 138 140 143 146 147 148 149 155 156 158 159 160 161 162 163 165 166 167 168
21 104 107 118 121 124 126 131 134 141 142 146 148 149 150 152 157 158 160 162 164 170
42 103 104 106 107 108 109 110 111 113 114 115 116 118 119 121 124 125 127 128 129 131 135 136 137 138 139 141 150 151 154 155 156 157 158 159 160 161 162 163 165 168 169
45 103 105 106 108 109 110 111 112 113 115 117 119 120 123 124 125 126 127 129 130 133 134 135 137 139 141 142 143 144 146 151 152 153 154 156 158 159 160 161 162 164 166 169 170 171
45 104 105 106 107 108 109 110 112 113 114 115 118 119 120 122 123 125 127 129 133 134 135 136 137 139 140 141 143 145 149 150 151 152 154 155 156 157 160 161 164 165 166 167 170 171
23 105 109 113 120 121 123 126 130 132 136 141 143 144 148 152 153 156 158 160 166 168 169 171
41 103 104 105 107 108 109 111 113 115 116 117 118 119 121 122 123 124 125 127 128 132 135 137 139 140 141 142 143 145 147 148 151 155 158 160 161 163 166 167 168 170
28 106 107 111 112 113 115 117 118 121 123 124 126 127 132 133 139 140 142 143 147 149 159 161 162 163 164 166 169
30 104 106 109 110 111 119 121 122 123 125 127 128 130 131 132 140 143 147 148 149 150 152 154 157 158 159 163 164 165 169
30 103 104 108 109 110 112 117 118 119 125 128 129 130 131 132 134 135 137 139 140 142 143 144 146 153 161 166 168 169 170
25 105 106 110 111 112 114 118 121 126 130 134 135 137 140 142 143 147 149 153 157 158 160 162 163 167
40 105 106 107 110 111 112 113 115 118 120 121 125 126 127 128 129 130 131 132 133 135 138 143 144 145 146 147 148 150 151 152 154 155 157 158 159 167 168 169 170
38 103 104 106 107 109 110 111 113 114 116 118 119 120 122 123 124 125 127 130 132 133 137 138 141 142 144 148 150 151 153 160 162 163 166 167 168 170 171
32 103 105 106 108 110 119 122 125 127 128 129 130 131 132 134 135 139 142 144 145 147 148 153 155 156 157 159 160 161 163 164 169
29 103 105 106 107 113 115 116 118 121 122 125 128 133 134 135 138 139 142 143 145 147 148 157 158 159 160 162 165 170
39 104 105 107 109 111 112 118 120 121 122 123 124 125 127 130 132 135 136 137 138 139 140 141 143 146 147 149 151 152 156 157 159 162 163 165 166 168 169 170
35 103 104 107 112 115 116 118 120 122 126 128 130 132 133 136 138 141 142 144 146 147 149 150 151 153 154 155 158 160 161 162 165 166 169 170
21 104 107 113 121 123 124 126 127 129 130 133 134 145 146 151 155 163 164 166 168 169
41 103 104 107 110 114 115 116 117 119 122 123 125 126 127 129 130 131 132 133 134 137 138 139 141 142 143 144 146 147 148 153 154 156 157 158 163 167 168 169 170 171
41 103 107 108 110 112 113 114 115 117 118 119 123 124 126 129 130 131 132 133 134 136 137 138 139 140 143 149 150 151 152 153 154 155 157 159 161 166 167 168 170 171
43 104 111 112 113 117 118 122 124 125 126 127 129 130 131 133 134 135 136 137 139 140 142 143 144 146 147 148 149 150 151 154 155 156 158 159 160 161 163 164 165 167 169 171
24 111 116 120 121 127 128 129 130 131 134 140 143 144 145 151 153 156 159 161 162 166 167 168 170
34 103 109 110 112 113 114 116 119 120 121 123 124 125 128 130 131 134 135 136 137 138 142 146 148 151 154 156 157 158 160 164 167 168 171
33 103 104 105 109 116 118 120 122 123 124 128 130 132 133 134 135 137 141 144 148 152 153 155 160 162 163 164 165 166 167 168 169 171
35 103 105 106 110 112 113 114 116 119 126 127 128 129 131 132 133 137 138 140 141 143 144 146 147 149 150 151 152 155 156 157 159 162 170 171
31 106 109 113 114 119 120 121 122 123 125 126 127 128 129 131 132 133 134 135 136 139 145 148 153 159 160 162 163 165 166 168
44 103 105 106 107 108 109 110 111 112 114 115 116 118 122 124 126 127 128 129 131 133 134 135 136 137 138 139 140 143 145 146 147 149 152 153 155 156 159 160 164 165 167 168 169
35 106 107 108 109 110 111 114 117 119 120 121 122 127 130 132 133 136 137 140 142 144 145 146 149 150 153 154 155 157 158 159 162 163 166 171
26 107 108 109 110 116 119 120 123 125 127 128 130 133 135 136 142 144 147 148 149 151 153 157 158 168 169
23 103 104 107 108 109 111 113 117 120 122 123 127 128 131 132 133 145 146 148 150 152 159 162
35 103 104 108 111 113 117 118 119 120 124 125 127 130 133 134 135 138 139 142 143 144 146 148 150 152 153 155 156 157 160 162 163 167 170 171
24 109 112 118 120 121 126 128 133 138 142 144 145 147 154 156 157 159 161 162 164 165 167 168 171
36 103 106 108 111 112 113 114 115 116 117 120 121 123 124 125 126 127 129 132 134 135 136 137 139 140 147 149 151 153 158 159 162 164 165 167 170
43 103 104 106 107 111 112 114 115 116 118 119 121 122 124 127 129 130 131 133 134 135 137 138 139 140 145 146 147 148 149 152 153 154 155 159 160 161 163 164 165 166 168 171
30 103 104 105 109 110 117 118 119 123 124 125 129 135 137 139 143 150 152 153 155 156 157 159 160 161 164 165 166 167 171
34 103 104 105 108 111 114 118 119 120 122 126 129 131 134 135 137 138 140 141 142 143 145 146 150 153 154 155 159 161 163 166 168 169 170
37 103 104 105 107 108 110 112 113 114 116 118 119 122 123 125 126 127 128 129 132 136 137 138 140 141 142 144 145 146 150 153 159 160 161 163 167 168
39 104 106 107 108 110 112 114 115 116 117 118 119 120 122 124 125 128 129 130 132 134 136 137 138 140 142 145 147 152 156 158 161 163 165 166 167 168 169 170
30 106 110 111 119 120 122 125 126 127 134 136 137 138 139 140 141 143 149 150 154 156 157 158 162 163 165 166 167 168 169
29 103 104 105 107 109 115 117 120 123 125 126 127 129 131 133 134 136 137 140 144 145 147 156 159 160 165 166 168 169
41 104 105 106 107 110 111 112 113 114 115 116 117 119 121 122 124 125 126 127 128 132 137 138 139 140 142 144 146 147 150 152 153 155 156 158 160 162 168 169 170 171
30 103 105 108 109 110 113 115 116 117 119 128 130 131 133 135 136 145 147 150 151 152 154 155 156 161 164 166 168 170 171
32 105 110 114 117 121 122 125 127 128 130 131 133 134 136 137 138 140 141 143 144 146 148 149 152 154 156 157 158 159 160 166 169
29 107 110 111 112 113 114 115 118 120 123 126 128 129 132 134 136 137 145 146 148 158 159 161 163 164 165 167 168 170
36 103 104 105 106 107 108 109 112 114 115 120 122 123 124 126 127 131 133 134 136 140 141 142 144 145 147 149 156 158 160 162 163 164 166 170 171
37 103 105 109 114 115 117 121 122 123 125 126 127 129 130 132 133 134 138 141 142 143 144 146 147 148 150 153 154 155 158 163 164 165 166 169 170 171
39 103 106 107 109 110 111 113 114 115 116 117 118 120 122 127 129 130 134 135 136 137 139 140 141 145 147 149 150 151 154 155 157 159 160 162 164 165 167 168
32 103 104 105 108 109 113 115 118 119 121 122 132 134 136 139 140 143 145 146 148 149 152 155 156 157 158 161 164 165 166 169 171
25 104 106 109 110 111 115 118 120 121 122 132 134 135 136 143 145 150 153 156 158 160 162 164 167 168
31 105 106 107 108 109 110 111 113 114 117 120 123 130 131 132 136 137 139 141 142 144 146 152 153 155 156 160 161 162 167 170
34 103 104 109 111 112 113 116 119 122 123 124 126 127 129 130 131 134 135 136 137 138 143 145 146 148 153 155 157 159 163 166 168 170 171
38 103 104 106 108 109 111 112 116 117 119 120 122 123 124 127 128 130 132 134 135 137 139 142 147 148 149 150 151 152 153 155 156 160 162 164 166 170 171
42 104 106 109 110 113 115 116 117 118 120 121 122 123 124 125 131 133 134 136 137 138 139 140 141 143 144 145 146 147 148 150 151 153 155 157 158 159 161 163 164 165 168
25 110 111 113 115 117 118 119 121 129 130 131 133 136 138 140 143 155 156 157 158 162 163 164 165 170
34 104 105 107 111 112 113 116 118 119 121 125 127 128 129 132 133 135 139 141 142 145 146 147 149 154 155 156 160 161 165 166 167 168 170
31 105 109 111 112 113 124 126 128 129 130 132 134 137 138 139 140 141 144 149 150 153 155 157 158 159 160 162 164 167 168 171
42 103 104 105 108 109 110 111 114 115 116 117 118 123 124 127 130 131 133 134 136 137 138 139 140 141 144 145 148 150 151 152 154 155 156 157 162 163 165 166 168 169 170
45 104 106 107 108 109 110 112 114 115 116 117 120 121 123 125 126 127 128 129 130 131 133 134 136 137 138 139 140 141 143 144 145 146 149 150 151 153 154 157 159 160 161 163 168 170
24 104 105 106 108 109 114 118 121 122 126 129 132 137 138 143 148 150 151 152 153 162 163 164 170
22 105 106 108 112 121 125 126 132 134 139 140 142 148 153 157 158 160 164 165 168 169 171
40 104 107 109 110 111 112 116 117 119 120 121 123 124 128 129 131 132 133 134 135 136 138 140 141 142 146 148 150 152 154 155 156 159 160 161 164 165 166 168 171
44 104 105 106 110 111 117 119 120 121 124 125 126 128 129 130 131 134 135 136 137 139 141 142 143 144 145 146 148 149 151 152 153 156 157 159 161 162 163 164 166 168 169 170 171
44 103 104 105 106 107 108 109 110 115 116 117 118 121 122 123 130 132 133 135 136 138 139 140 141 142 143 145 147 148 149 150 152 153 156 157 158 159 162 163 164 167 169 170 171
24 103 104 106 108 109 115 116 117 123 131 132 136 138 139 142 148 151 152 153 160 162 168 170 171
41 104 108 109 111 113 114 115 117 119 121 122 123 124 125 126 128 131 132 133 134 135 136 137 139 140 141 145 148 150 152 153 154 156 158 159 160 164 166 167 169 170
40 104 105 106 107 110 112 113 114 117 119 120 121 122 123 124 125 126 128 130 133 140 141 142 144 146 147 148 150 151 152 153 155 156 157 158 159 160 161 164 167
36 103 104 105 107 108 112 113 114 122 124 127 130 132 133 134 136 137 141 142 143 144 145 149 150 154 155 157 158 159 160 163 165 166 167 170 171
21 103 109 112 120 123 125 126 128 132 137 138 140 145 147 151 153 155 161 165 166 168
46 103 105 106 109 110 111 112 113 114 115 116 117 121 122 123 125 126 127 128 129 130 131 132 133 134 135 139 140 141 142 144 146 149 150 152 153 155 156 157 158 161 163 164 166 167 169
32 104 108 110 111 112 116 117 118 119 121 123 128 130 132 136 137 138 139 140 141 142 144 145 150 152 153 154 155 159 160 166 168
46 104 105 106 107 108 109 110 112 114 115 116 120 121 128 129 130 131 132 133 134 138 141 142 143 144 145 146 147 149 150 151 152 153 155 156 157 158 159 161 162 164 165 167 168 169 170
23 103 104 107 110 111 115 118 122 128 130 131 148 149 151 153 154 156 160 161 162 165 166 169
42 103 104 105 106 107 109 110 111 115 118 119 122 123 124 128 129 131 134 135 137 139 140 141 144 146 148 149 153 154 156 157 160 161 162 163 164 165 166 167 168 170 171
35 103 105 107 108 109 110 112 114 115 117 120 121 122 123 124 125 129 130 131 135 141 143 144 147 148 149 153 154 155 161 164 165 167 168 169
34 103 104 109 112 117 119 121 123 124 125 127 128 129 132 136 137 140 141 142 145 146 147 148 149 150 151 153 156 158 159 160 163 168 171
36 104 106 107 109 110 111 113 114 115 118 119 120 121 122 127 137 138 139 141 142 143 145 146 147 148 149 152 153 156 157 158 159 160 163 165 170
23 103 108 110 111 114 118 123 124 125 130 131 135 137 140 143 149 150 154 155 159 160 161 166
22 110 113 114 116 119 120 127 132 136 140 141 142 143 145 153 155 157 163 164 167 168 171
24 104 108 109 113 116 123 128 129 133 141 145 147 148 150 151 154 156 157 161 162 163 165 169 171
44 103 104 105 106 107 108 109 111 112 113 114 115 116 117 118 119 120 123 125 126 127 129 130 131 135 136 137 143 144 146 148 149 150 151 152 153 157 158 159 161 162 163 165 170
42 104 106 107 108 109 110 112 113 114 115 116 118 119 122 124 126 127 130 131 132 133 135 136 137 138 143 146 148 149 150 152 155 158 159 161 162 164 165 168 169 170 171
33 105 106 108 109 110 111 114 117 118 119 120 121 122 123 124 127 130 133 135 137 142 143 146 147 150 151 153 157 158 162 167 168 170
26 106 108 109 114 115 122 123 129 131 133 135 138 143 145 147 148 149 153 154 155 156 160 165 167 169 171
30 104 106 107 109 110 111 115 116 119 126 128 129 130 134 140 141 142 144 146 149 150 151 156 157 161 164 165 168 169 171
45 103 104 105 107 108 109 111 112 114 115 116 117 119 120 124 125 128 129 131 133 135 137 138 139 140 141 142 144 145 146 147 148 149 151 152 154 155 157 160 162 165 168 169 170 171
27 105 107 109 110 114 118 119 120 127 128 131 132 136 137 139 141 143 144 148 152 158 159 162 163 165 170 171
42 103 105 107 108 110 111 112 115 117 118 119 123 124 125 126 127 130 132 134 135 137 138 139 140 141 143 144 145 146 147 149 150 151 152 153 156 160 161 163 164 165 168
20 105 106 107 108 110 114 117 120 122 127 130 136 138 139 146 149 150 154 158 168
44 103 105 107 108 110 112 113 114 115 116 117 120 121 122 123 124 125 127 130 131 132 133 134 136 137 138 140 142 143 144 145 149 152 153 154 156 158 160 161 163 166 168 169 171
22 103 104 106 108 114 120 122 124 126 127 128 136 140 146 148 152 153 163 166 167 168 170
34 107 108 110 111 112 114 116 118 120 121 122 128 133 135 136 139 140 142 146 147 151 153 154 155 157 159 160 161 163 164 166 167 168 171
43 108 109 111 112 113 114 116 117 118 120 121 122 123 125 126 128 129 131 134 136 137 138 139 143 145 146 148 149 154 156 158 159 160 161 162 163 164 165 166 167 168 169 171
33 108 110 114 115 117 118 120 123 125 126 127 132 137 140 141 143 144 145 146 147 150 151 152 153 154 155 157 159 162 163 164 167 171
24 105 109 113 117 119 122 129 130 131 133 134 141 142 144 145 149 150 151 158 162 163 164 165 169
33 103 106 108 109 114 116 117 120 121 122 125 128 135 137 138 139 142 143 144 145 147 148 150 152 154 155 156 157 159 160 163 165 168
40 104 105 107 108 112 113 114 115 116 118 120 122 123 125 126 127 128 130 131 132 133 135 136 137 138 139 140 144 145 146 149 154 155 156 157 162 165 168 169 170
30 105 107 111 112 116 117 118 120 122 124 125 126 129 130 132 134 136 137 140 141 142 145 146 148 149 150 155 156 164 166
34 103 107 108 109 110 112 113 114 117 119 120 122 125 126 127 128 131 134 135 137 138 141 142 146 147 152 153 154 157 158 159 161 165 171
25 103 105 109 110 112 116 117 118 120 122 127 130 136 143 146 148 149 150 152 154 159 163 164 168 171
27 107 108 113 114 115 121 122 130 133 135 136 139 140 141 142 143 144 149 151 154 156 157 163 167 168 169 170
28 103 106 109 110 116 118 119 123 124 126 132 133 134 135 136 140 142 150 153 154 155 158 161 163 165 166 167 168
20 103 104 107 113 116 126 128 131 133 137 147 151 158 161 162 163 165 167 168 171
35 103 104 105 106 107 109 116 118 124 126 128 129 130 131 132 135 137 138 140 141 142 144 148 151 152 154 155 156 157 159 160 161 162 166 171
27 108 111 116 117 118 122 124 126 127 133 134 142 146 147 148 150 152 156 157 158 159 160 162 164 167 169 171
39 104 105 107 108 110 111 115 116 117 119 120 124 125 128 129 130 132 133 136 138 139 140 143 145 146 149 151 154 155 156 158 159 160 163 165 166 167 168 170
32 106 107 108 109 113 114 118 120 121 122 123 124 125 127 128 130 131 132 133 136 137 138 139 140 143 147 150 152 154 163 164 165
41 104 105 106 107 109 112 115 116 117 118 119 120 121 128 132 134 135 136 137 138 139 140 141 142 143 144 145 147 149 153 155 158 160 161 162 163 167 168 169 170 171
46 104 106 109 112 113 114 115 116 117 118 121 123 125 126 127 128 129 131 132 134 135 137 138 139 141 142 143 145 149 152 154 155 156 157 158 159 161 162 163 165 166 167 168 169 170 171
36 104 108 110 111 112 113 116 117 120 121 122 124 126 128 132 133 137 139 143 145 147 148 150 152 153 155 156 157 158 163 165 166 167 169 170 171
41 106 107 108 110 111 112 113 116 117 118 119 120 123 125 126 128 129 130 131 134 135 137 138 139 142 143 144 146 147 150 151 152 153 156 159 160 163 164 165 167 168
34 103 107 108 109 112 113 115 116 117 118 119 121 122 125 126 127 134 135 136 137 140 142 143 144 146 148 149 151 152 153 157 164 169 171
40 103 104 105 108 109 110 111 112 115 118 120 125 126 130 131 133 135 136 142 143 144 145 146 147 148 149 150 151 152 153 155 158 159 160 161 163 165 166 167 171
43 103 104 108 109 111 113 114 116 117 119 120 122 124 126 127 128 129 130 131 132 135 136 137 138 140 142 144 145 148 150 153 156 158 159 160 161 162 163 164 165 167 170 171
37 103 105 106 107 108 110 113 115 117 118 121 122 124 125 127 128 129 132 134 139 140 143 144 145 147 150 151 154 157 159 160 163 167 168 169 170 171
22 104 114 116 124 125 127 128 129 130 132 136 139 140 141 142 143 146 162 163 166 167 171
40 103 104 105 106 107 108 109 110 111 112 113 114 119 121 125 126 128 129 130 133 134 136 138 139 143 144 147 148 153 154 155 156 157 159 162 165 166 167 169 170
22 103 105 110 115 116 126 127 131 133 137 138 143 150 152 154 156 158 159 160 161 166 169
43 105 106 107 108 110 111 113 114 115 116 120 123 125 126 127 128 129 130 133 134 135 136 137 143 144 145 146 148 149 151 152 153 154 155 157 158 159 162 163 164 165 166 167
31 104 109 110 112 115 116 118 121 131 133 134 135 137 138 139 140 141 144 145 146 148 150 152 154 155 156 157 164 166 168 169
33 103 106 109 111 113 114 115 116 117 121 123 124 126 127 130 131 133 137 139 142 145 146 148 150 151 152 155 159 160 162 166 170 171
44 103 104 106 107 109 114 115 118 119 120 121 122 123 125 128 129 130 132 133 135 136 138 142 143 144 145 146 148 149 150 151 152 154 155 156 157 158 160 163 164 167 168 169 171
36 104 105 106 107 108 109 115 117 119 120 122 124 129 133 134 135 136 137 138 140 144 145 146 147 148 150 154 156 158 159 160 161 163 165 166 167
27 103 104 109 111 113 114 115 116 120 122 123 128 129 141 143 145 146 147 152 154 157 158 160 161 162 163 169
40 103 104 105 106 107 109 111 112 113 114 117 119 121 122 124 126 127 128 130 132 133 136 137 139 142 143 145 146 147 150 151 155 156 157 158 159 165 167 168 171
30 103 105 107 108 110 111 114 116 118 123 124 125 126 130 132 134 136 139 140 142 146 148 149 154 156 160 165 167 168 169
35 105 106 107 109 111 113 114 115 117 118 119 121 122 128 131 132 134 135 136 138 139 140 142 143 146 147 148 151 153 155 156 161 167 170 171
45 103 104 105 106 107 108 109 111 114 115 116 118 119 121 123 124 125 126 127 128 130 131 132 133 136 137 139 140 142 143 146 147 149 150 151 152 155 156 157 158 159 162 166 167 169
43 104 105 106 107 108 110 112 114 117 120 121 122 124 125 126 129 130 131 132 133 134 136 137 138 140 144 145 149 150 151 152 154 155 157 158 159 161 162 164 165 166 167 171
45 103 104 105 106 108 110 112 113 115 117 118 120 121 123 124 125 128 129 130 131 132 134 136 137 138 139 140 141 142 144 145 146 147 148 152 155 156 157 158 159 165 166 167 169 170
37 104 105 106 111 112 114 115 117 120 122 123 126 127 128 129 133 136 137 138 140 141 142 143 145 146 147 149 150 151 157 158 160 161 163 168 169 170
26 109 111 112 114 115 116 121 122 129 131 135 136 137 138 140 141 146 147 148 149 152 154 159 166 167 171
38 103 104 106 107 112 113 114 116 117 118 121 125 126 128 129 131 133 135 137 138 140 146 149 150 151 152 153 154 155 159 160 161 164 165 166 168 170 171
23 103 106 108 109 113 116 118 120 123 127 129 133 135 136 139 142 143 147 154 158 164 168 169
22 103 114 115 118 122 124 126 127 129 130 143 145 147 148 150 152 157 158 160 167 170 171
32 104 105 107 110 111 113 115 117 118 121 126 130 132 133 134 136 139 141 143 144 145 147 148 152 153 154 158 164 165 167 168 169
31 105 111 112 114 120 121 123 125 133 134 135 136 138 139 140 143 144 145 147 150 151 152 153 154 157 160 165 166 169 170 171
25 103 112 116 117 119 121 128 132 133 137 138 139 141 147 151 155 156 157 160 161 162 163 166 167 171
41 104 107 108 109 110 111 112 115 120 125 126 127 129 130 131 133 134 136 137 138 140 141 142 143 146 147 148 149 150 153 155 158 159 162 164 165 167 168 169 170 171
47 103 104 106 109 110 113 114 117 118 122 124 128 130 132 134 135 137 138 139 141 142 144 147 148 149 150 151 152 153 154 155 156 157 158 159 160 161 162 163 164 165 166 167 168 169 170 171
26 103 104 109 110 111 115 118 125 126 128 130 137 138 140 145 147 148 149 150 151 156 157 158 160 162 169
24 105 107 108 119 120 129 130 132 134 137 139 141 149 151 153 154 155 156 158 162 165 166 169 170
37 106 109 110 111 112 113 114 115 116 117 122 123 125 128 130 131 132 135 136 137 138 139 140 144 146 147 148 155 157 158 160 162 164 165 166 169 170
27 104 106 107 114 115 116 117 118 120 121 127 129 135 136 137 138 141 143 144 146 148 150 151 159 160 162 163
44 104 105 107 108 110 111 112 114 115 117 119 122 123 125 127 128 129 131 133 136 139 143 144 145 146 147 148 150 151 152 153 154 155 157 158 159 160 161 162 164 166 167 169 171
40 106 107 108 109 110 111 113 114 116 119 121 122 124 127 130 131 134 135 139 140 141 142 144 145 146 148 153 154 156 157 158 159 160 161 162 163 164 167 170 171
45 103 104 105 106 107 108 112 116 120 121 122 124 127 128 129 130 132 133 134 135 138 139 140 141 142 144 145 146 147 149 151 155 156 157 158 159 160 162 163 165 166 168 169 170 171
46 104 105 106 107 108 111 112 113 115 117 118 119 120 121 124 126 127 128 130 132 133 134 136 140 141 142 143 145 147 148 150 152 153 155 157 158 159 160 162 164 165 166 167 168 169 170
25 175 177 180 183 184 187 192 197 198 200 201 204 206 207 208 210 212 218 222 224 225 227 229 230 231
27 173 174 176 177 178 180 181 184 188 191 192 196 200 203 204 205 206 209 210 213 217 219 221 223 226 228 229
18 173 177 181 182 187 189 190 193 197 206 207 208 209 213 215 219 223 228
28 173 176 177 182 183 184 185 188 193 197 198 199 200 202 204 208 209 210 211 212 213 216 224 225 227 228 230 231
11 172 173 181 183 192 196 197 207 211 222 226
5 178 196 204 210 215
33 172 175 179 182 183 185 186 187 189 190 193 194 195 197 198 199 201 202 207 208 211 212 214 215 216 218 220 222 224 225 227 230 231
15 176 178 180 182 202 203 204 205 207 209 216 217 218 228 229
20 173 174 177 178 179 181 187 200 209 211 212 213 214 215 219 220 221 224 228 229
3 177 197 231
15 172 177 182 190 193 196 197 201 202 204 209 217 220 224 227
17 174 178 180 181 188 189 192 193 201 207 212 213 215 216 221 227 229
19 174 178 179 181 187 189 199 200 203 205 210 213 221 222 225 226 228 229 231
17 172 178 181 186 189 191 192 195 198 202 207 212 216 217 219 224 230
12 172 181 187 191 195 201 205 214 215 217 222 229
14 172 173 174 180 189 192 195 196 197 199 213 214 218 223
30 173 175 176 177 178 180 182 183 185 186 188 190 191 192 195 196 200 201 204 207 211 212 213 218 219 221 223 224 227 231
27 174 175 177 178 182 184 186 188 189 190 192 193 197 204 205 206 207 209 212 213 217 218 220 221 226 228 231
18 175 177 178 180 181 182 186 187 189 192 194 198 202 204 214 221 223 226
13 172 183 184 191 201 203 212 213 218 222 228 229 231
12 176 185 188 190 193 199 215 216 217 221 223 228
10 172 180 183 193 199 202 209 210 213 226
34 173 177 178 179 180 183 184 185 186 187 189 190 193 194 198 200 201 205 206 207 209 210 213 214 217 218 219 221 222 223 224 227 229 230
28 178 181 182 183 184 185 187 188 191 193 198 201 202 204 205 206 207 208 211 215 217 219 220 221 225 226 227 228
23 173 177 184 185 186 194 195 196 198 199 203 204 208 209 210 214 218 219 220 222 223 226 230
19 172 178 181 186 190 191 193 203 205 206 207 210 211 214 215 216 220 223 231
21 172 175 182 184 186 188 189 190 194 196 199 201 203 205 206 207 208 222 225 227 230
26 172 174 175 176 181 182 188 191 192 195 196 197 199 202 203 204 208 211 212 215 216 220 225 226 228 231
5 177 183 194 199 227
11 173 193 194 199 204 218 221 222 225 227 229
19 174 176 177 188 193 196 198 201 205 206 208 210 211 216 219 220 221 224 228
33 175 177 180 181 185 186 187 188 189 191 192 197 198 199 200 201 202 207 208 211 213 217 218 220 222 223 225 226 227 228 229 230 231
32 172 173 175 178 185 187 189 190 191 192 193 194 196 197 201 204 207 209 210 211 215 216 217 218 220 221 222 223 224 227 228 231
24 175 176 179 180 183 185 187 189 192 194 196 197 199 200 201 204 213 219 221 222 224 227 228 229
20 174 176 177 179 184 185 187 190 196 201 203 206 208 209 210 213 215 220 226 228
19 175 178 181 184 185 188 192 200 205 211 212 215 217 218 219 222 224 229 230
13 178 185 194 197 199 204 209 212 214 215 222 230 231
22 172 173 175 179 184 186 187 191 197 200 201 206 210 212 213 215 221 224 225 226 230 231
10 174 177 179 181 182 198 206 213 214 219
12 179 185 191 195 196 201 202 210 211 212 226 229
30 172 173 175 176 177 182 186 187 188 189 190 192 193 195 196 198 199 201 205 206 209 215 217 219 220 221 222 223 228 229
23 175 178 182 184 186 187 190 193 194 200 201 203 204 208 209 212 216 218 219 221 225 226 229
23 172 182 184 185 186 187 188 192 194 195 199 200 206 207 211 213 214 215 217 220 221 224 227
37 173 174 175 176 177 178 179 180 181 183 189 190 191 193 196 197 198 201 202 203 204 205 208 209 210 212 216 218 219 222 223 225 226 228 229 230 231
18 174 181 185 188 189 190 192 193 195 196 198 208 211 214 219 220 222 223
20 172 175 176 179 182 183 187 190 191 197 200 202 205 206 211 217 224 225 228 231
26 173 175 176 180 183 184 185 186 188 191 192 194 195 198 206 207 208 211 212 214 215 216 218 219 223 230
57 172 173 174 175 176 178 179 180 181 182 183 184 185 186 187 188 189 190 191 192 193 194 195 196 198 199 200 201 202 203 204 205 206 207 208 209 210 211 212 213 214 215 216 217 218 219 220 221 222 223 224 225 226 227 228 229 230
17 173 174 177 182 184 188 195 198 202 208 209 212 217 218 225 226 230
30 174 178 179 180 181 183 184 185 191 194 197 200 202 203 204 207 208 210 211 212 213 214 216 218 224 225 226 227 230 231
12 172 174 192 198 200 205 216 217 220 222 227 231
31 173 174 176 177 179 182 186 187 189 190 191 194 195 196 197 198 201 203 204 206 207 208 214 216 220 221 223 225 227 228 231
19 173 185 188 190 193 195 196 197 199 205 206 208 209 210 211 215 216 220 227
10 174 176 179 200 207 217 219 224 225 230
13 176 184 187 188 194 195 198 203 204 212 218 228 231
6 176 177 203 209 229 231
18 175 176 178 180 183 184 186 188 194 199 203 204 214 218 221 224 225 230
15 174 175 178 180 185 189 193 199 201 202 206 208 209 216 221
21 177 179 182 186 190 191 200 205 210 213 214 215 217 219 220 223 224 225 227 229 230
18 173 176 178 180 181 182 184 191 202 203 213 215 216 220 223 224 226 231
18 176 180 183 184 186 188 195 199 200 202 203 205 208 212 225 226 229 230
19 173 176 177 179 183 185 189 191 192 195 196 206 211 213 220 222 223 224 228
15 173 176 183 187 191 194 198 199 201 203 211 223 227 229 230
22 172 173 174 176 179 182 183 184 190 193 194 195 203 205 206 209 212 214 216 219 221 224
12 175 179 186 190 194 200 210 212 216 222 224 230
42 172 174 175 177 179 183 185 186 187 188 189 190 192 193 194 195 196 197 198 199 200 201 204 205 206 207 208 209 210 211 212 214 217 218 219 221 222 225 227 228 229 230
15 173 175 179 180 181 182 186 187 189 190 203 217 218 225 226
9 172 173 174 178 179 181 195 205 214
17 172 181 184 187 193 197 198 205 206 209 210 214 216 217 228 229 230
14 182 186 189 191 194 196 202 203 209 211 213 219 220 226
13 174 179 189 194 199 202 203 208 215 220 222 225 226
13 172 183 184 191 192 195 200 202 207 213 223 227 229
19 176 180 183 185 191 192 193 195 197 198 202 204 210 216 217 218 223 226 231
20 174 175 178 179 180 186 189 190 192 194 196 203 206 207 218 219 220 221 223 226
12 175 180 182 183 188 197 200 205 211 214 223 231
18 172 174 180 181 188 197 198 199 202 205 207 210 214 215 217 227 230 231
18 172 179 180 181 185 195 196 200 202 208 210 214 215 216 219 222 224 225
18 175 177 180 183 187 192 197 198 200 201 204 207 210 222 224 227 229 231
8 174 192 200 216 217 220 222 231
7 173 178 179 181 195 205 214
21 175 180 182 185 186 188 190 191 195 200 204 207 211 212 213 218 221 223 224 227 231
10 178 180 181 201 207 212 213 216 221 229
12 173 175 179 180 181 186 187 190 203 217 225 226
21 173 174 177 182 186 189 191 195 196 197 198 203 204 206 207 208 214 216 223 228 231
8 173 175 181 186 187 189 190 203
8 172 173 181 183 192 196 207 222
6 180 183 197 211 214 231
7 173 174 178 179 181 195 214
15 172 180 185 195 196 200 202 208 210 214 215 216 222 224 225
6 176 188 194 198 203 228
7 173 193 199 218 225 227 229
14 172 178 181 186 189 191 195 198 202 207 212 216 217 224
7 184 187 195 203 204 212 231
6 172 173 174 178 179 181
25 174 183 186 187 188 189 190 192 194 195 196 197 198 200 201 204 205 206 207 209 210 212 214 218 227
7 175 179 186 190 210 222 230
14 175 181 184 188 192 200 205 211 212 217 219 222 229 230
11 178 179 187 189 200 205 213 222 225 228 231
16 172 173 174 179 182 183 190 193 194 195 203 206 209 214 219 224
9 172 174 192 205 216 217 220 222 231
11 172 173 174 180 189 192 195 213 214 218 223
14 173 178 181 182 184 191 203 213 215 216 220 223 224 226
44 173 174 175 178 180 181 182 184 185 187 188 189 190 191 192 193 194 195 196 200 201 202 203 204 205 206 209 210 211 212 213 214 215 216 218 220 221 222 223 224 225 228 229 230
22 173 176 177 178 181 184 191 192 196 200 203 204 205 206 209 210 217 219 223 226 228 229
20 181 182 183 184 185 187 188 191 202 204 206 208 211 217 219 220 221 225 226 227
14 172 181 184 187 193 197 198 205 206 209 210 214 228 229
10 173 188 205 206 210 211 215 216 220 227
16 177 184 185 186 194 196 199 204 208 214 218 219 220 222 223 226
14 172 178 181 189 191 192 195 198 207 212 217 219 224 230
9 180 181 187 194 204 214 221 223 226
18 175 176 180 188 191 192 195 198 207 208 211 212 214 215 216 218 223 230
15 174 178 179 187 189 199 200 203 205 210 213 221 222 225 229
12 174 181 185 188 190 195 198 211 214 220 222 223
14 175 178 181 184 185 188 192 200 215 217 219 224 229 230
15 175 178 184 185 192 200 205 211 212 215 217 218 219 222 224
7 174 176 179 200 207 219 224
3 177 183 227
2 204 215
19 175 176 179 180 183 185 187 189 192 194 197 199 200 204 213 219 221 224 227
8 172 173 183 192 196 207 222 226
9 173 176 177 179 189 191 192 196 223
12 174 178 179 187 189 203 210 213 221 222 225 231
10 175 186 190 194 200 210 212 216 222 224
6 175 182 188 197 214 231
5 177 181 206 214 219
17 173 177 182 184 185 188 193 197 202 204 208 211 216 224 225 227 231
12 175 176 178 180 183 184 186 188 199 204 214 221
11 172 183 201 203 212 213 218 222 228 229 231
11 179 186 187 191 197 201 212 213 224 225 230
8 173 175 179 186 203 217 225 226
11 175 178 189 196 203 206 207 218 219 223 226
10 174 179 194 202 203 208 215 222 225 226
12 178 179 187 189 200 203 205 213 221 226 229 231
10 174 188 189 190 195 196 211 219 222 223
6 173 174 179 181 195 205
20 173 176 182 186 188 190 192 193 196 198 199 201 205 209 219 220 222 223 228 229
20 173 176 180 183 184 185 186 188 191 192 194 195 198 208 211 214 216 219 223 230
5 172 193 199 209 210
12 176 182 202 203 204 205 207 209 216 218 228 229
4 178 196 204 210
22 173 175 176 180 183 186 188 191 194 195 198 206 207 208 211 212 214 215 218 219 223 230
6 188 198 203 204 212 228
7 180 183 193 202 210 213 226
13 173 176 178 182 184 202 203 213 215 216 223 224 226
15 172 178 181 186 191 192 195 198 202 207 216 217 219 224 230
31 172 179 180 183 184 185 186 190 192 193 195 196 200 202 204 206 207 212 213 215 216 217 218 219 220 221 224 226 227 228 230
17 172 173 175 182 187 189 192 193 196 201 205 209 215 217 219 222 228
11 180 183 192 193 195 204 210 216 217 223 226
9 172 173 181 183 192 196 197 211 222
14 176 180 184 186 188 195 203 205 208 212 225 226 229 230
11 172 179 185 195 196 200 202 210 215 222 224
7 186 189 191 202 213 219 226
8 174 179 189 199 202 203 215 226
3 183 194 199
15 175 176 180 183 185 187 189 196 197 199 201 222 224 228 229
14 173 176 177 183 189 192 195 196 206 213 220 222 224 228
20 173 177 184 185 186 194 195 196 198 199 203 204 208 210 214 218 219 220 222 223
8 174 177 179 181 182 198 213 214
11 172 173 174 180 189 192 196 197 213 218 223
22 174 175 177 183 185 186 187 192 194 195 196 200 204 205 208 210 211 212 214 217 219 228
24 172 173 177 182 186 187 188 190 192 193 195 196 199 201 205 206 209 215 217 219 220 221 222 229
8 172 173 181 183 207 211 222 226
18 176 177 179 182 186 189 191 194 195 197 201 204 206 214 216 221 228 231
18 172 174 176 179 182 183 190 193 194 195 203 205 206 209 216 219 221 224
23 173 177 178 181 183 189 191 193 196 198 201 202 204 209 210 212 218 222 223 225 226 228 231
8 185 190 199 215 217 221 223 228
5 172 174 179 195 214
10 173 174 178 211 214 219 220 221 224 229
3 177 183 194
16 175 176 179 183 185 189 194 196 197 199 200 213 219 227 228 229
21 175 176 178 180 186 188 190 191 192 195 196 200 201 211 212 218 219 223 224 227 231
12 177 182 187 189 197 207 208 209 213 215 219 228
7 172 173 178 179 181 205 214
10 174 180 190 194 206 207 218 220 223 226
10 172 184 193 197 205 209 216 217 228 230
28 173 177 178 179 183 184 186 187 189 190 193 198 200 201 205 207 209 210 214 217 218 219 222 223 224 227 229 230
10 175 178 180 185 189 193 199 201 216 221
15 174 175 178 179 186 189 190 192 194 196 206 218 219 223 226
17 177 182 186 190 191 200 205 214 215 217 219 220 223 224 227 229 230
7 176 185 188 199 215 216 217
8 194 197 199 204 209 214 215 231
9 187 193 197 209 210 214 217 229 230
9 183 191 201 203 212 213 222 228 229
10 174 179 189 194 202 203 215 220 225 226
15 175 179 180 183 185 187 189 194 196 197 213 219 221 224 228
10 172 184 191 201 203 212 213 222 228 229
12 176 178 180 182 202 203 204 205 216 217 228 229
15 173 177 185 194 195 198 203 210 214 218 219 220 222 223 226
17 173 177 184 194 195 196 199 203 204 208 214 218 219 222 223 226 230
12 174 188 192 193 201 207 212 213 215 221 227 229
16 176 180 183 185 191 192 195 197 198 202 204 210 216 217 218 223
3 177 194 199
19 172 182 184 185 186 187 192 194 195 199 200 206 207 211 213 214 220 221 224
6 181 192 196 197 211 222
15 172 174 180 188 197 198 205 207 210 214 215 217 227 230 231
9 175 182 183 197 205 211 214 223 231
13 176 178 180 182 202 203 204 205 207 209 218 228 229
14 174 178 180 181 188 189 192 193 207 213 215 216 221 227
7 174 176 200 207 219 224 230
13 173 175 176 183 185 186 192 195 198 212 214 218 219
9 176 190 193 199 215 217 221 223 228
17 172 175 182 184 188 189 190 196 199 201 203 205 206 207 208 225 227
14 176 180 183 186 188 199 202 203 205 208 212 226 229 230
9 173 185 199 205 209 210 211 215 216
11 179 182 186 205 213 214 215 217 219 227 230
13 176 180 183 184 195 199 200 205 208 212 225 226 230
4 177 183 194 227
15 174 180 181 188 189 192 193 201 207 212 213 215 221 227 229
12 179 181 187 189 199 203 205 210 213 221 229 231
14 172 182 184 189 194 196 199 203 205 207 208 222 227 230
11 174 194 199 202 203 208 215 220 222 225 226
7 172 183 191 201 212 213 222
24 174 175 177 178 182 184 186 188 189 190 192 197 204 205 206 207 209 213 217 218 220 221 228 231
12 173 177 181 187 189 190 193 206 208 213 219 228
30 173 177 178 179 183 184 186 187 189 190 193 194 198 200 201 205 206 207 210 214 217 218 219 221 222 223 224 227 229 230
8 194 204 218 221 222 225 227 229
14 175 177 178 180 181 182 186 187 189 194 202 214 221 226
13 174 188 196 198 201 205 206 210 211 219 220 221 224
10 176 180 185 191 198 202 204 210 223 226
12 181 184 187 197 198 205 209 210 216 217 228 229
11 174 179 180 192 196 203 206 218 221 223 226
2 197 231
19 177 180 184 187 192 197 198 200 201 204 206 207 208 222 224 225 227 229 230
10 174 189 199 202 203 208 215 222 225 226
13 174 188 189 190 192 193 195 196 198 208 219 222 223
6 176 188 194 203 228 231
15 177 186 189 193 197 204 205 206 207 209 212 217 218 221 226
18 175 177 180 185 186 189 191 192 199 201 207 217 218 220 225 226 228 231
15 175 178 181 186 187 189 192 194 198 202 204 214 221 223 226
12 173 176 180 182 184 191 202 213 216 220 223 226
8 172 173 183 192 196 207 222 226
20 173 178 179 181 183 189 190 193 201 204 208 212 216 218 219 222 223 225 226 228
7 186 191 196 202 209 213 220
19 177 178 179 183 184 187 189 190 198 201 205 206 207 209 210 217 221 224 230
12 172 184 185 186 187 188 194 195 207 214 215 221
2 178 204
10 172 176 187 191 200 202 206 224 228 231
7 173 183 191 194 223 227 229
22 176 177 182 183 185 188 193 197 200 202 204 208 209 210 211 212 213 216 227 228 230 231
18 172 174 175 176 182 188 192 196 197 199 204 211 212 215 216 220 228 231
10 176 181 184 191 202 203 215 220 226 231
12 172 182 186 187 195 200 206 211 214 215 220 227
14 172 174 181 188 191 195 202 203 204 215 220 225 226 231
6 172 174 178 179 181 195
19 178 179 181 190 194 195 200 202 204 205 210 212 217 218 220 221 222 229 230
36 172 173 178 182 183 184 185 186 189 190 191 192 194 196 198 200 201 203 205 206 208 209 210 212 215 216 217 218 219 222 223 226 227 229 230 231
24 176 177 179 181 182 184 187 188 189 192 197 201 202 205 206 212 213 214 215 216 218 219 222 227
29 174 176 178 179 180 182 183 184 186 190 193 194 195 199 201 202 204 206 207 209 210 215 216 217 221 222 223 227 230
22 175 176 181 182 185 191 193 200 202 205 207 208 209 210 213 217 219 221 223 228 229 230
41 173 174 175 176 179 181 182 184 185 186 188 190 191 192 193 194 197 198 200 201 202 203 204 205 206 207 208 209 212 215 216 217 218 220 221 222 224 225 229 230 231
29 174 178 182 186 187 189 190 193 194 196 198 199 200 201 202 204 207 208 209 210 211 212 217 218 222 223 224 228 230
30 172 173 174 175 177 178 180 181 182 184 186 191 192 194 200 201 203 204 207 210 211 213 214 219 221 223 224 226 227 229
39 172 173 174 175 179 180 181 182 184 185 186 187 188 189 190 192 195 196 198 199 200 202 204 206 207 208 211 212 214 215 216 218 220 222 223 225 228 230 231
36 174 177 178 180 182 183 184 185 186 187 188 191 192 194 195 196 198 199 203 205 209 210 211 212 213 214 217 218 219 220 222 223 224 226 230 231
26 174 181 182 183 185 186 187 189 193 196 198 199 200 203 204 205 208 212 214 215 217 218 222 223 225 230
37 172 173 174 175 178 180 181 182 184 188 189 191 193 194 195 197 198 199 203 204 205 206 208 209 213 214 215 217 219 220 221 222 224 225 226 228 231
22 172 174 175 176 177 179 180 186 188 190 195 199 205 211 212 213 216 221 222 223 224 231
32 172 173 174 175 176 178 180 182 184 187 190 191 193 194 195 198 201 202 206 208 212 214 215 216 220 223 225 227 228 229 230 231
27 172 174 175 178 179 180 181 183 184 185 190 191 192 193 200 202 203 204 207 213 214 218 221 222 223 226 230
30 172 173 176 177 178 180 182 185 187 189 190 193 195 198 199 200 201 202 203 206 210 211 214 217 219 222 226 227 228 231
35 173 175 176 177 178 180 181 183 186 189 190 191 192 198 199 200 204 205 206 209 210 212 214 215 216 217 218 219 220 221 222 224 227 228 231
28 173 175 176 177 179 180 182 189 190 191 192 193 194 200 201 202 203 204 205 207 210 213 214 220 222 225 229 230
20 174 175 177 179 180 184 188 193 199 205 208 213 214 215 217 225 227 228 229 230
28 172 175 176 177 180 181 182 183 187 193 194 196 197 198 200 202 203 204 206 208 215 216 218 220 221 227 229 230
39 173 174 175 177 178 179 180 181 182 184 185 187 189 190 192 193 194 196 197 198 199 200 201 203 204 205 207 208 209 211 212 214 215 223 224 226 227 230 231
20 172 173 174 177 178 185 186 189 190 191 193 195 204 211 216 217 218 221 225 227
36 172 174 177 179 181 182 184 185 188 190 191 194 195 196 199 202 204 205 206 207 208 209 210 214 215 216 217 220 221 223 224 225 226 228 229 230
39 172 174 175 176 177 181 184 186 188 191 192 193 194 195 196 197 198 200 201 202 203 205 206 207 208 209 212 216 217 218 219 220 222 224 227 228 229 230 231
32 172 174 175 176 177 178 181 184 185 186 187 188 192 193 197 200 203 206 207 209 211 213 216 217 218 219 220 221 222 223 226 228
34 172 173 174 176 177 179 180 181 184 186 188 189 190 191 194 195 200 201 202 205 206 208 212 213 214 215 216 217 218 221 223 225 230 231
28 172 173 180 183 186 187 188 190 192 196 197 198 200 201 204 208 209 210 212 217 220 221 222 223 224 225 226 230
20 172 177 178 179 185 187 188 197 198 204 208 210 211 219 225 226 227 229 230 231
41 172 173 174 175 176 178 179 180 181 182 183 185 187 189 190 191 192 194 195 196 197 198 201 204 206 207 208 209 210 211 214 215 218 221 222 223 224 226 228 230 231
33 172 174 175 178 181 182 184 185 187 188 189 190 191 194 196 198 199 200 201 203 204 205 207 208 211 213 216 217 218 219 221 223 229
36 172 173 174 175 176 178 179 180 181 182 186 188 189 193 195 198 199 201 202 203 204 205 206 210 212 214 216 217 218 219 220 221 224 226 228 231
26 174 176 178 179 180 182 183 184 186 191 196 197 200 201 206 207 208 210 211 213 219 220 221 222 227 230
27 175 177 181 182 184 185 189 192 193 196 202 203 204 206 208 210 211 214 215 218 222 224 226 228 229 230 231
37 172 173 174 177 178 179 180 183 184 185 187 189 190 191 194 195 196 197 198 201 202 203 204 205 206 207 214 218 219 221 222 223 226 227 228 229 231
26 172 176 177 179 182 183 184 188 190 200 202 209 211 212 213 215 217 218 219 220 221 224 225 227 228 231
24 174 175 176 178 179 182 185 186 193 197 198 199 201 204 209 213 216 218 219 220 225 228 229 230
39 172 173 174 182 184 185 186 188 189 190 191 192 193 196 197 199 200 201 202 204 205 206 207 210 211 212 213 214 217 219 222 224 225 226 227 228 229 230 231
24 174 177 179 183 185 186 190 195 196 197 201 204 206 208 213 217 218 220 221 222 224 225 226 230
30 173 175 176 178 179 180 181 183 186 190 192 197 198 199 200 203 207 208 209 211 213 214 215 217 218 219 220 221 225 226
41 173 174 177 178 179 180 181 182 183 184 186 188 190 191 193 195 197 198 202 203 204 208 210 211 212 213 214 215 216 217 219 220 222 224 225 226 227 228 229 230 231
23 173 174 178 179 188 190 191 195 196 197 204 205 209 211 213 214 219 220 222 224 226 229 230
19 176 177 186 188 189 190 192 196 199 200 202 204 206 213 215 219 226 229 231
29 172 177 180 183 184 186 187 189 190 191 192 195 197 198 199 200 203 204 206 207 208 215 216 218 222 224 226 228 231
29 172 173 174 177 182 183 185 189 190 194 195 196 197 200 203 204 206 207 209 214 216 218 219 220 224 225 227 229 230
40 172 173 174 175 176 177 179 180 181 183 184 185 189 190 191 193 194 195 196 197 200 201 202 203 204 205 209 210 214 215 216 218 220 222 224 226 227 228 229 230
20 181 182 190 193 194 195 198 205 206 208 209 212 215 217 218 220 222 225 229 230
19 174 178 180 182 183 185 193 195 197 201 204 207 216 219 220 221 222 228 230
29 172 173 174 175 176 177 181 183 185 186 190 191 194 195 198 199 202 203 204 207 209 211 215 217 220 221 222 224 227
25 173 174 175 176 177 184 185 186 187 189 190 192 197 198 199 203 205 206 208 212 215 225 226 228 231
28 174 175 176 177 178 180 181 183 185 187 190 192 193 195 201 204 205 206 207 208 210 214 216 217 224 225 228 230
20 174 176 179 181 182 185 188 189 191 195 197 199 200 201 202 209 216 217 220 231
35 172 173 175 176 177 178 179 184 185 187 189 192 198 199 201 202 203 205 206 207 208 209 211 216 217 219 222 223 224 225 226 227 228 229 231
23 174 176 179 181 182 184 188 189 190 191 192 198 201 205 207 213 214 216 217 218 220 226 227
18 175 180 183 184 185 186 188 192 196 200 203 206 210 212 215 223 228 230
31 172 173 175 178 179 181 183 184 185 186 188 191 192 193 194 197 199 202 203 208 212 213 214 215 219 224 225 226 227 229 231
32 173 174 177 180 181 182 183 186 192 194 197 199 202 203 204 205 206 207 209 210 212 213 217 218 219 220 224 226 227 228 229 230
24 173 175 176 177 179 180 181 186 187 189 190 191 192 193 198 199 210 212 214 221 223 224 230 231
34 172 173 174 175 176 181 183 185 186 187 189 190 191 196 201 202 203 205 206 207 210 214 215 217 218 221 222 223 224 225 227 228 229 231
37 172 173 174 175 177 178 179 181 182 183 184 186 187 189 192 193 194 196 198 200 202 203 205 207 209 210 215 217 219 220 221 222 223 224 225 228 230
26 172 177 179 182 183 188 192 193 195 196 197 202 205 206 207 211 213 215 217 218 220 222 225 229 230 231
36 172 178 179 180 181 182 184 185 186 187 194 197 198 202 203 204 205 206 207 209 210 211 213 214 215 218 219 220 221 223 224 225 227 228 229 230
39 173 174 175 176 177 178 179 180 181 182 183 184 185 188 191 192 193 194 196 200 201 202 205 208 210 213 214 215 217 218 219 220 222 223 224 226 228 229 230
30 172 173 174 177 179 181 183 185 186 187 192 194 195 198 200 201 202 204 210 213 214 216 217 218 220 223 224 227 229 231
24 174 177 179 180 181 184 187 188 192 193 195 197 202 204 205 207 208 211 213 216 218 221 227 228
35 173 176 179 181 184 186 187 189 190 191 192 193 194 195 196 199 201 202 203 205 206 207 208 209 212 217 219 220 221 223 226 227 228 229 230
18 172 174 175 177 182 188 192 197 198 206 207 211 217 218 224 225 227 228
33 172 173 174 176 182 183 184 185 186 189 190 192 195 197 199 200 204 205 206 209 210 211 213 214 215 216 219 222 223 224 227 230 231
19 172 173 177 178 180 182 188 192 198 199 202 203 209 210 213 214 217 230 231
26 174 176 179 181 187 191 192 193 194 195 196 197 199 202 203 204 206 210 211 214 216 218 220 221 225 229
30 175 176 179 180 184 185 187 190 191 192 193 194 196 198 200 203 204 205 206 210 211 212 213 215 219 220 226 227 229 231
33 174 175 182 183 184 187 188 190 191 192 193 197 198 199 200 202 203 205 206 209 211 212 213 214 215 217 219 221 223 224 225 226 230
20 177 180 183 187 190 191 194 195 196 197 199 203 204 206 207 211 215 219 220 228
33 172 173 174 177 178 179 180 181 183 187 189 190 192 193 194 197 198 199 200 202 207 208 209 210 211 212 213 218 225 226 227 229 231
28 174 175 177 180 183 184 185 186 188 191 195 202 203 205 206 211 212 213 214 216 217 221 223 224 226 229 230 231
35 172 173 174 175 176 178 181 184 185 188 189 190 191 193 194 195 199 201 202 203 204 207 209 210 211 212 215 218 221 224 225 227 228 230 231
31 172 176 177 178 179 180 181 182 185 186 187 191 192 196 198 199 203 205 206 209 210 211 215 219 222 223 224 227 228 230 231
30 172 173 175 177 178 180 181 183 187 188 191 195 198 199 201 206 208 209 215 216 218 219 220 222 223 225 226 227 228 231
36 172 174 175 176 177 178 179 180 181 183 184 186 187 189 191 192 193 194 195 196 199 202 204 206 208 212 216 217 220 222 223 224 227 228 230 231
26 173 179 180 183 185 188 189 190 192 198 199 202 203 204 206 207 210 212 213 215 216 218 223 225 229 230
22 172 173 175 178 185 190 192 193 195 196 197 199 200 203 208 209 218 221 222 223 227 228
35 172 173 174 175 177 179 180 183 185 186 188 189 190 191 192 193 196 198 200 203 204 205 208 212 213 215 216 219 220 221 222 225 228 229 230
24 173 174 176 177 182 185 186 189 194 196 197 198 201 202 207 210 212 218 219 220 223 224 227 229
26 174 175 177 178 180 188 189 190 192 194 198 199 200 202 203 209 210 211 217 218 220 221 223 226 227 229
18 172 173 174 176 184 190 191 193 199 203 207 211 215 217 220 221 222 229
38 172 174 175 176 179 180 181 184 185 188 189 190 193 194 195 196 197 199 200 203 205 207 208 209 210 211 213 214 219 220 221 224 226 227 228 229 230 231
31 173 174 176 177 178 180 182 185 186 187 190 191 192 193 194 198 200 204 205 207 209 211 212 216 217 219 220 223 227 229 230
38 172 173 175 176 178 179 181 183 185 189 191 193 194 195 197 198 199 201 203 204 205 206 208 209 210 211 213 215 216 220 221 222 223 224 225 227 230 231
24 172 174 176 178 183 184 190 191 194 195 196 197 199 201 208 210 212 213 216 220 221 226 227 228
26 176 177 180 181 182 184 185 186 187 188 193 195 196 197 199 200 203 205 207 211 217 224 225 229 230 231
33 172 173 174 175 177 179 181 185 186 187 188 190 192 193 195 196 199 200 201 207 209 210 211 212 213 214 215 218 219 220 224 225 227
23 177 179 181 183 184 187 188 190 198 199 200 204 209 211 214 215 219 221 222 223 224 225 229
26 172 174 178 181 182 183 186 188 189 190 191 192 197 199 204 206 211 212 214 215 217 223 224 226 228 231
28 175 176 177 178 179 180 188 191 193 194 196 199 200 201 206 209 210 211 213 215 216 217 218 223 224 225 226 229
23 174 175 180 186 188 189 190 191 192 195 196 199 200 202 204 208 209 215 219 220 222 225 229
41 173 176 178 180 181 184 186 187 188 190 191 193 195 198 199 200 201 202 203 204 205 207 208 209 210 211 212 213 215 216 217 218 219 220 221 222 223 225 226 228 229
31 175 176 178 180 181 182 183 184 185 186 187 188 189 191 195 196 197 199 200 203 206 209 210 211 213 214 215 216 225 227 230
21 172 177 188 195 196 197 199 200 201 202 204 205 207 213 220 224 226 227 229 230 231
39 173 174 175 176 178 180 181 182 185 186 188 189 190 191 198 200 201 203 204 206 207 209 210 211 212 214 215 216 218 219 220 221 222 223 224 225 226 227 228
40 172 173 174 177 179 180 182 183 184 185 186 187 189 190 191 194 197 198 200 201 203 204 205 207 208 209 211 213 214 215 216 217 218 219 222 223 224 227 228 231
41 173 176 178 179 180 181 186 187 188 191 192 193 195 196 197 198 199 200 201 203 204 206 207 208 209 211 212 213 214 215 217 218 219 220 221 222 223 224 226 228 229
23 177 178 182 186 187 188 193 196 197 204 207 210 212 213 219 220 222 223 224 225 226 228 231
38 173 174 177 178 182 183 184 186 187 188 190 192 193 194 195 196 198 199 202 203 207 209 211 212 213 215 216 217 218 219 220 223 224 226 227 229 230 231
32 174 176 177 178 179 180 182 183 185 189 190 191 194 199 200 203 206 207 209 210 212 213 214 215 216 218 220 222 223 225 226 230
33 172 173 174 175 176 177 180 181 188 189 191 193 195 197 198 200 202 203 206 211 212 213 214 216 218 221 222 223 226 227 228 229 230
33 172 173 175 182 183 184 187 188 190 191 194 196 198 199 200 201 202 204 207 208 211 212 213 214 216 218 220 221 223 225 227 229 230
18 174 175 177 181 185 186 187 191 192 193 194 196 208 212 213 216 221 225
25 173 182 184 187 190 192 195 198 199 201 202 206 207 208 211 214 215 217 222 223 225 226 229 230 231
34 172 173 175 176 177 178 179 180 181 182 183 185 187 189 190 192 194 195 200 201 203 205 206 207 211 213 214 215 216 218 223 224 227 230
35 172 173 174 175 176 177 179 181 182 186 188 190 192 193 195 196 199 201 202 204 206 207 208 211 215 216 217 218 219 221 223 225 227 228 230
41 173 174 175 177 178 182 183 184 185 187 188 189 191 192 193 194 196 197 198 200 201 202 203 204 205 206 208 209 210 212 213 214 215 216 217 219 220 225 226 228 230
21 175 176 177 178 180 182 183 184 188 190 192 193 194 210 211 213 215 217 222 225 231
33 173 178 179 182 183 186 189 191 192 195 196 198 201 204 206 207 208 209 210 211 214 215 217 218 219 222 223 224 225 226 227 228 229
36 172 173 175 177 180 183 184 185 187 192 195 196 198 200 201 203 204 206 207 208 211 212 213 214 217 218 219 220 222 223 224 225 226 229 230 231
28 172 174 175 177 180 181 182 184 187 189 191 192 195 199 207 209 210 211 213 216 217 219 220 222 224 225 228 229
39 172 173 175 177 179 180 181 182 184 185 190 192 193 194 195 196 197 198 199 201 202 203 204 205 206 207 210 211 212 214 220 221 223 224 225 226 227 228 229
35 173 175 176 177 178 181 184 185 187 188 191 192 193 199 201 203 206 207 208 210 211 213 214 216 217 218 219 220 221 222 224 225 226 229 231
40 172 173 174 175 177 178 179 180 181 187 189 190 191 192 193 195 197 199 201 204 206 207 209 211 212 213 214 215 216 217 218 219 222 223 225 226 227 228 230 231
23 172 174 175 176 177 178 180 182 187 190 192 193 195 205 207 210 214 216 217 221 223 224 228
41 172 173 174 176 177 180 181 182 184 185 187 188 189 190 191 192 193 195 197 198 200 201 202 203 208 209 213 214 215 216 217 220 222 223 224 226 227 228 229 230 231
28 172 173 174 175 177 178 182 183 185 188 189 190 195 196 202 203 209 210 211 212 213 215 219 223 224 228 229 230
34 172 176 177 178 181 185 187 188 189 190 191 192 193 195 198 199 201 206 207 209 210 213 215 216 218 219 221 222 225 227 228 229 230 231
20 172 175 178 180 187 188 191 195 199 201 202 203 204 205 219 220 223 226 228 230
22 175 177 179 186 187 188 190 196 197 198 200 203 205 208 210 218 219 220 223 224 226 230
41 172 176 178 179 180 181 182 183 184 185 186 187 191 192 193 194 198 199 200 201 203 204 205 207 208 209 210 211 212 213 214 215 216 221 224 225 226 227 228 230 231
38 172 173 174 175 176 179 180 181 183 184 187 188 191 192 193 194 195 196 198 199 201 207 211 212 214 215 216 217 218 221 222 223 224 226 227 228 229 231
21 173 178 180 181 189 191 193 200 203 204 207 210 211 212 214 218 221 222 224 225 231
26 172 178 179 180 182 188 189 191 196 198 200 201 202 204 208 209 211 212 213 214 217 218 220 222 224 228
34 173 174 179 181 183 188 189 194 195 196 198 201 204 205 206 208 209 210 211 213 215 216 217 218 219 220 221 223 225 226 227 229 230 231
21 172 176 177 179 180 191 193 196 203 210 211 212 214 216 218 220 224 225 226 227 228
26 172 173 175 178 179 183 184 185 187 188 190 191 193 194 196 197 201 204 205 206 208 215 216 219 221 229
28 176 179 181 183 186 189 192 193 197 202 203 205 210 211 212 213 214 215 216 217 220 221 223 224 225 227 229 231
38 172 174 175 176 177 183 184 185 186 188 189 190 194 195 196 198 201 203 204 205 206 207 208 209 210 213 214 215 216 217 219 220 222 224 225 229 230 231
28 172 176 178 179 180 181 187 188 189 190 191 192 194 197 201 203 204 205 209 211 215 217 219 222 224 226 227 231
36 172 173 175 177 178 180 181 182 184 186 191 193 195 196 197 199 200 203 204 205 206 208 209 210 213 214 215 217 219 220 221 222 224 227 230 231
26 173 177 179 180 185 186 189 192 193 196 198 199 202 206 207 210 211 212 216 218 219 222 224 225 230 231
22 174 175 179 181 182 186 188 196 198 199 202 203 205 208 209 211 212 214 216 225 226 228
33 172 173 174 175 176 178 179 180 182 184 185 186 187 188 190 194 195 198 200 202 206 208 210 215 216 217 218 219 220 222 225 226 230
20 173 174 179 184 185 188 190 197 198 200 201 210 212 213 216 217 219 221 224 227
39 172 173 174 175 177 178 180 181 183 184 187 188 189 190 191 192 193 195 196 198 200 201 202 204 205 208 209 210 212 213 214 215 220 222 224 225 226 227 230
41 172 173 174 177 178 180 181 182 183 186 187 189 190 192 193 195 196 197 198 200 201 202 203 204 206 207 208 209 211 217 219 220 221 222 223 224 225 227 228 229 231
30 173 174 177 180 184 186 187 188 189 190 195 196 199 201 205 206 207 208 209 212 213 216 217 219 220 221 223 224 228 230
35 175 176 177 178 181 182 185 187 188 191 193 194 195 197 198 202 203 204 205 206 207 208 209 213 215 216 217 218 222 224 226 227 229 230 231
30 172 174 178 179 181 184 186 188 189 190 196 197 198 203 204 205 206 208 210 211 212 213 214 215 217 218 219 226 227 230
31 175 178 179 180 186 187 188 189 190 192 194 196 198 199 200 201 202 203 204 206 209 210 212 218 219 221 223 224 225 227 228
38 172 174 176 177 180 183 185 186 187 188 189 191 192 193 196 197 199 200 201 202 205 208 209 210 211 213 214 215 217 220 221 222 224 225 227 228 229 231
39 172 175 178 179 181 182 185 186 187 188 189 190 191 192 195 196 197 198 199 200 201 202 203 205 208 209 211 215 217 219 220 222 223 224 226 227 228 229 231
26 174 175 177 179 180 184 187 188 190 192 194 197 198 201 206 208 210 211 212 214 217 219 222 223 227 228
41 173 174 175 176 177 178 180 181 182 183 186 187 188 190 191 193 194 195 196 197 198 199 202 204 205 206 209 211 214 215 216 217 220 221 223 224 225 226 227 228 231
39 173 174 175 177 178 179 180 183 186 188 189 190 192 193 194 195 196 197 199 200 201 202 203 204 206 207 209 212 213 216 217 219 220 221 225 226 227 230 231
39 172 173 174 175 177 178 179 180 183 184 185 186 189 195 196 199 200 201 202 203 205 208 209 210 211 212 214 217 218 219 221 222 223 224 225 227 228 229 231
37 173 174 176 178 181 182 183 184 187 190 192 194 195 196 198 199 200 201 202 203 206 207 208 210 211 213 215 217 218 220 222 224 225 227 228 230 231
41 172 175 176 177 178 179 180 181 182 184 185 188 189 190 192 193 194 195 196 197 198 199 200 201 202 203 204 207 208 209 212 213 214 215 216 217 219 221 226 227 230
27 172 177 178 180 181 182 183 185 187 189 191 196 199 200 201 204 208 209 212 214 219 221 225 226 229 230 231
27 172 174 177 178 181 185 188 192 195 197 199 200 208 210 212 213 215 217 218 221 222 223 224 225 226 227 230
35 174 175 176 177 178 180 181 183 184 185 186 187 192 193 195 198 203 205 207 208 210 211 213 215 216 218 219 222 223 226 227 228 229 230 231
32 172 174 176 177 178 180 182 185 186 187 192 195 197 200 201 202 204 205 206 211 212 213 214 216 218 220 223 225 226 227 228 231
18 175 176 178 181 186 187 201 208 213 214 215 216 217 219 220 224 228 231
18 172 173 174 175 178 184 189 191 199 204 206 208 209 213 216 218 220 222
18 173 177 178 179 184 185 190 191 193 195 211 214 216 218 220 221 227 230
30 172 175 176 177 178 180 182 185 188 189 192 193 195 197 200 203 205 206 207 208 214 216 219 220 221 222 223 225 226 229
33 172 174 177 178 182 185 187 188 189 192 196 198 199 201 202 203 205 206 207 211 212 213 214 216 218 220 221 223 226 227 228 229 231
18 176 178 183 186 187 189 192 198 199 201 202 204 208 210 222 224 226 228
32 174 175 176 177 178 179 183 186 187 188 190 191 192 193 195 196 198 201 202 204 207 210 215 218 219 220 221 225 226 228 229 230
40 173 174 175 176 177 180 183 184 185 189 190 191 193 194 195 200 201 203 204 207 208 209 211 212 213 214 215 216 217 218 219 220 222 223 224 226 227 228 229 231
37 173 174 175 180 181 183 184 185 188 189 190 192 193 196 197 199 202 203 207 208 209 210 211 212 213 215 217 218 219 220 221 223 224 226 227 229 231
33 172 176 177 178 179 180 181 184 185 188 190 192 193 194 195 199 200 203 205 206 208 210 211 212 213 216 219 224 226 227 228 229 231
39 172 174 175 176 177 178 180 182 183 184 185 187 188 189 190 194 195 196 199 200 203 205 206 208 209 212 213 214 215 218 219 221 222 223 224 226 227 228 230
40 174 175 176 178 180 182 183 184 185 186 187 188 190 191 192 194 195 198 199 200 201 202 204 207 208 209 211 213 216 217 219 221 223 224 226 227 228 229 230 231
