169 1353
31 1 2 3 4 5 6 7 8 9 10 11 12 13 14 15 16 17 18 19 20 21 22 23 24 25 26 27 28 29 30 31
20 1 3 8 9 10 11 14 15 16 18 19 20 21 25 26 27 28 29 30 31
16 3 7 11 12 15 16 17 19 20 21 22 23 24 26 27 31
16 1 3 4 5 6 7 9 10 11 12 22 27 28 29 30 31
11 4 12 16 18 22 23 25 26 27 28 31
12 3 5 10 13 15 19 21 22 27 28 29 31
12 4 5 10 12 14 16 18 20 21 24 25 29
23 2 3 4 6 7 8 9 10 11 12 13 15 16 18 19 20 22 24 25 26 28 29 30
11 7 8 10 13 18 20 21 22 24 25 26
9 4 7 10 14 21 26 28 29 30
16 2 3 8 9 11 12 13 14 17 22 23 24 26 27 28 31
10 1 5 6 9 12 13 20 26 27 30
17 3 5 7 8 10 11 13 15 16 18 19 20 21 25 26 29 31
13 1 3 4 8 9 10 11 15 19 21 22 23 27
21 2 3 4 5 7 9 12 14 15 16 19 20 21 22 23 24 25 26 27 29 30
13 1 8 10 13 18 19 22 24 25 27 28 29 31
24 1 2 3 5 6 7 8 9 11 12 13 14 16 17 18 19 21 24 25 27 28 29 30 31
24 2 4 5 6 7 8 9 10 12 13 15 16 17 18 20 21 22 24 25 27 28 29 30 31
23 2 3 4 6 7 8 10 12 13 15 16 17 18 20 21 22 23 24 25 28 29 30 31
15 1 3 6 7 10 12 15 16 17 18 20 21 23 29 30
9 1 3 10 12 15 20 21 27 29
10 5 7 8 9 16 17 22 26 27 29
13 2 3 5 6 7 10 11 13 18 19 22 30 31
14 6 7 8 11 13 14 19 21 24 25 26 27 28 29
11 4 5 8 9 11 13 15 16 17 21 30
11 2 4 5 8 12 13 16 18 29 30 31
9 3 6 8 12 13 26 27 28 30
10 4 9 13 17 19 22 24 26 28 31
9 4 13 17 18 20 22 23 26 27
21 1 3 4 6 7 8 9 13 14 15 17 18 19 20 22 23 24 25 26 27 30
11 5 7 15 17 22 23 24 26 27 28 31
15 1 4 5 8 13 14 16 17 19 20 21 22 24 27 29
20 1 3 5 6 7 10 13 16 18 19 21 22 23 24 25 26 28 29 30 31
18 1 3 4 5 6 9 10 12 15 16 17 18 20 21 22 24 28 29
18 2 4 5 7 12 13 16 17 18 20 21 22 23 24 25 27 28 30
12 1 10 14 15 17 18 19 22 24 28 29 31
21 1 2 3 4 7 8 10 11 13 14 17 18 20 21 22 23 24 26 27 28 31
19 1 6 7 8 10 11 13 15 16 17 18 20 21 24 26 28 29 30 31
14 2 4 5 6 14 17 18 20 22 23 24 25 26 31
16 3 6 7 8 12 17 18 19 20 21 23 24 25 26 27 28
10 1 3 6 10 12 17 22 25 30 31
19 1 3 4 5 9 10 13 14 16 17 18 19 20 21 22 23 26 27 29
12 3 5 6 8 10 16 17 22 23 25 28 29
20 1 3 4 5 9 10 11 12 13 14 17 18 19 21 22 24 26 28 29 30
13 4 9 10 11 15 20 21 22 23 24 27 29 30
23 1 2 4 5 6 8 10 11 14 16 17 19 20 21 22 23 24 25 26 28 29 30 31
10 1 4 6 10 12 17 19 22 24 29
19 1 5 7 8 9 11 12 17 19 20 21 23 24 25 26 27 28 30 31
10 2 3 5 6 7 8 12 13 16 26
17 1 2 3 5 7 8 10 16 18 20 22 23 24 26 27 28 30
10 2 3 6 11 16 18 20 21 26 31
14 1 3 4 6 8 9 12 14 17 21 25 28 29 30
9 8 9 11 12 13 14 17 25 31
15 1 2 6 9 10 11 12 15 18 20 22 24 26 29 30
11 1 2 5 6 8 13 15 16 21 24 28
13 2 6 7 12 14 15 17 18 20 21 22 27 30
9 2 3 4 5 19 20 21 23 31
10 3 7 14 15 16 24 25 27 28 29
19 1 2 3 6 9 12 14 15 16 17 18 20 21 22 23 24 27 28 29
21 1 2 4 5 9 10 11 13 14 15 18 19 22 23 24 25 26 27 28 30 31
17 2 4 6 8 9 10 11 15 16 17 18 19 22 23 24 26 29
16 1 5 9 13 14 15 16 17 18 22 23 24 25 27 28 29
9 7 8 10 11 13 16 17 20 27
18 1 2 4 6 10 11 13 14 15 16 18 20 22 24 27 28 29 31
20 1 2 3 4 5 9 10 12 13 14 16 17 18 19 20 21 23 24 28 29
21 1 2 7 9 10 12 13 14 15 16 18 19 20 21 22 23 25 26 27 30 31
23 1 2 5 6 7 8 9 11 13 14 15 16 17 18 19 20 21 22 24 26 27 30 31
18 1 3 4 5 7 8 9 13 14 15 16 17 18 19 20 24 27 29
19 1 2 3 6 7 8 10 11 12 14 16 19 20 21 22 24 27 29 31
10 2 4 9 11 13 15 16 19 23 26
11 7 12 16 17 18 20 21 22 26 27 28
9 3 5 10 12 16 24 25 27 31
13 2 3 6 7 9 10 19 21 22 24 26 27 31
23 1 3 4 5 7 8 9 11 12 13 14 15 18 19 20 22 23 24 25 26 29 30 31
24 2 4 5 6 7 8 9 11 12 13 14 15 17 18 20 23 24 25 26 27 28 29 30 31
17 1 3 8 9 10 13 14 16 18 19 20 21 22 23 26 28 30
13 1 2 3 5 7 9 15 16 17 20 21 26 30
21 1 2 4 5 6 10 11 12 13 15 17 18 19 20 21 22 23 26 27 28 30
19 3 4 9 10 11 13 14 15 16 18 19 21 22 23 24 25 26 27 31
17 2 9 10 11 12 13 14 15 16 17 18 19 23 26 28 30 31
43 32 33 34 35 36 37 38 39 40 41 42 43 44 45 46 47 48 49 50 51 52 53 54 55 56 57 58 59 60 61 62 63 64 65 66 67 68 69 70 71 72 73 74
31 32 33 38 39 40 41 42 43 44 45 47 48 49 51 52 54 57 58 59 60 61 62 63 65 66 68 69 70 71 72 73
25 32 34 35 36 37 39 40 41 42 46 47 49 50 51 55 56 59 60 63 64 65 68 71 72 74
26 34 35 36 38 39 42 44 46 47 48 49 50 55 56 57 58 59 61 62 63 64 69 71 72 73 74
31 32 33 34 35 36 39 41 42 43 44 48 49 50 51 52 55 56 57 58 59 62 64 65 66 67 68 69 70 72 73 74
23 33 36 40 41 42 43 44 47 49 50 54 55 57 58 59 62 64 65 66 67 68 69 73
19 32 33 35 37 43 46 51 52 53 56 58 60 63 64 65 66 69 71 74
29 32 33 34 36 37 40 41 42 43 45 46 47 48 49 50 52 53 55 56 58 59 61 65 66 68 69 70 71 72
31 32 33 35 36 38 39 40 42 43 44 45 46 47 48 49 51 53 54 55 56 59 60 61 63 64 68 70 71 72 73 74
26 32 34 35 37 38 39 40 41 44 45 46 51 52 53 54 57 58 59 61 65 67 68 69 72 73 74
15 38 39 40 43 44 47 49 54 55 60 63 65 66 69 73
13 32 34 37 41 43 51 52 53 55 57 58 65 67
29 32 34 35 36 38 39 41 42 44 46 47 48 49 50 53 54 56 57 58 60 61 62 63 64 66 67 68 69 72
18 33 35 36 37 40 41 42 48 51 52 55 56 58 66 70 71 72 74
29 33 34 35 39 40 44 45 46 47 49 51 52 55 57 58 60 61 62 63 64 65 66 67 69 70 71 72 73 74
20 32 35 37 39 42 43 45 46 48 49 52 53 54 55 56 58 60 62 72 74
23 33 35 38 39 43 44 46 47 50 51 53 54 56 58 59 60 61 62 63 64 67 70 71
30 32 33 34 35 37 38 39 40 41 43 49 50 51 52 53 56 57 58 59 60 61 63 65 66 67 69 70 72 73 74
28 32 33 36 39 40 41 43 44 45 48 50 51 52 54 57 58 59 60 61 62 64 65 66 67 70 72 73 74
15 33 35 39 40 42 44 46 48 49 55 59 60 62 67 71
22 33 35 38 39 40 42 43 44 46 48 49 50 54 57 58 64 68 70 71 72 73 74
33 32 34 35 36 37 38 39 40 42 43 44 46 47 50 53 54 55 56 57 58 59 60 61 62 64 65 66 68 69 70 71 73 74
18 34 36 40 42 44 49 50 55 56 57 58 61 62 66 69 71 72 73
20 32 33 36 38 39 42 43 44 47 48 54 55 58 59 61 64 65 70 71 74
24 32 34 35 36 37 39 40 43 44 45 46 48 51 52 54 55 57 58 60 66 69 70 71 73
21 32 33 38 40 41 42 43 45 47 48 49 52 53 56 59 60 61 64 69 70 73
30 33 34 36 37 39 40 41 43 45 46 47 49 50 51 53 57 58 59 60 61 63 64 65 66 67 69 70 71 72 73
29 32 34 35 36 38 39 41 42 45 48 49 50 51 52 56 57 58 59 61 62 64 65 66 67 68 70 71 73 74
33 32 33 34 35 36 38 39 40 41 43 44 45 46 47 49 50 52 53 54 55 57 58 59 60 62 63 64 65 66 67 68 72 74
14 33 34 35 37 39 40 43 46 49 51 53 62 63 71
14 32 34 35 36 40 44 46 51 52 59 62 70 72 74
25 32 33 34 35 36 37 38 39 40 41 43 45 46 47 49 55 57 58 60 61 64 66 67 71 74
14 32 33 37 39 40 43 49 50 57 64 66 70 72 74
28 32 33 34 36 38 39 40 41 42 43 44 46 47 50 51 52 53 54 57 58 59 60 62 63 69 70 72 74
18 37 40 43 47 49 52 55 56 57 59 60 61 63 68 69 70 71 73
17 33 35 36 38 39 45 49 54 56 58 59 61 65 66 70 73 74
14 77 80 82 83 88 90 91 99 103 104 105 109 114 116
11 76 83 84 93 95 102 104 108 112 113 114
27 76 78 80 83 84 86 87 89 90 91 92 93 94 95 97 98 102 103 104 105 106 107 109 113 115 116 118
10 83 84 85 93 95 96 100 103 107 114
15 78 83 84 85 93 95 96 98 100 105 109 110 111 113 115
26 76 77 80 83 85 86 87 89 91 92 93 95 98 100 103 104 105 106 107 108 109 112 114 115 116 118
10 75 81 92 95 101 106 107 110 114 116
20 75 77 79 80 82 85 86 88 95 96 99 100 101 108 110 111 114 116 117 118
29 75 81 82 83 84 85 86 87 88 89 90 91 96 97 98 100 101 103 105 107 109 110 111 113 114 115 116 117 118
13 78 79 81 83 85 86 87 91 95 96 97 112 113
13 77 86 90 94 97 99 100 102 103 105 109 116 117
13 83 85 88 89 91 94 100 104 106 108 109 110 113
22 75 76 77 82 84 89 93 94 98 99 101 105 106 107 108 109 110 111 114 116 117 118
13 75 78 81 82 92 97 103 105 109 112 115 116 117
6 82 89 95 104 110 114
13 78 83 94 99 101 102 103 106 110 112 114 117 118
13 79 84 85 91 98 100 102 103 110 114 115 117 118
15 78 79 81 83 85 86 88 89 90 99 109 110 115 117 118
16 76 77 79 80 81 88 89 90 91 93 95 96 98 107 108 113
29 76 78 79 80 81 82 84 85 86 87 90 91 92 93 94 97 98 99 100 101 103 105 106 107 108 110 111 113 117
9 75 78 86 98 107 108 111 117 118
9 77 84 95 98 99 104 106 111 114
10 77 92 95 97 103 104 106 112 113 116
14 75 80 91 93 94 96 98 100 102 105 107 108 111 114
11 79 80 82 84 87 95 96 99 101 108 118
9 80 87 90 91 92 97 99 101 106
17 75 77 78 80 82 86 87 88 89 91 100 101 106 107 110 111 117
16 76 79 83 87 89 90 91 93 94 96 100 102 107 110 113 118
11 76 78 81 82 84 91 104 105 106 108 113
7 87 89 90 91 104 109 113
28 75 77 78 79 80 82 83 85 89 91 92 95 97 99 100 101 102 103 105 106 107 108 110 112 113 114 115 118
22 75 76 78 85 86 89 92 93 94 96 99 101 102 103 104 109 110 111 112 114 116 117
12 75 78 80 81 86 89 90 99 111 113 116 117
16 79 81 85 90 92 94 96 97 98 99 103 105 109 115 116 118
16 76 78 79 82 83 84 85 93 94 100 102 108 111 112 117 118
16 76 81 84 86 87 88 90 93 94 96 98 104 109 111 116 117
13 76 78 79 83 84 85 87 91 98 108 111 112 118
27 75 76 80 81 82 85 86 87 88 89 90 91 92 93 94 95 96 97 99 103 104 105 107 111 112 117 118
8 101 102 106 108 109 110 113 115
11 77 80 86 88 96 97 98 99 103 105 115
14 79 81 87 89 92 94 95 96 101 102 110 112 113 115
6 79 80 97 100 103 111
8 76 78 83 98 103 104 105 113
13 80 81 82 83 85 93 97 99 103 109 112 115 116
27 76 77 79 81 82 84 85 86 91 92 93 94 95 97 99 100 102 103 104 106 107 108 109 110 112 114 117
12 75 80 81 88 92 93 96 101 106 107 113 115
11 75 77 86 90 97 107 109 110 111 113 115
9 77 78 79 83 84 98 100 114 116
14 78 80 87 92 96 98 99 101 111 112 114 116 117 118
27 75 77 83 85 86 87 88 89 90 92 93 94 95 96 98 99 101 102 107 109 110 112 114 115 116 117 118
15 76 77 78 79 80 92 93 94 95 99 102 104 106 108 112
5 76 82 84 87 101
17 75 77 79 81 82 85 88 96 99 100 101 108 110 111 112 114 117
10 75 79 81 89 94 102 107 112 116 117
7 76 84 85 93 97 100 106
3 97 105 115
22 77 79 80 81 82 83 84 87 88 90 91 95 97 98 100 105 106 107 108 113 115 118
15 75 82 84 85 86 87 92 97 100 104 105 109 111 115 116
10 76 78 89 91 93 100 103 106 112 117
12 81 83 85 88 92 94 98 102 104 105 114 116
12 77 79 92 94 97 98 102 104 108 110 112 115
10 76 77 82 86 88 103 104 108 114 118
14 75 76 77 79 81 82 84 86 90 93 95 102 103 107
9 80 88 90 92 100 102 103 104 115
11 83 87 88 89 90 97 101 105 106 111 112
31 75 76 77 78 79 84 86 87 88 89 90 91 92 94 95 96 98 100 101 102 104 105 106 107 108 110 111 113 114 117 118
3 89 95 109
12 75 77 83 88 96 102 104 112 114 115 116 118
10 76 82 87 88 91 101 105 106 109 118
17 75 78 80 83 87 88 89 90 96 98 101 105 111 113 115 116 118
20 75 76 77 78 80 81 82 86 92 93 94 95 96 99 104 107 108 109 113 116
18 75 78 79 81 82 84 88 90 94 96 97 99 101 102 110 111 113 117
16 81 84 87 89 90 91 92 93 94 97 102 106 107 109 112 115
6 80 85 86 88 101 108
44 75 76 77 78 79 80 81 82 83 84 85 86 87 88 89 90 91 92 93 94 95 96 97 98 99 100 101 102 103 104 105 106 107 108 109 110 111 112 113 114 115 116 117 118
14 75 80 81 82 85 86 88 91 93 103 105 111 117 118
6 87 89 90 91 104 113
19 76 77 79 81 82 84 85 86 92 94 95 97 100 103 104 106 107 110 112
16 76 82 84 85 86 91 93 94 98 99 101 103 107 108 110 113
8 75 81 92 95 101 106 114 116
20 75 77 83 87 88 89 90 92 93 94 99 102 107 109 110 112 114 115 116 117
8 84 87 91 93 97 102 107 115
7 80 91 92 97 99 101 106
13 76 79 82 84 85 93 94 102 108 111 112 117 118
7 75 76 79 86 95 102 107
15 76 84 91 93 94 95 98 102 103 106 107 109 113 115 116
4 87 89 109 113
9 81 90 92 97 98 103 105 109 118
4 76 84 87 101
8 78 81 84 91 105 106 108 113
4 82 89 104 114
10 75 77 78 80 82 91 101 106 110 117
8 79 81 92 94 101 110 112 113
14 77 79 81 82 85 88 96 99 100 108 110 111 112 114
14 75 78 80 82 86 87 88 100 101 106 107 110 111 117
17 77 79 80 81 82 84 87 88 90 91 95 100 105 106 107 108 118
8 76 78 89 91 93 100 106 112
11 80 82 83 88 90 91 103 105 109 114 116
11 79 81 87 92 94 95 96 101 110 112 113
31 75 76 77 79 80 82 83 86 87 88 89 90 91 93 96 97 98 99 101 102 103 104 105 106 107 108 109 111 113 115 117
7 75 80 88 92 96 107 113
19 75 80 82 85 88 89 91 94 95 96 97 99 103 104 105 107 111 117 118
11 75 77 79 82 88 99 101 108 112 114 117
2 97 105
5 76 81 84 91 108
4 82 84 87 101
15 77 87 89 90 92 93 94 96 102 107 109 110 115 117 118
10 78 79 81 85 86 87 95 96 97 112
10 78 79 85 88 89 90 109 115 117 118
14 77 86 87 93 94 95 98 99 101 102 107 110 112 118
9 83 85 92 94 98 102 104 114 116
8 83 85 88 100 104 108 109 113
14 80 81 85 86 87 89 90 93 94 95 103 111 112 118
7 84 95 98 99 104 106 114
16 76 77 80 83 85 86 89 93 98 100 103 104 107 112 116 118
8 75 81 92 95 101 110 114 116
10 78 80 92 98 99 101 111 112 114 116
7 80 87 90 91 92 101 106
4 79 97 100 103
8 91 93 98 100 105 107 111 114
10 76 79 83 94 96 100 107 110 113 118
8 75 78 81 89 90 113 116 117
19 76 78 80 83 84 86 87 90 91 93 94 95 97 102 103 104 105 109 116
8 78 80 81 86 89 90 99 113
10 77 79 92 94 98 102 104 108 112 115
14 76 77 79 80 81 88 89 90 91 95 96 98 107 108
8 77 78 83 84 98 100 114 116
7 83 84 93 96 100 103 114
6 84 95 104 106 111 114
11 79 81 94 96 98 99 105 109 115 116 118
7 83 87 89 90 101 105 111
6 83 95 102 104 113 114
8 76 81 88 89 91 95 98 107
7 77 97 100 102 109 116 117
8 81 84 90 91 92 97 102 112
10 78 80 82 86 87 88 89 100 101 117
6 80 86 96 97 99 105
9 76 78 81 82 91 104 105 106 108
21 75 81 83 84 86 87 88 90 91 96 97 100 105 107 109 111 113 114 115 116 117
6 75 78 86 98 107 108
6 101 106 108 109 113 115
14 76 77 78 80 82 86 92 95 99 107 108 109 113 116
9 79 80 82 84 95 96 99 101 118
5 92 95 104 112 116
25 75 79 80 81 82 83 85 86 89 90 91 92 94 96 97 99 100 103 105 106 107 108 111 114 115
16 77 79 81 85 86 93 95 97 99 100 103 104 106 108 112 114
5 87 88 89 97 112
10 79 83 87 90 93 96 100 107 110 113
8 80 86 88 96 97 98 105 115
13 77 79 82 83 84 87 98 100 105 106 107 113 118
9 75 82 84 86 92 100 104 111 116
7 76 78 82 84 91 105 113
18 75 77 82 89 93 94 98 99 101 105 107 109 110 111 114 116 117 118
8 75 80 88 92 93 96 106 115
11 75 80 93 94 96 102 105 107 108 111 114
14 75 77 78 80 82 87 88 89 100 101 106 110 111 117
7 75 78 97 105 109 112 117
10 75 80 83 89 90 96 98 111 113 118
8 77 92 95 97 103 106 113 116
6 78 83 103 104 105 113
6 75 86 90 97 113 115
15 81 83 84 85 86 91 96 97 100 101 103 105 110 115 118
8 78 81 84 91 104 106 108 113
13 76 83 87 89 90 93 94 96 100 107 110 113 118
2 97 115
16 75 79 80 85 86 96 99 100 101 108 110 111 114 116 117 118
6 87 90 91 104 109 113
5 75 90 97 110 111
6 80 88 90 92 103 115
8 92 95 103 104 106 112 113 116
18 76 80 83 84 86 87 89 90 91 92 94 97 98 103 105 115 116 118
9 79 81 87 89 94 95 101 112 115
6 84 87 95 96 101 108
22 75 76 80 81 85 86 87 88 89 90 91 92 93 94 96 99 103 104 111 112 117 118
8 83 85 89 91 94 109 110 113
7 77 78 79 84 98 100 116
6 83 84 85 93 103 107
8 92 97 103 104 106 112 113 116
23 76 79 82 84 85 86 91 92 93 94 95 97 102 103 104 106 107 108 109 110 112 114 117
6 77 82 88 103 104 108
13 79 81 85 90 94 96 97 98 99 109 115 116 118
7 88 92 98 102 104 114 116
6 82 88 101 105 106 109
20 76 78 80 83 84 86 89 90 91 93 94 95 98 102 104 105 107 113 116 118
10 77 86 94 97 99 102 103 105 109 117
14 76 79 80 81 88 89 90 91 93 95 96 98 108 113
1 105
6 75 78 80 99 113 116
8 75 80 91 93 100 108 111 114
8 79 92 97 102 108 110 112 115
5 89 90 91 104 109
3 90 109 113
17 75 76 77 82 84 93 94 99 105 106 107 108 109 110 111 114 117
10 77 90 97 99 100 102 103 105 109 117
5 75 98 107 111 118
2 84 87
8 79 83 84 98 108 111 112 118
24 76 78 79 80 82 84 85 87 91 92 94 97 98 99 100 101 103 105 106 107 108 110 113 117
8 80 81 93 101 106 107 113 115
16 76 77 79 81 82 84 92 93 94 97 100 103 104 106 108 114
10 79 84 85 91 98 100 102 114 115 118
14 76 79 83 87 89 90 91 93 94 96 100 110 113 118
1 95
11 78 80 87 92 96 98 99 101 112 116 118
10 75 80 81 93 96 101 106 107 113 115
6 77 84 98 99 104 114
5 77 92 97 103 104
13 79 83 84 87 90 91 95 97 98 106 113 115 118
7 79 80 87 95 96 101 118
6 83 84 85 95 96 107
17 76 80 83 84 86 87 89 91 92 93 95 97 102 104 106 115 116
8 81 82 83 97 103 109 112 116
10 85 91 100 102 103 110 114 115 117 118
15 75 76 82 84 93 94 105 107 109 110 111 114 116 117 118
7 92 97 103 104 106 112 116
8 77 86 90 94 102 103 105 116
4 87 89 90 91
8 76 78 84 85 91 108 112 118
9 75 79 84 90 99 102 111 113 117
7 77 95 98 99 104 106 114
9 79 89 91 93 96 100 110 113 118
10 79 83 87 90 93 94 96 102 110 113
6 83 84 95 100 103 114
6 75 80 81 86 90 99
13 75 76 82 84 98 99 105 106 108 110 111 116 118
7 78 95 96 98 105 110 113
10 86 90 97 100 102 103 105 109 116 117
7 85 89 91 94 104 106 110
11 80 81 82 83 85 93 97 99 103 109 116
8 80 81 83 99 109 112 115 116
6 84 85 114 115 117 118
7 77 92 94 97 98 102 108
8 77 92 95 103 104 106 112 116
5 80 82 84 99 108
11 79 81 88 90 97 100 106 107 108 113 115
13 79 83 87 91 93 94 96 100 102 107 110 113 118
8 77 80 86 88 96 103 105 115
8 77 86 90 107 109 110 111 115
8 83 88 96 102 104 112 115 116
8 75 86 90 97 109 110 111 113
7 78 81 88 90 99 109 118
11 77 90 94 99 100 102 103 105 109 116 117
8 86 87 94 96 98 104 116 117
18 77 83 87 88 90 92 93 95 96 99 101 102 107 109 110 114 115 118
7 83 84 95 102 104 108 112
9 76 83 84 93 95 102 104 108 113
8 83 88 97 101 105 106 111 112
11 79 84 85 91 102 103 110 114 115 117 118
5 77 80 88 96 97
2 97 105
25 76 78 79 80 81 84 85 86 87 90 92 93 94 97 98 99 100 101 105 106 107 108 110 111 117
1 115
12 76 81 84 86 87 88 90 94 98 104 109 116
7 84 95 98 99 104 106 114
9 78 83 84 85 87 91 108 111 118
10 78 79 81 83 85 86 91 96 112 113
7 80 82 83 91 99 103 105
17 75 76 78 85 86 93 94 96 99 101 102 104 109 110 112 116 117
16 77 79 80 82 85 86 95 96 99 100 101 108 110 111 114 116
13 76 78 89 92 94 96 99 101 102 104 109 111 112
13 77 78 80 82 86 87 88 89 100 106 107 111 117
23 76 77 83 86 87 89 91 92 93 98 100 103 104 105 106 107 108 109 112 114 115 116 118
7 79 84 85 100 103 114 117
4 87 89 90 104
14 76 77 79 80 81 88 90 91 93 95 96 98 107 108
6 76 78 89 103 106 112
8 77 86 90 97 109 110 111 115
1 95
11 78 80 92 98 101 111 112 114 116 117 118
12 81 87 89 90 92 93 102 106 107 109 112 115
7 81 83 85 103 112 115 116
8 78 79 84 85 87 98 108 112
3 87 89 91
7 77 78 83 84 98 100 114
12 76 79 80 88 89 90 95 96 98 107 108 113
17 75 77 79 80 82 85 88 99 100 101 108 110 111 114 116 117 118
9 75 81 82 84 88 94 101 110 113
12 78 79 81 83 85 86 89 99 109 110 115 117
3 79 80 111
4 80 86 101 108
6 85 93 97 103 109 116
10 75 78 81 82 92 97 103 112 115 116
7 81 87 89 92 101 110 115
11 77 93 94 99 106 107 108 110 111 114 116
7 77 79 92 97 98 112 115
8 75 77 90 97 107 110 111 113
3 87 109 113
9 77 80 86 88 96 97 98 99 103
9 76 78 79 83 84 85 108 111 118
13 75 78 79 81 82 84 94 97 99 101 111 113 117
9 81 84 89 91 94 97 106 109 115
5 80 85 86 88 108
14 75 76 78 86 89 93 94 99 109 110 111 112 114 116
6 83 84 93 95 100 107
8 84 85 93 95 100 103 107 114
16 76 78 83 86 87 89 91 92 93 97 104 105 106 107 113 115
7 79 80 87 95 101 108 118
15 75 76 80 82 85 86 88 90 91 93 94 95 99 104 107
8 76 83 102 104 108 112 113 114
14 77 86 91 95 98 104 105 106 107 109 112 114 116 118
10 75 80 81 92 93 96 101 106 107 113
6 75 81 92 93 96 107
18 77 83 86 87 88 89 90 92 93 94 95 98 102 110 112 114 115 118
6 75 102 104 112 114 116
11 75 77 80 88 89 91 101 106 107 111 117
9 78 82 83 85 93 94 100 112 118
8 83 88 89 91 100 108 110 113
6 75 80 86 99 113 117
8 76 78 89 91 93 103 106 117
4 78 79 84 98
14 75 78 79 81 90 94 97 99 101 102 110 111 113 117
11 77 80 81 82 88 97 98 100 107 108 118
12 78 79 81 83 85 89 90 99 109 110 115 118
25 75 81 82 83 84 85 86 87 88 89 90 97 98 100 101 103 105 107 109 111 113 114 115 117 118
8 77 80 81 88 90 95 96 107
6 83 87 88 90 97 106
12 76 78 79 83 85 93 94 102 108 111 112 117
8 76 78 81 82 84 91 105 106
6 83 85 92 102 104 105
7 75 81 82 97 103 109 117
4 84 98 111 114
14 76 81 84 86 88 90 93 94 96 98 104 109 111 116
3 76 87 101
12 78 79 83 85 86 88 89 99 109 115 117 118
6 76 82 91 101 105 106
7 77 82 86 88 103 104 118
13 77 82 83 84 87 88 91 95 97 105 107 108 113
17 75 77 83 85 86 88 92 93 101 107 109 110 112 115 116 117 118
12 75 77 81 82 85 88 99 100 108 110 111 114
4 76 85 97 106
11 76 82 94 101 107 108 109 114 116 117 118
11 78 79 81 83 85 88 89 90 110 117 118
3 79 103 111
16 77 79 80 82 85 86 88 96 100 101 108 111 114 116 117 118
9 79 81 87 92 94 95 96 101 113
8 76 83 84 93 95 102 112 114
13 78 79 81 83 85 86 88 90 99 109 110 115 118
7 75 81 86 111 113 116 117
11 78 83 85 93 95 96 105 109 111 113 115
12 75 76 78 81 92 93 96 104 107 109 113 116
8 77 92 97 98 102 108 112 115
7 77 79 92 94 98 104 115
5 76 83 104 105 113
9 75 76 79 82 86 90 93 95 103
19 77 79 80 81 82 83 88 90 91 95 97 98 100 105 107 108 113 115 118
11 75 79 84 88 90 94 96 101 111 113 117
6 79 89 94 107 116 117
9 76 77 79 80 88 90 93 98 113
9 78 87 96 98 99 101 111 112 116
8 77 92 97 103 104 106 112 113
2 97 115
8 83 87 88 90 97 101 105 111
6 80 92 97 99 101 106
19 78 79 80 84 86 87 90 91 92 93 94 98 100 101 106 108 110 111 117
14 75 79 85 88 95 96 99 100 101 108 111 114 116 118
8 76 78 79 83 84 85 111 118
10 79 91 98 100 103 110 114 115 117 118
21 75 82 83 84 85 87 88 89 91 96 101 103 105 107 109 110 111 113 115 117 118
8 78 85 93 94 108 112 117 118
5 83 98 103 104 113
11 76 79 83 90 91 94 96 100 110 113 118
11 79 85 94 96 98 99 103 105 109 115 118
2 105 115
3 89 110 114
10 79 85 86 89 90 99 110 115 117 118
24 75 76 77 79 84 87 89 90 91 92 94 95 96 101 102 104 106 107 108 111 113 114 117 118
22 76 80 83 84 87 89 91 92 93 94 95 97 98 102 103 104 105 106 107 113 115 118
8 86 87 90 93 94 104 109 117
18 75 78 85 86 89 93 96 99 101 102 103 109 110 111 112 114 116 117
15 81 82 83 84 87 88 90 91 95 98 105 107 108 115 118
8 75 81 92 95 101 106 107 114
8 92 97 98 102 104 108 110 112
7 77 84 95 99 104 106 114
13 75 76 82 84 93 98 105 106 108 109 110 114 117
12 75 77 79 82 85 88 96 101 108 110 111 112
28 75 77 79 80 82 83 84 85 87 88 89 91 94 100 101 102 103 104 105 106 107 108 109 111 113 114 116 118
16 78 80 81 82 85 93 95 97 101 102 104 106 107 115 117 118
17 75 77 83 84 88 93 94 97 101 103 104 108 110 111 115 116 118
21 75 77 79 81 82 83 84 88 91 93 94 95 97 103 104 106 114 115 116 117 118
13 77 78 82 88 89 92 94 95 99 107 108 110 112
22 76 77 82 83 85 86 87 89 90 91 92 93 94 97 103 105 106 107 110 115 117 118
28 75 76 77 78 79 81 82 83 85 86 88 89 90 91 95 99 100 104 105 107 108 109 110 112 113 114 117 118
30 75 76 78 80 81 82 83 84 85 88 89 90 91 92 95 96 97 98 103 104 106 107 108 109 110 111 112 113 115 118
20 79 80 81 82 83 84 85 86 87 88 91 96 99 100 102 103 106 107 108 112
29 78 79 80 81 82 83 89 90 91 92 93 94 95 99 100 102 103 104 106 109 110 111 112 113 114 115 116 117 118
19 77 79 82 84 87 89 90 95 96 98 99 103 104 106 107 109 111 112 116
16 77 79 81 84 87 88 92 97 98 100 104 108 110 111 117 118
22 76 78 80 81 82 85 86 87 88 93 94 96 97 98 102 103 105 109 110 112 115 118
24 75 77 78 79 80 85 86 89 94 97 101 102 104 106 107 108 109 111 113 114 115 116 117 118
22 76 81 82 83 85 88 90 93 94 95 96 97 98 99 102 104 105 107 108 111 113 114
23 76 78 79 80 83 84 85 86 87 91 96 97 98 99 100 102 104 106 107 108 111 113 115
25 75 77 78 79 80 82 84 86 88 91 94 95 96 97 98 99 101 102 106 107 109 113 114 115 116
24 75 76 77 83 84 85 87 88 90 91 95 97 98 99 102 103 104 107 110 111 112 113 114 116
26 75 78 79 80 81 82 83 84 85 86 87 88 89 91 93 95 97 99 103 106 107 109 111 114 116 117
17 76 79 83 87 89 97 98 99 100 102 105 107 108 109 114 116 117
17 80 83 84 87 88 89 91 92 98 101 102 103 104 107 112 114 117
21 75 78 81 84 85 86 87 88 92 96 99 100 102 103 104 105 107 108 109 115 117
15 76 85 87 90 91 93 96 97 101 102 104 106 110 112 115
21 78 80 82 83 88 89 90 91 94 95 100 103 104 105 106 107 108 112 113 115 118
29 75 76 77 78 82 83 84 85 87 90 91 94 96 97 98 99 100 101 102 106 107 108 109 112 113 114 115 116 117
16 75 76 77 78 79 85 86 88 92 95 96 97 98 100 103 116
15 76 78 79 84 85 86 93 97 98 99 100 107 110 114 115
26 75 77 78 79 82 83 84 88 90 92 93 94 96 97 99 101 103 105 108 109 110 111 113 115 116 117
25 75 76 77 79 81 82 84 85 88 89 93 97 98 99 103 104 105 106 107 108 110 111 113 114 115
21 75 77 81 85 93 96 97 99 100 101 102 103 104 109 110 111 112 113 116 117 118
28 76 77 78 79 80 81 82 84 85 86 88 89 90 91 92 93 99 103 105 106 107 108 109 110 111 112 114 117
21 76 77 79 80 81 87 93 95 96 97 98 99 100 101 103 107 108 111 113 116 117
16 75 78 79 83 85 88 91 92 93 99 102 104 106 112 113 114
24 75 78 80 83 84 85 86 88 90 91 94 97 102 103 104 107 108 109 110 112 113 114 116 117
18 75 79 82 83 84 87 88 90 91 94 101 103 108 111 113 114 115 118
23 76 77 80 82 83 84 85 87 88 89 91 97 100 103 105 107 108 110 114 115 116 117 118
17 78 79 81 82 84 88 89 90 91 93 102 105 106 108 114 116 117
16 81 85 86 89 92 95 98 102 103 104 110 111 112 115 116 117
13 81 88 91 95 96 100 103 104 109 115 116 117 118
27 76 77 82 83 84 85 89 90 91 92 93 94 96 97 98 99 102 103 106 107 109 110 112 115 116 117 118
20 75 76 82 83 84 89 91 92 93 95 97 99 100 101 102 106 107 110 113 114
21 76 77 79 80 82 84 86 87 88 89 91 92 94 95 96 97 107 111 113 116 118
15 76 78 80 82 87 89 93 95 101 102 103 105 116 117 118
17 79 83 84 85 86 88 90 91 93 94 96 99 106 107 109 111 112
15 76 77 78 86 88 89 90 91 99 101 105 106 110 115 116
30 75 76 77 78 79 81 84 85 86 87 88 89 92 93 94 96 97 98 99 101 102 104 106 107 108 109 110 113 117 118
14 75 76 78 86 90 92 93 95 96 97 100 105 110 115
28 75 76 78 79 81 82 83 84 91 92 94 95 96 97 98 99 100 101 103 105 106 108 109 110 112 113 115 117
16 78 79 83 86 88 90 93 97 98 99 100 106 110 111 116 117
20 78 81 82 83 85 86 87 90 93 94 96 97 100 104 107 111 113 114 115 116
24 75 77 83 84 85 86 87 88 93 94 95 96 97 98 100 101 102 105 109 111 115 116 117 118
14 75 76 77 78 79 81 85 88 96 99 100 107 109 110
17 77 78 82 83 85 87 88 95 101 103 104 105 111 114 115 117 118
22 75 77 78 79 81 86 90 91 92 94 95 98 99 100 101 103 108 109 111 113 116 117
20 76 78 79 82 83 84 85 89 92 97 99 100 101 102 104 108 109 110 113 117
16 77 78 85 86 88 89 91 93 98 104 105 106 114 116 117 118
24 75 76 77 78 79 82 83 85 86 88 90 91 92 94 95 100 102 104 108 111 112 113 114 117
20 75 76 78 81 88 90 95 96 98 102 106 107 109 111 112 113 115 116 117 118
24 76 77 79 80 81 84 85 86 88 91 92 93 96 98 99 100 101 105 109 112 113 115 116 118
15 75 76 78 81 85 88 90 93 94 95 99 101 104 105 109
27 79 80 81 83 86 91 92 93 95 96 97 98 99 101 102 103 104 107 108 109 110 111 112 114 115 117 118
24 76 77 78 80 82 83 86 87 91 93 94 95 96 97 98 99 102 105 107 108 109 110 112 113
20 75 77 80 83 84 86 87 88 91 92 97 100 103 106 107 108 111 112 114 117
30 76 78 79 80 82 83 84 85 86 88 90 91 93 95 96 98 99 100 101 103 104 105 110 111 112 113 114 116 117 118
22 77 79 81 82 85 87 88 91 92 94 96 98 99 101 102 103 105 107 108 110 115 117
27 78 79 81 84 85 86 87 88 91 92 93 94 95 96 99 101 102 105 106 107 110 111 112 114 116 117 118
13 76 78 89 91 94 95 98 100 101 104 107 112 115
24 78 79 80 82 85 86 87 88 90 93 94 95 96 97 98 99 102 105 107 108 110 111 115 116
28 75 76 77 78 80 81 82 84 85 86 88 90 91 94 95 97 102 104 105 106 107 108 109 111 114 116 117 118
28 78 80 82 83 84 85 86 91 92 95 97 98 100 101 102 103 105 106 107 109 111 112 113 114 115 116 117 118
23 75 76 79 80 81 83 87 88 91 93 95 96 97 99 103 104 108 110 112 113 115 116 118
17 76 79 82 88 91 94 95 96 97 98 99 100 101 103 109 111 112
17 78 79 80 82 83 85 90 92 93 94 96 103 105 106 108 111 113
22 78 82 83 84 86 87 91 93 94 95 96 98 100 106 108 109 110 113 114 115 117 118
16 78 82 84 87 88 93 95 102 105 106 108 109 112 113 116 118
16 76 78 79 81 83 87 88 95 96 99 101 105 109 110 111 112
16 75 76 77 80 83 87 88 90 93 94 97 101 103 105 112 117
22 76 79 83 84 87 89 90 92 94 96 97 98 99 101 107 108 109 110 112 115 116 118
27 75 76 77 80 81 82 83 84 87 88 90 92 93 94 95 96 97 102 104 106 107 110 112 114 115 117 118
20 76 78 79 82 85 87 89 90 91 96 100 104 106 107 109 110 113 115 117 118
18 77 80 84 86 88 93 94 98 100 102 103 105 107 109 111 113 114 117
24 75 76 82 83 87 89 91 92 93 95 96 97 98 99 102 105 106 108 109 110 111 112 115 117
23 76 77 78 82 83 85 86 87 90 91 96 99 100 102 103 105 109 110 112 113 114 117 118
28 77 78 80 82 83 84 87 88 90 91 92 93 94 95 97 99 100 102 103 104 106 107 108 110 112 115 116 118
23 76 79 81 83 85 87 88 90 93 96 97 99 101 105 107 108 109 111 112 114 115 117 118
18 81 82 84 86 88 90 92 93 94 96 98 101 102 105 108 109 111 117
18 77 78 80 82 84 86 88 90 92 95 96 99 100 105 106 111 112 116
28 75 77 79 84 86 88 89 90 91 92 93 94 95 96 97 98 100 101 102 103 106 108 109 110 112 113 115 118
29 76 77 78 79 81 85 86 87 90 91 92 93 94 96 97 99 101 102 103 106 107 108 110 111 112 113 114 117 118
23 75 79 81 83 84 86 87 88 89 91 93 94 98 100 103 104 108 109 112 113 115 116 118
24 75 76 79 81 82 84 85 86 87 88 90 91 94 97 98 99 103 104 107 109 110 113 115 116
22 78 82 83 84 86 87 90 92 95 97 98 102 104 106 108 110 111 113 114 115 116 118
19 77 81 83 84 85 91 92 94 95 97 98 103 105 108 109 110 111 114 118
29 75 76 78 80 81 83 84 86 88 89 90 91 92 93 95 98 100 101 102 103 104 109 112 113 114 115 116 117 118
23 75 76 78 80 81 82 84 85 87 89 90 94 95 97 98 99 100 101 103 104 105 106 118
23 78 80 81 82 83 84 86 88 89 90 92 93 94 95 97 98 103 105 106 108 109 113 118
16 75 76 77 79 80 81 83 86 91 94 95 102 107 111 112 116
25 76 78 79 80 81 83 84 85 86 87 90 92 94 96 99 100 101 102 105 106 108 113 114 116 118
27 76 77 79 82 83 87 89 91 92 95 96 97 98 99 100 104 105 107 108 110 111 113 114 115 116 117 118
26 77 78 80 82 83 84 86 87 88 90 93 97 99 100 101 102 103 104 106 111 112 113 114 115 117 118
19 76 83 84 85 86 88 95 96 98 99 101 104 106 107 108 111 114 115 118
28 76 77 78 79 80 81 82 83 86 89 90 92 94 95 97 99 105 106 107 108 110 112 113 114 115 116 117 118
29 76 81 83 84 87 88 90 91 92 93 94 95 97 98 99 100 101 103 104 105 106 108 110 112 113 115 116 117 118
15 75 76 77 79 83 84 94 95 98 100 102 108 110 113 115
22 75 76 77 78 79 81 82 84 86 87 90 92 93 94 95 96 97 100 101 105 109 112
22 75 76 79 82 87 94 96 97 98 99 100 103 104 105 106 107 108 110 112 114 116 117
18 76 77 78 79 80 82 83 86 88 92 95 96 101 111 114 115 116 117
28 76 78 79 80 81 82 84 85 89 90 91 92 93 94 95 97 98 99 101 102 104 105 106 107 108 113 115 118
13 77 80 89 90 92 98 100 101 103 107 108 115 116
14 75 79 82 83 85 88 91 93 94 96 105 108 110 112
28 78 79 81 82 84 85 86 87 88 90 91 94 96 99 101 103 104 105 108 109 110 111 112 114 115 116 117 118
29 75 76 77 78 79 80 81 82 88 90 94 95 96 98 101 103 104 105 107 108 109 110 111 113 114 115 116 117 118
27 76 77 79 81 82 84 86 87 91 92 93 94 95 96 98 99 101 103 104 107 108 111 112 114 115 116 117
16 77 82 84 85 91 92 95 96 99 104 105 107 108 111 116 118
17 76 80 84 85 86 87 88 90 94 96 102 103 106 108 115 117 118
29 75 76 78 79 84 85 86 87 88 89 92 93 94 97 98 100 101 104 105 106 107 109 110 112 114 115 116 117 118
23 75 76 77 78 79 82 83 85 86 87 90 92 94 95 100 102 106 107 108 109 112 115 118
17 83 86 87 89 90 92 93 96 101 102 103 104 106 111 112 113 115
15 77 79 80 82 85 92 100 103 107 108 110 111 112 116 118
17 75 80 82 84 93 94 98 101 105 108 109 111 112 113 114 116 118
17 76 78 79 81 86 87 92 95 98 100 104 105 106 107 108 112 113
22 75 78 80 81 84 85 87 89 90 96 97 98 101 104 105 106 109 110 112 114 115 116
14 75 76 80 82 83 88 89 93 103 105 109 110 111 116
23 75 76 77 81 82 83 85 86 87 93 94 95 96 98 100 103 104 105 106 110 111 114 116
30 76 78 79 80 82 85 86 87 88 91 93 94 96 97 98 99 100 101 103 106 108 109 111 112 113 114 115 116 117 118
17 78 82 83 90 93 94 97 100 102 103 104 111 112 113 114 115 117
26 76 77 79 80 82 84 85 87 88 89 91 92 93 94 100 101 102 103 105 107 109 111 113 114 115 116
17 76 79 80 85 89 90 91 94 96 97 98 106 111 112 114 117 118
15 76 78 80 82 89 90 94 97 98 99 100 102 103 105 116
17 75 81 82 83 84 87 94 95 96 99 106 111 113 115 116 117 118
29 75 76 83 84 85 86 87 88 89 91 92 93 94 95 97 98 99 100 102 103 104 105 107 110 111 112 115 117 118
27 75 76 77 78 80 83 84 85 86 88 89 90 93 95 97 101 102 105 107 108 110 112 113 114 115 116 117
23 76 78 82 83 84 86 88 91 94 95 97 99 100 101 103 104 107 108 109 110 112 114 117
21 77 79 80 81 87 88 90 91 92 95 96 99 106 108 110 111 112 113 114 117 118
24 76 78 79 84 86 87 88 89 92 94 97 98 100 101 102 103 109 111 112 113 115 116 117 118
25 76 77 80 81 82 83 84 85 86 89 90 94 95 97 98 100 102 103 105 106 112 113 114 116 117
19 75 81 82 84 85 89 98 99 101 102 105 106 108 110 113 114 115 117 118
13 79 81 84 87 90 91 96 98 99 103 106 111 117
19 77 78 80 83 86 87 88 90 96 97 98 100 101 102 103 106 108 112 114
17 75 76 78 81 83 86 87 91 92 93 99 101 104 108 109 110 117
16 75 84 85 87 89 94 98 99 100 106 107 110 111 113 114 116
17 76 78 81 82 83 84 85 95 98 99 102 103 107 111 112 115 117
27 75 76 78 79 80 82 83 86 87 90 91 92 93 95 98 100 102 103 106 107 109 110 111 112 115 116 118
20 76 77 81 84 88 89 92 93 94 97 98 99 101 102 103 104 111 112 114 117
27 76 77 79 82 83 86 87 88 90 91 92 95 96 100 101 102 104 105 107 109 110 111 113 114 115 116 117
15 75 76 81 82 84 85 86 92 93 95 96 99 110 116 117
29 75 76 77 78 80 81 82 83 88 89 90 93 94 95 96 97 98 101 102 103 104 106 108 109 110 111 113 115 118
27 75 76 77 78 80 82 83 84 85 86 87 88 90 91 93 95 96 99 103 104 105 107 108 115 116 117 118
23 75 78 79 80 82 83 88 89 91 92 93 94 95 96 99 100 102 105 108 110 111 114 118
20 75 79 81 82 85 87 91 92 93 94 95 96 97 100 104 106 111 112 113 115
25 75 76 77 78 79 80 81 82 84 85 88 89 90 93 101 103 107 108 111 112 113 114 115 116 117
15 78 80 84 85 91 94 95 96 101 102 105 112 114 115 117
17 75 78 81 83 84 86 88 91 93 95 99 102 106 109 111 112 115
23 75 77 78 79 80 82 84 87 88 93 94 95 97 98 99 102 109 111 112 113 116 117 118
29 75 76 79 81 82 83 86 89 90 91 94 95 96 97 98 99 101 103 104 105 106 107 109 110 113 114 115 116 117
13 75 81 82 83 96 97 100 105 108 109 114 115 116
22 76 77 78 80 82 85 86 89 90 91 94 95 96 98 103 105 107 109 114 115 117 118
22 77 78 79 80 81 82 83 89 90 91 93 94 97 99 101 103 104 106 108 111 114 116
29 76 80 81 82 84 85 87 88 89 90 93 94 95 96 97 99 100 101 103 104 105 107 108 110 111 112 113 115 117
15 75 77 85 90 91 92 96 101 102 103 105 107 108 116 118
27 75 76 78 79 80 81 82 83 85 88 89 93 95 96 97 100 102 103 104 107 109 110 111 113 115 116 118
15 78 79 80 82 84 86 87 90 91 101 106 111 114 116 118
27 81 83 84 86 89 90 92 93 94 95 96 97 98 99 100 101 105 106 107 108 109 110 114 115 116 117 118
17 75 79 80 91 93 94 97 98 100 101 103 107 108 111 112 115 118
27 78 79 80 81 85 86 88 89 91 92 93 95 96 98 99 101 102 103 106 107 108 111 112 115 116 117 118
13 77 78 81 84 89 90 92 101 102 104 106 110 117
28 75 77 78 79 80 82 84 85 88 89 90 91 95 96 97 98 101 102 103 105 106 107 108 109 110 111 117 118
20 78 79 82 86 87 88 89 90 91 93 94 96 97 99 102 106 108 109 116 117
26 75 76 77 78 82 83 84 85 86 91 92 93 94 96 98 102 105 106 107 108 110 112 113 115 116 118
18 75 79 81 91 95 96 100 102 103 104 105 107 108 109 111 113 115 116
21 78 81 84 86 87 89 90 91 93 94 95 98 99 103 105 109 110 111 116 117 118
28 76 77 78 79 81 84 85 86 87 88 89 90 92 93 94 95 97 98 101 106 107 108 109 110 114 116 117 118
23 76 77 79 80 81 82 83 87 90 91 92 93 95 97 99 100 102 103 104 106 108 113 114
16 76 78 79 80 81 85 88 93 94 103 105 107 108 109 113 116
29 75 79 81 82 83 84 85 86 90 91 93 94 95 96 97 99 100 101 102 106 107 108 109 111 112 113 114 115 116
28 75 76 77 79 80 81 84 85 87 88 90 92 93 95 96 97 104 105 106 107 108 109 110 111 112 114 116 118
21 75 78 80 82 85 86 88 89 91 92 93 95 96 99 100 101 104 105 106 113 114
19 76 77 80 84 85 86 87 89 91 95 97 103 106 107 112 113 114 117 118
18 75 76 77 80 86 92 96 97 98 99 101 106 107 111 112 116 117 118
14 78 80 85 86 87 89 97 98 99 100 102 105 110 116
24 75 76 77 78 80 81 82 83 84 85 86 87 88 93 95 98 100 101 102 104 110 111 114 115
26 76 80 82 83 88 89 90 91 92 94 95 96 97 99 102 103 104 107 110 111 112 113 115 116 117 118
28 75 76 82 83 84 85 86 88 89 90 91 93 95 96 97 98 99 101 103 107 109 112 113 114 115 116 117 118
19 77 78 79 87 88 89 90 91 93 94 95 98 99 107 109 110 111 114 117
18 80 82 84 85 87 90 94 98 99 101 102 104 105 107 108 112 116 118
30 75 76 79 81 82 83 85 86 87 88 89 90 91 92 93 94 96 100 101 103 106 107 108 110 111 112 113 114 116 117
24 75 76 77 78 79 82 83 87 91 92 93 94 95 99 100 102 103 105 106 107 108 109 113 115
22 76 77 78 79 80 84 86 87 88 92 93 94 99 100 102 106 108 109 110 111 112 118
13 75 77 80 86 89 93 95 96 105 109 113 116 117
24 76 79 80 81 83 84 85 88 89 91 93 94 96 99 100 102 103 107 108 109 111 114 117 118
17 82 87 92 93 95 97 98 102 103 104 106 108 110 111 112 114 116
21 75 76 77 78 80 81 83 86 89 90 93 95 98 102 103 105 106 107 113 115 118
25 77 78 79 80 83 85 87 88 89 90 92 94 95 97 100 102 103 105 106 107 109 112 114 115 116
27 76 79 80 81 82 83 84 85 87 91 93 94 96 98 102 103 104 105 107 108 109 110 112 113 115 116 118
13 75 76 78 79 80 84 88 94 95 97 98 108 112
18 81 82 83 84 85 90 91 96 97 98 102 103 107 108 111 113 116 118
15 75 77 79 83 85 88 89 91 93 94 100 102 112 113 115
21 75 78 82 83 84 87 89 90 92 93 96 99 102 103 105 107 108 110 112 115 117
14 76 78 84 85 87 91 95 100 105 109 110 111 113 114
21 75 78 79 85 87 88 89 92 93 94 95 99 103 105 108 109 114 115 116 117 118
20 75 76 86 87 91 93 94 98 99 100 101 103 104 105 109 110 111 112 114 117
24 79 80 81 83 84 85 86 88 89 91 93 96 97 98 99 100 102 103 105 107 112 114 115 118
19 75 81 82 85 86 87 90 91 92 95 96 100 103 105 108 109 112 114 117
16 76 78 81 82 87 88 90 99 100 103 104 106 111 112 113 115
25 76 77 78 81 82 83 87 88 89 90 91 92 93 96 98 99 100 101 102 103 107 108 110 111 113
25 75 76 77 78 79 82 83 84 86 89 92 94 95 96 100 101 104 106 108 110 112 113 114 115 117
22 75 76 78 79 80 84 85 86 87 88 92 93 94 95 96 97 100 102 103 104 114 116
29 75 76 77 80 82 83 84 85 86 88 89 90 91 93 94 95 98 99 100 102 104 106 107 110 111 112 113 115 118
15 75 76 78 79 83 90 91 97 99 100 104 106 108 112 118
13 76 79 81 82 92 94 95 106 108 109 115 116 117
22 75 76 79 80 81 87 90 91 92 93 94 96 99 101 102 103 104 106 108 110 115 118
16 75 77 79 80 83 85 87 90 92 96 104 111 112 115 116 118
27 75 76 78 80 81 82 83 84 85 87 89 90 91 93 94 95 97 100 102 106 108 110 113 114 115 116 117
24 77 79 82 83 84 85 89 91 94 95 96 100 101 103 104 106 107 109 112 114 115 116 117 118
26 75 76 77 80 82 83 84 85 86 88 89 93 99 100 101 103 104 105 108 109 110 111 113 115 116 117
29 75 76 77 80 81 83 85 86 87 89 93 94 96 97 98 99 101 102 103 106 107 108 109 112 113 115 116 117 118
19 76 77 80 81 82 84 87 90 91 96 100 101 103 104 106 107 110 117 118
21 75 76 78 80 83 84 85 86 88 89 95 98 99 101 103 105 106 108 113 115 118
27 75 77 80 82 85 87 90 91 93 95 96 97 98 99 100 102 103 105 106 108 110 111 112 114 115 116 118
15 77 78 80 81 83 88 92 94 96 99 105 109 112 115 117
30 77 78 79 80 82 84 86 87 88 90 91 93 94 95 96 97 99 103 105 107 108 109 110 111 112 113 114 116 117 118
17 75 78 86 90 93 94 95 96 98 101 103 109 110 111 112 115 117
19 76 78 80 83 85 86 88 91 92 93 96 99 101 102 103 109 113 116 118
30 75 76 77 78 79 80 82 85 87 88 89 90 91 92 93 94 95 96 97 100 102 103 104 105 109 110 113 115 116 118
13 77 80 81 87 92 93 95 100 105 106 108 114 118
28 75 77 78 79 80 82 83 84 85 86 87 88 91 92 93 94 95 100 105 106 107 109 110 111 112 113 116 117
30 75 76 77 78 81 82 84 85 86 87 88 89 92 93 94 97 99 100 102 103 104 106 109 110 111 112 114 115 116 117
13 77 83 87 88 90 91 92 96 97 99 101 105 106
30 75 76 81 82 84 85 86 87 90 91 92 94 96 98 100 101 102 103 104 106 108 109 110 111 112 113 114 116 117 118
13 75 76 79 81 82 86 93 101 103 105 107 110 117
20 76 78 81 82 85 87 89 93 94 95 96 97 103 105 107 111 112 114 116 117
18 75 76 78 82 87 88 89 91 92 97 98 100 101 103 104 105 106 116
16 75 77 79 80 85 86 96 97 98 101 102 105 110 112 115 116
17 75 79 82 84 86 87 92 95 101 102 103 105 106 108 111 117 118
17 80 81 84 86 89 91 93 94 98 99 101 102 106 108 111 116 117
15 75 77 80 81 87 89 90 92 94 104 105 111 112 113 116
29 76 77 78 79 81 82 83 84 85 86 88 90 91 92 95 97 98 101 102 105 106 107 111 112 113 114 115 116 118
26 75 77 79 80 81 83 84 86 87 88 89 92 93 95 97 98 99 100 101 102 109 110 111 112 115 118
16 75 79 80 83 86 93 98 100 101 102 103 104 106 107 112 114
22 75 77 82 85 86 91 95 98 100 101 102 103 104 105 106 107 110 111 114 115 117 118
26 75 76 78 81 82 84 85 87 88 89 90 92 94 95 96 100 101 102 103 104 106 107 108 109 112 116
18 79 80 81 82 84 85 86 88 90 93 94 98 100 105 107 108 109 113
19 78 79 81 84 87 88 89 90 92 94 96 100 101 102 106 112 114 115 118
23 79 80 81 82 83 84 85 87 88 91 92 93 95 96 100 102 104 106 107 108 110 112 113
22 75 77 78 79 81 82 83 84 89 90 97 100 101 102 104 106 110 113 114 115 117 118
16 80 81 83 84 88 91 92 93 95 97 98 100 114 116 117 118
27 75 76 80 81 83 84 85 86 87 89 90 92 97 98 101 103 105 106 108 109 110 111 112 113 114 115 118
15 76 79 85 90 93 101 102 103 104 107 108 110 113 115 117
18 77 78 79 81 87 92 94 99 100 101 104 110 111 112 114 115 116 117
18 75 76 77 78 81 83 92 93 94 95 99 101 102 103 106 107 108 118
21 75 76 78 80 83 87 90 93 95 97 99 100 105 106 107 108 111 114 115 116 118
28 76 79 80 82 83 85 86 87 88 89 90 91 93 96 97 99 103 104 105 106 107 108 110 111 112 115 116 118
14 78 81 82 85 91 92 98 100 105 106 110 111 115 116
13 76 77 86 88 89 93 97 100 103 105 113 115 117
29 76 77 79 80 81 82 84 85 89 91 92 95 96 97 98 99 100 101 102 105 106 108 111 112 113 114 115 116 118
30 76 77 78 79 80 82 84 85 87 88 91 92 93 94 95 97 98 100 101 102 103 107 108 109 110 112 113 115 116 117
16 78 80 82 83 85 90 91 93 95 102 105 107 110 112 113 115
17 76 77 80 82 86 89 91 92 94 97 98 101 103 107 108 112 118
28 77 78 79 80 82 83 84 87 88 92 93 95 96 97 99 101 102 104 106 108 110 111 112 114 115 116 117 118
27 75 76 77 78 81 82 84 86 90 91 93 95 96 97 98 99 100 101 102 103 106 107 109 114 115 116 117
27 75 80 81 82 83 84 86 87 89 90 91 92 93 94 97 98 99 100 101 103 104 105 107 108 111 112 116
17 76 77 79 81 82 89 90 92 93 98 99 107 110 111 112 114 116
26 75 76 78 79 80 81 84 86 87 90 92 93 94 95 96 99 100 101 102 104 105 107 110 111 113 114
26 75 76 78 80 82 84 85 86 89 91 92 97 98 99 102 105 106 108 110 111 112 113 115 116 117 118
29 76 77 79 81 82 84 86 87 89 90 91 93 95 96 97 98 100 102 103 105 108 109 110 112 113 114 116 117 118
21 76 79 81 85 91 93 94 95 99 101 102 103 104 105 106 107 108 110 112 114 115
23 76 77 78 79 80 84 86 89 91 92 93 96 98 99 100 101 106 108 110 111 113 116 118
21 78 82 85 86 87 88 89 90 93 94 95 97 99 103 106 108 109 110 114 117 118
24 75 76 77 78 79 84 86 87 88 94 96 98 100 101 104 106 107 110 112 113 114 115 116 118
18 76 83 87 90 92 93 95 98 99 101 102 103 107 108 111 112 113 114
25 76 79 80 82 83 85 92 93 94 95 96 97 100 101 102 103 105 106 107 109 110 113 114 116 117
20 77 79 81 82 83 85 86 88 89 90 91 97 99 102 103 106 107 109 111 113
28 75 76 77 79 80 82 83 86 87 88 89 90 92 94 96 97 99 102 103 104 105 106 110 113 114 115 117 118
22 76 79 81 84 86 87 92 93 95 96 98 99 100 101 102 107 109 111 112 113 116 118
20 75 78 79 80 83 84 87 88 90 91 92 94 98 100 106 109 111 115 116 118
22 75 78 80 81 82 84 85 87 88 90 93 95 99 100 101 103 104 106 108 112 114 116
20 77 80 81 85 86 88 89 90 91 93 94 95 96 101 105 110 111 112 114 118
21 75 77 79 80 81 83 84 86 92 93 94 95 96 99 101 105 106 111 112 117 118
19 76 77 80 82 84 85 89 90 92 93 94 95 97 99 105 107 109 113 115
26 75 76 78 79 80 81 85 86 88 91 93 94 96 98 99 100 103 105 106 107 108 110 112 116 117 118
14 75 76 77 82 85 86 88 90 94 98 101 108 114 118
28 75 76 77 78 79 81 83 84 86 87 89 90 92 93 95 96 98 101 104 105 107 108 111 112 113 114 116 118
18 75 84 86 91 93 94 95 98 99 102 104 105 106 110 112 113 115 118
28 75 77 80 82 86 87 89 91 92 93 94 95 96 97 100 101 102 103 104 105 106 108 109 110 111 112 113 115
30 75 76 78 79 80 81 82 87 88 90 92 93 95 96 97 100 101 103 104 105 106 107 108 110 111 112 113 116 117 118
14 78 80 82 83 84 87 88 91 92 95 96 99 101 116
13 75 77 82 84 90 92 95 99 101 104 106 111 112
14 79 80 84 90 91 95 96 97 98 103 104 110 113 115
16 76 79 81 83 86 90 91 93 102 103 106 109 111 114 117 118
15 75 76 79 80 82 85 86 87 91 92 93 98 109 111 117
17 76 80 81 83 87 90 91 92 94 95 98 99 100 105 109 116 118
19 76 78 79 85 88 91 92 94 96 98 99 102 106 109 110 112 116 117 118
28 75 76 78 81 82 83 84 85 86 87 88 89 92 94 97 98 101 102 104 105 109 111 112 114 115 116 117 118
23 77 79 82 83 84 86 87 89 90 91 92 94 98 99 104 105 106 109 110 111 115 116 117
21 75 76 77 80 83 84 85 86 87 92 93 98 99 100 101 102 110 112 113 114 118
23 77 78 81 82 83 84 85 86 87 91 92 93 96 98 99 100 103 105 108 109 113 114 116
30 76 77 78 79 80 81 82 83 84 85 87 88 89 90 91 94 96 98 99 102 103 105 106 108 109 110 111 113 115 117
15 78 80 84 86 88 94 96 99 102 103 105 107 113 114 116
19 76 79 80 83 84 85 87 88 90 92 93 94 99 104 105 110 113 115 116
28 75 76 78 79 80 81 82 83 84 85 87 88 90 92 95 99 100 101 103 104 105 108 109 112 114 116 117 118
9 122 123 125 130 138 146 158 165 168
15 119 123 128 129 131 134 139 156 157 159 162 165 166 167 169
14 127 128 129 130 131 132 135 136 139 142 148 152 158 160
20 120 128 130 131 135 137 138 141 142 145 146 147 150 151 153 154 155 158 162 164
7 119 122 128 129 138 160 167
16 121 124 125 126 133 136 137 141 143 147 149 151 154 158 163 168
13 122 124 129 135 136 139 142 143 145 149 150 152 155
11 126 127 131 134 137 139 143 145 147 148 162
20 122 124 125 126 127 131 132 139 141 144 148 152 159 161 162 163 164 167 168 169
12 119 122 124 125 127 129 133 134 135 139 156 168
10 120 130 140 144 145 160 161 162 163 164
32 119 120 121 122 123 125 126 127 130 133 134 136 138 141 142 143 144 148 149 150 152 154 156 158 159 160 161 162 163 165 167 169
11 129 140 145 147 150 151 152 159 163 167 168
12 119 132 142 144 147 149 150 152 153 158 162 168
7 119 120 141 143 151 153 157
10 124 132 142 144 149 157 160 163 164 166
21 119 121 125 126 128 134 137 138 140 147 148 154 156 157 159 160 161 162 163 167 168
31 119 120 121 123 128 129 130 133 134 135 136 137 138 140 142 143 145 146 147 149 150 151 153 154 155 156 157 158 160 165 166
12 123 125 126 128 129 131 133 142 154 159 163 168
16 123 125 126 134 137 144 145 146 150 154 156 159 162 164 165 169
23 121 127 129 133 134 136 137 140 144 147 149 150 152 154 155 157 159 162 163 165 167 168 169
19 119 125 127 128 129 132 134 140 141 142 145 146 147 148 150 151 162 167 168
17 119 120 123 124 127 130 131 132 142 147 148 152 158 162 165 166 168
7 143 146 149 150 156 163 166
15 123 128 131 133 136 145 147 148 150 153 156 158 159 160 168
8 131 133 135 141 148 149 157 158
16 123 124 125 127 130 131 134 135 137 142 151 153 154 163 164 167
11 120 130 135 136 138 143 145 151 156 163 164
20 121 122 129 130 135 139 140 142 143 146 149 152 154 155 161 162 164 165 166 167
19 121 123 130 131 132 134 135 136 138 139 141 142 143 144 153 156 158 160 166
12 120 124 126 132 133 146 149 150 159 165 167 168
18 125 128 129 130 134 143 145 151 153 156 157 158 160 162 163 164 166 169
19 124 128 129 131 132 135 137 139 140 145 146 147 151 153 155 157 164 166 168
11 126 132 137 141 142 143 146 149 153 154 169
10 124 127 130 137 140 144 160 161 164 169
21 119 120 121 128 129 133 135 136 140 141 150 151 152 153 154 155 156 159 161 167 169
11 121 123 126 127 130 131 137 151 153 161 167
16 121 123 124 125 127 132 133 137 147 150 155 158 161 163 164 165
17 119 122 128 129 133 136 138 140 141 143 147 148 156 162 165 168 169
12 125 128 130 133 137 139 141 143 151 157 159 161
28 119 120 122 123 124 125 126 128 130 131 132 135 138 139 141 142 143 145 146 148 151 153 156 158 160 161 164 166
19 119 121 127 131 138 140 141 142 143 145 146 147 150 151 156 163 164 166 167
12 119 123 125 138 139 143 147 154 156 159 161 164
26 121 125 126 127 129 130 131 132 133 136 138 139 145 146 147 149 150 155 156 157 161 164 166 167 168 169
25 120 121 122 124 126 127 128 129 132 134 136 137 145 146 150 152 153 155 160 162 163 165 166 167 168
29 119 122 126 128 129 130 131 134 135 136 138 139 140 141 142 143 144 145 149 151 152 153 156 157 159 160 162 166 169
7 121 137 138 141 148 154 155
20 120 122 127 130 132 135 138 140 142 144 145 146 148 150 152 153 155 160 161 164
12 120 122 125 133 136 144 148 153 157 158 159 161
15 119 134 135 136 138 139 143 145 149 150 153 156 162 165 166
22 120 122 124 125 128 129 133 134 136 139 140 141 142 145 147 152 154 159 160 165 168 169
34 121 122 125 126 128 129 133 134 135 136 137 138 139 140 141 143 144 145 146 149 150 151 153 154 155 156 157 159 160 161 163 164 167 169
11 119 132 135 138 144 148 155 157 158 162 164
14 120 121 122 132 141 146 147 148 151 152 155 157 158 167
16 119 120 124 125 126 127 132 134 137 138 141 144 151 157 163 169
13 120 121 123 124 126 127 135 140 146 154 160 165 169
25 119 120 122 123 124 128 134 135 137 140 141 142 143 144 148 151 152 153 154 158 159 160 162 163 165
13 119 123 127 132 134 140 144 146 148 152 166 167 168
6 122 124 152 153 159 169
6 120 146 148 154 167 168
16 120 130 131 132 135 136 150 153 154 155 157 161 164 165 166 168
20 123 124 126 128 129 130 132 134 135 137 139 149 152 154 155 160 162 165 168 169
18 120 121 126 132 139 144 145 146 149 150 152 155 157 158 159 160 161 166
14 122 129 131 134 136 138 145 148 155 156 163 164 166 167
40 119 120 121 122 125 128 129 130 132 133 134 135 136 137 138 139 140 141 142 143 144 145 146 148 150 152 153 154 155 157 158 159 161 162 163 165 166 167 168 169
6 130 140 142 144 151 169
31 119 121 122 123 124 125 126 127 129 132 133 134 136 139 140 143 144 148 149 152 156 157 159 160 161 163 165 166 167 168 169
11 123 124 126 127 131 147 149 151 156 160 164
21 119 120 122 124 125 126 127 128 133 137 146 148 149 154 155 157 161 162 164 165 169
18 121 123 128 131 136 138 147 148 150 151 152 155 157 158 159 165 166 167
14 119 122 123 127 131 135 136 139 140 142 144 147 152 161
26 120 121 123 126 130 131 133 135 136 137 138 139 143 144 149 154 155 156 157 158 160 161 163 164 165 166
27 121 122 124 125 126 128 129 131 133 137 139 141 142 147 149 150 153 154 155 157 158 159 160 161 162 165 169
14 121 122 124 133 138 140 147 149 155 161 163 166 167 168
28 121 123 124 125 126 127 133 134 137 139 140 141 142 143 144 145 146 147 148 149 151 152 156 158 159 162 163 169
17 120 123 127 130 131 132 133 141 144 146 151 153 158 164 165 166 169
10 119 125 126 127 137 141 144 157 163 169
6 126 132 133 146 150 165
6 119 132 144 148 158 164
15 121 126 130 131 132 133 136 138 149 150 164 166 167 168 169
7 132 147 150 153 158 162 168
11 122 129 131 134 136 145 148 156 163 166 167
6 122 125 136 157 158 161
12 121 122 130 139 140 143 149 152 164 165 166 167
3 124 152 159
4 130 142 144 151
14 120 132 135 138 140 142 144 146 148 150 152 153 160 161
7 131 133 141 148 149 157 158
7 120 122 136 144 148 153 157
6 126 127 143 145 147 148
7 132 142 157 160 163 164 166
9 119 142 144 147 149 150 152 158 168
13 120 131 132 135 136 150 153 154 155 157 165 166 168
14 125 128 130 134 143 145 151 157 158 160 162 163 166 169
7 120 122 146 148 151 152 158
11 122 124 133 138 140 149 161 163 166 167 168
10 121 131 148 150 151 152 157 158 165 166
22 120 125 129 133 135 137 138 143 144 145 150 152 153 154 155 157 158 159 161 163 168 169
8 124 127 130 140 144 160 164 169
6 123 125 128 142 154 163
5 128 129 138 160 167
14 123 124 128 132 134 135 137 152 154 160 162 165 168 169
4 124 152 153 169
19 119 120 121 123 128 133 134 137 140 142 143 145 146 149 151 155 158 165 166
10 119 120 130 132 142 147 152 162 165 166
5 120 141 143 151 157
13 126 139 144 146 149 150 152 155 158 159 160 161 166
4 149 150 156 166
17 125 126 134 137 138 140 147 148 154 156 157 159 160 161 163 167 168
3 146 148 154
17 124 128 129 131 132 135 137 139 140 146 147 151 153 155 157 164 166
12 119 120 124 127 130 131 132 142 162 165 166 168
17 120 126 127 130 134 136 141 142 143 144 148 158 159 161 163 167 169
15 119 121 127 131 138 140 141 145 146 147 150 151 156 163 166
10 120 130 131 135 136 154 157 164 165 168
14 120 123 127 130 131 132 141 144 151 153 158 164 165 166
5 129 145 151 152 163
21 119 120 122 124 128 132 135 138 139 141 142 143 146 148 151 153 156 158 161 164 166
18 120 121 122 124 126 127 128 132 134 136 137 145 146 150 153 162 165 168
22 120 121 122 124 126 127 129 132 134 136 137 145 146 152 153 160 162 163 165 166 167 168
13 120 124 125 126 127 128 137 148 155 157 161 162 165
13 124 125 133 136 137 141 143 147 149 151 158 163 168
17 120 124 125 134 136 139 140 141 142 145 152 154 159 160 165 168 169
5 130 140 142 144 151
9 130 132 135 136 153 154 157 166 168
10 119 122 123 127 131 135 140 142 147 152
12 123 126 129 134 137 139 149 155 160 162 165 168
21 123 124 128 134 135 137 140 141 142 143 144 148 151 152 154 158 159 160 162 163 165
9 119 125 132 134 138 141 144 157 169
12 120 135 138 145 146 147 150 151 154 158 162 164
12 128 129 130 131 132 135 136 139 142 148 152 158
13 121 124 125 126 133 136 141 147 149 151 158 163 168
7 127 136 139 140 142 144 161
4 143 150 156 163
13 129 133 134 144 147 149 150 152 155 162 163 167 169
20 119 120 121 129 130 133 135 138 143 145 146 149 150 151 154 156 157 158 165 166
20 119 120 121 122 129 130 134 136 141 142 143 144 145 146 150 152 154 158 162 168
6 145 150 151 152 167 168
11 127 129 133 147 152 154 155 163 167 168 169
15 120 122 123 128 137 140 141 142 143 148 151 159 160 162 163
7 120 141 148 151 152 155 157
13 119 120 121 129 133 141 150 152 154 156 159 161 169
13 126 129 130 134 139 149 152 154 155 160 165 168 169
12 119 123 128 129 131 134 139 157 162 165 166 169
8 123 133 150 153 156 158 160 168
26 119 121 122 124 126 127 129 133 134 136 139 140 143 144 148 149 152 156 157 159 160 161 163 165 166 169
8 125 128 130 133 137 141 143 157
12 123 124 127 130 131 142 151 153 154 163 164 167
13 121 123 125 127 132 133 137 147 155 161 163 164 165
8 122 125 129 133 135 139 156 168
17 120 130 132 135 138 140 142 144 145 146 148 150 152 153 155 160 161
14 124 128 129 131 137 139 140 145 146 151 153 164 166 168
16 122 125 128 129 133 136 139 140 145 147 152 154 159 160 165 169
10 119 132 142 144 147 149 150 153 158 168
9 123 124 127 137 147 155 161 164 165
14 120 122 127 132 135 138 144 145 146 148 150 153 160 164
8 122 124 129 136 139 143 145 150
26 120 121 128 129 130 132 134 135 137 138 139 140 141 142 146 148 150 155 157 159 162 163 166 167 168 169
9 120 121 127 135 140 146 154 165 169
13 124 125 128 140 141 142 145 152 154 159 165 168 169
9 123 124 131 134 137 142 153 154 163
4 123 138 158 168
4 130 142 151 169
11 127 129 130 131 132 135 136 139 142 148 158
4 119 122 129 138
16 119 120 133 134 136 138 142 143 148 150 152 154 156 160 161 165
9 120 123 127 130 131 144 151 164 165
13 120 121 122 129 132 145 146 153 155 162 163 165 168
9 122 129 131 134 136 138 145 164 166
12 123 130 132 134 135 136 138 139 142 144 160 166
10 121 124 133 138 140 147 155 161 163 168
14 125 127 129 132 134 141 142 145 146 147 150 151 167 168
10 123 125 126 128 129 133 142 154 163 168
15 125 128 129 130 145 151 156 157 158 160 162 163 164 166 169
6 122 125 133 136 159 161
13 123 128 131 133 136 145 147 148 150 156 159 160 168
4 120 143 151 153
5 131 133 141 149 157
9 121 122 140 149 155 161 163 166 168
7 132 142 144 147 149 158 162
13 121 125 126 133 136 143 147 149 151 154 158 163 168
8 119 128 134 139 159 162 165 166
15 121 123 130 131 132 134 135 138 141 142 143 144 153 156 160
11 123 127 131 135 139 140 142 144 147 152 161
10 121 124 125 136 137 141 143 147 151 158
20 119 120 121 123 125 127 130 134 136 141 142 143 149 152 154 156 158 160 161 169
8 119 135 149 150 153 156 162 165
14 122 127 135 138 140 142 145 146 148 150 152 153 161 164
7 121 122 141 146 147 157 167
12 122 124 133 138 140 147 149 161 163 166 167 168
10 120 121 122 141 146 148 151 152 157 167
3 130 142 151
10 120 123 127 131 132 133 146 158 164 169
8 119 132 147 150 152 153 158 162
20 120 121 122 124 126 127 128 134 136 137 145 150 152 153 155 160 162 163 166 167
17 120 128 131 135 137 141 142 145 147 150 151 153 154 155 158 162 164
9 119 132 135 144 148 155 157 162 164
20 119 122 123 134 135 137 140 142 143 144 148 151 152 153 154 158 159 160 162 163
17 120 122 128 129 133 134 140 141 142 145 147 152 154 159 160 165 168
7 132 135 138 144 155 158 164
7 120 125 133 144 148 153 161
18 123 124 125 126 127 133 134 140 142 143 145 146 147 151 152 156 158 163
11 128 129 130 134 145 151 157 160 162 164 169
10 121 128 129 136 140 150 152 154 156 161
11 122 124 129 135 136 139 142 143 149 150 152
16 119 120 121 128 129 133 140 150 151 153 154 155 159 161 167 169
8 119 127 134 140 144 148 152 167
10 119 127 132 140 144 146 148 152 167 168
12 119 120 123 124 127 130 132 147 148 162 165 166
17 120 122 123 124 128 134 135 137 141 143 144 151 154 158 159 160 165
21 119 120 122 123 128 134 135 137 140 141 142 144 148 151 152 153 154 158 159 163 165
24 122 123 124 125 126 127 129 133 134 136 139 143 144 148 149 152 156 159 160 161 165 166 168 169
14 121 127 131 133 136 138 139 146 147 150 156 157 161 164
6 121 126 127 137 151 161
11 128 131 133 136 145 147 148 150 158 159 168
9 123 125 126 129 133 154 159 163 168
11 130 132 135 153 154 155 157 161 164 166 168
10 123 125 126 128 129 131 133 154 159 163
21 119 120 122 123 124 125 126 128 131 139 141 142 143 146 148 151 153 156 160 161 166
14 128 129 130 134 145 153 157 158 160 162 163 164 166 169
15 125 128 130 134 143 145 151 153 156 157 158 160 163 164 169
8 125 128 130 133 141 151 159 161
11 125 127 128 132 134 140 147 148 151 162 167
8 128 131 145 148 153 156 158 160
14 123 124 128 129 130 132 134 137 149 152 160 162 165 168
7 126 127 131 147 149 156 164
16 120 121 126 136 137 138 139 144 149 154 155 156 157 160 161 163
9 120 131 132 136 150 153 154 165 168
3 146 167 168
15 119 121 131 138 140 141 143 145 146 151 156 163 164 166 167
3 120 143 151
9 119 122 133 138 148 156 162 165 168
8 120 124 132 142 148 152 158 166
4 122 128 129 167
3 124 159 169
7 119 132 135 155 158 162 164
13 121 127 133 136 137 147 149 150 154 155 157 159 169
8 131 134 137 139 145 147 148 162
4 124 152 153 169
5 124 137 140 161 164
14 121 125 126 129 139 147 149 150 153 157 158 161 162 169
11 119 125 128 129 132 141 146 148 150 162 168
13 121 123 130 132 134 136 138 139 141 144 153 156 166
9 120 123 127 131 132 147 158 165 166
15 119 122 123 128 134 141 142 143 151 152 153 154 159 160 165
17 120 122 127 132 135 138 140 142 144 145 146 150 152 153 155 161 164
5 143 149 150 163 166
3 142 144 169
15 124 129 131 132 135 137 140 145 146 151 153 155 157 166 168
3 120 167 168
14 121 127 131 138 140 141 143 147 150 151 163 164 166 167
6 119 125 143 159 161 164
12 119 137 138 147 148 156 157 159 162 163 167 168
9 120 121 132 144 145 146 149 150 158
7 121 124 126 135 146 160 165
11 120 131 132 136 150 153 154 155 165 166 168
6 127 130 137 144 161 164
3 130 144 169
6 119 132 144 155 157 158
10 120 121 123 124 126 135 146 154 165 169
12 119 122 129 133 141 147 148 156 162 165 168 169
7 122 123 125 130 146 158 165
10 128 129 131 134 156 159 162 165 166 167
4 119 128 129 138
8 124 127 130 137 144 161 164 169
3 153 159 169
15 120 122 124 128 133 134 139 140 141 145 147 160 165 168 169
5 120 146 154 167 168
12 128 129 143 145 151 153 156 157 158 163 166 169
4 148 154 167 168
6 119 124 125 135 139 156
22 119 123 128 134 135 136 137 142 143 145 146 147 149 150 151 154 155 156 157 160 165 166
8 119 142 144 149 153 158 162 168
8 140 145 147 150 152 163 167 168
19 119 120 123 130 133 134 135 136 137 138 142 143 145 147 150 151 154 156 165
4 121 137 141 148
19 121 125 126 128 129 131 133 139 141 147 149 150 155 157 159 160 161 162 169
3 130 140 142
7 123 130 138 146 158 165 168
17 123 124 126 128 129 130 134 135 137 139 149 152 155 160 162 165 168
9 121 132 141 146 147 148 155 157 158
5 143 149 150 163 166
10 119 122 123 127 135 136 139 142 147 161
13 122 124 128 135 137 140 151 153 154 159 162 163 165
14 119 128 129 131 134 135 140 141 143 149 156 162 166 169
12 123 127 130 131 134 135 137 142 151 154 163 167
26 121 122 125 128 129 133 135 136 137 138 139 141 143 145 146 149 155 156 157 159 160 161 163 164 167 169
6 125 129 133 134 135 139
3 124 152 169
8 124 132 142 144 149 157 160 164
6 123 126 131 156 160 164
10 121 123 128 131 136 138 152 165 166 167
16 125 128 129 143 145 151 153 156 157 158 160 162 163 164 166 169
8 129 145 147 150 152 163 167 168
6 122 135 136 139 149 155
15 120 122 124 125 133 134 136 139 141 145 147 152 159 160 165
14 123 126 134 137 144 145 146 150 154 156 162 164 165 169
9 121 128 131 138 152 155 165 166 167
7 130 133 141 143 151 157 161
11 123 128 129 134 139 157 159 162 165 166 167
8 119 124 125 127 133 134 135 168
12 121 139 140 142 143 146 152 155 164 165 166 167
10 124 132 134 135 139 152 154 155 168 169
4 119 120 141 157
6 120 124 146 154 160 165
9 125 128 132 140 142 145 148 150 168
16 119 126 128 129 131 134 135 138 140 142 144 145 151 156 157 160
10 121 123 130 132 136 138 142 143 144 158
18 122 123 124 125 126 128 130 131 132 135 138 148 151 156 158 161 164 166
5 119 120 143 151 153
5 121 138 148 154 155
11 128 129 130 145 151 156 162 163 164 166 169
13 119 125 127 132 134 140 142 145 146 148 162 167 168
8 123 128 136 150 153 156 158 160
15 120 123 127 130 132 133 141 144 146 151 153 158 165 166 169
12 121 124 126 132 137 145 146 150 152 155 162 165
17 121 122 125 126 133 137 139 141 149 150 154 157 159 160 161 162 169
8 122 124 129 135 139 145 152 155
6 121 123 124 135 140 169
18 121 123 126 128 129 130 133 135 136 138 143 145 146 147 151 153 157 158
20 119 123 124 129 130 134 137 143 146 149 150 151 153 156 160 162 163 164 165 167
34 119 120 123 126 127 128 131 132 133 134 135 136 138 139 140 142 143 144 145 147 148 149 150 151 153 154 155 156 159 161 162 163 165 169
18 121 126 127 129 131 135 137 138 139 141 142 146 147 151 154 161 164 168
35 119 120 121 123 124 125 127 128 130 132 133 134 137 138 139 140 141 142 143 144 145 146 147 149 151 154 156 157 158 160 161 164 165 167 168
35 119 120 122 123 124 126 127 128 129 130 131 132 135 136 138 141 142 143 144 145 146 148 150 151 152 154 155 156 157 160 162 163 164 165 167
20 125 126 130 132 134 136 138 140 141 143 144 149 150 151 153 157 158 160 162 164
15 125 127 129 130 131 132 133 136 141 144 147 151 154 156 157
31 120 122 123 127 130 132 133 138 139 140 142 143 144 146 148 150 151 152 153 155 157 158 159 160 162 163 165 166 167 168 169
22 121 129 130 131 133 135 136 137 139 140 145 146 147 150 154 156 162 164 165 166 167 169
31 119 121 124 125 127 128 131 133 136 137 139 141 143 145 147 148 149 152 153 155 157 158 159 160 161 163 164 165 166 168 169
23 120 121 123 124 125 126 129 132 134 139 140 141 142 144 145 151 152 156 158 159 161 167 169
23 119 120 121 122 125 126 128 131 132 133 134 135 136 137 138 139 141 148 153 154 165 167 169
31 119 120 121 122 123 124 126 127 128 129 130 133 134 139 140 143 146 147 150 152 153 155 157 159 161 163 164 165 167 168 169
19 119 121 123 124 131 135 136 137 140 141 146 147 149 151 156 157 160 161 162
29 119 120 121 122 123 126 128 130 131 134 137 138 140 141 143 145 148 149 150 152 154 156 157 159 161 163 164 165 167
19 119 120 121 125 136 139 141 145 147 151 153 155 158 162 163 165 166 168 169
31 119 121 122 124 126 129 130 132 133 134 137 138 140 143 146 147 148 149 150 151 154 155 156 158 159 161 162 164 165 168 169
28 119 122 123 125 126 127 128 129 132 135 138 139 144 146 147 149 152 154 155 156 157 160 162 164 165 167 168 169
32 121 123 125 126 127 128 129 130 131 133 134 136 137 138 140 141 142 144 146 148 149 152 156 158 160 161 162 163 165 166 168 169
34 119 121 122 123 125 126 127 128 130 131 132 133 135 136 137 139 140 141 142 143 144 145 146 150 153 154 158 159 160 161 162 164 166 167
31 119 121 124 125 126 128 129 131 133 135 136 137 138 139 140 141 143 144 148 150 154 155 156 157 159 160 162 163 164 166 167
21 121 123 127 131 132 133 135 136 137 138 144 145 148 149 150 153 154 156 162 164 165
31 119 121 123 124 125 126 127 128 130 133 135 138 139 140 143 144 145 146 148 150 152 153 155 156 157 160 161 163 164 165 167
21 123 126 127 129 130 133 140 142 143 146 148 149 151 152 154 155 159 163 164 166 167
20 119 120 121 128 129 130 131 135 137 139 140 141 145 146 150 151 154 164 167 168
34 120 121 123 124 125 126 127 129 130 131 133 134 135 137 140 142 143 145 147 148 150 151 153 157 158 159 160 161 162 163 164 166 167 169
16 120 125 126 129 130 131 134 136 137 141 142 146 148 155 156 164
24 120 121 123 125 127 128 129 134 139 140 143 145 146 149 150 151 154 157 158 159 160 163 165 169
33 119 120 122 124 127 128 129 131 132 133 135 136 137 138 139 140 143 146 148 149 150 151 154 155 156 157 160 163 164 165 166 168 169
34 120 121 122 123 125 126 127 128 130 132 133 135 137 138 139 140 142 144 145 146 150 151 153 154 155 156 157 159 160 161 162 164 166 167
30 119 121 122 124 127 129 130 133 134 135 136 137 138 139 140 144 146 147 148 153 154 156 159 160 161 162 165 166 167 168
29 119 121 122 125 126 127 128 129 131 132 134 135 138 141 144 146 149 150 151 152 154 155 159 162 164 165 166 168 169
35 120 122 123 125 126 127 128 129 132 133 135 136 137 138 139 140 141 142 145 146 147 149 151 152 156 157 158 160 161 162 163 164 165 166 167
28 120 121 122 123 128 129 131 135 137 139 140 141 142 144 147 148 149 150 155 157 159 160 161 163 165 166 168 169
33 119 122 124 126 127 128 130 131 132 133 134 135 136 138 139 140 145 147 148 149 150 151 154 155 158 159 160 161 162 165 167 168 169
29 119 121 122 123 127 128 130 131 132 134 136 138 139 140 142 143 145 147 150 152 155 157 158 159 160 161 163 167 168
25 121 124 125 128 130 134 136 137 139 140 141 142 144 145 147 153 154 155 157 159 160 163 167 168 169
15 122 123 125 130 134 138 143 146 150 152 153 154 155 156 164
18 120 126 133 134 137 139 143 145 149 154 156 157 159 161 164 165 168 169
26 119 121 123 125 130 132 133 134 135 136 139 140 141 142 147 150 152 154 155 156 158 159 162 164 168 169
20 119 123 124 125 126 129 135 136 137 138 142 145 146 151 152 156 160 163 165 166
20 124 128 132 134 136 137 138 139 145 148 149 152 153 155 156 158 159 160 161 162
19 127 134 139 143 144 146 147 150 152 154 155 156 157 158 160 162 163 168 169
26 119 120 121 123 124 126 128 129 130 131 132 133 141 142 148 149 152 153 155 156 160 161 162 163 164 167
26 119 120 121 123 126 130 131 136 139 140 141 143 144 145 147 148 149 150 153 155 156 161 162 163 166 168
22 120 121 122 123 126 128 130 132 139 142 144 149 153 157 159 160 161 162 163 164 165 169
25 119 120 121 126 128 129 130 132 133 135 137 138 140 147 149 151 155 158 160 162 163 164 165 167 169
16 120 122 123 129 132 134 135 136 137 138 141 147 155 157 167 168
27 120 122 123 124 125 126 127 128 129 130 131 133 134 135 138 139 144 148 152 154 156 157 161 163 164 165 166
30 119 121 122 128 129 130 131 133 135 137 140 144 145 147 148 150 151 152 153 155 156 157 158 160 161 162 165 166 167 169
31 119 120 121 124 126 127 129 132 137 138 139 140 144 147 148 149 150 152 153 154 155 156 157 159 160 163 164 166 167 168 169
31 120 121 124 126 128 129 130 132 133 136 137 138 139 141 142 143 144 145 146 147 148 149 150 151 152 155 156 160 161 162 169
22 121 125 126 127 129 130 132 133 134 139 140 144 148 150 152 153 157 159 163 164 167 169
29 124 125 126 128 129 130 132 138 141 142 143 144 145 147 148 149 150 152 153 154 157 158 159 160 161 166 167 168 169
22 122 123 125 126 133 134 135 136 139 144 146 147 150 151 152 153 154 157 163 166 168 169
29 119 120 122 125 126 127 128 129 130 131 133 137 138 139 142 145 146 147 148 149 152 153 155 156 157 159 162 163 166
16 119 122 123 129 134 146 148 149 151 152 153 154 156 158 162 163
32 119 120 123 124 125 127 130 135 136 137 140 141 143 145 146 147 150 152 153 154 155 157 158 159 161 162 163 164 165 167 168 169
30 119 121 122 123 125 130 132 136 139 140 141 143 144 145 146 147 149 151 153 156 157 160 161 162 163 164 165 167 168 169
20 120 121 123 128 130 131 132 133 135 136 143 147 151 157 160 161 163 165 167 168
31 122 123 124 126 127 129 130 131 132 136 137 139 140 141 143 145 146 147 150 151 152 154 155 157 160 161 162 164 166 167 169
29 119 121 123 124 125 128 129 130 131 135 138 140 142 143 144 145 146 147 151 153 155 158 160 162 163 164 165 166 168
34 120 121 125 126 127 128 129 130 133 134 135 136 137 138 139 140 142 145 146 149 150 151 152 154 155 156 160 162 163 164 165 166 168 169
31 119 120 121 125 127 128 129 130 132 134 138 141 142 143 145 146 147 148 150 151 152 154 155 156 157 159 160 162 164 166 169
24 120 122 123 126 127 130 133 134 136 140 141 144 148 151 152 153 157 159 161 163 164 165 167 168
28 119 121 122 123 126 127 128 129 130 131 132 134 135 137 139 147 148 151 152 154 159 160 161 162 163 164 165 167
15 120 126 129 133 135 142 146 148 150 153 154 158 160 163 169
26 120 121 122 123 124 126 127 129 134 136 137 141 142 144 147 149 152 153 154 156 157 158 161 163 164 165
24 119 121 124 125 126 127 128 129 130 134 135 139 140 144 146 150 151 157 160 161 162 164 168 169
23 119 122 123 129 134 135 138 139 141 142 143 147 148 150 151 154 158 160 161 162 163 164 165
28 119 121 124 125 126 127 130 132 133 135 140 141 142 145 146 148 149 155 156 158 160 161 162 163 164 165 166 167
31 121 124 126 129 131 132 134 136 137 138 139 140 141 145 147 148 150 151 152 154 155 156 158 159 160 162 165 166 167 168 169
22 119 120 122 123 129 130 135 136 137 138 140 141 145 148 151 153 156 160 161 162 167 168
18 120 122 124 126 127 132 135 137 139 140 142 146 148 150 156 164 165 168
21 119 121 123 125 127 128 131 135 138 140 142 147 148 149 153 154 157 161 165 166 168
19 130 133 134 135 136 137 138 141 142 146 153 154 155 157 158 159 165 167 168
30 119 121 122 125 126 127 130 131 133 134 135 136 137 138 139 140 142 144 145 148 150 151 153 155 157 158 159 167 168 169
26 120 122 123 124 125 129 130 131 133 134 135 136 137 140 144 146 147 150 151 155 156 159 162 165 166 168
18 120 123 124 128 130 131 132 136 137 144 147 148 152 155 156 157 158 159
31 119 121 126 127 128 129 131 132 133 135 137 138 139 140 141 142 143 144 146 153 155 157 159 160 161 163 164 166 167 168 169
28 119 120 127 128 132 133 134 136 137 142 143 144 145 147 148 150 153 156 157 158 159 160 161 162 163 164 165 167
30 119 124 125 127 128 129 130 132 135 136 138 140 141 143 144 145 146 147 150 151 153 154 161 162 163 164 165 166 167 168
33 120 122 123 125 127 128 131 133 134 135 136 138 139 140 141 142 143 144 145 146 148 149 150 151 152 153 154 156 160 161 166 167 168
23 120 127 129 130 131 134 136 137 138 141 143 146 148 150 154 157 158 163 164 165 166 167 169
17 122 124 125 133 135 140 144 145 151 154 156 159 160 162 164 166 169
23 127 128 129 131 134 135 141 142 146 148 150 151 152 153 155 157 159 160 161 164 165 166 167
29 119 121 123 127 128 129 131 132 133 136 137 139 141 142 144 145 146 148 151 153 155 157 159 160 162 163 164 167 169
18 119 125 127 129 132 134 135 140 149 150 152 153 157 160 163 164 167 169
16 127 133 136 142 143 145 154 155 157 159 162 164 165 166 167 168
21 119 122 123 125 127 128 130 131 133 134 141 142 145 147 152 154 157 163 164 168 169
17 120 122 124 127 129 133 136 138 139 145 151 152 155 157 159 162 166
34 120 122 123 124 125 126 127 131 132 133 134 136 137 138 140 142 143 144 145 146 147 149 152 153 154 156 160 161 163 164 165 167 168 169
21 120 121 128 138 139 141 144 145 146 147 148 149 152 154 160 162 163 164 165 166 169
28 119 120 121 122 123 124 125 126 127 128 130 133 136 137 139 142 143 144 145 149 152 154 156 159 160 166 167 168
22 119 121 123 126 130 132 135 136 138 141 149 151 152 153 155 156 158 161 163 164 165 166
18 121 128 136 137 138 141 142 145 151 152 154 155 159 160 163 166 167 168
34 119 121 122 123 125 126 128 130 133 134 135 137 138 139 140 141 142 143 144 146 150 151 152 153 155 158 159 160 161 162 163 164 168 169
19 119 120 121 125 128 129 136 137 139 140 142 146 155 162 163 164 165 167 168
32 119 121 123 125 126 127 128 132 133 134 135 136 138 139 141 143 144 146 148 149 150 151 153 155 158 159 160 163 165 167 168 169
34 119 120 121 122 123 125 127 129 130 132 134 136 137 138 139 140 141 143 144 146 151 154 155 156 158 159 160 161 162 163 164 166 167 168
28 120 121 122 124 125 126 127 128 129 134 137 138 140 142 143 144 145 147 150 153 155 156 157 158 159 162 166 167
20 122 123 124 125 126 129 130 137 142 144 146 147 151 153 157 160 162 165 166 168
24 120 124 129 130 131 133 134 136 138 140 141 145 149 150 151 153 156 158 161 163 165 167 168 169
18 119 124 125 126 134 140 141 142 144 146 149 154 159 160 163 164 167 169
29 119 120 121 123 124 126 129 133 137 139 140 141 143 145 146 147 149 151 152 153 154 155 156 160 162 164 167 168 169
19 125 126 127 128 129 134 136 138 139 140 143 144 146 147 151 153 156 161 167
33 119 120 121 122 124 125 126 127 131 134 136 137 139 140 141 143 145 149 151 152 153 154 156 157 158 160 161 164 165 166 167 168 169
23 119 121 123 127 128 131 135 138 140 141 143 147 148 149 152 159 160 161 163 164 166 167 168
25 119 120 121 124 125 128 129 132 134 136 137 138 140 141 142 143 145 146 155 157 158 161 164 166 167
27 119 120 121 122 125 126 129 133 134 136 138 140 141 142 144 145 147 148 149 150 151 153 159 164 165 167 168
24 120 122 123 124 125 127 128 129 130 131 134 136 142 145 146 147 150 152 154 155 158 163 166 167
31 119 120 122 123 124 127 128 129 130 131 132 133 134 135 136 137 138 140 141 144 148 149 150 152 158 159 160 164 165 166 169
16 122 123 124 126 131 133 136 139 143 149 154 155 156 159 165 166
25 121 122 123 124 125 126 127 128 129 132 136 137 138 144 148 150 154 157 159 160 163 166 167 168 169
35 120 121 125 126 127 131 133 134 135 136 137 138 140 141 143 144 146 148 149 151 153 154 155 156 157 158 159 160 161 162 163 164 166 168 169
21 122 123 125 126 127 130 133 134 139 141 142 147 148 150 152 153 154 161 162 165 167
34 119 121 122 124 125 126 131 133 134 135 136 137 139 140 141 142 143 146 149 150 151 152 153 154 155 156 158 159 161 163 164 165 166 167
26 122 123 124 125 128 132 133 136 137 138 139 141 142 143 144 146 148 151 152 156 157 160 161 163 167 168
25 119 122 126 129 130 131 132 134 135 137 140 143 144 145 146 147 150 151 152 156 161 165 166 167 169
19 119 121 126 133 134 136 137 142 143 149 153 156 158 159 161 163 165 166 168
29 119 121 124 126 127 128 134 135 136 137 138 140 142 144 145 146 148 149 152 153 158 159 161 162 163 164 166 167 168
21 119 122 124 127 131 133 134 139 140 141 146 149 151 154 156 157 159 165 166 168 169
26 120 123 125 126 128 131 133 135 136 142 146 148 149 150 151 154 155 156 157 158 159 160 161 162 163 166
30 119 120 121 122 123 126 128 129 132 136 137 139 140 141 142 146 147 148 150 151 152 153 154 157 158 160 161 166 167 168
22 120 121 122 124 125 126 129 131 132 133 135 137 149 151 152 154 159 160 161 164 165 169
16 119 128 135 142 143 148 152 153 156 157 159 163 164 165 167 168
25 122 123 124 125 126 130 134 135 138 139 141 142 143 144 146 147 149 155 156 157 158 159 160 165 167
20 121 123 124 132 134 135 136 142 147 148 149 150 151 153 158 159 163 166 167 168
23 119 127 130 132 133 134 136 137 138 143 145 146 148 149 151 152 153 155 157 160 163 164 166
27 122 124 125 126 130 133 136 137 138 142 143 146 148 149 151 152 154 155 156 159 161 162 163 165 166 167 169
17 120 121 122 126 130 133 134 135 142 143 145 146 149 151 162 163 168
35 119 120 121 124 125 126 127 129 130 133 134 135 136 137 138 140 141 142 147 148 152 153 154 155 156 158 159 160 161 162 163 165 166 167 169
28 123 125 127 129 130 132 133 135 136 141 142 143 145 146 148 149 151 153 154 156 157 158 159 164 165 166 168 169
19 121 122 123 126 132 133 135 136 138 139 141 143 155 158 159 161 163 166 167
35 119 120 122 125 126 128 129 130 131 132 133 134 135 136 137 138 140 144 145 146 152 155 157 158 159 160 161 162 163 164 165 166 167 168 169
21 121 122 123 125 129 131 133 134 135 138 141 144 146 149 150 154 157 160 161 163 167
35 119 120 122 123 124 125 126 127 128 129 130 131 133 134 135 139 141 143 144 146 148 150 152 154 156 157 158 160 161 162 163 164 167 168 169
15 120 122 123 126 129 130 131 140 141 145 146 155 158 159 168
29 121 123 125 126 129 130 134 135 137 140 141 143 144 145 148 149 151 154 155 156 157 158 162 163 165 166 167 168 169
25 119 123 125 129 133 134 135 136 137 140 141 145 146 147 148 149 151 152 154 158 159 161 163 164 168
26 120 121 122 126 129 131 133 135 136 138 144 145 146 147 149 150 152 153 154 155 156 157 162 165 166 169
31 119 121 123 124 125 127 129 130 131 133 134 136 138 140 141 142 143 144 146 147 149 150 152 153 156 157 158 159 164 167 168
30 119 120 122 125 126 127 128 132 133 134 135 136 137 139 141 143 145 148 150 151 152 154 155 156 159 160 162 164 165 166
17 119 120 122 123 125 128 132 134 140 146 147 151 152 155 159 163 168
27 119 120 121 124 127 128 129 130 131 132 133 134 135 136 141 143 144 148 150 151 154 157 158 162 164 165 166
28 119 120 122 123 124 127 129 134 135 136 138 139 140 141 143 147 149 152 154 155 156 157 159 163 164 167 168 169
26 121 122 123 125 126 130 131 132 139 141 142 146 147 149 151 153 155 156 157 158 161 162 164 166 167 169
33 120 122 125 126 127 128 129 130 131 132 133 134 136 139 140 141 142 143 145 146 147 148 152 153 154 156 157 158 159 161 162 166 169
21 119 125 126 129 130 132 133 134 136 141 142 144 146 147 148 153 154 159 164 166 168
32 119 120 121 123 124 125 127 131 134 135 137 139 140 141 143 144 145 146 152 153 154 157 159 160 161 162 163 164 165 166 167 168
24 120 124 127 130 131 132 136 138 139 142 144 146 147 148 155 158 159 160 161 163 164 166 168 169
23 122 123 124 127 128 132 133 134 135 137 140 143 150 151 152 153 157 158 159 160 163 165 167
30 120 121 123 125 127 128 129 130 132 133 135 137 139 143 148 152 153 154 155 156 157 160 161 162 163 164 166 167 168 169
25 119 120 121 126 127 131 132 133 135 137 138 140 142 144 147 148 150 152 154 155 156 158 159 165 167
32 119 120 121 122 124 127 132 134 136 137 138 141 142 143 146 147 149 150 151 152 153 155 156 158 159 160 161 162 164 165 166 167
34 119 120 121 122 124 126 127 128 129 130 131 133 134 136 137 138 139 142 143 145 146 147 149 150 152 153 154 156 157 159 162 163 165 167
24 119 121 126 127 131 132 134 135 136 137 138 139 143 149 150 154 155 156 157 158 160 164 165 167
17 121 124 125 128 133 137 139 143 145 146 148 152 153 157 158 160 162
22 119 122 125 133 134 136 140 141 142 143 144 147 150 151 153 155 158 162 165 166 167 169
19 120 122 123 124 125 126 128 132 137 139 144 145 147 152 154 161 164 166 168
22 119 120 123 125 129 130 132 133 134 137 139 140 141 143 145 149 150 153 159 164 165 166
30 119 120 122 123 129 131 132 134 136 137 142 143 144 145 147 151 152 153 154 156 157 158 159 161 162 163 164 165 166 168
25 120 122 123 124 125 126 132 133 137 139 141 149 153 155 156 157 158 159 160 161 165 166 167 168 169
27 120 123 124 125 126 128 129 130 133 135 138 140 146 149 150 152 153 154 155 157 159 160 161 162 163 164 168
24 127 128 129 130 134 136 138 139 140 141 143 145 146 149 151 153 159 160 161 162 164 165 166 168
27 119 120 121 122 124 127 129 131 132 134 136 138 139 140 142 146 147 149 150 151 152 155 159 161 165 166 169
35 119 120 122 126 127 128 130 132 135 136 137 139 140 141 142 144 145 146 148 150 152 154 155 156 158 159 160 161 162 163 164 165 166 167 169
16 123 125 127 128 129 130 142 144 145 146 147 152 155 156 158 163
16 121 122 126 127 130 134 138 140 152 154 155 158 162 165 166 169
21 119 121 122 125 130 132 133 135 136 139 140 142 145 146 147 149 154 159 162 163 165
27 121 122 125 127 129 130 132 134 135 136 138 139 141 146 148 149 150 153 156 157 159 160 162 166 167 168 169
28 119 124 125 126 129 130 131 132 133 139 145 146 150 151 152 153 155 156 157 159 161 162 163 164 165 166 167 168
35 119 120 121 122 123 125 127 130 131 133 134 136 137 138 139 140 143 144 145 146 148 149 150 151 153 154 159 160 162 163 164 165 167 168 169
25 119 120 124 125 126 127 130 135 136 137 138 139 140 141 142 144 145 148 153 159 161 163 164 166 169
35 119 122 124 126 127 128 130 133 134 135 136 137 138 140 141 142 143 144 145 147 148 149 150 154 156 157 159 160 161 162 164 165 167 168 169
24 120 122 123 124 125 127 129 131 133 135 136 138 141 142 144 152 154 155 156 158 159 161 168 169
26 120 121 124 126 127 129 130 134 135 138 139 141 143 145 148 149 150 154 155 156 158 160 161 165 168 169
17 120 124 125 126 134 138 140 146 147 151 153 154 155 158 160 167 168
34 119 120 122 123 125 127 128 129 132 133 134 135 136 137 138 139 141 143 146 147 150 151 152 157 159 160 161 162 163 164 165 166 167 168
29 119 120 122 125 126 128 129 133 134 135 136 137 138 142 145 146 147 149 150 152 153 155 156 159 160 161 163 165 169
34 119 120 121 123 125 127 128 130 131 132 133 134 136 137 138 139 140 141 142 144 146 148 149 150 151 157 158 159 161 162 163 164 166 169
31 119 121 125 127 128 129 130 131 133 134 136 137 138 140 142 144 145 146 149 150 154 155 158 160 161 162 163 164 165 167 168
23 119 121 122 124 125 127 128 131 132 135 136 137 138 139 141 149 150 154 157 158 159 163 169
18 120 123 125 126 133 136 137 139 143 145 148 157 158 159 162 163 165 168
25 119 123 125 126 128 129 133 134 135 138 143 144 145 147 148 150 151 154 156 162 163 164 165 167 169
23 121 126 128 132 134 135 139 144 145 146 147 148 150 151 154 155 156 159 160 161 162 163 166
24 120 126 127 128 129 130 131 134 135 136 142 145 146 149 150 151 152 153 157 161 162 163 165 167
35 119 121 123 124 126 127 128 130 132 134 137 138 139 140 142 143 144 145 146 147 149 150 152 154 157 158 159 160 161 162 164 165 166 167 168
30 119 122 127 128 129 130 131 133 134 136 137 138 140 142 145 147 150 153 154 155 156 158 159 160 163 164 165 166 167 169
19 119 121 123 124 127 128 131 133 136 143 147 151 153 158 161 162 163 167 168
30 119 120 121 122 123 126 127 128 129 130 131 132 133 134 135 137 138 139 140 142 143 148 154 156 157 159 162 165 166 168
23 119 122 124 126 127 128 131 132 136 139 141 144 147 150 151 154 157 159 160 162 163 165 168
23 119 121 122 123 124 126 128 140 141 142 143 145 146 149 150 152 154 155 157 159 160 163 164
29 119 120 122 125 126 127 128 130 131 132 134 135 136 140 145 146 148 149 150 151 153 154 155 158 163 164 166 168 169
24 119 121 122 124 125 126 131 133 134 140 142 145 147 149 150 152 153 155 156 157 159 160 166 167
20 124 125 126 128 131 135 136 141 142 144 146 149 150 152 153 155 162 164 168 169
30 119 120 122 123 125 127 128 130 132 134 137 141 142 143 144 145 148 151 152 155 156 157 158 159 160 162 163 165 168 169
17 120 123 127 131 136 137 138 140 146 147 148 149 155 160 164 165 167
30 119 120 121 123 124 126 131 132 133 134 136 137 138 139 142 144 146 147 148 149 150 154 155 156 160 161 163 164 167 169
30 119 120 121 123 124 125 126 128 129 130 132 135 136 137 139 142 143 147 148 150 154 156 157 158 159 160 161 163 166 169
33 121 122 123 124 127 128 130 131 138 139 140 141 142 144 145 147 148 149 150 151 152 154 155 156 157 159 162 163 165 166 167 168 169
23 119 120 123 124 125 126 130 132 134 136 137 143 144 146 149 150 152 157 158 162 165 166 167
26 119 122 124 125 126 130 132 133 134 135 140 141 142 143 144 145 146 147 150 151 154 155 156 157 164 165
16 119 121 122 123 124 137 138 139 147 148 153 154 157 159 160 167
35 119 120 121 122 124 125 126 127 128 129 132 134 136 137 138 139 140 146 148 149 150 152 153 154 155 157 159 162 163 164 165 166 167 168 169
24 119 124 125 126 128 129 131 138 140 141 144 146 147 148 149 150 151 154 155 162 163 165 167 169
29 120 122 127 128 131 134 135 136 137 139 140 141 143 144 146 147 152 153 154 155 156 157 158 159 162 163 164 165 166
31 119 121 122 125 126 127 128 129 131 132 134 135 136 137 138 140 143 148 149 152 154 155 157 158 159 161 164 166 167 168 169
28 119 120 121 122 124 127 128 129 130 132 134 136 137 140 141 144 145 146 150 151 152 154 156 157 161 164 165 168
26 119 121 123 125 126 127 128 129 130 131 134 135 138 142 144 145 150 151 153 154 157 159 161 163 165 166
15 119 122 127 129 130 133 136 138 147 148 153 155 156 160 165
29 121 125 127 128 130 132 134 135 137 138 140 141 145 149 150 153 155 156 157 158 159 160 162 163 164 165 166 167 168
20 121 124 127 129 131 134 136 139 140 141 142 143 146 148 149 155 157 159 164 167
22 122 123 124 126 131 133 134 135 137 138 139 141 142 147 148 149 156 157 160 164 167 168
15 120 124 126 127 130 136 138 140 151 154 155 162 164 165 168
16 120 127 129 134 135 138 141 142 143 144 145 156 159 162 167 168
25 121 122 123 124 126 129 130 132 133 134 137 139 141 142 145 149 156 157 158 159 160 162 165 167 169
28 120 121 122 125 126 127 128 129 130 131 132 134 135 136 137 139 140 141 148 151 154 155 156 158 159 161 163 169
15 127 130 133 138 142 147 148 150 151 154 159 165 167 168 169
31 120 122 125 127 129 130 132 133 134 136 137 139 141 142 144 145 146 150 151 153 154 155 157 158 159 161 162 163 165 166 169
21 120 123 125 128 132 133 134 140 141 142 143 152 153 154 155 157 158 162 163 164 167
34 119 120 121 122 123 125 126 127 128 129 131 132 133 135 136 138 139 140 142 146 147 150 151 152 156 157 159 161 162 164 165 167 168 169
31 120 121 124 126 127 128 129 131 133 135 136 138 139 140 141 142 143 145 146 147 149 150 151 152 155 159 161 162 167 168 169
32 119 120 122 126 127 128 129 130 131 133 135 136 138 140 142 144 145 147 148 150 152 153 154 155 160 161 164 165 166 167 168 169
15 119 122 123 124 125 127 128 129 132 145 146 152 154 156 161
28 119 120 121 123 124 125 126 127 131 136 138 140 141 144 149 151 152 154 155 156 158 159 160 161 162 163 164 169
24 119 121 122 123 125 127 130 131 135 136 137 138 139 140 141 144 146 147 149 159 160 164 165 167
30 120 124 125 128 130 134 135 137 138 139 140 141 142 143 146 147 148 149 150 152 153 154 155 158 159 160 162 163 165 166
21 119 120 123 125 126 128 129 130 131 134 137 143 147 148 152 153 159 161 163 167 168
15 122 127 128 133 134 136 138 139 142 143 153 154 155 165 166
16 121 125 126 127 128 132 133 134 138 149 152 155 158 163 166 167
25 119 122 123 124 128 129 131 132 133 136 137 139 141 142 145 147 150 155 159 160 161 162 164 166 168
32 119 120 124 125 127 128 129 130 131 134 136 139 141 143 144 146 149 150 151 152 153 154 155 156 158 159 160 161 162 163 165 169
34 119 121 123 124 125 126 128 130 131 132 134 135 136 138 139 140 141 142 144 145 146 147 148 149 150 156 157 158 160 161 162 163 168 169
21 119 125 126 132 134 136 138 142 143 146 147 153 156 158 159 161 163 164 165 166 168
31 120 122 123 124 125 127 128 130 134 135 136 138 139 140 142 143 144 146 147 150 151 152 153 154 155 158 159 160 163 164 168
32 119 120 121 122 127 128 129 132 135 136 138 141 142 143 144 145 146 147 151 152 154 155 156 157 158 159 161 162 164 165 166 167
24 120 123 126 129 131 132 133 134 136 138 139 141 147 149 152 154 155 157 158 163 164 165 167 169
20 120 121 124 125 127 129 132 135 136 137 141 142 148 151 152 154 161 162 165 167
21 120 122 124 125 126 127 128 132 138 140 144 145 146 147 149 153 155 164 165 168 169
31 119 122 124 125 126 127 130 131 132 135 136 137 138 140 141 146 147 148 149 150 152 153 154 155 157 159 163 164 165 167 168
15 127 131 133 136 141 143 144 150 151 152 154 157 165 167 168
