216 1231
45 1 2 3 4 5 6 7 8 9 10 11 12 13 14 15 16 17 18 19 20 21 22 23 24 25 26 27 28 29 30 31 32 33 34 35 36 37 38 39 40 41 42 43 44 45
31 1 2 4 5 6 8 9 10 13 14 16 17 18 19 20 21 23 26 28 29 31 32 34 35 36 38 40 41 43 44 45
19 1 2 3 6 10 11 12 14 15 16 18 23 24 26 28 41 42 44 45
23 1 2 4 5 6 7 9 13 17 19 20 22 26 27 30 31 32 34 35 38 41 44 45
32 2 3 4 5 6 10 11 12 13 14 16 18 19 20 21 25 26 28 29 30 31 32 34 35 36 38 39 40 41 42 44 45
32 2 3 4 5 7 8 9 10 11 12 14 15 16 18 19 21 23 26 28 29 30 31 32 33 34 36 37 40 41 42 43 44
30 1 2 4 7 8 9 10 11 15 16 17 18 21 22 24 25 26 27 28 29 30 33 36 37 38 41 42 43 44 45
22 1 2 4 8 10 13 16 17 21 23 24 27 28 31 32 34 36 37 38 41 42 45
18 1 6 7 9 11 17 20 21 23 24 25 26 29 33 34 41 43 44
26 1 5 7 11 12 15 16 17 18 19 21 22 23 24 25 26 27 30 31 33 35 38 39 42 43 44
26 1 2 4 5 6 8 10 11 14 15 19 21 26 27 28 29 30 31 33 36 37 38 39 42 43 45
19 1 4 9 10 12 13 18 23 26 28 29 30 33 34 35 36 42 43 45
19 2 4 5 9 12 18 23 24 26 27 28 29 30 33 37 39 40 42 45
19 4 5 10 16 18 20 21 28 31 32 33 34 35 36 37 38 41 44 45
32 1 3 5 6 8 10 11 12 13 14 16 20 21 22 24 25 27 28 30 31 32 33 35 36 37 38 39 40 42 43 44 45
25 1 2 3 6 8 10 11 14 16 19 20 21 23 24 25 26 29 33 34 36 39 41 42 43 44
29 2 3 4 6 7 9 11 14 15 17 18 19 20 21 22 23 26 27 28 29 30 31 36 37 38 40 42 43 45
24 1 2 3 4 5 8 12 14 15 17 19 20 23 24 25 27 29 30 31 36 37 38 40 44
27 1 2 3 4 5 7 9 12 15 16 17 19 20 22 23 24 26 29 30 31 32 37 40 42 43 44 45
18 2 3 4 5 6 9 10 11 12 20 21 24 25 26 29 34 35 44
18 2 4 6 8 9 10 14 15 20 24 26 27 28 31 37 38 41 43
33 1 2 3 4 5 7 9 10 11 12 14 15 16 18 19 21 22 23 24 25 27 28 29 30 31 36 37 38 39 40 42 43 44
17 1 2 3 6 7 8 14 15 21 25 26 29 34 35 40 41 44
16 4 6 10 16 22 23 24 25 27 29 30 33 35 38 41 45
16 4 7 8 9 10 13 18 22 23 27 29 34 37 39 40 42
15 1 3 5 6 7 10 11 12 15 26 30 33 35 42 45
32 3 5 6 7 8 10 11 12 13 14 15 16 17 20 21 22 23 24 25 26 29 30 31 32 33 36 37 39 40 41 44 45
33 2 3 4 5 6 8 9 10 11 16 17 18 19 20 21 23 24 26 27 28 29 32 33 34 36 37 38 39 40 41 43 44 45
24 1 2 3 4 5 6 7 9 11 15 16 17 18 19 23 24 27 30 32 36 38 41 42 45
26 2 4 6 7 8 9 10 11 12 14 19 23 24 26 28 31 33 35 36 37 38 39 40 42 43 44
30 2 4 5 6 8 9 10 11 12 14 15 17 18 19 20 24 26 27 28 29 31 32 33 34 35 37 38 39 40 42
17 2 3 4 7 11 12 13 14 17 19 20 21 24 35 39 40 41
20 2 4 5 7 8 9 10 15 20 25 27 33 34 36 39 40 41 42 44 45
34 2 3 5 6 7 8 9 10 11 13 14 15 16 19 20 21 22 24 25 26 27 30 31 32 33 35 36 37 38 39 41 42 43 44
25 2 3 4 5 6 7 9 12 13 14 15 16 17 18 20 26 28 29 30 33 35 37 39 40 43
23 1 5 7 10 11 12 13 14 20 22 23 25 26 27 29 31 33 34 35 36 40 43 44
15 3 5 6 10 11 14 19 20 23 26 27 29 30 41 45
30 2 3 4 5 6 8 9 10 11 12 13 14 15 17 18 20 21 22 24 25 27 29 33 34 37 38 39 40 42 44
18 2 3 5 6 7 12 14 16 17 20 22 24 33 36 37 39 43 45
34 1 2 3 5 6 7 8 10 11 13 14 16 17 18 19 20 21 22 23 25 26 27 29 31 32 36 37 38 39 41 42 43 44 45
31 1 2 3 5 6 7 8 10 13 14 16 17 19 20 21 23 26 27 28 29 31 32 33 34 35 36 38 39 42 43 44
21 3 11 14 15 16 18 25 26 27 28 29 30 32 33 34 35 37 38 39 41 42
16 2 8 10 15 17 19 23 25 26 27 29 32 34 35 41 42
16 3 4 5 7 11 15 19 20 22 24 27 31 32 35 37 43
17 3 5 6 8 9 13 20 24 26 27 28 32 33 38 41 43 44
19 1 3 6 9 10 11 17 19 22 23 25 26 27 29 30 34 38 41 42
14 1 9 17 19 20 23 26 27 28 29 36 39 41 45
35 1 2 3 4 5 6 8 9 11 12 14 15 16 17 18 19 20 21 22 23 24 25 26 28 29 30 31 32 34 36 37 38 39 42 45
14 2 11 16 17 19 22 23 27 30 32 36 37 42 44
22 1 3 4 8 9 10 11 12 15 19 21 22 26 27 28 29 30 37 39 40 41 43
29 1 2 3 4 8 9 10 11 12 13 15 17 18 20 23 25 27 29 30 31 32 34 36 37 38 39 40 42 44
15 1 3 8 11 12 14 18 24 25 28 32 34 35 40 44
29 1 3 4 5 6 7 10 11 12 15 17 18 19 21 23 24 25 26 27 28 29 30 32 33 35 38 39 40 44
32 1 2 3 4 7 8 9 10 11 12 13 14 16 17 19 21 22 24 25 26 27 28 32 33 34 37 38 39 40 41 43 45
18 4 5 6 11 14 16 17 18 22 25 27 28 30 32 34 35 40 42
21 2 6 9 10 11 15 16 18 22 25 28 29 30 31 34 35 36 37 41 42 44
35 1 2 4 6 7 11 12 13 14 15 16 17 20 21 24 25 26 27 28 29 30 31 32 33 34 35 36 37 38 39 40 41 42 43 45
18 2 5 6 10 12 13 15 18 21 25 26 34 37 38 40 41 44 45
33 1 2 3 5 6 8 9 11 12 13 14 15 18 20 21 22 23 25 27 28 29 31 32 33 34 35 36 37 39 41 43 44 45
13 2 3 6 9 10 13 18 21 22 24 39 41 42
31 2 3 4 5 7 9 10 11 12 13 15 16 17 18 20 21 22 23 25 27 28 29 30 31 33 34 36 39 40 42 43
33 1 2 6 8 9 10 11 13 14 15 16 17 19 20 21 22 23 24 25 26 27 28 29 30 32 34 35 36 37 38 40 42 45
16 7 9 10 15 16 22 24 30 31 32 36 40 41 42 43 45
19 3 6 7 9 12 17 19 21 25 26 27 31 32 34 35 36 38 40 41
22 5 9 10 11 14 17 18 19 20 21 26 27 29 30 31 32 40 41 42 43 44 45
22 1 5 7 12 15 18 19 20 23 25 27 31 33 34 35 36 38 40 42 43 44 45
27 1 2 3 5 9 10 14 15 17 18 19 20 21 23 25 26 30 32 34 36 38 39 40 41 42 44 45
19 4 7 8 9 12 14 17 18 20 22 29 34 35 36 37 38 39 40 41
17 1 4 5 9 10 12 13 14 17 21 24 29 32 37 39 40 43
26 2 3 4 6 8 9 10 12 13 15 17 19 22 23 24 27 28 29 30 31 32 38 39 42 44 45
35 1 2 3 4 5 7 8 9 10 12 14 20 21 22 23 24 25 26 27 28 29 30 31 32 34 35 36 38 39 40 41 42 43 44 45
27 1 2 3 5 6 9 10 14 16 17 18 19 20 21 22 25 32 33 34 35 36 37 38 39 40 41 42
25 2 3 5 8 9 10 11 14 15 17 19 20 21 22 23 30 34 36 37 38 40 41 43 44 45
25 1 4 6 12 13 14 15 16 18 19 20 21 26 27 28 29 30 34 37 38 40 41 42 43 45
24 2 3 4 5 7 9 11 12 15 16 17 23 26 27 28 29 30 31 32 36 40 41 42 43
35 3 4 5 6 7 9 11 13 14 15 17 18 19 20 21 22 23 24 25 26 27 28 31 32 33 34 35 36 37 38 40 41 43 44 45
26 6 7 8 9 11 12 13 15 16 18 20 21 22 26 27 28 32 33 35 38 39 40 41 43 44 45
14 8 10 11 12 13 20 23 25 28 33 38 42 43 44
33 1 2 3 4 5 6 10 13 14 15 16 17 18 19 20 21 23 24 26 27 28 29 30 31 34 35 37 38 39 40 42 43 45
34 1 2 3 4 5 6 7 8 9 10 12 13 14 15 16 17 18 19 20 23 25 26 27 29 30 31 32 33 34 36 37 41 42 44
14 3 7 10 11 12 15 20 22 25 27 29 30 38 43
34 1 2 3 4 5 6 7 9 10 12 13 14 15 16 17 18 20 23 24 25 26 27 28 29 32 34 35 36 37 38 40 41 42 44
33 1 3 4 5 6 8 9 11 12 14 17 18 19 20 21 22 23 25 27 28 29 31 34 35 37 38 39 40 41 42 43 44 45
25 2 3 4 5 6 7 8 9 11 13 15 17 18 19 21 23 24 28 31 33 35 36 40 42 45
17 1 3 4 6 7 8 11 12 19 21 29 32 33 36 38 39 44
29 1 2 3 4 6 7 8 10 12 13 14 15 17 18 19 21 23 24 26 28 31 32 35 36 37 40 41 44 45
25 1 2 3 6 7 9 10 14 15 16 17 18 20 22 27 28 30 31 33 34 35 41 42 44 45
22 1 3 7 9 10 11 12 15 16 17 18 20 22 23 26 31 35 37 41 42 43 45
23 1 3 4 5 7 10 11 14 15 17 20 21 23 24 28 29 30 33 34 36 37 44 45
19 1 3 4 9 10 11 14 17 22 24 28 29 32 36 37 38 39 40 42
25 4 6 9 10 12 15 18 19 21 25 26 28 30 31 32 33 35 36 37 38 40 41 43 44 45
23 2 3 4 6 7 9 11 12 16 17 18 21 22 24 28 29 31 32 36 40 42 44 45
29 1 2 7 9 12 15 17 18 19 21 22 23 25 26 27 28 29 30 32 33 37 38 39 40 41 42 43 44 45
31 2 4 6 8 9 10 11 12 14 15 16 17 19 20 21 22 23 24 25 26 27 28 30 31 32 33 34 38 40 41 45
53 46 47 48 49 50 51 52 53 54 55 56 57 58 59 60 61 62 63 64 65 66 67 68 69 70 71 72 73 74 75 76 77 78 79 80 81 82 83 84 85 86 87 88 89 90 91 92 93 94 95 96 97 98
18 54 55 59 61 65 68 70 72 74 76 77 78 80 89 90 94 96 98
40 46 47 48 49 50 52 54 55 56 57 58 59 61 62 63 64 65 66 67 69 72 74 75 76 77 78 79 80 81 82 83 84 85 86 87 88 89 91 93 94
30 47 48 49 50 52 53 57 58 62 63 64 70 72 73 74 76 77 78 79 80 81 85 86 87 89 90 94 95 96 98
35 47 49 50 51 53 55 56 58 59 60 61 62 63 65 68 70 71 72 75 77 80 82 84 85 86 87 88 89 91 92 93 94 95 96 97
23 46 47 50 51 52 53 56 58 59 61 64 65 68 73 74 75 78 79 83 88 89 90 98
16 47 52 55 57 58 65 67 69 75 79 82 85 87 88 90 98
26 48 50 53 58 59 65 68 72 73 74 75 76 77 80 82 83 84 87 89 90 91 92 93 94 95 96
33 46 48 51 53 54 55 56 57 58 59 60 61 62 63 64 65 67 69 70 72 73 75 79 84 85 86 88 89 91 92 94 95 96
35 46 48 49 51 52 53 55 58 59 60 61 62 63 64 65 66 67 71 73 75 77 78 80 81 82 83 85 88 89 91 93 95 96 97 98
36 46 48 49 50 51 52 53 54 55 56 58 59 61 64 66 67 68 69 70 73 74 75 76 77 78 79 80 81 84 85 88 89 91 92 93 98
16 46 47 48 50 56 58 60 61 67 71 77 80 86 87 91 97
33 46 48 50 51 52 53 56 61 63 64 65 66 67 68 69 73 74 77 78 79 80 82 84 85 86 89 90 92 93 94 95 96 97
31 46 48 50 51 52 54 56 57 61 63 64 66 68 69 72 73 74 75 76 78 79 81 82 86 87 88 92 94 95 97 98
37 47 48 49 50 52 53 54 56 57 58 60 61 62 64 65 66 69 70 72 75 77 78 79 80 81 83 85 87 89 90 91 92 93 95 96 97 98
28 46 48 51 52 53 56 57 61 62 63 64 65 67 69 70 74 75 76 78 79 80 87 88 89 90 95 96 98
34 47 49 50 51 52 53 54 55 56 58 60 61 63 64 66 68 70 73 77 78 79 80 81 82 84 86 87 89 90 92 94 96 97 98
29 46 49 50 51 52 53 56 58 59 60 64 66 67 68 69 74 75 76 77 78 79 84 87 88 90 93 94 96 97
37 46 47 49 50 53 57 58 60 61 62 63 64 67 68 70 71 72 73 74 75 76 77 78 81 84 85 86 87 89 91 92 93 94 95 96 97 98
24 48 49 50 53 55 57 59 61 65 67 70 71 72 76 80 82 84 87 90 93 94 95 96 97
22 46 47 50 51 55 62 66 69 70 74 75 76 77 78 82 84 85 86 87 90 92 95
34 47 48 49 50 51 52 54 58 59 61 62 66 68 70 71 72 73 76 77 78 79 80 83 84 85 86 88 90 91 93 94 95 96 98
33 46 48 49 52 53 54 55 56 57 58 59 60 61 66 68 71 72 73 74 75 77 78 79 80 81 84 85 87 90 91 93 96 97
23 46 48 49 51 52 53 54 57 58 61 65 66 67 72 79 80 82 89 90 91 94 97 98
17 47 49 53 54 56 60 63 65 69 71 72 80 82 87 89 92 94
17 47 53 55 57 59 60 65 67 73 78 80 86 88 91 93 97 98
40 46 48 49 50 51 53 54 55 56 57 58 60 61 62 63 64 65 66 67 69 70 71 72 73 74 75 76 77 78 81 85 86 88 89 90 91 92 94 95 98
38 46 47 49 50 51 52 53 54 55 56 58 59 60 61 63 64 66 67 68 69 71 72 74 75 76 77 79 81 83 86 87 88 90 92 93 94 96 98
29 46 47 50 51 55 57 59 60 62 63 66 67 69 70 71 72 73 74 77 81 83 85 87 89 90 94 96 97 98
27 46 49 53 54 55 56 57 58 59 60 61 63 68 70 73 76 77 78 80 81 84 85 90 92 93 95 98
36 49 50 51 53 54 55 56 57 58 61 62 63 64 65 66 67 70 71 73 74 75 77 78 79 81 84 85 87 88 89 91 93 94 96 97 98
34 46 48 49 50 51 52 55 58 59 60 62 63 64 66 67 68 69 71 72 73 75 76 79 80 81 83 85 86 87 90 91 95 96 98
21 46 50 51 55 57 60 61 63 64 75 78 79 82 84 85 86 87 92 94 96 98
20 46 47 48 54 56 57 60 62 63 66 72 73 76 79 83 87 88 89 92 95
24 46 49 50 54 57 58 59 60 61 65 68 69 70 72 74 76 77 85 86 87 89 90 91 97
36 46 49 50 51 52 54 56 59 60 61 62 64 65 66 67 70 71 72 73 74 76 78 79 80 82 83 85 86 88 89 90 91 92 93 97 98
36 47 48 49 50 51 52 54 56 57 58 60 61 62 63 64 65 66 67 70 71 72 73 74 75 76 77 79 85 86 88 89 91 92 94 95 97
22 49 51 52 53 54 56 59 63 65 68 71 73 74 76 78 81 83 85 90 92 94 95
17 46 52 56 58 70 72 73 75 76 77 88 90 94 95 96 97 98
28 48 49 52 53 54 56 57 59 60 62 67 68 70 71 73 74 75 76 77 81 82 83 86 89 90 92 94 98
20 47 50 53 58 59 60 64 69 71 72 74 76 77 79 88 90 91 93 94 98
16 51 52 53 54 62 63 68 70 71 78 83 87 92 95 96 97
19 48 49 51 53 54 55 56 64 66 72 76 82 85 88 89 90 94 96 98
41 46 48 49 50 52 54 55 56 57 58 60 61 62 63 65 66 68 69 70 74 75 76 77 78 79 80 82 83 84 85 86 87 88 89 90 91 92 93 94 95 96
24 49 50 51 52 56 60 62 63 64 66 68 72 73 74 76 78 79 81 84 87 91 95 96 98
36 47 48 50 51 52 54 57 58 59 61 63 64 66 67 68 69 70 72 74 75 76 77 80 83 84 86 87 88 89 91 92 93 95 96 97 98
29 46 47 48 50 51 52 56 57 60 65 66 67 68 71 73 77 78 80 81 82 84 85 86 87 88 90 95 97 98
20 46 47 52 53 54 55 57 60 65 66 67 68 69 74 78 82 87 89 92 96
21 46 48 51 53 56 58 59 61 62 63 66 67 68 72 76 78 83 84 86 93 98
31 46 47 48 50 51 52 53 56 57 58 59 61 63 64 67 69 70 71 73 74 75 78 79 80 81 86 87 90 93 94 96
17 59 60 62 63 66 68 69 73 76 77 79 88 92 93 94 96 98
35 46 47 48 49 50 51 54 55 57 58 59 61 62 64 65 66 67 71 72 74 75 76 81 82 83 85 86 87 88 91 92 93 94 96 98
31 46 47 48 51 52 54 58 61 62 63 64 65 66 67 70 71 72 74 75 76 80 81 82 84 85 87 92 94 95 96 98
30 46 47 48 49 50 51 55 56 58 62 63 64 65 67 69 70 72 74 75 77 78 79 85 86 89 91 93 94 96 98
33 46 47 48 49 50 54 55 56 58 60 61 63 64 67 68 69 72 73 74 76 77 79 80 83 84 86 87 91 93 94 96 97 98
19 47 48 56 62 63 74 75 76 77 78 79 84 87 90 91 92 94 96 98
24 46 47 49 51 57 58 59 61 62 67 69 75 76 79 81 82 83 85 86 90 91 92 93 96
37 46 48 50 51 52 53 54 55 56 57 63 64 68 70 71 72 74 76 77 78 80 81 82 83 84 85 86 88 89 90 91 92 93 95 96 97 98
20 47 49 50 52 54 60 62 65 66 67 73 79 81 83 84 85 86 87 92 95
25 49 52 53 54 56 58 59 64 66 67 68 73 74 78 79 80 81 82 84 89 91 93 95 96 97
25 48 51 52 54 56 58 59 60 61 63 64 65 70 71 73 79 80 83 84 85 86 87 88 90 93
33 47 48 49 50 51 53 55 56 60 61 63 64 67 68 69 71 72 73 74 77 78 80 82 84 85 86 88 89 92 93 94 95 96
16 54 57 60 67 73 75 76 77 86 87 88 89 91 92 93 98
36 46 47 48 51 52 53 54 57 58 59 60 61 62 63 64 66 67 68 69 70 71 73 75 78 79 80 81 82 84 85 87 88 89 92 95 98
21 46 48 49 50 53 55 61 62 63 71 76 78 79 80 83 85 88 92 96 97 98
18 47 52 53 56 58 66 70 72 74 75 81 84 87 89 91 93 94 96
23 47 52 54 56 58 66 67 70 71 72 73 74 75 78 79 80 81 84 88 89 91 94 98
39 46 47 49 50 52 53 54 55 57 58 59 60 61 62 63 64 66 70 71 72 73 74 75 76 78 80 81 82 84 85 86 87 88 90 91 92 95 96 98
28 47 50 52 53 55 59 60 61 63 65 66 69 72 74 75 76 77 78 81 83 85 86 87 91 92 93 95 98
33 46 48 50 51 52 53 54 55 56 60 61 63 67 69 70 72 73 74 75 76 77 79 82 84 85 86 87 89 94 95 96 97 98
38 46 47 48 49 50 51 53 54 55 56 57 58 59 62 63 66 68 69 70 71 72 73 74 76 77 79 80 81 84 86 87 88 90 92 94 95 96 97
17 56 58 60 63 64 65 71 75 76 77 80 81 82 88 91 97 98
41 46 47 48 49 50 51 52 53 54 55 58 59 60 61 63 65 67 69 70 71 73 74 75 79 80 81 82 83 84 85 86 87 88 90 91 92 93 95 96 97 98
41 47 48 49 50 51 53 54 55 56 57 58 59 60 62 63 64 65 67 68 69 70 71 72 73 74 75 76 77 79 80 81 83 87 89 91 92 94 95 96 97 98
38 46 47 48 49 50 51 52 55 56 57 58 61 62 63 64 65 66 68 69 71 72 73 75 76 78 81 82 84 85 86 88 89 90 91 92 94 97 98
24 47 48 50 53 55 57 61 64 66 67 69 71 74 78 82 83 84 85 86 88 90 95 96 97
18 48 53 59 61 62 71 74 75 77 80 81 82 84 86 92 94 96 98
19 47 48 49 51 52 61 62 64 67 69 71 72 77 81 82 83 88 91 94
17 50 51 55 66 72 78 79 82 83 88 90 92 93 95 96 97 98
23 46 47 48 50 53 55 57 61 69 71 74 75 76 78 81 84 85 86 91 92 93 94 96
32 46 47 49 50 51 55 57 60 62 63 65 66 68 70 71 73 74 76 81 82 83 85 86 87 89 90 91 92 94 96 97 98
31 50 51 55 57 60 61 62 63 64 67 71 72 73 74 75 76 80 82 83 84 85 86 87 89 91 92 93 94 96 97 98
20 46 47 52 56 59 60 63 64 65 66 67 68 69 73 77 81 83 85 91 92
19 46 52 54 55 59 62 63 64 66 71 79 82 88 89 90 92 93 94 95
19 46 50 51 52 53 54 56 61 63 64 72 75 79 85 86 89 92 97 98
35 46 50 51 53 54 55 57 58 60 63 64 65 66 67 68 69 70 71 72 74 75 76 77 78 82 83 84 88 89 92 93 94 95 97 98
41 46 47 49 51 52 53 55 56 57 58 59 61 62 63 64 65 66 67 68 71 72 73 74 76 77 78 79 80 81 82 84 85 87 88 91 92 93 94 95 96 97
29 46 48 51 53 55 59 60 61 62 64 70 71 72 73 76 79 80 85 86 87 88 89 92 93 94 95 96 97 98
18 46 47 49 54 59 60 63 67 74 75 76 78 81 85 90 92 95 96
35 47 48 49 50 51 52 53 54 55 56 57 58 59 61 63 65 67 69 70 71 72 73 74 75 80 81 82 83 86 89 91 92 94 95 97
21 48 51 54 55 56 58 59 61 63 66 69 74 76 77 81 88 89 91 92 97 98
28 46 47 48 51 53 54 55 57 58 59 61 63 65 66 67 69 74 77 78 80 81 86 88 89 92 94 96 98
28 49 50 51 53 54 55 56 58 60 62 67 70 72 74 75 78 80 81 84 85 88 89 90 92 93 95 97 98
17 50 51 54 55 57 67 69 70 71 73 75 78 80 82 86 89 97
23 46 49 51 54 56 57 60 61 65 66 67 73 74 77 78 79 80 81 84 88 90 91 96
16 47 49 52 61 72 74 79 80 81 82 85 89 91 92 96 98
33 47 48 49 50 51 52 61 62 63 64 65 66 68 69 70 71 73 74 76 77 78 79 80 81 84 85 86 88 89 92 94 95 96
31 46 49 51 53 55 56 58 59 60 61 64 65 66 70 71 72 74 75 77 79 80 81 83 84 86 88 89 91 92 94 98
20 46 52 55 56 57 58 62 64 69 71 72 79 80 84 85 86 89 93 94 98
21 48 50 52 54 55 57 58 60 62 66 70 72 73 74 75 84 87 88 90 93 96
27 99 100 101 102 103 104 105 106 107 108 109 110 111 112 113 114 115 116 117 118 119 120 121 122 123 124 125
15 99 100 101 102 103 104 106 109 110 111 114 115 116 124 125
11 101 102 105 108 110 115 116 118 122 124 125
12 102 104 107 112 113 115 116 118 119 120 122 125
20 99 100 101 103 104 105 106 107 108 109 112 113 114 115 117 120 121 122 123 124
14 99 100 101 105 106 107 109 110 113 115 117 120 122 123
15 99 101 102 107 109 113 114 116 117 118 119 120 122 124 125
20 99 102 103 104 105 109 110 111 112 113 114 116 117 118 119 120 121 122 123 125
11 100 101 102 105 106 108 110 114 115 118 121
18 99 100 101 103 104 107 108 109 110 112 113 116 118 120 121 122 123 125
14 99 100 102 104 105 108 109 110 114 115 116 119 123 125
13 100 101 102 103 108 111 112 114 118 119 120 124 125
21 101 104 105 106 107 108 109 110 111 112 113 114 115 116 117 118 119 120 122 123 124
18 100 101 102 103 104 105 107 111 112 113 115 116 118 119 120 121 122 123
13 99 100 103 106 107 111 113 114 118 119 120 121 124
18 99 100 101 104 105 106 107 108 109 111 113 114 115 116 120 122 123 125
12 99 100 102 103 105 110 112 116 118 120 121 123
10 100 101 103 105 113 114 115 116 121 125
15 99 101 103 104 106 107 108 110 111 114 118 121 122 124 125
13 99 105 107 110 112 113 116 117 118 119 120 123 125
17 100 104 105 106 107 108 109 110 111 112 114 116 117 118 121 122 123
10 99 100 105 106 107 108 111 115 117 125
13 100 101 106 108 110 115 116 117 119 122 123 124 125
15 99 100 103 104 106 108 113 114 115 116 117 119 122 123 124
15 100 103 105 106 109 110 111 112 113 114 116 118 119 120 121
10 129 134 135 138 154 156 157 158 159 171
12 126 140 142 149 156 157 161 163 167 169 170 173
16 128 130 132 134 139 143 149 154 155 158 159 161 162 163 168 174
18 130 133 135 136 143 144 146 148 151 152 153 155 159 162 164 166 170 173
17 127 128 129 131 132 134 135 143 144 145 149 150 158 159 161 164 174
10 127 129 139 140 144 145 152 167 168 174
13 127 129 132 145 146 156 159 160 161 163 164 166 174
27 127 130 131 132 134 135 136 138 140 141 145 146 149 150 151 152 153 154 156 160 162 167 169 170 171 173 174
20 128 130 133 134 136 138 140 141 145 151 152 154 155 159 163 164 165 166 171 172
11 128 131 140 147 156 161 165 167 171 172 174
16 127 128 129 131 133 136 138 139 145 147 150 153 155 158 159 172
24 126 130 131 132 133 136 137 138 141 142 143 146 148 151 153 155 157 160 163 165 169 170 172 173
33 126 127 129 131 133 135 136 137 138 140 141 142 144 145 146 147 148 150 151 152 153 156 157 160 164 165 166 167 169 170 171 172 173
17 128 129 131 132 135 136 138 139 140 141 143 149 150 151 158 165 166
18 127 144 145 147 148 152 153 154 155 156 161 162 163 164 169 170 172 174
9 127 128 131 135 143 156 163 171 173
28 127 128 129 130 132 134 135 138 139 140 141 145 146 149 151 154 155 156 160 161 163 164 166 167 169 170 171 173
21 126 128 129 133 136 137 138 140 145 146 147 148 150 156 159 162 163 164 167 168 171
11 126 132 135 137 147 157 158 167 169 173 174
11 127 134 136 146 147 148 149 153 164 165 169
14 127 134 137 139 141 142 145 149 150 154 157 158 163 169
25 126 130 132 133 136 137 138 140 142 144 145 146 147 150 151 153 155 157 158 159 161 164 168 169 170
12 128 131 133 142 143 145 160 161 163 167 168 171
11 130 134 143 148 149 151 155 158 168 170 173
20 126 129 130 131 132 134 135 136 137 144 145 148 149 159 160 163 165 166 168 172
16 129 131 133 135 140 141 142 143 145 148 154 156 157 160 169 170
20 129 130 133 135 136 137 140 145 146 150 151 152 155 159 162 167 169 170 171 174
15 134 135 138 142 144 145 146 148 150 151 159 162 164 165 168
12 127 128 139 141 142 147 150 152 153 155 162 171
18 128 132 133 134 135 141 143 144 146 149 150 151 154 160 162 166 168 174
11 137 138 139 145 153 155 158 159 160 166 172
7 126 137 140 147 158 166 174
11 127 129 131 139 148 149 150 153 156 160 162
16 128 130 132 134 135 137 139 141 145 149 153 156 157 162 164 173
22 126 128 129 133 137 139 142 143 144 147 148 155 157 158 159 161 163 164 165 166 168 172
11 127 130 139 149 153 154 155 157 161 163 167
21 126 127 129 131 136 137 138 139 143 150 153 154 155 156 157 161 163 166 169 172 174
11 132 134 136 137 138 143 146 150 158 163 172
6 126 129 132 138 160 168
11 127 136 140 143 148 151 154 160 168 170 172
18 126 130 134 136 139 144 146 149 151 155 158 163 164 165 167 168 172 174
16 132 134 138 139 148 149 153 156 157 160 161 163 164 165 172 173
13 133 142 144 149 152 155 159 160 161 164 165 166 170
11 126 128 136 137 138 139 140 144 157 169 171
14 130 132 141 143 146 151 152 154 160 164 165 166 168 171
15 127 128 132 137 138 147 150 152 153 159 161 162 166 171 173
7 130 140 141 144 148 150 163
15 130 132 135 138 139 141 150 151 155 157 162 166 170 172 173
21 128 132 133 135 140 142 144 145 146 148 151 152 158 159 160 162 164 165 167 168 173
13 126 127 128 131 141 142 143 144 147 154 158 166 168
11 126 129 138 142 147 150 155 166 169 171 174
32 126 130 133 136 137 138 139 140 141 142 146 147 148 151 152 153 154 155 156 157 160 162 163 165 166 167 168 169 170 171 172 173
19 126 129 130 131 133 137 138 144 151 153 155 156 158 160 161 162 165 166 168
7 134 135 137 144 148 162 174
13 127 136 137 143 150 151 160 162 163 167 170 173 174
17 126 128 129 130 131 139 141 145 151 153 154 157 162 167 168 171 174
7 142 143 144 146 161 168 170
22 127 128 130 132 134 135 139 142 143 144 145 148 151 154 155 156 159 161 168 172 173 174
5 127 130 131 163 173
11 133 137 140 141 150 152 158 160 164 165 166
6 126 138 157 162 163 167
30 127 128 132 134 135 136 139 140 141 142 143 145 146 147 148 149 150 152 154 157 159 163 164 167 169 170 171 172 173 174
8 127 135 140 147 148 156 169 173
11 126 129 137 140 144 152 154 156 158 159 174
15 129 134 139 141 148 149 152 154 160 162 165 166 167 172 174
10 126 129 136 137 153 156 159 161 164 167
14 126 130 133 134 137 142 146 157 159 160 167 168 171 173
26 126 128 130 131 132 133 139 140 141 142 144 145 146 147 148 149 152 153 155 161 164 165 166 168 169 172
16 128 129 131 132 133 136 141 143 152 156 160 169 170 171 172 173
11 133 143 146 154 156 158 164 169 170 173 174
6 138 140 151 157 161 167
16 138 139 140 142 145 147 148 152 155 157 158 165 169 170 171 172
7 130 134 141 147 149 170 171
16 127 133 136 147 151 156 161 162 164 167 168 169 170 171 173 174
11 131 133 144 146 152 158 159 161 163 165 167
10 129 131 136 146 147 149 153 169 170 171
15 126 128 129 131 132 134 135 142 143 146 149 152 154 157 165
21 126 131 133 136 137 142 143 144 147 148 150 152 153 157 158 159 162 165 168 172 174
15 128 134 135 147 149 150 154 156 158 159 161 162 164 166 171
14 131 133 135 141 142 147 150 152 153 154 162 165 167 172
28 127 130 131 132 134 135 139 141 142 143 144 149 151 152 153 154 155 157 158 160 161 165 166 169 170 172 173 174
13 133 136 143 144 146 151 152 153 155 159 162 170 173
11 133 142 144 149 152 155 159 160 164 165 166
11 130 141 146 151 152 154 160 164 165 168 171
19 126 131 132 133 139 140 141 142 144 145 146 147 148 152 155 164 165 166 169
4 141 147 149 170
22 126 129 131 135 138 140 141 142 144 147 148 150 151 152 153 156 164 166 167 169 171 173
13 126 127 129 136 138 143 154 156 157 161 163 169 174
12 129 134 139 141 148 152 154 160 162 165 167 174
8 132 134 139 145 156 157 162 164
14 129 130 133 140 145 146 151 152 159 162 167 170 171 174
4 143 144 146 168
13 127 128 132 138 147 150 152 153 159 161 166 171 173
26 126 127 129 131 135 136 138 140 141 142 144 146 147 148 150 152 153 156 157 160 165 166 169 170 171 173
17 133 136 137 138 139 147 148 154 156 160 162 165 166 168 169 170 171
5 128 131 135 156 171
7 129 134 156 157 158 159 171
14 127 128 129 132 134 135 143 144 149 158 159 161 164 174
9 142 144 149 152 159 160 164 166 170
7 130 139 149 153 154 155 157
6 131 140 147 156 167 174
7 133 134 142 146 167 171 173
14 130 133 136 140 145 146 151 152 155 159 162 169 171 174
14 126 129 131 136 137 143 150 153 154 155 163 166 169 174
11 142 149 152 155 159 160 161 164 165 166 170
9 126 129 138 147 150 166 169 171 174
5 128 131 140 147 156
18 126 131 133 136 137 142 143 147 148 150 152 153 157 158 159 162 172 174
8 127 134 136 146 148 149 153 165
10 129 133 137 138 144 156 158 160 165 168
8 126 128 131 141 144 147 154 158
14 128 132 133 134 135 141 144 149 150 154 160 162 168 174
14 128 130 132 134 139 149 154 155 158 161 162 163 168 174
4 130 140 144 163
10 127 128 131 133 136 138 145 147 153 158
12 126 128 129 139 145 151 153 157 167 168 171 174
15 126 131 132 133 138 142 146 148 151 155 157 160 165 169 173
16 126 130 134 136 139 144 146 149 151 155 163 164 165 168 172 174
7 131 133 144 159 161 163 165
4 138 140 151 157
15 126 128 129 131 139 141 145 151 153 154 162 167 168 171 174
6 128 131 135 143 156 163
6 130 140 141 144 148 163
7 126 136 137 156 159 161 164
6 134 146 147 148 153 169
12 128 134 135 147 150 154 156 158 159 162 164 171
5 129 134 135 138 171
8 130 143 148 149 151 158 168 170
6 134 138 154 156 158 159
11 140 142 145 147 148 152 157 158 169 170 172
7 126 130 159 160 167 171 173
4 138 151 157 167
10 126 142 149 157 161 163 167 169 170 173
6 127 134 136 146 149 164
12 126 130 131 133 144 151 153 156 160 161 162 168
13 128 129 132 136 138 139 140 141 143 149 151 165 166
9 130 138 139 141 150 155 162 166 170
9 142 144 149 152 155 160 164 165 170
8 126 129 137 140 144 154 159 174
4 157 162 163 167
10 131 135 142 147 150 152 153 162 167 172
11 127 128 138 147 152 153 161 162 166 171 173
22 126 137 138 139 140 142 146 147 148 151 152 153 156 162 163 165 166 167 169 170 172 173
10 127 137 143 151 160 162 163 167 170 174
9 136 151 160 162 163 167 170 173 174
8 128 135 147 149 161 162 166 171
6 129 135 154 157 159 171
9 141 142 143 144 147 154 158 166 168
8 127 129 139 140 144 145 168 174
14 126 128 129 131 139 141 145 151 154 157 162 167 168 174
6 144 146 159 161 165 167
10 140 145 148 152 155 157 158 165 171 172
13 126 128 131 132 135 142 143 146 149 152 154 157 165
11 130 132 135 139 151 155 157 162 166 170 172
8 135 149 156 161 162 164 166 171
5 130 134 147 149 170
12 127 131 136 139 153 154 156 157 163 169 172 174
12 131 133 141 142 147 150 153 154 162 165 167 172
7 134 136 146 148 149 164 169
7 126 149 156 163 169 170 173
9 131 133 144 158 159 161 163 165 167
15 133 137 138 140 144 146 147 150 151 153 155 161 164 168 169
15 130 133 143 144 146 148 151 152 153 155 162 164 166 170 173
13 126 133 136 142 143 144 148 152 157 159 165 168 172
10 134 139 141 148 149 152 160 165 166 167
19 127 130 132 134 139 142 144 149 151 153 154 155 157 161 165 169 172 173 174
15 126 128 133 137 140 145 146 147 148 159 162 163 164 167 168
14 130 132 134 139 143 144 148 151 154 155 156 159 173 174
12 136 138 150 154 155 156 157 163 166 169 172 174
9 127 128 139 141 150 152 153 162 171
18 128 129 130 134 135 138 139 140 141 145 146 149 151 160 164 166 167 173
12 134 137 139 141 145 149 150 154 157 158 163 169
3 130 170 171
12 128 129 132 133 136 152 156 160 169 170 171 173
7 126 135 137 147 167 169 174
11 135 138 142 144 145 146 148 159 162 165 168
7 133 140 141 150 152 158 160
3 130 141 171
5 131 135 143 156 163
13 130 136 143 144 146 148 151 152 153 155 162 164 170
22 127 130 131 132 134 135 141 142 144 149 151 152 153 157 158 161 165 166 170 172 173 174
9 126 136 137 138 139 140 157 169 171
10 127 128 132 137 147 152 159 162 166 173
5 129 131 146 149 170
8 127 129 139 148 150 156 160 162
7 127 136 140 143 148 154 172
14 126 128 129 131 141 145 151 153 154 157 162 168 171 174
4 127 128 135 173
5 141 150 152 158 166
8 130 143 149 154 155 162 168 174
12 134 137 139 141 142 149 150 154 157 158 163 169
10 129 132 145 146 156 159 161 163 164 174
11 129 131 135 136 138 140 143 149 150 151 158
17 127 130 131 132 134 138 141 146 151 153 154 156 162 167 169 173 174
17 126 130 133 136 140 145 146 147 150 151 155 157 159 161 164 168 170
10 127 136 137 143 151 160 162 163 167 174
8 130 143 149 151 155 168 170 173
4 142 143 161 168
6 129 135 138 154 159 171
7 134 139 145 150 157 158 169
6 126 137 140 147 158 174
23 127 130 131 132 135 136 138 140 141 145 149 150 151 152 153 154 156 160 162 169 171 173 174
5 130 140 141 148 150
10 133 142 144 152 155 160 164 165 166 170
16 129 130 133 135 136 137 140 145 146 151 152 155 159 162 170 171
11 126 130 144 151 158 163 165 167 168 172 174
4 144 148 150 163
7 133 144 146 152 158 165 167
15 126 130 133 137 138 144 151 153 155 156 158 160 162 165 168
3 130 140 144
7 127 146 147 148 153 165 169
16 129 130 136 140 145 150 151 152 155 159 162 167 169 170 171 174
7 127 139 153 155 157 163 167
14 126 131 133 136 137 138 143 146 153 157 163 169 170 173
9 132 136 137 138 143 146 150 158 163
4 140 147 158 166
6 146 154 156 158 170 173
9 127 137 142 149 150 154 157 158 163
6 131 139 149 153 156 162
10 138 139 147 148 152 157 165 169 171 172
3 162 163 167
7 129 137 153 159 161 164 167
5 137 153 160 166 172
16 132 133 135 140 144 145 146 148 152 158 159 162 164 167 168 173
11 127 134 137 139 142 145 149 150 154 157 163
9 133 142 149 152 159 160 161 165 170
11 129 133 136 141 143 152 156 160 169 171 172
6 130 139 153 157 163 167
16 128 132 134 135 141 143 144 146 149 150 151 160 162 166 168 174
12 131 136 143 147 150 152 158 159 162 165 168 174
8 131 140 147 165 167 171 172 174
14 126 131 133 142 144 147 148 152 153 158 162 168 172 174
3 144 146 170
12 126 133 137 143 144 155 157 159 161 163 165 166
6 126 129 152 158 159 174
22 126 137 138 139 141 146 148 151 152 154 156 157 160 162 163 165 166 167 168 169 172 173
7 129 136 156 159 161 164 167
13 129 131 133 135 140 141 143 145 154 156 157 160 169
10 140 142 149 156 157 161 163 167 169 173
7 133 140 152 158 160 165 166
10 126 127 128 131 141 142 144 147 166 168
14 126 130 136 144 146 151 155 163 164 165 167 168 172 174
17 126 129 130 131 132 134 135 136 137 144 145 148 149 159 160 163 168
6 137 151 162 170 173 174
26 126 133 135 136 137 138 141 142 144 145 146 147 148 150 151 152 153 156 157 160 164 166 167 169 170 172
9 127 130 139 153 154 155 161 163 167
13 133 137 138 144 153 155 156 158 161 162 165 166 168
12 127 133 147 151 156 161 162 164 168 170 173 174
15 133 135 143 144 146 148 151 152 153 155 159 162 164 170 173
8 137 138 139 153 158 159 160 166
6 127 129 139 140 167 174
9 126 133 142 157 159 160 167 168 171
19 126 128 129 133 137 139 142 143 147 155 157 158 159 161 163 164 165 166 172
12 126 130 134 136 139 155 158 165 167 168 172 174
9 128 132 134 139 143 154 159 161 174
9 128 131 133 142 145 160 167 168 171
11 127 137 139 141 145 150 154 157 158 163 169
19 127 128 135 139 140 143 145 147 148 150 152 157 159 163 167 170 171 172 173
7 127 135 140 147 156 169 173
16 131 143 144 147 148 150 152 153 157 158 159 162 165 168 172 174
7 132 137 157 158 167 169 173
12 126 130 134 135 136 137 144 149 159 163 166 172
8 128 140 147 156 165 167 171 172
23 127 132 134 135 136 139 141 142 143 145 146 147 148 150 157 159 163 167 169 170 172 173 174
7 128 137 147 150 152 161 173
7 127 148 149 153 164 165 169
5 136 137 139 140 169
15 133 139 141 144 145 147 149 152 153 161 164 165 166 168 172
6 127 129 139 148 153 162
5 127 134 146 149 169
7 129 135 138 156 157 158 159
8 126 129 142 150 155 166 169 174
8 127 128 141 150 152 153 162 171
11 127 129 132 145 146 156 159 160 161 163 166
8 133 137 140 141 150 158 164 166
9 137 140 141 150 158 160 164 165 166
3 141 147 149
5 139 140 152 168 174
6 129 139 149 153 160 162
7 126 131 132 134 143 146 152
9 131 133 144 146 152 159 161 165 167
7 144 146 158 161 163 165 167
6 129 132 145 146 163 174
4 144 148 150 163
23 127 130 131 133 135 138 139 142 145 146 147 148 151 152 155 160 163 167 169 171 172 173 174
16 131 133 137 140 142 147 151 154 155 158 160 166 168 169 170 173
24 127 128 129 131 133 135 138 139 141 142 145 147 148 150 156 157 159 160 163 164 166 169 171 173
15 126 130 134 137 139 143 146 147 150 154 158 161 165 166 170
17 129 131 135 136 139 142 146 147 150 152 154 155 156 164 165 171 174
32 128 129 131 132 133 134 135 138 141 142 143 144 145 146 147 148 149 150 154 155 157 158 159 160 161 165 166 169 170 172 173 174
16 133 134 138 140 142 145 149 152 155 156 157 158 163 166 168 173
28 126 128 129 130 131 133 134 137 138 139 140 142 143 145 148 149 150 153 155 157 158 159 160 163 164 167 169 170
27 127 128 129 130 131 132 135 136 137 139 141 142 143 144 146 147 149 150 161 162 164 167 168 169 170 171 173
18 126 127 129 130 131 133 134 137 140 146 155 157 160 161 162 163 164 165
19 128 131 136 139 141 142 144 147 149 154 155 157 164 165 166 167 169 170 171
19 128 132 133 135 142 143 146 148 149 150 153 156 157 158 164 170 171 172 173
21 129 130 134 135 137 139 140 141 142 144 146 149 151 158 159 160 161 163 165 167 169
15 133 134 139 141 143 144 148 149 153 154 156 158 163 165 170
23 126 127 130 131 135 137 138 139 140 142 143 144 147 149 150 152 153 155 157 161 168 169 171
15 126 128 137 140 143 147 148 149 154 155 157 158 161 163 169
31 126 127 128 130 131 133 136 137 140 141 143 145 147 148 149 150 151 153 154 155 157 158 161 163 164 165 166 169 171 172 174
20 126 127 128 130 131 135 139 140 143 146 147 148 151 161 163 165 168 171 172 173
27 126 129 130 135 139 140 141 142 143 146 147 150 151 153 154 156 158 159 161 163 167 168 169 170 171 172 174
17 132 134 143 144 147 149 150 151 152 155 156 160 166 169 170 172 173
14 126 129 130 135 138 140 144 145 146 152 153 155 158 165
30 129 131 132 134 135 137 138 139 140 141 142 143 144 146 147 150 153 155 157 158 160 162 163 164 166 167 168 171 172 173
33 126 127 128 129 130 131 132 133 136 138 139 140 141 142 143 144 149 150 151 152 153 154 155 156 157 158 161 163 164 167 172 173 174
15 130 133 135 136 137 139 141 143 144 155 160 163 165 167 170
33 126 128 129 130 131 132 133 134 135 136 137 140 141 142 146 147 149 150 151 152 154 157 158 159 160 162 163 164 165 166 171 173 174
30 126 127 130 131 135 137 138 139 143 144 146 147 148 149 150 151 152 153 154 155 161 162 164 165 166 167 168 169 173 174
33 126 127 128 130 131 134 135 136 137 140 141 143 145 146 149 150 151 152 153 156 159 160 161 162 164 165 166 167 169 170 171 172 173
15 126 127 131 132 134 140 143 149 150 154 160 162 168 169 170
17 127 132 133 137 139 140 141 143 144 148 151 155 165 166 169 170 173
18 126 128 132 134 138 140 141 144 151 155 156 159 160 164 165 168 172 174
32 126 128 129 130 131 132 135 137 138 139 140 141 143 144 146 147 148 149 151 152 153 154 157 158 159 160 161 162 163 166 173 174
33 126 127 128 130 131 132 133 134 136 137 138 140 142 143 144 145 147 149 152 153 154 155 156 158 159 163 164 166 168 170 172 173 174
26 127 128 129 135 136 138 139 140 141 143 144 147 148 149 150 153 156 159 160 161 163 164 165 167 171 174
22 126 128 129 131 132 133 134 136 138 139 140 141 142 144 146 149 150 157 159 161 169 171
18 127 129 131 133 135 136 141 143 149 153 155 156 157 158 163 168 169 172
21 126 131 139 140 142 143 145 146 148 149 153 159 160 161 162 164 166 167 169 170 171
33 126 128 131 132 134 137 138 139 141 142 143 145 146 148 149 151 152 153 155 156 157 158 164 165 166 167 168 169 170 171 172 173 174
22 126 127 130 132 133 136 139 140 142 143 144 146 150 152 153 154 155 159 164 165 170 174
19 126 127 128 129 130 136 139 140 143 148 155 156 160 161 163 166 168 170 171
27 127 128 129 131 137 138 139 141 142 144 145 148 151 154 155 156 157 160 162 163 166 167 169 170 171 172 174
21 126 129 131 134 140 141 142 144 151 152 154 155 161 162 164 166 167 170 171 172 173
15 126 128 129 130 132 133 137 146 147 148 149 153 163 168 170
25 126 127 128 129 131 132 133 134 136 137 138 142 143 147 154 155 157 158 160 161 162 163 165 170 173
18 127 128 129 130 131 140 144 148 149 151 152 155 156 160 161 162 165 166
17 128 129 131 132 133 135 145 152 153 154 159 160 161 165 166 168 171
20 126 127 131 134 140 141 143 144 147 150 152 158 160 164 165 166 168 169 170 172
19 129 130 132 135 137 140 143 145 146 150 153 157 159 161 162 164 165 168 170
31 127 128 129 131 132 134 135 136 137 138 139 142 143 144 145 146 147 149 150 151 155 156 157 160 161 163 164 165 168 169 173
34 126 128 129 130 133 134 137 138 142 143 144 145 146 147 148 149 150 151 152 153 154 157 159 161 162 163 166 167 168 170 171 172 173 174
15 135 136 137 139 142 143 145 146 148 152 154 156 157 160 164
28 126 127 128 130 133 135 139 142 143 144 145 146 149 151 152 153 155 159 162 163 164 166 167 168 169 171 173 174
27 127 130 134 135 139 140 141 142 143 146 148 149 152 153 154 155 160 161 162 163 166 168 170 171 172 173 174
16 129 137 139 140 142 143 144 147 150 152 154 156 162 163 168 170
14 127 129 133 134 136 147 151 156 157 158 161 163 169 172
22 126 127 129 130 132 135 137 138 144 147 148 150 153 156 160 161 162 163 165 169 170 174
15 127 131 132 137 138 142 143 145 148 149 152 155 172 173 174
29 126 127 128 131 135 138 139 142 143 144 145 146 148 149 151 155 156 157 158 160 161 162 163 166 167 168 170 172 174
26 126 128 129 130 131 132 134 135 137 138 140 143 145 146 147 153 155 156 160 161 163 164 168 170 172 174
27 126 127 128 129 130 131 134 136 137 138 139 143 144 145 146 149 151 153 154 157 158 162 163 166 168 169 171
22 126 127 129 133 136 138 139 140 141 145 153 154 158 159 161 162 163 165 166 169 173 174
20 126 128 131 132 133 135 136 138 147 148 149 150 153 162 165 167 170 171 173 174
25 126 127 129 131 133 141 142 145 147 148 149 151 152 153 154 158 160 163 164 165 166 169 171 172 173
26 129 130 133 135 136 137 138 139 140 141 142 143 144 146 148 149 150 153 158 163 164 167 168 171 173 174
29 126 127 128 130 134 136 137 138 139 140 142 144 145 147 149 150 153 154 155 161 163 164 167 168 169 170 171 173 174
17 129 130 131 133 136 140 142 147 151 155 157 158 163 164 168 171 174
30 127 129 130 131 132 133 134 139 140 141 142 144 146 147 148 149 150 151 152 154 157 158 159 160 164 165 168 169 170 172
30 126 127 129 131 132 133 135 138 140 141 142 143 144 145 147 148 149 150 151 153 154 157 158 162 163 165 166 170 171 172
21 126 128 129 130 133 136 137 142 144 145 149 153 156 158 161 162 163 168 170 171 173
28 126 127 129 130 137 138 141 142 144 146 149 150 151 152 153 154 155 157 158 160 163 164 166 167 168 170 172 173
21 126 129 130 131 132 134 137 141 144 145 147 153 155 159 160 164 165 167 170 171 174
16 133 137 139 141 142 143 145 152 155 159 160 162 166 168 170 174
15 127 128 131 137 138 142 144 150 157 158 159 161 169 171 173
33 127 128 129 130 131 132 133 134 136 139 140 142 143 144 145 146 150 152 154 155 159 160 161 163 164 165 166 167 169 171 172 173 174
22 131 133 134 135 136 138 139 140 142 145 148 150 154 156 162 166 167 168 169 170 171 173
25 127 129 130 133 135 137 138 142 143 145 146 148 152 153 156 158 159 160 161 166 167 168 170 171 172
19 126 131 135 137 138 139 142 143 146 151 158 161 164 165 168 169 171 172 174
31 126 127 128 132 133 135 136 137 138 141 142 144 146 147 148 152 153 154 155 156 158 160 161 162 163 164 165 166 168 169 170
21 130 133 134 135 136 138 143 144 146 147 148 153 154 158 162 165 166 169 170 172 173
26 128 131 132 135 136 137 141 142 146 147 150 151 154 155 157 159 160 161 164 165 167 168 171 172 173 174
34 126 128 131 132 133 135 136 137 138 140 141 142 143 144 145 147 150 151 152 155 156 157 158 159 160 161 162 164 165 169 170 172 173 174
17 127 129 132 137 138 142 151 152 156 159 160 162 163 164 167 169 173
18 126 127 129 130 132 137 149 152 153 154 155 158 165 167 169 170 172 173
15 128 135 137 140 145 151 154 155 156 157 159 166 167 169 170
21 127 128 129 134 140 142 143 144 146 148 149 150 152 155 157 158 161 165 170 172 174
20 126 127 129 139 143 146 147 148 151 153 154 158 161 163 164 165 166 168 170 172
31 126 127 128 129 131 132 134 135 136 139 141 142 143 144 146 149 150 153 154 155 157 158 160 162 163 165 166 167 168 171 172
34 127 128 129 131 132 133 134 136 137 141 142 143 145 146 147 148 149 151 152 153 154 155 156 157 159 160 161 162 163 166 168 172 173 174
27 127 128 130 131 132 133 136 137 140 142 143 144 147 148 150 152 155 157 158 160 162 163 164 165 172 173 174
15 130 135 136 139 144 146 147 155 156 157 158 162 164 168 171
32 126 127 130 132 133 134 135 138 139 142 143 146 147 148 149 150 152 153 154 155 156 160 161 163 166 168 169 170 171 172 173 174
29 126 127 128 129 131 133 134 136 137 138 139 143 144 145 147 149 150 153 154 155 156 157 159 160 161 165 167 169 172
32 126 127 129 130 131 132 134 136 139 140 141 143 144 148 149 150 151 152 154 155 156 160 161 162 163 164 166 167 168 172 173 174
25 126 128 129 130 135 136 137 138 147 148 149 150 151 152 153 156 158 160 161 164 165 168 169 170 174
18 129 133 134 135 136 137 138 147 148 150 151 153 159 162 164 165 169 174
31 126 127 128 130 131 132 133 135 136 137 139 140 141 146 147 150 152 154 156 158 159 160 161 162 165 166 168 170 172 173 174
24 126 128 129 132 134 136 138 140 142 145 148 149 151 152 153 159 161 162 163 164 165 172 173 174
21 126 131 134 137 141 142 143 144 148 149 150 151 156 158 163 165 166 168 169 170 174
20 128 130 131 132 133 135 138 139 142 144 146 148 149 157 158 160 166 171 172 174
28 126 127 131 134 135 137 138 140 141 143 145 146 147 148 149 150 151 153 154 158 159 162 164 166 169 170 172 174
27 126 128 129 131 132 134 135 139 140 141 142 143 147 149 150 156 158 159 160 162 164 167 169 170 172 173 174
19 126 127 138 139 141 145 147 148 150 151 156 159 161 164 168 169 171 172 173
20 126 131 132 134 138 139 141 142 146 153 154 156 159 160 164 168 169 172 173 174
20 130 131 136 137 140 142 143 145 147 150 154 158 161 164 167 168 169 170 172 173
19 131 132 134 135 136 139 145 148 149 151 156 158 159 160 162 167 170 171 174
30 127 128 129 131 133 134 136 137 138 139 140 142 143 144 146 149 150 151 154 155 156 157 159 160 161 162 163 165 166 171
17 127 134 136 139 143 145 148 150 151 152 153 154 156 157 160 164 168
24 126 127 128 129 130 133 134 138 139 141 144 147 149 150 152 154 155 157 159 161 162 169 172 173
32 126 129 130 133 134 135 137 138 140 143 144 145 146 147 148 150 152 153 154 155 157 158 159 160 162 163 164 165 167 168 169 170
26 128 130 133 134 136 137 143 145 146 148 149 150 152 153 155 158 160 162 164 165 166 167 169 171 173 174
31 126 127 129 130 131 133 136 138 140 141 142 143 146 147 149 150 151 153 154 155 157 158 159 160 161 162 164 167 168 172 173
20 127 129 132 135 137 143 145 147 149 150 156 157 158 159 163 164 165 169 171 172
15 127 134 140 142 146 147 148 149 156 157 160 161 165 169 174
33 126 128 129 130 132 133 134 135 139 143 144 145 146 147 148 149 150 151 152 153 154 157 159 161 162 163 164 165 167 168 169 170 173
17 127 130 131 135 137 138 140 142 144 146 153 155 160 161 163 164 170
33 126 128 130 131 132 133 135 136 137 138 139 141 142 143 146 148 149 152 153 154 155 156 157 158 159 161 163 164 166 168 169 172 173
15 129 130 131 138 142 144 147 154 157 159 163 166 168 170 172
27 126 127 129 131 133 134 138 139 143 144 145 147 148 150 151 153 154 155 156 158 159 165 167 169 170 172 173
15 128 131 134 137 138 145 146 150 154 155 162 167 168 170 173
30 127 130 133 134 135 136 138 139 140 142 143 144 145 147 148 150 152 153 154 157 160 161 162 163 164 168 169 170 172 173
23 126 127 129 130 134 135 137 142 146 147 148 149 150 157 161 164 166 167 168 169 170 173 174
25 127 128 130 131 135 136 138 139 142 143 144 149 150 151 152 153 154 158 160 163 165 169 170 173 174
19 126 127 128 136 137 138 139 142 143 152 153 154 162 163 165 169 170 171 173
18 127 130 134 135 140 143 144 151 156 157 160 163 164 167 168 169 170 172
23 127 128 129 131 132 134 135 136 137 138 143 150 151 152 155 156 158 161 162 165 168 170 172
32 127 129 131 135 136 137 138 139 140 144 145 146 147 149 150 151 153 154 157 158 159 161 162 163 164 165 169 170 171 172 173 174
24 129 132 133 135 138 140 141 142 145 146 148 149 151 152 153 154 155 158 162 165 167 168 170 172
30 126 129 131 133 136 138 139 140 141 144 145 146 147 148 149 150 151 153 155 157 159 160 162 164 165 166 168 169 172 173
33 126 127 128 131 132 134 136 137 139 141 143 144 145 146 147 148 149 150 151 152 153 155 157 160 161 162 163 164 166 167 169 170 174
15 127 132 138 139 147 151 152 153 155 157 161 162 165 169 172
26 126 129 130 131 133 135 138 142 144 145 146 147 148 149 151 152 154 157 159 162 166 167 169 170 172 174
27 128 129 130 131 132 133 134 136 138 141 143 146 147 148 149 153 154 155 157 158 162 163 167 168 169 171 172
20 126 127 128 131 132 134 138 143 147 149 150 152 154 156 157 158 160 164 165 173
21 126 128 129 135 136 137 140 141 144 145 146 148 149 152 155 158 159 160 164 166 169
28 127 129 130 131 135 136 139 141 143 144 146 149 150 152 154 156 157 158 159 161 162 165 166 167 170 171 173 174
33 126 127 128 129 131 132 133 134 135 136 138 139 140 144 145 146 147 149 150 152 153 154 155 156 157 161 162 163 164 166 171 173 174
28 126 127 130 131 132 133 135 137 138 139 140 141 142 144 146 147 148 153 154 155 156 159 162 164 166 167 169 172
32 127 128 129 130 131 132 133 134 137 138 140 141 143 145 147 148 149 152 153 156 157 158 159 160 161 162 163 165 166 171 172 173
30 126 129 130 131 132 135 136 137 139 140 142 143 149 150 152 154 155 156 157 161 162 163 164 165 166 167 170 171 173 174
22 126 127 129 130 131 133 134 137 138 140 143 147 150 152 156 159 161 162 168 169 171 172
14 126 130 131 133 134 135 140 141 144 145 157 158 167 169
23 126 131 132 134 135 137 138 142 144 147 151 152 153 155 156 157 159 160 161 164 166 172 174
28 126 127 129 130 132 134 135 136 139 140 141 142 146 149 150 151 152 154 155 157 160 161 166 167 169 170 173 174
21 127 129 131 134 137 138 139 142 145 146 150 151 154 157 159 163 167 169 171 172 174
32 126 130 131 133 134 135 136 138 139 140 141 142 143 144 145 147 150 151 153 154 155 158 159 161 163 166 167 168 169 170 171 174
33 126 129 130 131 132 133 136 138 142 143 144 145 146 147 149 150 151 154 155 156 157 158 159 160 161 163 164 165 166 168 169 170 173
15 128 130 132 133 137 138 141 142 145 147 153 162 164 171 174
34 126 127 129 130 131 132 133 135 136 137 138 139 140 142 143 144 146 149 150 152 153 154 156 157 160 161 165 166 167 168 169 172 173 174
19 127 128 131 138 140 143 150 151 152 153 157 159 161 162 163 165 168 171 172
27 126 130 131 132 133 134 139 141 142 143 145 146 147 150 151 152 153 154 157 160 161 163 165 166 167 172 173
30 127 128 130 132 134 135 136 137 138 141 142 143 145 146 148 150 151 153 154 155 156 157 159 161 162 164 165 166 167 172
17 127 133 139 141 145 149 152 159 164 165 168 169 170 171 172 173 174
30 126 127 128 129 130 131 132 134 137 139 140 141 142 144 145 146 151 153 155 157 159 160 162 164 166 167 171 172 173 174
28 129 130 134 135 138 140 142 144 145 147 148 149 150 151 152 153 154 155 156 157 158 163 164 166 168 170 171 172
30 126 131 132 133 134 136 137 139 140 142 143 145 146 147 151 152 153 155 156 158 160 161 163 165 166 168 169 171 172 173
17 126 127 134 140 141 148 152 153 154 156 158 160 161 165 167 168 169
29 128 130 133 136 139 140 141 142 144 145 147 149 150 151 154 156 158 159 160 162 163 164 165 166 167 170 171 173 174
17 134 135 137 139 140 146 148 149 152 154 155 160 161 164 169 170 172
32 126 127 129 130 132 134 135 138 140 142 143 146 147 148 149 151 155 157 158 159 161 162 163 164 165 166 167 168 169 170 171 172
14 126 130 132 135 136 143 145 147 148 149 151 157 164 166
21 129 131 132 133 134 135 136 137 138 145 147 148 154 156 160 162 163 164 165 170 174
22 126 134 135 136 138 139 140 141 142 145 147 148 154 156 157 159 163 165 166 167 171 174
32 126 127 128 129 131 132 134 135 136 138 142 143 144 145 147 148 149 153 154 155 156 159 160 161 162 164 168 169 170 171 172 174
18 130 133 134 136 139 140 142 144 152 154 155 157 158 162 167 171 172 173
23 131 134 136 143 145 146 147 148 149 151 153 154 155 156 158 159 163 164 168 169 170 173 174
29 127 131 132 133 134 135 136 137 139 140 142 143 145 148 149 150 153 154 155 156 158 159 160 161 162 164 167 168 171
17 131 135 136 137 139 141 142 143 145 146 150 151 164 165 166 170 172
22 127 129 132 134 135 136 142 143 144 147 149 150 151 152 157 160 161 162 163 170 171 172
24 127 129 130 131 132 133 134 138 143 147 149 150 151 155 156 157 158 160 161 163 164 166 167 172
29 126 127 128 130 131 132 133 134 138 140 142 145 146 150 151 152 153 158 159 160 163 165 166 167 168 169 170 172 174
18 133 136 138 140 141 143 144 147 151 152 155 159 161 162 167 170 172 173
28 126 127 128 130 134 135 136 143 144 146 148 149 150 152 155 156 157 158 160 161 162 168 169 170 171 172 173 174
32 127 129 130 131 132 133 134 135 136 137 139 140 141 142 145 146 148 149 153 155 159 160 162 163 164 165 166 167 168 169 170 174
17 127 131 136 138 139 140 141 142 143 144 147 148 149 152 155 161 166
24 127 128 130 131 135 140 141 143 145 148 150 151 153 154 155 159 160 163 166 167 169 170 171 172
18 128 129 131 132 133 136 139 145 146 151 153 154 160 164 166 169 173 174
27 128 129 133 134 135 137 138 139 141 143 146 147 149 151 152 154 155 157 162 163 164 167 168 169 170 171 174
18 129 130 131 134 135 138 143 145 147 154 157 162 163 164 165 167 170 174
22 131 132 134 137 141 142 143 145 148 152 156 158 159 160 161 162 163 165 167 169 170 173
19 128 130 132 134 135 140 142 143 144 148 153 155 157 158 162 164 165 167 169
21 128 130 131 133 141 144 147 148 149 152 153 155 158 161 162 164 167 169 170 171 174
30 126 127 128 129 130 131 132 133 138 141 142 143 145 147 151 153 154 155 156 157 159 161 162 163 164 165 168 169 171 174
18 130 132 138 142 143 145 151 152 153 156 159 160 162 164 166 168 169 170
25 127 128 129 130 132 135 136 139 144 146 147 148 150 154 158 162 163 164 165 168 169 170 171 172 173
16 126 131 136 139 140 141 143 153 154 157 159 163 164 166 167 173
22 127 129 131 136 139 140 142 148 149 151 152 154 155 156 157 158 159 162 168 170 171 173
16 132 134 139 146 149 150 151 153 154 155 159 163 164 167 169 171
29 127 128 129 130 131 132 136 138 139 142 147 151 152 153 155 156 157 159 161 162 163 165 168 169 170 171 172 173 174
26 127 128 130 133 134 135 138 139 143 144 146 147 148 149 150 152 154 156 158 161 163 168 169 171 173 174
30 128 130 131 132 134 135 138 139 141 142 143 147 148 149 152 153 154 155 161 162 163 164 167 168 169 170 171 172 173 174
18 127 129 130 131 134 140 141 142 149 150 153 156 162 163 164 165 166 172
29 126 127 128 130 131 133 136 137 142 145 147 148 149 150 151 152 155 156 157 158 161 162 163 164 166 167 169 171 173
32 126 127 128 129 130 131 132 134 135 137 138 139 140 144 149 150 153 154 156 157 160 161 162 163 164 166 169 170 171 172 173 174
22 126 127 129 130 131 133 135 136 139 140 143 144 148 149 153 157 159 160 164 166 167 174
21 128 131 132 133 134 137 138 143 144 145 147 149 152 154 156 157 160 163 164 165 166
32 126 127 128 129 130 133 134 135 137 138 140 142 145 147 148 149 151 153 154 155 156 158 161 162 163 167 168 169 170 172 173 174
32 126 128 130 133 135 137 138 139 140 141 142 143 146 150 152 153 154 155 156 157 158 159 160 161 164 165 166 169 170 171 172 174
29 126 127 129 130 132 133 134 137 138 139 140 142 143 144 146 147 148 149 151 153 154 159 161 163 165 166 170 171 173
31 127 128 130 132 133 134 135 136 137 140 144 145 147 148 151 154 155 156 158 159 160 162 164 165 166 167 168 170 171 172 174
31 126 128 130 132 133 134 135 136 139 140 141 142 143 144 145 148 150 151 152 155 156 158 161 162 163 166 167 168 170 171 173
22 126 128 130 131 133 134 136 137 141 144 149 154 156 157 158 165 166 167 168 169 170 171
23 126 129 130 131 132 133 135 137 139 140 142 151 153 154 159 160 162 165 167 168 170 171 173
33 126 127 128 129 133 134 136 137 138 141 143 145 147 151 154 155 156 158 159 160 161 162 163 165 166 167 168 169 170 171 172 173 174
18 127 128 130 131 133 135 141 150 151 152 156 165 166 167 168 169 172 173
6 180 181 191 205 211 215
12 175 176 177 179 181 184 193 197 203 204 205 211
18 176 177 180 186 188 196 197 198 200 201 202 205 206 210 212 214 215 216
5 176 185 186 188 212
13 177 182 186 192 200 202 203 206 208 209 213 214 216
15 177 178 179 182 186 187 188 190 191 195 203 204 210 211 215
9 178 182 183 190 192 195 205 209 210
14 175 184 193 194 197 199 200 201 202 206 212 213 214 216
8 175 182 183 185 189 199 204 213
13 176 181 182 184 187 188 190 193 197 200 204 206 209
6 191 194 195 198 207 211
5 179 189 195 202 212
19 177 178 184 186 187 189 191 192 194 196 197 198 199 202 203 204 208 209 216
7 175 180 191 194 206 212 215
6 176 177 181 191 194 211
23 175 176 178 179 183 184 185 187 188 189 190 193 194 195 196 197 198 199 201 204 207 210 212
13 180 181 185 187 194 195 198 202 203 206 209 214 216
16 175 177 178 179 180 182 183 186 189 190 193 194 199 204 207 212
10 175 178 180 182 183 190 207 210 211 215
8 175 176 181 190 195 201 206 214
12 176 177 180 185 192 193 196 199 203 207 209 211
5 178 187 195 202 208
13 181 184 188 189 192 195 198 199 204 205 208 213 216
8 189 197 198 200 202 207 213 215
20 183 186 187 188 189 190 191 193 195 198 201 204 207 209 210 211 212 213 214 216
22 175 176 177 178 179 180 181 182 184 185 192 194 196 197 199 200 202 203 205 206 208 215
24 175 178 179 181 182 183 184 185 187 189 190 191 192 193 194 195 199 203 204 207 208 209 211 213
17 175 182 183 186 188 190 191 193 195 197 198 199 208 209 210 213 215
10 181 184 188 195 198 201 202 210 213 216
11 178 185 187 200 202 203 208 210 212 213 214
16 176 185 187 191 192 196 197 200 203 205 206 208 209 211 214 215
15 178 183 184 188 191 195 198 200 202 203 204 206 212 213 214
20 175 177 179 181 182 183 187 188 190 192 196 197 198 205 206 209 210 211 213 214
7 177 179 184 188 192 197 204
12 176 180 181 188 200 203 205 208 210 214 215 216
12 175 177 178 180 181 182 183 186 191 192 194 201
22 176 179 184 185 187 188 190 193 195 196 199 203 204 205 206 208 209 210 211 212 214 216
20 175 177 179 180 181 190 191 192 193 194 195 196 200 203 204 207 209 210 213 214
14 175 180 182 184 186 190 192 195 196 197 198 201 204 206
11 179 183 188 189 193 199 205 207 209 215 216
20 179 185 186 188 189 193 194 195 196 197 198 199 200 201 205 206 209 212 214 216
8 179 182 183 185 188 200 207 213
22 175 176 178 182 183 186 189 190 191 193 196 199 200 201 205 207 208 210 211 212 213 215
11 175 176 179 187 192 197 203 204 207 214 215
8 176 177 184 192 203 204 208 213
16 176 177 181 183 186 190 191 194 196 198 201 205 206 210 211 213
9 175 181 184 187 193 198 199 214 215
14 176 184 186 190 191 198 199 202 204 205 210 211 213 214
12 176 182 185 189 197 199 201 205 210 211 215 216
16 175 176 177 183 185 187 197 198 199 200 201 205 207 212 215 216
11 177 178 182 183 186 190 191 196 208 209 210
19 177 179 180 189 191 194 196 197 200 201 202 203 204 206 207 208 211 213 216
13 176 180 181 183 185 189 192 196 198 205 207 208 209
13 176 177 178 179 182 193 197 200 202 207 209 210 211
11 175 178 185 187 189 201 202 207 209 213 214
7 180 193 205 210 211 212 215
14 175 178 179 180 187 189 192 193 195 197 203 207 208 215
9 175 181 184 189 190 197 198 213 214
16 179 182 183 186 188 191 194 200 201 204 205 206 210 212 215 216
20 180 181 184 185 188 189 193 194 195 198 199 200 201 202 205 206 211 212 213 216
26 178 179 180 181 182 184 186 188 189 190 191 192 193 194 195 196 202 203 204 206 208 209 210 211 213 214
9 183 185 186 187 190 196 201 203 214
25 176 177 178 179 180 181 184 185 187 189 192 194 196 200 201 202 203 204 205 206 207 211 212 214 216
30 178 180 182 183 185 186 187 188 189 190 191 192 194 195 196 198 199 200 201 202 206 207 208 209 210 212 213 214 215 216
10 175 180 183 186 191 196 199 207 210 216
7 175 186 187 190 192 193 194
8 177 179 180 181 196 207 208 209
26 175 178 179 180 182 184 185 187 188 189 192 193 195 197 199 200 202 203 204 207 208 209 212 214 215 216
14 177 178 185 192 194 198 201 203 205 208 211 213 214 215
14 177 181 182 183 185 188 194 196 200 201 206 209 212 216
5 184 188 191 193 215
22 176 178 180 184 185 186 189 191 193 194 195 199 200 201 202 203 204 207 208 212 215 216
22 176 178 182 183 184 185 186 187 188 189 197 198 199 201 202 205 206 208 211 212 215 216
16 177 178 179 184 186 187 190 192 193 196 197 201 202 206 209 212
26 176 177 179 180 181 182 183 186 190 192 194 195 196 197 198 199 200 203 204 205 206 208 210 211 212 216
4 181 187 191 202
6 175 176 181 190 195 206
7 178 182 183 190 205 209 210
11 180 181 183 185 189 192 198 205 207 208 209
17 175 177 180 181 191 192 194 195 196 200 203 204 207 209 210 213 214
19 176 179 184 185 188 190 193 195 196 199 203 205 206 208 209 210 211 212 214
12 175 177 181 183 187 188 192 197 198 206 211 213
5 183 199 207 209 216
15 175 178 179 183 188 189 190 193 196 198 199 204 207 210 212
5 180 191 194 212 215
10 181 182 185 188 194 196 200 201 206 209
11 175 176 178 182 185 192 196 199 202 203 208
11 181 184 188 189 192 195 198 199 204 205 208
18 177 178 180 181 185 187 189 192 196 200 201 202 203 205 206 211 214 216
6 175 179 181 197 203 211
17 180 181 184 185 188 193 194 195 198 199 201 202 205 206 211 213 216
10 184 188 189 192 195 198 204 205 208 213
15 185 186 188 189 193 194 195 198 201 205 206 209 212 214 216
11 177 181 182 183 194 196 200 201 209 212 216
11 184 186 190 191 198 199 204 210 211 213 214
10 177 185 192 194 198 201 208 213 214 215
7 180 183 191 196 199 210 216
5 182 183 199 204 213
2 179 212
12 185 188 189 194 195 198 199 200 201 202 211 213
8 178 188 191 195 198 202 206 212
6 182 183 190 192 209 210
13 176 177 183 185 197 198 199 200 205 207 212 215 216
9 175 178 179 180 187 189 195 208 215
17 175 176 178 182 183 190 193 196 199 200 205 207 208 210 211 213 215
20 178 179 181 182 184 185 187 189 190 191 192 193 194 195 199 203 204 207 209 213
7 181 183 194 196 200 206 212
9 179 184 186 187 193 196 197 201 206
4 176 181 191 194
8 182 186 192 195 197 201 204 206
5 179 181 207 208 209
7 181 184 190 197 198 213 214
3 178 187 202
7 175 185 187 207 209 213 214
7 182 200 202 203 206 209 213
7 178 182 192 195 205 209 210
18 176 177 178 179 181 184 185 187 189 194 196 201 204 205 206 207 214 216
13 175 177 179 181 182 183 187 188 192 196 197 213 214
14 176 180 186 196 197 198 201 202 206 210 212 214 215 216
3 177 194 211
8 177 182 186 192 202 208 214 216
4 178 183 190 192
13 176 177 181 183 186 190 191 196 201 205 206 210 213
5 176 177 181 191 194
6 175 184 189 190 197 214
10 182 186 188 191 204 205 210 212 215 216
11 180 181 184 188 195 198 199 201 206 212 216
11 180 181 185 187 195 198 203 206 209 214 216
12 176 185 187 191 192 197 200 203 205 209 214 215
6 176 181 190 195 201 206
21 176 179 181 184 185 187 189 192 194 196 200 201 202 203 205 206 207 211 212 214 216
6 175 187 197 207 214 215
17 176 179 185 187 188 193 196 199 203 205 208 209 210 211 212 214 216
9 175 182 183 186 189 190 199 204 207
10 175 177 178 180 181 182 183 191 194 201
19 175 176 177 178 179 180 181 182 184 185 192 196 197 199 202 203 205 208 215
6 187 188 190 193 200 209
8 177 182 192 200 202 203 213 216
8 176 177 178 193 200 202 207 211
6 178 180 182 183 210 215
16 180 181 184 185 188 193 195 198 199 200 201 202 205 206 211 213
7 189 195 198 199 204 205 216
6 184 189 192 204 213 216
12 175 176 177 185 198 199 200 201 205 207 212 215
4 182 192 195 205
9 176 180 181 188 200 205 214 215 216
12 177 178 185 192 198 203 205 208 211 213 214 215
3 188 191 215
17 178 179 181 182 183 184 189 190 193 195 199 203 207 208 209 211 213
16 175 176 179 183 187 188 189 190 193 195 196 199 201 204 207 212
14 175 178 180 188 189 193 195 197 199 200 204 207 208 209
16 176 184 185 187 188 190 193 203 204 205 206 208 209 210 212 214
8 176 183 187 200 201 205 215 216
9 176 185 189 197 201 205 210 211 216
11 181 184 185 188 189 195 200 201 202 205 212
2 181 191
3 191 193 215
4 186 190 192 193
8 175 177 178 181 183 186 192 201
11 187 188 191 201 204 207 209 211 212 213 216
3 188 193 215
9 176 177 180 192 193 196 199 203 207
13 179 180 184 189 193 195 197 202 203 209 214 215 216
15 179 185 186 188 189 193 194 196 199 200 201 205 206 209 212
4 186 190 192 194
14 177 178 184 186 189 196 197 199 202 203 204 208 209 216
7 184 195 198 201 202 213 216
6 187 203 208 210 212 214
5 181 190 197 198 214
12 176 179 184 188 190 195 196 197 201 204 207 212
5 182 190 192 209 210
7 177 186 202 203 206 208 216
13 182 183 186 191 194 200 201 204 205 206 210 212 216
12 182 183 186 191 200 201 204 205 206 210 215 216
10 176 180 181 183 185 189 198 207 208 209
26 178 180 182 183 185 186 187 188 189 190 192 194 195 198 200 201 202 206 207 208 209 212 213 214 215 216
2 195 208
17 176 177 179 186 190 192 195 199 200 203 204 205 208 210 211 212 216
11 179 180 181 191 192 193 194 203 204 209 214
4 189 198 213 214
10 177 182 186 200 202 203 206 209 213 216
10 181 184 189 192 195 198 199 205 208 216
3 191 205 215
4 178 182 209 210
3 184 188 193
17 176 179 180 181 190 194 195 196 198 199 200 203 204 206 208 210 212
10 177 178 182 187 190 191 195 203 204 210
6 181 184 189 190 198 213
3 193 211 215
10 186 190 195 198 207 209 210 211 213 216
13 180 181 184 185 188 189 194 199 201 202 211 213 216
6 175 186 187 190 193 194
12 176 185 186 197 198 199 202 205 206 211 212 215
4 175 184 187 199
6 182 183 185 188 207 213
6 178 183 190 192 205 210
4 180 181 191 215
6 175 183 185 189 199 204
4 183 185 201 203
17 178 183 184 185 187 188 189 193 194 195 198 199 201 204 207 210 212
9 177 178 182 183 190 191 208 209 210
8 185 187 200 202 208 210 212 214
4 176 177 181 211
11 185 191 192 196 197 200 205 206 211 214 215
7 176 185 197 201 205 210 211
9 176 180 185 192 193 203 207 209 211
5 175 176 192 197 204
6 176 182 185 189 199 210
8 176 177 190 191 194 198 201 210
17 175 177 179 181 182 183 187 188 190 192 196 198 206 209 211 213 214
12 175 178 179 180 187 189 192 193 195 197 207 215
13 175 182 183 187 188 192 196 197 198 206 209 213 214
4 177 181 191 211
11 185 186 188 189 193 195 197 201 205 212 216
18 178 183 184 185 186 187 188 189 197 199 201 205 206 208 211 212 215 216
9 175 183 187 197 199 200 201 205 207
14 175 182 183 186 188 191 193 195 197 199 209 210 213 215
4 189 202 207 215
7 175 178 182 190 207 210 211
16 176 177 180 188 196 197 198 200 201 202 205 206 210 214 215 216
4 180 205 211 212
15 177 179 180 181 190 194 195 196 200 203 204 207 209 210 214
6 180 185 193 203 207 211
3 181 191 202
6 183 188 207 209 215 216
6 176 177 179 193 200 209
19 176 179 184 185 187 188 190 193 196 199 204 206 208 209 210 211 212 214 216
3 194 195 198
16 175 176 177 178 179 181 184 185 194 197 199 200 202 205 208 215
6 178 182 183 192 209 210
7 183 186 196 199 207 210 216
18 180 182 183 185 186 187 188 189 192 194 196 202 207 208 210 213 214 216
3 177 194 211
6 179 183 193 199 205 207
18 179 184 185 187 188 190 193 195 196 199 204 205 208 209 210 212 214 216
6 176 182 184 190 204 206
8 177 182 186 200 202 203 206 216
5 179 184 192 197 204
16 178 179 180 186 188 189 191 192 196 202 203 206 208 209 213 214
13 175 177 179 181 182 183 188 192 196 206 210 211 214
7 178 187 202 208 210 212 214
12 177 185 192 198 201 203 205 208 211 213 214 215
6 179 182 183 185 188 213
4 175 185 189 204
10 186 187 190 192 196 197 201 202 206 209
8 177 179 186 187 188 190 204 215
16 178 180 181 184 186 188 189 192 194 196 202 203 208 210 213 214
5 180 191 206 212 215
4 177 192 197 204
7 175 177 178 180 182 183 194
3 180 205 211
5 183 189 199 204 213
11 176 177 183 190 194 196 198 201 210 211 213
6 179 182 183 188 200 207
4 179 189 202 212
12 175 179 180 187 189 192 193 195 197 203 208 215
3 198 207 211
5 179 188 192 197 204
21 176 177 179 180 181 182 186 190 192 194 195 197 198 199 200 204 205 208 210 212 216
16 177 178 184 186 187 189 191 192 194 196 197 198 199 203 204 216
14 175 182 186 189 190 191 196 200 201 207 208 210 211 213
21 178 182 183 185 186 188 190 191 195 196 198 201 202 206 207 208 209 212 214 215 216
13 178 179 181 182 183 184 190 191 192 193 199 208 211
7 179 187 192 203 207 214 215
20 175 178 179 181 182 183 185 187 189 190 191 192 193 194 199 204 207 208 209 211
16 176 180 184 185 186 189 191 193 194 195 199 200 201 203 207 216
12 176 177 180 188 196 197 198 202 205 206 212 216
17 176 178 182 183 186 191 193 196 199 201 205 207 208 210 211 212 215
11 177 178 186 191 192 194 197 203 204 209 216
9 177 182 186 192 203 206 209 214 216
6 180 196 199 207 210 216
10 175 179 180 187 192 193 203 207 208 215
12 183 186 187 188 191 193 195 201 204 207 212 216
12 177 179 181 182 190 192 197 198 205 206 211 213
17 177 179 180 191 192 193 194 195 196 200 203 204 207 209 210 213 214
4 184 188 191 193
12 184 185 186 189 197 198 199 201 205 206 208 216
3 185 186 188
11 177 181 182 183 185 196 201 206 209 212 216
17 177 179 180 186 190 194 195 196 197 198 199 200 204 205 210 212 216
9 175 176 177 179 181 184 193 205 211
6 177 179 184 192 197 204
15 177 179 180 189 191 194 196 197 200 202 203 206 207 211 216
10 180 185 187 198 202 203 206 209 214 216
11 176 184 185 190 193 195 205 206 209 212 214
6 177 180 181 196 207 208
4 197 200 213 215
11 182 186 191 194 200 201 204 205 206 210 216
10 175 176 177 179 181 193 203 204 205 211
7 176 183 189 192 198 207 209
12 177 178 186 187 189 192 194 196 199 204 209 216
17 175 178 179 181 184 185 189 190 192 193 194 195 203 207 208 209 211
3 177 194 211
16 178 179 180 181 182 188 189 191 192 195 196 203 204 210 211 213
7 178 182 186 190 191 208 210
7 185 189 201 210 211 215 216
2 191 202
14 177 180 189 191 194 196 200 201 202 203 204 211 213 216
3 195 202 212
6 178 203 208 210 212 213
14 180 183 186 189 193 196 202 203 206 207 208 210 212 216
26 175 176 177 179 181 182 188 189 191 194 195 197 200 202 203 204 205 207 208 209 210 212 213 214 215 216
28 175 177 178 180 181 184 185 186 190 191 193 194 195 197 198 199 201 202 203 204 205 206 209 210 211 213 214 215
15 177 180 187 188 189 190 196 198 199 200 201 202 204 208 212
27 175 176 177 178 181 183 185 186 190 191 193 194 195 197 198 199 201 202 203 204 207 209 210 212 213 215 216
15 178 179 180 182 184 186 194 196 198 204 206 211 212 213 214
24 175 176 178 181 182 184 186 187 188 191 192 194 195 196 198 199 200 203 205 208 209 213 215 216
18 176 181 182 185 186 187 188 189 196 200 204 205 208 210 211 213 215 216
27 176 177 179 182 183 184 186 187 188 189 190 191 192 193 195 197 198 203 204 206 207 209 211 212 213 214 215
27 176 177 179 180 181 182 183 184 187 189 190 192 193 194 196 197 198 200 201 203 207 211 212 213 214 215 216
13 182 183 188 196 198 201 202 204 205 208 213 214 216
15 175 179 183 185 189 190 198 200 204 205 206 207 209 212 216
27 175 176 177 178 179 180 181 184 185 187 190 191 194 196 198 199 200 203 205 206 208 209 210 211 212 214 215
12 178 187 191 195 202 204 206 208 211 212 214 215
20 178 179 180 183 184 185 188 189 193 194 198 202 205 206 207 209 210 213 214 216
21 175 177 178 179 180 181 182 183 185 186 187 194 199 200 201 202 204 209 212 213 216
14 177 178 183 185 187 189 193 194 200 201 208 210 212 215
23 178 179 180 181 183 185 186 187 188 189 191 192 194 195 196 197 200 203 204 205 207 211 215
26 176 180 183 184 185 187 188 190 192 194 195 196 197 198 200 202 204 207 208 209 210 212 213 214 215 216
13 175 178 181 183 184 186 189 193 194 203 205 207 209
28 175 177 178 180 182 183 186 187 188 190 191 192 193 194 196 198 200 201 203 204 205 209 210 211 213 214 215 216
25 177 179 183 184 185 186 188 189 190 191 192 193 194 196 197 200 204 206 207 208 210 212 213 215 216
13 181 182 186 187 188 193 195 201 203 206 207 212 216
23 175 177 178 181 184 185 187 188 190 191 192 193 194 195 196 197 198 199 201 206 211 212 214
24 177 180 181 182 183 184 187 188 189 190 191 192 193 195 198 199 201 203 204 207 208 214 215 216
22 176 179 180 181 183 185 186 187 188 191 193 195 196 197 198 200 202 203 210 212 214 215
25 177 178 179 181 183 184 185 186 187 188 189 191 192 195 196 197 199 203 205 206 208 209 211 213 214
14 180 183 192 196 197 198 202 204 205 206 208 211 214 216
21 176 178 181 182 184 188 189 191 193 194 195 196 197 199 203 204 205 207 208 214 216
23 175 176 180 182 184 186 189 190 191 192 193 194 195 197 200 201 202 204 206 208 210 211 216
17 175 177 183 189 191 198 200 201 202 204 206 207 209 210 211 213 215
18 178 179 183 184 186 188 191 192 194 195 197 199 200 201 208 212 214 215
17 175 176 179 181 182 184 185 189 191 194 198 208 209 211 212 214 215
18 175 176 177 178 182 183 185 186 187 188 190 193 194 195 200 205 209 215
24 175 178 181 182 183 184 185 186 187 189 191 193 194 197 198 200 202 203 204 205 206 211 213 215
21 175 176 178 181 182 184 187 188 189 190 191 193 196 198 202 205 206 209 210 211 215
26 175 176 177 179 181 183 188 189 191 192 195 196 197 198 199 200 201 203 204 207 208 209 210 213 214 216
24 176 177 179 181 182 183 188 189 191 193 195 196 198 199 200 201 203 205 206 207 209 211 213 216
23 175 176 177 180 183 186 188 189 190 192 193 194 198 200 202 203 205 206 207 208 212 213 214
20 175 176 180 183 184 186 189 193 195 196 198 199 201 204 205 208 209 211 214 215
13 175 180 182 184 187 188 189 196 198 199 201 204 213
15 177 178 179 183 185 190 191 193 196 197 205 213 214 215 216
15 175 176 181 184 187 190 191 192 195 196 198 202 208 212 213
26 175 176 179 185 188 191 192 193 194 196 198 199 200 201 202 203 204 206 208 209 210 211 212 213 214 215
14 177 179 182 184 185 189 192 194 195 197 200 203 206 211
28 175 178 179 181 182 183 184 185 186 188 189 191 192 194 195 197 199 201 203 205 206 207 209 210 211 213 214 216
16 179 182 184 186 187 189 192 193 194 195 197 201 204 208 213 215
20 175 176 177 179 181 182 184 187 188 190 195 201 203 205 207 208 209 211 212 215
20 177 178 179 181 185 188 190 191 194 195 196 198 199 203 206 207 208 211 212 213
19 175 179 180 181 182 183 191 194 195 200 201 203 204 205 207 209 210 214 216
13 178 188 195 197 198 200 201 204 206 210 212 213 216
15 178 179 185 187 189 193 194 196 202 203 207 208 209 214 216
27 176 179 180 182 183 184 185 187 189 190 191 192 194 196 197 198 199 200 201 202 204 206 208 211 212 213 216
25 176 182 183 184 187 188 189 191 192 194 195 197 198 199 200 201 203 204 205 208 209 212 213 214 216
17 176 178 180 181 183 185 186 189 192 194 205 206 207 210 212 213 215
28 175 176 178 179 180 182 184 185 186 187 188 190 191 192 194 196 199 202 204 205 206 207 208 209 210 211 214 216
27 175 176 178 179 181 182 183 184 185 188 189 190 192 193 194 195 196 197 200 201 202 203 205 206 209 214 215
22 176 179 180 181 182 183 185 188 189 190 195 196 198 204 205 207 209 210 212 213 214 215
14 175 178 182 186 196 202 204 205 208 209 210 212 214 215
19 175 176 177 180 181 182 185 189 190 191 197 198 200 201 205 206 208 209 215
13 176 180 185 187 189 192 201 202 203 205 213 214 216
15 177 179 180 182 183 186 187 196 201 202 203 205 208 212 216
26 175 179 181 183 184 185 187 191 192 194 195 196 199 200 201 202 203 204 205 206 208 209 210 214 215 216
14 177 185 189 190 191 192 196 198 199 203 204 206 207 210
25 175 178 180 181 183 184 185 186 187 189 190 191 192 196 198 200 201 205 206 208 209 213 214 215 216
14 176 178 182 183 184 185 186 187 188 190 196 203 207 211
24 180 181 182 183 185 187 189 193 194 195 196 198 200 201 203 204 205 206 207 211 212 214 215 216
26 176 177 178 179 180 181 182 184 185 186 187 188 189 190 194 198 201 202 203 204 206 208 209 211 213 216
13 176 177 180 183 188 191 193 200 205 208 209 211 212
18 177 178 180 183 184 187 188 189 191 195 196 200 201 204 209 212 214 215
22 175 176 177 179 184 185 188 192 193 194 195 196 200 201 203 204 205 206 207 209 214 216
18 178 181 182 184 186 188 190 192 193 196 199 201 207 208 209 210 211 214
23 175 176 177 178 179 180 182 185 188 191 194 195 197 198 199 200 201 202 203 205 212 213 214
18 176 178 184 186 187 190 191 195 198 200 202 204 205 206 210 213 214 215
22 175 181 183 185 187 188 190 192 193 196 198 200 201 203 204 207 208 209 211 212 213 215
20 175 176 177 178 181 183 192 193 194 197 198 199 202 203 205 209 210 211 212 213
13 179 190 192 193 195 196 197 200 204 206 211 214 216
17 180 183 184 185 186 188 189 193 196 197 200 204 207 211 214 215 216
22 175 176 179 181 183 186 188 189 190 191 192 198 199 200 203 204 207 208 209 210 212 214
21 175 177 178 182 183 184 191 192 193 196 197 201 202 205 207 208 209 210 212 213 216
15 175 177 178 183 186 192 194 196 201 202 204 208 209 212 214
28 175 177 180 181 182 185 186 187 190 191 192 193 194 196 199 200 201 202 203 207 208 209 210 211 213 214 215 216
24 175 178 179 180 181 183 184 185 186 187 189 192 195 196 197 202 203 205 206 208 209 211 214 215
29 175 176 177 178 180 183 186 187 188 191 192 194 195 197 198 199 200 202 204 205 206 207 208 209 210 212 214 215 216
25 176 177 178 181 182 183 184 187 188 190 191 193 196 199 200 201 202 204 206 207 209 211 212 213 215
22 178 180 181 184 188 190 191 192 193 194 195 197 200 204 205 207 209 210 211 213 214 216
16 175 176 179 180 181 182 183 192 195 196 200 201 202 205 211 213
20 175 176 177 178 179 180 185 188 192 193 194 199 200 203 205 206 209 211 213 214
22 178 183 184 185 187 189 190 192 198 199 202 203 204 206 207 209 210 211 212 213 215 216
28 176 178 183 184 187 188 190 192 193 194 195 197 198 199 200 201 203 204 206 207 208 209 210 211 212 213 214 216
19 178 179 180 182 184 185 187 194 195 197 199 200 201 204 206 208 211 212 214
22 175 178 183 186 187 188 190 191 194 195 197 199 200 201 203 207 208 209 211 213 214 216
24 177 179 181 184 185 189 191 192 195 196 197 198 199 201 203 205 206 207 208 209 210 212 213 216
29 176 180 181 182 185 187 188 189 190 192 193 194 195 196 198 199 200 203 204 205 206 207 208 209 210 211 212 213 215
27 176 177 178 180 181 185 186 187 190 191 192 194 195 196 198 199 201 203 205 207 208 209 210 211 213 215 216
20 175 176 179 180 181 185 187 188 189 191 193 195 197 200 203 206 207 211 212 216
16 182 186 187 188 190 191 194 195 199 204 206 208 209 212 213 215
19 175 178 182 184 185 186 192 193 194 196 198 201 204 206 207 208 209 215 216
25 175 176 177 179 180 181 182 184 185 186 187 190 194 195 196 199 201 205 207 209 210 212 213 215 216
24 176 181 182 185 186 187 188 190 191 194 196 198 199 201 203 204 205 207 208 210 211 212 213 214
15 176 177 178 183 184 187 188 193 194 196 203 204 205 207 209
16 177 179 181 182 185 186 187 193 194 195 196 197 201 205 212 214
19 176 177 180 183 186 187 189 190 191 195 197 199 201 202 203 205 207 208 214
26 175 177 178 179 180 181 182 184 187 190 191 192 193 194 196 198 199 200 201 203 205 207 208 212 213 214
15 176 183 190 191 192 194 195 199 202 203 205 208 209 210 215
29 175 179 180 181 182 183 184 185 186 188 189 191 192 193 194 196 197 198 199 200 201 202 206 207 208 209 211 214 215
21 175 177 179 180 185 190 191 192 193 195 196 197 198 199 200 205 207 208 211 213 215
24 177 178 179 180 181 182 183 184 187 190 191 192 195 196 197 200 204 207 208 209 210 212 213 216
24 176 177 178 179 181 183 186 189 190 191 192 193 195 197 204 205 208 209 210 211 212 213 215 216
23 175 177 180 182 183 184 185 186 188 190 191 195 196 197 199 203 204 205 208 209 210 211 214
22 175 181 183 184 185 186 188 190 192 193 195 197 198 199 204 205 206 209 212 213 214 216
13 178 183 187 191 195 198 200 201 203 205 208 210 214
17 178 181 182 186 189 190 192 194 197 198 201 209 211 212 213 215 216
20 175 176 179 180 181 184 187 189 193 196 203 204 205 206 207 208 209 211 213 216
22 175 176 179 180 181 187 193 194 195 196 198 200 201 202 204 207 209 210 211 212 214 215
16 179 180 181 185 186 187 189 191 195 196 198 202 203 205 208 209
13 176 178 184 189 190 191 197 198 200 204 210 211 212
25 176 177 179 180 182 183 184 185 186 187 188 189 190 191 194 199 203 205 206 208 209 212 213 214 216
14 177 178 180 185 187 195 197 198 199 200 201 209 213 215
26 175 176 177 181 182 184 186 187 190 191 192 193 194 195 196 197 200 201 202 205 206 207 208 211 214 216
16 176 182 183 185 188 195 197 202 203 204 205 207 209 210 214 216
15 177 181 182 186 189 190 197 201 202 206 207 208 209 213 216
28 175 176 177 178 180 181 182 183 184 185 186 187 188 189 190 192 197 198 200 201 203 205 206 207 208 209 212 216
20 175 176 179 185 188 190 193 194 195 197 198 199 200 203 204 205 210 213 214 215
17 176 179 180 181 183 189 190 191 193 198 199 207 208 209 211 213 214
21 175 180 182 183 185 187 190 192 194 195 196 198 200 201 202 203 204 205 207 209 216
17 180 181 184 190 193 194 195 203 204 207 209 210 212 213 214 215 216
23 177 178 179 181 185 187 188 189 191 192 193 196 197 198 200 203 206 207 209 213 214 215 216
16 176 177 178 179 183 187 191 193 200 205 207 208 209 210 215 216
24 175 176 177 178 179 181 185 187 188 191 192 194 195 196 200 201 203 205 206 207 208 212 213 216
18 175 177 178 181 184 186 190 191 193 194 198 199 200 201 208 209 215 216
18 175 176 177 180 183 184 185 186 193 196 198 203 206 208 209 210 214 215
16 180 181 185 186 187 188 191 193 195 205 208 210 211 213 214 215
15 175 179 182 183 184 185 187 195 196 198 199 209 212 214 216
15 177 178 182 186 187 189 193 194 196 197 204 207 208 211 214
21 175 177 178 180 181 182 186 188 190 191 196 201 202 204 205 208 210 212 213 214 215
15 179 187 190 191 194 196 199 200 201 205 207 209 212 214 216
13 175 178 182 188 194 195 202 204 205 207 208 210 216
17 179 180 181 185 188 191 192 197 198 199 200 204 205 207 208 214 215
23 175 180 181 182 184 188 189 190 191 192 193 195 196 200 202 206 209 210 212 213 214 215 216
14 177 183 184 187 189 190 191 193 199 205 207 208 209 212
17 175 177 180 182 187 189 190 192 195 196 199 201 205 206 210 212 214
28 175 176 177 180 182 183 184 185 186 187 189 191 192 193 194 196 200 201 203 205 206 208 209 210 212 213 215 216
17 175 177 180 181 188 189 191 192 193 194 195 206 208 210 211 213 216
23 175 177 178 181 182 184 186 189 191 192 197 198 199 200 201 204 207 209 210 211 212 213 214
24 176 177 178 179 181 183 184 185 188 189 190 192 193 195 198 200 201 205 209 211 212 213 215 216
13 176 180 181 185 191 194 196 200 204 205 208 209 210
25 176 178 181 182 183 185 189 190 191 193 194 195 196 197 199 201 202 203 204 206 207 210 211 212 214
14 180 182 186 189 190 191 197 201 203 205 209 212 215 216
15 176 178 179 185 187 189 191 192 194 197 198 199 201 211 215
23 175 176 179 180 183 184 189 190 192 193 194 195 196 198 199 200 207 208 209 210 212 215 216
15 177 178 183 188 192 194 196 199 201 202 204 206 210 211 212
23 177 180 183 185 186 187 188 189 190 195 197 198 200 202 204 206 208 209 210 211 213 214 216
15 177 181 183 184 185 186 192 194 201 202 205 206 209 214 216
27 176 177 178 180 183 186 187 188 191 192 194 195 196 197 199 200 201 203 204 205 207 209 210 211 212 214 215
21 178 181 183 186 187 188 189 190 195 196 197 199 200 201 204 210 211 212 214 215 216
19 176 177 179 180 181 183 185 187 188 190 192 197 198 199 200 205 208 209 214
23 175 178 179 180 181 185 186 187 188 190 192 193 195 197 198 199 205 207 208 212 213 214 215
25 175 176 180 183 185 186 189 190 192 194 195 196 197 198 199 201 202 203 205 207 209 212 213 215 216
24 176 177 181 183 184 186 187 188 190 193 195 196 198 200 203 207 208 210 211 212 213 214 215 216
21 175 176 177 179 181 182 185 186 187 191 193 194 202 203 206 208 209 210 211 213 215
13 177 180 183 185 186 190 202 206 208 210 211 213 215
26 175 176 177 182 183 185 187 189 191 192 193 195 197 198 201 202 203 204 205 207 208 209 210 211 214 215
18 175 180 184 185 190 191 192 193 197 198 199 200 202 203 205 206 207 211
18 175 179 185 186 188 195 197 198 203 204 206 208 209 210 212 213 214 215
28 177 180 181 182 184 185 186 187 188 189 192 194 195 197 198 199 200 201 202 203 204 205 207 210 212 213 214 216
27 175 176 177 178 182 184 185 186 188 190 192 193 195 199 200 201 202 203 205 206 207 209 210 211 212 215 216
19 175 178 179 182 185 194 197 200 201 202 203 206 208 210 211 212 213 214 216
13 175 178 181 185 186 187 194 195 206 207 208 212 213
16 178 180 181 182 183 187 190 196 198 200 201 202 205 206 208 209
14 178 180 182 187 188 189 192 193 201 203 207 208 211 214
20 175 176 179 181 182 183 187 189 191 193 195 196 199 200 201 203 204 205 212 214
16 175 178 189 192 194 199 201 202 203 204 209 210 212 214 215 216
18 176 177 179 180 181 183 186 187 191 194 202 204 205 207 210 211 213 216
21 180 186 188 191 193 194 195 197 198 199 200 201 203 205 206 210 211 212 213 214 215
19 176 177 178 181 184 185 189 191 192 193 197 200 203 208 209 210 212 213 215
23 175 177 178 179 181 182 183 186 187 189 190 191 196 197 200 201 202 203 204 205 206 211 214
23 175 177 179 180 182 184 186 189 192 193 195 197 201 203 204 206 207 209 210 212 213 215 216
25 175 176 177 178 179 181 182 183 186 188 191 192 193 195 196 197 200 201 205 208 209 210 213 214 215
28 175 176 177 178 180 181 182 183 184 187 188 189 190 191 192 195 196 197 198 200 202 207 209 210 211 213 215 216
13 178 182 183 186 188 191 200 202 206 209 214 215 216
19 177 178 179 181 183 184 185 187 188 190 191 192 194 195 199 204 208 211 213
28 175 178 179 180 182 183 184 185 186 189 190 191 192 193 196 197 200 201 205 206 208 209 210 211 212 214 215 216
13 182 186 192 194 196 197 198 202 203 204 205 214 216
13 175 177 184 185 190 191 193 194 199 204 208 214 216
21 176 177 178 181 182 183 185 188 192 193 194 195 197 198 200 201 205 206 209 210 216
25 175 176 177 178 179 181 184 186 187 188 190 196 197 199 200 201 202 203 205 206 207 208 210 212 216
23 175 178 179 181 182 187 190 193 194 196 197 198 199 200 201 202 204 207 210 211 213 215 216
20 176 177 178 179 181 182 183 185 186 191 194 195 196 198 203 210 211 212 214 215
22 175 176 177 179 180 181 184 189 192 193 195 199 202 203 204 207 210 211 212 214 215 216
16 176 179 181 182 183 187 188 190 195 200 202 205 207 208 209 212
14 175 179 181 186 194 195 196 199 202 206 208 209 213 215
12 175 176 182 187 190 192 195 199 200 202 212 213
22 175 179 180 182 184 185 188 189 191 192 195 196 197 201 204 205 206 207 209 211 213 215
13 178 183 184 185 192 194 195 200 202 203 205 209 210
22 176 177 179 187 188 189 191 192 195 197 198 200 201 202 203 204 205 207 209 210 212 213
14 179 184 185 191 193 196 201 204 205 207 209 210 211 212
27 175 176 178 180 181 183 185 186 189 190 191 193 194 195 196 198 199 201 203 205 206 207 208 209 210 212 213
17 179 180 186 190 192 193 194 196 197 200 203 205 206 207 208 211 213
25 177 178 180 181 185 186 187 189 191 192 196 197 199 200 201 204 205 207 209 210 211 212 213 215 216
22 176 178 181 186 190 192 193 194 197 199 200 201 203 206 207 208 209 210 211 212 213 215
13 175 176 177 178 181 183 184 185 189 194 195 204 209
14 179 180 181 182 186 188 191 201 202 205 208 212 213 215
12 177 179 182 186 187 190 199 200 202 208 210 214
15 180 181 182 184 185 187 192 193 194 195 197 204 206 208 210
13 176 183 184 186 190 193 194 199 202 205 208 211 214
19 175 176 177 178 187 188 194 195 197 198 199 205 207 209 210 213 214 215 216
21 176 177 179 180 181 185 187 189 190 193 194 199 201 202 205 208 211 212 213 215 216
14 175 183 185 195 201 202 203 204 206 208 209 210 211 213
17 175 179 181 187 192 194 197 200 201 202 203 205 207 209 212 215 216
22 175 176 178 179 180 182 183 184 185 186 189 190 193 196 198 199 200 202 204 205 212 214
19 180 182 184 185 187 190 193 196 199 201 203 204 206 210 211 212 214 215 216
19 176 178 180 181 182 185 188 191 193 194 198 199 200 203 206 209 211 212 216
15 175 177 179 183 185 186 189 193 194 197 206 209 211 214 216
18 179 181 182 183 184 188 192 194 197 198 200 202 207 209 210 213 214 216
21 175 176 178 179 180 181 182 187 188 189 191 192 197 198 202 204 205 209 210 211 214
26 176 177 178 182 183 184 186 188 189 190 191 193 194 195 196 197 198 199 200 203 204 205 208 209 212 216
13 178 180 183 186 189 190 194 199 200 204 207 209 211
20 176 178 179 180 181 182 186 190 191 195 197 199 200 203 205 207 208 212 214 215
24 176 179 180 181 182 183 189 190 191 192 194 195 196 198 199 200 201 205 206 207 209 210 215 216
19 175 176 178 182 186 187 189 193 197 198 201 202 204 206 207 208 210 211 216
23 175 176 177 180 185 189 192 193 195 196 199 200 201 202 203 205 207 208 209 212 213 214 215
23 178 182 184 185 187 189 191 194 195 196 200 201 202 203 204 205 206 208 212 213 214 215 216
23 178 180 183 187 188 189 190 193 195 197 198 199 202 203 204 206 208 210 212 213 214 215 216
15 178 186 188 189 190 195 196 201 206 207 208 209 210 215 216
