242 1128
42 1 2 3 4 5 6 7 8 9 10 11 12 13 14 15 16 17 18 19 20 21 22 23 24 25 26 27 28 29 30 31 32 33 34 35 36 37 38 39 40 41 42
26 1 2 3 4 6 8 10 11 12 13 14 15 17 19 20 21 22 23 27 30 31 32 33 36 37 40
26 2 5 6 8 9 11 12 13 14 15 16 17 18 19 20 22 23 26 27 28 31 32 34 38 40 41
29 1 2 3 5 7 8 9 12 14 15 16 17 18 19 20 21 22 23 27 28 29 30 31 32 33 35 36 39 41
17 3 4 8 11 15 16 17 18 20 23 28 30 32 35 37 39 40
18 1 2 5 6 9 10 12 14 24 25 29 30 31 32 33 37 39 40
13 1 4 11 13 21 22 23 27 28 29 31 33 38
18 1 6 7 8 11 12 13 14 15 19 23 25 27 32 34 37 40 42
19 3 4 9 12 13 14 15 16 17 18 21 22 25 26 28 29 31 39 42
20 2 4 6 7 9 10 11 13 14 15 16 17 22 23 27 30 35 38 40 42
21 1 2 3 5 6 10 11 12 14 16 18 23 24 25 28 31 32 33 35 40 42
26 1 2 3 4 5 9 11 12 13 15 16 17 18 19 21 24 25 26 28 29 32 33 34 38 40 41
16 2 3 5 7 8 9 11 12 15 19 20 25 27 30 39 42
60 43 44 45 46 47 48 49 50 51 52 53 54 55 56 57 58 59 60 61 62 63 64 65 66 67 68 69 70 71 72 73 74 75 76 77 78 79 80 81 82 83 84 85 86 87 88 89 90 91 92 93 94 95 96 97 98 99 100 101 102
36 45 46 48 51 52 53 54 55 56 57 58 61 62 63 64 67 68 71 72 74 80 81 84 85 87 89 90 91 92 93 94 95 96 97 98 99
42 43 45 46 47 48 49 50 52 53 54 58 61 62 64 65 68 69 70 71 72 73 74 75 76 77 78 79 81 82 83 84 85 86 87 88 89 94 95 96 99 100 102
22 45 48 50 52 54 55 57 58 64 67 69 71 79 81 82 86 93 95 96 98 101 102
47 43 45 46 47 48 49 51 52 53 54 55 56 57 59 60 61 62 63 64 65 66 67 69 70 72 73 74 75 76 77 78 80 82 84 87 88 89 90 92 93 94 95 96 98 100 101 102
24 44 45 50 51 55 56 61 65 66 67 70 73 74 77 80 83 89 90 91 92 94 95 96 99
33 46 48 49 50 51 53 54 58 60 61 66 67 68 73 77 78 79 80 81 82 84 86 87 88 89 90 92 93 95 96 98 99 102
34 46 48 49 51 53 55 58 59 60 61 64 65 68 69 70 72 73 74 77 78 81 84 85 86 88 89 91 92 94 95 96 97 99 101
32 49 50 52 54 55 56 58 59 60 61 62 63 66 70 72 73 74 75 76 78 81 86 87 88 90 91 92 93 94 97 98 99
18 45 48 53 57 59 61 65 68 75 76 79 87 88 91 92 98 101 102
40 46 47 48 49 50 52 55 56 57 59 60 61 63 64 65 66 67 69 70 71 73 74 75 77 80 81 82 83 85 86 89 91 93 94 95 96 98 99 101 102
37 43 44 46 47 49 50 52 53 54 55 56 57 58 60 62 64 67 68 69 72 73 74 76 77 80 84 85 87 90 91 92 94 95 96 98 101 102
18 48 49 50 55 60 61 64 65 72 74 77 81 84 86 90 92 95 98
26 43 44 47 50 53 59 60 61 62 67 68 72 77 78 82 84 88 89 91 92 93 94 95 96 97 98
28 44 45 50 52 53 55 56 60 61 62 67 69 74 75 77 78 80 83 85 86 87 88 90 91 96 97 99 102
31 45 47 48 49 50 51 52 53 54 55 56 57 59 60 62 63 64 65 66 68 69 70 73 74 75 79 82 88 93 95 99
37 43 44 45 46 47 49 50 53 54 55 56 57 60 62 65 68 71 72 74 75 76 78 79 83 84 85 87 88 89 90 92 93 97 98 100 101 102
30 43 44 48 49 52 55 56 58 60 64 65 67 71 73 74 75 78 80 81 82 83 84 85 87 90 92 97 99 100 102
28 47 49 51 52 53 54 56 61 62 63 64 66 67 71 72 73 75 77 78 79 83 84 88 89 93 94 95 97
22 49 52 55 58 60 61 63 65 71 73 74 78 79 80 82 86 89 90 91 92 93 94
47 44 45 46 48 49 52 53 54 55 56 57 58 59 61 62 63 64 65 67 68 69 70 71 72 73 74 75 76 77 78 79 80 81 83 85 86 87 88 89 90 92 93 94 95 97 100 101
43 44 45 48 50 51 52 53 57 58 59 60 62 63 64 65 67 68 69 71 74 75 76 78 79 81 82 84 85 86 87 88 89 90 91 93 94 95 96 97 98 100 101 102
47 43 44 45 46 47 48 49 50 51 52 53 54 55 57 58 59 62 63 64 65 66 67 68 69 70 71 74 75 77 79 80 81 82 83 84 85 87 88 89 90 91 92 93 95 97 100 101
29 43 45 47 48 49 51 52 58 59 61 62 65 67 68 69 70 71 72 73 76 81 90 92 93 94 95 98 99 102
42 43 45 47 50 53 54 55 56 57 58 59 60 61 62 63 64 65 67 68 70 71 73 74 75 76 77 78 79 80 82 84 88 89 90 92 95 96 98 99 100 101 102
18 43 44 46 48 50 51 58 60 63 67 71 72 73 77 78 89 101 102
21 44 49 50 51 55 56 57 61 63 64 71 75 78 79 82 83 90 92 100 101 102
29 43 45 48 50 52 53 56 59 60 61 64 66 67 69 70 71 77 79 83 84 88 90 91 92 98 99 100 101 102
29 45 47 53 54 55 56 57 58 59 62 65 66 67 70 73 76 78 80 82 83 84 87 88 90 95 96 97 101 102
44 43 44 47 48 49 50 51 52 54 55 56 57 58 59 60 62 63 64 65 69 70 71 73 74 75 77 78 79 80 81 84 85 87 88 89 90 92 93 94 95 96 98 101 102
18 43 50 53 55 58 60 63 64 66 69 70 82 84 85 89 96 100 101
19 43 44 46 48 49 62 65 68 69 71 73 76 82 87 90 91 92 97 102
45 43 44 45 46 47 48 49 50 51 53 54 55 56 58 61 63 64 66 67 68 69 71 72 73 74 75 76 77 79 80 82 83 84 85 86 89 90 91 92 93 95 96 97 98 101
20 43 44 46 47 51 52 58 59 60 64 69 75 78 79 85 87 90 95 96 99
28 44 45 47 50 57 59 63 67 71 73 74 75 79 80 84 86 87 89 90 91 92 93 94 97 98 99 100 102
40 44 46 47 48 50 51 53 57 59 60 61 62 66 67 68 69 70 73 75 79 80 81 82 83 84 85 86 87 89 90 92 93 94 95 96 97 98 99 100 101
40 43 44 45 47 48 49 52 53 55 56 58 59 60 61 63 65 66 67 69 72 73 74 75 76 77 80 81 82 83 84 89 90 91 92 94 95 96 97 98 100
36 43 44 46 47 48 49 51 53 54 55 56 60 62 66 67 68 69 70 72 76 78 79 80 82 85 86 87 88 89 91 92 94 96 97 98 101
35 43 46 49 51 53 54 55 56 59 60 62 63 65 67 68 69 71 72 74 75 77 82 83 84 85 86 87 88 89 91 93 94 100 101 102
46 44 45 46 47 49 50 51 52 53 54 55 56 57 58 59 60 61 63 64 65 66 68 69 70 71 72 74 75 76 77 79 84 85 87 88 89 90 92 93 94 95 96 98 99 100 102
40 43 45 46 49 50 51 52 53 55 56 57 58 59 60 63 65 66 68 70 73 74 76 77 78 79 80 82 84 85 86 87 90 91 93 95 96 97 98 101 102
32 45 46 49 50 52 54 55 58 61 62 63 65 66 68 69 70 73 74 75 76 77 79 80 82 85 86 89 90 91 93 101 102
46 44 46 49 50 51 52 54 55 56 57 58 59 60 61 63 64 65 66 67 68 69 70 72 73 74 75 78 79 81 82 83 84 85 86 87 89 90 92 93 94 95 96 98 99 100 102
18 43 47 48 50 52 55 66 68 72 73 74 76 84 85 87 93 94 95
31 45 47 48 49 50 52 57 59 60 62 64 66 68 72 73 76 80 81 85 86 87 90 92 93 94 96 97 99 100 101 102
28 45 47 48 51 57 59 60 62 66 67 69 71 73 78 79 81 82 83 85 87 88 89 90 92 93 94 97 102
44 43 44 45 46 48 49 50 52 53 54 55 58 59 60 61 62 64 65 67 68 69 70 71 72 74 75 76 77 78 81 83 86 88 89 90 91 92 93 94 95 96 98 100 102
31 44 49 50 53 63 64 66 68 69 70 72 75 76 78 79 81 83 85 86 87 88 90 91 92 93 94 95 97 99 100 101
30 103 104 105 106 107 108 109 110 111 112 113 114 115 116 117 118 119 120 121 122 123 124 125 126 127 128 129 130 131 132
15 103 104 106 108 109 110 111 117 118 119 121 127 130 131 132
12 104 107 108 114 117 118 122 123 125 127 129 131
13 104 105 107 109 113 115 116 120 124 127 129 130 131
13 104 105 107 108 112 113 114 116 120 125 128 129 131
18 103 104 105 106 107 108 112 114 120 121 122 124 125 126 127 128 129 132
21 103 106 108 109 110 111 112 113 117 118 119 121 122 123 124 125 126 127 128 131 132
10 104 106 108 111 115 119 120 122 129 132
23 103 104 106 108 111 112 113 114 115 116 117 118 119 120 121 123 124 125 127 128 129 131 132
15 104 106 107 109 110 116 119 120 121 122 123 124 126 127 129
18 103 104 105 106 107 108 109 114 116 117 119 121 124 127 128 129 130 131
13 103 104 106 109 114 116 117 122 123 126 127 129 130
13 103 104 106 107 115 118 119 120 121 125 128 129 132
12 105 107 108 110 113 114 119 120 121 122 125 130
19 104 105 107 109 111 112 114 116 117 118 119 120 121 122 123 125 126 127 129
17 103 104 105 109 110 116 117 118 119 120 121 124 125 127 128 129 132
22 104 106 107 108 109 111 112 113 114 116 118 119 120 121 122 123 126 128 129 130 131 132
22 104 105 106 107 108 110 111 112 113 114 115 116 118 119 120 123 125 126 127 129 131 132
22 103 107 109 110 111 113 114 115 116 117 118 119 120 121 123 124 125 126 127 128 130 131
18 103 104 105 107 108 110 111 112 114 115 116 120 121 122 127 129 130 132
17 103 105 106 107 112 114 116 117 120 122 124 125 126 128 130 131 132
19 103 104 105 106 107 112 114 116 118 119 120 121 122 123 127 128 129 131 132
19 103 105 106 107 108 110 111 115 116 117 118 119 120 121 122 127 130 131 132
21 103 104 107 109 110 111 112 113 115 117 118 119 121 122 125 127 128 129 130 131 132
14 104 105 107 108 114 115 116 117 118 121 122 126 128 131
21 103 105 106 108 110 112 113 114 115 116 117 119 122 123 124 125 126 128 129 130 131
17 103 104 105 106 107 108 113 115 119 121 122 125 126 127 130 131 132
9 108 110 114 115 116 118 122 124 131
11 108 110 111 113 115 117 123 126 128 130 131
23 103 104 105 106 107 108 109 110 111 113 115 116 117 118 119 120 121 122 124 126 128 130 132
21 103 104 105 106 107 108 109 112 113 114 115 116 117 118 120 123 124 126 128 129 131
23 104 105 107 108 109 111 112 113 114 116 117 118 119 121 123 124 125 126 127 128 129 131 132
16 104 106 109 113 115 117 118 119 120 121 122 126 127 128 129 131
17 104 105 106 107 109 110 111 112 114 115 117 119 120 126 129 130 132
16 103 109 112 113 114 115 116 117 118 119 121 124 127 129 130 132
13 103 109 110 112 114 115 116 119 120 122 123 129 131
22 103 104 105 106 107 109 111 113 114 115 117 118 121 122 123 124 126 127 128 129 130 132
10 110 111 113 116 117 118 122 127 129 132
13 105 107 108 110 112 113 115 118 122 124 127 129 130
15 107 110 111 113 116 117 121 123 125 127 128 129 130 131 132
11 105 106 109 110 114 116 117 119 120 121 129
14 103 106 108 109 114 116 119 123 124 125 126 128 129 130
17 104 106 107 108 109 110 111 112 115 118 122 124 127 128 129 131 132
15 105 106 107 109 110 111 112 114 120 121 123 125 127 128 129
19 104 106 109 112 113 114 115 116 117 118 123 124 125 126 127 128 129 130 132
21 103 105 106 108 109 111 113 115 116 117 119 120 122 123 125 126 127 129 130 131 132
20 103 104 105 106 107 108 110 111 112 113 115 116 120 121 122 123 125 126 127 131
12 103 107 110 112 115 119 120 121 122 126 130 132
19 104 106 107 108 109 110 112 113 114 115 118 119 120 122 125 127 128 129 132
21 104 105 106 107 108 111 112 113 115 117 118 120 121 122 124 125 126 127 130 131 132
20 103 105 106 108 110 111 112 113 114 116 117 120 122 125 126 127 128 129 130 132
18 104 107 108 109 111 114 115 116 118 119 120 122 123 124 125 127 129 130
20 104 105 107 108 109 110 112 116 117 118 119 120 122 123 124 126 127 130 131 132
23 104 105 106 107 108 110 112 113 114 115 116 117 118 119 121 122 123 124 126 128 130 131 132
18 103 105 106 107 108 111 114 115 117 118 120 121 123 124 125 127 128 131
13 134 138 139 141 144 154 155 160 163 164 166 170 172
20 133 134 135 138 140 141 144 146 150 157 159 161 162 163 164 165 166 167 169 172
25 133 134 136 139 140 141 142 144 146 147 150 151 152 153 159 160 163 164 165 166 167 169 171 172 173
12 133 135 140 142 146 147 150 156 159 167 169 173
17 135 136 138 139 140 141 143 144 147 152 157 161 163 164 165 166 170
4 137 158 165 171
19 133 135 136 137 140 144 145 148 150 153 155 156 160 162 164 165 167 168 169
24 133 134 135 137 139 140 141 145 146 147 149 151 153 160 161 162 163 165 166 167 169 170 171 173
18 136 138 142 143 144 148 150 152 154 155 156 157 158 159 164 168 172 174
21 135 136 137 139 141 144 148 149 153 154 155 159 160 161 163 165 166 167 168 170 173
10 133 136 140 157 158 163 164 169 170 171
8 134 144 148 155 157 164 166 168
13 136 143 145 148 149 151 152 153 157 161 162 168 174
9 137 143 147 154 158 164 166 173 174
17 140 141 142 143 147 148 149 154 155 160 162 163 168 171 172 173 174
8 135 136 137 142 163 165 171 173
10 133 144 146 147 149 151 152 153 164 172
7 137 150 156 161 170 171 172
11 135 138 142 143 149 150 156 161 164 166 168
18 133 135 140 141 143 145 146 147 150 158 159 161 164 166 169 170 171 173
13 133 142 148 149 151 153 154 155 156 158 168 169 174
6 137 148 149 161 172 173
15 133 134 136 138 142 149 150 154 156 157 158 160 162 163 168
26 133 134 137 138 139 140 141 143 147 151 152 153 155 156 157 160 162 163 164 165 168 169 170 172 173 174
12 134 137 139 142 151 153 157 159 160 166 169 172
16 134 139 140 141 143 145 154 155 156 159 162 167 168 169 170 174
21 133 135 136 138 140 141 143 145 147 150 152 155 156 162 163 167 168 170 171 173 174
18 136 137 138 139 143 144 145 146 150 151 153 154 157 159 162 164 166 169
17 134 135 136 139 144 145 149 151 153 154 159 162 166 167 169 171 174
20 133 134 141 142 143 145 148 151 154 156 158 159 161 162 164 165 166 167 173 174
9 144 146 148 149 154 158 161 164 165
12 133 134 137 139 144 145 153 156 157 164 166 169
14 134 135 140 142 143 152 153 154 156 160 161 162 167 172
14 134 139 142 144 145 146 148 149 151 155 156 160 163 167
15 133 137 139 140 142 150 151 153 160 161 164 165 171 172 173
17 136 138 141 144 146 147 148 149 152 156 158 163 166 167 169 170 174
3 151 161 171
9 133 140 144 147 152 154 158 172 174
13 135 137 139 143 146 147 148 152 155 164 167 169 174
22 135 136 137 138 139 140 144 146 147 149 150 152 153 155 157 160 163 168 169 170 171 172
15 138 139 144 146 147 155 156 157 159 161 164 165 168 169 171
4 136 138 157 162
7 140 147 159 161 162 169 171
15 134 144 146 147 152 154 155 157 158 159 162 165 166 168 174
10 139 140 141 142 145 148 151 163 164 169
15 135 136 140 141 143 146 147 156 158 161 162 167 168 171 173
14 135 141 146 147 151 152 153 154 155 159 160 166 168 174
7 138 142 155 157 163 169 174
11 134 137 141 151 155 159 162 163 167 171 173
17 135 137 138 143 145 148 149 154 155 156 157 158 161 162 168 170 174
12 134 137 145 146 150 159 160 162 167 171 172 173
10 133 135 136 138 143 149 153 160 167 173
28 133 136 137 138 139 141 144 145 146 147 148 149 150 151 155 157 158 159 163 164 165 166 168 169 170 171 173 174
19 135 137 141 143 145 149 150 151 152 153 154 156 158 160 163 165 167 170 174
13 135 136 138 146 150 151 152 158 159 161 165 167 170
16 135 136 142 144 145 146 148 149 150 154 158 159 161 166 167 171
24 133 134 135 140 141 142 147 148 149 152 155 156 158 160 161 163 165 167 168 170 171 172 173 174
21 133 134 138 140 142 143 145 146 147 150 151 152 156 157 158 162 164 169 171 172 174
10 134 135 143 145 154 155 157 159 162 168
27 133 134 135 136 137 140 141 142 143 145 148 149 150 151 152 153 154 158 160 162 163 166 167 170 172 173 174
10 137 139 144 149 150 152 153 154 165 172
12 134 138 139 142 143 144 145 150 156 162 165 167
11 136 139 145 146 148 153 157 160 165 169 170
25 133 137 138 140 141 142 143 146 147 148 150 152 155 156 157 158 160 161 163 164 165 168 170 172 173
15 133 135 140 141 150 152 153 159 161 165 168 169 170 171 172
22 136 137 139 142 143 145 147 148 149 151 152 153 154 155 156 158 160 168 170 171 173 174
8 133 136 138 139 142 146 172 173
10 133 134 145 148 151 159 160 164 166 170
8 138 148 150 157 158 160 161 166
11 139 142 143 146 147 149 152 154 158 163 172
14 140 141 144 145 151 153 159 161 165 166 170 171 172 173
9 134 138 141 157 159 166 170 173 174
24 134 136 137 138 139 142 144 148 149 151 152 153 154 155 156 157 160 162 163 165 167 168 172 174
2 151 171
4 144 158 161 165
14 136 137 142 143 145 149 150 151 158 162 166 167 170 174
17 133 134 135 138 140 144 146 150 157 159 161 163 165 166 167 169 172
9 134 138 139 142 143 144 145 165 167
7 136 139 146 148 157 160 169
15 135 138 140 141 144 146 150 157 159 161 162 164 165 167 169
10 136 143 145 148 149 151 153 157 162 168
8 135 140 142 152 153 156 162 172
4 137 148 149 172
19 136 137 139 143 145 147 148 149 151 152 153 154 155 158 168 170 171 173 174
10 137 139 142 151 153 157 159 160 169 172
6 134 141 155 159 162 163
4 148 161 172 173
11 139 143 144 145 150 151 154 157 162 164 166
7 134 144 148 155 157 166 168
11 137 140 142 150 151 153 160 164 165 171 172
15 140 141 142 143 147 149 154 160 162 163 168 171 172 173 174
5 146 149 154 161 164
10 138 139 144 145 151 153 154 162 164 166
8 134 141 143 155 156 162 169 170
6 135 136 163 165 171 173
10 136 145 149 151 152 153 157 162 168 174
16 138 140 141 142 146 147 148 150 152 155 158 161 164 170 172 173
13 137 140 141 142 147 148 150 152 158 161 163 168 172
7 139 142 149 152 154 158 163
14 134 139 141 143 145 155 156 159 162 167 168 169 170 174
16 133 135 136 137 140 144 148 150 153 155 156 160 164 167 168 169
8 139 143 146 147 152 158 163 172
8 148 149 151 153 155 156 169 174
7 133 135 142 146 147 150 159
8 144 149 150 152 153 154 165 172
14 134 135 136 139 144 145 149 151 154 162 166 167 169 174
6 138 142 157 163 169 174
12 133 137 145 148 153 155 156 162 164 167 168 169
19 133 137 138 140 141 142 146 148 152 155 156 157 158 160 161 163 165 172 173
11 135 136 138 146 150 151 158 159 161 165 170
14 136 137 143 147 148 149 151 152 158 160 170 171 173 174
13 136 142 144 146 148 149 150 154 158 159 166 167 171
16 133 135 136 140 145 148 150 153 155 156 160 162 164 165 167 169
7 134 138 141 159 166 170 173
8 134 135 140 143 156 160 167 172
9 135 142 143 149 150 161 164 166 168
8 134 135 143 145 154 155 159 168
20 133 134 137 138 139 141 143 147 151 153 155 156 157 160 164 165 170 172 173 174
9 135 142 143 150 156 161 164 166 168
19 133 137 138 139 141 143 147 151 152 157 162 163 164 168 169 170 172 173 174
6 137 143 154 158 164 166
14 136 138 140 141 147 150 152 156 162 167 168 171 173 174
19 136 137 139 142 143 145 147 148 149 151 152 153 154 155 156 158 160 168 171
13 133 135 136 137 144 145 150 153 155 156 162 167 169
11 140 141 145 153 159 161 165 166 170 172 173
13 137 138 139 143 144 151 153 154 159 162 164 166 169
8 136 141 156 158 161 167 168 171
5 137 143 164 173 174
15 136 142 143 144 148 150 152 155 156 157 159 164 168 172 174
8 133 145 148 151 160 164 166 170
15 136 138 142 143 144 150 152 155 156 157 158 164 168 172 174
20 133 137 138 140 142 143 146 150 155 156 157 158 160 161 163 164 165 168 170 172
8 134 135 143 145 154 157 159 162
15 138 142 143 144 148 150 154 155 156 158 159 164 168 172 174
5 145 154 157 162 168
7 138 142 143 149 156 164 166
7 133 140 142 153 160 164 173
12 137 139 145 148 149 153 154 160 168 171 173 174
4 136 137 142 165
15 133 134 138 142 145 146 147 151 156 157 158 162 169 171 172
16 133 135 136 138 140 141 143 145 150 155 162 163 167 170 171 173
12 136 137 139 143 146 150 151 153 154 157 159 164
10 134 138 141 154 155 163 164 166 170 172
19 133 136 141 142 144 146 147 150 151 152 153 160 163 164 165 166 167 169 173
13 138 141 143 148 150 152 156 158 161 163 170 172 173
6 139 142 143 152 154 172
13 136 137 138 139 143 144 145 150 151 153 159 162 169
10 138 139 142 144 145 150 156 162 165 167
7 134 137 141 151 155 162 171
13 136 138 143 144 150 155 156 158 159 164 168 172 174
6 137 143 154 158 173 174
5 157 166 170 173 174
6 144 148 155 157 164 166
5 134 143 155 162 168
12 133 135 136 140 144 145 153 156 160 167 168 169
10 134 144 152 154 157 158 162 165 166 174
8 135 137 139 143 146 167 169 174
5 144 152 153 154 172
8 142 144 145 146 149 151 160 163
16 136 137 138 139 143 144 145 146 150 153 154 157 162 164 166 169
8 140 141 145 159 166 170 172 173
7 138 142 143 161 164 166 168
17 134 137 138 139 140 141 143 147 151 152 155 156 162 164 165 169 174
11 141 146 147 151 152 153 154 159 160 166 174
5 137 148 149 161 172
5 136 140 158 164 170
14 133 136 140 144 145 148 150 156 160 162 165 167 168 169
6 148 150 157 158 160 161
8 133 136 138 149 153 160 167 173
10 134 139 142 148 149 151 155 156 160 163
19 133 138 140 141 142 143 146 147 150 152 155 156 158 161 163 164 165 170 172
10 136 141 143 147 158 161 162 168 171 173
17 133 135 136 138 140 143 145 147 150 152 156 162 163 168 170 171 173
15 133 137 139 144 145 149 155 157 159 163 165 166 169 173 174
4 137 148 161 173
13 133 134 138 142 143 145 146 150 158 162 164 169 171
10 142 149 151 154 155 156 158 168 169 174
13 135 140 150 152 153 159 161 165 168 169 170 171 172
7 134 145 146 167 171 172 173
14 136 137 138 139 143 144 146 151 153 157 159 162 164 169
4 135 136 137 165
5 144 148 164 166 168
8 137 145 146 150 160 171 172 173
6 142 143 146 154 158 172
13 135 136 138 140 141 144 152 157 161 164 165 166 170
13 133 137 140 142 150 151 153 160 164 165 171 172 173
6 134 144 155 164 166 168
4 134 148 166 168
11 135 138 139 141 143 152 157 161 164 166 170
9 134 137 139 145 153 156 157 166 169
12 135 141 146 147 152 153 154 155 159 160 168 174
17 133 134 136 139 140 146 151 152 153 159 163 164 166 167 169 172 173
11 140 142 147 148 149 155 162 163 168 172 174
5 138 139 142 146 173
13 136 139 141 144 146 147 151 152 159 160 166 167 169
11 134 143 154 155 156 159 167 168 169 170 174
5 134 138 157 159 170
8 134 139 142 143 144 145 150 156
12 141 142 143 147 149 154 155 160 163 171 173 174
12 140 141 147 148 149 155 160 168 171 172 173 174
16 135 136 137 139 141 144 148 149 154 155 160 161 163 167 168 173
6 138 148 157 158 160 161
5 138 142 157 163 174
9 136 138 143 144 150 151 157 162 169
15 133 134 135 147 152 156 160 161 163 167 168 170 172 173 174
5 133 139 142 172 173
20 133 135 140 141 142 147 148 149 152 158 160 161 163 165 167 168 170 172 173 174
7 138 142 150 156 164 166 168
8 135 136 145 146 158 159 167 171
5 146 149 154 161 165
8 143 151 152 153 157 161 168 174
22 137 138 140 142 143 146 147 148 150 152 155 156 157 158 160 161 163 164 165 170 172 173
13 136 137 138 144 147 153 155 157 160 163 168 169 171
5 134 138 157 159 166
7 133 136 138 139 142 146 172
17 133 134 137 138 140 143 147 152 153 157 160 164 168 169 170 173 174
11 136 139 142 143 147 148 149 154 158 168 171
4 137 154 158 164
20 133 134 137 138 139 140 143 147 151 152 153 155 160 163 164 165 168 170 172 174
11 134 139 141 144 154 155 160 164 166 170 172
5 137 156 161 171 172
12 137 139 145 150 151 153 154 157 162 164 166 169
13 136 138 141 144 146 147 148 152 158 166 169 170 174
12 136 137 140 144 148 150 153 155 162 165 167 168
8 134 142 143 152 156 160 162 167
11 138 144 146 147 155 156 157 159 164 168 171
13 140 141 142 143 147 148 149 155 162 163 168 173 174
14 134 135 136 139 144 145 149 151 153 154 159 162 171 174
5 157 159 166 173 174
7 143 148 151 153 157 161 174
6 140 147 152 154 172 174
6 144 146 148 149 154 158
6 144 146 147 152 153 172
8 146 147 152 155 157 159 162 174
7 134 135 142 152 153 154 161
6 134 137 141 151 155 159
10 135 140 145 146 150 158 164 166 169 171
17 134 137 138 139 142 144 149 151 152 153 154 155 157 160 162 163 172
7 144 149 150 153 154 165 172
13 134 142 147 152 156 161 163 167 170 171 172 173 174
11 133 136 138 142 149 150 154 158 160 162 163
10 133 138 140 147 151 152 157 158 162 172
16 133 136 138 140 145 147 150 152 156 162 163 167 168 170 171 173
3 155 157 163
8 133 134 145 148 159 160 164 166
8 138 142 143 150 161 164 166 168
5 133 146 151 152 153
9 135 136 146 150 151 158 159 161 165
9 138 144 147 156 161 165 168 169 171
12 140 141 145 153 159 161 165 166 170 171 172 173
6 143 147 164 166 173 174
6 133 144 146 147 151 172
8 133 134 138 142 154 156 160 168
20 133 134 137 138 143 147 151 153 156 157 160 162 164 165 168 169 170 172 173 174
11 133 136 137 140 144 148 150 155 160 162 169
5 148 149 154 158 165
15 135 136 138 140 143 145 150 155 163 167 168 170 171 173 174
7 133 134 145 148 151 159 164
2 137 158
9 135 138 142 143 149 156 164 166 168
11 134 145 151 153 154 159 162 166 167 169 174
2 136 157
4 140 159 162 169
6 133 145 160 164 166 170
9 141 146 147 151 153 154 159 160 168
5 133 139 142 172 173
2 138 157
1 171
11 134 139 142 144 145 146 148 149 155 160 163
5 137 143 154 164 174
8 133 142 146 147 159 167 169 173
4 147 154 164 166
13 134 135 139 144 145 149 154 159 162 166 167 171 174
16 133 134 138 140 142 143 147 150 151 152 156 162 169 171 172 174
15 136 138 142 144 148 152 154 155 156 157 159 164 168 172 174
6 135 142 156 161 164 168
13 137 138 139 140 149 150 153 155 160 163 168 171 172
10 140 141 144 145 151 153 159 161 171 173
15 133 135 137 139 140 141 145 147 149 153 160 161 169 170 173
7 133 140 157 158 163 169 170
7 134 138 139 142 143 165 167
6 134 143 155 157 159 168
5 144 146 148 158 161
7 133 144 149 151 152 153 164
6 133 134 139 156 157 164
12 133 136 137 140 144 153 156 162 164 165 167 169
10 135 138 139 140 143 147 157 163 164 166
13 135 138 141 145 147 150 155 156 163 167 168 171 174
5 150 158 160 161 166
5 148 149 161 172 173
8 134 140 154 156 160 161 167 172
12 133 134 136 138 149 150 154 157 158 160 162 163
13 134 135 136 139 144 149 151 153 159 166 167 169 174
7 134 141 154 155 160 170 172
14 135 136 137 140 144 145 150 153 155 160 162 164 167 169
11 133 134 136 142 154 156 157 158 160 162 163
17 134 138 140 142 143 145 146 147 151 152 157 158 162 169 171 172 174
14 136 138 141 144 146 147 148 149 152 156 163 166 167 174
6 137 139 149 152 153 165
16 133 134 138 140 143 145 146 147 157 158 162 164 169 171 172 174
22 133 134 135 136 137 140 141 142 143 145 148 149 150 151 152 153 154 162 166 167 170 174
9 134 135 140 152 153 160 162 167 172
13 134 136 140 144 146 147 151 153 160 165 167 169 173
5 135 137 163 171 173
18 138 140 141 143 146 148 150 152 155 156 157 160 163 164 165 170 172 173
16 135 136 137 140 144 145 150 153 155 156 162 164 165 167 168 169
10 135 143 148 149 154 156 158 161 162 168
16 137 141 143 145 149 151 152 153 154 156 158 160 163 165 170 174
10 135 136 140 144 148 153 162 165 167 168
4 138 148 157 160
6 134 139 145 164 166 169
5 133 143 153 167 173
8 142 143 149 150 161 164 166 168
8 135 136 139 145 149 151 153 167
7 139 141 154 155 160 163 172
11 133 136 138 140 145 150 156 162 163 171 174
10 141 146 147 151 152 153 155 159 160 166
27 134 138 139 141 142 146 149 150 151 152 153 154 156 159 161 162 163 164 165 166 167 168 169 170 171 172 173
18 135 138 142 143 145 146 148 149 150 153 155 156 157 162 166 167 170 173
22 133 134 136 140 145 146 147 148 149 150 151 152 154 157 158 159 163 166 167 168 170 171
24 133 136 138 140 142 143 144 145 147 149 151 152 153 157 158 160 163 164 167 168 169 170 172 173
28 133 134 137 139 142 144 145 146 148 150 153 154 156 157 158 159 160 161 162 165 166 167 168 170 171 172 173 174
18 134 138 140 142 144 147 150 152 154 156 157 158 161 162 169 171 173 174
18 133 134 136 138 140 144 147 149 156 159 160 163 164 165 166 168 170 171
21 133 134 139 140 142 143 144 146 152 154 155 156 157 159 161 164 166 170 172 173 174
21 133 135 141 142 144 151 152 153 154 155 156 157 163 164 165 167 168 169 170 171 174
21 133 134 135 136 138 142 143 149 150 151 154 155 157 160 162 165 166 167 169 172 174
24 133 135 136 137 138 139 140 141 143 144 146 149 150 152 155 156 157 161 162 168 169 170 171 172
26 133 135 138 139 142 143 145 147 148 149 151 152 154 159 160 161 162 163 165 166 168 169 170 171 172 174
17 133 135 140 143 146 147 150 152 154 156 160 164 167 168 169 173 174
20 133 136 139 140 141 142 143 146 148 149 150 152 157 160 162 163 168 169 171 173
23 133 134 137 138 139 140 141 145 146 147 148 149 151 154 155 157 160 161 163 165 166 173 174
16 138 139 140 141 143 155 156 161 162 163 164 165 167 169 171 173
21 134 137 138 145 147 148 149 151 152 153 157 158 161 162 164 166 168 169 171 173 174
20 139 141 143 146 147 148 149 153 154 157 159 160 161 164 165 166 167 168 169 170
29 133 134 136 137 138 140 141 143 145 146 147 149 150 153 155 156 158 159 160 161 162 163 165 168 169 170 171 172 173
17 134 135 136 137 139 140 142 148 150 151 153 159 164 165 168 169 174
17 133 137 138 139 140 142 146 148 153 156 158 159 161 163 164 169 172
20 133 135 137 138 139 140 142 143 145 146 151 152 156 160 162 163 164 167 170 173
28 135 136 138 140 141 142 143 144 145 147 149 150 152 153 154 155 156 157 158 160 161 162 163 165 167 171 172 173
14 133 136 141 142 143 145 154 157 158 162 164 165 166 171
25 133 136 137 140 142 146 147 149 150 152 153 154 155 156 158 162 165 166 167 169 170 171 172 173 174
12 135 137 138 143 148 151 154 161 166 167 169 172
17 133 134 135 138 140 145 147 150 154 156 162 163 165 167 168 169 172
24 133 134 139 140 141 142 143 144 145 146 147 149 150 151 155 156 159 161 162 163 166 167 170 171
26 134 135 136 137 140 141 142 143 145 147 148 149 150 152 153 154 155 160 165 166 167 168 169 171 172 173
15 133 135 140 142 145 150 156 159 160 162 164 165 167 170 174
20 134 136 139 141 142 143 146 147 152 153 156 157 158 159 160 161 167 170 172 173
14 140 141 149 150 151 152 156 160 166 168 169 171 173 174
29 134 135 136 138 139 140 142 143 144 146 147 148 150 151 153 157 158 159 162 164 165 166 167 168 169 170 171 173 174
28 136 137 138 139 140 141 143 145 147 148 149 150 152 154 155 159 160 162 163 164 165 166 167 168 169 171 172 174
16 133 134 137 138 139 142 147 148 152 154 155 157 164 166 171 173
24 135 138 139 141 142 143 145 146 147 150 152 153 155 156 160 161 162 163 164 166 167 169 170 172
27 134 135 136 137 141 142 143 145 146 147 148 152 153 154 155 156 158 159 162 163 164 165 167 169 171 172 174
27 133 135 139 140 142 144 145 146 150 151 153 155 156 158 159 160 162 164 165 166 168 169 170 171 172 173 174
20 134 135 136 137 141 143 148 149 152 154 157 159 161 162 163 164 167 171 172 174
29 133 134 137 138 139 140 143 144 145 146 147 149 150 152 153 154 155 156 157 159 160 161 162 164 166 167 169 170 172
19 133 134 137 140 144 146 148 150 151 152 153 158 159 162 167 169 171 172 174
19 134 139 140 141 142 145 146 147 148 150 153 154 158 159 160 161 169 171 172
28 133 138 140 141 142 143 144 145 146 147 148 149 150 153 154 155 156 158 159 160 161 163 165 167 169 170 171 173
23 135 137 138 139 140 141 143 145 146 147 148 149 150 153 157 159 161 162 163 167 169 173 174
28 133 134 135 137 138 143 145 146 148 149 151 153 154 155 158 159 161 162 163 164 166 167 168 169 170 171 172 173
26 133 135 137 138 139 140 141 142 143 144 149 150 151 152 153 155 157 158 159 160 161 163 164 167 168 170
13 134 141 144 145 148 153 165 167 168 170 172 173 174
16 134 137 138 141 143 146 147 149 156 157 158 160 168 171 172 174
19 138 140 143 144 145 152 155 157 158 159 160 161 162 164 168 169 170 171 172
24 134 135 137 144 145 146 147 148 150 151 152 153 154 156 157 159 161 162 163 164 168 170 173 174
15 134 140 142 145 147 148 149 152 154 156 157 162 164 168 173
26 133 134 135 137 138 139 141 142 145 146 148 149 150 152 153 156 161 162 164 165 166 167 170 171 172 174
20 135 136 139 140 143 146 148 149 151 152 156 160 161 163 164 166 170 172 173 174
29 133 134 135 136 137 138 140 141 144 146 150 151 153 154 155 156 158 159 160 164 165 166 167 168 170 171 172 173 174
25 133 135 137 138 140 141 142 143 144 146 147 148 149 151 153 155 156 157 162 165 168 169 170 172 173
21 133 136 137 138 141 142 145 147 148 149 150 154 155 157 159 161 163 166 169 172 174
25 133 134 135 136 138 140 141 142 146 147 148 151 153 154 155 157 159 161 162 164 166 167 171 173 174
17 134 136 138 139 141 144 145 148 151 155 157 159 160 163 171 173 174
14 134 135 136 138 141 143 145 148 154 157 158 161 166 173
16 136 139 141 143 145 147 149 152 153 154 158 161 163 166 168 170
14 133 144 145 146 147 149 156 157 158 162 164 171 173 174
15 138 142 146 156 158 160 161 162 164 165 168 169 170 173 174
24 133 136 140 141 142 144 145 146 150 151 152 154 155 157 159 162 164 165 166 168 169 171 172 173
18 133 134 137 139 142 143 144 145 151 154 160 162 163 164 167 168 169 173
15 133 139 141 143 146 147 152 157 161 164 166 167 168 172 173
24 133 134 137 139 140 141 142 145 148 150 152 153 155 157 158 159 161 162 163 167 168 169 171 174
17 135 136 138 144 145 148 150 151 154 155 157 159 162 164 168 172 174
22 133 135 136 137 138 139 140 144 151 152 155 156 157 160 164 165 168 169 171 172 173 174
15 133 136 137 140 142 143 152 154 157 158 160 161 162 171 174
20 134 136 139 141 142 143 144 148 150 151 154 157 158 161 163 164 166 167 173 174
13 134 135 137 138 142 144 149 157 166 167 170 171 172
26 135 137 139 142 144 145 146 148 150 151 152 153 154 155 156 160 161 162 165 167 168 169 170 172 173 174
14 136 141 142 143 144 145 149 151 154 156 158 163 167 172
19 135 137 142 143 145 146 152 153 156 159 160 161 162 163 164 165 166 169 171
19 133 135 138 140 141 142 148 149 152 153 154 160 161 164 169 170 171 172 174
25 133 136 137 138 139 140 141 142 144 145 149 153 154 157 158 159 160 161 162 166 167 168 169 170 174
21 134 135 136 138 139 140 143 149 150 151 152 157 158 163 164 165 166 168 169 171 172
28 133 135 137 138 140 144 145 146 147 148 149 153 154 155 156 157 158 159 160 163 164 165 167 168 169 172 173 174
20 133 135 136 142 143 144 148 151 152 153 154 155 156 157 158 161 163 166 168 170
29 133 134 139 140 141 142 144 145 146 147 148 149 150 152 155 156 158 159 162 163 164 165 166 167 169 171 172 173 174
13 139 140 143 145 146 147 149 150 162 163 166 170 171
16 135 136 142 143 144 145 150 151 153 158 160 163 166 168 170 174
13 135 137 138 146 156 158 159 160 161 163 165 168 171
22 133 136 137 139 141 142 143 146 147 148 149 151 153 154 156 158 161 164 167 168 171 174
28 133 134 137 138 139 140 141 143 144 145 146 147 148 151 152 158 159 161 162 163 164 165 167 168 171 172 173 174
27 133 135 136 137 138 139 140 141 145 147 148 150 152 156 157 158 159 160 163 166 168 169 170 171 172 173 174
18 133 134 135 140 144 145 148 150 153 156 158 159 160 161 168 170 171 174
19 135 136 138 141 147 150 153 155 157 159 160 162 163 164 165 166 168 169 173
27 133 136 137 138 139 140 142 143 146 147 149 152 153 155 157 158 159 160 163 164 165 166 167 169 170 172 173
29 134 136 137 138 139 141 142 145 147 148 149 150 151 152 153 154 156 158 159 160 164 166 167 168 169 170 171 173 174
27 133 135 136 137 142 143 144 145 147 149 150 151 153 154 155 157 158 159 161 162 163 164 165 166 167 172 174
22 133 136 137 138 140 145 146 147 149 153 154 157 160 161 163 164 165 166 167 168 171 172
24 134 135 136 140 142 145 147 149 151 153 154 155 156 157 158 159 161 163 165 166 167 172 173 174
24 134 135 136 138 140 141 142 143 144 145 146 148 151 154 155 156 157 158 159 160 163 164 165 166
26 136 137 138 139 140 143 145 146 147 149 150 151 153 155 156 157 158 159 165 166 167 168 169 171 172 174
20 133 135 136 138 139 140 141 143 144 146 148 149 150 152 153 157 165 168 171 174
16 133 135 138 140 141 144 145 147 148 152 153 155 156 158 165 167
23 133 135 136 137 142 144 146 147 152 153 154 155 157 158 159 160 161 162 165 169 170 171 172
19 133 136 138 139 140 142 144 145 147 149 151 153 155 157 158 160 167 170 173
29 133 134 135 136 138 139 142 143 146 147 148 150 152 153 155 156 157 158 159 160 161 164 166 167 169 170 171 173 174
29 133 135 136 137 138 139 141 143 145 146 147 148 149 150 152 153 154 156 157 160 161 163 164 165 167 168 169 172 174
20 133 135 140 142 145 147 149 152 153 154 155 156 157 163 165 166 167 168 169 171
24 133 134 135 136 137 138 139 143 145 146 147 148 151 152 153 154 159 161 164 169 170 172 173 174
23 133 136 137 139 141 142 143 145 147 153 156 157 158 159 160 162 163 167 168 169 170 172 174
22 133 134 136 137 140 141 142 143 145 150 151 152 153 157 158 161 162 163 164 165 167 172
24 133 136 137 139 141 142 143 148 149 150 152 153 155 157 160 161 162 163 167 168 169 170 172 173
13 133 138 142 144 145 148 153 155 161 162 163 164 168
16 136 139 142 143 150 153 154 156 159 165 166 167 170 172 173 174
23 133 134 136 137 138 141 143 145 146 147 148 150 151 152 157 158 163 166 168 169 170 172 173
28 133 134 137 138 139 140 141 143 144 145 146 149 151 152 153 154 157 158 159 160 162 164 166 167 168 169 172 173
28 133 137 138 139 141 142 143 144 145 146 148 152 153 154 155 157 160 161 162 163 165 168 169 170 171 172 173 174
21 133 135 136 137 138 139 142 144 150 152 153 155 158 159 162 163 165 170 171 172 174
18 137 138 139 145 149 150 153 154 155 156 158 164 165 169 170 172 173 174
18 133 134 141 147 151 154 155 156 158 160 161 162 164 166 167 168 169 174
23 135 136 138 139 140 143 146 147 148 149 150 151 153 154 155 156 158 159 160 162 166 167 174
27 133 134 135 138 142 143 144 145 146 149 151 152 153 154 158 159 161 163 164 165 166 168 169 170 171 172 174
23 133 135 137 138 139 141 145 146 147 149 153 154 155 156 162 164 166 167 169 170 171 172 174
19 133 137 139 141 147 148 149 150 151 154 155 157 159 162 164 165 166 168 174
21 133 137 138 140 141 142 143 145 146 149 150 151 154 157 159 163 165 166 167 169 171
13 135 137 142 144 146 147 149 151 152 155 163 165 167
24 137 138 139 140 141 143 144 146 148 150 153 156 159 160 161 162 163 167 168 170 171 172 173 174
23 136 137 138 139 141 142 143 146 147 150 153 155 156 158 159 162 163 166 168 169 170 171 173
16 133 134 135 145 149 153 155 159 160 161 162 165 166 169 170 173
22 134 138 140 141 142 143 144 146 147 148 149 151 152 155 157 158 159 160 165 167 168 170
23 133 134 136 137 138 141 143 144 149 150 151 152 153 155 156 159 161 163 165 169 170 172 174
18 136 137 139 142 143 144 147 149 150 151 157 158 160 162 165 169 170 171
23 133 135 136 139 140 141 144 146 147 148 155 156 157 158 159 161 162 163 164 168 171 172 173
26 133 134 136 137 138 140 141 142 143 144 147 148 149 150 151 154 155 157 160 161 163 166 167 169 172 174
25 133 134 139 141 146 148 149 150 151 153 155 156 157 158 159 160 162 164 166 167 168 169 172 173 174
26 134 136 138 140 142 143 145 146 147 149 150 151 152 157 158 159 161 162 163 164 165 167 170 171 172 173
25 133 134 139 140 142 143 145 146 147 149 151 152 157 158 160 162 163 164 165 167 168 169 172 173 174
20 133 136 140 141 145 146 147 149 151 152 154 155 156 157 162 165 167 172 173 174
14 137 138 139 140 144 145 146 151 158 160 162 165 169 171
28 134 135 137 139 142 143 144 145 148 149 150 151 153 155 156 157 158 162 163 164 166 167 168 169 170 171 172 174
23 133 134 136 140 141 142 144 149 151 152 153 154 156 159 161 164 166 167 168 169 170 171 172
23 133 138 139 142 143 144 145 146 147 149 151 153 154 155 158 160 163 165 166 167 170 171 174
24 133 134 136 138 139 141 142 143 144 146 147 151 153 155 157 158 159 162 163 165 169 170 171 172
26 134 136 137 138 139 141 143 146 147 148 150 151 153 154 156 157 158 161 162 164 165 167 171 172 173 174
28 133 136 137 139 140 141 142 143 145 148 149 150 151 152 154 155 157 158 160 162 163 164 166 167 168 171 172 174
22 134 136 137 139 143 145 146 147 148 151 152 155 156 157 164 165 166 168 169 170 173 174
27 134 136 137 138 139 141 143 144 145 146 148 150 153 154 155 157 160 161 162 164 166 167 168 169 170 173 174
25 134 135 136 137 141 144 145 146 148 150 152 154 157 158 159 160 161 162 163 164 166 169 171 172 173
29 133 135 136 138 140 141 142 144 146 147 148 149 150 151 152 154 159 160 161 162 163 164 165 166 168 170 171 172 174
20 135 140 141 143 146 149 152 153 156 157 159 161 162 165 166 168 170 171 172 174
13 136 142 147 149 150 153 155 156 158 163 165 169 170
17 133 134 135 138 142 146 148 153 154 161 163 164 165 169 170 172 174
14 138 140 145 146 147 148 155 161 163 165 166 167 169 173
18 137 138 139 140 143 145 146 147 155 158 160 162 164 165 168 169 173 174
13 133 136 138 139 140 142 143 145 146 151 157 159 171
29 133 134 135 136 137 138 139 140 141 143 145 147 148 149 151 155 156 157 158 159 160 161 162 163 164 168 172 173 174
16 139 143 144 147 148 154 155 157 162 164 165 169 170 171 172 173
15 133 136 137 140 147 148 149 150 157 160 162 167 168 169 172
24 135 136 138 139 140 143 145 147 150 151 153 154 156 157 160 161 162 164 166 168 169 171 173 174
25 138 139 141 143 144 146 147 148 149 151 153 154 156 157 160 161 162 163 166 167 169 170 171 172 174
27 133 134 135 136 137 139 140 143 145 147 148 151 152 153 154 157 159 160 161 163 164 165 166 167 169 170 172
25 133 137 139 140 141 142 143 144 146 147 150 151 152 153 154 155 160 161 162 165 167 168 170 171 174
27 133 136 137 138 139 141 145 146 147 148 149 151 152 153 155 156 157 158 159 164 165 168 170 171 172 173 174
21 134 136 137 138 139 140 141 142 143 144 145 146 147 151 154 156 157 164 167 170 171
27 133 134 136 140 141 142 143 144 145 146 148 149 150 151 153 154 155 156 158 160 162 163 165 168 169 170 171
26 134 136 137 139 141 144 146 147 148 149 150 151 152 155 160 161 162 163 165 166 167 168 169 171 172 174
29 133 135 136 137 138 140 141 142 143 145 146 147 148 149 150 151 153 156 157 158 160 161 162 165 166 168 170 171 173
20 133 136 139 140 143 144 146 149 150 151 156 157 158 160 162 163 169 170 171 172
28 133 134 137 138 141 142 143 144 147 148 149 150 152 153 154 155 156 157 158 161 164 166 167 169 170 171 172 174
20 135 136 138 139 141 142 145 146 148 151 156 157 160 161 162 163 166 167 170 171
16 134 137 140 142 144 145 148 150 153 156 157 163 168 171 173 174
27 133 135 137 138 139 141 142 143 145 147 149 153 154 155 156 158 159 161 162 163 164 167 169 170 171 172 174
20 134 135 136 139 141 146 147 148 150 151 154 155 159 160 162 164 165 168 169 171
18 133 134 135 136 137 140 146 147 150 153 158 159 161 162 165 166 170 171
21 134 135 136 137 142 143 145 146 148 150 151 152 154 155 157 163 165 170 171 172 173
23 136 139 140 141 143 145 148 149 150 151 155 156 157 160 161 162 163 164 165 166 168 170 174
15 134 141 143 144 146 147 148 151 152 159 164 167 169 170 171
13 136 137 145 146 147 148 149 152 154 155 158 165 171
13 133 134 135 137 138 147 149 155 158 166 169 170 172
26 133 134 135 136 138 139 140 141 145 146 147 150 151 153 154 158 159 161 165 166 167 169 170 171 173 174
16 133 138 140 141 143 146 147 148 152 154 156 158 159 160 162 172
26 133 134 136 137 142 143 144 145 146 147 148 149 150 151 152 154 155 156 157 158 160 161 164 168 170 172
17 137 139 140 141 144 147 148 149 150 155 160 161 163 164 165 170 171
16 133 135 136 145 146 147 148 149 152 154 155 157 163 164 171 172
12 134 138 141 145 146 147 154 155 163 169 170 171
15 137 138 143 145 147 149 150 152 155 160 162 164 169 170 173
22 134 136 137 140 142 144 145 147 148 152 153 154 155 158 161 162 163 164 169 170 172 174
23 134 137 141 142 143 144 145 147 148 149 150 156 157 158 160 162 165 166 167 168 170 172 173
24 133 134 135 137 138 139 140 142 144 146 149 150 153 154 160 162 163 166 167 168 169 170 171 172
16 133 134 136 139 141 142 145 149 152 153 154 155 161 166 168 174
23 133 135 137 139 141 144 145 148 149 151 154 155 156 157 158 159 160 161 162 163 164 165 169
27 135 136 137 138 139 140 141 144 145 146 147 150 151 152 153 154 155 157 160 161 162 163 165 166 167 169 170
25 133 135 136 138 139 140 141 142 143 144 145 146 151 154 156 159 161 164 165 166 167 168 170 171 172
25 133 135 137 138 139 142 144 145 147 149 150 152 155 156 159 161 162 163 165 167 168 169 172 173 174
23 133 135 136 137 141 143 145 146 147 150 151 152 154 155 156 158 159 162 164 166 170 171 174
25 134 135 136 137 138 140 144 146 147 148 152 153 154 155 156 157 159 160 162 165 168 169 171 172 173
23 137 138 139 141 142 144 145 147 148 149 151 152 154 155 156 157 160 161 163 166 167 172 173
28 136 137 138 140 141 142 144 145 147 148 149 151 152 153 154 155 156 157 158 161 162 164 165 170 171 172 173 174
16 133 135 137 140 142 143 147 150 154 155 156 157 158 161 170 172
18 134 135 136 137 139 140 145 147 148 150 158 161 166 167 169 170 172 174
24 133 134 135 136 137 138 146 147 148 149 151 154 155 157 161 163 164 165 166 168 169 170 173 174
15 136 141 146 147 150 153 155 157 160 164 166 167 168 169 171
26 134 135 137 139 141 142 143 144 146 147 148 151 152 154 155 157 159 160 161 162 163 165 167 168 171 174
13 133 138 140 141 143 144 146 149 153 154 156 165 169
22 133 134 135 138 139 141 144 145 146 148 149 151 153 154 156 158 159 161 162 165 173 174
16 138 141 142 143 148 151 152 153 154 155 158 162 163 165 166 172
15 133 137 140 142 144 147 149 150 157 158 164 165 168 169 170
22 135 137 139 140 142 145 146 147 148 150 153 154 155 156 157 159 160 161 162 170 171 172
26 135 137 138 139 141 142 145 147 148 149 150 151 154 156 157 160 162 163 165 166 167 169 170 172 173 174
24 135 138 142 145 147 149 151 152 153 154 155 156 158 159 160 164 165 166 167 168 169 170 171 172
15 135 137 139 140 142 143 145 146 149 152 164 165 167 170 173
15 133 135 137 139 141 143 148 149 155 161 163 164 171 172 174
23 133 136 137 144 145 146 148 149 151 152 154 155 159 160 161 163 164 166 167 168 172 173 174
20 137 138 139 142 143 145 147 150 154 160 161 165 166 167 168 169 170 171 172 174
13 133 137 139 141 144 147 154 158 160 161 165 166 172
20 137 138 139 140 143 149 154 156 157 158 159 160 161 162 163 166 167 171 172 174
28 133 134 136 137 139 141 142 146 147 149 150 151 153 155 158 159 161 162 163 164 165 166 167 168 169 170 171 174
29 133 134 138 141 142 143 144 145 146 147 148 149 150 151 152 153 154 155 156 157 161 162 164 165 167 168 172 173 174
15 133 135 136 139 142 146 147 150 151 153 158 160 167 169 170
15 133 135 136 139 141 147 155 158 160 162 163 164 167 168 172
14 134 138 139 140 146 147 149 154 157 158 160 164 168 170
16 133 135 136 137 138 141 148 150 151 153 155 162 166 167 168 169
22 134 135 136 137 143 144 145 146 149 150 151 155 159 162 163 164 165 167 168 169 173 174
25 133 134 138 139 141 142 143 144 146 147 149 151 152 154 155 159 161 162 163 167 168 169 171 173 174
24 135 136 137 139 141 142 145 146 147 148 149 150 153 155 157 161 162 163 164 166 167 170 171 172
16 133 135 138 140 141 146 147 148 151 152 159 161 163 164 168 174
17 133 136 138 140 141 146 150 155 156 158 162 163 165 166 167 171 174
16 133 134 140 145 148 150 151 152 153 159 160 163 165 168 170 174
22 134 135 138 140 141 143 144 145 146 149 152 154 156 157 158 160 161 162 165 169 173 174
24 134 137 138 139 143 144 145 147 148 149 150 153 154 155 156 157 158 159 161 165 171 172 173 174
14 133 135 139 140 141 144 148 155 158 159 160 165 169 171
14 133 138 140 144 145 152 154 155 159 160 162 163 165 167
28 133 134 136 137 140 141 144 145 146 148 149 150 151 152 153 155 156 157 160 161 162 163 164 168 169 172 173 174
26 133 134 136 139 140 142 143 146 147 149 150 151 152 155 158 159 160 161 163 164 166 167 169 170 173 174
27 133 134 135 136 138 142 145 146 147 148 149 150 151 152 153 154 155 157 160 161 163 166 167 168 169 170 174
25 133 134 135 136 137 139 144 145 149 150 151 153 155 159 160 161 162 163 165 166 167 168 170 171 174
18 134 135 140 151 152 153 154 156 158 161 164 165 166 167 168 169 171 174
19 133 134 141 145 147 149 151 152 153 154 157 160 163 164 166 167 168 169 171
20 135 136 137 138 139 140 150 151 153 155 157 158 159 161 162 163 165 168 169 172
12 135 137 141 146 150 153 155 156 157 163 169 173
18 136 137 141 142 144 145 146 148 151 152 153 155 158 163 164 166 167 169
18 133 134 137 138 139 141 146 147 152 162 165 166 168 169 170 171 172 174
23 134 137 140 141 143 144 145 147 148 150 152 155 157 158 159 160 162 165 166 170 171 172 174
16 133 136 139 146 147 148 151 153 157 159 160 162 163 164 166 167
18 133 134 137 138 139 142 145 148 149 150 151 153 161 164 165 169 171 173
26 133 134 136 140 142 144 145 147 148 149 150 151 153 155 157 158 159 160 161 164 167 169 170 171 172 173
26 133 134 137 138 140 141 143 147 148 149 150 151 152 157 159 160 161 162 163 165 166 167 168 170 171 174
23 136 137 140 142 143 145 146 148 152 153 154 155 157 158 159 161 162 164 167 168 169 171 173
13 133 137 143 147 150 153 155 157 160 164 166 169 174
12 136 139 148 151 152 153 158 161 164 168 169 171
16 133 134 135 139 147 151 152 154 156 159 161 165 168 170 171 173
23 176 180 181 184 186 187 188 191 194 197 201 204 205 206 208 210 211 218 227 230 238 239 242
15 181 184 188 195 197 198 203 205 209 226 229 231 233 238 239
14 184 190 191 194 197 199 201 203 208 213 216 220 223 229
8 175 183 193 195 205 220 231 239
39 175 178 181 184 185 186 188 190 195 198 200 201 202 203 205 207 210 211 214 215 216 217 218 219 220 221 224 225 226 227 228 229 230 231 232 235 238 239 240
25 175 176 177 179 181 184 185 186 187 188 189 192 193 196 197 198 205 206 209 211 220 225 227 233 235
35 177 178 179 180 181 184 185 186 188 190 191 192 194 195 196 202 203 206 209 210 212 214 216 218 220 221 223 226 227 229 230 231 237 238 240
47 175 176 177 178 180 181 182 184 185 186 190 191 192 194 195 197 198 199 200 201 202 203 207 209 210 213 214 217 218 219 220 221 222 224 225 226 227 228 229 230 231 233 234 235 237 238 242
23 180 181 183 184 193 196 198 200 202 207 210 211 215 218 220 221 222 225 232 234 236 240 242
15 176 179 184 186 188 189 191 197 198 199 203 205 207 237 240
19 175 181 182 184 185 186 187 195 196 207 208 214 218 219 220 222 229 237 238
25 179 184 185 194 197 198 200 201 205 206 208 209 213 216 217 218 219 221 226 227 232 234 236 238 239
25 177 178 180 182 185 187 192 197 198 200 202 205 209 212 218 219 221 229 230 232 233 234 236 237 242
18 180 182 183 190 191 203 207 208 212 214 219 223 224 228 234 236 238 239
13 182 183 187 190 192 196 203 210 212 222 225 240 241
18 177 178 184 190 198 203 209 213 214 217 219 223 227 231 233 235 237 241
26 177 178 179 180 183 185 186 187 192 195 196 198 200 206 207 211 215 219 225 226 228 230 231 236 238 242
14 179 180 188 189 193 198 202 204 209 215 217 221 233 239
15 176 177 182 183 187 189 192 193 194 196 209 222 223 237 241
17 175 178 181 188 190 196 197 204 208 209 217 218 222 226 233 237 241
14 179 180 191 197 199 204 206 208 212 213 233 234 236 242
18 177 182 183 185 186 192 193 201 202 206 219 220 221 223 230 231 234 238
28 175 176 181 182 188 189 193 202 204 205 209 210 212 214 217 218 221 222 224 227 232 233 234 235 237 239 240 241
10 186 187 197 201 204 222 224 226 232 238
10 191 193 195 202 220 228 229 233 235 237
27 175 177 181 182 187 188 189 190 191 192 198 201 204 207 210 213 214 217 218 228 231 233 235 237 238 239 242
20 175 176 177 178 180 181 186 188 189 199 204 207 211 214 215 223 224 230 231 242
17 176 179 183 188 189 190 199 201 210 214 217 220 223 235 238 240 241
37 175 176 177 179 183 184 187 188 190 191 193 197 202 203 205 206 207 209 212 217 219 220 222 225 226 227 228 230 231 232 233 234 235 236 237 238 239
19 180 187 191 194 195 198 199 203 205 207 211 213 216 224 227 228 229 235 239
16 177 178 185 193 195 196 201 202 206 209 214 215 219 223 236 241
26 175 181 184 186 191 193 194 195 196 203 204 206 207 208 211 213 215 216 222 224 225 226 227 228 231 239
49 175 176 177 178 179 180 181 184 187 188 189 191 192 193 195 197 198 199 200 201 204 205 206 207 208 209 210 211 212 215 217 218 219 220 221 223 225 226 227 228 230 231 233 234 235 239 240 241 242
9 178 186 205 206 217 219 229 234 235
31 176 177 178 181 183 184 188 191 194 196 197 199 200 207 210 213 214 215 219 220 226 227 228 229 230 231 232 235 236 238 242
33 175 176 182 183 187 189 193 197 198 199 200 201 204 205 207 208 211 213 215 217 219 222 224 225 228 232 233 234 235 236 239 241 242
27 176 177 182 185 188 189 190 191 192 195 197 203 204 209 212 214 216 217 223 224 226 228 231 233 238 239 241
16 187 190 192 194 200 208 210 213 217 220 225 226 229 232 233 239
19 182 183 185 186 190 194 196 202 203 213 214 216 222 224 229 232 236 237 238
18 175 178 179 186 187 194 199 201 205 206 208 213 219 227 229 230 235 237
23 183 184 185 187 188 189 197 198 202 205 206 212 216 219 220 221 223 225 229 231 238 241 242
14 177 180 188 189 191 199 203 208 212 215 216 223 233 239
15 177 181 185 186 187 190 197 199 202 204 211 212 219 225 232
12 176 186 194 197 205 211 213 220 221 224 237 240
14 178 194 200 201 210 213 215 216 217 218 229 232 237 242
11 195 199 202 204 221 222 226 230 231 240 241
36 175 177 178 179 181 185 188 189 191 192 197 198 200 201 203 205 207 209 210 211 213 214 216 217 223 224 227 229 230 232 233 234 235 238 241 242
30 176 177 179 180 182 183 187 188 189 190 191 193 194 195 196 201 203 204 207 212 214 215 224 226 227 231 233 237 239 240
28 177 178 179 182 183 187 194 196 200 202 204 208 211 212 214 215 216 217 218 219 222 225 227 234 236 237 240 241
14 176 179 184 189 200 210 212 214 215 225 232 236 240 242
32 176 178 180 183 184 185 193 194 195 196 197 199 200 203 206 208 209 211 212 215 216 220 222 223 224 225 227 229 230 232 236 240
21 179 182 187 189 195 205 206 209 210 212 217 218 221 225 227 229 232 233 237 238 242
28 175 176 177 179 180 186 190 191 192 195 196 199 201 203 208 209 213 214 215 218 222 226 232 233 234 236 237 239
15 182 183 190 196 199 200 202 215 220 228 229 231 234 237 240
21 176 178 180 188 189 191 198 201 207 210 214 221 222 223 226 227 229 230 234 236 242
25 175 176 180 185 186 189 190 191 192 193 199 201 206 207 210 213 220 221 223 224 228 230 232 235 242
17 178 181 182 193 194 200 204 207 210 211 217 224 227 228 230 235 240
31 175 176 179 180 181 183 187 189 190 193 207 211 214 217 218 219 221 222 223 224 225 226 229 232 235 236 237 238 240 241 242
21 175 180 181 182 183 204 211 212 216 218 221 222 224 227 228 230 231 234 235 238 242
9 179 186 202 205 219 221 226 234 241
31 178 180 181 182 185 186 189 192 194 195 196 198 199 200 201 204 208 210 211 213 214 215 216 218 221 223 224 229 240 241 242
24 175 180 181 182 183 185 192 193 194 196 199 200 206 207 211 212 215 218 220 221 228 230 234 236
30 175 177 178 179 185 189 192 193 195 198 203 207 209 212 213 214 216 217 219 221 222 223 224 225 226 232 233 235 236 241
35 176 177 178 183 190 191 192 194 197 199 200 201 203 205 206 210 211 212 213 216 223 224 225 226 227 228 230 231 232 234 235 236 240 241 242
29 175 181 184 185 192 197 198 199 200 202 208 209 210 211 213 216 218 220 221 222 223 225 228 230 232 236 238 241 242
21 179 183 187 188 189 193 196 204 205 206 208 211 212 215 216 223 232 236 239 240 241
47 175 176 177 178 180 181 183 184 185 186 188 190 191 192 193 194 196 197 198 199 200 201 202 203 204 207 208 211 213 214 215 216 219 220 222 223 224 226 228 230 231 234 235 236 239 240 241
32 176 180 182 183 184 186 187 190 193 194 195 196 199 202 204 206 208 212 215 218 219 220 221 222 225 226 228 231 236 237 239 240
16 176 179 188 189 191 195 202 205 208 210 216 225 229 239 240 242
42 175 178 179 181 182 183 184 185 187 190 192 193 195 196 198 200 201 202 204 206 207 209 210 214 217 218 219 222 225 226 227 228 229 230 231 232 234 235 236 238 241 242
37 175 179 180 182 185 186 187 189 190 192 193 195 198 201 202 203 204 205 206 208 209 211 212 216 217 218 221 222 223 224 225 233 234 237 239 240 241
24 179 182 184 192 194 196 200 203 206 208 209 213 215 216 217 218 224 228 233 235 237 238 240 241
37 177 178 182 184 185 186 188 191 192 194 195 196 197 198 199 200 201 202 203 204 205 206 208 209 210 212 213 215 216 220 227 228 230 231 233 234 239
13 175 178 181 188 197 204 208 209 218 222 226 233 237
9 177 188 191 199 208 215 216 223 233
19 177 178 183 191 196 197 199 207 215 219 226 227 230 231 232 235 236 238 242
7 191 195 202 220 228 229 233
9 177 181 199 202 211 212 219 225 232
10 179 182 195 206 212 218 221 225 233 237
14 180 181 196 198 200 202 211 215 218 221 222 225 236 242
19 175 177 178 195 198 203 212 213 214 216 222 223 224 225 226 232 233 236 241
12 178 180 188 189 198 201 207 214 226 227 234 242
21 177 178 183 190 192 197 201 203 205 211 212 213 223 226 231 232 235 236 240 241 242
19 175 176 177 179 181 184 185 186 188 189 192 193 197 205 206 209 220 233 235
11 181 184 188 198 203 205 226 229 233 238 239
33 176 178 180 181 182 185 190 191 192 195 198 199 200 201 202 203 209 213 214 217 218 219 221 222 225 226 228 229 230 231 233 235 237
12 176 177 182 183 187 189 192 193 194 196 209 222
31 178 181 184 186 188 190 198 200 201 202 205 207 210 211 214 215 216 218 219 220 221 224 226 227 228 229 231 232 235 238 239
19 177 181 182 187 188 189 190 198 201 204 207 210 213 231 233 235 237 239 242
8 176 188 191 205 208 216 225 242
16 178 180 181 185 186 189 192 199 208 210 213 215 216 221 223 240
19 176 180 184 187 190 194 195 202 204 208 212 218 220 222 231 236 237 239 240
8 179 190 199 214 223 235 238 241
11 176 180 188 191 197 201 205 211 227 230 242
16 175 180 181 182 183 211 212 216 221 224 227 228 231 234 235 242
13 176 179 188 191 195 205 208 210 216 225 229 240 242
18 179 184 185 197 198 201 205 206 208 209 217 218 219 221 226 232 238 239
15 178 184 190 198 203 213 214 217 219 227 231 233 235 237 241
15 175 176 178 180 181 186 188 189 199 204 207 211 223 224 231
12 179 180 188 189 193 198 202 204 209 215 217 221
10 179 188 189 191 198 199 205 207 237 240
9 176 182 183 189 192 193 194 209 223
21 175 176 179 183 190 191 203 205 206 209 212 217 219 222 225 226 230 233 235 236 239
12 181 182 193 204 207 210 211 217 227 228 230 235
26 178 180 182 185 186 192 194 195 196 198 200 204 208 211 213 214 215 216 218 221 223 224 229 240 241 242
15 177 182 185 186 192 193 201 202 219 220 223 230 231 234 238
11 175 180 183 204 212 216 218 221 224 227 228
16 175 177 178 180 181 186 189 204 207 211 214 215 223 224 231 242
10 181 182 185 187 207 208 214 219 229 237
18 182 187 189 205 206 210 212 217 218 221 225 227 229 232 233 237 238 242
14 175 178 186 194 199 201 206 208 213 227 229 230 235 237
13 182 183 185 192 201 202 206 219 220 221 230 231 238
25 175 178 184 185 186 188 190 198 200 202 203 207 210 215 217 218 219 220 224 225 228 229 230 231 240
30 175 176 177 179 183 187 190 191 193 202 203 205 206 207 209 217 219 220 222 226 227 228 230 231 232 234 235 236 238 239
20 175 181 192 197 199 200 208 209 210 211 213 216 218 220 221 222 223 232 236 242
6 205 217 219 229 234 235
14 175 182 183 185 192 193 194 196 199 206 220 221 234 236
7 195 204 221 222 226 231 241
14 177 184 198 203 209 214 217 223 227 231 233 235 237 241
9 184 186 188 189 197 198 203 237 240
28 175 177 178 179 181 185 188 189 191 192 198 201 205 207 209 213 214 216 224 227 229 230 233 234 235 238 241 242
14 182 183 185 186 193 202 206 219 220 221 223 231 234 238
13 179 182 184 194 203 206 209 216 217 218 235 237 238
7 186 202 205 219 221 234 241
18 175 176 180 185 186 189 190 199 201 206 210 213 220 224 230 232 235 242
19 177 179 184 186 190 194 195 196 202 206 209 210 212 214 218 226 227 229 230
7 182 190 199 200 220 237 240
12 177 182 183 187 189 192 194 209 222 223 237 241
14 183 185 186 190 194 196 202 214 222 229 232 236 237 238
24 175 177 179 184 187 188 191 193 203 205 206 209 217 219 220 222 225 226 227 231 234 235 238 239
19 183 184 185 194 195 200 203 211 216 220 222 223 225 227 229 230 232 236 240
9 183 199 200 202 215 220 228 234 240
8 178 194 200 201 213 216 218 229
29 176 178 183 191 192 194 197 199 200 201 203 205 206 210 211 213 216 223 224 226 227 228 230 231 232 235 240 241 242
14 180 181 186 187 188 197 204 205 210 218 230 238 239 242
26 177 182 184 185 192 194 195 201 202 203 207 209 210 213 214 218 219 220 221 225 228 229 230 233 237 238
19 177 184 188 196 197 200 207 210 214 215 219 220 226 228 229 230 231 235 238
13 177 178 184 190 203 209 213 219 223 227 231 233 237
24 175 177 181 188 189 192 197 200 203 207 209 210 211 213 214 216 224 232 233 234 235 238 241 242
8 181 184 188 197 226 229 233 239
25 175 176 177 178 181 185 186 188 190 191 194 198 199 200 201 207 213 219 223 224 231 234 236 239 240
4 186 219 221 226
12 178 179 187 194 199 205 206 208 219 229 235 237
16 180 191 194 195 198 199 203 205 207 211 216 224 227 228 229 239
5 195 199 202 221 222
18 179 194 200 203 206 208 213 215 216 218 224 228 233 235 237 238 240 241
12 176 179 183 188 189 190 214 217 220 223 235 240
10 190 194 200 210 213 220 225 226 232 239
12 175 176 178 181 186 189 207 211 215 224 231 242
27 178 182 185 186 189 192 194 195 196 198 199 200 201 204 210 211 213 215 216 218 221 223 224 229 240 241 242
12 176 178 180 188 189 191 210 214 229 230 234 236
35 175 178 179 181 182 183 184 185 190 192 195 196 198 200 201 204 206 207 209 214 217 218 222 225 226 227 228 230 231 232 234 235 236 238 241
8 184 190 199 203 208 213 216 229
10 177 178 196 201 202 206 214 215 219 223
25 178 179 185 189 192 193 195 198 203 212 213 214 216 219 221 222 223 224 225 226 232 233 235 236 241
8 195 202 204 221 222 226 231 240
12 176 182 183 187 189 192 193 194 222 223 237 241
12 183 190 196 199 202 215 220 228 231 234 237 240
27 180 182 183 186 187 190 193 194 195 196 199 202 206 208 212 215 218 219 220 221 225 226 228 231 236 237 240
12 177 185 186 192 202 206 219 220 223 230 234 238
19 177 179 182 183 194 196 204 208 212 214 215 216 222 225 227 234 236 237 240
23 177 178 179 180 185 186 188 190 192 194 195 196 203 206 214 216 218 220 226 229 230 231 237
14 177 179 182 200 202 215 217 218 225 227 234 236 240 241
25 181 185 192 197 198 199 200 202 208 209 210 211 213 216 218 220 221 222 223 228 230 236 238 241 242
12 185 197 208 209 213 219 221 226 227 232 238 239
7 181 186 187 190 197 202 211
9 177 188 191 208 212 215 216 233 239
12 180 191 197 199 204 206 208 212 213 234 236 242
15 176 180 181 186 187 188 191 194 197 201 204 210 211 238 242
15 179 187 189 195 205 210 212 217 218 225 232 233 237 238 242
12 180 182 185 193 199 200 211 212 220 221 228 234
10 175 178 181 188 190 196 208 222 233 241
21 175 182 189 193 205 209 210 212 214 217 218 221 222 224 232 233 234 235 239 240 241
6 175 193 195 220 231 239
14 176 180 181 184 186 187 188 197 204 205 206 208 227 239
13 184 198 203 209 213 214 217 219 227 233 235 237 241
12 179 180 191 197 199 204 206 208 212 213 234 242
14 175 178 181 188 197 204 208 209 217 218 222 226 237 241
10 182 187 190 192 196 210 222 225 240 241
14 177 182 189 190 209 216 217 224 226 228 231 233 238 241
11 179 184 188 189 191 197 199 203 205 237 240
19 176 182 186 193 194 196 202 204 212 215 219 220 221 225 226 228 231 236 239
7 193 195 202 228 229 233 237
12 179 189 205 210 217 218 227 229 233 237 238 242
9 183 185 194 213 214 216 229 232 236
13 178 179 183 185 186 192 196 198 200 207 225 230 238
19 175 177 179 180 186 190 192 195 196 199 203 208 209 215 226 232 233 237 239
12 187 188 189 198 212 216 219 223 225 231 238 241
16 179 183 189 193 204 206 208 211 212 215 216 223 232 236 239 241
18 176 177 178 183 190 194 197 200 212 213 216 224 226 228 231 232 234 240
9 187 210 217 220 225 229 232 233 239
13 175 181 182 184 187 195 196 207 214 220 222 229 238
26 175 176 179 180 183 187 189 190 193 207 211 217 218 219 221 222 223 224 225 226 229 232 236 237 240 241
13 183 187 188 189 205 206 211 212 216 232 236 239 241
15 175 179 184 185 186 188 193 196 197 198 205 209 227 233 235
28 175 176 182 183 187 197 200 201 205 207 208 211 213 215 217 219 222 224 225 228 232 233 234 235 236 239 241 242
16 177 178 185 192 198 200 202 209 219 221 229 230 233 234 237 242
22 177 178 179 180 186 191 192 196 202 203 206 212 214 218 220 221 223 227 229 230 231 240
17 183 184 185 187 188 189 197 198 202 206 216 219 220 225 231 238 241
5 204 222 224 226 232
14 175 178 179 186 187 199 205 206 213 219 227 229 235 237
20 175 176 177 179 185 186 188 189 193 196 197 198 205 206 209 220 225 227 233 235
8 176 179 191 205 210 216 239 240
18 175 176 180 185 189 191 192 193 199 207 210 213 221 224 228 230 235 242
6 186 187 197 204 232 238
13 175 180 181 183 204 211 218 221 224 228 230 238 242
6 175 193 195 205 220 239
23 175 176 179 180 181 183 187 189 190 207 211 217 221 222 223 224 225 226 232 235 237 238 242
14 176 178 180 188 189 198 201 221 226 229 230 234 236 242
10 180 188 189 193 198 204 209 217 221 233
22 175 176 177 179 180 186 191 192 196 199 201 203 208 209 213 214 215 218 232 234 236 237
14 183 185 188 189 197 202 205 206 212 220 225 229 238 242
22 175 181 184 185 192 197 198 200 202 208 211 213 216 220 221 223 225 230 232 236 238 242
10 176 184 210 212 214 215 225 232 236 240
8 185 193 195 196 201 206 215 223
31 177 178 179 181 185 188 189 191 192 197 198 200 201 205 207 209 211 214 216 217 223 224 227 229 230 233 234 235 238 241 242
13 176 183 188 190 199 201 214 217 220 223 235 238 240
21 178 180 182 185 187 197 198 200 202 205 209 212 218 219 229 230 233 234 236 237 242
11 178 181 182 193 200 204 211 227 228 230 240
14 177 181 187 188 189 191 201 210 214 217 231 235 237 242
17 175 184 186 191 193 194 196 204 207 211 213 215 222 225 228 231 239
9 179 180 197 199 204 206 212 213 234
10 175 186 187 196 207 218 220 229 237 238
8 193 195 202 220 228 229 233 237
9 182 183 185 206 219 220 223 230 234
16 179 184 185 197 198 201 205 216 217 218 219 221 226 232 234 236
9 182 185 186 201 206 220 230 231 234
19 177 178 179 180 183 186 187 192 196 206 207 211 225 228 230 231 236 238 242
9 181 184 214 218 219 220 222 229 237
15 179 183 188 189 190 199 201 210 214 217 220 223 235 238 241
15 175 176 177 179 186 199 203 208 209 214 215 232 236 237 239
11 177 178 209 213 214 219 223 227 231 233 237
14 175 176 177 181 188 189 199 207 211 214 215 223 231 242
11 175 179 187 194 199 206 208 219 229 230 235
11 178 194 201 215 216 217 218 229 232 237 242
6 187 197 201 222 224 226
34 175 176 177 178 180 181 183 185 186 188 190 193 194 198 199 200 201 202 204 207 208 211 213 219 222 223 224 226 228 230 231 234 240 241
25 176 178 180 183 184 185 193 195 196 197 199 203 206 209 211 212 215 216 222 223 224 229 230 232 240
15 175 178 186 187 199 201 205 206 208 213 219 227 229 230 237
7 176 186 205 213 220 221 224
13 180 184 186 188 191 194 204 205 206 211 227 238 242
14 179 182 192 196 200 206 209 215 218 228 233 235 237 238
13 178 181 182 193 194 200 207 211 227 228 230 235 240
14 177 178 185 186 187 192 198 200 206 211 219 226 230 236
9 179 186 187 199 208 219 230 235 237
8 177 189 199 203 212 215 223 233
22 177 178 180 181 188 190 194 196 202 203 206 209 210 212 218 221 223 226 227 237 238 240
13 175 181 184 185 186 196 207 208 214 219 222 237 238
8 191 193 202 220 228 233 235 237
14 191 197 203 209 212 214 216 217 223 224 226 228 239 241
16 176 177 182 185 190 191 192 197 203 204 209 212 217 226 231 233
14 177 185 193 195 196 201 202 206 209 214 219 223 236 241
11 177 195 196 201 202 209 214 215 219 236 241
9 185 193 195 201 206 209 214 215 223
10 178 181 188 190 196 197 204 208 226 237
14 185 192 197 208 209 218 220 221 223 225 230 232 236 238
20 175 176 180 185 186 189 191 192 199 201 207 210 221 223 224 228 230 232 235 242
8 180 188 189 191 208 212 215 223
23 175 181 185 192 197 198 199 202 208 209 210 218 220 222 223 225 228 230 232 236 238 241 242
20 176 182 185 188 190 192 195 197 203 204 212 216 217 223 224 226 228 231 238 239
18 176 182 188 190 191 192 195 197 203 204 209 212 214 216 223 233 238 239
35 178 179 182 184 185 187 190 197 198 200 201 203 205 206 207 210 211 212 215 217 219 220 221 222 226 227 228 229 233 234 237 238 239 241 242
32 175 178 182 183 184 186 187 189 192 194 196 197 198 199 203 204 205 207 208 209 210 213 216 221 222 224 225 226 227 228 230 236
33 175 177 179 182 185 186 188 190 191 192 193 194 195 198 201 206 207 211 213 216 217 220 222 225 226 228 229 231 232 233 235 237 242
44 175 177 178 181 182 183 184 186 191 192 194 195 197 198 199 200 202 204 206 208 209 211 212 213 214 215 216 218 219 221 222 223 225 226 227 228 229 231 233 234 235 240 241 242
41 175 177 178 179 181 183 185 186 187 188 189 192 195 196 197 199 200 204 208 209 210 212 214 215 216 219 220 221 223 224 225 226 228 231 232 233 235 237 238 240 242
40 178 179 182 183 184 185 189 190 191 193 195 196 197 198 199 201 202 205 206 208 209 211 212 215 216 217 218 219 220 221 222 224 225 226 228 230 233 236 237 241
37 175 178 181 183 184 186 187 189 190 191 196 197 198 200 203 204 209 210 214 215 216 217 220 223 224 225 226 228 229 230 231 232 233 236 237 239 240
21 178 179 180 185 187 189 192 194 201 204 205 207 209 217 219 226 227 228 234 237 239
36 180 182 186 188 190 191 192 194 195 198 199 200 202 204 206 207 209 210 211 212 213 214 215 217 219 220 221 222 223 225 228 230 233 234 237 241
47 175 176 177 178 179 180 181 182 183 184 186 187 190 191 192 193 194 195 196 197 198 200 203 204 207 208 209 210 211 213 214 215 216 218 219 221 222 223 227 228 229 233 234 238 239 241 242
38 177 180 181 182 183 184 185 186 191 192 193 194 196 199 201 203 205 207 208 210 212 213 216 217 218 219 221 222 223 226 227 229 231 232 234 238 240 242
23 177 181 182 183 186 187 190 192 193 195 204 205 215 216 217 218 224 225 226 228 237 238 242
39 175 178 183 184 187 188 189 192 194 195 197 200 202 204 205 206 207 210 211 213 214 216 217 218 219 220 223 224 225 226 227 228 229 231 232 235 237 240 242
35 178 183 184 185 186 188 189 190 193 194 199 200 201 203 207 208 212 213 217 221 223 225 226 227 228 231 232 233 235 236 237 238 240 241 242
33 176 177 182 184 186 190 191 192 193 194 195 196 197 200 202 203 206 209 211 213 214 215 217 218 221 223 225 228 231 232 235 236 242
22 175 178 189 194 198 199 207 209 216 219 220 221 222 224 225 227 230 235 236 238 239 241
28 175 180 181 183 187 196 197 198 201 202 203 205 206 207 208 209 210 213 216 219 220 223 226 227 228 234 238 239
43 176 178 179 184 185 186 188 189 190 191 192 193 194 195 196 199 201 202 203 205 207 208 211 212 214 215 216 217 219 220 221 223 224 225 227 231 232 236 237 238 239 241 242
46 175 176 177 181 183 184 185 186 187 188 189 190 191 193 194 195 197 198 199 200 203 204 206 207 208 210 211 212 214 215 216 217 218 220 221 222 223 225 229 230 232 233 236 238 239 241
30 176 178 179 180 184 185 189 190 196 198 199 203 204 207 211 212 216 217 218 220 222 225 226 228 230 234 235 239 240 242
27 175 177 180 181 185 186 187 188 199 201 206 208 211 212 216 218 221 222 225 226 227 229 231 235 236 237 240
21 181 182 184 187 199 200 204 208 209 213 214 215 221 222 223 224 233 235 240 241 242
34 176 177 181 182 185 186 190 191 192 194 196 199 200 202 203 205 207 210 211 212 213 214 217 218 219 223 224 225 230 233 236 238 240 242
37 176 178 179 183 184 189 191 193 194 197 201 202 203 205 206 209 210 212 214 215 216 219 220 221 222 223 225 226 230 232 233 235 236 237 240 241 242
34 178 180 182 184 185 186 187 188 190 192 194 195 196 197 198 199 201 202 205 206 215 216 218 221 222 223 224 229 233 236 237 239 240 241
34 175 177 178 179 180 182 183 187 188 189 190 194 195 196 197 199 200 202 204 206 207 208 210 213 215 220 221 222 224 229 233 235 241 242
47 175 178 180 182 183 184 185 186 188 190 191 193 194 195 196 197 198 200 202 204 205 207 208 209 211 212 213 214 217 218 219 220 221 222 223 224 225 227 230 233 234 235 237 238 239 240 241
25 177 186 188 190 191 192 194 195 200 205 206 210 211 213 215 216 217 222 224 225 227 228 229 236 240
26 180 181 183 184 186 187 188 190 191 193 198 199 201 202 204 206 212 214 217 226 227 232 236 239 240 241
37 177 178 179 181 183 184 185 186 187 191 193 194 195 198 200 201 202 203 205 206 208 209 211 212 213 214 218 219 225 227 232 233 236 238 240 241 242
28 175 177 178 181 186 188 191 193 194 195 197 199 201 206 209 210 213 215 218 221 222 223 229 232 235 236 241 242
23 176 177 179 180 181 192 195 201 202 205 212 213 216 217 220 221 222 224 227 231 234 240 242
26 176 177 178 180 181 190 192 194 195 197 198 200 201 204 205 206 211 216 218 220 221 222 228 231 237 240
32 175 176 181 182 184 185 186 190 191 195 197 199 207 209 211 212 214 216 217 218 221 224 225 228 229 231 234 237 238 239 241 242
34 178 182 183 184 185 186 188 190 191 192 195 196 198 199 200 201 202 203 205 206 208 211 217 219 223 224 226 228 229 235 236 237 239 241
25 176 179 183 184 185 186 187 189 195 196 200 201 219 220 221 225 227 229 230 232 234 235 237 241 242
45 175 176 177 178 179 180 181 182 184 185 186 188 189 196 198 199 200 201 207 208 211 212 213 214 215 217 218 219 220 221 222 223 224 225 227 228 229 232 233 234 235 237 238 239 242
46 175 176 177 179 180 181 183 184 185 186 187 189 190 191 193 195 196 199 200 201 204 206 209 211 213 214 217 218 219 220 222 223 225 227 228 229 230 231 232 233 237 238 239 240 241 242
35 175 176 179 184 187 189 190 195 196 197 198 199 202 203 204 211 217 218 219 221 222 223 224 225 226 228 229 230 231 232 234 236 238 241 242
38 175 176 178 180 181 182 183 187 188 190 191 192 193 194 195 196 198 201 204 205 208 210 211 212 213 216 217 223 225 226 227 228 230 233 239 240 241 242
21 179 183 184 187 189 190 192 195 196 198 203 210 211 213 217 226 228 229 230 239 241
37 175 176 177 178 179 180 182 183 184 186 187 189 190 192 193 196 199 200 202 204 205 206 208 210 214 217 218 220 224 225 230 231 232 233 237 238 239
44 178 180 181 182 184 186 187 188 189 190 191 192 193 194 197 199 200 203 204 205 206 207 209 211 213 215 217 219 220 221 222 228 229 230 232 234 235 236 237 238 239 240 241 242
44 175 176 177 179 180 181 182 183 184 187 188 189 191 193 194 195 196 197 198 200 202 204 205 206 208 209 210 213 214 215 216 218 219 225 226 227 228 229 231 233 234 235 238 239
36 176 178 179 181 182 186 187 188 189 192 196 197 198 199 202 203 204 205 206 210 211 212 214 215 217 219 220 221 222 227 231 234 236 237 239 242
30 176 179 184 186 188 189 191 192 193 195 196 198 199 201 204 205 208 209 210 211 218 223 232 234 235 237 238 239 241 242
30 175 178 183 185 188 192 195 197 198 199 203 205 208 209 213 217 219 220 221 223 226 227 228 232 234 237 238 239 240 241
45 177 178 179 181 183 184 185 187 188 189 190 192 193 194 195 196 201 203 204 207 209 211 212 215 217 219 220 221 222 223 224 226 227 229 230 232 233 234 235 236 237 238 240 241 242
40 175 178 179 182 183 185 186 187 188 191 194 195 196 199 200 201 205 206 207 209 211 214 217 218 219 220 221 222 224 225 227 228 229 230 231 235 237 238 239 240
33 180 181 183 185 186 187 190 191 192 195 196 198 199 200 202 209 210 212 213 215 216 218 220 223 226 230 235 236 237 239 240 241 242
43 175 179 180 181 182 184 185 186 187 188 189 191 193 194 195 198 199 200 201 203 205 207 208 209 210 212 213 214 215 217 219 220 221 222 230 231 232 233 234 236 237 241 242
25 175 177 180 181 187 196 197 199 202 204 205 206 209 211 214 217 220 221 227 228 231 233 236 237 238
36 176 177 182 183 187 188 190 191 192 193 194 196 197 198 199 200 201 210 211 214 215 216 217 218 219 222 224 226 227 230 231 235 237 238 239 241
44 175 176 180 181 184 185 186 188 190 191 193 194 195 197 199 201 202 203 204 205 206 208 209 211 212 213 215 216 220 221 223 224 225 226 228 230 232 235 237 238 239 240 241 242
24 175 176 178 179 180 186 188 200 207 210 211 213 214 215 217 218 219 221 225 226 228 235 238 239
31 178 179 182 183 184 186 191 194 195 197 199 201 202 204 205 207 210 212 213 218 219 223 224 227 229 230 232 233 235 237 241
39 175 178 179 183 186 189 190 192 193 194 195 196 197 198 199 200 201 203 204 206 207 208 209 210 211 218 219 223 225 226 227 228 231 232 233 235 237 239 240
44 176 177 180 181 182 183 184 185 188 191 196 198 199 200 201 203 204 206 207 208 209 210 211 214 215 216 221 222 223 224 226 227 228 230 231 232 233 234 235 236 238 239 240 242
34 176 178 179 182 186 187 188 189 196 197 198 201 204 206 207 210 211 212 213 217 219 220 222 224 227 228 229 231 232 234 236 237 240 242
24 177 183 184 186 188 189 195 199 200 202 203 204 209 210 213 214 215 220 231 234 235 237 238 239
21 179 181 182 184 185 187 188 194 196 203 205 209 213 222 223 224 230 232 233 238 242
24 178 179 180 181 188 191 192 193 194 195 196 198 201 209 211 218 222 226 229 230 234 237 238 241
30 175 177 179 183 186 192 196 198 203 204 205 209 210 211 213 219 220 222 223 224 225 228 229 230 232 233 236 238 239 242
28 175 176 179 180 187 188 189 190 191 194 198 199 201 204 206 212 215 216 219 220 223 226 227 229 231 234 238 242
37 175 176 179 182 185 186 188 191 193 194 195 196 199 201 202 203 205 208 209 211 213 214 220 222 223 224 225 228 229 233 235 236 237 239 240 241 242
47 176 177 178 182 183 184 185 186 187 188 191 192 193 194 195 196 197 200 201 202 203 204 205 206 207 210 211 212 213 217 220 221 222 223 224 225 226 227 228 229 230 234 235 236 237 238 241
32 175 177 179 180 181 182 183 188 189 191 198 199 201 202 205 206 211 212 213 214 217 220 221 223 224 226 230 232 234 235 238 239
23 175 176 179 187 188 194 197 199 201 205 206 207 214 217 218 219 226 227 228 232 235 236 242
41 175 176 177 178 179 180 182 183 184 186 189 191 193 194 196 198 199 200 201 202 204 206 208 209 210 211 212 214 216 220 225 226 227 228 230 231 234 235 236 238 239
23 176 185 187 189 195 196 201 203 205 207 209 210 214 216 217 218 221 222 223 226 231 237 239
45 175 176 177 178 179 181 182 183 184 185 186 187 189 190 193 194 195 196 197 198 199 201 202 204 205 207 210 214 216 219 221 222 224 225 226 228 229 231 232 235 236 238 239 240 242
39 175 176 177 180 181 182 183 185 187 188 190 191 193 197 199 201 202 203 207 208 211 212 213 214 217 219 220 221 222 223 225 229 230 231 232 239 240 241 242
38 176 179 180 181 183 185 187 188 189 190 191 193 195 196 197 198 201 203 204 205 207 208 209 211 216 217 219 220 222 223 224 225 226 228 234 236 237 240
30 177 178 180 181 182 184 186 187 190 196 199 201 203 204 205 208 210 211 213 217 221 223 224 226 227 232 233 236 237 241
26 176 177 180 185 191 192 193 194 197 198 202 205 206 208 210 212 215 216 220 222 223 227 228 229 239 240
45 175 176 177 178 179 180 181 184 185 186 187 190 191 192 195 196 197 199 200 201 202 205 206 207 210 216 217 218 219 220 223 224 229 230 231 232 233 234 235 236 238 239 240 241 242
25 175 178 180 183 184 186 188 190 192 193 195 199 203 210 216 220 222 223 224 231 233 234 237 241 242
40 175 176 177 178 180 183 186 188 189 190 193 197 199 201 202 203 206 207 208 209 214 215 216 217 218 219 220 221 222 223 224 227 228 229 230 232 235 236 240 242
34 176 178 181 182 184 189 191 192 194 195 196 200 201 206 207 209 212 216 217 221 222 223 224 225 226 229 232 235 236 237 238 239 240 242
20 175 179 181 186 189 196 197 201 202 203 207 208 215 217 218 222 228 229 231 232
26 178 180 186 188 190 194 197 198 204 205 209 211 217 218 220 222 223 226 227 228 229 231 232 235 236 237
39 175 176 178 179 181 182 185 188 189 190 192 193 197 198 199 201 202 203 205 207 209 212 213 215 216 217 223 224 225 226 228 229 230 232 233 234 236 237 238
40 177 178 179 180 181 183 184 185 186 188 191 192 193 194 195 197 201 203 204 206 208 210 215 217 218 219 222 223 225 227 228 229 231 232 233 234 235 238 239 242
45 176 177 179 182 183 184 185 186 187 188 193 194 195 197 198 199 203 205 207 209 212 214 215 216 217 218 219 221 222 223 224 225 227 228 229 230 231 232 234 235 238 239 240 241 242
34 177 179 180 183 184 187 188 189 190 193 195 196 197 198 202 203 204 205 210 211 214 216 218 219 223 224 226 228 229 233 234 236 237 241
30 175 177 179 182 183 184 187 188 193 194 196 197 200 202 203 204 206 207 208 209 211 212 214 219 220 224 229 232 236 239
27 175 177 183 185 186 192 193 194 195 197 199 203 204 206 209 213 214 216 221 225 231 233 235 236 238 240 242
31 176 184 186 188 190 191 193 197 200 202 203 207 208 210 212 216 218 219 221 222 226 230 231 232 233 234 236 237 239 240 241
24 182 185 191 195 198 199 204 206 207 212 216 217 218 220 224 226 227 228 231 234 235 237 239 241
30 177 178 179 180 181 185 187 190 192 194 195 199 200 201 204 208 212 215 216 220 221 222 225 226 228 233 236 237 238 239
33 175 176 178 184 186 188 190 191 193 195 196 197 198 200 203 204 205 209 211 213 215 219 221 225 226 227 229 230 236 237 238 240 241
29 175 177 180 182 185 187 188 189 195 198 199 200 205 210 212 213 215 218 220 222 223 226 228 229 231 232 236 237 240
29 179 184 185 189 190 191 192 195 197 199 203 204 206 207 209 211 213 216 217 218 221 222 228 231 232 233 235 241 242
39 180 181 182 183 184 185 187 188 191 192 193 195 197 198 199 204 206 208 209 211 212 215 216 217 218 220 223 226 227 229 231 233 234 235 236 239 240 241 242
31 176 177 182 183 185 186 188 195 196 199 203 205 207 208 209 210 212 213 215 216 220 222 223 224 227 228 231 232 234 236 240
42 175 178 179 180 181 183 185 186 188 190 191 194 195 198 200 201 202 203 207 208 209 210 211 212 213 214 217 222 223 224 225 226 230 233 234 235 236 237 238 239 240 241
23 175 176 178 179 182 186 187 189 190 193 202 203 205 206 213 215 216 218 221 225 230 232 239
26 175 177 180 182 194 196 199 203 207 209 213 214 215 216 220 221 222 225 226 233 234 235 237 239 240 241
45 176 177 178 180 183 184 185 187 188 189 190 191 192 195 196 197 199 201 202 204 207 208 211 214 216 217 219 220 221 222 223 224 226 227 229 232 233 234 235 237 238 239 240 241 242
23 175 177 183 185 186 187 188 192 193 199 200 202 207 210 217 218 219 223 224 225 227 228 233
28 175 178 180 181 186 191 192 193 197 199 202 203 205 206 207 208 210 211 213 217 219 220 221 226 228 231 233 242
24 175 176 177 179 183 188 192 193 196 197 200 201 203 205 208 212 216 217 225 231 234 235 236 239
31 175 178 179 180 181 183 185 194 196 198 200 201 203 205 206 210 211 213 214 216 218 221 222 223 225 226 232 233 234 235 240
34 175 176 177 180 181 185 187 188 189 191 192 193 195 197 198 200 207 210 212 213 214 217 218 221 225 226 229 233 234 235 236 237 240 242
38 176 177 178 180 185 187 189 190 192 193 194 195 196 198 200 205 206 208 209 212 213 215 217 218 219 220 226 227 229 230 231 234 235 236 238 239 240 241
34 175 176 179 180 183 193 194 195 197 200 201 207 209 210 211 213 215 218 220 222 225 227 228 229 232 233 234 235 236 237 238 239 241 242
29 175 177 182 190 191 197 199 200 201 203 205 207 208 209 213 214 216 218 223 224 225 227 230 231 233 235 236 237 240
21 176 180 181 183 187 189 192 194 202 203 208 212 216 218 220 225 229 231 237 238 241
42 175 176 177 179 181 183 184 191 192 194 196 198 199 201 202 203 204 206 208 209 210 211 212 216 218 219 220 221 222 223 226 227 230 231 232 234 235 236 237 238 239 240
36 177 178 184 185 186 188 190 191 194 195 197 198 199 201 202 203 204 206 210 211 214 216 217 218 219 223 224 226 227 234 236 237 239 240 241 242
35 175 176 179 184 185 189 191 192 193 194 196 202 203 204 208 212 216 218 219 220 222 224 225 226 227 228 229 231 233 234 235 236 237 238 239
41 175 177 178 179 180 181 182 184 186 187 195 198 199 200 203 204 206 207 209 210 211 212 216 218 221 222 223 225 226 228 229 230 231 233 234 235 236 238 239 240 241
21 175 176 177 178 181 183 187 188 189 195 198 199 209 210 212 213 216 217 220 223 231
30 175 181 188 189 191 193 194 195 196 198 199 204 207 209 212 214 216 217 222 223 226 227 228 229 232 235 237 240 241 242
46 175 176 179 180 182 183 184 186 187 188 189 190 191 193 197 199 200 201 203 205 206 207 208 209 211 213 215 216 218 219 221 222 223 224 225 226 228 231 233 234 235 236 237 239 240 242
31 178 183 184 185 186 189 190 193 194 195 197 201 204 205 206 208 209 210 212 214 216 218 220 222 224 228 231 232 235 236 240
38 175 177 179 180 181 182 183 184 185 187 190 191 192 194 195 196 198 200 202 203 205 207 208 210 211 212 213 214 218 219 224 228 229 235 237 238 239 240
39 175 176 178 179 181 182 183 185 187 189 190 191 192 194 195 196 198 200 201 202 204 206 211 214 217 219 220 221 223 224 225 228 229 230 232 233 234 237 238
32 176 177 178 182 185 187 188 190 192 194 195 196 197 198 200 201 204 206 207 208 213 214 215 217 220 222 225 229 238 239 240 241
22 176 184 185 186 187 189 192 193 196 199 201 203 205 206 210 216 217 219 229 230 238 239
35 175 178 180 181 182 189 190 192 196 197 198 201 202 203 206 210 211 212 213 216 218 219 221 223 224 226 227 228 229 230 231 235 236 239 240
41 176 177 178 179 180 181 182 183 184 186 187 188 193 194 195 197 199 200 201 202 203 211 212 213 214 215 216 218 219 221 222 224 228 232 233 235 236 237 238 239 240
22 175 179 182 186 188 189 190 193 196 197 198 202 203 206 210 211 212 215 227 236 239 240
29 175 176 178 183 184 188 191 193 195 197 198 203 205 207 210 214 215 216 218 220 222 227 228 229 230 235 236 240 242
38 176 177 178 179 180 183 184 186 189 190 193 195 201 203 204 207 208 209 210 211 214 215 216 217 218 221 223 224 225 228 229 231 234 235 236 237 239 240
20 177 181 182 185 194 195 199 205 208 210 211 214 216 217 221 222 226 239 240 241
21 175 176 178 180 182 191 192 199 200 203 205 211 213 216 217 219 224 226 232 239 240
28 175 179 191 192 195 199 201 202 203 204 205 206 207 209 214 215 218 220 222 224 225 226 233 236 237 239 241 242
40 178 179 180 181 183 185 186 187 188 191 192 195 196 199 204 205 206 207 208 209 210 213 214 220 221 222 223 224 225 226 228 229 230 232 233 235 236 239 240 242
29 175 176 183 184 185 186 187 190 192 193 195 197 202 205 206 207 209 214 216 224 225 226 227 230 231 232 238 239 240
33 176 177 182 183 184 187 188 189 198 203 204 205 208 209 212 215 216 218 219 221 223 226 227 228 229 230 234 236 238 239 240 241 242
43 175 176 177 178 179 183 184 186 187 188 194 195 196 197 201 202 203 205 207 208 210 211 212 217 218 219 220 223 224 226 227 229 230 232 233 234 236 237 238 239 240 241 242
37 177 179 180 181 183 185 187 189 190 191 192 193 194 197 201 203 204 207 208 211 215 216 219 221 222 223 226 227 230 231 232 234 236 237 239 241 242
29 175 178 181 182 184 185 187 188 190 191 192 193 196 198 201 204 210 213 216 223 224 226 228 229 232 233 236 240 242
40 175 176 178 179 182 183 184 185 186 188 189 190 193 195 196 198 200 201 204 208 209 212 217 218 222 223 224 225 226 227 228 229 230 231 235 237 238 240 241 242
37 176 177 179 180 182 183 186 187 190 191 192 195 196 197 200 201 202 203 204 205 207 208 210 215 219 220 222 223 224 225 229 233 236 238 239 240 242
32 177 179 182 183 185 187 188 189 190 192 197 198 201 203 212 213 214 215 218 219 220 222 223 224 228 233 235 238 239 240 241 242
37 175 176 177 179 181 183 186 187 189 190 191 192 193 194 200 201 203 205 208 209 212 216 218 219 220 222 223 224 226 227 230 231 236 237 238 239 241
23 178 180 184 185 186 188 190 193 194 195 198 199 204 208 209 212 219 224 227 232 236 237 242
34 175 177 180 181 182 185 186 188 190 191 196 197 198 201 204 205 206 207 209 210 214 218 219 221 222 224 227 229 234 235 237 238 240 242
31 176 178 179 180 181 182 185 189 191 192 196 197 198 201 203 205 208 211 214 218 219 224 229 231 232 233 234 235 238 240 241
35 178 179 180 181 182 185 186 190 191 194 195 196 197 201 202 203 205 208 210 214 215 217 222 224 226 227 229 230 231 232 237 239 240 241 242
42 176 178 179 180 181 182 183 185 186 187 188 194 195 196 198 199 203 204 206 208 210 211 212 213 214 215 217 219 220 221 222 224 226 227 229 230 231 232 237 240 241 242
28 175 176 178 184 185 189 190 191 192 194 198 199 202 203 205 207 210 211 214 217 219 223 225 227 236 238 239 241
22 175 176 178 181 183 184 188 190 194 197 198 201 204 209 210 221 223 226 231 232 241 242
47 175 176 177 178 180 181 183 184 190 191 193 194 195 198 199 200 202 203 204 205 206 207 208 209 210 211 212 213 214 216 217 219 220 222 225 226 227 229 230 231 232 234 235 236 237 238 240
25 180 181 191 192 194 198 199 201 204 206 208 210 211 212 214 215 218 220 231 233 235 236 237 238 240
34 176 177 178 180 181 182 183 185 188 190 191 192 193 194 196 201 202 204 209 211 212 215 216 224 226 232 233 234 235 236 238 239 240 241
41 175 178 179 182 186 187 188 190 192 194 195 198 199 201 204 205 206 210 211 212 213 215 216 218 220 221 222 223 224 226 227 228 229 230 232 233 234 237 240 241 242
40 175 177 180 181 182 185 186 187 190 193 195 197 198 199 200 203 204 206 208 209 215 216 217 219 220 221 222 224 225 226 229 230 231 233 235 237 239 240 241 242
21 178 183 184 190 191 192 194 197 201 204 207 208 212 214 215 218 219 223 232 236 241
43 175 176 177 178 179 180 181 186 187 189 191 193 194 195 196 198 203 206 208 209 210 211 212 213 214 215 216 217 218 219 221 222 223 224 225 227 228 232 233 234 236 239 240
25 176 177 183 185 186 187 188 190 191 201 203 205 207 211 212 213 214 216 217 226 233 234 236 237 240
26 176 180 184 185 189 191 194 195 197 200 201 204 207 208 211 214 215 217 220 222 223 225 228 229 233 241
40 175 177 178 179 181 184 185 189 190 193 196 197 199 200 201 202 203 208 209 212 213 215 216 218 220 221 222 224 225 227 228 229 230 231 234 236 237 238 239 240
32 178 180 182 183 185 188 191 193 196 197 200 205 206 207 208 210 214 217 219 224 225 226 227 229 233 234 236 237 238 240 241 242
46 175 176 177 178 180 182 184 185 186 188 191 192 193 194 195 197 198 201 202 203 204 205 206 209 212 213 215 218 219 220 221 222 223 224 225 227 228 230 231 233 235 236 237 238 239 242
23 176 177 179 186 191 194 195 199 200 205 208 214 217 218 223 224 227 230 232 234 239 240 242
43 175 176 178 179 180 181 184 185 188 189 190 193 197 198 199 200 201 204 208 209 210 213 214 215 216 217 218 219 220 221 222 223 224 225 226 230 233 234 236 237 240 241 242
31 179 180 181 182 184 185 190 192 193 194 196 197 202 203 208 212 213 215 216 217 218 219 220 221 230 234 235 236 237 238 239
30 178 179 182 183 187 188 191 192 193 195 197 198 199 201 205 206 208 211 213 215 220 227 230 231 232 233 234 235 241 242
44 176 178 179 180 181 182 183 184 185 186 187 188 190 193 194 195 196 197 198 200 201 202 205 206 210 213 214 215 216 219 221 224 225 226 227 229 230 231 232 233 235 239 240 242
36 175 176 177 179 181 182 185 186 187 189 190 192 193 197 198 199 202 204 206 207 210 213 214 215 217 218 219 220 223 225 226 228 231 232 235 236
34 175 177 178 180 181 184 185 187 188 189 191 195 196 197 199 200 201 203 205 207 212 219 220 221 222 223 227 229 232 234 235 236 239 242
42 175 176 177 178 180 181 182 184 185 186 187 188 189 190 192 193 196 200 201 202 203 204 205 207 209 211 212 213 215 216 217 218 220 222 223 224 226 228 232 238 239 241
44 177 178 180 181 182 184 185 186 188 189 192 193 194 196 197 199 201 203 208 209 211 212 215 216 217 218 219 220 223 224 225 227 228 229 231 232 234 235 237 238 239 240 241 242
29 175 176 183 185 186 187 191 196 200 203 208 209 210 211 212 213 215 218 220 223 225 230 231 234 237 238 240 241 242
28 176 178 180 183 184 185 186 187 189 191 192 195 198 200 201 202 203 204 206 210 214 216 225 226 227 234 238 241
30 177 178 179 180 181 182 188 191 192 194 195 197 198 199 201 206 207 209 211 212 218 219 221 222 223 224 225 234 235 241
40 176 179 181 183 184 185 189 192 194 196 197 200 201 203 205 209 210 211 213 214 215 216 217 218 220 221 222 223 225 226 227 228 229 231 233 234 238 239 240 242
26 177 179 181 183 184 186 187 190 191 193 197 199 200 201 208 213 214 215 216 217 219 222 229 237 240 241
34 175 177 178 179 180 182 184 188 191 192 193 194 196 197 198 199 200 205 208 209 211 212 213 214 215 220 224 228 230 231 232 233 237 240
46 175 176 179 185 187 189 190 191 194 195 196 197 198 199 200 201 203 204 205 207 208 209 210 211 213 214 215 217 219 221 223 224 225 226 227 228 229 230 233 234 235 236 237 238 239 242
37 178 180 181 182 183 184 187 188 189 190 192 193 194 196 199 203 204 208 209 210 212 213 214 215 216 218 219 224 226 227 230 231 232 234 237 241 242
32 175 177 180 183 185 187 190 191 194 197 199 200 203 206 208 209 210 212 213 214 216 218 221 223 224 227 229 230 231 233 239 242
41 175 177 179 180 181 182 183 184 185 187 188 189 190 191 192 193 195 196 198 199 200 201 203 205 206 207 211 212 214 216 219 221 222 223 229 230 232 238 239 241 242
32 176 178 179 180 182 185 187 188 194 196 197 199 200 206 209 210 211 212 213 214 215 217 220 221 224 225 230 231 233 235 240 242
47 175 176 179 180 182 185 186 188 189 191 192 193 194 195 196 197 198 199 200 201 204 205 206 207 208 209 211 212 213 214 218 219 220 221 223 227 228 230 231 232 233 234 236 237 239 240 242
30 175 176 178 179 182 184 188 191 192 193 194 195 199 202 209 210 211 214 218 219 222 223 225 230 232 234 237 238 239 241
36 176 177 180 182 183 185 186 190 192 194 196 197 198 199 201 202 205 206 207 208 211 212 213 215 216 218 219 220 222 229 230 233 234 238 239 241
31 175 176 177 178 180 181 183 184 185 187 188 191 197 198 200 202 204 210 211 215 218 219 220 223 226 227 234 235 236 238 239
27 176 184 194 195 196 198 199 200 204 207 209 212 213 216 218 219 222 224 226 227 228 230 233 236 239 241 242
46 175 176 177 178 179 180 182 183 185 186 187 188 189 190 191 192 193 194 195 196 197 198 199 202 204 205 206 207 208 213 216 217 218 220 221 224 226 227 230 231 232 233 234 236 237 241
39 175 178 183 186 187 188 189 190 194 198 200 202 203 205 208 210 211 212 213 214 215 216 217 220 221 222 224 225 227 228 229 230 231 233 234 237 238 239 242
43 175 177 178 179 181 183 186 187 188 189 193 195 196 197 198 200 201 202 203 204 206 207 209 210 211 212 213 215 216 217 218 219 223 225 229 231 233 235 236 237 238 239 242
39 175 176 177 179 181 183 184 189 190 191 192 193 194 195 199 200 202 203 204 207 208 209 210 214 215 216 218 223 224 225 227 228 229 230 231 234 238 239 240
34 175 178 179 180 181 184 185 186 187 191 193 194 195 196 198 201 202 203 206 207 209 210 215 218 219 220 221 222 230 236 237 238 239 241
37 175 176 177 179 180 183 187 188 189 190 192 193 195 196 198 200 202 204 205 206 208 209 213 215 218 219 220 224 226 228 229 231 233 235 238 239 241
37 177 179 180 181 183 184 187 188 190 191 192 196 197 198 200 201 203 207 208 209 213 214 215 216 221 223 226 229 230 231 233 235 236 237 238 241 242
