113 1175
24 1 2 3 4 5 6 7 8 9 10 11 12 13 14 15 16 17 18 19 20 21 22 23 24
19 1 2 3 4 5 6 7 8 10 11 12 15 16 17 18 20 21 23 24
8 4 8 10 11 14 18 21 23
7 4 7 12 20 21 22 23
14 1 2 5 6 7 8 9 11 13 14 15 20 22 24
13 2 3 4 5 6 7 10 11 14 15 17 18 23
8 1 2 3 6 10 16 19 23
18 2 3 4 6 7 8 9 10 11 12 13 15 16 19 20 21 23 24
18 1 2 3 4 5 6 8 11 12 13 14 15 16 19 20 21 22 24
13 1 3 5 7 8 9 12 13 17 19 20 21 22
8 3 7 10 11 15 17 19 20
11 2 5 7 8 9 10 13 16 17 18 24
15 1 3 4 6 7 8 11 12 13 14 15 16 19 23 24
14 1 2 3 4 6 7 10 13 14 15 17 20 21 23
21 25 26 27 28 29 30 31 32 33 34 35 36 37 38 39 40 41 42 43 44 45
11 27 29 31 33 35 36 37 38 42 43 44
11 26 27 31 33 34 36 38 39 41 42 44
12 26 30 31 32 33 34 38 39 40 41 42 44
16 25 28 29 30 31 32 33 34 35 36 37 39 40 42 44 45
7 25 26 32 37 40 42 45
10 25 27 29 30 32 33 37 38 41 42
9 26 31 33 34 37 38 39 41 44
15 25 27 28 30 31 32 34 35 36 37 39 40 43 44 45
11 25 26 27 28 29 30 39 40 42 43 45
6 26 27 34 38 41 43
8 26 27 29 30 32 33 34 40
15 25 27 29 30 31 32 33 34 35 36 40 42 43 44 45
13 25 27 28 29 31 32 34 35 36 37 42 44 45
11 25 27 28 30 34 36 38 39 41 42 45
6 30 32 34 39 41 42
16 25 27 28 29 31 33 34 35 36 37 38 40 41 43 44 45
8 25 26 28 32 36 37 42 44
7 25 27 28 32 39 40 41
15 25 26 27 28 30 31 32 34 35 38 39 40 42 43 44
11 26 29 32 35 36 37 38 39 40 41 45
7 25 27 28 29 34 39 45
16 25 26 27 28 31 32 33 34 37 38 39 40 41 42 44 45
8 31 33 35 37 39 40 42 45
11 25 26 27 28 33 34 35 37 40 43 44
7 25 29 36 40 41 43 45
14 25 26 28 29 30 31 35 36 38 39 41 42 44 45
16 28 29 31 33 34 35 36 37 38 39 40 41 42 43 44 45
16 25 26 27 28 30 31 32 33 35 36 37 39 40 42 43 45
8 28 30 31 32 36 40 44 45
14 25 27 28 29 31 32 34 36 37 38 39 42 43 44
7 29 30 31 32 35 42 44
11 25 26 27 28 30 32 34 37 39 41 43
10 25 26 27 28 29 31 35 36 41 45
10 28 30 33 34 36 37 38 41 43 44
10 26 27 30 31 32 33 34 37 40 41
12 26 28 29 31 33 34 36 39 40 41 43 45
15 25 26 28 29 30 31 32 33 35 36 38 40 43 44 45
13 26 27 28 29 30 32 33 34 36 41 42 44 45
16 25 26 27 28 29 31 33 34 36 37 38 39 41 42 44 45
8 28 29 34 36 37 38 42 45
9 25 26 27 29 32 36 37 38 41
13 26 27 28 29 33 34 35 36 37 38 41 42 43
14 26 28 30 32 33 34 35 36 37 38 40 42 43 44
11 25 26 27 32 33 35 36 37 40 42 45
16 25 26 28 29 30 31 32 34 36 37 39 40 41 42 44 45
9 25 26 27 31 32 34 35 41 44
13 25 29 30 31 34 35 36 39 40 41 42 43 45
11 25 26 27 31 32 33 34 38 41 42 45
11 27 29 30 31 37 38 39 41 42 43 44
16 25 27 28 29 30 32 34 35 36 37 38 39 41 42 43 45
15 25 28 29 30 31 32 34 35 36 37 39 40 42 43 44
10 25 28 30 35 37 38 41 42 43 45
8 27 30 35 37 38 39 42 43
6 25 26 28 32 33 38
14 25 26 27 28 29 32 33 34 35 36 37 38 41 44
10 25 26 30 34 36 37 40 43 44 45
6 25 29 31 34 35 40
7 34 37 38 41 42 44 45
8 30 35 37 38 39 40 41 45
12 26 27 28 32 33 35 37 40 41 42 43 45
6 28 33 34 38 39 42
7 28 30 34 37 38 40 45
13 26 28 29 30 31 32 34 35 36 37 40 42 44
7 34 35 37 39 41 42 44
13 25 26 27 30 31 32 35 39 40 41 42 43 44
11 28 29 30 31 32 33 34 37 39 43 45
7 25 28 33 35 38 40 43
11 25 27 30 34 35 36 37 39 40 41 45
8 27 30 34 37 38 39 40 43
11 25 26 28 31 32 37 39 40 41 44 45
8 25 26 28 31 33 40 41 44
14 25 26 27 30 31 32 35 36 37 39 40 42 44 45
14 26 27 28 29 30 32 33 34 35 37 41 42 43 44
12 25 26 28 29 32 36 38 39 41 42 43 45
10 28 30 34 35 36 38 42 43 44 45
7 29 30 32 33 36 38 44
9 26 29 32 33 35 36 39 43 44
12 26 27 29 30 31 33 35 36 37 40 42 44
10 46 47 49 50 53 55 59 60 61 64
6 47 50 53 59 64 67
7 47 48 49 50 53 62 67
6 49 53 54 55 65 67
7 47 49 51 52 58 61 63
6 47 50 55 59 60 65
4 46 49 54 60
7 46 49 53 54 55 59 60
4 56 60 61 67
5 48 49 55 58 64
5 48 57 62 64 66
11 46 48 49 51 52 55 57 58 60 63 65
6 48 51 57 58 62 65
8 46 49 51 53 54 56 57 63
5 51 55 59 62 65
9 50 52 54 56 57 58 60 62 66
7 50 52 58 60 62 65 66
13 48 49 53 55 56 58 59 60 61 64 65 66 67
3 48 59 60
6 52 54 56 63 66 67
7 51 55 56 58 61 64 65
6 52 54 56 58 61 65
9 46 51 55 57 59 60 63 64 66
7 47 48 52 54 60 63 67
5 50 52 57 63 66
5 46 55 59 61 63
5 46 55 59 60 61
13 48 49 50 51 52 54 55 56 57 60 62 64 67
9 46 47 50 51 52 54 57 62 63
11 48 49 51 52 53 54 57 58 61 63 65
6 48 50 52 56 58 67
3 49 59 66
9 46 47 53 58 59 61 63 65 66
9 46 47 51 54 60 61 64 65 66
5 47 52 58 61 62
8 50 54 55 57 62 64 65 67
3 47 56 59
8 46 49 50 53 57 59 62 66
7 50 51 52 58 61 64 67
5 50 51 55 57 59
7 47 49 54 57 58 63 66
11 46 52 54 56 57 59 60 63 65 66 67
5 49 52 60 64 66
14 47 49 51 52 53 54 55 56 57 58 59 60 65 66
13 46 50 51 52 53 54 55 56 60 61 62 63 65
3 51 53 61
8 46 49 52 54 56 58 63 67
5 54 57 65 66 67
6 53 56 58 61 62 65
15 47 48 50 51 52 53 54 56 59 61 62 63 64 65 66
13 47 48 51 53 55 56 58 59 61 62 64 65 67
9 50 51 52 57 58 62 63 64 66
5 54 56 61 62 66
4 46 53 56 66
7 46 49 55 57 58 60 67
17 47 48 49 50 51 52 53 54 56 57 58 62 63 64 65 66 67
8 47 48 49 51 53 64 65 67
6 47 48 57 58 64 67
1 61
7 46 48 49 50 51 56 60
6 52 53 59 60 62 67
8 46 48 50 61 62 63 64 67
12 48 49 53 54 55 57 58 59 60 61 62 63
5 47 50 51 53 62
6 46 47 48 54 63 67
7 48 50 54 55 57 58 64
8 47 48 56 57 62 63 65 66
5 53 55 59 63 64
10 46 47 50 51 52 56 64 65 66 67
4 46 48 60 61
11 46 47 50 55 56 59 60 62 64 66 67
7 49 53 55 57 59 62 63
7 47 48 55 59 61 64 67
6 46 48 50 52 53 64
9 46 47 49 51 56 61 63 65 66
3 55 57 59
6 46 49 50 57 59 66
5 47 49 58 61 63
4 49 54 55 67
9 46 52 54 57 59 60 63 66 67
2 56 66
3 50 58 67
4 50 59 60 65
4 53 59 63 64
4 55 59 62 65
6 46 49 53 54 56 63
9 47 48 50 53 56 59 61 63 64
3 53 61 65
3 48 49 55
4 49 54 55 67
2 51 59
6 56 57 62 63 65 66
7 50 51 52 58 62 63 64
1 59
2 62 65
3 50 51 55
5 50 52 54 56 66
2 53 62
4 48 49 55 58
5 46 49 53 55 59
2 57 64
5 46 49 52 54 58
1 59
8 49 51 52 53 57 58 61 63
2 62 64
2 53 55
5 55 59 61 64 67
7 46 53 54 56 60 61 63
4 46 58 63 65
2 54 57
2 53 61
4 48 49 62 67
10 47 49 51 52 53 54 55 56 59 65
3 56 61 62
7 47 51 54 60 61 64 66
1 48
8 47 48 51 55 58 61 62 65
5 50 51 57 62 66
2 59 63
3 47 59 65
6 46 48 52 58 60 65
3 46 49 54
3 52 54 58
6 47 51 58 61 64 65
3 54 56 65
8 48 49 53 56 58 61 64 67
3 56 61 67
4 54 57 65 67
7 50 51 52 64 65 66 67
3 46 52 64
5 49 53 55 59 64
5 46 61 63 64 67
6 50 51 58 61 64 67
4 46 54 65 66
4 54 57 63 66
4 49 52 58 61
3 47 51 62
3 46 60 61
6 52 56 57 58 60 66
3 48 59 67
4 51 55 59 65
4 51 52 57 66
3 55 59 60
4 56 57 63 65
5 47 48 55 59 61
10 47 51 52 53 56 57 58 60 65 66
2 56 59
3 51 62 65
4 47 48 52 54
6 46 47 50 51 52 57
8 46 52 57 59 60 63 65 66
2 60 67
4 49 54 58 67
3 48 50 60
9 48 49 53 55 56 58 61 66 67
3 46 48 60
2 51 61
4 46 47 63 66
3 54 55 67
9 47 53 55 56 58 59 61 65 67
10 48 50 51 52 54 56 58 62 63 64
5 47 55 61 64 67
9 48 49 53 55 57 58 59 60 63
5 46 47 50 51 54
9 51 52 53 54 57 58 61 63 65
3 48 50 58
7 46 52 54 57 59 65 66
8 46 51 55 56 60 61 62 63
2 49 60
3 50 52 57
5 47 48 49 53 67
3 47 53 62
3 53 62 67
9 47 49 52 53 56 58 59 60 66
7 47 53 55 56 58 61 67
4 52 54 58 65
3 48 62 64
2 56 61
3 50 51 55
6 47 60 61 64 65 66
5 50 52 62 65 66
2 56 66
4 47 57 64 67
8 46 50 52 56 64 65 66 67
12 47 48 50 51 52 53 54 59 61 63 65 66
1 47
5 48 61 63 64 67
2 48 59
6 48 49 50 53 62 67
7 50 54 57 62 64 65 67
7 49 53 54 55 57 58 62
5 48 50 54 58 64
3 58 60 65
3 50 55 57
2 46 61
4 50 52 58 64
5 47 48 49 53 62
3 50 53 59
5 50 52 58 62 66
4 50 52 57 63
4 46 50 64 67
2 56 61
6 46 49 52 54 56 58
9 48 53 55 56 59 61 64 65 67
5 47 52 64 65 67
6 49 55 57 59 62 63
7 53 54 57 58 60 62 63
4 48 59 64 67
5 46 48 50 61 64
3 46 53 55
3 47 50 60
9 49 51 52 55 57 58 60 63 65
2 48 49
4 49 57 62 63
6 46 49 54 58 63 67
3 52 58 67
10 48 49 51 54 55 56 57 60 62 67
7 47 48 56 57 62 63 66
3 46 56 66
4 50 51 53 62
4 48 51 62 65
4 51 57 62 65
8 47 49 53 54 57 58 59 65
6 46 49 50 57 59 66
13 47 48 50 51 52 54 56 59 61 62 64 65 66
5 55 56 58 61 64
5 48 50 52 58 67
6 46 51 56 61 63 65
3 46 55 61
9 48 49 53 55 58 59 61 62 63
5 47 55 59 60 65
5 55 56 58 61 65
4 55 57 62 65
2 50 52
2 47 59
3 46 50 64
8 48 54 57 58 59 60 61 62
3 55 59 61
2 46 49
5 50 55 59 60 65
3 47 52 58
4 54 55 62 65
11 47 50 53 54 56 59 61 62 64 65 66
14 47 48 49 50 51 52 53 54 57 58 62 63 65 66
3 53 59 62
2 57 67
4 47 51 52 63
13 47 48 50 51 52 53 56 59 61 62 63 65 66
14 48 49 50 52 53 54 56 57 58 62 63 64 65 66
1 53
5 46 50 59 62 66
2 54 60
5 49 53 59 62 63
3 57 65 66
2 60 67
6 47 49 59 60 61 64
3 47 53 62
7 46 50 52 64 65 66 67
4 52 58 64 67
4 46 48 54 67
4 49 53 56 57
3 50 52 60
7 49 51 52 53 54 58 61
4 49 54 55 67
5 52 59 60 65 67
4 50 52 57 66
4 52 56 58 61
3 46 55 59
4 46 47 48 54
4 47 48 57 58
3 46 50 53
7 46 47 53 58 59 63 65
3 47 54 63
9 48 52 53 54 57 58 61 63 65
3 55 59 65
12 49 51 52 53 54 55 56 57 58 60 65 66
7 50 56 57 58 60 62 66
5 55 59 61 64 67
4 48 50 52 58
8 48 49 53 54 55 57 59 61
2 53 66
4 47 48 59 61
3 46 59 60
2 64 66
3 46 59 63
6 46 47 50 51 57 63
3 48 49 64
5 46 60 63 64 66
7 48 49 51 55 57 58 60
2 49 66
6 50 57 62 64 65 67
3 50 55 57
10 48 49 53 54 55 57 58 59 61 62
6 49 53 57 59 62 63
3 52 54 63
4 51 58 61 65
5 46 49 57 58 67
2 49 58
9 46 51 52 53 55 60 62 63 65
8 49 53 56 58 64 65 66 67
3 48 58 64
6 46 47 50 51 52 62
6 46 47 49 50 53 55
5 49 52 54 56 58
4 53 58 65 66
2 59 64
6 49 51 53 54 57 61
7 47 51 52 56 64 65 66
3 65 66 67
5 47 49 51 52 58
3 50 51 53
4 47 60 63 67
5 46 50 62 63 67
6 52 54 56 57 59 60
4 55 59 60 61
4 53 56 58 65
2 48 64
2 49 59
4 48 56 57 65
1 59
4 62 64 65 67
2 60 61
2 49 59
2 50 52
3 65 66 67
3 56 61 67
4 51 57 58 62
2 59 60
13 47 48 49 51 53 54 56 58 62 64 65 66 67
4 49 52 58 63
4 48 53 64 67
6 46 55 57 60 64 66
5 53 56 58 62 65
2 57 63
2 54 60
2 56 59
4 49 53 59 66
3 52 61 65
6 47 48 59 61 64 67
7 46 52 54 56 59 63 66
3 48 54 67
5 50 52 61 64 67
2 48 60
5 52 54 56 57 66
10 50 51 52 53 54 55 56 61 62 63
10 46 50 51 53 54 56 61 62 63 65
4 47 52 61 62
2 48 60
8 52 54 56 57 59 63 65 66
8 49 51 52 53 56 58 59 66
5 47 48 56 57 63
10 46 48 49 51 52 57 59 60 64 65
13 46 47 50 51 52 54 55 56 58 59 60 61 66
6 46 54 56 60 61 63
7 46 47 55 56 57 58 59
13 47 48 49 52 56 57 58 59 60 61 62 63 67
12 47 48 51 52 54 58 59 60 61 63 64 67
7 53 54 58 59 60 63 66
7 48 53 56 60 63 64 67
8 46 47 48 50 51 56 59 60
11 46 47 49 53 55 58 59 60 64 65 67
11 47 51 52 53 54 58 60 61 62 63 65
14 49 50 51 52 55 58 59 60 61 63 64 65 66 67
13 46 48 50 51 52 53 54 56 57 61 62 63 67
6 54 55 56 57 60 63
11 47 48 51 52 55 56 57 59 62 64 67
11 47 48 51 52 54 56 60 61 62 63 64
13 46 49 51 52 53 55 56 60 62 63 65 66 67
11 48 49 51 52 53 61 62 64 65 66 67
9 51 52 53 54 56 58 59 64 66
9 46 49 51 52 57 58 59 61 62
6 46 47 48 53 64 67
7 51 55 60 61 64 65 67
12 48 50 52 53 54 56 57 59 61 64 65 66
8 47 49 52 54 57 59 62 64
6 46 49 53 57 58 63
10 46 53 54 55 56 59 61 63 65 67
13 46 47 48 49 50 51 53 57 59 60 62 64 67
12 50 53 55 56 58 60 61 62 63 65 66 67
6 50 57 58 60 61 66
11 47 49 50 54 55 56 57 61 64 65 67
13 46 47 48 50 52 54 56 57 61 63 65 66 67
7 46 49 51 52 53 63 66
9 46 47 48 49 52 54 56 62 65
11 46 47 48 54 55 58 59 60 63 64 66
7 47 48 49 50 51 58 66
12 48 49 50 54 56 57 58 59 62 63 64 66
12 46 47 48 49 52 57 59 60 62 63 64 66
14 46 47 49 50 51 52 53 55 57 58 60 61 66 67
8 46 48 50 53 58 60 61 66
9 46 48 49 50 58 60 63 64 65
8 47 49 50 54 55 59 61 62
12 46 47 49 50 52 53 54 55 56 58 59 62
14 46 48 49 50 56 57 58 60 61 62 63 65 66 67
12 47 48 49 50 52 54 60 61 62 64 66 67
10 47 50 51 53 54 56 57 58 59 61
8 48 50 51 56 59 61 62 65
10 46 47 48 50 53 56 60 62 63 66
9 46 47 50 51 52 56 58 62 66
9 46 47 48 52 53 54 57 62 63
15 47 48 49 50 51 53 54 55 56 60 61 62 64 65 67
10 46 47 53 55 58 60 64 65 66 67
12 47 48 49 50 51 53 55 56 62 64 66 67
10 47 49 50 52 54 60 61 62 66 67
6 46 55 56 59 63 64
11 47 49 50 51 52 57 58 61 62 63 66
10 47 50 51 53 54 58 60 64 65 66
12 46 47 49 50 54 57 58 61 62 64 65 67
6 47 53 57 62 63 65
7 47 49 53 56 58 62 67
15 48 49 50 51 52 56 57 58 60 61 63 64 65 66 67
10 46 48 51 54 55 56 59 60 63 66
11 47 49 50 53 55 60 63 64 65 66 67
8 46 47 48 52 54 58 65 67
14 46 47 48 50 51 52 54 56 59 61 64 65 66 67
14 48 49 51 52 54 55 56 58 60 61 62 63 64 66
8 53 55 56 57 60 62 64 66
8 53 55 57 60 61 63 66 67
10 46 48 51 52 54 55 56 61 62 63
11 47 51 55 56 57 59 60 61 65 66 67
12 46 50 51 52 53 55 58 60 61 64 66 67
10 46 48 49 55 56 58 59 60 61 64
7 47 48 53 57 61 66 67
13 46 47 49 50 51 52 54 55 61 62 63 64 65
7 46 51 52 53 55 56 66
13 49 51 52 53 55 57 59 60 61 62 65 66 67
12 46 49 51 52 53 54 55 58 59 62 64 66
13 47 48 50 51 55 56 58 59 60 62 64 65 66
14 48 54 55 56 57 58 59 60 61 62 63 64 66 67
6 50 51 53 54 56 58
13 46 50 51 53 54 57 58 60 61 62 65 66 67
14 46 47 49 50 51 52 55 56 57 60 61 62 63 65
12 46 49 54 55 57 58 59 60 61 62 65 67
11 46 49 53 57 58 60 61 62 63 65 66
9 50 52 54 55 57 58 60 61 66
14 47 48 49 50 51 52 54 58 60 61 63 65 66 67
10 50 51 52 54 57 59 62 64 66 67
8 49 50 53 54 58 61 62 63
15 47 50 53 54 55 56 57 58 59 60 61 62 64 65 67
9 48 50 52 56 57 60 63 65 67
11 46 47 48 50 51 55 56 57 59 60 61
11 46 48 50 53 54 57 59 60 61 65 67
8 48 49 51 54 58 59 61 66
14 46 48 49 50 52 54 55 56 57 58 60 61 65 66
8 46 48 49 52 54 56 61 62
8 47 52 53 55 56 58 60 61
13 47 49 50 51 52 54 56 57 61 63 64 65 67
6 46 49 54 56 64 65
13 46 50 51 53 54 55 56 57 58 59 62 64 67
13 47 48 50 51 53 54 57 58 59 60 61 63 65
9 46 47 49 51 53 57 58 63 64
9 47 48 49 54 56 57 64 65 66
12 46 47 51 53 54 56 58 59 60 63 64 65
13 46 47 48 51 58 60 61 62 63 64 65 66 67
7 46 55 57 61 64 65 66
10 47 49 50 51 56 58 59 63 66 67
10 46 51 52 53 55 56 58 59 60 66
15 46 47 48 50 51 52 53 57 58 60 61 62 64 66 67
8 51 52 53 58 59 60 64 66
11 48 49 54 55 58 59 61 62 63 65 66
6 46 47 52 53 64 65
11 47 49 51 54 57 59 61 62 63 66 67
12 47 48 51 56 57 59 60 61 62 64 66 67
14 50 51 52 53 54 55 56 58 61 62 63 64 65 67
9 46 48 51 55 56 57 64 65 66
9 49 50 51 52 53 55 58 59 65
13 48 50 51 54 56 58 59 60 61 62 64 65 67
13 46 48 49 50 51 53 54 56 57 61 62 66 67
8 52 55 57 58 60 61 64 67
10 48 49 50 53 54 58 60 64 65 66
9 49 53 57 58 61 63 64 66 67
13 47 48 49 51 52 53 54 55 56 58 60 61 67
11 47 51 53 54 58 61 62 63 64 66 67
8 48 49 50 60 61 64 66 67
8 47 52 56 59 60 61 66 67
11 46 48 49 50 54 57 59 63 64 65 66
12 46 47 48 50 51 54 55 57 58 59 61 65
8 46 48 53 57 59 60 64 66
7 47 58 60 63 64 65 66
13 47 48 49 52 53 54 55 58 59 60 62 64 67
10 47 51 53 55 57 58 60 62 63 66
9 46 47 48 49 50 54 56 63 65
15 48 49 51 52 53 54 55 56 57 58 60 61 62 64 65
8 46 49 51 54 56 59 61 64
7 46 47 49 51 52 53 58
15 48 49 50 51 52 54 55 56 57 60 62 63 64 65 67
10 46 47 48 50 55 56 59 61 63 65
9 49 53 54 59 60 61 63 64 65
13 47 48 50 52 53 54 56 58 59 61 62 63 65
8 47 51 54 55 56 61 62 63
14 49 50 51 52 53 57 59 60 61 62 63 64 65 66
12 46 47 52 54 55 57 58 60 61 62 65 67
9 46 53 54 55 56 60 64 65 67
8 49 52 54 58 59 60 65 66
14 46 50 53 54 55 56 57 58 59 60 63 65 66 67
13 46 48 50 52 53 55 57 59 60 61 63 65 66
13 48 49 50 51 52 53 59 60 61 63 64 66 67
8 47 49 53 56 60 63 64 67
14 46 47 49 50 52 54 55 56 57 58 61 62 64 66
12 47 48 50 52 54 55 57 58 62 63 64 67
6 46 47 52 60 64 66
8 48 54 56 58 59 62 63 67
15 48 49 50 52 53 54 55 56 57 58 59 61 62 63 66
7 47 49 55 56 61 63 64
12 48 50 51 52 54 59 60 62 63 64 65 67
6 57 58 61 63 64 66
11 46 49 50 51 52 53 55 56 62 63 64
12 46 47 49 51 53 55 58 59 61 62 63 64
11 46 49 51 52 57 59 61 62 64 65 67
8 46 47 55 59 60 62 65 67
14 46 47 49 50 51 55 57 60 61 62 63 65 66 67
10 49 50 52 53 54 55 59 62 63 67
11 46 48 49 55 56 57 60 62 64 65 66
12 46 50 51 52 53 54 59 61 62 65 66 67
7 47 48 53 56 58 66 67
8 47 48 50 52 55 56 62 64
13 46 48 49 50 51 53 56 57 58 59 60 62 66
13 46 47 49 52 54 56 57 58 59 61 62 65 67
10 48 49 50 52 53 56 61 63 65 66
11 46 47 49 50 53 55 56 60 63 65 67
10 49 54 55 56 57 59 60 63 64 67
10 46 48 51 53 55 58 60 61 63 65
13 48 49 50 51 52 53 54 57 60 61 64 65 66
9 48 50 52 56 58 60 62 64 65
14 46 47 49 50 52 53 55 56 57 58 59 62 63 65
13 46 47 50 52 53 55 57 59 60 61 62 64 65
13 46 47 48 49 51 52 53 55 58 60 61 63 66
12 47 48 50 51 52 54 55 58 60 63 64 67
8 46 47 51 55 56 57 58 62
13 47 48 49 50 51 53 55 56 57 58 61 64 65
15 47 48 49 50 52 53 54 55 56 59 61 63 65 66 67
7 50 51 57 58 60 61 64
12 47 49 50 52 53 54 56 57 59 61 62 66
8 49 50 51 52 56 62 63 64
11 47 48 49 54 56 57 58 59 63 65 67
11 48 49 50 51 53 56 57 59 62 66 67
15 46 47 50 51 52 53 55 56 57 58 59 61 64 65 67
9 46 53 54 56 57 61 64 65 67
12 46 48 49 53 55 57 58 59 60 62 63 67
11 47 49 52 54 57 59 60 63 64 65 66
11 48 49 51 52 55 56 57 62 64 65 66
12 46 47 48 50 52 56 57 58 60 63 64 67
13 47 50 51 53 55 59 60 61 62 63 64 65 67
10 47 48 51 54 55 58 61 64 65 67
14 46 49 50 51 53 55 56 57 58 59 61 65 66 67
6 46 47 54 55 57 63
11 48 49 50 51 52 57 58 59 60 65 66
7 47 49 50 51 57 63 65
11 49 53 54 56 58 60 61 63 64 66 67
8 46 47 48 50 51 62 66 67
12 46 49 50 51 52 53 58 59 60 61 63 67
8 49 50 51 54 55 57 59 62
13 46 48 51 52 55 56 57 58 61 62 65 66 67
15 48 49 50 51 53 54 56 57 58 59 61 62 63 64 67
14 47 48 49 50 51 52 53 56 57 58 59 61 63 67
10 46 48 55 57 58 61 64 65 66 67
15 46 47 51 52 53 56 57 58 59 60 61 63 64 65 67
9 48 55 56 58 61 62 63 64 65
8 46 50 51 55 57 60 62 67
9 49 50 51 52 54 56 59 60 65
10 46 47 49 52 53 56 58 61 62 65
8 46 51 59 60 61 62 63 67
12 47 48 50 51 52 53 56 58 59 61 62 66
14 46 47 48 50 55 56 57 58 59 60 61 64 66 67
8 46 48 49 53 55 57 60 67
11 49 50 52 54 56 59 60 62 63 65 66
9 47 48 51 56 59 61 63 64 67
15 46 48 51 52 54 56 58 59 60 61 63 64 65 66 67
7 46 51 52 55 56 64 65
9 48 53 54 56 57 58 62 64 67
7 47 49 53 54 55 63 65
8 47 48 49 50 51 54 56 66
11 48 49 50 52 53 54 55 57 58 61 62
8 46 48 49 54 57 59 61 64
10 46 47 48 49 53 56 60 62 64 65
6 50 52 56 60 64 66
13 46 47 48 49 54 57 59 60 61 62 63 65 66
9 46 49 54 55 56 57 61 62 67
8 46 48 57 62 63 64 65 67
6 48 51 58 61 64 67
7 48 50 54 56 59 63 64
6 48 52 53 55 58 62
6 51 53 56 60 65 66
6 50 54 57 59 64 67
9 49 50 52 53 55 56 62 63 66
13 47 48 49 50 51 53 54 55 60 62 63 64 67
7 47 52 53 55 57 63 67
7 48 50 54 59 62 63 64
12 47 48 49 51 53 54 56 57 58 64 65 67
9 46 48 52 54 56 57 59 60 66
13 46 47 48 49 53 55 56 59 62 64 65 66 67
15 47 49 52 54 57 58 59 60 61 62 63 64 65 66 67
6 46 50 51 52 53 62
11 46 48 49 51 52 54 56 59 60 61 62
6 47 54 60 62 63 66
10 47 48 51 52 54 55 56 58 61 66
9 48 51 53 55 57 60 61 65 66
8 47 49 52 56 57 59 63 64
14 46 49 51 53 54 56 57 58 60 61 62 64 66 67
10 46 47 51 52 53 55 63 65 66 67
10 46 48 49 53 54 57 59 60 62 63
13 46 47 48 49 50 53 55 56 61 62 63 64 65
13 47 48 49 50 51 52 53 57 59 60 61 64 66
14 46 48 49 51 55 56 57 58 59 60 61 63 64 66
6 46 57 58 59 64 67
13 47 48 50 53 54 56 57 59 61 62 63 65 67
8 48 49 53 54 57 59 63 66
10 46 48 54 58 59 60 61 62 63 66
10 47 48 51 53 54 57 61 62 64 67
10 48 49 55 58 59 60 61 63 64 66
10 47 50 53 56 59 60 61 62 64 66
7 46 47 51 59 61 62 66
11 47 48 50 51 53 55 56 60 61 65 67
12 46 47 49 52 54 56 57 58 61 62 64 67
12 46 47 49 52 53 55 56 57 61 62 63 64
10 50 51 52 53 55 61 63 65 66 67
12 46 49 52 54 56 57 59 60 62 63 64 67
15 46 47 50 51 52 54 55 56 59 60 61 63 65 66 67
8 49 53 55 56 57 61 62 63
13 47 49 52 53 55 56 57 59 60 62 63 64 66
6 46 47 48 56 57 67
8 47 49 50 51 54 55 59 63
11 46 47 48 52 53 55 56 57 59 63 67
8 47 49 50 51 57 58 62 64
7 47 48 50 54 58 60 66
9 46 48 51 53 54 56 63 66 67
11 48 49 51 53 54 55 56 58 64 66 67
13 46 47 48 50 51 52 55 56 57 58 60 63 65
14 48 51 52 53 54 56 57 59 60 61 62 65 66 67
12 46 48 49 50 51 52 54 57 59 60 62 65
9 47 48 49 50 53 55 59 61 63
7 48 49 55 57 60 61 65
13 68 74 75 77 78 81 85 95 97 99 100 102 108
29 68 70 71 72 73 74 76 79 81 82 83 86 88 89 91 93 94 96 100 101 103 104 105 107 108 109 110 112 113
13 68 72 79 85 90 92 94 99 104 107 108 110 111
24 68 73 74 78 79 80 81 83 85 86 87 90 91 94 95 99 100 103 104 107 108 110 111 113
14 68 74 75 76 80 83 84 85 86 93 103 106 109 110
18 69 71 72 73 77 78 82 83 85 87 88 99 104 105 106 107 108 113
15 70 71 72 77 78 82 88 90 92 94 95 98 104 105 107
10 69 72 75 76 84 93 96 97 102 112
14 69 76 83 84 86 89 90 92 103 104 105 107 108 109
24 68 70 72 73 81 83 86 87 88 89 90 91 94 95 97 99 101 102 103 104 105 110 111 112
23 69 70 72 75 76 77 78 79 83 84 88 91 92 93 94 95 97 98 101 104 105 108 111
9 71 73 79 83 86 88 91 93 101
12 68 71 77 79 90 91 93 95 99 103 104 109
12 70 73 76 80 90 91 93 94 101 104 109 113
22 69 71 74 75 76 77 78 79 80 82 84 85 92 93 96 98 100 106 107 108 109 113
21 68 72 74 75 77 80 81 84 85 87 89 92 96 97 98 104 106 107 108 111 113
27 69 70 71 73 74 75 78 80 82 84 85 86 87 88 91 92 96 97 98 99 103 104 105 106 108 110 113
21 68 69 74 75 79 80 82 83 84 86 90 91 93 97 99 103 105 107 109 110 113
14 71 73 75 81 82 83 92 95 96 97 99 102 109 113
23 68 71 73 74 80 81 82 85 86 87 89 90 96 99 100 102 103 106 107 109 110 112 113
11 68 71 79 80 85 89 94 97 98 101 106
13 71 76 80 85 86 95 99 102 103 105 109 110 113
15 69 75 79 82 84 85 86 88 94 95 100 103 105 109 110
15 68 71 72 81 83 85 86 88 89 92 103 104 105 108 112
7 76 91 93 96 99 102 109
8 78 79 95 97 98 102 110 113
7 76 77 88 103 104 110 112
15 68 72 73 74 78 80 84 91 95 96 100 105 106 108 111
25 70 71 72 73 76 77 78 81 85 87 88 89 92 94 95 96 98 100 101 102 104 106 108 111 112
15 69 70 74 75 76 77 87 91 93 94 99 100 101 109 111
12 70 72 73 77 78 87 100 105 110 111 112 113
9 75 76 82 84 85 86 88 102 107
17 69 73 79 81 87 89 91 96 97 99 100 101 102 108 111 112 113
5 69 92 96 103 112
9 69 71 80 81 93 102 105 106 112
31 69 70 71 75 76 77 79 81 82 83 85 86 87 88 89 90 92 93 94 97 98 99 101 102 103 104 107 109 110 112 113
20 73 76 77 78 79 81 86 88 89 91 92 93 94 96 101 103 104 107 108 113
12 73 74 76 77 83 84 87 96 97 98 103 109
12 70 75 78 82 86 88 89 91 95 100 101 113
9 70 72 74 75 77 83 88 97 105
19 69 70 72 73 74 78 81 87 89 92 96 97 98 100 105 106 108 110 111
24 69 70 73 74 76 79 81 82 86 89 94 95 96 98 99 100 102 104 105 108 109 111 112 113
19 68 72 76 77 79 81 83 89 90 93 94 95 100 101 102 107 109 111 112
23 68 70 74 75 76 79 84 89 90 91 92 94 95 96 97 98 100 102 103 109 110 111 112
11 69 76 82 90 95 99 102 105 109 110 112
17 71 80 85 87 89 90 91 92 93 95 98 99 100 103 108 110 113
16 71 72 79 82 83 84 86 87 88 89 98 105 106 107 110 111
6 68 75 78 90 93 108
15 70 71 73 74 77 78 83 87 89 91 93 98 102 106 111
22 68 71 72 75 77 78 80 83 84 85 87 88 90 91 92 93 97 101 103 106 107 110
10 70 73 84 85 92 95 97 100 105 112
8 68 75 77 80 81 96 100 111
10 69 78 79 82 94 96 101 104 107 111
5 70 78 94 100 103
13 73 79 80 86 89 90 94 97 99 109 110 111 112
8 69 71 82 93 96 103 107 109
15 69 73 74 77 81 83 84 88 92 98 100 101 104 107 112
20 68 70 72 75 76 78 81 83 84 87 88 91 98 102 103 104 105 106 108 113
13 68 70 73 75 78 79 81 82 87 94 98 100 107
9 69 72 75 83 85 100 106 110 112
10 68 73 76 81 84 86 102 106 109 112
17 68 70 71 74 80 82 84 87 90 95 97 98 99 102 105 109 111
13 69 71 74 77 82 85 92 93 95 96 100 101 107
11 72 75 87 89 90 99 102 104 108 110 111
19 69 71 72 76 83 84 88 89 90 92 97 99 102 104 105 109 110 111 113
16 70 71 72 73 78 82 87 88 91 94 95 99 101 106 110 113
4 77 88 98 101
17 68 74 76 77 78 79 80 81 83 86 88 91 94 98 101 106 113
16 69 74 78 84 85 86 87 90 91 94 100 101 105 106 107 108
12 70 72 79 82 87 89 91 94 96 97 106 111
14 74 77 80 85 86 91 93 95 96 101 103 106 108 112
6 80 83 94 101 112 113
17 69 75 77 78 80 84 85 87 90 92 95 97 98 99 102 106 111
16 68 72 76 80 81 90 92 96 97 99 101 104 107 108 112 113
8 74 79 85 93 97 98 102 112
5 80 81 86 93 101
16 69 74 75 81 82 83 84 86 88 90 92 95 103 104 107 108
8 73 80 82 84 90 96 106 107
9 68 70 72 79 80 89 93 98 111
8 70 71 82 89 92 105 106 109
11 69 74 78 84 85 86 87 90 105 107 108
25 68 71 72 73 74 76 79 81 82 83 86 88 89 91 93 94 96 100 101 104 107 108 110 112 113
10 72 73 77 78 100 105 110 111 112 113
10 76 80 86 95 99 103 105 109 110 113
7 72 74 75 83 88 97 105
3 70 94 103
6 75 82 85 88 102 107
13 69 75 76 79 83 88 91 92 97 98 101 105 108
4 91 93 96 99
11 70 71 72 73 82 87 88 94 95 99 113
15 73 76 77 79 81 88 91 92 93 96 103 104 107 108 113
6 75 77 80 96 100 111
10 70 75 78 82 89 91 95 100 101 113
6 75 77 80 81 96 111
16 72 73 76 77 78 81 85 87 92 94 95 96 101 108 111 112
14 75 77 78 80 84 85 87 90 92 97 98 99 102 106
8 82 90 95 99 105 109 110 112
10 79 80 86 89 90 94 97 109 110 111
16 68 69 80 82 84 86 90 91 93 97 99 103 105 109 110 113
8 69 76 82 95 99 109 110 112
8 70 73 75 81 82 87 98 100
13 69 79 82 84 85 88 94 95 100 103 105 109 110
8 68 76 83 84 86 93 103 110
7 74 75 76 77 99 100 101
7 69 77 93 96 100 101 107
5 76 93 96 102 109
15 68 71 73 81 82 86 89 90 99 100 102 106 107 109 112
9 71 80 89 91 95 98 103 108 110
9 69 72 81 87 96 97 105 110 111
9 79 81 87 89 97 99 102 112 113
11 68 74 75 80 83 84 85 86 93 103 110
15 71 80 85 87 89 90 91 92 93 95 100 103 108 110 113
11 68 70 74 84 90 95 97 98 99 102 111
10 69 78 84 87 91 94 100 101 106 107
11 68 75 77 80 83 84 88 90 92 93 106
12 81 83 86 87 89 90 91 95 97 104 110 111
7 81 83 92 95 96 102 109
6 72 74 77 83 88 97
5 70 97 100 105 112
6 70 72 79 82 94 106
11 71 75 78 87 91 92 93 101 103 107 110
7 73 79 83 86 88 91 93
4 73 80 84 90
11 69 75 80 87 90 95 97 98 99 106 111
7 69 82 99 102 105 109 110
4 82 84 90 107
15 68 73 80 81 85 89 90 99 102 103 106 107 109 110 112
10 74 80 86 91 93 95 96 101 103 108
15 68 74 79 80 83 84 86 90 91 93 97 103 107 109 110
22 69 70 71 73 74 75 80 82 84 86 87 88 96 97 98 103 104 105 106 108 110 113
6 75 76 84 93 96 102
12 70 72 78 82 88 90 92 94 95 98 105 107
12 68 74 75 76 80 83 84 85 93 103 109 110
9 72 81 85 86 89 103 104 105 112
8 80 85 86 91 95 101 106 112
15 68 71 72 79 81 96 101 103 105 107 108 109 110 112 113
5 71 80 85 97 106
12 68 72 76 80 90 92 96 101 107 108 112 113
10 69 79 81 89 91 97 99 102 111 112
17 68 79 80 81 83 86 87 94 95 99 100 103 107 108 110 111 113
11 73 77 79 81 88 91 96 103 104 107 108
22 69 70 71 73 74 75 78 85 86 87 88 91 92 96 97 98 99 103 105 106 108 113
8 70 72 74 75 77 88 97 105
11 69 76 83 89 92 103 104 105 107 108 109
7 73 76 83 87 96 103 109
15 69 71 72 76 84 88 89 90 92 99 102 104 109 110 113
4 76 77 88 110
14 70 74 84 89 90 91 95 96 97 102 103 110 111 112
13 68 75 80 83 84 86 90 93 97 99 103 109 113
3 68 78 108
11 71 84 88 89 90 97 105 109 110 111 113
7 68 79 80 89 94 101 106
11 69 74 78 84 85 90 91 100 101 105 108
5 71 89 92 105 106
11 85 89 92 93 95 98 99 103 108 110 113
8 87 89 92 93 95 98 99 113
4 78 95 97 102
4 69 105 106 112
5 68 79 80 93 98
2 77 101
18 73 80 81 82 85 86 87 89 90 96 100 102 103 106 107 109 110 113
15 75 76 78 81 83 87 88 91 102 103 104 105 106 108 113
3 80 83 101
19 70 71 72 73 76 77 78 81 85 88 89 92 98 100 102 106 108 111 112
10 69 75 79 82 84 86 94 103 105 109
15 70 71 73 76 78 81 85 89 94 95 101 102 104 106 111
12 68 73 78 80 86 90 103 107 108 110 111 113
12 69 73 79 81 87 91 96 97 99 100 111 112
9 70 71 77 78 90 94 98 104 105
9 73 74 77 83 87 96 97 98 109
9 69 71 77 82 85 93 95 96 107
10 69 79 87 96 97 99 100 101 102 112
9 69 71 82 85 92 93 95 96 107
6 68 70 72 80 89 98
6 74 85 93 98 102 112
9 70 72 79 82 89 91 96 106 111
6 68 73 84 102 106 109
13 71 72 79 82 84 86 87 88 89 98 105 107 110
6 69 71 80 81 93 102
6 69 71 80 81 102 112
9 72 74 78 84 91 95 96 106 111
7 69 82 94 96 101 107 111
12 68 74 75 76 80 83 85 86 93 103 106 110
20 70 71 72 76 78 85 87 88 89 92 94 95 96 98 100 101 102 104 108 112
9 69 70 74 75 77 99 100 109 111
7 71 73 79 83 88 93 101
5 75 78 90 93 108
12 70 71 73 74 83 89 91 93 98 102 106 111
18 70 71 72 76 77 78 81 87 88 92 94 96 98 101 106 108 111 112
16 68 72 73 81 83 87 88 89 90 94 97 102 103 105 110 111
4 77 103 104 112
11 72 76 83 84 89 90 99 102 104 109 113
8 71 74 77 85 92 93 96 100
18 69 73 74 75 78 80 82 84 86 87 88 92 97 98 99 104 106 108
20 68 70 71 73 74 76 79 81 86 89 93 94 96 100 101 103 104 109 110 112
3 91 99 109
9 78 84 85 86 94 105 106 107 108
10 71 77 82 85 92 93 95 96 100 101
9 71 74 77 78 83 87 89 91 111
11 72 76 77 79 81 83 90 93 95 100 111
11 71 76 80 85 95 102 103 105 109 110 113
10 68 72 73 74 78 80 91 95 100 106
19 69 71 74 75 76 77 79 82 84 85 92 93 98 100 106 107 108 109 113
6 71 73 79 83 86 91
21 69 70 74 76 79 81 82 86 89 94 95 96 98 100 102 104 105 108 109 111 113
9 70 75 78 86 89 95 100 101 113
16 69 71 74 75 76 77 78 80 92 93 96 98 100 106 107 109
11 69 74 85 86 90 91 94 101 105 106 107
4 70 72 79 89
10 71 74 77 85 92 93 95 96 100 107
4 70 78 100 103
6 69 75 84 93 102 112
6 70 85 92 95 100 105
5 70 71 92 105 109
6 80 84 90 96 106 107
18 68 69 74 79 80 82 83 84 86 90 91 99 103 105 107 109 110 113
3 80 86 93
9 69 75 79 84 94 100 103 105 109
19 68 73 74 78 80 81 83 85 86 87 90 94 99 100 104 107 110 111 113
4 79 85 93 97
3 69 96 103
20 68 70 72 73 81 83 86 88 89 90 94 95 97 99 101 102 103 104 105 111
11 71 80 85 95 99 102 103 105 109 110 113
6 70 87 89 91 94 106
10 80 85 87 90 93 95 98 99 110 113
22 70 71 72 73 77 78 85 88 89 92 94 95 96 98 100 101 102 104 106 108 111 112
11 68 77 78 81 85 95 97 99 100 102 108
2 77 98
7 68 75 79 87 94 98 107
7 69 80 81 102 105 106 112
16 76 77 79 81 86 88 89 91 92 96 101 103 104 107 108 113
7 69 78 94 96 101 104 107
11 83 84 86 89 90 92 104 105 107 108 109
7 69 72 75 83 100 106 110
7 70 72 78 82 88 98 107
11 74 75 81 82 83 84 86 88 90 92 108
18 69 73 74 76 79 82 94 95 98 99 100 102 104 108 109 111 112 113
5 79 95 98 102 110
10 71 76 80 85 86 95 99 102 103 109
8 70 75 78 86 89 95 100 113
5 76 77 88 104 112
7 69 75 83 85 100 106 110
13 73 74 80 85 86 90 96 100 102 103 106 112 113
11 69 71 74 77 82 85 92 93 95 100 101
3 78 90 93
15 71 72 78 80 83 84 85 90 91 92 93 101 106 107 110
11 68 72 73 78 80 84 91 96 100 105 108
11 79 86 88 91 92 93 101 103 104 107 113
10 70 75 82 86 88 89 95 100 101 113
12 73 74 77 81 84 88 92 98 100 101 107 112
21 70 72 73 74 82 83 86 88 89 91 93 96 100 101 103 104 105 107 109 110 113
20 68 70 72 73 86 87 88 89 90 91 94 95 97 99 102 103 104 105 110 112
17 69 71 74 76 77 78 80 82 84 92 96 98 100 106 108 109 113
12 71 73 81 82 87 90 96 99 102 107 109 113
9 70 72 79 91 94 96 97 106 111
13 68 75 76 81 84 87 91 98 102 103 104 106 108
9 68 72 73 74 78 84 95 105 111
4 68 77 81 111
10 68 71 77 79 90 91 95 99 103 104
8 77 80 85 86 91 93 103 112
9 68 72 79 85 90 99 104 107 110
5 74 79 85 93 98
20 68 70 74 76 79 89 90 91 92 94 95 96 97 98 100 102 103 110 111 112
20 68 70 74 75 76 79 90 91 92 94 95 96 97 98 100 103 109 110 111 112
7 79 85 93 97 98 102 112
18 69 70 73 75 76 78 82 83 85 86 92 97 99 102 105 106 108 113
20 69 70 72 77 79 80 81 82 86 88 89 91 95 96 99 104 110 111 112 113
30 68 69 70 72 73 74 75 77 78 79 80 82 83 84 86 88 90 92 93 95 100 102 104 105 106 107 109 110 111 113
15 69 75 76 78 80 81 89 91 92 95 96 97 102 103 109
19 69 70 72 74 76 77 81 83 84 86 92 94 96 99 102 106 111 112 113
22 71 72 74 76 78 79 80 84 85 86 87 88 91 93 96 97 99 106 107 108 109 113
25 68 71 73 75 77 79 80 86 88 90 91 93 95 96 97 98 100 101 103 105 106 108 110 111 112
16 72 74 76 77 79 83 86 89 95 96 99 100 102 105 110 112
13 73 78 79 81 83 85 87 88 89 90 93 105 107
30 68 70 71 73 74 75 77 80 81 83 84 86 87 89 90 92 94 97 98 100 101 103 104 105 107 108 110 111 112 113
22 68 69 70 71 72 79 84 86 87 88 91 92 95 96 97 98 100 103 105 106 110 112
25 68 69 71 74 75 76 82 85 86 88 91 92 93 94 95 96 97 98 99 100 101 103 104 107 108
14 70 71 72 74 76 80 85 86 87 91 92 97 102 111
20 69 74 75 77 78 85 86 91 93 94 95 96 97 100 101 103 107 109 110 111
24 70 71 72 73 75 80 82 83 86 87 91 92 93 94 96 97 101 102 103 104 108 110 112 113
28 68 69 71 72 75 77 79 81 83 85 87 89 90 91 93 94 95 98 99 100 101 102 105 106 107 109 110 111
28 68 69 70 71 74 75 76 77 80 81 85 86 87 88 92 94 95 97 98 102 103 104 105 106 108 109 111 112
16 68 70 73 78 79 89 92 93 94 97 98 101 103 105 107 111
24 69 70 74 76 81 83 87 88 90 92 93 96 97 99 100 101 102 103 105 106 107 109 110 111
26 68 69 70 71 73 74 77 78 81 83 84 85 86 87 88 89 91 93 94 97 99 100 101 108 111 112
17 69 70 72 74 75 77 82 84 85 86 91 98 99 102 104 105 112
19 69 70 72 73 76 79 86 88 96 97 99 100 101 102 103 105 108 111 113
24 68 69 72 76 78 79 82 83 85 89 90 91 92 93 95 98 99 100 101 105 106 107 109 111
15 68 73 75 77 85 93 94 95 96 100 101 102 103 112 113
28 68 69 70 71 72 74 75 78 80 83 84 85 87 88 90 91 93 94 96 99 102 103 104 105 109 111 112 113
25 68 70 71 73 77 78 79 81 83 85 87 88 89 90 92 93 94 95 98 99 102 103 109 112 113
19 68 69 71 76 77 78 80 86 89 91 92 93 95 98 100 101 109 111 113
22 68 69 71 74 75 80 83 86 89 92 93 95 96 97 98 100 102 103 105 106 107 112
14 71 75 78 83 92 93 94 95 98 101 102 106 110 111
19 68 70 74 76 82 84 88 89 91 92 94 96 97 98 101 102 103 105 111
14 68 70 75 76 82 89 90 91 92 93 96 103 105 111
21 68 77 78 80 84 85 86 87 88 91 94 97 99 101 107 108 109 110 111 112 113
18 70 74 75 77 84 85 89 91 93 94 95 97 98 100 103 108 110 111
27 68 69 71 72 74 75 78 79 81 82 83 84 85 88 90 91 92 93 96 99 100 101 102 105 106 108 112
24 68 71 72 73 74 76 77 78 84 85 89 90 92 94 95 96 97 100 103 104 106 111 112 113
27 68 72 73 74 75 76 78 79 82 85 86 91 92 93 96 97 98 99 101 102 103 106 107 108 109 112 113
17 73 75 77 81 84 86 87 91 95 96 100 101 103 104 105 108 110
15 68 70 71 73 78 79 80 81 84 86 88 95 97 100 109
31 69 70 75 76 77 79 80 82 83 84 85 87 88 89 90 91 92 95 96 98 99 100 101 102 103 105 106 107 110 111 113
26 69 70 72 73 74 78 80 81 82 85 86 87 88 91 93 95 96 99 100 104 106 108 109 111 112 113
29 69 70 76 78 82 83 84 86 87 91 92 93 94 95 96 97 98 99 100 101 103 104 105 106 107 108 110 111 112
29 69 71 72 73 75 76 80 81 83 84 85 86 87 89 90 92 95 96 98 100 101 103 104 107 109 110 111 112 113
17 69 71 74 75 78 79 83 88 91 93 96 97 101 102 105 107 112
14 68 73 80 82 86 88 89 90 96 99 101 106 109 113
29 68 70 71 72 74 75 77 78 80 84 85 88 90 91 92 93 94 95 96 97 98 100 101 102 105 106 107 111 113
15 70 71 74 75 76 77 78 82 85 87 89 90 92 100 101
16 68 72 76 77 78 84 85 88 89 91 92 93 96 98 110 113
21 74 75 76 77 78 79 81 82 85 88 90 91 92 93 95 96 97 98 100 101 113
27 69 71 73 78 79 80 81 84 85 87 89 91 94 96 97 98 99 101 102 103 104 105 107 109 110 111 113
24 68 69 71 72 74 79 80 81 84 87 88 89 90 91 94 97 98 103 104 106 107 108 111 112
15 71 72 79 80 82 86 88 90 91 93 96 99 101 103 105
19 68 70 76 81 82 84 86 88 90 92 95 96 98 102 104 107 108 111 112
29 68 69 70 72 73 77 79 81 84 86 88 91 92 94 95 96 97 98 101 102 103 105 106 107 108 110 111 112 113
27 68 69 70 71 73 76 77 78 82 84 85 86 88 89 90 91 96 99 100 101 103 106 107 108 109 111 113
27 68 69 71 72 75 76 78 79 80 85 86 87 89 91 93 94 95 96 99 101 102 103 107 108 110 111 112
18 68 69 71 77 78 79 80 82 87 88 90 99 101 105 106 107 108 112
22 73 75 78 79 80 84 86 87 88 89 90 92 93 94 97 99 100 102 105 109 110 112
22 69 70 72 73 76 77 85 86 88 91 93 95 96 98 99 101 104 106 107 108 110 111
29 68 69 71 73 75 76 78 79 80 81 82 83 84 85 86 87 90 93 95 97 98 100 101 105 109 110 111 112 113
15 68 70 71 80 81 82 83 90 91 93 100 103 105 106 107
28 68 69 70 71 73 74 76 77 78 79 84 86 87 88 89 90 91 93 95 100 101 102 103 107 109 110 111 112
22 68 70 71 73 74 77 79 80 81 83 84 91 93 96 99 101 104 105 108 109 110 112
23 71 72 75 77 78 79 80 81 82 84 85 87 90 91 92 93 96 100 102 104 110 111 112
31 69 70 73 75 76 77 78 79 83 84 86 89 90 92 95 96 97 98 99 100 101 102 104 105 106 107 108 109 110 112 113
14 68 69 70 71 72 76 85 86 92 101 104 106 109 113
23 70 71 74 75 76 78 81 82 83 86 88 90 91 92 93 95 96 101 102 103 106 112 113
20 73 74 75 77 78 83 84 88 91 93 96 99 102 104 105 106 108 109 110 112
22 70 71 74 75 76 79 80 81 86 87 88 90 94 96 98 99 101 103 105 107 110 111
25 68 70 76 78 79 82 83 84 86 87 90 92 94 95 96 99 100 102 104 106 109 110 111 112 113
21 68 73 75 80 81 83 85 86 87 88 91 94 97 98 99 102 103 104 106 107 108
19 71 73 74 78 81 82 83 86 87 88 89 93 96 100 101 103 105 109 112
16 68 70 74 79 84 85 88 89 90 93 97 99 101 106 107 112
23 69 70 71 75 76 77 80 81 86 88 89 91 94 96 98 101 102 103 104 106 109 110 111
28 68 71 74 75 77 79 80 81 82 83 84 87 88 89 92 94 95 97 98 99 102 105 107 108 109 110 111 113
27 68 70 72 73 78 80 81 82 84 85 86 89 90 92 93 94 95 97 98 99 103 104 107 109 110 111 112
15 70 73 75 79 81 83 84 92 96 99 100 101 108 112 113
24 71 72 74 75 76 77 78 79 80 83 88 89 90 91 92 96 97 99 101 102 103 104 106 112
22 68 70 72 74 75 76 78 79 81 82 85 86 87 89 90 92 93 97 105 107 110 113
26 68 69 71 72 75 76 78 80 82 85 89 94 95 96 97 98 101 102 104 106 107 108 110 111 112 113
19 72 76 81 83 84 90 91 92 93 101 102 104 105 106 107 110 111 112 113
29 68 69 70 71 72 74 75 76 77 78 80 81 82 84 85 86 87 93 94 98 100 104 106 108 109 110 111 112 113
17 70 73 74 78 79 80 81 82 86 87 91 93 97 98 103 105 110
19 70 72 73 74 76 80 81 83 88 89 90 91 94 95 98 103 105 108 111
31 68 69 70 71 74 76 77 78 79 80 81 83 84 85 86 87 89 90 93 94 95 97 98 99 100 102 104 107 109 111 113
21 68 71 74 75 78 79 84 85 86 89 90 92 96 98 99 100 101 109 110 112 113
31 68 70 71 72 74 75 77 78 79 80 82 83 84 85 86 88 89 90 91 92 96 98 100 101 103 104 106 107 108 109 112
31 68 70 74 76 77 78 79 81 82 85 86 87 88 89 90 91 92 93 95 96 99 100 101 102 103 106 107 110 111 112 113
16 69 71 73 75 76 78 80 83 84 85 96 97 103 104 108 111
20 68 70 72 76 77 79 80 81 82 84 88 97 98 101 103 104 105 109 110 111
18 69 70 72 73 79 81 84 93 94 95 97 99 100 103 105 108 109 110
18 68 74 75 77 81 88 89 92 93 94 95 101 103 106 109 110 111 112
19 71 72 74 75 76 80 82 83 84 90 99 102 103 104 105 106 107 111 113
15 73 74 79 81 83 89 92 94 96 99 103 105 106 109 111
24 68 70 74 76 80 82 85 86 87 89 90 91 92 94 96 98 99 100 101 102 103 108 109 113
24 68 70 73 74 77 78 80 81 85 86 93 94 95 97 98 101 103 104 105 107 108 111 112 113
16 68 72 73 78 84 87 91 93 95 96 99 100 101 102 104 111
21 69 70 72 73 76 77 78 79 81 82 84 85 86 90 92 95 98 108 109 111 112
16 70 71 73 77 79 85 86 91 93 95 97 98 108 109 110 112
28 70 71 73 74 75 79 82 83 84 85 87 89 90 91 92 93 95 96 97 98 101 104 107 108 109 110 111 113
27 71 72 73 75 77 79 81 82 83 86 90 91 92 93 94 95 96 98 99 101 102 103 104 105 106 107 111
25 69 70 71 72 73 76 79 81 82 85 86 90 93 96 98 99 101 103 104 106 107 108 109 110 111
16 73 77 78 79 83 84 85 95 97 99 100 105 107 108 112 113
17 68 69 73 78 84 85 86 87 90 94 99 100 103 107 109 110 111
25 68 69 72 73 74 76 78 79 80 82 83 85 89 91 93 98 99 100 101 104 106 107 108 109 113
27 69 71 74 76 77 78 79 80 82 83 84 86 90 92 93 94 97 98 100 102 103 104 107 108 110 112 113
27 70 71 72 73 74 75 81 82 83 84 85 87 89 90 91 93 94 96 99 101 102 106 108 109 111 112 113
20 71 76 78 79 82 83 86 90 91 92 97 99 101 102 104 106 107 110 111 113
23 68 69 70 72 78 79 81 83 84 85 90 93 95 101 102 103 104 105 106 107 110 111 112
22 70 74 76 77 78 80 81 84 87 88 89 94 98 100 101 102 103 107 108 109 111 112
15 69 70 75 80 81 82 89 90 93 97 100 101 102 103 106
16 68 72 73 75 83 84 90 91 92 94 96 99 101 102 106 111
22 68 73 77 78 80 81 82 83 86 87 89 93 99 100 102 103 104 106 107 108 109 111
15 69 70 74 77 82 84 87 88 91 92 93 94 102 108 112
29 68 69 70 71 73 74 75 77 79 80 81 86 87 88 91 93 94 95 96 98 100 101 102 103 104 106 108 111 112
24 70 75 76 77 79 80 81 83 87 88 89 91 93 94 95 101 102 103 105 106 107 109 110 113
25 68 69 72 74 77 78 79 80 81 82 86 87 88 89 93 94 95 97 101 102 106 107 110 111 113
24 68 70 71 72 76 78 79 80 81 83 85 86 89 93 98 100 103 104 106 107 108 110 111 112
17 77 80 82 83 84 85 87 88 90 93 94 99 109 110 111 112 113
21 70 72 76 77 78 80 82 83 84 85 87 89 92 93 96 99 103 104 107 108 110
15 69 70 73 76 79 80 83 86 88 92 96 97 99 102 111
27 70 71 72 74 76 77 78 79 82 86 88 89 90 91 93 94 95 96 100 103 104 105 107 108 110 112 113
20 68 72 73 74 76 78 79 82 85 89 94 95 97 102 103 107 108 109 110 111
30 69 71 72 77 78 79 80 81 82 83 84 85 86 90 91 92 93 94 95 96 97 101 102 104 105 106 109 110 111 112
17 70 73 74 75 77 78 82 83 87 90 95 96 101 103 105 109 110
26 68 70 71 72 73 74 75 77 80 81 83 85 89 90 92 94 96 98 99 100 106 107 109 111 112 113
17 68 71 75 77 80 83 85 87 89 91 94 95 100 103 107 109 110
21 69 71 72 73 74 75 76 77 80 83 87 88 92 94 96 97 98 102 104 108 111
21 69 71 72 77 79 81 84 87 88 91 92 96 97 99 100 101 102 104 110 112 113
30 68 69 70 71 73 74 75 77 79 80 81 82 84 86 87 88 89 91 92 93 94 95 96 98 101 104 105 107 110 111
20 69 71 72 74 76 78 80 89 90 91 92 93 95 96 99 100 101 102 111 113
29 69 70 73 75 76 77 78 80 81 84 87 88 90 92 93 98 99 101 102 104 105 106 107 108 109 110 111 112 113
19 68 71 78 82 84 86 87 88 89 90 93 97 100 101 102 104 105 107 108
23 72 76 78 79 81 83 84 85 87 88 90 91 92 95 96 99 100 102 105 106 109 112 113
19 68 70 75 77 80 82 83 84 87 92 94 98 101 102 104 105 109 112 113
25 68 69 70 72 73 74 75 80 82 84 86 87 90 92 95 97 98 100 101 102 103 105 106 108 113
29 68 69 71 73 75 76 78 79 80 81 82 85 86 89 90 91 92 93 94 95 96 97 98 100 101 102 108 109 111
18 68 77 79 80 81 85 89 90 93 94 96 98 99 104 105 108 112 113
23 69 71 72 73 74 75 77 79 80 83 84 87 88 89 92 93 96 101 102 104 107 109 110
32 68 69 70 71 72 73 74 75 77 78 80 82 84 85 86 90 92 95 96 97 98 101 102 103 104 105 106 107 108 109 110 113
18 70 74 79 81 83 86 89 90 91 93 95 96 99 105 107 108 109 111
18 68 72 73 74 79 85 90 91 96 97 99 101 105 107 109 110 111 113
22 68 69 70 74 76 78 82 85 86 87 88 90 96 102 103 105 107 108 110 111 112 113
29 68 70 74 76 77 79 80 81 83 84 85 86 87 88 90 92 93 94 95 96 97 99 100 103 105 107 109 110 113
19 68 69 70 74 75 76 77 79 80 82 84 85 87 90 92 93 98 99 109
25 69 72 73 74 75 77 79 83 85 87 89 90 92 93 94 95 98 99 100 102 104 106 108 110 111
21 69 70 71 72 81 83 84 85 87 91 92 93 94 95 97 98 99 103 105 108 111
22 68 70 71 72 77 79 80 83 90 92 97 98 99 100 102 104 105 108 109 110 111 112
23 69 71 72 74 75 79 80 84 85 87 88 90 91 93 95 97 98 99 101 102 108 111 113
30 69 72 73 74 75 78 79 80 81 83 84 86 88 89 90 93 95 96 97 98 100 101 102 103 104 105 107 109 110 113
24 68 72 73 77 79 83 84 85 87 89 91 92 94 96 97 98 100 101 102 103 104 107 110 113
27 69 70 71 72 73 74 76 77 79 80 81 82 86 87 88 91 92 94 95 98 101 102 103 106 107 109 113
16 73 74 78 79 88 89 90 92 94 98 99 100 104 105 106 110
29 70 71 72 74 75 77 78 80 81 82 83 84 85 86 90 91 93 97 98 99 100 101 103 104 109 110 111 112 113
13 75 77 85 86 87 89 92 94 96 98 100 107 109
14 68 73 78 81 83 84 86 91 93 99 100 106 108 111
20 70 72 73 76 81 85 86 88 90 92 94 98 100 102 103 106 107 110 111 112
23 68 71 73 74 76 77 81 82 84 86 87 91 92 94 96 99 101 104 107 108 109 110 112
16 68 77 83 91 92 94 97 100 103 104 105 107 109 111 112 113
26 72 74 75 76 77 78 80 81 83 84 85 86 88 91 92 94 95 99 101 103 105 107 108 109 111 112
19 69 71 72 73 77 81 84 85 87 88 90 92 93 97 102 103 104 105 107
28 69 70 71 73 74 75 77 78 79 80 81 82 83 84 85 86 90 94 98 100 101 102 104 106 107 108 109 110
18 68 70 72 74 76 82 87 91 96 97 99 101 103 104 105 107 109 112
14 68 69 71 80 81 83 84 90 92 96 97 98 108 113
28 68 69 70 71 72 73 74 76 78 79 80 85 86 87 88 89 90 91 92 100 102 103 104 105 107 108 109 112
17 68 69 74 76 77 81 85 88 92 98 99 100 101 104 105 107 111
30 69 70 71 72 73 76 79 80 81 82 83 84 85 86 87 88 89 91 92 93 95 96 98 101 103 104 105 106 108 112
30 68 70 73 74 76 77 78 81 82 83 84 85 87 88 89 91 93 94 96 98 100 102 103 104 106 107 109 110 111 113
19 70 71 73 74 78 80 81 82 83 84 86 87 92 96 99 100 104 105 107
14 69 72 73 76 80 81 83 84 85 88 95 103 110 111
18 71 74 79 81 84 89 90 92 93 95 98 99 101 102 103 109 110 111
21 68 70 71 77 79 84 86 87 90 94 97 98 99 100 103 104 105 108 109 110 112
20 68 69 74 76 77 80 86 89 90 93 97 100 101 102 104 107 110 111 112 113
16 70 74 76 78 80 81 83 85 86 87 93 94 95 96 98 103
28 70 74 77 78 80 83 84 85 86 87 88 89 90 91 92 93 94 96 97 98 99 100 104 106 107 110 111 113
14 68 73 76 79 82 83 86 89 97 104 105 107 111 113
22 68 69 71 72 73 74 78 80 81 82 87 88 92 94 95 98 102 104 110 111 112 113
26 69 70 71 72 74 75 77 78 81 85 86 89 90 93 94 95 96 99 100 104 105 106 107 108 109 112
22 68 69 70 72 73 74 78 81 84 87 88 91 93 94 97 99 102 107 108 109 112 113
27 70 72 74 77 79 81 82 83 84 86 89 90 91 92 94 95 97 98 100 102 104 105 106 107 108 109 112
30 68 70 71 72 73 76 77 78 80 81 83 84 85 86 87 90 91 92 93 95 96 97 100 101 104 105 107 110 111 113
15 75 77 80 82 83 87 89 91 92 94 95 99 105 106 109
23 68 73 75 77 78 79 83 84 85 87 88 89 91 92 97 99 100 101 102 103 104 105 110
23 70 72 75 76 80 82 83 85 86 90 91 92 93 94 95 98 100 102 104 106 107 109 112
18 70 72 73 78 82 83 84 87 89 93 96 97 100 101 105 106 107 113
28 70 71 72 73 74 75 76 77 78 81 82 83 85 86 87 88 90 91 95 96 97 99 100 101 105 111 112 113
