205 1353
64 1 2 3 4 5 6 7 8 9 10 11 12 13 14 15 16 17 18 19 20 21 22 23 24 25 26 27 28 29 30 31 32 33 34 35 36 37 38 39 40 41 42 43 44 45 46 47 48 49 50 51 52 53 54 55 56 57 58 59 60 61 62 63 64
25 2 4 8 12 16 17 23 25 29 32 34 37 43 44 47 49 51 53 54 56 59 60 61 63 64
48 2 3 5 6 7 8 9 10 11 12 13 14 16 17 20 21 22 24 25 26 28 29 31 32 34 35 36 37 38 39 40 43 44 45 48 49 50 51 54 55 56 58 59 60 61 62 63 64
38 2 4 6 7 10 12 14 17 18 21 23 24 25 27 29 30 35 36 38 39 41 42 43 44 45 47 48 49 50 51 53 55 57 58 59 60 62 64
27 1 4 7 8 9 12 15 16 17 21 24 27 30 33 34 40 41 42 46 51 53 54 55 56 59 62 64
35 3 4 7 9 10 11 13 14 19 20 21 23 25 29 31 32 35 36 37 40 41 42 45 46 48 49 53 55 57 58 59 60 61 63 64
46 1 2 4 6 7 8 9 10 11 13 16 18 19 20 21 23 24 25 26 29 31 33 34 35 37 38 39 41 43 44 45 46 47 48 49 52 53 54 55 56 58 59 60 61 63 64
30 1 3 4 6 8 9 10 15 16 17 19 20 22 23 24 28 31 32 34 35 38 43 46 47 48 53 55 59 63 64
22 2 3 7 8 9 14 18 19 21 23 26 29 32 37 43 47 48 51 56 59 61 62
45 1 2 3 5 6 8 9 10 12 15 16 17 18 19 21 22 24 25 27 28 29 30 31 33 37 40 42 43 44 45 46 47 48 49 50 51 53 54 55 56 58 59 60 61 64
42 1 4 5 8 9 10 11 12 13 16 18 19 20 22 23 24 26 27 28 29 30 32 34 36 37 38 40 41 42 45 47 48 50 53 54 55 56 59 60 62 63 64
45 2 3 5 6 7 9 10 11 13 14 16 17 18 19 20 22 23 24 26 27 28 29 31 32 33 34 36 37 38 39 40 41 42 45 46 47 49 51 55 56 57 58 61 62 64
50 1 2 4 5 6 7 8 10 13 15 16 17 18 19 20 21 23 24 25 26 27 28 30 31 32 33 34 36 37 39 42 43 44 45 46 47 48 49 50 51 52 53 54 57 58 59 60 61 62 63
19 3 6 13 16 20 21 24 27 30 31 34 35 37 52 56 57 59 62 63
20 2 5 13 16 19 20 21 29 30 31 33 36 37 48 53 54 57 62 63 64
40 4 5 6 8 9 10 11 12 13 15 16 17 18 19 20 21 24 26 28 30 31 32 33 34 35 38 41 43 45 46 47 48 49 51 52 53 56 60 61 64
41 1 4 5 7 8 9 10 12 17 18 20 21 22 23 25 26 28 29 30 31 32 33 34 35 38 40 41 43 45 46 49 50 53 56 57 58 59 60 62 63 64
37 1 3 4 6 8 9 10 13 15 18 19 21 22 24 25 26 27 28 29 30 34 35 37 39 40 43 47 48 49 52 53 54 57 58 60 61 62
39 1 2 3 5 6 7 8 9 12 13 14 22 24 26 27 31 32 33 35 36 39 40 41 42 43 45 48 49 50 51 53 56 57 58 59 61 62 63 64
34 1 7 8 9 11 12 13 15 16 19 20 21 22 24 25 27 29 31 33 37 41 42 44 45 46 47 48 50 51 55 57 58 59 64
20 1 3 13 18 20 28 29 33 37 39 43 47 49 50 52 55 57 60 61 64
41 1 3 4 6 7 11 12 14 15 16 17 18 19 20 21 22 24 26 29 30 31 32 35 38 39 40 42 44 48 49 50 51 52 53 54 56 57 60 62 63 64
22 1 2 4 6 10 13 15 18 22 26 28 35 36 38 41 43 44 47 49 53 55 62
50 3 4 5 6 8 9 10 12 13 14 15 16 17 18 19 20 21 23 25 26 27 28 29 30 31 32 33 34 36 37 39 42 43 46 47 48 49 50 52 53 55 56 57 58 59 60 61 62 63 64
20 5 12 13 18 24 33 34 35 36 40 41 43 44 45 48 53 56 60 62 63
31 1 4 5 7 8 10 16 17 19 20 23 25 28 29 32 33 34 38 39 45 47 48 49 52 54 56 58 61 62 63 64
23 1 4 10 12 13 15 20 30 31 33 34 37 39 41 42 43 51 52 54 55 56 59 60
42 2 3 4 7 9 12 13 14 17 19 21 22 23 25 26 27 28 29 30 34 35 36 37 38 39 40 41 42 43 44 46 48 51 52 53 54 55 56 57 58 59 64
24 1 4 11 13 19 20 23 25 27 28 30 35 40 42 46 50 53 55 56 57 59 60 61 64
27 1 2 5 6 8 9 13 16 18 19 26 27 29 32 34 36 37 38 39 41 43 45 47 48 52 55 58
37 1 2 4 5 7 8 11 13 15 16 19 23 24 25 26 29 30 31 33 34 35 36 38 39 41 42 47 49 50 51 52 53 55 59 60 62 63
26 2 3 6 8 10 14 20 31 33 34 36 37 39 43 44 45 48 51 53 54 55 56 58 60 61 62
36 5 6 7 9 12 13 14 15 16 17 21 22 26 27 28 29 30 31 32 33 37 38 40 42 43 44 45 46 51 53 56 57 59 60 62 63
26 3 4 7 10 11 13 14 22 23 27 31 32 34 35 37 40 41 42 43 47 48 52 54 59 63 64
31 3 4 5 6 7 8 10 15 22 31 32 35 36 37 38 39 41 42 44 46 47 48 49 50 52 55 57 58 60 61 64
52 65 66 67 68 69 70 71 72 73 74 75 76 77 78 79 80 81 82 83 84 85 86 87 88 89 90 91 92 93 94 95 96 97 98 99 100 101 102 103 104 105 106 107 108 109 110 111 112 113 114 115 116
29 65 66 67 68 70 73 77 80 81 85 86 90 91 92 93 94 95 97 98 99 100 101 102 103 106 109 110 115 116
35 65 66 67 68 70 71 73 74 75 76 77 78 79 80 81 82 87 88 89 91 93 94 95 96 99 100 101 104 105 106 107 108 109 113 115
39 65 68 69 71 72 73 75 76 77 78 79 80 82 84 86 87 88 89 90 91 92 93 94 95 96 97 98 100 102 106 107 108 109 110 111 113 114 115 116
37 66 67 68 69 70 71 72 73 74 76 77 78 79 80 81 82 83 84 85 86 87 88 90 94 96 97 98 101 102 105 106 107 109 112 113 115 116
35 65 67 68 69 70 71 76 77 79 81 83 84 85 86 87 88 89 90 91 92 94 96 97 99 100 103 104 105 106 108 109 110 113 114 116
18 69 70 75 80 81 82 83 87 88 90 91 95 97 98 102 111 114 116
37 65 66 69 72 73 74 75 76 78 79 80 82 83 84 86 87 88 90 91 92 93 94 95 96 97 98 99 100 104 105 107 109 110 111 112 113 114
26 65 66 69 75 76 81 82 86 87 92 93 96 97 98 99 101 104 105 107 108 109 110 111 113 114 115
19 67 70 71 72 73 77 78 80 81 83 91 92 98 99 100 103 104 105 112
24 65 68 69 71 73 74 75 76 77 82 86 87 88 89 93 94 96 97 100 102 108 110 114 116
20 65 67 68 72 75 76 77 84 85 86 87 88 89 90 92 93 96 97 109 115
36 65 66 67 68 69 70 71 72 73 74 75 76 77 81 83 85 86 88 89 90 91 94 95 96 97 99 100 103 104 105 107 108 113 114 115 116
17 65 74 77 80 81 85 88 97 101 102 103 106 107 109 110 111 112
30 65 68 69 70 71 74 77 78 81 82 87 90 91 92 93 94 96 97 101 102 104 105 107 108 109 110 111 113 114 116
39 65 67 68 71 72 73 74 75 76 77 78 79 80 81 83 84 85 86 87 88 89 90 93 94 95 96 98 99 101 102 103 104 106 107 109 110 112 114 115
18 65 70 71 72 73 76 77 80 81 85 91 92 94 96 99 102 104 111
34 65 66 69 70 71 72 73 75 76 77 82 85 86 88 90 91 97 98 99 100 101 102 103 104 105 107 109 110 111 112 113 114 115 116
41 65 66 67 68 69 70 72 73 75 76 77 78 79 82 83 84 85 86 87 88 89 91 92 94 95 96 97 98 99 100 101 102 103 104 105 107 108 109 112 114 116
29 65 66 68 69 70 73 75 76 78 79 80 81 82 86 90 91 92 95 98 99 100 102 104 106 109 110 113 114 115
35 65 67 70 71 74 75 76 77 79 80 81 82 84 86 88 90 91 92 94 95 96 97 98 100 101 102 104 106 109 110 112 113 114 115 116
29 69 70 71 73 77 78 80 81 82 83 84 85 87 89 91 92 93 95 96 97 101 102 104 105 107 112 114 115 116
16 69 72 74 79 81 84 89 91 97 100 102 105 108 110 111 113
27 65 67 69 74 75 78 80 81 84 85 87 92 93 94 95 96 99 101 102 104 107 108 110 112 113 115 116
30 65 69 71 72 74 75 76 77 78 80 82 83 84 87 90 93 95 96 97 100 102 106 108 110 111 112 113 114 115 116
18 67 69 73 79 80 82 84 85 87 96 102 104 105 106 108 109 110 113
35 65 66 67 69 70 71 73 74 75 76 78 81 83 84 87 88 89 90 91 92 95 96 97 101 103 104 105 107 108 109 110 111 112 115 116
24 65 67 68 69 70 73 80 81 83 85 86 87 90 92 95 97 98 100 103 105 106 109 113 115
31 68 70 73 74 75 76 78 79 81 82 83 84 85 86 89 91 92 94 95 97 99 100 101 103 104 106 107 108 112 113 114
31 70 71 72 73 74 76 77 79 81 83 85 86 87 88 89 90 91 92 94 97 98 100 101 102 104 105 106 111 114 115 116
39 65 66 67 68 69 71 72 73 74 75 77 79 80 81 83 85 86 87 88 89 91 92 93 94 97 98 99 101 102 103 104 105 106 107 108 111 113 114 116
28 66 68 69 70 71 73 75 77 85 87 89 91 92 94 95 97 99 100 102 103 105 108 109 111 113 114 115 116
34 65 68 69 70 71 72 75 77 78 79 80 81 83 85 86 87 91 92 93 94 97 99 100 102 103 105 106 107 110 111 113 114 115 116
26 65 66 68 69 70 73 77 80 81 86 88 89 90 92 93 96 98 99 100 103 106 108 110 112 114 115
28 65 66 68 70 71 76 77 78 79 80 81 87 88 90 92 93 94 97 100 101 102 103 106 109 111 112 113 115
22 67 70 76 78 81 82 85 86 88 89 93 95 100 101 103 106 107 108 110 112 115 116
30 65 67 69 70 71 75 78 79 80 81 84 85 87 88 89 90 95 101 102 104 105 106 107 108 109 110 111 112 115 116
31 65 68 69 70 71 73 74 76 78 82 83 85 86 87 88 90 92 93 94 98 99 101 102 103 104 105 107 110 111 113 115
34 65 66 68 69 70 71 73 74 75 76 77 78 80 82 84 85 86 87 89 90 92 94 97 98 100 101 102 103 104 106 107 110 112 115
37 65 66 67 68 69 71 72 73 74 75 78 79 80 81 82 83 84 85 86 93 94 96 99 101 102 103 104 105 106 107 108 110 111 112 113 114 116
32 66 68 69 70 71 72 73 75 77 78 79 86 87 88 89 91 94 96 97 98 100 101 103 105 106 107 108 109 111 112 114 115
18 66 68 69 77 81 88 91 95 96 97 104 105 106 107 109 110 112 113
26 68 72 74 78 80 85 86 87 91 92 94 95 98 101 102 103 104 105 106 108 109 110 111 113 114 115
40 119 120 121 124 125 126 128 129 130 131 132 134 135 137 139 140 141 143 144 145 147 149 151 152 154 155 157 158 160 162 163 164 165 166 168 169 172 175 177 180
23 120 135 136 137 138 141 142 143 144 151 156 159 162 163 164 167 168 169 173 174 177 179 181
12 117 126 129 136 137 138 141 143 147 157 166 172
19 136 138 139 141 144 148 149 150 151 153 154 155 156 159 162 163 169 171 174
10 122 130 131 137 153 154 155 156 162 166
29 119 122 123 126 128 129 132 135 143 144 146 147 151 152 157 158 159 161 162 164 165 166 168 169 173 176 178 179 180
17 133 137 140 141 144 146 147 152 155 162 163 167 172 174 177 180 181
9 121 122 128 132 136 139 148 161 164
32 117 120 121 122 124 125 127 131 133 134 136 140 141 143 145 146 148 149 150 153 154 155 159 161 163 164 171 174 175 176 177 181
18 118 119 126 128 136 137 140 141 146 151 152 153 155 165 168 173 176 180
14 117 120 123 126 131 132 135 142 143 157 160 166 167 177
26 118 120 122 123 124 133 134 135 137 138 139 141 142 143 144 147 152 154 157 159 161 163 166 170 178 180
29 120 121 123 124 125 126 127 128 129 130 133 141 143 146 147 149 150 155 157 158 159 162 167 168 169 173 174 178 180
12 119 125 130 139 150 152 153 160 171 172 178 180
29 122 134 135 138 139 140 142 143 144 146 147 151 153 154 156 158 160 163 164 166 167 169 170 173 174 176 179 180 181
21 120 125 129 131 132 136 137 142 157 158 161 162 167 168 170 172 173 174 175 177 181
16 118 120 127 134 145 149 150 154 157 158 159 160 165 166 171 176
23 119 121 125 135 136 138 139 144 146 148 149 150 151 152 158 160 161 169 170 172 173 174 179
14 117 132 134 135 138 139 142 145 148 153 156 175 177 179
8 122 131 136 151 161 164 171 172
36 117 118 120 121 124 125 127 130 131 133 134 136 137 138 139 140 141 142 145 148 149 150 153 154 155 156 160 163 167 170 171 172 174 175 177 181
13 118 126 129 131 134 136 140 142 159 160 164 174 176
12 121 122 123 128 133 134 145 147 148 154 158 176
21 119 121 123 132 142 143 144 146 147 150 151 153 154 155 158 160 165 167 174 178 181
16 117 123 126 128 133 134 143 157 159 165 167 168 171 176 178 181
19 124 129 131 135 138 140 147 150 155 156 157 160 165 168 171 172 173 175 177
21 118 120 121 123 124 127 128 129 136 141 148 149 150 157 161 165 168 172 175 177 178
21 117 121 125 127 128 131 140 145 150 151 158 160 162 164 167 168 169 172 173 175 177
15 127 129 130 133 135 141 143 147 149 154 156 171 175 178 180
25 118 121 122 123 124 126 127 130 133 134 135 139 143 145 146 147 148 149 150 151 154 159 163 164 180
17 119 121 122 125 127 129 130 137 145 146 152 165 173 176 178 179 180
2 149 173
24 117 119 122 124 125 126 129 130 131 143 144 145 148 149 150 151 155 165 169 173 174 177 179 181
21 119 127 131 133 135 139 142 144 145 146 151 152 158 159 164 168 171 173 174 179 180
33 118 119 123 126 128 129 130 132 135 137 138 139 142 144 147 151 152 156 157 158 160 162 165 166 167 168 169 170 172 173 178 179 180
23 117 119 123 124 125 126 129 130 131 135 138 142 143 151 153 156 168 169 170 173 175 178 179
33 117 120 121 122 123 125 126 131 132 133 134 135 136 139 140 141 146 147 150 151 152 153 155 156 157 162 163 164 167 171 175 180 181
31 117 120 123 125 127 128 132 134 136 137 139 142 143 145 146 149 151 152 153 154 158 159 164 166 169 170 174 176 178 180 181
9 117 122 123 134 155 156 161 163 177
15 117 119 125 126 130 131 132 133 137 145 152 155 159 162 171
23 117 120 125 130 135 137 140 141 142 143 146 147 148 149 150 153 162 164 165 175 177 178 180
39 119 121 124 125 126 129 130 132 133 135 136 139 140 141 142 143 144 146 147 149 152 153 158 159 160 162 164 165 166 167 169 170 171 174 175 176 178 180 181
48 117 118 119 120 122 123 124 125 126 127 128 129 131 132 134 135 137 138 139 140 141 142 143 146 148 149 150 151 152 153 154 155 156 160 162 163 164 168 169 171 172 173 174 175 176 177 178 181
12 122 125 147 154 159 162 166 167 172 174 178 179
17 118 120 127 128 131 137 138 145 148 150 151 154 157 168 172 173 179
14 118 119 137 140 144 152 154 160 163 165 166 170 176 181
13 118 121 123 124 130 132 134 140 148 156 170 175 181
34 120 124 125 128 129 131 132 133 134 137 138 142 143 145 149 150 153 154 155 157 158 160 161 163 164 165 168 170 172 173 175 176 180 181
22 117 120 121 123 127 129 130 131 138 139 143 148 149 150 158 160 161 163 164 175 177 181
19 117 119 128 138 140 141 144 152 153 155 156 160 165 166 169 171 176 178 179
41 118 120 121 123 127 128 132 133 134 135 136 137 138 139 140 141 142 146 147 152 153 154 156 157 158 159 160 161 162 163 164 166 167 168 170 171 172 175 176 178 180
52 117 118 119 121 122 124 125 126 128 130 131 132 135 136 137 138 139 140 141 142 143 144 145 146 147 150 151 152 153 154 157 158 159 160 161 162 163 164 165 166 167 168 169 170 171 174 176 177 178 179 180 181
16 118 120 124 127 129 132 140 141 142 145 147 163 164 175 177 180
9 124 125 127 137 138 140 145 159 172
14 119 120 121 122 138 139 142 151 159 162 163 166 170 177
15 124 126 128 131 132 136 137 148 150 152 157 158 164 167 173
24 119 124 127 130 132 133 138 139 141 143 148 151 153 156 157 162 163 166 168 171 172 175 177 181
32 118 119 124 127 128 129 130 137 138 142 143 144 145 148 149 154 158 159 160 161 165 166 168 169 170 172 173 174 176 177 178 179
17 117 118 122 123 127 133 136 138 142 148 153 159 161 167 171 174 179
24 118 120 122 126 128 136 139 141 149 152 156 157 161 162 168 169 170 171 173 175 176 177 179 180
17 121 130 133 136 144 145 147 157 158 159 161 165 166 167 170 179 180
42 118 119 121 122 123 124 126 127 128 129 131 132 133 134 136 138 139 144 145 151 152 154 155 156 157 158 159 160 161 163 166 167 168 169 170 171 172 173 174 176 179 181
21 117 118 123 125 134 140 144 145 146 153 155 160 161 165 168 169 172 174 176 179 181
19 120 122 125 128 149 150 153 154 155 160 161 162 163 165 167 169 176 177 178
15 118 124 128 133 134 140 147 158 161 164 168 170 172 175 181
39 118 119 121 123 124 125 127 129 130 133 134 136 138 139 142 145 147 148 151 152 153 155 157 158 159 160 162 163 167 168 170 171 172 174 175 177 178 180 181
31 117 118 119 121 122 123 126 127 130 135 136 139 140 141 144 146 147 148 151 152 156 159 162 166 167 169 171 174 177 178 179
18 117 118 124 126 127 129 131 132 140 146 149 155 157 161 165 166 170 175
18 119 126 129 130 132 136 146 148 149 153 155 156 165 171 174 176 179 181
11 117 129 130 131 133 134 135 148 163 164 166
28 117 120 121 122 123 125 128 135 137 144 145 146 147 149 150 152 154 155 158 161 165 167 169 170 173 178 179 180
26 117 120 122 126 128 131 132 135 137 140 141 143 144 146 149 150 154 156 161 164 165 166 169 173 176 179
8 146 150 156 170 173 176 178 181
11 120 123 127 129 133 134 148 155 156 172 175
15 118 119 121 122 126 130 133 141 144 148 161 162 163 167 179
13 124 132 133 134 135 142 144 145 156 157 169 170 171
12 127 129 130 135 141 143 147 149 154 171 175 180
22 120 125 126 127 128 129 130 133 141 146 147 149 150 157 158 159 167 169 173 174 178 180
39 117 118 119 120 122 123 124 125 128 129 131 132 134 135 137 138 139 140 141 142 143 146 148 149 150 151 154 155 156 160 162 164 168 169 172 174 176 177 181
12 117 118 125 134 140 144 145 153 155 165 176 181
7 124 125 127 138 145 159 172
19 117 118 120 121 124 130 133 137 138 139 140 150 154 156 160 167 170 171 177
10 125 147 159 162 166 167 172 174 178 179
6 123 129 133 134 148 156
9 121 122 138 139 142 151 162 163 177
20 135 136 137 138 141 142 143 144 151 156 159 162 163 164 168 169 173 177 179 181
17 117 118 119 121 122 126 127 139 140 141 144 148 151 162 169 171 174
14 121 125 139 146 149 150 152 158 160 169 170 173 174 179
11 118 123 130 132 134 140 148 156 170 175 181
13 117 119 123 124 126 129 130 131 135 142 153 178 179
14 120 122 125 149 154 155 160 161 162 165 167 169 176 178
7 122 136 151 161 164 171 172
20 117 120 125 135 137 140 142 143 146 147 148 150 153 162 164 165 175 177 178 180
16 117 120 140 141 142 143 146 147 150 153 162 164 175 177 178 180
18 118 122 123 126 130 134 135 143 145 146 147 148 149 150 151 159 163 180
6 130 137 153 154 155 162
5 122 137 153 162 166
16 131 136 137 142 157 158 161 162 167 168 170 172 173 174 175 177
9 117 123 134 143 157 165 167 168 171
15 120 122 125 149 150 153 154 161 162 163 165 167 169 176 177
29 120 125 128 131 132 133 134 137 138 142 143 145 149 150 153 154 155 157 158 160 161 163 164 168 170 172 173 180 181
13 119 131 133 135 139 142 144 146 152 159 168 173 174
8 117 138 139 145 148 153 175 177
9 120 121 122 138 142 162 166 170 177
12 117 121 127 140 145 150 151 158 167 168 175 177
10 130 144 158 159 161 166 167 170 179 180
14 136 137 138 141 144 156 159 167 168 169 173 174 179 181
18 119 122 123 126 128 129 132 144 146 147 152 157 158 161 168 176 179 180
14 120 122 126 128 139 141 149 152 162 171 173 176 177 179
12 117 124 126 131 140 146 149 155 157 166 170 175
12 117 121 125 127 140 145 151 162 167 169 173 175
9 126 133 134 157 165 167 171 176 178
24 117 118 119 123 126 127 130 135 139 141 144 146 147 148 152 156 159 166 169 171 174 177 178 179
9 126 136 140 142 159 160 164 174 176
15 121 123 125 126 129 130 133 141 143 147 150 157 158 168 174
21 119 122 123 128 129 132 135 143 144 146 147 151 152 158 161 165 166 176 178 179 180
28 118 119 124 125 127 130 136 138 139 142 145 147 148 151 152 153 155 157 158 160 163 167 168 170 171 172 178 180
16 117 120 123 127 129 131 139 148 150 158 160 161 163 164 177 181
28 117 120 121 122 123 125 126 132 133 135 136 139 140 147 150 151 152 153 155 156 157 163 164 167 171 175 180 181
8 117 126 131 132 135 157 166 177
22 118 119 124 127 128 129 137 138 143 144 145 154 159 160 165 166 168 169 170 172 177 179
26 117 120 121 122 123 125 131 133 134 135 136 139 140 141 146 147 150 151 152 156 162 164 167 171 175 181
9 118 140 152 160 163 165 166 170 181
14 118 119 136 137 140 141 146 151 152 153 165 168 176 180
4 146 150 170 178
34 118 119 121 122 124 125 126 128 130 132 135 136 139 140 142 143 145 147 151 158 159 161 162 163 164 166 167 168 170 171 174 176 177 181
24 121 125 129 130 132 134 140 141 143 144 145 149 151 152 160 163 164 166 168 169 172 175 177 180
23 117 120 121 124 125 127 134 136 140 141 145 146 148 149 154 155 159 161 163 171 174 176 177
7 118 124 140 158 161 170 181
22 117 120 122 128 131 132 135 137 140 141 143 144 146 150 154 161 164 165 166 173 176 179
11 124 133 134 135 142 144 156 157 169 170 171
6 146 150 156 170 173 181
39 117 119 121 122 125 128 130 131 132 135 136 137 139 140 141 142 144 145 147 150 151 152 153 157 158 159 160 161 162 163 169 170 174 176 177 178 179 180 181
25 117 121 122 125 133 134 135 139 140 141 146 147 150 151 152 153 155 156 157 162 163 167 171 175 181
11 133 140 141 146 152 155 163 172 177 180 181
6 117 130 131 133 134 163
16 124 127 130 138 139 141 143 148 151 153 156 157 162 163 166 172
15 117 119 128 138 140 141 152 153 156 165 166 169 171 176 178
6 120 127 133 134 148 172
12 129 131 135 138 140 147 150 155 160 168 173 175
13 119 124 127 132 133 138 141 143 153 163 171 172 181
8 126 128 136 137 148 152 158 164
25 121 122 124 125 131 134 141 143 145 146 148 149 150 153 154 155 159 161 164 171 174 175 176 177 181
11 119 127 139 142 144 159 168 173 174 179 180
11 117 123 131 132 135 142 143 157 160 167 177
18 120 125 129 131 132 136 137 142 158 161 162 167 168 170 174 175 177 181
15 118 119 128 136 137 140 146 151 152 153 155 168 173 176 180
13 118 124 128 133 134 140 147 158 164 168 172 175 181
1 173
15 119 129 130 132 136 146 148 149 155 156 171 174 176 179 181
10 117 123 126 133 134 143 159 165 167 171
16 120 125 131 132 136 137 142 158 162 167 170 172 173 174 175 181
15 119 126 129 130 132 136 146 148 153 155 156 165 176 179 181
18 122 138 139 140 142 143 144 147 153 154 156 160 163 164 166 169 170 181
12 119 120 121 122 139 142 151 159 163 166 170 177
14 119 127 133 139 145 146 151 152 159 164 168 171 173 174
7 122 128 132 136 139 148 164
1 173
18 118 120 122 126 128 136 141 149 152 156 157 169 170 171 173 175 176 180
13 118 120 122 128 141 161 162 168 170 171 176 177 180
6 131 136 151 161 171 172
6 122 131 136 161 171 172
26 120 121 127 128 132 133 134 136 137 140 142 146 152 156 157 158 159 160 162 163 166 168 172 176 178 180
7 121 123 134 140 148 156 170
16 119 123 125 126 129 130 131 135 138 142 143 151 153 168 175 178
20 117 121 122 124 125 127 131 133 134 140 141 145 146 148 149 159 171 174 175 177
10 118 126 129 131 134 136 142 159 160 174
10 117 118 127 131 132 140 149 165 170 175
18 119 123 126 132 143 144 146 147 152 157 164 165 166 169 176 178 179 180
14 136 138 139 141 144 148 149 150 151 156 162 169 171 174
12 118 120 136 139 141 157 161 162 169 170 171 176
16 127 131 133 135 142 144 145 146 151 152 159 164 168 171 174 180
16 120 133 134 135 137 138 139 141 143 147 152 154 157 161 163 166
22 120 122 123 124 133 134 135 137 138 139 141 142 143 144 147 152 154 157 159 163 166 170
8 118 129 131 134 136 142 159 160
17 117 120 125 130 135 141 146 147 148 149 150 162 164 165 175 177 178
17 121 123 132 142 143 144 147 150 151 154 155 158 160 165 167 174 181
7 121 122 134 145 147 148 158
4 122 155 156 177
14 118 123 125 134 144 145 146 153 155 160 169 172 174 176
13 118 120 127 128 131 137 138 145 148 150 154 173 179
17 117 125 127 128 131 140 145 150 158 160 162 164 167 168 169 175 177
12 133 141 146 147 152 155 162 163 167 177 180 181
11 118 119 137 152 154 160 163 165 166 170 181
4 122 156 163 177
15 119 121 122 125 127 129 130 137 145 146 165 173 176 178 180
10 133 141 147 152 155 167 172 174 177 181
7 126 131 132 135 143 157 177
12 124 127 132 140 141 142 145 147 163 164 175 180
7 129 130 131 134 135 163 164
18 125 129 131 132 137 142 157 158 161 162 167 168 170 172 173 175 177 181
17 118 124 130 137 138 144 145 148 149 158 159 161 169 173 174 177 179
16 117 118 126 127 129 131 132 140 146 149 155 161 165 166 170 175
9 117 131 133 137 145 152 155 159 162
20 119 135 136 138 139 144 146 148 149 150 151 158 160 161 169 170 172 173 174 179
4 122 136 151 172
20 117 127 131 134 140 141 143 145 148 149 150 153 155 159 163 164 171 174 175 177
29 119 129 130 135 136 139 140 141 144 146 147 149 153 158 159 160 162 165 166 167 169 170 171 174 175 176 178 180 181
11 118 124 133 140 147 158 161 164 168 172 181
21 120 121 123 124 125 127 129 130 133 143 146 149 150 155 157 162 167 168 169 173 174
8 119 121 122 148 161 162 163 167
21 117 120 122 126 131 132 135 137 140 141 143 144 150 154 161 164 165 169 173 176 179
4 146 156 176 181
10 117 119 130 131 145 152 155 159 162 171
9 119 140 144 152 154 160 166 176 181
8 129 130 131 134 148 163 164 166
21 118 119 124 127 128 137 138 142 144 148 149 160 165 166 168 169 174 176 177 178 179
10 117 120 126 131 135 142 157 160 166 167
26 121 132 133 135 137 139 141 142 146 147 152 156 157 158 159 160 162 163 164 167 168 172 175 176 178 180
18 117 120 121 123 129 130 131 138 139 143 149 158 160 161 164 175 177 181
24 117 118 119 122 126 127 130 136 139 140 141 144 147 148 152 156 162 166 167 171 174 177 178 179
10 119 125 127 129 137 145 146 152 173 176
19 120 123 124 134 137 138 139 142 143 144 147 152 154 157 159 161 163 166 180
8 118 123 142 148 153 159 171 174
17 135 136 138 141 143 151 156 159 162 163 164 167 168 169 174 177 179
15 122 133 134 138 142 143 147 152 154 159 163 166 170 178 180
14 119 121 136 138 139 146 149 151 152 158 160 161 172 173
13 120 127 134 145 149 150 154 157 158 159 160 166 171
9 130 133 141 149 156 171 175 178 180
18 118 121 124 127 128 129 136 148 149 150 157 161 165 168 172 175 177 178
11 118 126 129 134 140 142 159 160 164 174 176
38 117 118 119 120 122 124 125 126 127 128 129 131 132 134 135 138 139 140 141 143 146 149 150 151 152 154 155 156 160 162 164 168 169 171 174 175 178 181
10 118 122 123 127 136 142 153 167 171 174
7 124 125 127 137 138 145 172
13 117 120 126 128 131 132 135 137 141 149 154 169 179
19 134 135 138 140 144 146 147 151 153 156 163 164 166 167 173 174 176 179 181
11 124 132 134 135 142 144 145 156 157 170 171
8 123 128 133 143 157 167 171 176
7 125 126 130 131 133 137 171
32 119 120 124 125 126 128 132 135 137 139 140 143 144 145 147 149 151 154 155 157 158 160 162 163 164 166 168 169 172 175 177 180
13 119 123 132 142 143 144 146 147 153 154 155 160 174
28 117 120 122 126 131 132 133 134 136 139 140 141 146 147 150 151 152 153 155 156 157 163 164 167 171 175 180 181
17 119 131 135 139 142 145 151 152 158 159 164 168 171 173 174 179 180
13 118 120 127 134 145 150 154 158 159 160 165 166 176
10 117 132 134 135 138 145 148 153 175 177
19 118 126 128 136 139 141 149 156 157 161 168 169 170 173 175 176 177 179 180
17 117 120 125 130 135 140 142 143 147 148 149 153 162 175 177 178 180
24 120 121 123 124 126 127 128 129 130 133 143 147 149 150 155 157 158 159 162 168 169 174 178 180
25 117 121 122 125 126 131 132 134 136 139 141 146 147 151 152 153 155 157 162 163 164 167 171 180 181
15 119 121 122 125 127 130 137 145 146 152 165 173 178 179 180
26 117 120 121 122 124 125 127 131 133 140 145 146 148 149 150 153 154 159 161 163 164 171 175 176 177 181
6 119 130 139 152 171 172
14 119 122 124 130 131 144 145 148 151 155 165 173 174 181
14 117 118 126 129 132 140 146 149 155 157 161 165 170 175
6 137 138 140 145 159 172
10 125 130 131 132 133 137 152 159 162 171
12 121 143 147 150 151 153 155 160 165 174 178 181
4 131 151 161 172
15 124 127 132 138 139 143 148 151 153 156 163 166 168 177 181
42 117 118 119 121 122 126 128 130 132 135 136 138 139 140 141 142 145 146 151 152 153 154 157 158 159 161 162 163 164 166 167 168 169 170 171 174 176 177 178 179 180 181
7 120 127 133 148 156 172 175
21 118 121 122 123 124 126 127 134 135 139 143 145 146 147 149 150 151 154 159 163 180
8 126 136 137 141 147 157 166 172
10 117 118 123 133 136 142 153 159 167 179
6 117 130 133 135 148 163
9 117 119 125 130 131 137 155 159 171
13 117 124 127 131 132 140 146 149 157 161 165 166 170
34 118 119 123 125 127 129 133 134 136 138 139 142 145 147 148 151 152 153 157 158 159 160 162 163 168 170 171 172 174 175 177 178 180 181
10 120 122 125 149 153 165 167 176 177 178
21 118 126 132 135 137 139 142 144 147 151 152 156 157 160 165 166 167 169 170 173 180
7 117 139 142 145 148 153 177
12 118 120 127 128 131 138 148 150 151 168 172 173
7 117 122 123 155 156 161 177
8 123 124 132 134 140 148 156 175
16 136 138 139 144 148 149 151 153 154 156 159 162 163 169 171 174
6 122 130 137 153 156 162
13 127 131 133 142 151 152 158 159 164 171 173 179 180
9 127 133 141 149 154 156 171 178 180
4 122 128 136 164
20 119 126 128 132 135 137 139 142 144 147 151 152 157 158 160 166 167 168 169 173
16 118 121 123 124 127 128 129 141 149 150 157 161 165 168 177 178
1 173
7 129 130 131 133 148 164 166
22 117 120 122 126 128 131 132 135 137 140 141 143 144 149 150 154 161 164 165 173 176 179
9 118 120 129 141 142 147 175 177 180
26 117 118 119 121 122 123 126 127 130 135 136 139 140 144 146 148 152 156 159 162 166 169 171 174 178 179
23 117 120 122 128 131 132 135 137 140 141 144 146 149 150 154 156 161 164 165 166 169 176 179
8 119 121 126 133 144 148 161 162
16 121 123 129 130 139 143 148 149 150 158 161 163 164 175 177 181
9 124 132 133 135 142 145 156 157 169
9 124 132 135 142 144 156 157 170 171
7 119 130 152 153 160 171 178
9 130 146 149 153 155 156 171 174 181
21 117 120 121 122 125 131 134 136 140 143 146 148 149 150 154 155 161 163 171 176 177
17 121 122 123 125 131 132 139 140 146 147 150 155 156 162 171 180 181
9 124 128 134 140 158 161 164 170 175
10 128 131 132 136 137 157 158 164 167 173
26 118 119 121 124 127 133 134 136 138 139 145 147 148 155 158 159 160 170 171 172 174 175 177 178 180 181
8 121 122 123 134 145 148 154 158
10 119 130 139 150 152 160 171 172 178 180
8 122 130 131 153 154 155 156 166
12 119 126 130 146 148 149 153 155 156 171 174 176
34 119 121 124 125 126 129 130 132 133 136 139 140 141 144 146 147 149 152 153 158 159 160 164 165 166 167 169 170 171 174 175 176 178 180
11 123 126 129 130 138 142 151 153 156 173 175
17 118 120 121 123 124 127 128 129 141 148 149 157 161 165 168 172 177
16 117 119 128 140 141 152 153 155 156 160 165 169 171 176 178 179
27 119 121 126 130 132 135 136 140 142 143 144 146 149 152 158 159 160 162 164 166 167 169 170 174 175 178 181
8 124 132 135 144 145 156 157 169
8 117 130 131 134 148 163 164 166
20 122 135 138 142 143 144 146 147 154 156 160 163 164 166 170 173 174 176 179 180
17 121 123 132 142 143 146 147 150 151 154 155 158 160 165 167 174 178
12 117 120 123 126 131 135 142 143 157 160 166 177
12 124 128 131 132 136 148 150 152 157 158 164 167
17 117 119 122 126 127 130 135 140 144 146 147 159 162 167 169 174 177
7 124 126 128 132 136 148 164
6 122 123 134 147 154 158
5 146 150 170 176 181
11 120 123 131 132 135 142 157 160 166 167 177
11 117 124 126 127 131 132 161 165 166 170 175
17 119 127 132 133 139 151 153 156 157 162 163 166 168 171 175 177 181
9 117 119 130 132 145 155 159 162 171
26 117 118 120 121 124 127 130 131 133 134 137 138 139 140 141 142 149 150 153 160 163 167 172 174 177 181
8 122 130 131 154 155 156 162 166
18 117 118 127 134 137 138 141 142 145 148 150 153 154 155 170 174 177 181
20 118 119 124 127 129 130 138 142 143 144 145 158 160 168 170 172 174 176 177 178
10 117 136 137 138 141 143 147 157 166 172
23 119 123 126 129 132 135 143 144 146 147 151 152 159 161 162 164 165 166 168 169 176 178 180
8 119 121 122 138 151 159 162 170
36 118 120 121 123 128 133 134 135 136 137 138 139 140 141 142 147 152 153 154 156 157 158 160 161 162 163 164 166 167 168 171 172 175 176 178 180
5 156 170 176 178 181
22 117 123 127 128 134 142 143 145 146 149 151 153 154 164 166 169 170 174 176 178 180 181
6 146 150 170 176 178 181
20 119 121 124 126 130 134 140 141 145 149 151 152 154 157 158 164 166 168 169 180
16 120 123 127 128 132 136 137 139 143 149 151 152 169 170 174 178
7 125 130 150 152 153 160 171
14 126 131 132 135 140 141 143 146 150 154 161 166 176 179
15 136 138 139 141 149 150 151 153 154 156 159 162 163 169 174
10 124 126 128 132 136 148 158 164 167 173
22 120 121 126 129 130 132 134 139 141 143 145 147 149 151 154 157 160 164 169 172 175 177
12 124 131 132 136 148 150 152 157 158 164 167 173
17 119 121 125 136 138 139 148 149 150 151 152 161 169 170 172 173 174
12 126 128 131 132 136 137 148 150 152 157 158 167
36 117 118 119 120 122 123 125 126 127 128 129 131 134 135 138 139 140 141 146 148 149 150 152 153 154 155 156 160 168 169 172 173 176 177 178 181
8 121 122 130 133 148 161 162 167
10 130 133 135 141 147 149 154 171 175 180
18 117 122 126 131 132 137 140 141 143 146 150 154 156 164 169 173 176 179
19 120 136 138 141 142 144 151 159 162 163 164 167 168 169 173 174 177 179 181
10 119 125 130 139 152 153 160 172 178 180
6 124 132 142 144 145 170
12 118 127 131 138 145 148 151 154 168 172 173 179
9 124 132 133 135 142 145 156 157 171
7 130 134 135 148 163 164 166
8 130 133 144 158 159 167 170 180
9 133 137 141 146 152 155 163 167 181
21 120 121 123 125 135 137 147 149 150 152 154 155 158 161 165 167 170 173 178 179 180
7 131 136 151 161 164 171 172
9 118 126 136 140 142 159 160 164 174
14 137 140 141 144 147 152 155 162 163 167 172 174 177 181
7 117 122 123 156 161 163 177
12 124 125 126 130 143 145 149 151 155 174 177 181
19 118 120 128 136 139 141 149 152 156 157 161 162 168 169 170 171 173 176 180
4 146 156 176 178
8 126 129 131 136 140 159 164 174
22 120 122 126 128 132 135 137 140 143 144 146 149 150 154 156 161 164 165 169 173 176 179
20 121 122 124 126 130 133 134 135 139 143 145 147 148 149 150 151 159 163 164 180
7 123 130 134 140 148 175 181
24 120 124 127 130 131 133 134 136 137 139 140 145 148 149 150 154 156 160 163 167 172 175 177 181
11 124 132 134 135 144 145 156 157 169 170 171
15 119 126 129 132 136 146 148 149 153 156 165 171 174 176 179
12 124 126 128 132 136 148 150 152 157 158 164 167
8 117 123 128 133 143 157 171 178
22 118 119 129 132 135 137 138 142 144 147 151 152 156 157 158 165 167 169 172 173 179 180
7 118 130 132 134 140 156 181
28 120 124 125 132 134 137 138 142 143 145 149 150 154 155 157 158 160 161 163 164 165 168 170 172 175 176 180 181
18 118 121 122 123 126 127 130 133 134 135 139 143 147 149 150 151 154 180
11 136 139 148 151 154 155 156 159 163 169 171
9 122 125 147 154 159 162 167 172 179
11 119 137 140 144 152 160 163 165 170 176 181
16 136 138 139 141 144 148 149 150 151 153 154 155 159 162 169 171
19 134 135 138 143 144 146 147 151 154 156 158 163 164 167 174 176 179 180 181
15 120 123 124 125 126 128 130 133 147 150 155 159 167 168 173
24 121 122 126 127 128 129 131 132 133 136 138 144 151 152 154 156 159 160 161 166 168 171 172 176
16 119 129 137 142 143 145 148 149 160 161 165 169 170 172 176 179
9 119 121 122 130 137 145 146 152 173
12 118 124 126 127 129 132 140 146 149 161 165 175
21 120 123 125 126 131 134 135 136 140 141 142 143 144 149 153 156 161 164 166 179 180
32 118 120 121 124 125 130 133 134 135 140 142 143 144 145 146 147 148 149 150 158 159 161 166 170 171 174 175 176 178 179 180 181
40 117 118 119 121 122 128 129 130 132 133 134 135 138 140 141 142 146 147 148 152 155 158 160 162 163 164 165 167 168 169 171 172 174 175 176 177 178 179 180 181
23 121 127 128 129 130 132 133 135 136 141 143 146 150 154 156 159 164 172 173 174 175 179 181
38 117 118 121 122 123 127 131 133 134 135 136 139 140 141 143 146 147 148 149 150 151 154 155 157 161 162 164 166 169 170 171 172 173 174 177 178 179 180
27 117 120 123 125 129 130 131 134 137 139 140 149 151 157 158 160 163 164 166 167 168 170 171 173 178 180 181
21 118 125 126 129 133 134 136 143 149 150 155 156 157 165 167 170 171 172 174 175 179
34 119 120 121 125 128 129 131 134 135 137 140 141 144 146 150 151 153 155 156 157 159 161 162 163 164 165 166 167 169 170 176 178 179 181
32 119 120 121 122 124 125 126 127 137 139 141 146 151 152 154 155 156 158 159 163 164 166 167 168 169 173 175 176 177 178 179 181
37 120 121 122 123 125 126 127 128 129 130 131 132 133 134 136 137 142 145 146 147 149 155 157 158 160 162 164 165 169 170 171 172 173 174 175 177 179
22 119 121 122 125 127 128 129 130 134 139 141 144 152 153 155 158 162 163 164 171 175 181
26 118 119 121 124 127 129 131 133 135 136 141 142 143 144 148 149 150 151 152 159 160 168 172 174 175 176
27 117 118 119 120 121 123 124 125 127 129 132 133 135 137 138 141 150 152 157 158 159 162 166 167 171 177 179
40 117 118 119 121 123 125 126 131 132 133 134 137 138 140 141 142 143 144 146 147 148 153 155 156 160 161 162 163 164 165 167 169 170 174 175 176 177 178 179 181
33 117 118 119 121 125 126 128 129 131 133 134 139 140 141 147 149 151 152 154 156 159 160 161 162 163 166 167 169 170 171 172 179 181
45 117 118 119 120 122 123 124 126 127 128 129 130 131 136 137 138 141 142 143 144 145 146 147 148 149 150 151 152 153 154 156 159 162 164 165 166 167 169 170 171 174 175 177 178 179
32 118 120 122 124 127 128 132 134 136 137 139 140 142 144 145 149 152 153 154 155 156 157 159 165 167 168 170 171 174 175 178 179
36 122 123 124 125 126 127 130 132 133 134 135 136 138 140 141 144 145 146 148 149 150 152 153 156 159 160 162 163 165 166 169 170 175 177 178 181
28 119 120 122 124 126 127 128 130 132 141 143 144 145 151 156 158 159 161 162 163 164 166 167 168 174 175 178 180
25 119 121 122 123 125 126 130 134 137 141 142 145 147 150 152 153 156 160 162 163 167 169 174 176 179
40 119 120 121 123 124 125 127 129 130 131 133 135 136 138 140 142 143 144 145 146 147 149 152 153 154 158 160 162 164 165 167 168 170 171 172 174 176 177 179 180
25 125 127 128 135 136 145 146 148 149 151 152 154 155 159 161 163 164 165 166 168 172 175 176 179 181
36 118 119 120 121 122 123 124 126 127 130 132 133 134 136 137 140 142 144 146 147 148 150 156 157 159 167 168 169 170 172 173 174 176 177 179 180
44 118 121 123 126 127 129 131 133 136 138 141 142 143 144 145 146 147 148 149 150 151 152 153 154 155 156 157 158 159 160 162 163 164 166 168 169 170 172 173 176 177 178 180 181
28 118 119 124 125 126 132 134 136 140 141 144 146 148 150 151 154 156 157 159 166 168 169 172 173 174 177 178 179
34 117 119 120 121 122 123 125 126 129 130 132 137 138 139 142 144 149 150 152 154 157 159 161 162 164 166 168 170 173 175 177 178 179 180
31 117 118 119 121 123 124 125 127 138 140 141 142 144 148 149 150 151 153 155 156 159 162 166 169 171 172 174 175 176 178 179
37 117 119 122 123 124 125 126 127 129 130 131 132 133 134 138 140 144 145 146 147 148 151 153 156 157 160 162 163 165 167 173 174 175 176 177 179 181
43 118 119 120 121 123 126 128 129 130 132 134 138 139 141 142 143 146 147 150 151 152 153 154 155 156 158 160 161 164 165 166 167 168 169 170 171 172 175 176 178 179 180 181
33 117 119 122 123 124 128 130 132 134 136 137 138 140 142 145 147 148 151 152 153 154 155 156 159 160 162 164 167 168 171 172 177 181
42 117 119 120 121 122 123 124 127 128 130 132 135 136 137 139 140 142 144 148 151 152 153 154 155 157 158 159 160 161 162 164 166 167 168 170 171 172 173 174 176 178 179
34 117 118 119 121 124 125 126 130 131 132 134 135 136 138 141 142 144 147 149 151 155 157 158 159 160 163 165 166 167 168 171 173 180 181
30 117 122 123 124 126 128 129 130 133 134 135 136 137 139 142 143 144 147 150 153 154 156 159 160 161 165 166 169 176 179
38 117 118 120 123 124 127 128 130 131 139 140 141 142 144 145 147 151 152 154 155 156 158 159 160 162 164 165 166 167 169 170 171 174 175 176 178 179 181
35 117 118 128 130 133 135 137 138 139 143 144 145 146 148 151 153 154 156 157 159 160 161 162 165 166 167 169 173 174 175 176 177 178 180 181
42 119 122 123 125 127 128 129 131 132 134 135 137 138 140 141 142 143 144 145 146 147 148 149 152 153 157 158 159 161 163 164 166 168 170 171 172 173 175 176 178 179 181
35 120 121 123 124 125 126 127 130 131 132 133 135 136 139 144 145 146 147 148 149 150 153 161 162 163 164 165 167 168 170 174 175 176 177 179
32 118 119 127 129 131 132 133 135 137 138 140 143 144 146 147 148 149 151 155 157 158 160 161 162 163 164 167 168 169 179 180 181
34 118 119 125 127 128 129 131 133 134 136 137 138 139 140 141 143 145 148 149 151 155 156 157 158 159 161 163 165 168 169 170 171 173 174
34 117 118 120 122 123 127 129 130 131 132 133 136 137 141 143 144 147 152 153 154 157 158 161 165 166 168 170 172 175 176 178 179 180 181
41 118 119 124 126 127 128 131 134 136 138 139 140 142 143 145 148 149 151 152 153 154 155 156 157 159 160 161 162 163 165 166 167 169 171 173 174 175 176 177 178 180
41 120 122 123 124 125 126 127 129 130 131 132 133 134 135 136 137 140 142 144 145 147 149 150 151 153 154 155 156 157 160 163 164 165 166 169 173 174 176 178 179 181
38 118 119 121 122 124 125 126 127 130 131 133 134 135 138 139 140 141 144 146 150 151 152 153 154 156 158 162 163 165 166 169 171 173 174 175 176 179 180
38 119 121 122 123 125 127 128 129 130 132 133 135 137 138 139 140 141 142 143 144 145 148 153 154 155 158 161 162 165 166 170 171 172 174 175 176 178 181
45 117 119 120 121 122 123 124 125 126 127 128 130 131 132 133 135 137 138 139 140 141 142 144 145 147 148 150 151 154 156 157 158 159 161 163 166 167 168 171 174 175 177 178 179 181
36 118 121 122 123 124 129 132 133 134 135 137 139 140 142 143 145 146 147 149 150 152 153 157 159 160 162 163 164 165 167 169 171 172 177 179 181
34 117 122 125 126 128 129 130 131 132 134 135 136 137 142 143 144 145 149 150 151 153 154 155 156 160 164 165 166 167 169 170 175 179 181
40 118 120 121 122 123 125 128 129 130 131 132 136 137 138 139 142 143 145 146 148 149 150 151 152 154 157 160 161 163 165 167 168 169 171 173 174 177 178 179 180
27 117 122 124 128 129 133 136 139 142 143 145 149 150 151 153 154 155 156 157 158 159 172 173 174 175 179 180
44 117 119 121 122 124 125 126 128 129 130 134 136 137 138 139 141 145 146 147 148 150 152 153 155 156 157 158 160 162 163 166 167 168 169 170 171 172 173 174 175 176 177 179 181
27 118 123 129 130 133 134 135 137 139 146 147 149 150 151 153 154 157 159 162 163 166 168 170 173 174 175 178
25 127 128 129 130 131 134 136 137 139 144 147 149 154 156 161 162 164 165 166 173 175 176 178 179 181
24 118 120 121 124 128 132 133 136 139 140 142 149 152 153 155 156 165 166 174 175 176 177 178 181
21 119 121 122 124 127 129 132 133 134 139 144 150 151 163 166 172 174 175 177 178 180
27 119 120 122 126 129 131 135 139 141 143 149 151 156 157 159 160 165 168 169 170 171 172 173 175 176 177 179
44 117 119 120 121 123 124 125 126 127 128 130 132 133 134 135 136 137 138 141 142 143 145 146 152 157 158 159 160 162 163 165 166 167 168 170 171 172 173 174 175 176 179 180 181
19 123 124 130 132 139 140 145 146 149 151 155 156 159 164 165 168 173 178 180
25 119 120 122 123 126 127 128 130 133 139 141 142 145 146 153 156 160 164 166 169 170 171 172 174 179
25 121 122 124 125 128 130 132 137 142 143 144 148 150 152 153 156 163 171 172 173 174 175 178 179 181
27 117 118 120 125 130 131 134 135 137 139 140 141 144 146 153 154 156 158 159 162 164 167 168 170 175 177 178
31 118 121 125 127 129 133 135 136 138 139 140 141 142 143 144 147 149 158 159 161 162 165 166 168 172 173 174 175 177 178 179
33 117 122 123 128 129 130 132 134 135 136 142 145 146 147 148 151 152 154 156 158 160 161 163 165 167 170 171 172 173 174 176 179 180
37 117 120 121 123 127 128 129 131 132 135 136 137 138 140 144 145 147 148 151 153 156 157 159 160 162 163 164 165 166 169 171 172 173 174 175 180 181
38 117 118 120 123 125 129 134 135 138 139 141 143 144 146 147 148 149 151 153 154 156 157 158 161 163 165 166 167 168 169 170 171 173 176 177 179 180 181
38 117 120 122 125 127 128 129 134 135 136 138 139 141 142 143 144 146 147 149 150 151 152 153 154 156 160 162 163 164 167 168 170 172 175 177 178 179 181
38 117 118 119 120 122 124 125 126 129 131 132 133 134 135 136 137 138 140 141 142 143 145 146 147 148 151 155 163 165 166 168 170 171 174 176 177 178 181
31 118 119 123 124 127 133 139 140 142 143 144 146 147 150 151 152 153 154 160 163 164 166 167 169 170 171 172 174 175 176 181
33 117 119 120 121 122 129 130 131 134 135 137 140 141 145 148 149 151 153 154 156 159 161 162 163 165 169 171 176 177 178 179 180 181
31 118 123 125 130 132 133 134 135 136 140 141 142 144 145 148 149 154 155 156 159 161 162 163 165 166 168 170 176 177 178 179
19 117 118 124 125 126 127 133 139 148 149 151 155 156 159 163 165 172 173 176
45 118 119 121 122 123 124 125 126 127 128 130 131 132 133 134 135 136 137 138 140 141 142 144 150 152 153 154 157 158 159 160 161 162 165 167 168 169 171 172 175 176 177 179 180 181
37 117 120 121 122 123 125 126 127 128 132 134 135 137 138 141 142 143 145 148 149 151 153 155 156 159 160 161 162 165 167 169 173 176 177 178 179 181
38 117 119 123 124 126 128 130 131 132 133 135 137 139 140 141 143 144 145 146 147 149 153 157 159 163 164 165 166 167 168 169 170 172 175 176 178 180 181
36 117 118 120 122 123 124 125 126 127 128 130 133 134 139 141 142 143 144 146 148 149 150 154 156 162 163 165 168 169 170 171 172 173 175 178 179
39 117 120 121 124 125 126 128 131 135 136 138 139 141 142 143 144 146 147 151 152 154 156 157 159 162 164 165 166 168 169 171 172 173 174 175 176 177 178 180
41 117 120 121 122 126 127 129 130 132 133 136 137 140 141 142 143 144 145 147 148 150 152 153 154 155 156 158 160 161 162 164 165 166 170 172 174 177 178 179 180 181
42 117 118 120 121 122 123 124 125 126 127 128 129 130 132 133 135 136 137 140 141 143 144 145 146 149 150 152 155 158 159 160 166 167 168 169 170 171 172 173 174 179 181
33 121 126 127 128 129 134 137 138 140 142 143 145 148 149 150 152 153 154 155 157 158 159 161 162 165 168 169 171 173 174 177 178 180
20 117 119 121 128 131 134 140 141 145 148 149 151 152 154 158 159 161 164 165 166
31 117 122 126 127 128 129 130 131 133 134 136 138 139 142 146 148 149 150 151 154 155 156 160 161 162 163 164 166 170 171 180
24 117 122 123 126 129 130 132 135 141 144 145 146 147 153 154 160 162 169 174 175 177 178 179 180
28 120 122 125 127 128 129 134 136 140 142 144 149 150 151 154 155 156 157 159 161 166 168 171 173 174 176 180 181
37 118 120 121 122 124 125 126 127 128 129 130 133 134 136 137 138 139 141 146 147 152 153 155 157 158 161 162 166 168 170 171 173 174 175 179 180 181
39 117 121 122 123 124 126 127 128 129 134 135 136 137 138 139 140 141 143 146 147 151 152 154 156 157 158 162 164 165 166 167 168 170 171 172 173 174 178 181
23 118 120 123 124 131 134 137 139 140 153 155 157 160 165 166 169 170 171 174 175 176 178 179
40 117 118 122 123 124 126 130 131 133 134 135 137 140 141 142 144 145 146 148 149 150 151 152 153 155 156 157 158 159 160 161 164 166 167 169 170 171 174 175 178
41 117 118 120 121 122 124 127 128 129 130 133 136 138 139 140 142 143 145 146 147 150 151 152 153 154 155 156 157 158 162 163 166 168 169 171 173 174 176 177 178 180
24 119 122 126 127 131 133 135 136 138 140 141 142 147 154 155 160 161 166 168 171 174 177 180 181
41 117 118 119 120 121 122 123 124 125 126 127 130 132 133 134 136 137 138 139 140 145 147 152 153 156 159 160 162 164 165 166 167 169 170 171 172 174 175 177 179 180
23 119 121 130 131 133 140 142 145 147 148 149 150 152 153 154 156 158 159 161 168 169 171 179
39 120 121 122 123 124 126 127 128 129 130 131 132 133 135 136 139 140 141 143 146 147 148 149 150 151 152 154 155 163 164 165 167 168 171 174 175 176 180 181
32 117 121 122 124 126 128 129 133 136 137 142 143 145 146 147 148 149 152 154 156 157 159 162 163 166 170 172 174 175 176 178 179
20 118 121 123 126 127 130 133 136 144 145 146 147 149 158 161 165 168 177 179 180
24 117 119 120 121 122 127 128 132 134 137 139 142 154 156 157 164 165 168 169 170 171 174 175 181
36 121 123 124 125 127 128 129 130 131 135 136 137 138 140 141 144 147 149 152 154 155 156 158 159 160 161 164 165 167 170 171 172 175 176 177 179
44 117 118 121 122 124 125 126 127 128 129 130 131 133 134 137 141 143 144 145 148 149 154 156 157 158 159 160 161 163 164 165 166 167 169 170 172 173 175 176 177 178 179 180 181
22 120 121 126 130 135 138 139 142 144 147 150 151 153 154 164 165 172 174 175 179 180 181
25 117 122 126 128 132 134 139 147 148 150 154 155 157 158 159 160 163 166 170 172 173 175 176 177 179
25 119 121 122 123 124 125 126 128 129 133 135 137 139 140 142 149 150 153 156 157 159 161 164 168 175
24 117 119 122 123 124 125 129 130 131 135 138 140 141 143 148 156 157 158 160 164 171 178 180 181
22 120 122 123 124 126 134 135 145 151 153 156 158 161 164 165 166 167 168 169 174 177 180
28 118 121 122 124 126 128 131 134 137 141 142 144 147 148 153 154 158 159 162 163 164 168 170 172 174 176 178 180
28 117 121 123 127 128 131 133 137 138 139 142 143 144 145 148 149 150 158 159 160 162 164 167 173 176 178 179 181
44 117 118 119 120 122 123 124 125 127 129 130 131 132 135 136 137 139 141 142 143 144 145 148 149 150 151 152 154 156 157 158 159 160 162 165 167 170 171 172 173 174 177 178 181
29 117 119 120 122 123 125 128 130 137 139 140 141 142 143 150 154 155 156 158 163 164 165 166 167 170 172 175 176 180
33 119 120 122 123 124 125 128 130 133 135 144 145 147 148 149 150 151 152 156 158 161 164 167 168 171 172 173 174 175 177 178 179 180
40 118 119 120 121 124 126 127 128 129 130 133 134 135 136 137 142 143 145 147 148 149 150 152 153 156 157 159 160 161 162 166 167 168 170 171 175 177 178 180 181
30 117 118 120 121 122 124 125 126 127 128 132 135 136 137 139 140 141 147 148 153 157 158 160 165 169 172 174 175 177 178
42 118 119 121 122 124 126 127 133 134 135 136 137 138 139 140 144 145 146 148 149 150 152 153 154 155 157 158 159 160 161 163 164 166 167 168 170 172 174 175 176 179 180
20 117 118 119 126 129 131 135 138 142 144 148 150 154 163 164 166 167 171 178 179
25 125 127 129 132 138 139 140 141 146 147 150 151 152 155 158 160 161 165 166 167 168 173 175 177 179
37 117 119 121 122 126 127 128 129 132 133 135 136 138 139 144 147 149 150 151 152 155 158 161 162 165 166 168 169 170 171 172 174 176 177 178 179 180
21 118 121 123 124 129 131 137 139 140 144 146 156 157 159 161 166 171 172 173 175 178
25 117 120 121 122 123 125 128 133 135 136 137 138 140 146 151 153 154 156 157 158 162 164 169 172 179
44 117 118 119 121 124 126 129 130 131 132 134 135 137 138 139 140 141 142 143 144 145 148 149 150 151 154 155 157 158 159 160 162 164 165 166 168 169 170 172 173 175 177 178 180
26 118 120 122 124 127 131 133 135 137 138 143 144 146 147 148 150 152 160 163 164 168 170 171 172 178 180
32 118 122 123 125 127 128 129 132 135 136 137 139 142 144 145 146 147 151 153 155 156 160 161 165 166 168 171 174 175 177 178 179
32 117 122 125 126 130 131 138 139 141 142 145 147 148 149 151 152 153 155 161 163 165 169 170 171 172 173 174 175 176 177 178 180
45 117 118 122 124 125 130 131 132 133 136 137 138 139 140 141 142 143 144 145 146 147 148 150 152 153 154 155 156 158 159 161 163 164 165 166 167 168 169 171 172 176 177 178 180 181
28 120 125 130 131 132 135 136 137 138 146 148 151 152 154 156 159 160 161 162 163 166 168 169 173 174 175 178 180
30 117 118 121 122 127 128 129 130 132 133 135 138 139 140 141 145 148 149 154 155 157 161 163 164 165 168 177 178 179 181
20 119 120 121 123 132 135 137 145 151 154 155 157 159 164 166 172 174 178 180 181
34 118 119 120 123 125 126 128 129 133 134 137 139 141 143 144 145 147 148 149 152 153 155 157 160 161 162 163 164 165 166 171 177 179 180
36 118 121 122 125 126 128 129 130 131 133 134 138 139 140 141 142 145 146 148 151 156 159 160 163 165 166 167 168 169 170 172 176 177 178 180 181
20 117 120 124 125 131 135 138 139 141 144 147 148 151 153 155 158 159 171 174 175
31 117 120 122 127 130 134 135 138 139 140 141 145 146 147 151 152 154 156 157 159 160 162 163 164 165 166 167 169 171 179 180
37 117 118 119 120 123 124 125 126 127 128 129 131 132 133 135 140 145 147 148 150 153 154 156 157 158 159 160 162 163 166 167 169 172 173 177 179 180
41 117 118 119 120 121 122 124 125 127 128 130 131 133 134 135 136 137 138 141 143 145 146 148 150 151 152 155 158 161 162 163 164 165 168 169 171 172 177 178 180 181
37 119 120 122 123 124 125 126 130 131 134 135 136 139 142 143 144 148 151 152 153 155 158 161 164 166 167 168 169 170 171 172 174 176 177 178 179 180
26 122 125 126 127 130 131 136 138 147 148 150 151 153 155 158 159 160 161 166 167 169 171 172 174 177 178
25 120 121 132 134 141 142 143 144 148 149 150 151 153 155 156 158 159 162 163 164 165 171 173 177 178
27 117 119 120 121 123 124 127 128 130 136 140 141 142 143 145 151 153 154 156 158 160 165 167 168 177 178 181
25 119 121 123 126 133 134 135 136 138 140 141 142 143 147 150 153 155 159 162 164 169 173 175 176 181
31 118 119 121 122 124 128 129 133 136 139 142 146 150 151 152 153 154 156 157 164 165 167 168 170 172 173 174 175 176 180 181
27 117 119 120 121 122 124 125 130 131 132 133 134 135 136 141 142 144 145 146 147 150 151 155 162 167 173 180
22 119 122 127 130 132 135 136 138 140 143 146 148 156 160 162 163 168 172 176 178 179 180
43 119 120 122 123 124 125 126 127 128 130 131 132 134 135 136 138 139 140 141 143 144 146 147 148 149 150 151 154 158 159 161 162 163 165 166 167 172 173 176 177 178 179 180
25 117 118 119 121 123 129 132 133 134 135 136 137 138 141 143 144 158 159 161 162 171 173 175 179 180
35 117 119 123 124 126 127 131 132 134 135 136 138 140 141 143 144 146 148 149 154 156 158 160 161 162 164 169 170 171 172 175 176 177 178 180
30 120 122 124 125 127 129 133 134 135 136 137 140 142 144 147 148 150 151 153 158 159 161 163 165 166 171 173 175 176 177
26 123 126 129 132 135 137 139 140 147 151 152 156 157 161 162 163 164 166 167 168 172 174 177 178 179 181
32 117 119 120 121 125 126 127 128 129 134 137 138 142 143 145 147 148 149 154 157 159 162 163 164 166 170 172 173 175 176 177 178
19 117 121 122 123 126 128 129 133 136 144 147 149 150 158 163 167 170 177 178
34 117 120 125 128 129 130 132 135 136 140 141 143 144 145 146 149 151 153 155 156 157 158 160 163 166 167 169 170 172 173 174 175 177 179
34 118 119 122 123 125 126 128 131 136 137 138 139 141 143 147 149 153 154 157 159 160 164 165 167 168 169 170 171 172 174 176 178 179 181
28 120 123 124 126 131 132 134 137 140 141 144 150 152 154 155 156 159 161 163 167 169 170 171 174 175 177 179 181
42 118 119 120 124 127 129 130 131 134 135 136 137 138 140 141 142 143 147 149 150 151 153 154 155 156 157 158 159 160 161 164 165 166 167 168 173 174 175 176 177 178 181
32 118 119 120 125 126 127 134 137 138 140 141 142 144 146 147 148 149 150 151 155 157 158 159 163 166 167 168 170 172 173 177 179
36 120 121 122 123 129 130 136 138 140 141 142 143 144 145 148 149 150 152 155 158 159 160 161 163 165 166 167 168 169 170 172 173 174 176 180 181
42 118 119 120 121 122 123 127 128 130 132 133 135 136 138 140 142 143 146 147 148 149 150 152 153 154 155 157 158 159 161 163 166 167 169 171 173 174 175 176 178 179 180
36 117 119 120 121 122 123 125 126 127 129 131 132 134 135 136 137 140 143 144 146 148 150 152 154 156 159 163 168 172 175 176 177 178 179 180 181
26 118 121 125 127 133 137 138 141 142 149 150 152 154 155 156 159 160 169 170 171 172 176 177 179 180 181
28 119 121 126 127 129 139 140 142 144 145 146 147 148 149 150 151 154 156 158 164 165 166 167 170 171 176 177 181
40 117 118 120 122 124 125 127 130 131 132 136 137 138 140 142 143 144 145 147 148 149 150 151 152 153 155 156 157 161 164 165 166 167 171 172 173 174 175 179 180
36 118 119 120 121 122 123 124 125 126 131 133 135 137 140 141 142 143 144 145 146 149 152 154 155 157 158 159 160 161 164 170 172 174 175 176 179
23 118 119 129 130 131 134 141 144 145 149 152 153 154 157 162 163 164 165 167 169 170 176 179
33 119 120 121 123 124 127 131 132 133 137 138 141 142 143 145 146 148 149 150 152 156 157 158 161 162 163 165 169 170 173 175 177 181
37 117 119 121 122 125 127 128 129 130 131 134 135 138 139 140 141 142 143 145 147 148 149 150 151 152 157 159 160 161 162 163 167 170 171 173 174 176
19 117 118 121 127 129 130 134 143 147 149 150 153 165 168 169 170 172 175 177
26 119 122 125 126 127 128 129 131 134 142 144 146 147 149 151 152 157 158 159 162 165 166 169 171 175 181
37 117 118 119 121 127 128 129 130 132 135 139 142 145 147 148 151 152 153 154 155 156 158 159 161 162 164 165 168 169 171 172 173 174 175 178 179 180
31 117 122 124 127 128 132 133 135 136 141 142 145 148 150 151 153 154 156 157 159 160 161 165 167 171 174 176 177 178 180 181
23 120 121 124 128 129 130 135 140 146 147 151 154 155 156 160 165 166 168 169 172 176 180 181
26 119 124 126 131 133 134 139 140 143 144 146 147 150 152 154 156 157 160 165 166 168 172 174 177 180 181
24 127 129 130 133 134 137 140 141 146 148 153 155 156 157 158 160 161 165 170 172 175 178 180 181
23 118 119 122 123 124 135 138 140 143 145 149 151 154 155 157 162 163 168 172 175 176 178 181
24 117 120 121 122 127 129 135 138 139 140 141 143 145 151 152 153 159 163 164 166 167 171 177 181
35 117 118 119 123 125 126 127 131 132 133 136 137 138 139 143 144 145 147 148 149 150 151 152 153 155 156 157 162 167 170 172 174 175 176 178
30 117 119 121 123 125 126 132 134 138 139 141 143 147 149 151 152 154 155 158 160 161 162 163 164 166 172 174 175 176 178
39 117 119 120 122 123 124 125 126 127 128 131 133 134 136 137 138 141 142 145 149 150 153 154 155 157 159 162 164 165 166 167 168 169 170 171 174 175 176 179
32 117 118 119 121 127 128 129 130 133 134 137 139 142 149 150 152 156 157 159 160 163 164 166 167 170 171 172 175 177 178 179 180
27 118 125 127 128 129 133 137 138 141 147 148 153 154 156 158 159 160 162 163 164 168 172 173 174 175 178 180
44 117 118 119 121 122 123 124 126 128 129 130 131 132 133 134 135 138 139 140 141 144 146 147 148 150 151 152 153 155 159 161 162 163 164 165 171 173 174 175 176 177 179 180 181
26 117 123 130 131 132 133 134 136 138 141 143 144 145 148 150 152 155 156 157 160 166 175 176 178 180 181
42 117 118 119 120 124 126 127 128 130 132 133 134 135 136 137 140 143 144 146 148 149 150 151 152 154 155 156 157 158 159 160 161 163 164 167 170 171 172 175 178 180 181
37 117 118 121 122 123 126 127 133 134 135 137 138 142 143 145 146 147 149 151 153 154 155 156 157 158 159 160 166 167 169 170 172 173 176 177 178 179
22 117 119 122 123 130 132 133 135 138 140 141 146 150 161 165 168 169 173 176 178 179 181
25 118 120 125 126 129 132 133 140 142 145 148 150 153 154 157 159 161 162 164 167 169 171 175 176 180
23 117 118 119 120 122 129 133 142 146 151 153 156 157 158 161 162 165 169 170 171 172 176 181
40 117 118 120 121 123 126 128 131 134 135 136 137 138 139 141 142 143 144 146 147 148 150 151 155 156 158 160 162 163 164 165 166 168 170 171 173 176 177 178 181
39 117 118 121 122 123 124 125 126 127 128 129 133 137 138 142 146 148 149 150 151 152 157 159 160 161 162 165 166 168 169 170 171 172 173 174 175 176 177 178
36 117 119 123 125 129 130 133 135 136 137 138 139 140 141 142 144 145 147 148 149 150 151 152 154 158 159 162 164 165 168 173 176 177 179 180 181
20 119 120 121 123 127 130 132 133 135 139 141 145 146 152 153 155 161 168 177 180
25 118 120 121 126 127 128 129 130 132 133 135 137 140 144 146 147 153 157 163 164 167 168 171 172 173
26 117 121 122 124 128 131 132 137 139 140 142 144 147 148 152 154 158 159 160 165 168 169 171 172 177 181
24 118 119 120 121 123 127 129 132 138 141 143 145 152 154 156 159 160 161 162 167 172 176 177 178
38 117 119 122 125 126 130 131 133 135 137 138 140 141 143 144 145 147 148 151 152 153 155 156 159 162 163 164 166 167 168 169 173 174 175 176 177 179 181
29 119 123 124 125 127 128 130 131 136 141 144 145 148 150 153 157 158 160 161 163 164 166 167 170 171 174 175 176 178
22 119 124 125 126 127 128 129 131 134 135 145 146 149 152 153 156 157 163 167 171 173 179
29 117 120 121 122 127 128 132 133 134 138 142 143 146 147 148 149 151 152 154 155 158 159 160 161 165 167 170 174 181
43 117 119 120 123 124 125 128 129 130 131 132 134 135 136 137 138 140 141 144 145 146 147 148 149 150 151 153 154 155 156 158 160 162 163 164 166 168 169 171 172 173 178 181
42 117 119 120 121 122 126 128 130 131 134 135 137 139 140 141 142 144 145 147 148 149 150 151 152 155 156 157 158 161 162 163 164 166 168 170 171 172 175 176 177 178 181
31 119 120 122 124 126 129 131 134 135 138 143 145 146 147 148 149 152 154 156 160 162 163 164 166 167 169 171 173 177 178 181
44 117 118 119 120 121 122 123 125 127 129 132 133 134 135 139 141 142 143 144 145 146 148 150 152 153 155 157 158 160 162 163 164 165 167 168 169 170 171 173 174 177 179 180 181
24 117 124 125 134 135 136 141 143 146 148 149 151 152 153 162 163 164 168 169 172 173 174 175 178
35 117 118 120 121 122 123 124 125 126 127 131 132 133 134 135 136 139 140 147 149 150 151 153 154 157 158 163 166 168 169 170 171 174 179 181
38 118 122 123 124 125 126 127 128 129 130 132 133 134 135 136 141 142 144 147 148 149 151 153 154 155 156 158 159 163 168 172 173 174 175 176 179 180 181
26 117 121 123 124 126 127 131 134 138 140 142 146 147 148 149 151 152 155 162 165 169 171 174 178 179 180
22 122 129 134 135 136 138 141 142 145 146 148 152 153 160 164 165 166 167 173 176 177 178
36 119 122 123 124 128 135 136 141 142 143 144 145 146 148 149 150 151 153 157 158 159 161 163 164 165 168 169 171 172 173 174 175 176 178 179 180
42 118 119 120 122 123 124 126 129 131 132 133 134 138 139 140 144 145 146 147 148 150 151 152 153 154 155 156 157 159 160 161 163 164 166 171 172 173 175 176 178 179 180
39 118 119 121 122 123 125 126 129 130 132 133 134 136 140 141 143 144 145 147 150 151 155 156 157 158 159 160 161 163 167 170 171 172 174 175 176 177 178 179
43 119 120 121 122 124 127 128 132 133 134 136 137 138 139 143 144 145 146 147 148 150 151 152 153 154 155 156 157 158 159 160 161 163 164 165 169 170 171 172 174 177 178 180
28 117 121 122 124 126 132 134 136 137 139 141 143 145 146 148 150 151 157 160 161 164 167 168 170 173 174 177 179
29 119 124 127 129 132 133 137 139 140 142 143 147 149 150 155 156 158 159 161 162 163 164 165 166 168 171 175 176 177
39 119 120 121 122 123 124 125 126 127 131 132 134 135 136 138 140 141 143 145 146 150 151 152 153 155 156 157 160 162 163 164 169 170 171 172 174 177 178 180
40 117 119 121 126 128 131 132 133 135 136 139 141 142 143 144 145 147 148 149 150 151 155 157 158 159 161 163 164 165 166 167 172 173 174 175 176 177 178 180 181
37 117 120 122 123 126 127 130 134 135 138 139 141 142 143 144 146 147 148 149 150 151 152 154 155 156 157 159 160 163 164 168 170 171 173 175 177 179
43 117 119 120 121 122 123 124 127 128 131 132 133 134 136 137 139 141 144 145 146 148 150 151 152 153 157 158 160 161 162 163 164 167 170 171 172 173 174 175 176 177 178 180
37 118 123 124 126 127 128 129 130 135 136 137 138 141 142 148 149 151 152 153 154 155 156 157 158 160 161 163 164 165 171 172 173 175 176 177 178 180
43 117 119 121 123 124 125 126 129 130 131 132 133 134 136 137 139 140 142 143 144 145 146 148 149 150 151 152 153 154 155 158 159 160 163 167 168 170 171 172 173 175 179 181
37 117 122 125 127 128 129 131 132 133 135 136 137 138 139 140 143 144 149 150 151 152 153 156 157 158 159 161 162 164 165 169 171 172 174 176 177 180
27 118 120 124 129 131 132 133 134 136 137 144 145 147 149 150 151 156 158 161 166 167 171 172 173 176 177 181
37 117 119 120 122 123 127 128 129 130 131 132 134 136 139 147 149 150 151 152 153 154 155 156 157 159 161 162 165 166 167 169 170 171 173 176 179 181
30 121 124 130 132 133 134 135 137 144 145 148 150 152 153 154 155 157 158 159 161 163 166 167 169 170 171 172 173 175 176
42 117 118 119 120 121 122 123 124 125 126 127 132 133 136 137 141 145 146 147 151 152 154 155 157 158 159 160 161 162 163 165 168 169 170 171 172 174 175 176 179 180 181
31 117 120 122 124 125 127 129 131 132 133 135 138 139 140 142 144 147 149 150 152 153 154 155 159 166 169 171 176 177 179 180
42 117 118 120 121 122 123 124 126 127 128 129 130 131 132 135 136 137 138 139 142 143 145 146 147 151 153 158 159 161 162 163 164 165 166 167 168 169 170 174 176 178 179
40 117 119 120 121 123 126 130 131 134 138 140 141 142 143 145 146 147 149 150 151 152 154 155 159 161 162 163 164 165 167 168 173 174 175 176 177 178 179 180 181
38 121 124 126 129 130 131 133 135 136 138 139 140 141 144 145 146 147 148 150 151 152 154 157 159 160 162 163 164 165 166 167 170 171 173 175 176 180 181
30 118 120 121 122 123 127 128 129 131 133 137 138 139 141 144 148 149 150 151 152 153 154 160 163 167 171 173 175 180 181
26 119 124 125 133 134 138 142 149 151 154 155 160 162 164 165 167 170 172 173 174 175 176 178 179 180 181
20 118 125 126 127 129 131 135 137 139 143 148 152 154 158 161 163 166 175 178 181
41 117 118 119 121 122 125 126 127 129 130 132 134 135 137 138 140 141 142 144 146 147 149 150 151 152 155 157 160 161 163 164 167 168 169 170 171 175 176 177 178 179
36 117 118 120 121 122 123 124 125 127 129 130 131 135 138 139 140 142 143 144 147 148 151 152 153 154 161 162 164 169 170 174 175 176 179 180 181
25 118 132 133 135 137 138 142 143 144 145 147 148 155 156 159 161 162 163 164 165 166 169 172 176 181
26 118 120 124 126 128 129 131 132 133 136 140 143 144 147 149 151 152 155 158 160 163 164 167 175 177 178
41 120 122 123 125 126 127 130 131 132 133 136 137 138 139 141 142 143 144 147 148 149 150 151 153 154 156 157 159 160 163 165 168 170 171 173 175 176 177 178 180 181
22 118 124 125 127 131 132 136 139 142 146 149 150 154 156 157 160 161 168 173 177 179 181
29 117 119 121 122 123 124 126 127 129 130 131 134 136 138 141 144 147 151 154 155 157 164 167 168 170 171 175 176 177
29 120 121 128 129 130 133 135 136 139 142 143 145 146 151 153 155 157 158 159 160 161 162 166 168 172 173 175 176 181
41 118 119 121 122 123 125 126 127 129 130 132 135 139 140 141 145 146 147 148 150 151 152 155 157 158 159 160 161 163 165 166 168 169 170 172 173 174 176 177 180 181
28 117 118 119 120 123 124 125 127 128 131 134 135 139 140 141 144 148 153 155 159 161 162 165 169 170 173 177 179
19 121 124 125 127 129 134 135 138 141 143 144 146 147 154 155 159 164 171 175
40 117 119 121 123 124 126 132 134 136 137 140 143 144 145 146 148 149 152 153 155 156 157 158 159 160 161 163 165 168 169 170 171 172 174 176 177 178 179 180 181
34 123 124 125 126 127 128 133 134 135 136 137 139 140 143 147 148 151 152 154 155 156 159 161 162 163 164 165 167 169 170 171 175 178 179
36 119 120 121 122 123 124 125 128 129 130 132 133 137 141 144 146 147 151 152 153 157 159 160 161 162 163 164 166 169 171 172 173 175 178 179 180
33 117 118 119 120 122 128 129 130 131 132 133 135 137 138 140 141 143 144 147 148 150 153 154 156 158 167 172 173 175 177 178 179 181
23 117 118 119 122 127 131 133 134 136 143 146 148 149 150 152 154 158 166 169 172 173 175 180
23 118 119 122 126 127 128 130 131 136 138 142 146 147 149 159 161 165 168 170 171 176 180 181
40 117 119 120 121 126 127 128 129 130 134 138 139 142 143 144 145 147 148 149 150 151 154 155 156 157 158 160 162 165 166 167 168 169 172 174 175 176 177 179 181
39 117 118 119 120 122 126 129 130 131 132 134 136 138 140 141 142 144 145 146 147 148 150 151 153 154 155 156 157 158 159 162 164 165 168 171 173 174 176 177
42 117 118 119 123 124 125 127 128 130 131 132 133 135 136 142 144 145 146 147 148 151 152 154 155 156 157 159 162 163 164 165 167 168 170 171 172 173 174 176 178 180 181
29 119 122 123 124 125 126 134 135 139 141 142 145 150 154 155 156 157 159 160 161 163 166 167 172 173 175 176 178 181
25 117 118 125 126 128 129 133 136 140 143 145 146 149 160 161 162 163 164 166 167 170 171 173 174 177
29 118 119 122 124 130 131 135 136 140 142 143 147 149 150 151 153 155 156 157 162 163 165 166 167 169 171 173 179 180
43 117 119 120 121 122 123 124 125 126 127 129 130 132 133 135 136 137 141 146 148 149 151 153 154 155 156 157 159 160 161 163 164 166 168 170 171 174 175 176 178 179 180 181
43 117 119 121 122 124 125 128 129 130 131 132 133 136 137 138 141 142 143 144 146 147 148 150 151 153 154 155 156 158 159 160 162 163 164 165 168 169 172 173 174 175 176 181
38 118 119 121 123 124 125 126 128 133 134 136 140 141 143 144 145 146 148 150 151 152 155 156 157 159 160 161 164 165 168 170 171 173 174 175 177 179 180
27 121 122 123 124 127 128 129 136 137 140 142 143 145 148 149 151 154 157 162 163 168 169 170 172 177 179 180
39 117 119 121 122 123 124 125 126 127 130 131 132 133 134 135 137 138 140 142 144 145 146 147 150 151 152 154 156 159 160 161 162 164 165 166 167 170 171 172
31 120 121 125 126 127 128 129 130 133 135 136 138 139 140 141 142 143 145 150 153 155 157 159 162 163 165 166 167 171 173 176
35 117 118 120 121 122 125 126 127 128 129 131 132 133 135 136 137 139 141 142 143 145 146 148 152 156 159 160 161 165 167 169 171 172 175 178
36 117 119 120 121 122 127 128 130 132 136 137 139 141 142 144 145 148 150 151 152 153 155 156 157 158 160 165 166 170 171 172 173 174 175 178 180
34 119 120 121 122 123 126 127 128 132 134 139 140 141 142 144 146 147 149 153 154 155 157 158 161 162 163 167 170 171 172 176 177 180 181
33 122 125 127 128 129 130 131 132 134 136 139 141 142 144 147 149 151 153 154 157 158 160 161 163 164 167 168 170 172 174 176 180 181
28 119 121 122 125 126 127 129 132 136 140 143 144 145 148 149 150 151 153 156 159 167 168 170 172 173 174 176 179
41 117 118 119 120 121 122 123 128 129 131 133 134 138 139 140 141 142 144 146 147 148 149 151 152 153 157 158 159 160 163 165 167 168 169 171 172 173 177 179 180 181
23 119 120 125 126 129 135 142 146 149 150 154 157 158 159 162 164 166 168 169 173 174 179 180
33 118 119 120 122 123 124 125 129 131 135 136 137 139 145 156 157 159 160 161 162 163 164 166 167 168 169 170 174 176 178 179 180 181
31 117 121 122 123 125 127 128 130 132 136 138 140 141 142 143 146 148 149 154 158 164 165 166 170 171 173 175 176 177 179 180
24 123 125 128 137 138 139 140 146 147 150 151 153 154 156 157 161 165 166 168 169 170 174 175 181
27 118 120 122 123 124 130 131 133 134 138 139 143 144 145 149 152 156 159 161 166 169 170 174 176 178 179 181
43 118 119 120 122 123 126 127 129 131 133 134 136 138 139 142 143 145 146 151 152 153 155 157 159 160 161 162 163 164 165 166 167 169 170 171 172 173 174 175 176 177 179 180
39 120 122 123 124 125 126 127 128 129 133 134 135 136 138 139 140 144 146 147 149 150 152 153 154 155 156 157 158 159 164 166 167 169 171 172 174 176 180 181
26 117 120 122 127 128 129 130 132 136 138 139 140 142 146 148 149 154 155 156 160 161 163 166 172 175 176
28 118 121 122 124 128 129 130 132 133 134 135 137 140 141 142 144 145 146 148 149 157 162 163 169 173 177 179 180
30 121 122 125 126 127 130 132 134 138 145 146 148 154 155 157 158 159 161 162 164 165 167 170 171 172 173 176 177 179 181
42 117 118 119 120 121 123 124 127 128 129 130 134 138 139 140 143 144 145 148 149 150 152 153 154 157 160 161 162 164 166 168 169 170 171 172 173 174 176 178 179 180 181
43 119 120 121 122 123 124 125 126 128 132 134 136 137 139 141 142 144 145 146 147 148 150 151 153 154 155 156 157 158 159 160 161 162 163 165 167 171 172 175 176 178 179 181
21 118 122 124 127 128 129 132 138 143 147 150 152 154 160 171 172 174 175 177 178 181
30 118 120 121 122 125 128 129 130 134 135 138 139 142 143 144 145 147 150 151 156 158 159 162 165 166 173 174 177 178 180
38 119 121 122 123 124 125 127 128 130 131 132 134 135 136 137 138 140 145 146 147 148 149 150 151 153 155 157 158 161 162 163 164 170 175 176 177 180 181
38 117 119 120 121 123 124 126 128 130 132 134 135 136 137 141 144 145 148 151 153 155 157 158 159 163 165 166 168 169 170 171 172 174 175 176 177 178 179
35 118 119 120 121 124 125 127 128 130 131 133 134 135 136 138 139 140 143 144 146 147 148 149 150 152 153 157 163 165 166 170 172 175 180 181
34 117 120 122 125 126 128 130 131 133 137 140 141 142 143 144 146 153 154 155 156 157 160 161 162 166 167 168 169 170 171 172 175 176 181
29 117 118 122 124 125 127 128 129 131 132 133 134 135 137 138 141 142 148 153 161 162 164 165 166 170 172 173 176 179
39 117 119 120 122 123 124 125 126 127 130 131 132 133 135 136 137 139 140 141 146 147 149 150 151 153 154 158 159 160 161 162 164 166 167 168 169 172 177 180
38 118 119 120 123 129 130 132 135 137 138 141 142 144 147 149 151 152 154 155 156 157 160 161 164 165 167 168 169 170 171 172 173 174 175 176 178 180 181
41 117 118 120 122 123 125 127 129 130 132 133 134 136 137 138 139 141 144 145 146 148 149 151 152 153 155 157 159 160 161 164 166 168 170 171 173 175 176 178 179 181
24 117 119 121 125 126 129 130 131 134 136 137 138 139 145 148 151 154 161 167 169 171 174 176 181
31 117 119 121 122 126 129 131 132 134 136 137 138 146 147 149 150 157 158 159 161 162 163 164 166 167 170 171 174 175 177 181
20 121 122 126 129 134 135 142 144 147 148 149 154 163 166 168 171 173 177 178 179
39 117 122 123 124 126 127 128 129 130 131 133 134 136 139 142 143 145 147 149 151 152 156 160 161 162 163 165 166 167 168 169 170 171 172 173 174 175 176 180
21 117 119 130 131 137 141 145 147 149 150 151 158 161 164 169 170 172 174 175 180 181
45 117 119 121 122 124 125 126 127 129 130 132 133 134 135 136 137 138 139 142 143 144 145 146 147 149 150 151 152 155 157 158 159 160 162 163 164 167 168 169 172 173 174 177 179 180
44 119 124 126 130 131 132 133 134 135 136 137 139 140 141 142 144 146 147 148 149 150 151 152 153 156 157 158 159 160 161 162 163 164 165 167 169 172 173 174 175 176 177 178 181
22 118 119 121 125 127 129 135 137 140 145 148 153 157 161 163 167 170 174 175 176 177 180
23 117 122 124 127 129 131 133 140 142 144 148 149 150 154 158 160 162 165 170 172 174 177 178
26 122 123 125 127 129 130 133 134 139 142 143 144 151 155 159 160 161 165 166 172 173 174 177 178 179 181
34 118 119 121 122 123 127 128 131 132 133 138 140 142 145 146 151 153 154 155 162 163 164 165 167 168 169 170 173 175 176 177 178 179 181
33 119 120 122 124 126 128 130 131 132 133 137 138 142 144 146 149 150 151 152 153 159 160 164 165 166 168 169 171 172 177 179 180 181
38 117 120 122 123 124 126 127 128 130 131 135 139 140 142 145 146 147 150 152 155 156 158 159 160 161 162 165 167 168 171 172 173 175 176 178 179 180 181
38 118 119 120 121 122 126 127 131 132 136 139 140 141 143 144 145 147 148 150 151 152 153 154 155 156 158 159 160 164 165 166 168 172 173 174 175 176 178
42 117 118 121 122 124 125 126 128 129 130 131 132 133 136 139 140 142 143 145 146 147 148 149 150 152 155 156 158 160 161 163 164 165 167 168 169 174 175 176 177 178 179
23 119 121 127 132 134 136 141 142 143 145 147 150 153 158 160 161 162 163 171 172 178 180 181
45 118 119 122 123 124 125 126 127 130 131 133 134 135 136 138 139 140 142 143 144 145 147 148 149 150 151 154 155 157 158 159 160 161 162 164 168 170 171 172 174 175 177 179 180 181
23 118 124 129 130 137 140 146 147 151 154 156 157 159 160 161 164 168 169 172 175 178 180 181
19 121 122 125 131 134 141 142 143 144 147 148 151 153 154 155 156 162 171 173
27 117 123 126 127 128 129 135 136 138 139 143 144 146 153 154 155 156 158 160 162 163 164 167 171 174 180 181
9 183 185 186 187 190 196 199 200 202
12 182 183 186 187 189 192 194 195 196 197 201 205
11 184 186 187 191 192 194 195 196 198 200 204
6 183 186 190 201 202 204
6 189 190 197 202 203 205
6 183 184 185 188 190 193
13 182 184 185 186 188 193 194 198 199 201 203 204 205
10 187 189 194 195 196 197 198 199 201 205
12 182 183 184 185 189 190 192 194 195 197 198 204
5 184 189 191 193 195
8 182 186 191 192 200 202 203 204
6 189 190 193 194 202 205
7 183 192 197 198 199 202 205
5 192 193 195 198 204
14 184 186 190 191 192 194 195 197 198 199 200 201 202 204
5 182 188 197 203 205
7 182 183 185 188 191 201 204
17 182 185 186 187 188 189 192 193 194 195 198 199 200 201 202 204 205
15 182 183 186 187 188 190 191 194 198 199 200 201 202 204 205
8 185 192 193 196 197 198 203 205
3 184 199 204
5 183 184 195 199 200
9 186 187 188 189 191 194 203 204 205
9 185 186 187 190 194 197 198 201 204
9 184 193 194 196 198 199 200 202 205
6 182 184 187 189 195 202
7 188 194 196 198 199 200 203
6 183 187 191 196 200 202
9 184 190 193 194 195 196 199 200 203
4 197 200 201 205
12 184 185 188 190 191 193 198 199 200 202 203 204
10 182 185 186 188 189 191 201 202 204 205
5 186 188 192 199 200
6 189 190 191 195 197 204
5 193 195 198 199 200
8 187 188 189 190 192 196 198 202
12 182 183 185 190 191 193 194 196 197 198 202 204
6 183 186 190 191 199 204
6 182 185 187 192 197 205
5 190 191 193 198 203
7 182 188 189 191 192 193 203
5 183 197 201 202 203
11 183 185 187 188 189 191 192 194 195 198 202
13 182 184 186 190 193 196 197 199 200 201 203 204 205
7 182 186 189 192 199 200 202
6 183 185 198 200 201 205
6 186 187 192 195 198 203
8 182 188 189 190 191 194 195 200
11 182 183 184 185 186 189 190 192 201 202 203
4 183 190 192 201
7 182 183 185 188 193 199 201
13 187 188 191 193 194 195 196 197 198 199 200 204 205
9 184 185 189 192 193 195 196 197 203
6 183 184 185 195 196 197
7 183 184 190 191 196 197 203
10 182 185 188 189 190 192 195 197 203 205
7 184 187 189 195 201 203 205
10 182 183 185 187 188 189 193 196 203 205
9 182 183 185 186 191 193 194 195 203
5 184 189 191 194 201
3 196 202 205
5 184 196 197 199 200
6 187 188 194 201 204 205
5 183 187 192 197 198
11 183 187 189 190 191 192 195 196 197 200 202
8 184 186 193 194 198 199 201 204
6 182 184 185 196 197 202
9 184 185 186 187 193 196 201 203 204
12 186 187 188 191 193 196 199 200 201 202 203 205
18 182 184 186 187 188 189 190 191 192 193 194 195 196 197 199 202 203 204
19 182 184 185 186 187 188 189 190 191 192 193 194 195 196 198 199 200 204 205
9 182 183 185 186 187 188 192 201 203
4 188 194 200 201
6 182 183 190 195 197 198
4 188 189 190 198
5 183 184 190 191 197
3 184 196 197
7 183 190 193 194 196 197 202
4 183 190 201 202
4 184 193 194 199
5 183 186 191 194 203
4 193 195 198 200
3 188 194 205
6 183 186 189 194 195 197
7 188 189 190 192 195 197 205
4 188 197 203 205
3 189 194 201
3 188 194 201
4 182 187 189 195
7 185 189 192 195 196 197 203
7 187 189 190 192 196 198 202
3 190 195 204
3 186 199 202
3 188 192 199
5 183 184 186 190 192
3 182 203 205
2 200 205
5 187 196 197 198 201
4 183 197 201 203
7 184 193 194 195 199 200 203
6 192 193 196 197 198 203
4 193 195 198 200
9 184 186 187 191 192 194 195 196 204
2 188 194
3 186 192 200
7 184 185 193 194 198 201 205
8 182 185 188 189 190 195 203 205
3 187 192 198
10 188 191 193 194 195 196 197 200 204 205
4 186 194 197 201
3 187 198 203
4 193 195 199 200
5 186 187 203 204 205
7 184 185 189 192 195 197 203
6 182 186 191 192 202 203
7 184 186 193 196 197 204 205
3 192 193 195
4 184 185 201 203
5 182 189 190 192 203
3 186 188 200
6 185 189 191 194 195 198
7 184 194 196 198 199 202 205
3 187 201 204
6 183 185 186 187 196 202
7 182 183 185 188 189 203 205
14 182 185 186 187 188 192 194 195 198 200 201 202 204 205
6 187 188 190 192 196 198
8 184 185 189 190 192 194 195 204
5 183 192 197 199 202
4 182 183 185 188
8 184 190 191 193 198 199 200 203
3 188 197 205
5 182 184 185 197 202
8 187 188 193 196 201 202 203 205
1 196
4 183 187 192 198
4 187 194 201 204
3 189 190 205
3 184 189 191
4 186 188 192 199
4 182 189 191 194
10 187 188 191 193 196 198 199 200 204 205
4 186 190 201 202
4 189 190 203 205
7 183 185 186 187 196 200 202
3 190 202 203
2 189 194
8 186 190 193 196 199 200 204 205
5 183 184 185 188 193
4 185 189 193 203
4 190 195 197 204
7 183 185 187 190 199 200 202
6 188 191 198 200 202 203
7 190 193 194 195 199 200 203
4 192 198 199 205
8 187 188 189 192 194 195 198 202
4 193 195 198 200
3 190 192 201
3 187 195 198
2 184 204
7 183 185 189 191 192 195 198
10 182 183 187 188 190 194 199 200 202 205
4 182 189 190 200
6 183 185 188 193 199 201
5 183 185 188 201 204
7 182 183 185 191 193 194 195
3 194 200 201
4 186 191 199 204
5 189 191 192 193 203
2 199 204
8 182 184 185 188 193 194 204 205
2 202 205
3 183 187 197
6 183 184 186 189 201 202
4 188 189 192 193
13 184 185 188 189 190 191 195 196 198 199 200 204 205
2 196 202
11 184 190 191 192 195 197 198 199 200 202 204
3 182 197 205
4 182 188 197 203
5 183 192 198 202 205
9 187 191 192 194 195 196 198 200 204
3 186 201 204
3 182 197 203
9 182 183 185 190 193 196 197 198 204
3 183 197 198
3 189 194 201
4 190 197 202 205
7 187 189 195 197 198 201 205
5 189 191 195 197 204
8 184 190 191 192 197 198 200 204
3 197 203 205
4 189 190 195 204
4 185 187 192 197
6 184 193 194 195 196 199
3 191 194 201
4 182 186 192 202
3 183 187 192
3 187 192 198
8 187 188 194 195 196 197 198 204
6 187 188 189 192 194 198
8 182 183 185 187 189 196 203 205
4 189 190 202 205
8 182 183 184 186 190 201 202 203
4 183 190 196 203
4 183 187 191 196
6 187 188 195 198 199 205
5 186 187 195 198 203
6 182 183 189 192 194 195
7 183 186 190 196 199 200 202
4 184 195 199 200
6 186 188 196 201 202 205
2 197 205
3 183 184 199
4 184 189 193 195
5 183 185 193 194 203
9 184 186 187 191 194 195 196 198 204
7 183 186 187 188 192 201 203
2 192 201
3 186 201 202
3 190 201 204
4 183 188 193 201
6 192 196 197 198 203 205
3 187 188 204
3 184 185 196
5 183 184 185 190 193
5 183 185 186 192 203
5 194 195 197 198 201
10 182 186 187 189 190 191 192 194 195 196
7 184 189 192 193 195 196 197
9 183 190 191 193 196 197 198 202 204
4 183 191 193 203
8 182 185 189 190 195 197 203 205
8 182 188 189 191 201 202 204 205
4 186 187 192 198
7 182 186 187 188 192 201 203
2 195 204
4 190 197 202 205
13 182 186 187 188 190 192 193 194 196 197 199 202 204
4 188 194 199 203
6 183 186 187 196 197 205
4 184 193 201 204
4 186 194 199 201
12 182 183 186 187 188 194 198 199 200 202 204 205
4 182 200 202 204
12 182 185 186 187 189 193 195 198 199 201 204 205
3 189 191 195
5 185 187 196 201 204
4 185 198 200 201
5 183 187 196 200 202
5 187 192 195 198 203
7 185 188 191 192 195 198 202
12 182 183 186 187 188 191 194 199 200 201 204 205
8 185 187 189 192 193 195 202 204
7 185 189 190 192 195 197 203
4 188 194 199 203
7 185 186 187 193 201 203 204
9 183 186 187 188 190 194 198 199 205
3 184 196 197
7 182 191 192 200 202 203 204
7 184 186 193 194 198 199 201
6 189 195 197 199 201 205
5 183 185 188 193 201
7 182 183 185 186 191 193 203
3 185 192 197
6 183 184 185 190 192 195
4 182 184 187 202
4 183 184 185 197
8 186 187 191 196 200 201 203 205
3 182 187 189
4 183 197 202 203
4 188 194 204 205
3 189 194 201
10 186 187 188 189 192 193 198 201 202 205
11 185 186 188 193 194 198 199 201 203 204 205
5 183 185 198 200 201
6 187 194 195 198 201 205
3 183 188 204
3 183 187 192
3 184 197 199
6 185 186 191 193 194 195
4 184 187 196 201
2 183 197
5 187 188 194 201 205
5 182 185 191 194 203
6 182 186 191 193 194 203
10 187 188 191 193 196 199 200 201 202 203
3 184 187 189
5 183 184 185 195 196
3 201 202 203
8 187 188 189 191 194 203 204 205
6 188 194 196 199 200 203
7 187 193 196 200 201 202 203
4 183 185 198 205
4 196 197 199 200
5 188 192 196 198 202
3 182 184 197
3 183 191 201
3 189 191 193
4 182 185 197 202
3 183 190 191
5 184 185 196 197 202
2 184 204
4 190 193 194 205
4 189 191 193 195
6 185 186 187 190 199 202
4 185 193 197 203
5 186 192 200 202 204
7 184 193 194 198 200 202 205
7 183 187 190 196 199 200 202
4 183 190 191 204
3 197 203 205
6 193 194 199 200 202 205
7 186 190 192 197 199 201 204
8 185 188 189 191 201 202 204 205
3 189 191 195
3 187 192 197
9 186 187 191 196 199 201 202 203 205
3 182 197 203
3 200 201 205
4 184 189 191 194
3 186 201 204
7 186 188 189 191 201 204 205
9 182 184 185 186 189 190 192 202 203
3 190 193 205
4 184 188 190 193
5 182 189 190 192 203
6 184 193 194 196 199 200
13 184 186 187 190 192 193 194 195 196 197 199 203 204
6 191 193 196 199 203 205
3 192 197 198
5 184 190 195 196 199
4 190 195 197 204
6 182 185 194 196 198 204
9 182 185 193 198 199 201 203 204 205
7 188 189 190 191 194 195 200
7 186 188 194 195 197 198 199
10 185 186 188 190 192 194 195 196 200 201
16 183 186 187 189 190 191 192 193 195 196 198 199 200 203 204 205
12 182 184 185 190 191 193 195 198 199 200 204 205
11 185 186 187 189 190 191 194 196 200 201 204
9 184 185 186 187 190 195 196 197 198
14 184 185 187 189 190 193 194 195 196 200 201 202 203 204
11 182 186 189 190 193 197 198 199 200 201 204
11 184 189 190 192 194 197 198 200 201 203 205
11 182 185 186 188 189 192 193 196 202 203 205
10 182 190 191 195 196 198 200 202 203 204
11 183 185 187 188 190 191 192 194 198 199 203
10 184 185 191 193 194 195 196 200 201 202
16 184 185 187 188 189 192 193 195 196 197 198 200 201 202 204 205
13 183 184 185 187 189 190 191 193 196 199 201 203 204
12 184 187 189 192 193 196 198 200 202 203 204 205
12 183 184 185 186 189 191 192 193 197 199 203 204
12 182 183 185 187 191 195 197 199 201 202 203 205
7 183 185 190 194 197 199 203
7 183 185 191 194 195 198 204
8 183 185 188 189 192 200 204 205
15 183 184 189 190 191 192 193 195 198 199 200 202 203 204 205
12 183 188 189 191 194 195 197 198 199 201 202 203
16 182 185 186 187 188 189 190 191 193 194 196 199 200 201 202 203
8 188 193 194 197 199 200 203 205
10 182 183 186 187 188 190 195 198 201 204
16 182 184 185 186 189 190 192 194 195 197 198 199 201 202 204 205
11 183 185 187 190 192 194 195 196 200 202 203
15 182 183 184 185 187 189 190 191 193 194 196 197 198 201 202
12 183 184 188 190 191 192 195 196 197 198 202 204
11 183 184 186 189 193 195 197 198 201 203 205
16 183 185 186 187 190 191 193 194 195 197 198 199 200 201 202 203
9 184 187 192 196 197 198 199 201 204
14 182 183 185 187 189 190 191 192 193 194 195 199 202 204
10 182 186 188 189 190 192 199 201 202 203
13 182 184 185 186 188 190 196 197 199 200 201 203 205
8 183 184 189 194 197 199 200 204
12 182 183 184 185 186 190 193 195 196 202 204 205
11 182 184 185 187 189 190 193 194 195 199 204
15 182 183 184 185 186 189 190 191 192 196 199 200 201 204 205
9 182 186 189 198 200 201 203 204 205
16 184 186 187 188 189 190 191 192 194 195 196 197 198 199 204 205
14 182 183 184 186 187 191 192 193 194 198 200 202 203 204
8 182 187 193 194 196 197 202 203
16 182 183 184 185 186 189 190 192 195 198 199 200 201 202 203 205
15 182 183 185 187 188 189 190 191 192 193 196 200 201 203 205
10 183 185 188 191 192 197 198 200 201 203
10 183 184 185 187 189 191 195 197 198 200
8 189 193 194 195 196 197 203 204
15 182 184 187 188 189 190 192 193 194 199 201 202 203 204 205
15 182 184 185 187 189 191 192 193 195 196 197 199 200 202 205
12 184 185 186 187 191 194 195 199 200 202 203 204
13 182 183 185 187 189 190 191 192 193 195 199 200 201
11 182 183 184 186 187 188 189 198 199 203 205
15 182 183 185 186 187 192 193 194 195 196 197 198 199 201 204
10 182 183 188 191 192 194 197 202 203 204
9 184 189 190 191 194 195 197 198 200
14 184 185 187 188 189 191 193 195 197 198 201 202 203 204
10 182 183 186 189 191 194 195 196 198 199
11 184 185 187 189 192 194 198 199 200 203 204
7 191 192 194 196 199 200 203
12 183 184 188 189 191 192 194 198 201 202 204 205
11 183 186 189 190 191 192 194 195 199 200 204
11 183 184 185 188 189 192 194 195 197 204 205
7 184 188 189 191 194 196 205
7 182 186 188 191 192 198 205
12 184 185 187 190 191 192 193 199 200 201 204 205
9 182 183 186 191 192 195 202 203 205
10 185 187 188 189 192 194 196 197 201 204
11 182 185 186 189 192 193 194 195 196 200 202
10 182 185 186 187 190 191 194 198 200 201
9 183 185 186 189 190 194 197 199 203
13 182 183 184 186 188 190 192 193 194 196 198 203 205
8 183 192 194 196 201 203 204 205
12 184 185 186 187 188 191 194 198 199 201 204 205
10 182 187 188 193 194 195 197 198 202 205
16 183 184 187 189 190 192 194 195 196 197 199 200 201 202 203 204
8 182 186 187 191 193 199 200 205
12 184 185 189 192 193 197 198 199 200 203 204 205
11 182 183 184 189 190 191 194 199 202 203 205
7 183 185 188 190 195 197 202
15 182 186 187 188 190 191 192 193 195 196 199 200 201 203 205
9 187 190 191 197 199 202 203 204 205
15 182 183 185 187 188 189 191 192 193 195 196 197 199 200 203
12 183 187 188 190 191 194 196 199 201 202 203 205
12 186 187 188 189 194 195 196 199 201 202 203 205
9 183 187 191 194 197 200 201 203 205
16 183 184 185 186 188 189 191 192 193 195 197 199 201 202 204 205
14 183 184 185 186 191 192 194 196 198 199 202 203 204 205
12 183 186 188 190 191 193 195 196 197 198 201 202
10 182 184 192 193 194 195 197 199 200 201
11 186 189 191 192 194 197 199 200 202 204 205
15 182 184 187 190 192 193 194 196 197 198 199 200 202 203 204
16 182 184 185 188 189 191 192 193 194 196 197 200 201 202 203 204
14 183 185 186 190 192 194 196 197 200 201 202 203 204 205
8 182 183 190 193 194 196 197 200
16 182 185 187 189 190 191 192 194 196 197 198 199 201 202 204 205
7 183 186 188 192 194 202 204
11 182 184 185 188 193 195 196 197 199 201 203
11 182 184 185 186 193 194 196 199 200 203 204
13 182 183 184 187 188 189 190 191 193 195 202 203 204
13 184 185 188 189 191 194 195 196 197 201 202 204 205
12 183 186 187 188 193 196 198 199 201 202 203 205
11 184 185 192 193 195 197 198 200 202 203 204
9 182 185 188 193 194 196 200 202 203
10 187 188 191 193 197 198 200 201 203 205
7 182 183 186 195 196 198 205
15 182 184 185 186 189 192 193 195 197 198 200 201 202 204 205
13 182 183 184 186 187 193 194 197 201 202 203 204 205
12 185 186 189 190 193 194 195 199 201 202 203 204
16 182 183 186 187 188 189 190 191 193 194 195 196 197 199 200 205
9 182 185 189 190 191 193 197 200 204
12 182 184 188 193 195 196 197 198 199 200 201 202
9 184 188 192 196 197 199 203 204 205
12 184 185 186 190 191 192 193 196 197 198 203 204
10 183 185 190 191 192 194 197 198 200 205
16 183 184 185 186 187 188 189 190 192 193 195 197 200 201 203 204
10 186 187 189 190 191 195 200 203 204 205
14 182 183 187 189 192 196 197 198 200 201 202 203 204 205
10 184 185 187 192 194 195 196 202 203 205
12 182 184 185 188 190 191 193 194 195 199 201 204
9 183 186 191 192 193 196 197 202 205
12 182 185 186 187 188 192 193 194 195 199 200 205
9 186 192 197 198 199 200 201 202 205
13 182 183 184 187 190 195 196 198 200 201 202 204 205
7 191 196 197 199 201 202 205
12 183 184 185 187 188 192 194 196 197 200 201 204
8 182 185 186 187 189 190 201 204
13 182 183 188 190 192 194 195 196 201 202 203 204 205
13 183 185 186 187 189 191 195 196 199 200 202 203 205
11 182 186 189 191 192 193 197 198 200 201 202
15 182 189 190 191 192 193 195 196 197 198 200 201 203 204 205
12 183 184 187 189 191 192 193 196 197 198 201 204
14 182 184 185 187 190 192 193 194 195 199 200 202 203 204
8 182 185 187 188 189 192 195 200
14 182 184 185 186 190 191 192 194 197 199 200 202 203 204
11 184 185 188 189 191 192 193 195 197 201 205
14 182 183 186 188 189 190 193 196 198 199 200 201 203 204
13 183 186 188 189 191 193 194 195 198 200 201 203 205
7 183 184 185 186 190 193 200
10 183 184 188 191 192 193 196 199 200 202
8 185 186 190 191 194 198 200 202
13 185 187 188 191 192 193 194 196 197 198 199 200 201
8 186 193 197 199 201 203 204 205
9 185 189 190 193 196 198 199 200 202
11 183 186 187 189 193 196 197 200 201 202 205
8 183 185 190 192 195 198 199 201
12 182 183 184 185 186 187 191 192 196 198 201 203
14 184 185 186 188 189 197 198 199 200 201 202 203 204 205
7 184 186 189 190 199 202 203
11 182 184 185 188 191 192 197 198 199 201 202
12 183 188 193 196 197 198 199 201 202 203 204 205
16 183 184 185 186 187 189 194 196 197 199 200 201 202 203 204 205
11 183 184 190 195 196 197 199 201 202 203 204
13 184 185 186 187 190 191 195 196 198 201 202 204 205
10 183 188 191 192 198 199 200 202 203 205
11 186 188 189 190 193 196 199 200 203 204 205
16 182 183 185 186 187 188 189 191 193 194 195 197 198 203 204 205
15 182 183 184 185 189 190 192 195 197 198 199 200 201 203 205
14 183 184 185 186 187 188 193 196 197 199 200 201 203 204
7 188 192 197 198 199 201 202
10 182 186 188 189 190 196 200 202 204 205
9 182 187 192 195 200 201 202 203 204
14 183 187 188 189 190 193 194 196 197 198 199 202 203 205
15 182 183 186 190 191 193 194 195 196 198 200 201 202 203 205
9 185 186 188 191 193 194 198 202 204
10 183 184 185 186 187 188 193 199 201 203
7 188 193 196 199 201 203 204
11 182 188 191 192 193 196 197 202 203 204 205
16 183 184 187 188 189 190 191 194 195 196 197 198 199 202 203 204
8 182 183 185 186 191 192 195 197
16 183 185 186 187 188 190 191 192 193 194 195 199 200 202 203 204
13 183 186 188 189 190 192 193 194 195 196 197 200 205
8 185 186 187 189 194 197 198 200
13 182 184 186 187 188 190 194 195 197 199 200 201 202
12 186 188 190 192 194 196 197 198 199 200 202 204
14 183 184 185 187 188 191 192 194 195 197 198 202 203 204
15 183 184 185 186 187 191 192 194 196 197 199 200 203 204 205
13 182 183 184 185 191 192 193 194 196 198 202 203 204
14 183 184 186 187 188 190 191 192 194 196 197 199 200 202
11 182 183 185 186 188 189 191 193 194 200 203
8 182 184 190 194 196 202 203 205
14 184 186 187 188 191 192 193 195 196 197 198 200 201 204
11 182 184 186 187 189 191 193 198 201 203 205
9 182 188 194 196 199 200 202 203 204
10 183 185 188 189 190 199 200 202 203 204
7 182 186 191 193 195 196 203
12 185 186 187 190 191 193 194 197 198 200 204 205
11 185 186 187 188 194 195 196 199 200 201 203
10 182 184 185 189 191 195 197 198 200 205
12 184 186 187 188 192 194 195 196 200 201 202 203
10 182 184 187 188 190 192 195 197 202 203
9 183 184 187 189 190 193 194 196 199
13 182 183 184 185 186 187 188 189 191 192 194 200 201
16 182 184 185 187 188 190 191 192 194 195 196 197 198 199 202 204
9 182 192 195 196 200 201 202 204 205
13 182 184 185 186 187 190 192 193 194 195 197 199 200
15 182 185 186 187 189 192 193 194 195 197 198 200 202 203 204
15 184 185 186 187 189 191 192 195 198 199 200 201 202 203 204
11 182 185 186 188 195 196 198 200 202 203 205
9 184 186 188 191 194 195 200 201 205
15 182 185 187 188 190 191 192 194 195 196 197 199 202 203 204
10 182 183 187 188 189 192 195 198 200 205
8 184 186 187 191 194 195 199 200
13 182 185 186 187 188 190 191 193 195 197 198 200 204
10 183 184 185 187 192 195 197 200 202 205
10 183 186 189 190 196 197 199 202 204 205
9 182 183 187 189 192 195 197 201 205
9 185 187 189 194 196 199 200 201 204
14 184 185 187 188 189 190 191 192 193 195 199 202 203 205
16 182 183 185 187 188 189 190 191 192 193 195 199 200 202 204 205
13 182 183 185 186 187 189 190 191 193 195 199 202 203
12 182 185 186 187 189 190 191 195 196 197 202 204
9 182 188 189 192 198 200 201 204 205
11 187 188 189 190 191 195 199 200 201 202 205
9 182 190 192 193 197 198 200 202 204
12 184 188 190 193 194 196 197 198 200 201 203 204
12 182 183 184 185 187 188 189 196 199 200 203 205
16 182 184 187 188 189 190 191 194 195 196 198 199 200 202 203 205
15 182 183 184 185 188 190 191 193 194 197 200 201 202 203 205
15 183 186 188 189 191 192 193 195 198 200 201 202 203 204 205
8 182 187 188 191 197 199 200 204
13 182 184 185 186 188 193 194 195 196 197 203 204 205
15 182 183 184 185 186 188 189 190 192 195 196 199 200 201 204
11 182 185 187 189 193 197 198 200 202 203 204
15 182 183 186 188 189 190 192 193 194 195 196 200 201 202 203
10 182 183 186 188 190 191 193 194 196 197
11 182 186 189 192 193 194 195 200 201 203 204
10 183 184 185 186 189 190 200 202 203 204
14 185 187 188 189 191 192 193 195 197 200 202 203 204 205
15 183 184 187 188 189 191 192 193 194 196 197 198 202 204 205
12 186 187 188 189 190 195 196 197 199 200 202 205
11 182 184 187 188 191 197 198 200 202 203 204
14 184 185 187 188 189 190 195 197 198 199 200 202 203 204
11 182 186 187 188 192 194 196 197 198 202 203
16 182 184 185 186 187 188 189 190 192 193 195 196 197 200 202 204
9 186 187 190 197 198 199 200 202 204
13 183 189 191 192 194 195 196 197 198 200 202 203 205
8 190 191 192 193 194 196 197 199
12 184 185 186 187 191 193 194 195 196 198 201 204
13 183 184 185 186 189 191 193 194 198 199 200 202 205
12 182 183 187 189 193 195 196 197 198 203 204 205
7 184 186 192 198 200 201 203
11 183 184 190 191 193 196 197 200 202 203 205
16 182 184 185 186 187 188 191 192 193 194 198 200 201 202 204 205
8 184 185 188 189 190 194 199 203
15 182 185 189 190 193 194 195 197 198 199 201 202 203 204 205
13 182 183 184 185 187 188 190 193 194 197 200 202 204
14 182 184 186 188 190 193 194 195 196 197 199 200 201 203
13 182 183 189 191 192 193 194 196 199 201 202 203 205
9 184 185 186 188 193 195 196 197 204
8 182 189 192 193 199 202 203 204
10 182 184 189 193 194 195 196 197 199 201
14 182 183 184 187 190 191 194 195 197 198 199 200 203 205
14 182 183 186 188 189 190 191 194 196 198 199 200 201 205
13 182 186 187 188 189 191 192 194 195 196 197 198 204
10 184 185 189 193 195 197 198 201 203 204
13 182 185 188 189 191 192 193 195 198 201 202 203 205
13 183 184 187 188 190 192 193 196 199 200 201 203 204
16 182 183 185 186 187 188 189 192 193 194 196 197 198 200 202 203
12 182 185 188 189 190 191 195 197 200 202 203 205
15 182 183 184 185 187 188 189 190 191 193 194 196 198 204 205
14 182 186 188 189 190 192 193 194 195 197 198 199 202 205
14 182 183 187 188 192 193 194 195 197 198 199 201 203 205
