194 1343
55 1 2 3 4 5 6 7 8 9 10 11 12 13 14 15 16 17 18 19 20 21 22 23 24 25 26 27 28 29 30 31 32 33 34 35 36 37 38 39 40 41 42 43 44 45 46 47 48 49 50 51 52 53 54 55
27 1 4 8 9 12 15 17 19 20 21 22 25 26 29 30 31 32 34 37 39 40 42 43 44 45 49 51
26 1 5 9 11 13 16 17 18 20 21 22 25 26 27 29 32 33 34 35 38 43 46 48 51 54 55
40 1 2 3 6 7 9 11 12 13 14 17 18 19 20 22 23 24 25 26 30 32 34 35 36 37 38 39 40 41 42 43 45 46 49 50 51 52 53 54 55
36 1 6 7 8 9 10 11 12 13 14 15 16 17 18 19 20 22 24 25 26 27 31 32 39 41 42 43 44 45 47 48 50 51 52 54 55
32 2 5 6 7 8 9 11 12 15 16 17 18 19 22 23 25 27 28 31 32 33 35 36 38 41 42 45 46 49 52 53 54
38 1 5 6 8 9 10 11 12 13 14 15 16 17 19 21 22 24 25 26 27 28 29 30 32 33 34 36 38 39 40 41 42 44 45 47 50 51 52
42 1 2 3 5 6 9 10 12 13 15 16 17 18 19 21 23 24 25 26 27 28 31 32 33 35 36 37 38 39 40 41 43 45 46 47 48 49 50 51 52 53 55
37 1 2 3 5 6 7 8 14 15 16 17 18 20 21 22 23 25 26 27 28 29 30 31 32 33 34 37 39 40 41 43 46 48 50 52 54 55
42 2 3 4 5 6 7 8 9 10 11 12 13 16 18 19 20 21 22 23 24 25 26 27 28 29 30 31 32 35 36 37 38 39 40 43 44 45 48 49 51 52 53
36 1 3 4 5 6 7 8 9 10 13 16 17 20 23 24 25 29 32 33 34 36 37 39 40 41 42 43 45 46 47 48 50 51 52 53 54
18 1 2 4 6 7 11 15 16 19 20 32 33 38 45 47 49 50 52
35 1 2 3 5 6 8 9 11 12 13 16 18 19 20 21 22 23 24 25 26 29 30 31 35 36 37 41 42 43 45 46 49 51 53 54
42 1 2 3 4 5 6 7 8 9 12 13 14 15 16 17 18 19 20 21 22 24 25 26 27 28 32 33 34 35 37 38 39 40 41 42 45 47 48 50 51 52 55
40 1 2 5 6 7 8 10 11 12 13 14 15 16 18 19 20 22 25 26 27 28 30 31 32 34 35 36 37 38 40 41 42 43 44 45 47 49 50 53 55
24 5 6 7 17 18 19 23 27 28 30 31 34 36 38 41 43 44 46 48 50 51 53 54 55
23 2 4 6 11 14 15 16 20 21 22 24 25 28 30 31 34 41 42 43 44 50 51 54
25 1 5 6 8 10 16 20 23 25 26 28 29 30 31 32 33 35 37 47 48 49 50 52 54 55
28 1 2 4 7 11 14 17 21 22 24 25 26 27 31 32 34 36 38 40 41 42 45 47 48 49 50 53 54
32 2 3 4 6 7 10 11 12 13 14 15 18 19 20 22 24 25 27 29 34 35 37 38 40 41 42 45 48 50 51 53 54
34 1 4 5 6 9 10 12 13 14 16 18 19 20 23 24 26 27 28 29 30 32 34 35 36 40 41 42 43 46 49 50 51 53 55
34 1 3 10 11 12 14 15 16 17 18 19 20 23 24 27 28 29 30 31 33 35 39 40 41 43 44 45 46 47 48 49 50 51 53
19 3 8 15 16 18 19 24 25 28 30 32 39 41 42 44 45 47 50 51
26 1 2 4 9 12 14 16 18 19 24 28 29 31 32 33 36 37 39 41 43 45 48 50 52 54 55
33 3 9 11 13 14 17 19 20 21 23 24 25 26 28 29 30 32 33 34 35 36 37 38 39 41 42 43 45 47 48 49 50 52
18 1 6 11 13 20 24 27 28 33 34 35 38 39 41 44 46 48 49
41 1 2 3 7 9 11 12 14 15 16 17 20 22 23 24 25 26 27 28 31 32 33 34 36 38 39 40 41 42 43 44 45 46 47 48 50 51 52 53 54 55
42 1 2 4 5 6 7 8 9 10 11 13 14 15 17 18 19 20 21 22 23 24 25 28 29 30 31 33 35 36 37 39 40 42 43 44 45 48 49 50 51 52 55
39 2 4 5 7 8 9 10 11 12 13 14 15 17 18 19 22 23 25 26 27 28 30 32 34 35 36 37 39 40 41 42 44 45 46 49 50 52 53 55
42 1 2 3 5 6 8 9 10 11 13 14 16 18 19 20 21 22 23 24 25 27 29 30 31 32 34 36 37 39 40 41 42 43 45 46 47 48 49 51 52 53 55
33 1 2 5 6 9 10 11 13 14 15 16 18 20 22 23 24 25 27 29 30 32 33 34 36 37 39 44 47 49 51 52 53 55
18 1 6 7 9 14 18 23 24 26 29 30 33 34 39 40 41 44 49
35 1 2 3 7 8 11 13 15 16 17 19 20 21 23 27 28 29 30 31 33 34 35 37 39 40 41 42 43 45 46 49 50 52 53 54
39 1 2 3 5 6 8 9 10 11 12 13 14 15 16 17 18 19 20 21 23 24 25 29 30 32 33 35 37 38 39 40 43 45 47 49 50 52 53 54
35 2 3 4 6 7 8 9 10 12 13 14 16 17 18 19 20 23 25 26 27 29 32 34 35 37 41 43 44 46 48 51 52 53 54 55
41 2 3 4 5 6 8 11 14 17 18 20 21 22 24 25 26 28 29 30 31 33 34 35 37 38 39 40 41 42 43 44 45 46 47 48 49 50 51 52 53 54
43 1 2 3 4 5 9 10 11 12 13 14 16 18 19 21 22 23 24 25 26 27 28 29 30 31 32 33 35 36 37 38 39 41 42 43 44 45 47 48 50 51 52 55
36 1 2 3 4 5 7 10 11 15 17 18 19 20 21 25 26 28 29 31 33 35 37 38 39 41 44 45 46 47 48 49 50 51 52 53 54
29 4 5 7 10 11 14 15 17 18 19 20 24 25 28 29 33 35 37 38 39 40 42 43 47 48 49 50 51 54
38 1 2 3 4 7 11 12 13 14 15 16 18 19 20 21 22 23 25 26 27 28 29 31 32 33 34 35 36 37 38 40 42 44 45 52 53 54 55
33 5 8 9 11 13 15 17 18 19 20 21 22 23 24 25 26 27 28 29 33 34 37 38 39 40 43 47 48 50 51 52 53 54
17 5 7 8 11 15 19 23 29 30 35 37 42 46 50 52 54 55
32 1 2 3 5 7 11 15 16 17 18 19 20 22 24 25 26 27 28 29 30 31 32 34 35 37 41 46 47 48 50 51 53
28 3 5 7 8 9 10 11 12 13 14 17 18 19 24 26 27 29 31 32 33 34 38 44 45 48 51 54 55
42 2 4 5 6 8 9 10 12 13 14 15 16 17 18 19 21 22 23 24 25 26 29 30 31 35 36 37 39 40 41 42 43 44 46 48 49 50 51 52 53 54 55
27 1 2 3 4 5 6 7 10 11 17 20 22 25 29 31 32 33 36 37 38 39 40 42 44 45 46 50
35 1 2 3 4 5 8 9 13 15 16 17 18 19 20 23 24 25 26 27 28 29 31 34 36 38 39 40 41 42 44 49 50 51 52 53
17 3 6 17 18 21 22 23 27 29 33 35 44 46 49 50 52 53
25 3 4 11 13 15 16 21 22 23 26 27 30 32 35 36 38 40 41 43 46 49 50 51 54 55
16 2 5 6 9 13 15 19 28 34 37 42 46 48 50 51 54
28 3 5 8 10 16 17 20 21 22 24 28 29 32 33 34 35 36 37 40 42 43 44 45 47 49 50 54 55
28 1 3 4 5 6 9 10 12 13 15 18 21 22 24 25 30 31 32 33 34 35 36 39 42 47 48 50 52
35 1 2 3 5 7 13 14 15 16 18 19 21 22 23 24 25 26 27 31 33 35 36 39 40 41 42 43 45 47 48 50 51 52 54 55
41 1 2 3 5 6 7 8 9 10 11 13 14 15 16 17 20 21 23 25 26 28 29 30 32 33 34 35 36 37 38 39 40 44 45 46 47 49 51 52 53 54
30 1 2 3 4 10 12 15 16 17 19 21 22 23 24 31 32 34 35 36 39 41 42 44 46 49 50 51 52 54 55
39 2 3 4 5 7 9 10 12 13 14 15 18 20 21 22 23 25 27 28 30 32 33 34 35 37 38 39 40 41 42 44 45 46 50 51 52 53 54 55
31 5 6 10 12 13 14 15 16 20 22 23 25 26 27 30 32 33 34 35 39 40 43 44 45 46 47 48 49 52 54 55
37 2 3 4 5 6 9 10 11 14 15 16 17 18 19 20 23 24 25 26 27 28 30 32 33 37 38 42 43 44 45 46 47 48 49 52 53 55
31 2 3 4 5 7 8 9 12 13 14 18 20 22 23 26 28 29 33 34 36 37 39 42 46 48 49 50 51 52 54 55
41 1 2 4 8 10 11 12 13 14 15 16 17 18 19 20 21 22 23 24 25 28 29 30 31 33 34 35 36 38 39 40 42 43 45 47 48 49 50 52 54 55
42 2 3 4 6 7 8 9 10 12 13 14 16 17 18 19 21 22 24 26 27 28 29 30 31 34 35 37 38 39 40 41 42 44 45 46 47 48 49 50 51 54 55
16 5 6 7 8 9 10 14 23 24 33 41 44 46 49 50 55
26 1 2 3 7 14 15 16 19 20 22 23 24 25 27 29 30 31 32 33 34 36 38 44 45 47 55
23 1 2 6 11 12 13 17 20 21 22 23 25 28 33 34 37 38 47 48 49 52 54 55
18 1 5 6 12 21 23 26 27 28 34 35 37 38 45 48 50 53 55
27 1 3 4 8 10 13 15 16 17 18 20 22 24 28 29 30 31 32 39 42 43 46 49 51 52 54 55
37 2 3 4 6 7 8 9 11 13 15 16 17 18 19 20 21 22 25 28 29 30 31 32 33 36 37 38 39 40 42 43 44 47 49 53 54 55
43 2 3 4 5 6 7 9 10 11 12 13 15 16 18 19 21 22 23 24 25 26 28 29 30 32 33 35 36 37 38 39 40 41 43 44 45 46 47 51 52 53 54 55
26 4 6 9 10 11 13 14 15 16 19 20 25 27 31 35 37 40 41 42 43 44 46 49 52 53 55
19 1 4 7 8 11 12 16 17 18 19 24 26 27 28 29 38 43 48 50
41 1 2 3 4 5 6 7 8 9 10 12 15 16 17 19 22 23 24 25 27 29 30 31 33 34 35 36 38 39 41 42 43 44 46 47 48 51 52 53 54 55
24 1 2 5 7 10 13 14 15 16 18 20 21 22 23 25 26 31 32 33 41 42 45 49 55
33 2 3 5 6 7 8 10 11 13 14 15 18 19 20 22 23 26 27 32 33 34 35 36 38 40 42 44 45 46 48 50 54 55
23 6 7 8 10 11 13 14 17 23 26 27 28 30 32 38 39 41 42 43 45 47 48 52
23 1 3 4 5 7 9 10 12 17 19 21 22 24 27 35 36 41 42 43 50 51 52 55
28 1 2 3 4 5 7 8 12 13 14 15 17 20 22 26 27 28 29 30 31 40 41 43 45 47 50 54 55
18 3 4 8 11 12 14 15 17 20 23 27 30 36 47 48 53 54 55
22 1 4 9 10 15 16 17 20 21 23 25 26 28 29 30 34 36 41 43 44 49 54
43 1 2 4 5 6 7 8 11 12 13 14 15 16 17 19 20 21 22 23 25 26 27 28 30 31 32 33 35 36 37 40 41 42 43 45 46 47 48 49 51 52 54 55
24 1 2 3 5 7 9 11 14 15 18 19 20 23 26 30 33 35 41 42 46 48 50 51 54
39 1 2 3 5 6 7 8 9 12 14 15 16 17 18 19 21 22 25 26 27 28 29 30 31 33 34 36 37 39 41 43 45 46 47 49 50 51 52 53
43 1 2 3 4 5 6 7 11 12 13 14 15 16 17 18 19 20 21 24 25 27 28 29 30 31 32 33 34 35 36 38 41 42 43 46 47 48 49 51 52 53 54 55
29 1 2 3 7 8 9 11 12 14 16 18 19 22 25 28 29 32 33 35 36 39 40 41 44 46 47 53 54 55
20 1 4 8 10 11 19 26 27 29 33 36 38 39 43 44 45 46 47 50 55
23 5 6 7 8 9 11 14 15 19 22 25 31 32 33 36 37 44 45 47 48 49 53 55
37 2 3 4 6 8 9 10 11 12 13 15 16 17 20 21 22 24 25 26 27 31 32 35 36 37 38 41 42 44 45 46 48 49 50 52 53 54
24 1 3 5 6 7 8 9 14 16 17 24 27 33 34 35 37 39 42 43 45 46 49 51 52
48 56 57 58 59 60 61 62 63 64 65 66 67 68 69 70 71 72 73 74 75 76 77 78 79 80 81 82 83 84 85 86 87 88 89 90 91 92 93 94 95 96 97 98 99 100 101 102 103
27 56 57 61 63 64 65 66 68 69 70 71 72 73 77 78 79 80 83 87 88 90 94 96 97 98 101 102
23 56 57 58 59 60 62 65 67 69 70 71 75 78 81 82 86 89 90 92 95 98 100 101
37 56 57 58 60 62 63 64 65 66 71 72 73 74 75 77 78 79 80 81 82 84 85 86 87 89 90 92 93 95 96 97 98 99 100 101 102 103
37 56 58 59 60 61 62 63 64 65 66 67 69 70 71 72 73 74 75 81 82 83 84 86 87 88 89 90 92 93 94 95 96 98 100 101 102 103
28 56 57 58 59 61 63 67 69 70 71 73 74 75 77 78 81 82 83 84 86 88 89 94 97 98 101 102 103
25 56 58 59 60 61 63 66 67 69 72 73 74 76 77 78 79 80 81 83 86 88 93 94 95 97
27 59 62 63 64 67 72 76 77 79 81 82 83 84 85 86 88 89 90 92 93 94 95 97 98 99 100 102
31 56 57 58 60 62 64 65 66 67 70 71 73 74 78 79 81 82 85 87 88 89 90 91 92 93 94 98 99 100 101 102
15 58 59 60 62 65 67 72 74 76 78 81 86 95 97 103
28 59 61 62 63 65 66 68 69 70 71 72 73 74 75 76 77 78 79 81 82 84 85 90 91 92 94 95 103
20 57 59 61 65 69 71 72 73 74 75 77 79 82 85 87 89 93 99 101 103
17 56 57 59 60 67 68 69 71 78 79 81 86 87 90 92 93 94
35 56 57 58 59 61 62 63 64 65 67 70 71 72 73 74 75 76 77 78 79 80 83 84 85 86 87 88 89 92 93 97 98 99 102 103
37 58 60 61 62 63 64 65 66 67 69 70 71 72 74 76 77 78 79 80 81 82 83 84 85 86 87 89 90 91 94 95 96 97 98 99 101 103
37 56 57 59 61 63 65 66 67 68 69 70 72 74 75 76 77 78 80 81 82 83 84 85 86 87 88 89 90 94 95 97 98 99 100 101 102 103
31 61 62 63 65 67 68 69 71 73 74 75 76 78 80 81 82 83 84 86 87 88 89 93 95 96 97 98 99 100 102 103
35 56 57 61 63 65 66 67 69 71 72 73 74 75 76 77 78 80 81 83 84 85 86 87 88 90 91 92 94 95 97 98 99 100 101 102
32 56 58 60 61 62 63 64 66 68 72 73 75 76 77 79 80 81 82 85 86 91 92 93 94 95 96 97 98 99 101 102 103
37 56 58 59 60 63 64 65 66 67 68 69 70 71 73 74 75 78 79 80 81 82 84 85 86 87 88 90 91 93 94 95 96 97 99 101 102 103
22 56 57 58 60 61 65 66 67 72 74 75 76 77 82 83 85 86 88 89 95 101 103
34 56 57 58 59 60 61 63 65 66 67 69 70 71 72 73 75 76 77 78 80 82 84 85 87 88 89 91 92 94 96 97 99 101 102
23 56 58 63 65 70 72 73 78 79 80 81 83 84 87 89 91 93 94 95 99 100 101 103
13 108 111 113 114 115 118 125 126 130 133 134 135 136
11 106 111 113 115 116 118 119 123 124 125 132
15 104 106 112 114 118 119 120 124 125 126 127 131 133 134 136
5 111 120 126 130 136
11 104 107 116 118 119 120 123 126 131 133 135
9 106 108 117 120 121 127 130 132 134
13 106 109 112 113 114 119 121 126 127 129 131 132 134
13 106 108 109 112 114 117 121 124 127 128 130 134 136
21 104 106 111 113 114 115 116 117 118 121 122 123 124 126 128 129 130 131 133 134 135
10 109 113 117 119 124 126 130 132 133 136
9 105 107 109 112 114 117 130 131 134
8 107 108 109 110 113 114 124 135
9 104 106 107 108 114 121 122 123 135
7 105 110 111 113 115 129 132
7 108 110 117 120 128 131 134
11 106 108 114 116 119 124 125 128 130 131 134
7 107 112 113 115 125 127 135
8 105 106 116 117 118 121 123 127
11 104 106 109 111 114 118 119 121 130 132 133
6 108 109 118 130 131 133
2 109 117
5 106 115 117 120 136
8 111 113 118 119 122 124 132 135
10 104 107 112 123 125 126 128 129 130 131
11 106 111 112 114 117 121 122 124 126 128 129
8 116 117 120 122 124 127 128 129
11 104 105 107 109 112 117 121 123 132 133 135
6 104 109 110 119 121 132
25 104 106 107 108 109 110 112 113 114 115 116 117 119 121 123 125 126 127 129 130 132 133 134 135 136
8 105 107 108 116 123 132 135 136
8 112 115 118 119 121 127 128 132
11 104 105 106 107 110 112 127 128 129 134 136
23 104 105 106 108 110 112 113 114 115 116 117 118 121 122 123 124 126 127 128 129 130 131 135
22 104 105 106 107 108 111 112 113 114 115 116 117 118 120 121 125 126 128 130 132 134 136
9 105 106 107 112 113 118 122 128 132
10 105 107 114 120 122 124 130 132 133 136
18 105 107 108 109 110 111 113 115 116 117 121 122 123 128 129 130 132 135
8 109 115 118 126 128 131 135 136
8 105 111 118 120 122 124 128 131
14 105 110 111 112 115 116 118 120 125 127 128 129 131 134
14 104 109 111 113 117 118 119 120 121 125 127 128 129 133
16 104 105 106 109 111 115 118 119 120 123 124 127 129 131 132 136
12 104 109 114 115 119 121 122 124 126 127 128 129
11 108 109 115 119 121 124 126 127 133 135 136
12 105 107 108 109 110 112 119 120 125 127 132 136
10 107 109 111 119 120 125 132 133 134 136
8 105 106 107 113 123 126 131 135
12 105 109 110 112 113 122 123 125 126 133 134 135
9 105 108 109 110 114 116 117 121 136
7 110 113 115 118 120 122 126
22 104 105 107 108 109 110 113 115 116 118 119 120 123 125 127 130 131 132 133 134 135 136
13 104 110 111 114 116 117 120 123 125 129 130 131 134
10 104 108 110 120 121 127 128 129 133 135
12 104 112 115 119 122 125 128 129 131 132 133 134
5 114 116 123 125 126
8 105 107 111 112 113 122 125 133
7 104 109 121 122 125 131 136
3 122 126 136
20 104 105 107 108 110 111 115 116 117 118 120 122 123 124 125 128 130 133 135 136
9 104 112 116 119 123 126 131 134 135
10 105 107 108 110 122 123 130 131 135 136
8 105 116 122 123 124 126 129 136
11 111 113 115 117 119 120 121 122 124 132 135
6 105 106 107 112 123 131
7 108 110 113 115 117 118 121
2 122 125
6 106 115 120 127 133 134
7 106 109 111 125 127 128 129
17 107 108 110 112 113 114 116 117 121 122 125 126 128 130 133 134 135
10 106 110 111 112 116 118 126 128 129 130
9 106 112 114 115 116 124 126 132 134
8 104 110 114 116 119 123 124 129
8 108 116 118 119 124 127 128 131
4 111 127 129 136
8 106 112 117 118 120 130 131 133
15 104 108 110 111 114 116 120 122 124 125 129 130 133 134 136
5 110 111 113 125 134
11 109 110 119 122 123 124 127 129 131 133 135
8 104 107 111 114 121 129 130 132
16 105 107 108 113 114 115 117 119 120 123 124 127 132 133 134 135
4 108 118 119 124
10 107 108 110 111 115 116 117 122 130 135
7 104 105 107 109 117 133 135
7 104 112 119 123 126 134 135
14 107 108 110 112 113 116 117 121 125 126 128 130 134 135
6 105 116 122 123 126 136
15 105 108 109 110 113 115 117 121 122 123 128 129 130 132 135
7 110 111 112 116 126 128 130
3 115 120 127
5 106 120 127 133 134
7 113 115 116 118 119 123 124
7 109 119 122 127 129 131 135
4 106 114 126 132
4 106 115 126 132
5 104 109 121 122 136
10 108 110 111 114 116 120 125 129 130 133
4 105 111 115 132
4 109 118 131 133
7 106 112 117 118 120 130 131
5 106 108 120 121 130
4 106 116 123 127
7 107 112 113 118 122 128 132
6 105 107 108 116 123 136
6 107 124 130 132 133 136
5 106 116 121 123 127
6 105 110 123 133 134 135
4 108 110 124 135
3 110 115 132
7 105 108 110 114 117 121 136
16 105 108 109 113 115 116 118 119 120 123 130 131 133 134 135 136
13 107 108 110 112 113 114 116 117 121 122 128 133 135
7 107 108 114 121 122 123 135
3 107 113 127
8 108 109 119 121 126 127 133 136
8 104 110 111 114 116 120 129 130
4 107 112 122 125
4 110 118 120 126
3 111 127 136
11 107 112 113 116 117 121 122 128 130 133 134
11 105 108 110 113 116 121 123 129 130 132 135
4 108 109 118 130
11 104 106 114 118 120 124 125 126 127 131 134
1 109
7 104 119 121 125 127 128 133
7 109 112 114 119 126 129 131
6 104 125 128 129 132 134
7 105 116 122 124 126 129 136
6 105 109 117 121 133 135
14 104 105 108 112 113 115 116 118 122 126 127 128 130 135
9 104 106 119 120 127 131 133 134 136
7 104 118 119 124 126 131 136
8 108 119 121 124 126 127 133 136
7 110 112 116 118 126 129 130
4 108 110 117 118
9 104 112 115 119 122 125 131 133 134
8 104 106 109 111 114 118 119 130
9 104 112 115 119 122 125 128 132 134
4 108 120 121 134
5 106 112 118 120 131
4 110 120 128 131
10 104 109 114 119 121 122 124 126 127 128
5 105 108 110 122 136
5 110 114 119 123 129
4 110 118 122 126
4 106 116 118 121
4 104 110 119 132
1 125
2 111 136
4 109 111 125 128
7 107 112 123 126 128 130 131
11 116 121 122 123 124 126 128 129 133 134 135
8 104 105 107 109 112 121 123 132
5 108 116 132 135 136
5 116 120 122 128 129
5 105 107 118 122 128
9 115 117 119 120 121 122 124 132 135
10 104 108 110 111 116 120 122 129 130 134
11 107 112 114 117 121 122 128 130 133 134 135
1 125
9 104 109 113 117 118 120 125 128 129
4 106 115 117 120
6 116 120 122 124 127 128
9 104 109 113 118 120 125 127 128 133
3 110 113 125
15 104 105 107 108 109 113 115 116 119 123 127 130 132 133 134
5 106 115 124 126 134
5 106 108 114 122 123
3 115 133 134
10 107 113 114 117 123 127 132 133 134 135
4 114 116 125 126
4 106 115 120 134
5 107 109 111 120 134
5 106 111 113 116 124
8 108 114 119 124 125 128 131 134
6 107 112 113 125 127 135
7 111 120 125 132 133 134 136
5 110 114 116 123 124
7 113 117 124 126 130 133 136
1 122
4 105 120 122 124
4 106 112 116 126
6 115 118 119 121 128 132
6 108 110 127 128 129 133
14 104 105 106 109 111 115 118 119 120 123 127 129 131 132
4 108 110 118 121
1 122
5 106 115 127 133 134
5 106 120 121 127 130
6 104 119 123 131 134 135
2 122 136
16 104 108 109 112 116 117 121 123 125 127 129 132 133 134 135 136
3 110 128 134
5 105 107 108 116 123
7 105 116 123 124 126 129 136
4 104 111 114 129
10 104 111 114 117 120 123 129 130 131 134
3 120 128 131
16 104 105 110 111 115 116 117 120 122 123 124 128 130 133 135 136
6 111 113 118 119 124 132
7 104 107 123 126 128 129 131
6 109 112 114 130 131 134
5 107 112 113 125 133
8 107 109 111 120 125 132 133 136
4 120 126 130 136
5 108 116 119 127 128
6 109 124 126 132 133 136
5 107 112 113 118 128
7 107 114 122 130 132 133 136
5 109 121 122 125 136
9 104 110 111 116 117 120 125 130 134
6 106 108 117 120 127 134
7 105 110 114 116 117 121 136
3 109 118 131
8 106 109 114 117 124 127 128 134
4 106 127 132 134
6 106 109 124 127 128 134
8 112 114 118 120 125 126 134 136
5 108 119 124 127 131
5 109 121 122 125 136
6 106 114 115 116 126 132
12 106 111 113 118 121 122 124 128 129 131 133 134
1 122
3 114 123 126
9 105 109 110 112 113 123 125 126 135
10 105 110 111 115 116 120 125 127 129 131
3 116 123 125
8 106 111 115 118 123 124 125 132
7 110 119 123 127 129 131 133
13 107 108 113 115 117 119 120 123 124 127 132 133 134
7 109 110 122 123 124 131 135
4 106 117 120 136
4 105 111 115 129
1 122
7 109 110 124 129 131 133 135
6 104 105 109 112 117 121
6 107 108 116 132 135 136
13 107 108 110 111 113 115 117 121 123 128 129 130 135
7 114 117 121 122 126 128 129
17 106 111 113 114 115 116 117 121 122 123 124 126 129 130 131 133 134
7 105 106 116 117 118 121 127
5 105 117 118 121 123
9 104 107 116 118 119 123 126 131 135
10 107 108 113 114 121 125 128 130 133 135
12 106 111 114 115 121 122 123 124 126 128 129 130
12 104 109 120 123 127 130 131 132 133 134 135 136
6 109 110 129 131 133 135
10 104 111 114 117 120 123 125 129 131 134
6 111 117 119 120 124 132
5 111 112 113 125 133
7 111 115 117 119 122 124 132
4 106 115 133 134
6 104 107 114 121 123 135
4 105 122 123 136
4 104 109 121 131
3 113 125 134
13 108 110 112 113 114 116 117 121 125 126 128 133 135
4 105 112 113 122
9 106 108 116 119 124 125 130 131 134
5 105 107 113 123 135
9 109 114 115 119 124 126 127 128 129
4 105 113 129 132
16 104 105 107 108 110 111 115 117 118 120 123 128 130 133 135 136
6 104 112 122 125 129 132
9 104 106 109 111 114 118 121 130 133
11 104 105 106 108 115 116 117 121 128 134 136
17 104 105 106 107 108 111 112 113 115 116 117 120 121 126 128 132 136
9 104 108 114 122 125 130 133 134 136
3 111 127 129
14 107 108 112 113 114 116 117 121 122 128 130 133 134 135
6 104 106 109 111 121 133
2 127 136
9 104 109 114 115 122 126 127 128 129
14 105 107 108 109 111 113 116 117 121 122 128 129 132 135
9 104 105 107 109 112 117 121 132 133
5 110 123 124 129 133
10 109 111 113 118 119 121 125 127 128 133
6 107 116 123 132 135 136
4 106 115 120 136
15 107 108 113 114 116 117 121 122 125 126 128 130 133 134 135
3 111 120 136
5 111 118 122 132 135
2 127 136
3 108 117 120
13 105 107 108 113 115 117 120 123 124 132 133 134 135
5 112 115 118 119 127
6 105 107 108 112 127 132
4 105 111 115 129
6 119 121 122 124 127 128
10 108 109 112 114 117 121 124 128 130 134
1 122
16 104 105 107 110 113 115 116 118 119 120 123 131 133 134 135 136
13 104 106 118 119 120 124 125 126 127 131 133 134 136
18 104 105 106 111 112 113 114 115 116 117 120 121 126 128 130 132 134 136
6 107 108 110 113 114 124
3 107 115 127
4 105 123 124 126
5 107 114 121 130 132
4 109 128 131 135
7 104 108 120 127 128 129 133
7 106 111 114 117 121 122 126
4 111 118 119 122
10 104 105 109 111 115 118 119 131 132 136
2 120 136
12 110 111 112 115 116 118 120 125 128 129 131 134
6 104 114 121 129 130 132
5 105 114 120 122 132
5 107 108 123 131 135
4 107 108 109 113
7 113 114 118 125 126 133 134
5 105 109 112 114 131
5 104 122 125 131 136
4 104 116 119 129
8 107 112 123 125 126 128 130 131
5 106 112 117 130 133
2 122 136
5 116 118 119 124 131
14 109 113 114 115 116 117 119 123 126 127 129 134 135 136
4 113 115 118 126
10 104 109 114 115 122 124 126 127 128 129
2 114 123
1 122
7 111 114 120 129 130 133 134
10 112 115 119 122 125 128 129 131 132 133
9 104 106 109 114 118 119 121 132 133
4 107 112 115 125
7 106 111 113 115 118 123 132
2 126 136
4 117 118 121 127
12 104 105 106 107 108 112 114 125 126 128 130 134
5 108 113 115 117 121
4 108 113 115 118
5 106 110 112 116 130
4 115 127 133 134
4 113 122 125 133
2 115 136
4 104 110 121 132
9 104 112 119 122 125 128 129 132 133
9 113 115 117 119 120 122 124 132 135
6 105 107 112 113 122 125
5 112 116 123 126 135
9 106 108 109 112 117 127 128 130 136
6 112 117 118 120 130 133
6 108 110 113 115 117 121
14 105 107 108 110 115 116 119 125 127 130 132 133 135 136
2 122 126
5 106 107 123 126 131
4 105 106 112 123
8 114 115 119 121 122 127 128 129
5 105 111 118 122 124
6 105 107 116 123 135 136
9 109 115 121 124 126 127 133 135 136
8 106 111 113 115 116 119 124 132
12 104 110 114 116 120 122 124 125 129 130 134 136
2 111 136
3 109 121 132
6 105 116 122 123 126 136
4 110 111 115 132
10 104 111 117 120 123 125 129 130 131 134
8 106 114 121 126 127 131 132 134
6 105 108 109 110 116 121
6 107 109 112 114 117 130
6 106 109 111 125 128 129
18 104 105 106 110 112 113 115 116 117 118 121 123 124 126 127 129 130 135
10 107 114 115 120 124 127 132 133 134 135
10 104 111 116 120 123 125 129 130 131 134
3 130 131 133
8 104 114 119 125 126 127 131 133
11 105 107 108 113 115 119 120 124 132 133 134
7 107 108 109 110 113 114 124
12 104 110 111 114 120 122 124 125 129 130 133 136
8 109 115 119 121 122 124 126 129
3 106 115 120
15 105 107 108 109 110 116 118 119 123 125 130 132 133 134 136
6 106 109 111 125 127 128
4 106 107 123 131
9 111 115 117 120 121 122 124 132 135
7 104 110 111 116 124 129 130
4 104 110 114 119
6 107 109 110 113 124 135
4 106 112 123 131
9 104 109 115 119 124 126 127 128 129
11 104 106 107 111 112 113 114 118 120 126 130
5 112 114 124 126 134
6 105 108 109 114 117 136
6 105 106 116 117 121 123
8 109 110 122 123 125 133 134 135
10 104 112 119 122 125 128 131 132 133 134
7 105 109 114 116 117 121 136
8 104 112 114 120 125 126 133 136
6 105 107 112 114 130 134
4 107 109 110 113
7 104 111 114 118 121 130 133
5 112 117 118 131 133
3 111 120 136
17 104 105 107 108 110 115 116 117 118 122 123 124 125 128 130 133 136
4 105 123 131 135
17 104 105 110 111 114 118 119 120 121 123 124 125 126 128 129 131 134
10 109 112 114 118 120 122 123 131 133 136
16 107 108 111 112 119 120 121 122 125 127 129 130 132 134 135 136
14 104 105 107 108 113 119 122 125 129 131 132 133 135 136
22 104 106 107 109 110 112 113 114 116 117 118 122 124 126 127 128 129 130 131 133 135 136
13 104 106 109 110 114 116 117 120 121 126 130 134 135
17 105 106 108 112 115 116 118 121 122 123 124 125 127 129 130 132 133
12 105 108 111 113 116 117 118 119 120 127 128 134
17 106 107 108 110 111 113 114 117 118 119 125 126 129 132 133 134 135
12 111 112 118 119 120 121 122 124 127 129 132 136
16 107 111 112 113 114 115 116 120 121 124 125 129 130 131 132 133
10 105 108 113 117 122 128 131 133 134 136
12 105 107 109 110 113 114 118 120 121 128 133 135
11 104 109 110 111 118 123 125 128 129 130 135
19 104 106 108 109 110 111 112 114 116 117 119 121 123 125 128 129 132 135 136
21 107 108 110 112 113 115 116 117 119 120 121 124 125 126 127 128 130 131 132 135 136
15 105 106 108 110 111 112 117 120 121 122 123 124 125 135 136
13 104 105 106 112 114 119 120 121 123 126 133 135 136
17 109 111 112 114 115 119 120 123 124 125 127 128 129 132 133 135 136
16 104 106 109 111 112 113 116 119 120 121 124 128 131 134 135 136
21 104 108 109 114 116 117 118 119 120 121 122 124 125 126 127 128 129 130 131 134 135
21 104 105 106 107 109 113 114 116 117 119 120 125 126 127 128 129 130 132 133 134 136
18 106 109 110 111 112 114 115 116 117 120 123 125 126 127 129 130 131 132
10 109 111 117 122 124 126 128 129 133 136
19 105 106 107 109 111 112 116 117 118 121 122 124 125 127 128 129 131 132 136
21 104 105 107 108 109 110 111 114 115 117 118 120 121 122 123 124 126 131 132 133 136
16 104 107 109 113 114 119 120 122 128 130 131 132 133 134 135 136
14 105 109 110 111 112 113 121 125 128 131 132 133 134 136
13 104 105 106 107 110 111 112 115 120 124 131 133 135
11 104 108 110 118 119 120 123 125 127 133 134
21 106 107 110 111 112 116 118 119 120 122 123 124 125 127 128 129 130 133 134 135 136
11 105 112 113 114 117 118 122 124 125 129 135
16 104 106 107 110 111 113 114 115 121 122 125 126 132 133 135 136
16 105 106 109 110 114 115 116 117 118 121 124 125 131 132 134 136
23 104 106 107 108 109 110 111 113 114 115 116 117 119 122 123 124 125 128 130 131 133 134 135
15 104 105 110 115 117 122 123 125 126 130 132 133 134 135 136
18 107 110 111 112 114 115 116 117 119 121 122 126 129 130 132 133 134 136
18 108 109 113 114 116 117 118 120 121 122 123 124 125 126 128 129 133 136
15 105 106 112 113 114 117 118 121 129 131 132 133 134 135 136
13 104 108 110 114 115 119 121 122 123 128 131 132 134
9 104 113 119 122 123 124 133 134 135
11 105 107 108 113 117 120 122 126 127 128 132
13 107 114 117 119 120 121 122 124 126 127 133 134 135
12 108 114 116 118 119 120 124 125 128 131 132 134
11 105 106 107 110 114 116 118 122 129 133 135
11 108 109 111 112 114 115 121 122 123 135 136
20 104 108 109 112 114 115 116 118 120 121 122 123 124 125 126 127 128 130 132 136
10 118 119 121 123 124 126 128 129 131 135
22 104 106 109 110 112 113 115 116 117 118 119 120 121 123 124 125 128 129 130 132 134 136
16 106 109 110 111 112 113 115 118 121 127 128 130 132 133 135 136
19 104 105 106 107 108 109 111 115 117 119 120 122 125 126 127 128 130 132 133
11 104 111 113 114 115 117 118 121 126 128 129
14 104 108 109 111 112 113 116 117 122 123 124 125 127 132
22 104 105 107 108 110 111 112 113 115 117 119 121 123 124 125 126 127 128 129 131 133 134
22 104 106 108 109 110 112 114 115 116 118 120 123 124 125 126 127 129 130 132 133 134 136
18 104 107 108 112 113 114 115 116 119 121 122 124 129 130 132 134 135 136
16 105 106 108 111 112 114 115 118 120 122 126 127 130 132 135 136
22 105 106 107 108 110 113 115 116 119 120 121 122 123 125 126 128 129 130 132 134 135 136
12 105 107 113 114 116 117 119 125 130 132 133 134
12 106 107 109 110 111 116 119 126 127 133 134 136
16 105 106 109 111 113 115 117 118 119 120 125 126 129 131 135 136
11 105 106 116 118 119 124 125 126 129 131 134
19 106 107 108 109 110 111 112 114 117 119 121 122 123 124 125 127 128 132 133
22 104 105 106 107 112 113 114 116 117 118 119 122 123 124 125 126 129 130 131 133 134 135
15 104 109 110 111 119 126 127 128 129 130 131 132 133 134 135
15 104 108 113 115 120 121 123 124 127 128 129 131 132 134 135
14 108 110 111 112 116 117 119 120 122 126 129 130 134 135
11 105 106 108 109 111 113 121 124 130 131 135
15 104 110 111 113 114 115 120 122 124 129 130 131 132 133 135
20 104 105 106 107 111 114 117 119 120 121 122 124 125 127 130 131 132 134 135 136
22 105 106 107 109 111 112 113 114 118 119 120 121 122 125 127 128 130 131 132 133 135 136
19 104 105 108 109 110 112 113 115 117 119 121 124 125 127 129 130 133 135 136
17 105 106 108 113 114 115 116 117 118 120 121 123 124 125 133 134 136
12 105 107 108 114 116 118 123 124 125 126 127 132
16 107 108 109 110 115 118 119 120 122 123 124 126 131 133 134 135
17 106 108 110 111 112 113 114 115 116 118 119 124 127 128 131 132 136
16 105 106 109 110 115 118 119 120 121 122 124 125 126 130 132 134
18 106 107 108 109 110 111 113 115 116 117 119 123 125 126 129 133 134 135
11 104 105 106 116 118 123 125 126 129 130 131
22 104 105 106 107 108 109 114 115 118 119 120 121 122 123 126 127 128 129 130 132 133 136
15 106 110 111 113 114 117 118 120 123 124 129 130 132 135 136
16 104 106 115 117 118 119 120 121 123 124 125 128 129 130 131 132
20 105 106 107 108 109 111 115 116 120 122 123 124 125 126 127 128 129 133 134 135
14 105 108 109 110 113 117 118 119 120 126 129 130 132 136
17 104 106 110 111 112 113 115 116 117 119 120 122 123 124 130 135 136
21 104 105 106 108 109 111 112 113 114 116 117 118 119 120 123 124 125 127 129 130 133
21 104 106 107 109 110 111 112 114 116 119 120 121 123 124 125 126 128 129 131 134 136
21 106 107 108 109 110 111 114 115 119 122 124 125 126 128 129 130 131 132 133 134 136
14 104 107 110 111 113 115 116 119 124 125 126 134 135 136
11 106 107 118 119 121 123 127 131 133 134 135
20 105 106 107 109 110 114 115 116 117 119 120 121 123 127 128 129 130 132 134 136
18 105 108 109 113 115 116 117 118 119 125 126 128 129 130 131 132 133 134
21 104 105 107 108 110 115 116 118 120 121 123 124 125 127 129 130 131 132 133 134 136
18 104 107 110 111 112 113 115 116 117 118 120 122 125 126 128 129 130 136
11 107 109 112 114 122 123 124 125 128 132 135
10 104 109 113 114 115 118 127 134 135 136
11 110 111 112 114 115 119 125 126 130 135 136
15 104 106 113 116 119 120 122 123 125 128 129 130 134 135 136
17 104 105 107 109 111 113 114 115 116 117 119 121 124 125 128 131 132
16 104 107 108 111 112 115 116 117 118 124 128 129 131 132 133 134
18 104 105 107 108 109 110 111 114 115 118 120 122 125 126 128 129 130 132
10 105 112 113 116 121 126 127 128 134 135
22 104 105 106 109 111 112 115 116 117 119 120 123 124 125 126 127 128 129 130 131 132 135
16 108 109 113 118 119 121 122 123 124 125 127 128 130 132 134 135
12 107 111 112 113 114 118 123 124 126 127 130 133
12 107 112 115 119 120 123 127 128 130 131 132 134
17 105 108 110 113 115 116 118 120 121 122 123 127 128 129 130 135 136
10 106 107 108 110 111 113 114 126 128 130
22 105 107 108 110 111 112 113 114 115 116 117 118 119 120 121 123 124 129 131 134 135 136
10 104 110 113 115 116 117 123 124 130 134
11 106 108 110 112 115 116 118 120 121 127 131
16 104 108 109 112 115 117 118 119 120 121 123 124 125 128 131 135
20 104 106 107 108 109 110 113 114 117 118 119 121 122 124 125 126 127 129 130 136
23 104 106 107 108 109 110 111 112 113 114 117 118 120 121 122 126 127 128 131 132 133 134 135
16 104 105 107 113 114 115 117 118 120 122 123 125 127 129 135 136
22 104 105 106 108 110 111 112 113 114 116 118 119 121 123 124 127 128 130 133 134 135 136
16 108 112 115 116 120 122 123 124 126 127 128 129 132 133 134 135
18 104 105 107 108 109 110 112 114 118 119 120 122 123 125 128 130 133 136
17 104 108 111 113 115 118 119 120 121 123 124 125 129 130 131 132 133
12 104 110 111 113 115 116 119 124 128 132 135 136
13 105 106 107 113 116 119 120 121 123 126 129 133 136
10 105 113 117 118 121 125 130 132 133 135
18 107 109 110 111 112 114 115 117 118 120 121 122 126 129 131 132 134 136
13 105 110 111 112 115 117 122 123 128 130 133 135 136
22 105 108 109 110 111 112 114 115 116 117 118 120 121 122 123 124 127 129 130 132 133 135
16 105 106 107 108 109 116 117 120 124 126 130 132 133 134 135 136
21 104 105 107 108 112 114 115 116 118 119 120 122 123 124 125 126 127 128 129 135 136
22 104 106 107 108 109 113 114 116 117 118 119 122 123 124 125 126 129 130 131 132 133 136
22 106 107 109 110 112 113 114 115 116 119 120 122 123 124 125 126 128 129 132 133 135 136
20 105 106 107 108 109 111 115 117 118 119 120 124 125 126 128 130 132 134 135 136
17 106 107 109 111 112 114 115 116 119 120 122 123 124 125 126 127 136
22 104 106 107 108 110 111 113 114 118 119 122 123 124 125 126 128 129 130 132 134 135 136
23 104 105 106 108 110 112 113 114 115 116 117 118 119 120 122 123 124 126 128 131 132 134 135
13 107 109 112 114 119 121 123 124 125 129 131 133 134
18 107 108 113 114 115 116 117 119 122 123 124 125 128 129 132 134 135 136
19 104 105 106 107 109 113 114 115 116 117 118 120 121 122 125 127 128 133 134
15 107 109 114 115 116 118 119 123 124 127 129 130 132 135 136
22 104 105 109 110 111 113 114 115 116 117 118 120 122 126 127 128 129 130 131 132 133 135
12 106 109 111 112 114 115 116 117 118 124 126 136
20 104 107 108 110 111 114 115 116 117 118 122 123 124 125 126 129 130 131 133 136
15 105 106 109 110 116 120 121 122 125 127 129 130 132 135 136
19 105 106 107 108 109 110 112 115 116 119 121 125 126 127 128 130 131 132 133
11 109 110 111 114 119 120 123 124 126 128 133
20 105 106 107 108 110 111 112 114 115 117 119 120 121 122 123 127 128 131 133 135
17 105 107 108 111 112 113 115 117 118 125 126 127 128 129 131 133 136
19 104 106 107 109 110 111 112 113 114 116 118 122 125 126 127 130 132 134 135
10 106 107 108 118 119 120 121 123 124 128
16 104 105 110 112 115 118 119 120 122 123 124 130 131 134 135 136
17 109 111 114 115 116 118 119 123 126 127 128 129 130 132 133 134 136
22 104 105 107 109 110 111 113 114 115 116 117 118 123 124 125 127 128 129 130 131 133 134
18 105 107 109 110 111 113 115 116 117 118 120 126 129 130 132 133 134 135
22 104 105 106 111 112 113 114 115 117 118 119 120 121 122 123 125 127 130 132 133 135 136
14 104 105 107 110 113 115 117 121 123 128 131 132 135 136
10 108 110 112 115 121 125 127 130 131 132
17 104 105 106 108 110 114 115 116 117 118 119 120 124 131 132 133 134
10 106 108 111 116 119 121 126 130 131 135
20 104 107 108 109 110 113 114 115 116 117 120 122 125 126 127 128 130 133 134 136
10 105 106 112 113 114 116 126 128 134 135
13 106 107 108 110 112 113 119 120 124 125 128 130 134
22 104 105 107 108 109 110 112 113 114 118 119 121 122 123 125 126 128 129 131 133 134 135
20 106 107 110 111 112 113 115 116 117 118 120 123 125 126 127 129 130 132 134 135
16 105 106 107 112 114 117 120 121 122 123 125 129 131 132 134 136
18 106 107 108 110 111 113 115 116 117 118 121 123 124 130 131 132 134 136
22 104 105 106 107 109 110 111 112 113 114 116 117 119 120 123 125 126 128 130 131 133 134
11 109 111 116 117 118 120 122 126 127 133 136
10 105 109 110 112 114 117 122 125 126 133
20 108 110 112 113 114 115 118 119 120 122 125 127 128 129 130 131 132 133 135 136
20 105 106 108 109 111 112 114 115 116 118 119 120 121 122 127 128 129 130 131 135
18 104 105 109 110 112 113 114 115 119 120 121 122 124 128 130 131 132 135
17 104 105 107 110 112 113 114 120 121 123 125 126 127 128 129 134 135
21 104 105 106 108 109 112 113 114 116 117 118 122 124 126 128 129 130 131 134 135 136
14 108 109 111 114 115 117 119 121 127 130 133 134 135 136
18 106 107 111 112 114 115 119 122 124 125 126 127 128 129 131 132 133 135
19 104 105 106 107 108 113 115 117 120 123 124 125 127 128 129 130 131 133 135
9 105 108 111 116 122 127 128 131 134
19 105 106 107 109 112 113 116 120 121 124 125 126 129 130 131 133 134 135 136
18 105 106 109 111 115 117 119 121 122 125 126 128 129 130 131 132 133 134
14 105 107 108 110 112 115 118 122 123 124 125 128 131 134
13 104 106 107 110 113 114 119 122 124 126 128 130 133
19 104 105 106 107 110 112 113 117 120 123 124 126 128 129 130 132 133 134 135
21 104 105 108 109 112 113 114 115 116 117 120 121 124 126 128 129 130 132 134 135 136
15 105 106 107 109 110 111 113 114 119 121 122 125 126 128 132
13 104 106 107 108 109 110 113 115 118 119 130 134 135
19 106 107 109 110 111 113 114 115 118 119 122 124 125 127 129 131 133 134 135
13 104 106 108 113 117 119 121 127 128 129 132 135 136
23 104 107 108 109 110 111 112 115 116 118 119 120 123 124 125 127 129 131 132 133 134 135 136
13 106 108 114 119 120 126 127 130 132 133 134 135 136
17 104 109 110 111 112 113 114 117 119 120 121 122 123 126 127 134 136
15 105 106 108 113 115 116 117 119 122 123 125 129 131 135 136
14 104 105 106 111 113 118 120 121 122 124 126 127 132 135
16 104 105 109 110 112 114 115 118 121 123 125 128 131 134 135 136
20 104 105 106 107 108 109 111 113 114 115 116 118 119 122 123 126 130 132 134 135
18 104 106 107 109 111 112 113 116 121 124 125 126 128 129 131 132 134 135
15 104 107 113 118 121 122 123 124 125 127 131 132 133 134 136
21 104 105 110 111 112 113 115 116 117 121 122 123 124 126 128 130 132 133 134 135 136
12 104 105 111 112 114 116 119 123 128 129 133 134
15 106 111 112 114 115 116 117 118 120 124 126 127 129 130 133
19 107 108 109 113 115 116 117 118 120 123 125 127 128 130 131 132 133 134 135
15 105 110 111 115 118 120 122 125 127 128 129 130 133 134 135
15 104 106 109 113 115 116 117 119 120 123 125 126 127 128 129
20 104 108 110 113 114 117 119 120 121 122 123 124 125 127 128 131 132 134 135 136
14 106 107 109 111 114 115 119 123 127 128 129 132 133 135
10 104 106 107 114 126 127 129 131 133 134
9 113 117 118 120 123 124 125 132 135
12 105 108 109 111 114 118 119 120 122 123 133 135
14 105 108 109 110 117 118 119 120 124 126 127 132 133 135
18 105 106 109 110 111 113 117 120 121 123 124 126 128 129 130 133 135 136
13 104 107 112 113 116 118 119 124 125 128 129 132 135
11 104 110 112 113 116 118 122 125 127 128 132
20 104 105 106 109 111 112 113 114 115 116 117 118 119 120 127 128 129 134 135 136
17 107 108 109 110 111 113 114 115 117 118 119 124 126 128 129 130 135
14 107 110 112 116 117 118 119 125 127 129 130 132 134 135
11 104 105 107 114 116 119 120 124 125 130 133
11 107 108 110 114 120 121 123 128 130 132 133
21 105 106 108 109 111 114 115 116 117 119 120 121 124 125 126 127 129 131 132 134 136
19 104 105 108 109 111 112 117 118 119 121 122 124 126 130 131 132 133 135 136
13 104 109 113 116 120 121 125 126 128 129 131 132 133
22 104 105 107 110 111 114 116 117 118 120 121 123 124 125 126 127 128 130 131 132 135 136
13 105 110 113 116 118 120 121 122 123 125 126 127 132
21 105 106 108 111 112 113 115 116 119 121 125 127 128 129 130 131 132 133 134 135 136
20 107 110 111 113 114 115 116 119 120 122 123 124 125 126 128 129 130 132 134 135
21 104 107 108 110 112 113 114 115 116 117 118 120 122 123 126 127 131 132 134 135 136
17 104 105 106 111 112 113 115 119 123 126 127 129 130 133 134 135 136
16 106 107 108 109 111 112 116 121 122 124 125 127 128 131 132 136
14 104 105 111 115 116 119 121 124 125 126 128 131 132 135
14 106 109 112 114 115 119 120 121 124 125 126 131 133 134
22 104 105 106 107 109 111 112 113 114 115 116 118 124 125 127 128 129 130 131 132 133 135
22 104 105 107 108 111 112 113 114 116 117 118 121 122 123 124 126 127 130 131 133 134 135
17 105 108 109 112 113 114 117 118 120 121 122 123 127 129 130 132 133
11 104 107 109 111 114 120 127 128 129 132 133
22 106 107 108 109 110 111 113 114 115 116 118 120 121 123 124 125 127 129 131 132 133 134
10 106 110 114 116 117 119 121 124 133 136
13 104 108 111 113 115 118 119 121 125 127 128 130 132
16 104 105 111 114 115 116 119 120 121 124 127 129 130 131 133 135
14 105 106 107 108 110 111 112 117 119 125 127 129 131 132
18 104 105 106 110 114 115 116 117 120 121 123 124 125 126 128 132 134 135
16 112 113 115 117 119 120 121 124 127 128 129 130 131 132 134 135
19 104 105 106 108 109 112 115 117 118 119 120 123 125 127 129 131 134 135 136
13 105 107 108 110 112 113 114 121 124 126 131 134 135
11 104 108 109 112 117 121 123 128 131 133 135
21 104 105 107 108 109 110 111 115 118 119 120 121 122 123 124 125 126 129 130 133 134
18 104 107 108 109 112 116 117 118 120 121 123 124 125 128 129 130 133 135
21 105 107 109 110 111 112 113 114 116 117 121 124 125 126 127 130 132 133 134 135 136
12 106 108 111 114 120 123 124 126 130 132 133 136
19 105 113 114 115 117 118 120 121 122 123 124 126 127 130 131 132 133 134 136
15 104 105 107 108 112 119 121 123 125 126 127 129 130 132 136
13 106 109 111 119 122 125 126 127 129 130 131 135 136
20 104 105 106 107 108 109 110 111 113 114 116 119 120 126 127 130 132 133 135 136
12 105 108 110 111 116 117 120 123 125 127 129 135
15 104 107 108 112 113 114 116 120 121 124 126 128 129 131 136
20 106 107 109 112 113 114 115 116 117 120 122 124 125 126 127 131 133 134 135 136
13 105 107 108 109 110 116 118 120 124 128 134 135 136
21 104 105 106 111 112 113 114 117 119 122 123 124 125 127 128 129 130 133 134 135 136
21 104 105 106 107 108 109 110 111 113 114 116 118 120 122 125 126 128 129 131 132 134
19 104 107 108 112 115 116 117 118 121 122 123 124 127 128 130 131 132 133 135
14 107 110 113 114 115 118 120 125 126 127 129 133 134 135
19 106 107 108 110 112 117 119 120 121 123 124 125 127 128 130 132 133 134 135
10 107 110 114 117 118 119 123 124 131 136
17 104 106 109 110 112 116 117 119 120 121 122 124 125 129 130 132 136
22 104 105 108 109 112 113 114 115 117 118 119 120 123 124 127 129 130 131 133 134 135 136
20 104 106 109 111 113 114 115 117 119 120 121 123 125 128 129 130 131 133 135 136
16 106 107 108 109 110 111 113 115 117 119 121 127 130 133 134 136
11 104 106 109 112 115 118 120 121 125 128 135
19 104 105 106 110 112 116 119 120 121 122 123 125 127 128 129 130 133 135 136
20 104 105 106 107 109 111 112 113 119 122 124 125 127 128 129 130 131 133 134 136
10 112 113 114 117 122 123 124 125 128 130
22 106 107 109 110 112 113 115 116 117 119 120 121 122 124 125 126 127 130 131 134 135 136
21 104 105 106 108 109 110 112 115 116 117 118 119 120 122 124 125 126 127 128 131 133
21 105 106 109 110 111 112 113 114 115 116 117 118 120 121 122 123 127 128 129 130 132
19 104 105 107 108 110 112 113 116 118 119 122 124 125 126 128 130 131 132 134
17 104 108 111 112 114 115 116 118 120 124 127 128 130 131 132 133 136
15 104 105 111 112 113 115 116 118 122 124 126 127 133 134 135
15 105 109 110 114 119 121 122 123 126 128 131 132 133 135 136
19 104 105 106 107 110 113 115 117 118 119 120 122 124 126 128 130 131 132 134
18 104 105 108 112 114 117 118 119 120 121 122 123 124 125 130 131 132 136
16 104 105 109 111 112 114 116 121 122 125 130 132 133 134 135 136
20 104 106 110 111 114 115 117 119 121 122 123 124 126 127 128 129 130 131 132 134
13 106 107 109 111 113 116 117 118 124 126 127 130 136
21 104 105 106 108 109 111 114 116 117 118 119 120 121 122 124 126 129 130 132 134 135
19 105 108 109 111 112 114 116 118 119 125 126 128 129 130 131 132 133 135 136
15 104 106 107 114 115 117 120 122 124 125 126 130 131 134 136
14 104 107 108 109 110 111 114 115 117 121 124 125 129 134
15 105 106 109 113 115 116 117 118 122 124 125 127 130 132 134
15 104 105 106 109 110 115 116 117 119 123 125 131 132 133 135
14 108 113 116 118 119 120 122 124 126 128 129 131 134 136
22 104 105 106 107 110 111 112 114 116 117 118 120 121 122 124 125 126 127 128 129 130 136
18 105 106 107 108 109 110 111 112 114 115 116 117 119 124 129 131 133 134
22 104 106 107 108 109 111 113 115 116 117 118 120 121 123 124 126 128 130 131 133 135 136
16 104 109 110 111 113 114 115 116 120 122 123 126 129 132 135 136
10 108 116 118 120 124 126 129 130 134 136
15 104 105 108 112 113 114 115 118 119 122 123 125 126 129 131
19 109 110 111 112 115 117 118 119 120 121 125 126 127 129 130 131 133 134 135
11 105 109 117 120 122 124 125 128 129 131 135
17 105 111 112 113 116 117 118 119 123 125 126 127 128 130 132 133 136
13 107 109 115 118 121 122 123 125 127 128 129 132 135
15 105 106 107 109 114 118 120 123 124 125 126 127 129 135 136
21 104 107 109 110 111 112 113 114 115 117 120 122 123 124 125 126 127 128 129 130 135
10 105 106 107 108 110 111 112 129 133 136
21 104 105 106 108 109 111 112 114 116 117 119 120 121 122 124 125 126 127 131 133 136
15 104 105 106 107 114 115 116 119 120 122 129 130 132 134 136
15 104 105 109 113 114 118 120 121 123 124 130 133 134 135 136
16 104 105 107 108 113 114 116 117 119 121 123 125 126 130 131 136
20 104 105 108 109 110 111 112 113 116 117 118 119 121 123 125 126 127 134 135 136
17 105 108 110 112 114 115 116 118 120 121 126 128 129 131 132 133 134
15 106 108 109 111 112 115 121 122 123 125 126 130 132 135 136
12 104 107 108 109 112 113 119 121 123 125 131 134
17 105 106 107 108 109 110 114 117 119 120 124 125 127 129 130 131 135
16 104 105 106 110 114 118 119 122 123 124 125 126 127 131 133 134
18 106 107 109 110 111 112 113 115 118 119 122 127 130 131 133 134 135 136
14 105 108 109 113 114 116 117 118 120 123 127 128 130 133
15 105 106 107 110 113 115 117 119 120 121 126 127 132 133 135
14 105 108 111 112 116 117 118 119 125 127 128 132 133 135
15 106 108 110 117 118 119 122 123 124 126 128 129 130 133 135
21 104 105 106 107 108 111 113 114 115 118 119 120 121 122 124 125 128 129 130 131 133
13 110 111 112 118 119 122 123 127 128 130 132 133 134
20 105 109 110 112 114 115 116 117 118 120 122 123 126 128 130 132 133 134 135 136
40 137 138 139 140 142 144 145 146 147 148 149 150 151 152 154 157 158 161 163 164 165 166 168 169 170 172 173 176 177 179 180 183 184 187 188 189 190 191 192 194
12 144 147 148 151 160 161 163 164 166 174 179 185
17 142 145 150 152 153 154 158 160 166 171 176 177 182 184 188 190 194
10 142 143 145 150 157 168 173 182 184 189
14 139 141 146 147 149 150 159 160 161 162 168 171 184 189
12 141 145 150 151 154 156 162 166 173 183 186 187
8 142 143 144 147 148 151 175 177
13 138 139 146 152 159 160 164 170 174 183 185 191 194
22 142 144 148 154 155 158 160 164 166 169 174 178 179 180 181 182 185 188 190 191 192 193
15 150 151 153 154 158 160 163 165 171 173 174 181 183 184 194
10 137 148 152 157 164 185 186 189 190 191
14 144 147 155 156 158 161 169 175 177 178 179 180 186 187
30 138 144 147 148 149 151 153 154 156 157 158 160 163 165 169 171 173 177 178 180 181 182 183 185 186 187 188 192 193 194
22 138 140 141 144 145 146 149 155 156 162 166 167 169 172 175 176 177 178 180 182 188 192
15 138 139 140 142 143 145 148 159 170 176 177 182 183 186 194
22 139 140 144 145 146 147 150 158 161 169 170 171 173 176 178 179 181 182 184 187 188 194
16 137 138 139 143 149 151 154 162 164 168 170 171 176 183 188 192
20 139 140 143 144 146 153 155 159 160 163 168 174 176 177 181 182 184 185 189 194
35 137 141 142 143 144 147 148 149 154 155 156 157 158 159 160 161 162 165 166 167 172 175 176 177 178 179 180 181 182 183 184 186 188 191 194
10 146 151 161 164 166 167 181 184 185 194
20 147 149 151 152 155 157 160 161 164 166 171 173 174 175 178 185 187 188 192 193
15 138 141 144 150 157 162 171 172 173 177 179 187 189 190 191
13 142 144 147 154 155 168 172 174 175 183 184 186 192
21 137 144 145 147 148 152 153 154 155 156 157 161 162 164 170 173 178 179 185 191 192
9 147 148 149 155 172 178 181 186 193
26 137 143 144 147 148 149 151 154 157 158 160 161 163 166 167 168 171 174 175 176 177 181 183 184 185 194
21 138 139 140 145 146 150 151 152 153 163 164 168 169 170 171 173 174 185 189 190 192
19 138 141 142 145 149 150 152 153 154 165 167 168 175 180 182 183 184 186 191
20 138 140 147 148 150 151 157 159 161 163 164 171 172 177 178 182 188 191 193 194
12 138 144 145 155 157 164 166 170 180 183 188 192
13 139 143 153 157 161 167 175 176 177 183 184 187 194
32 138 139 140 141 142 145 146 150 152 153 155 156 159 162 164 165 169 170 172 173 178 179 180 182 186 187 188 189 190 191 192 193
18 144 147 154 156 163 164 167 168 169 171 177 178 179 182 183 185 188 192
28 137 138 139 142 143 145 146 148 150 151 152 155 156 157 164 165 173 174 178 181 182 184 185 189 190 191 193 194
15 141 146 147 151 155 172 173 175 178 185 188 189 190 192 194
12 137 138 141 145 150 158 159 170 178 185 188 190
1 140
24 137 139 141 143 146 149 150 152 155 159 160 162 165 166 172 174 175 180 181 186 187 190 191 194
29 137 141 145 146 150 152 154 156 158 160 161 162 164 166 168 169 170 171 173 174 176 178 179 180 182 187 189 190 192
10 146 148 149 150 159 168 170 180 186 190
16 139 140 141 144 146 157 161 164 167 168 169 174 179 180 183 191
15 137 142 143 153 154 156 159 160 163 165 166 168 171 174 180
42 140 141 142 144 145 146 147 148 150 152 153 155 156 157 158 159 160 161 163 165 166 167 169 172 173 174 175 177 178 179 180 181 182 184 185 186 187 189 190 191 193 194
12 154 158 160 163 167 169 174 176 178 183 191 194
17 140 143 151 152 154 156 167 173 176 178 179 181 182 185 186 190 193
16 138 140 142 145 148 151 153 157 158 161 170 173 176 184 189 193
18 141 143 153 155 156 159 160 162 167 171 174 175 178 181 182 185 186 193
32 137 139 142 143 145 147 148 149 152 153 154 155 156 158 159 160 163 165 168 169 170 174 175 176 178 180 182 183 186 188 192 193
15 137 138 140 146 147 149 150 156 162 163 165 170 172 173 186
11 140 141 143 155 162 165 177 179 182 189 192
25 137 138 139 142 144 145 147 151 152 153 156 157 161 164 166 171 172 173 175 181 184 185 187 188 193
2 187 193
19 137 141 148 151 152 154 156 159 162 165 166 168 172 177 180 183 185 186 193
21 137 140 141 148 149 151 153 154 162 163 165 166 167 171 172 176 181 188 190 192 193
17 138 142 143 149 153 155 157 160 163 164 167 174 175 189 190 191 192
11 139 142 143 147 159 161 168 170 179 187 193
13 137 142 145 146 162 165 166 173 175 179 184 187 189
21 138 139 140 149 153 155 157 159 163 165 167 172 181 183 184 185 186 188 191 193 194
28 137 139 140 141 142 143 145 146 150 152 155 159 161 162 164 166 167 168 170 172 174 175 176 179 184 189 190 191
4 146 153 167 180
10 142 147 152 158 161 164 171 172 175 180
15 137 142 148 153 158 163 165 169 172 174 175 177 187 191 194
22 140 142 143 145 146 149 150 154 155 157 159 160 164 165 167 168 171 172 176 182 189 194
10 139 144 148 162 167 177 182 183 186 193
21 139 141 143 144 149 154 155 156 158 160 168 169 170 174 176 180 181 185 186 190 192
24 138 139 140 142 143 146 149 150 158 159 166 167 168 171 174 175 176 177 180 182 184 186 189 190
16 137 138 148 149 157 165 167 169 170 178 179 188 190 191 192 193
8 141 145 151 152 159 168 171 189
2 140 185
13 141 151 160 163 165 169 172 181 183 187 188 193 194
18 138 140 145 149 150 152 157 158 161 164 169 170 176 179 181 184 187 191
4 152 153 167 183
56 137 138 139 141 142 143 144 145 146 147 148 149 150 151 152 153 154 155 156 157 158 159 160 161 162 163 164 165 166 167 168 169 170 171 172 173 174 175 176 177 178 179 180 181 182 183 184 186 187 188 189 190 191 192 193 194
19 137 141 144 150 154 156 158 162 163 165 168 169 172 179 181 184 189 190 191
18 144 151 152 156 158 161 166 170 173 174 178 181 183 184 185 187 191 193
27 137 139 140 143 146 155 156 157 158 159 162 169 170 171 172 173 176 177 178 181 187 188 189 190 192 193 194
16 137 138 143 151 156 159 162 163 165 170 173 175 185 187 189 192
33 139 140 143 146 148 149 151 152 153 156 157 160 161 162 163 164 165 166 167 169 171 173 176 177 179 180 181 182 187 189 191 193 194
18 137 138 139 141 147 148 153 162 163 169 175 177 179 180 186 188 190 192
30 140 141 144 147 149 153 154 158 159 160 161 162 163 166 167 168 169 170 171 172 175 176 177 179 180 183 186 187 188 192
11 153 155 156 167 171 175 178 181 182 185 193
7 137 148 152 186 189 190 191
10 149 155 159 163 172 184 186 191 193 194
14 138 142 143 149 153 155 160 164 174 175 189 190 191 192
11 139 140 149 155 157 159 163 167 184 188 191
23 138 139 141 142 146 150 152 153 155 156 159 164 165 170 173 179 180 186 187 188 189 190 191
11 139 140 141 144 146 157 164 167 180 183 191
26 140 141 144 147 149 153 154 158 159 160 162 163 166 167 168 170 171 172 175 176 177 179 180 187 188 192
11 138 142 149 153 155 157 163 167 190 191 192
7 142 144 154 155 168 175 184
12 138 141 144 150 162 171 172 177 179 187 189 191
17 137 139 142 143 149 152 159 163 165 168 169 174 176 178 186 192 193
7 147 148 149 172 178 186 193
8 146 148 149 159 168 170 186 190
1 193
12 137 138 139 148 153 162 163 169 179 186 188 190
15 147 149 151 152 155 157 160 161 164 166 173 175 185 188 192
8 140 141 143 155 177 179 182 189
7 144 155 157 166 170 183 192
17 137 141 148 151 152 154 156 159 162 165 166 168 180 183 185 186 193
17 138 143 145 148 150 152 156 157 165 173 174 182 184 189 190 191 193
7 155 156 158 169 175 177 179
24 137 139 141 142 145 146 150 152 155 161 162 164 166 167 168 170 172 174 175 179 184 189 190 191
5 142 143 150 168 182
20 138 139 141 142 145 146 150 159 162 165 169 170 173 178 180 182 188 189 191 193
7 139 143 147 168 170 179 193
6 137 152 157 185 186 191
26 138 139 140 141 142 145 146 150 152 153 164 165 170 172 173 178 179 180 182 186 187 188 189 191 192 193
11 145 146 150 151 153 168 169 171 174 190 192
11 138 141 150 157 171 173 177 179 187 190 191
6 148 149 172 178 181 186
8 139 142 147 159 168 170 179 187
9 137 138 157 167 170 179 188 191 192
7 157 161 175 177 184 187 194
13 148 151 154 161 166 167 168 171 174 176 183 185 194
10 139 143 153 157 161 175 176 177 184 194
8 142 143 147 161 170 179 187 193
13 141 153 155 159 160 162 167 171 174 175 178 185 186
5 139 144 167 183 186
9 143 153 161 167 176 177 184 187 194
13 137 144 150 154 156 158 162 163 169 179 181 184 191
19 140 147 149 160 162 163 166 167 168 169 171 175 176 177 179 180 186 187 188
19 137 138 139 142 145 151 152 153 161 166 171 172 175 181 184 185 187 188 193
9 153 155 157 163 164 174 175 191 192
15 138 144 145 146 155 162 166 167 169 175 177 178 180 182 192
11 138 141 144 150 171 172 173 177 187 190 191
14 137 147 148 152 154 155 161 162 164 178 179 185 191 192
22 137 138 139 144 145 151 152 153 156 157 161 164 171 172 173 175 181 184 185 187 188 193
10 141 144 150 162 171 172 173 179 187 190
20 138 144 147 156 157 160 163 165 169 171 178 181 182 183 185 186 187 188 192 193
12 151 156 161 166 170 173 178 181 183 187 191 193
10 142 154 165 167 168 180 182 183 186 191
11 144 161 166 170 173 174 178 181 185 187 193
12 137 142 143 153 154 159 160 163 165 171 174 180
17 138 139 149 153 155 157 159 163 165 167 181 183 184 186 188 193 194
13 147 152 155 157 161 171 173 175 178 185 188 192 193
23 138 139 140 141 142 145 146 150 152 153 156 164 165 170 172 173 178 179 180 189 191 192 193
12 137 143 149 154 164 168 170 171 176 183 188 192
17 142 143 145 148 150 151 155 156 174 181 182 184 189 190 191 193 194
9 144 154 156 167 169 171 177 179 188
17 149 151 152 155 157 161 164 166 171 173 174 175 178 185 187 188 192
7 139 144 148 162 167 182 186
11 144 147 155 158 161 175 177 178 179 180 187
15 137 138 139 147 148 153 162 175 177 179 180 186 188 190 192
14 137 138 139 141 147 148 162 163 169 175 177 180 186 192
18 138 140 141 145 146 149 155 156 162 166 167 172 175 176 177 180 182 188
3 152 153 167
12 139 144 145 170 171 173 176 178 181 182 187 188
11 141 150 154 156 158 165 169 172 179 181 189
12 137 140 151 154 162 165 166 171 172 181 188 193
1 193
8 156 159 163 165 166 171 174 180
7 145 151 162 166 183 186 187
10 150 151 154 160 163 173 181 183 184 194
9 141 145 150 154 156 162 166 173 183
29 137 141 142 144 147 148 149 154 155 157 160 161 162 165 166 167 172 175 176 177 178 180 181 182 183 184 186 188 191
7 142 143 150 173 182 184 189
14 138 147 148 150 157 159 161 163 172 177 178 182 193 194
12 137 138 143 151 154 162 168 170 171 176 183 192
15 147 154 156 163 164 167 168 169 171 177 179 182 183 185 192
11 151 155 157 160 166 174 175 187 188 192 193
13 138 141 144 157 162 171 172 173 177 179 187 189 191
12 138 139 140 142 143 148 170 176 177 182 183 194
7 163 167 174 176 178 183 194
7 145 157 166 170 183 188 192
17 147 149 151 152 155 157 160 161 171 173 174 175 178 185 187 192 193
7 138 143 145 182 183 186 194
19 138 144 147 149 151 156 157 158 165 169 171 178 180 182 185 186 187 192 193
13 140 142 143 150 155 159 160 165 167 168 176 182 189
6 142 143 150 168 182 184
20 138 144 149 151 153 154 157 158 160 163 169 171 173 178 181 182 183 186 188 192
9 139 153 157 161 167 176 177 183 184
9 144 147 155 169 175 177 180 186 187
10 144 147 148 151 160 163 164 174 179 185
8 142 147 154 155 174 183 186 192
8 139 144 148 162 167 177 182 183
9 150 151 153 154 165 173 181 183 194
11 151 152 154 167 176 178 181 182 185 186 190
10 141 146 147 149 150 161 168 171 184 189
2 153 167
15 141 144 149 154 158 159 160 161 168 171 176 179 180 186 187
16 144 154 158 160 164 166 169 174 178 180 181 182 188 190 191 193
14 139 145 146 150 151 152 153 164 169 171 174 189 190 192
8 141 144 161 164 167 180 183 191
11 140 141 145 146 149 156 167 175 176 180 182
11 141 160 165 169 172 181 183 187 188 193 194
7 138 139 152 159 160 170 183
6 139 143 159 170 179 187
15 151 155 157 160 161 164 166 171 173 175 178 185 188 192 193
16 148 154 155 158 160 164 166 169 179 180 181 182 188 190 192 193
2 153 167
15 139 142 144 147 151 152 153 156 157 161 171 173 175 181 185
24 137 138 145 147 150 151 152 154 163 164 168 169 170 172 173 176 177 179 180 184 188 191 192 194
18 138 145 150 151 152 153 163 164 168 169 170 171 173 174 185 189 190 192
11 137 142 148 163 165 169 172 175 177 187 194
8 138 146 147 150 165 172 173 186
12 141 144 145 146 155 156 162 166 167 180 182 192
18 138 139 140 143 149 158 159 166 167 168 171 174 176 177 180 182 184 186
21 137 141 142 144 148 156 160 161 162 165 167 175 176 177 178 179 180 182 184 186 191
37 138 139 141 142 143 148 149 150 151 153 154 155 156 159 162 164 166 168 169 170 171 172 173 174 175 177 181 182 183 187 188 189 190 191 192 193 194
8 146 148 149 150 170 180 186 190
17 139 140 144 145 146 147 161 169 170 171 173 176 179 181 182 184 187
11 139 141 147 148 163 169 175 180 186 190 192
12 154 156 163 164 168 169 171 177 178 182 185 192
14 137 140 141 151 153 162 163 165 166 167 171 181 188 190
17 142 144 154 155 158 160 164 166 169 174 179 180 182 185 188 190 193
11 142 144 147 154 155 168 174 175 183 184 192
8 139 148 162 167 177 182 183 193
26 138 139 140 142 145 147 148 150 152 154 158 161 164 165 169 170 176 177 179 184 188 189 190 191 192 194
7 139 143 148 182 183 186 194
17 137 144 145 147 148 154 155 156 157 161 164 173 178 179 185 191 192
8 146 161 164 167 181 184 185 194
31 142 144 147 148 150 152 155 157 158 159 162 165 166 167 168 169 170 172 175 176 178 180 181 182 183 184 186 188 190 192 193
17 138 139 140 146 150 152 153 163 164 168 169 170 171 173 174 185 190
7 155 158 169 175 178 180 187
8 140 143 155 162 177 179 182 192
6 141 145 154 162 183 186
15 139 142 143 146 148 151 152 156 157 174 178 182 185 189 193
9 139 140 144 146 164 169 174 179 183
21 137 140 143 146 155 156 158 162 169 170 171 172 173 176 177 178 181 189 192 193 194
7 140 143 155 165 177 179 189
14 139 141 143 144 149 154 155 160 170 176 180 181 185 192
11 153 158 160 163 165 171 173 174 181 183 194
23 137 141 145 146 150 152 154 156 158 160 162 164 166 171 173 174 176 179 182 187 189 190 192
9 143 145 148 159 170 176 177 183 194
14 140 141 145 146 162 166 167 168 172 174 179 184 189 191
9 137 140 147 150 156 163 165 172 173
20 137 139 140 142 143 145 146 152 155 159 161 164 166 172 175 176 179 189 190 191
9 142 153 158 169 172 174 175 177 187
9 139 141 147 149 160 161 171 184 189
9 137 138 143 151 162 171 176 183 192
9 147 154 156 168 169 171 179 185 192
17 147 151 152 155 157 160 161 166 173 174 175 178 185 187 188 192 193
9 141 145 150 151 154 162 166 173 183
8 139 142 143 159 161 168 170 187
2 152 167
22 141 142 144 145 146 147 152 153 156 163 165 166 169 172 173 175 179 180 185 186 190 194
12 140 145 152 157 158 169 170 176 179 181 184 187
21 137 139 140 141 142 143 145 152 155 159 161 162 164 166 167 172 175 176 184 190 191
6 142 145 150 173 182 189
11 151 163 165 169 172 181 183 187 188 193 194
5 146 151 167 185 194
7 139 144 148 162 167 177 193
9 137 138 154 164 170 171 176 188 192
3 146 167 180
14 147 149 152 157 164 173 174 175 178 185 187 188 192 193
7 154 172 174 183 184 186 192
23 141 144 147 153 154 158 159 160 161 162 166 167 168 169 170 172 175 179 180 186 187 188 192
13 137 144 147 151 154 157 158 160 166 168 176 177 194
14 137 138 148 149 157 167 169 170 178 179 188 190 192 193
7 142 145 150 157 168 173 184
13 145 150 153 154 158 160 166 171 176 184 188 190 194
34 137 138 141 142 143 146 149 150 151 153 156 159 160 161 162 163 164 165 168 169 175 177 178 179 180 181 182 183 184 186 187 190 191 192
15 140 141 149 151 153 162 163 165 166 171 172 176 181 190 192
10 137 138 143 151 164 168 176 183 188 192
14 151 152 155 157 160 161 166 171 173 174 175 185 192 193
3 152 153 183
13 153 155 156 159 160 162 167 171 174 175 178 186 193
7 147 148 149 155 172 181 193
18 141 142 143 144 148 154 158 159 160 161 167 175 177 178 180 181 186 194
18 142 144 148 155 160 164 166 169 174 178 179 180 181 182 188 190 191 193
9 145 150 151 154 156 162 173 183 186
6 158 161 164 172 175 180
8 138 139 146 159 160 174 191 194
9 138 144 155 157 170 180 183 188 192
6 162 167 177 183 186 193
11 142 143 149 154 155 159 160 165 171 172 189
11 137 142 145 146 162 165 166 175 179 187 189
11 138 140 146 147 149 156 162 163 165 170 186
9 140 141 144 161 164 168 174 183 191
7 144 162 167 177 182 183 193
7 151 160 165 169 183 187 188
13 142 145 150 153 154 158 166 176 182 184 188 190 194
6 146 148 150 168 180 190
10 138 140 146 149 150 165 170 172 173 186
10 138 139 153 155 159 163 165 183 191 194
8 144 147 158 161 169 178 186 187
7 146 161 166 167 184 185 194
12 142 145 150 153 154 160 171 176 177 182 184 188
35 138 139 141 143 144 147 148 149 150 151 153 154 155 157 158 160 163 164 165 167 168 169 170 173 174 175 178 179 183 186 187 188 189 190 194
5 148 149 155 181 186
25 138 139 140 141 142 150 153 155 156 164 165 169 170 173 179 180 182 186 187 188 189 190 191 192 193
5 137 148 152 164 186
9 144 156 158 161 175 177 179 180 187
13 144 154 155 158 164 166 178 181 182 188 190 192 193
26 137 139 142 143 147 148 152 153 154 156 158 159 160 163 165 168 169 170 174 175 176 178 180 182 183 193
8 138 139 146 164 170 185 191 194
12 143 151 154 156 167 173 176 178 179 181 186 190
1 140
9 137 138 145 150 158 159 170 178 190
12 144 152 158 161 166 173 174 178 181 185 187 191
15 139 143 144 149 154 158 160 169 170 174 176 181 186 190 192
2 152 183
16 142 144 148 154 158 160 166 169 174 178 181 182 188 190 191 192
7 152 157 164 185 186 190 191
11 137 142 148 153 163 169 172 175 177 187 194
7 142 145 157 168 173 182 184
34 138 139 141 142 143 144 146 148 153 154 155 156 157 158 161 163 165 168 170 171 172 173 175 178 179 181 182 184 188 189 190 192 193 194
27 138 140 141 142 146 150 154 159 160 161 167 169 171 174 175 178 179 180 181 186 187 188 189 190 191 192 194
31 138 140 143 147 148 149 150 152 156 157 158 160 163 164 166 167 168 169 172 173 174 175 176 177 180 182 184 187 188 191 194
39 137 138 139 146 147 148 149 151 152 153 156 157 161 162 163 164 165 166 167 169 170 171 172 174 175 176 177 179 180 181 182 184 185 187 188 189 191 192 194
23 137 138 141 146 147 148 149 150 152 153 160 165 166 167 169 170 173 182 183 184 186 188 193
31 137 138 139 140 142 143 145 146 147 148 149 151 156 160 162 164 166 169 170 172 173 176 180 182 183 184 186 187 188 193 194
39 139 140 142 143 144 146 147 148 150 151 152 154 155 156 157 158 159 160 163 164 165 166 167 169 171 173 174 175 176 177 178 180 184 186 187 189 192 193 194
24 140 147 153 154 155 156 158 159 161 163 164 166 168 169 174 176 177 178 184 187 188 189 190 193
24 138 139 144 148 150 154 156 157 161 166 167 169 171 174 176 182 183 184 185 186 188 190 191 194
33 140 142 143 144 145 146 148 151 154 156 157 158 159 160 161 162 163 165 168 172 173 174 175 176 177 178 179 185 186 187 189 192 194
38 138 139 140 142 143 145 146 147 148 149 151 152 155 156 157 158 160 161 165 166 167 169 171 173 174 176 177 178 179 180 185 186 188 189 190 191 192 193
28 139 141 142 145 150 153 157 159 162 163 164 166 167 171 172 173 175 176 177 180 181 182 184 186 187 188 191 194
36 137 138 139 140 141 144 145 147 150 152 153 154 156 157 158 160 162 165 166 168 170 171 172 176 177 179 180 181 182 185 186 187 188 191 193 194
35 139 140 141 142 143 145 148 151 152 153 154 158 159 160 161 163 164 166 169 170 171 175 176 178 179 181 182 185 186 187 188 191 192 193 194
21 137 142 144 146 149 152 153 156 159 163 166 167 177 179 181 187 188 189 190 191 194
30 138 140 143 144 146 147 148 149 154 156 158 160 161 163 164 166 170 174 175 176 177 178 179 180 182 186 188 191 192 193
19 138 139 143 145 146 147 148 149 151 162 167 170 174 175 182 183 185 188 193
26 137 139 140 143 144 145 146 147 149 153 154 155 158 162 165 167 169 170 172 173 175 178 187 190 191 193
30 137 138 140 142 143 147 149 150 153 155 156 158 159 160 161 162 163 166 170 171 173 175 176 179 180 183 185 186 192 193
25 137 139 140 141 142 144 147 148 152 153 158 161 164 165 168 169 170 174 180 181 185 187 188 190 192
37 137 139 140 141 142 143 145 146 147 148 149 150 151 152 155 156 157 158 159 162 165 168 169 170 172 174 175 176 177 178 180 181 182 184 190 193 194
23 137 141 143 144 152 154 157 158 159 161 162 163 172 175 177 180 181 182 187 188 190 192 194
31 137 139 141 145 147 148 150 154 155 156 161 163 164 166 169 171 173 176 177 178 179 181 183 184 185 186 187 189 190 191 193
18 138 142 143 152 157 159 160 164 165 166 170 171 173 176 178 181 182 189
23 138 139 140 141 143 146 149 150 151 152 153 155 163 165 170 173 176 177 179 185 186 187 190
20 137 138 140 144 146 148 151 152 156 164 167 168 169 174 178 184 187 189 190 193
22 138 142 143 144 146 147 151 155 156 157 161 162 164 166 168 169 170 171 174 180 191 193
29 137 138 141 142 145 146 147 150 151 152 154 157 158 162 166 167 170 173 176 180 181 184 185 186 188 189 190 192 194
32 137 138 139 141 142 144 145 146 148 151 152 157 158 162 163 167 168 169 171 173 174 178 182 184 185 186 187 189 190 191 192 193
27 137 139 141 142 143 144 146 147 149 151 153 154 159 162 163 168 169 171 173 177 181 183 184 187 188 190 194
30 139 143 145 146 147 148 151 152 153 156 157 158 159 160 162 170 172 173 174 176 184 185 186 187 188 189 190 192 193 194
39 140 141 145 147 148 149 150 152 153 155 156 157 158 159 160 161 163 164 165 166 167 169 172 173 174 175 177 178 179 180 182 183 187 189 190 191 192 193 194
38 137 140 141 144 145 146 147 148 150 152 153 154 155 159 161 162 163 166 168 169 170 172 175 176 177 178 179 180 181 183 184 185 187 188 191 192 193 194
35 140 142 144 145 146 147 148 149 151 152 154 155 157 161 165 166 168 169 170 171 172 173 174 175 176 178 179 181 182 183 184 186 187 188 193
36 141 142 144 146 147 148 150 151 152 155 156 157 158 159 161 162 164 165 168 169 170 171 173 174 175 177 178 181 182 184 185 186 187 188 189 192
26 137 138 139 141 142 143 144 146 151 153 159 160 165 167 173 175 176 178 179 182 185 187 188 190 192 194
33 138 140 141 142 144 145 147 148 149 152 157 160 162 165 166 168 169 172 173 174 176 177 178 179 180 182 188 189 190 191 192 193 194
38 137 140 141 143 144 145 146 147 148 149 150 151 152 153 154 156 158 159 160 165 166 167 168 169 171 173 174 176 178 181 182 184 185 186 188 190 191 193
22 137 139 140 152 153 154 158 159 161 162 166 172 175 178 179 180 182 185 186 188 189 194
21 137 140 143 145 148 150 153 155 156 158 159 160 162 165 166 173 179 188 189 191 193
27 137 138 139 142 143 147 149 150 151 154 156 159 161 165 167 168 170 173 177 178 180 185 186 187 189 190 192
35 137 138 139 140 141 142 144 145 146 147 150 151 152 153 154 157 158 166 167 169 170 173 174 175 176 177 179 180 181 187 188 191 192 193 194
22 138 140 142 143 149 150 152 154 162 164 165 166 167 170 172 175 178 185 188 191 192 193
38 137 138 141 142 144 145 146 149 150 151 152 153 154 155 156 158 159 160 162 163 165 166 168 169 172 173 176 177 179 180 182 183 185 188 190 191 193 194
32 140 142 146 148 149 150 151 156 157 160 162 164 166 167 169 171 172 173 175 176 179 180 181 182 186 187 188 189 190 191 192 193
21 140 143 145 146 148 152 154 155 156 157 158 167 168 169 173 175 176 177 181 184 192
32 138 140 141 142 143 144 145 151 154 157 158 160 161 163 164 165 166 170 171 173 175 176 182 184 185 186 188 189 190 191 193 194
40 137 139 142 143 144 145 146 148 149 150 152 154 157 158 159 160 161 163 164 166 167 169 170 171 172 174 175 177 178 179 180 181 182 183 184 185 188 189 190 193
28 143 144 145 146 147 148 149 152 155 156 159 160 166 168 169 171 172 178 179 181 183 184 185 186 189 191 193 194
23 138 140 141 142 145 149 150 151 156 160 161 162 164 165 167 170 172 174 175 178 180 192 193
27 138 139 140 141 142 143 147 148 153 155 157 158 163 164 167 168 169 171 174 176 177 184 185 186 187 189 193
35 139 140 141 143 144 147 148 149 150 151 152 153 157 158 161 165 166 167 171 174 175 176 177 178 179 180 181 183 184 185 188 190 191 193 194
19 140 141 147 154 156 157 162 165 173 177 179 180 184 185 186 188 189 190 193
35 139 140 141 142 143 145 146 147 149 151 153 154 156 158 160 164 165 166 167 170 171 174 176 177 178 179 180 181 183 186 187 188 190 192 193
27 138 140 141 143 147 148 151 152 153 156 161 162 163 164 166 168 169 170 172 173 174 175 176 183 188 189 190
36 137 138 140 145 147 148 149 150 151 155 156 158 160 161 163 165 166 168 170 172 173 174 175 176 177 178 179 180 183 184 186 188 189 190 191 194
22 137 138 142 144 146 147 148 151 156 159 164 165 166 170 172 174 175 182 183 185 191 194
27 137 138 139 140 142 143 145 146 147 148 151 153 156 158 162 163 164 165 167 169 174 176 181 185 187 189 194
27 137 138 139 145 146 151 152 155 156 158 159 160 161 163 164 165 171 172 174 175 176 177 182 184 190 191 193
26 137 138 139 140 141 143 144 150 151 154 155 158 163 164 165 169 176 178 181 184 185 187 189 190 191 194
37 137 139 140 141 143 147 149 150 152 154 158 159 160 161 162 164 167 168 169 171 172 173 174 176 177 179 180 181 184 185 187 188 189 190 192 193 194
22 139 140 142 143 145 153 155 156 157 162 169 171 175 176 180 181 184 185 186 187 190 193
33 138 141 142 143 144 147 148 149 150 152 153 154 160 161 162 163 164 166 168 169 170 174 177 178 180 181 184 185 189 191 192 193 194
34 137 138 139 140 145 147 151 154 155 158 160 162 163 164 167 169 170 172 173 174 175 176 177 178 180 181 182 183 187 188 190 191 192 193
32 138 139 141 143 144 147 148 150 151 154 155 156 159 163 165 166 168 169 170 172 173 174 176 177 182 183 184 187 189 191 193 194
32 142 143 144 145 146 147 148 151 152 154 157 158 159 160 162 165 166 168 170 171 172 173 174 175 177 179 182 185 186 188 189 191
32 137 142 144 145 146 149 153 154 155 157 158 159 160 161 162 165 168 169 170 171 172 174 175 176 180 182 184 186 187 189 193 194
39 137 139 140 143 144 146 148 150 152 153 157 158 159 161 162 163 164 165 166 167 169 170 172 174 175 176 177 178 179 180 181 182 183 184 187 188 189 193 194
39 137 138 139 140 141 142 143 146 147 149 154 157 158 159 160 162 163 164 165 166 168 169 172 173 174 175 176 177 179 180 181 182 183 184 185 186 188 189 190
36 138 141 142 145 146 147 148 149 151 153 155 156 157 161 164 165 167 168 169 171 172 173 174 175 179 180 182 183 185 186 187 188 189 191 192 194
20 137 138 140 146 147 148 153 160 161 165 167 168 172 174 182 183 187 190 192 193
30 138 140 141 142 145 151 152 154 155 156 158 159 160 161 164 167 168 169 172 175 176 177 179 180 181 184 185 186 191 194
28 138 139 141 148 149 151 152 154 156 157 159 161 162 164 165 169 172 173 176 179 182 183 186 187 188 189 190 194
23 137 141 145 150 153 154 159 162 164 165 168 169 172 176 177 181 182 184 185 189 191 192 193
17 142 145 149 151 154 155 159 160 166 176 178 180 184 185 187 188 192
37 138 139 142 143 144 146 149 150 151 153 155 158 159 161 162 163 165 166 169 170 171 172 173 174 175 176 177 180 182 183 184 185 186 187 191 193 194
40 137 138 140 141 142 143 145 146 147 148 149 150 151 153 154 155 156 158 159 160 163 165 166 167 168 171 172 173 174 176 177 178 182 185 186 188 189 190 191 193
27 138 139 146 147 148 151 154 155 156 157 160 161 164 166 168 169 171 172 174 179 181 183 187 188 190 191 192
39 137 138 139 140 142 143 144 145 146 147 151 153 154 155 156 157 158 159 161 162 165 166 168 169 171 172 173 174 175 176 177 178 180 183 186 187 188 189 192
34 137 140 141 143 144 145 146 147 148 150 151 152 154 155 156 157 158 159 160 165 166 169 170 172 173 176 179 182 184 186 187 188 191 193
31 139 142 143 145 146 148 153 154 155 156 157 158 159 162 166 168 169 172 174 175 176 178 179 181 182 183 184 188 192 193 194
24 137 138 139 140 141 146 147 150 154 155 156 158 159 162 166 170 175 180 181 182 183 185 187 193
30 138 139 141 142 143 144 146 147 148 151 152 155 156 158 160 161 162 163 164 166 169 170 173 176 180 181 189 190 192 193
30 137 140 142 144 145 149 150 154 156 157 160 161 162 164 166 167 168 170 173 174 175 178 179 180 187 188 189 190 191 193
21 137 140 142 145 146 152 153 155 164 166 168 170 172 173 178 179 181 183 187 191 193
32 138 141 143 147 149 150 153 154 155 156 159 160 162 166 167 168 169 170 173 175 176 178 180 182 183 184 186 187 189 190 193 194
36 137 138 139 140 142 143 144 146 148 149 150 151 152 153 154 156 158 160 164 165 166 168 169 172 173 175 177 178 181 182 183 186 188 189 193 194
24 137 142 145 146 149 150 152 153 154 155 159 161 163 166 167 172 174 177 181 184 185 189 190 193
36 137 138 140 142 143 145 147 148 149 150 153 155 156 158 159 160 162 163 164 166 167 168 169 171 173 177 178 181 183 184 186 190 191 192 193 194
26 137 138 143 144 146 150 153 154 158 160 162 163 164 165 169 170 175 181 183 184 185 188 189 191 192 194
31 137 138 139 140 141 143 144 145 147 148 150 153 156 159 161 166 167 169 170 171 172 179 180 181 183 184 185 188 189 193 194
31 137 140 145 147 149 150 154 155 157 158 159 161 162 165 166 167 168 169 175 177 178 179 180 183 186 187 189 190 191 193 194
35 139 140 142 146 147 149 150 151 152 155 156 157 159 161 162 163 164 165 168 170 171 172 173 174 177 180 181 183 185 186 187 188 190 191 194
35 139 140 142 143 144 148 149 151 153 154 156 158 159 160 161 163 165 168 170 171 172 173 174 176 177 179 182 183 185 186 187 188 189 191 192
39 138 141 142 144 145 146 147 149 151 154 155 156 157 159 160 161 162 163 165 166 167 168 169 170 171 174 175 176 177 178 179 180 184 187 189 190 191 193 194
34 139 142 144 146 147 149 151 152 153 156 157 158 159 160 165 166 167 168 172 173 174 175 176 178 179 182 184 186 188 189 190 191 192 193
18 138 140 144 145 147 149 152 164 168 170 172 173 174 175 177 179 184 192
40 137 140 142 143 145 146 147 148 151 152 153 154 155 156 157 160 161 163 164 165 166 167 168 171 176 177 178 179 180 182 183 184 185 187 188 190 191 192 193 194
30 139 140 141 143 144 145 147 149 151 152 155 156 157 158 163 169 172 173 174 177 178 181 183 184 186 188 190 191 192 194
38 137 138 139 140 142 143 144 145 147 148 150 151 153 154 155 156 157 158 161 162 164 167 169 170 173 174 175 176 177 178 180 182 183 185 186 187 191 193
28 137 139 140 141 146 148 149 150 153 154 155 160 161 166 167 169 170 171 174 175 177 184 186 187 188 189 193 194
23 137 138 140 144 146 147 148 149 153 156 157 160 164 165 167 170 171 172 177 182 186 187 194
25 141 143 144 147 148 149 154 155 156 157 162 165 166 168 170 171 174 175 176 177 179 180 182 186 189
38 139 141 143 144 145 146 147 149 150 151 154 156 157 159 161 162 163 164 167 168 170 171 173 174 175 176 179 180 181 183 184 186 187 190 191 192 193 194
22 138 142 143 150 151 155 157 160 162 164 165 166 169 170 173 174 175 179 181 182 185 186
24 139 140 145 146 148 149 150 151 153 155 156 159 161 168 171 173 175 176 180 181 186 187 188 193
26 138 139 140 145 150 152 153 154 161 166 168 171 174 175 176 178 179 182 183 184 186 187 189 190 191 193
32 137 139 141 142 144 145 146 148 149 151 154 155 156 160 161 162 165 167 169 170 172 173 176 177 179 180 181 186 189 191 193 194
38 137 140 142 145 146 147 150 151 152 153 156 157 158 159 160 162 163 165 166 167 169 171 173 174 175 176 178 181 182 183 184 186 187 188 190 192 193 194
27 138 140 141 144 145 149 150 152 156 160 161 162 164 166 167 168 171 173 174 175 176 178 179 182 186 188 192
30 137 139 140 143 144 145 147 148 149 150 152 155 158 162 163 164 165 166 168 169 170 171 173 174 179 180 182 184 191 194
26 142 143 147 148 156 157 159 161 162 164 166 167 171 172 173 174 176 177 178 186 187 188 189 190 192 194
28 137 138 139 140 141 142 143 145 148 149 151 152 153 162 164 168 169 172 175 176 177 182 183 186 188 190 192 194
24 137 141 143 147 148 149 151 153 156 157 159 160 161 164 166 172 175 177 178 180 181 187 191 193
36 140 144 146 149 150 151 152 155 160 163 164 165 167 169 170 171 173 174 177 178 179 180 181 182 183 184 185 186 187 188 189 190 191 192 193 194
35 137 139 141 143 146 149 150 152 153 155 156 158 160 161 162 163 164 165 171 173 174 175 177 178 181 182 183 184 185 188 189 191 192 193 194
23 145 146 147 149 155 157 158 159 161 163 166 167 168 170 171 175 177 179 180 184 187 188 189
21 137 138 140 141 144 146 150 153 158 160 168 173 175 176 178 179 182 183 186 193 194
37 138 140 143 144 145 146 147 148 151 153 155 159 161 162 163 164 165 166 167 169 171 174 175 177 178 179 181 182 184 185 187 188 190 191 192 193 194
18 137 141 143 150 159 162 164 167 169 170 172 176 178 185 186 191 193 194
21 139 141 143 144 147 148 150 152 155 157 161 167 168 170 184 185 187 188 191 192 194
26 140 144 146 147 148 149 150 151 154 155 157 161 163 164 165 166 168 171 179 181 182 184 189 190 191 194
28 137 140 141 142 144 146 150 154 158 159 161 165 166 168 169 171 173 175 176 177 178 180 182 183 185 188 190 191
31 137 141 144 147 149 154 155 159 162 163 164 168 170 171 172 173 174 175 176 178 179 180 183 184 185 186 187 189 191 192 194
40 137 138 139 140 141 142 145 146 147 148 150 152 155 157 158 162 163 164 166 167 168 169 171 172 173 174 175 178 179 180 181 184 186 187 188 189 190 192 193 194
24 137 143 148 149 152 155 158 161 163 167 171 172 174 175 176 181 186 187 188 189 190 191 192 193
34 137 139 141 142 144 145 147 149 150 151 152 154 155 156 157 158 159 163 165 166 167 169 170 172 176 179 181 182 185 186 188 189 193 194
33 138 139 140 141 142 143 144 146 149 150 152 153 156 157 158 159 161 162 164 165 169 173 174 175 177 178 179 180 182 183 184 185 192
39 137 138 139 140 141 143 145 147 149 150 152 153 154 155 156 158 159 160 161 162 163 164 165 167 168 169 170 171 172 173 176 178 184 186 188 190 191 192 193
34 137 138 139 140 141 142 143 144 145 146 147 148 149 150 151 152 153 157 161 162 163 164 169 173 176 180 181 182 183 184 186 187 192 194
18 138 140 141 148 155 157 161 162 171 173 177 180 181 182 183 184 187 191
33 138 139 140 141 144 145 147 149 151 152 153 154 156 157 160 163 164 165 166 167 171 173 174 175 179 182 183 185 188 189 190 192 194
37 137 138 139 140 141 142 143 144 146 148 150 151 153 154 156 158 160 161 163 164 166 167 168 169 170 171 172 173 178 181 182 183 184 186 188 193 194
23 137 139 141 144 145 147 155 156 158 159 162 163 164 165 169 171 174 176 177 180 182 185 191
21 137 141 142 143 148 149 150 151 152 159 166 168 171 172 176 177 178 179 181 184 190
37 137 139 140 141 143 145 146 147 149 151 152 153 154 156 157 162 164 165 166 169 170 171 172 173 174 175 182 183 184 185 186 187 188 190 191 192 194
20 138 140 145 148 157 162 164 166 169 170 173 174 176 177 179 184 186 187 188 191
29 137 138 142 143 144 152 153 156 158 160 161 166 167 168 169 171 173 176 177 178 181 182 184 185 186 190 191 192 193
20 137 139 142 145 147 150 151 159 163 164 166 168 169 172 175 176 177 189 192 193
31 137 139 141 142 144 146 149 150 151 153 156 157 160 161 162 165 167 169 170 171 172 173 174 177 180 184 186 188 190 192 193
26 140 141 142 148 151 152 154 155 157 158 159 162 165 168 170 171 172 174 177 178 180 183 188 189 193 194
35 141 143 144 145 146 147 148 152 153 154 155 158 159 160 161 163 166 167 168 170 172 173 174 176 178 181 182 183 184 185 186 188 189 192 193
32 137 138 141 144 145 147 148 150 151 152 153 154 155 157 158 159 160 161 163 167 168 169 170 171 172 174 175 177 178 180 189 192
30 137 139 141 144 146 148 149 150 152 153 154 157 163 164 165 166 167 169 170 174 177 178 180 181 183 184 186 188 190 193
36 137 138 141 142 145 146 147 149 152 153 156 157 158 159 160 161 162 163 165 167 168 170 172 173 174 175 176 177 179 180 181 183 184 186 190 194
36 137 138 139 140 141 143 146 147 149 151 154 155 157 158 161 163 164 166 167 168 169 170 171 172 175 177 180 182 183 184 185 186 187 188 190 193
34 139 140 141 142 143 144 146 147 148 151 152 153 155 156 157 161 163 166 167 168 169 174 175 177 179 180 184 185 186 187 188 189 191 192
27 140 143 147 151 155 156 158 161 163 165 166 169 172 175 176 180 181 182 183 184 185 186 187 189 190 192 194
34 140 141 142 144 145 148 149 150 151 155 156 157 158 159 161 164 165 166 167 168 171 172 173 175 176 177 178 182 183 184 186 187 191 193
18 140 142 147 148 149 150 153 154 161 166 173 175 177 186 189 191 192 194
33 139 141 143 145 149 150 151 152 153 155 156 159 160 162 164 165 166 168 169 170 172 174 176 178 182 183 184 185 187 189 191 192 194
17 137 141 146 151 153 155 156 158 162 165 167 171 172 176 179 185 194
37 137 139 140 143 144 146 147 149 150 151 153 154 157 159 160 161 163 168 170 171 172 174 175 176 177 179 180 183 184 187 188 189 190 191 192 193 194
22 138 139 140 145 146 149 150 151 155 156 158 160 161 167 169 171 173 174 176 179 184 185
22 141 148 149 152 154 155 158 164 168 169 172 173 174 176 182 183 184 185 187 189 192 194
39 137 138 140 141 142 143 146 147 148 149 150 151 153 154 155 156 158 159 160 161 162 163 165 166 167 172 173 174 176 178 179 180 181 183 186 189 190 191 192
17 137 140 141 146 147 151 152 164 168 169 176 178 180 184 190 191 194
37 138 139 140 141 142 143 145 146 147 148 149 154 156 157 158 159 160 162 163 167 168 169 171 172 173 174 175 176 177 179 180 181 182 184 188 191 194
34 140 141 143 144 145 147 148 150 151 152 153 155 157 158 160 161 162 163 164 167 169 170 171 172 174 175 176 179 180 181 185 187 189 192
24 140 141 144 145 149 151 153 154 155 158 160 162 164 168 170 177 180 181 183 185 186 190 191 194
38 141 142 145 148 149 151 152 156 158 159 160 162 164 165 166 167 168 171 172 173 175 176 177 178 179 180 182 183 184 185 187 188 189 190 191 192 193 194
24 139 140 144 146 148 153 154 156 158 164 166 169 173 176 177 178 180 186 188 190 191 192 193 194
22 139 143 145 149 150 153 154 155 156 158 164 166 168 173 174 180 181 185 186 188 191 192
32 138 140 143 146 147 148 151 155 156 157 160 162 163 164 165 168 169 170 171 172 175 176 177 178 181 183 185 188 190 191 193 194
24 138 139 140 142 144 147 148 149 155 161 163 164 165 167 169 172 173 175 178 181 183 184 191 192
34 137 138 140 141 143 144 145 147 150 155 156 158 159 160 162 165 166 167 169 170 171 172 174 175 176 182 183 184 186 187 188 189 190 192
27 142 143 145 148 149 150 151 152 153 154 155 156 160 161 166 168 169 173 176 177 178 181 182 184 185 188 190
36 137 138 139 140 141 146 147 148 149 150 152 155 157 159 160 161 162 163 164 165 166 167 169 171 175 176 177 178 179 181 182 186 188 189 191 192
27 137 142 143 144 145 149 150 155 156 157 158 160 163 164 165 169 170 171 173 176 180 181 186 187 191 193 194
24 137 139 140 141 142 144 147 149 150 155 156 157 167 168 171 172 178 180 181 184 185 187 189 194
28 137 141 144 146 147 151 155 158 161 165 166 167 169 170 172 175 176 177 178 179 180 182 183 184 189 190 192 194
35 137 138 140 141 142 144 148 149 150 152 153 155 157 158 160 167 168 169 170 174 175 176 177 178 180 181 182 183 184 185 190 191 192 193 194
36 140 142 143 144 147 148 149 150 151 152 154 159 162 164 165 166 169 170 171 172 174 175 176 177 178 179 180 181 183 185 186 189 190 191 192 193
30 138 139 140 142 143 144 148 153 155 157 158 159 160 161 162 163 164 166 168 169 172 179 182 183 186 188 189 191 192 193
22 137 145 146 147 154 157 161 163 165 166 167 174 175 176 177 180 184 185 186 189 192 194
34 137 141 142 146 148 149 150 151 152 156 157 159 161 166 167 168 171 172 173 175 176 177 179 181 183 184 185 186 187 188 191 192 193 194
26 138 140 141 143 145 148 149 151 156 157 161 163 167 168 172 173 174 175 176 178 179 182 185 191 192 194
31 138 139 141 143 144 146 147 150 151 155 158 159 161 164 165 166 167 168 173 174 175 177 178 180 183 186 188 191 192 193 194
19 139 143 144 145 148 151 154 156 161 167 168 169 172 179 184 187 188 189 192
21 137 139 140 142 145 146 151 158 161 164 165 168 170 172 173 174 175 180 181 186 191
27 137 139 142 144 145 150 151 155 156 157 159 161 163 165 168 170 174 177 178 179 182 183 184 185 186 188 194
35 137 138 140 142 144 146 147 148 150 152 153 154 155 156 157 158 159 161 163 165 166 167 168 169 171 172 175 176 178 182 184 189 192 193 194
38 137 139 140 141 142 143 144 146 147 149 154 156 157 158 159 160 161 162 163 164 166 169 171 172 173 176 177 178 179 180 181 182 183 184 185 186 188 189
32 137 138 140 142 144 146 148 151 160 161 162 163 164 165 166 167 168 169 175 176 178 179 180 181 182 186 187 188 190 191 192 193
18 137 139 147 148 149 154 155 157 160 168 178 180 181 182 184 185 187 191
33 138 139 140 141 142 145 146 147 148 150 151 152 153 155 156 158 159 161 162 163 173 174 175 177 178 179 182 183 184 185 191 192 193
34 138 141 144 145 146 149 151 154 155 156 158 159 162 163 164 165 167 168 169 170 171 172 174 175 176 179 182 183 184 185 186 192 193 194
21 142 143 144 146 148 154 156 157 158 166 167 169 170 173 174 177 178 180 182 188 190
25 147 148 149 151 153 156 158 159 162 163 164 165 168 170 173 177 178 179 180 181 186 187 189 191 192
35 138 139 146 150 151 152 155 158 159 163 164 165 167 169 170 171 172 173 174 176 177 178 179 180 182 183 184 186 187 188 189 191 192 193 194
34 137 138 140 142 143 147 148 149 150 152 153 154 156 157 158 159 160 161 162 166 172 174 175 176 177 179 180 181 187 188 190 192 193 194
21 140 145 147 149 151 154 160 163 167 168 174 176 177 180 182 183 186 187 188 189 192
21 137 140 144 148 149 150 153 156 158 159 162 172 175 176 177 178 184 188 189 190 192
40 137 139 140 141 145 146 147 149 150 152 153 156 157 158 159 161 162 164 165 167 168 169 170 171 172 173 175 180 181 182 183 184 186 187 189 190 191 192 193 194
24 138 141 142 143 146 149 155 158 161 162 163 164 167 171 173 175 176 179 181 185 187 189 190 193
29 137 138 140 141 142 144 147 150 151 153 155 156 160 163 164 165 166 169 170 171 173 175 177 178 179 186 187 188 192
25 137 138 139 140 146 150 153 155 159 161 163 164 165 168 171 172 173 174 176 181 183 185 187 191 194
36 137 138 139 140 142 143 145 151 152 154 155 156 159 160 161 163 164 165 169 170 171 172 173 174 176 178 179 181 183 184 185 187 188 190 193 194
24 137 138 141 142 144 145 150 151 153 157 161 166 171 174 176 178 179 181 182 183 185 187 193 194
20 139 141 145 147 151 154 159 161 163 164 170 171 172 173 176 180 185 187 189 192
23 138 139 143 145 148 149 157 161 165 166 169 172 174 176 177 180 181 183 184 187 189 192 193
20 137 138 139 140 142 144 147 149 152 156 160 161 164 169 170 174 177 183 185 186
33 139 141 142 145 147 148 149 151 154 156 157 160 161 162 163 165 166 167 172 174 175 177 180 181 182 183 187 189 190 191 192 193 194
38 138 140 141 144 145 146 150 151 152 154 155 156 157 159 163 165 166 168 169 170 171 173 174 176 177 178 180 181 182 183 185 187 188 189 191 192 193 194
17 144 148 150 151 154 156 157 162 163 166 167 169 173 178 180 185 194
39 137 139 140 142 144 145 147 148 149 151 152 153 154 155 156 157 160 163 164 166 167 172 173 174 175 176 177 178 181 182 184 186 187 188 189 190 191 192 193
39 137 138 139 141 142 143 144 145 146 149 150 152 153 155 156 157 158 161 162 163 164 165 166 167 170 171 172 173 175 176 177 178 181 182 183 184 187 189 193
34 137 138 139 140 143 144 145 149 150 151 153 154 155 158 159 160 161 165 169 172 173 174 176 177 178 180 181 182 186 188 191 192 193 194
35 140 141 142 146 147 148 150 152 153 155 156 157 162 163 164 166 167 169 170 171 172 173 174 175 176 178 180 183 184 185 187 190 191 192 194
37 137 138 141 142 143 144 148 149 150 152 153 155 156 159 160 161 162 163 166 167 168 170 172 175 176 178 179 180 183 184 185 186 190 191 192 193 194
37 137 139 140 141 143 144 145 146 147 149 152 154 155 156 157 158 159 160 161 164 166 168 169 170 175 177 182 184 185 186 187 188 189 190 191 192 193
24 138 143 144 145 147 148 149 154 158 160 161 164 168 172 173 174 178 179 180 183 185 187 189 194
24 137 140 141 142 146 147 149 151 153 154 157 160 166 168 169 175 178 180 181 182 183 184 189 190
20 137 140 142 143 145 146 148 152 154 156 160 163 168 174 179 180 184 189 190 191
18 137 138 139 141 142 143 151 154 155 167 171 174 178 180 181 183 185 191
18 138 140 141 145 146 147 149 157 167 170 173 176 177 180 183 184 185 193
17 144 147 149 155 156 159 160 161 167 168 176 179 182 186 189 190 194
28 137 138 139 140 141 143 146 149 150 154 155 156 157 158 164 167 168 173 178 179 180 181 183 185 186 190 191 194
23 137 139 142 144 149 154 157 158 159 160 161 163 164 165 171 173 174 177 181 189 190 191 194
22 138 139 144 147 149 150 151 155 156 157 158 161 162 167 168 173 181 183 184 185 190 192
27 138 142 145 146 147 149 150 152 153 156 157 160 164 167 168 169 171 172 174 177 182 183 186 187 188 192 194
17 137 141 146 147 148 163 166 167 169 170 171 172 174 180 184 190 193
19 140 144 150 153 154 156 157 159 160 164 165 169 174 175 176 181 186 191 192
32 137 138 143 145 147 150 151 153 154 155 156 159 161 164 166 167 168 169 171 173 175 178 181 182 183 185 186 187 188 191 193 194
