154 1279
31 1 2 3 4 5 6 7 8 9 10 11 12 13 14 15 16 17 18 19 20 21 22 23 24 25 26 27 28 29 30 31
16 2 3 4 5 7 9 12 14 16 17 18 24 26 28 29 31
11 2 5 8 9 10 11 13 15 25 27 29
11 4 5 6 9 12 13 16 17 22 24 27
11 1 2 4 8 12 15 16 25 26 27 29
19 1 2 3 4 5 6 7 9 11 12 13 14 15 16 18 22 26 29 30
21 3 4 6 7 8 9 10 12 13 14 15 16 20 23 24 25 26 28 29 30 31
14 4 8 11 13 15 16 17 18 20 21 24 27 29 30
19 1 2 6 7 9 12 13 14 15 16 18 19 20 21 24 27 28 29 30
21 1 2 3 4 5 7 9 10 13 14 16 18 19 20 22 23 24 25 27 29 30
17 1 2 3 5 8 9 10 11 13 17 18 20 22 24 25 27 29
17 1 2 3 5 6 9 12 14 16 17 18 21 22 23 25 29 30
11 7 11 12 13 15 18 19 22 24 29 30
9 1 5 6 8 16 20 23 29 31
24 1 4 5 6 7 8 9 10 11 12 13 14 15 16 18 19 20 21 23 24 25 27 29 31
9 9 10 11 12 13 19 27 28 31
11 10 16 17 18 21 22 25 27 28 29 31
15 2 5 6 8 11 12 15 16 19 21 23 24 29 30 31
24 3 4 5 6 7 9 10 11 12 13 14 15 16 18 19 20 21 22 23 25 26 27 29 31
11 2 5 9 11 13 15 17 22 24 25 28
22 1 3 4 6 8 9 12 13 14 15 16 17 18 20 21 22 23 24 25 26 27 28
11 1 2 7 10 15 17 18 20 22 26 28
16 3 4 6 8 11 14 15 16 17 23 24 25 26 27 28 31
18 1 4 6 7 12 13 14 15 16 17 19 22 23 24 25 26 27 28
24 1 2 3 7 8 9 10 12 13 15 16 17 18 19 20 21 22 25 26 27 28 29 30 31
19 3 5 6 7 8 9 11 12 14 15 16 21 23 24 25 26 27 29 31
26 32 33 34 35 36 37 38 39 40 41 42 43 44 45 46 47 48 49 50 51 52 53 54 55 56 57
19 35 36 38 39 40 42 43 44 45 46 47 48 49 50 51 53 54 56 57
15 32 34 35 36 40 41 43 45 46 47 48 49 50 53 56
20 32 33 34 35 36 38 39 40 42 43 44 45 46 47 48 49 50 51 56 57
13 33 34 35 36 37 41 42 44 45 48 51 52 55
16 32 33 34 35 36 38 39 40 41 43 46 48 49 53 55 56
10 35 38 39 42 43 47 50 52 56 57
15 32 35 36 39 40 41 43 44 45 47 50 51 55 56 57
20 32 33 34 35 36 37 38 39 40 41 42 44 46 48 50 51 52 53 56 57
10 35 37 38 39 42 49 50 51 55 56
10 34 35 36 37 39 41 46 48 52 54
20 32 33 34 35 37 38 39 40 41 42 44 46 47 49 50 51 53 55 56 57
16 32 36 37 39 40 41 42 43 44 45 48 49 52 54 55 56
12 32 34 35 37 38 42 45 46 49 50 54 56
11 36 39 41 43 45 47 49 50 51 53 57
9 38 41 42 44 45 46 50 51 52
8 37 38 41 42 44 50 51 53
20 32 34 35 36 37 38 39 41 42 43 45 46 47 48 49 50 51 52 54 55
16 32 33 34 36 37 38 39 42 43 44 50 52 53 54 55 57
7 35 43 45 51 52 54 56
10 35 37 39 40 42 43 49 52 54 56
19 32 33 34 35 36 37 38 39 40 42 43 45 46 47 48 49 51 54 55
8 32 33 40 42 51 53 55 56
8 33 39 41 42 47 50 52 56
18 32 33 34 35 36 37 41 42 43 44 46 47 49 50 51 52 56 57
12 34 37 38 42 43 44 49 50 52 55 56 57
8 36 37 39 41 45 52 54 57
9 32 34 40 43 44 45 46 51 52
8 33 36 43 47 48 53 54 57
13 33 34 36 37 38 39 42 45 46 47 49 54 55
14 34 37 38 41 43 44 45 46 47 49 51 53 56 57
13 32 34 35 36 37 42 44 45 48 52 53 54 57
18 32 33 35 37 38 40 42 43 44 47 48 49 50 51 52 54 55 56
14 32 33 35 36 38 40 41 42 43 44 51 52 54 55
9 33 38 39 40 46 47 50 55 56
11 32 33 35 36 40 42 43 46 53 54 56
14 32 33 35 36 38 42 43 45 46 48 49 52 56 57
9 35 36 37 39 41 42 47 48 55
15 32 33 34 35 40 41 43 46 47 52 53 54 55 56 57
10 34 37 39 45 48 49 50 52 54 56
9 32 39 44 45 47 49 52 53 56
8 35 38 39 44 45 47 53 57
18 32 33 34 35 37 38 39 40 41 43 46 48 49 50 51 52 55 57
12 33 35 36 38 42 45 46 48 49 52 53 54
19 32 33 34 37 38 39 40 42 43 45 46 48 49 50 52 53 55 56 57
11 33 35 37 40 41 42 43 48 50 51 53
16 32 34 35 37 38 42 43 44 45 47 48 49 50 51 54 57
18 32 36 37 39 40 41 42 43 45 46 47 48 49 51 52 53 56 57
9 32 34 37 44 46 47 49 51 55
15 33 34 35 41 42 43 44 45 49 50 52 53 54 55 57
14 32 35 36 39 41 44 46 47 48 51 53 55 56 57
20 32 33 34 35 36 38 41 42 43 44 45 46 47 48 51 52 54 55 56 57
20 32 33 35 36 37 38 39 42 43 44 46 47 48 50 51 52 53 54 56 57
8 37 42 43 50 51 53 55 57
12 32 33 37 41 42 44 45 46 51 52 54 56
8 33 36 39 43 44 45 46 57
17 32 36 37 38 39 40 41 43 45 47 48 49 50 51 52 54 57
14 38 39 41 42 46 47 48 49 50 51 52 53 54 56
16 34 35 36 39 40 41 42 44 45 46 47 48 49 53 54 57
15 32 33 34 38 40 42 43 44 46 47 48 52 53 54 55
15 32 33 34 36 37 38 39 43 45 47 50 52 53 55 57
8 35 37 42 44 46 47 53 57
13 32 34 35 36 42 43 45 47 48 53 55 56 57
11 33 34 36 37 40 43 44 49 52 55 56
11 32 34 35 36 38 43 45 46 47 50 56
10 33 35 36 41 42 43 46 53 54 55
19 33 34 36 37 38 42 43 44 46 47 48 49 50 51 53 54 55 56 57
10 36 37 40 41 43 45 46 49 51 52
12 32 36 37 40 43 44 45 48 49 51 53 54
13 32 33 36 37 38 39 40 41 43 46 48 50 52
8 32 34 38 39 49 52 53 54
9 34 42 43 47 50 52 53 55 56
18 32 34 35 36 37 39 41 43 44 46 47 48 49 50 52 53 54 57
12 32 36 37 40 41 44 47 49 50 53 55 57
12 32 35 36 39 44 46 47 48 49 50 51 55
9 33 35 37 40 41 43 46 49 52
10 35 37 39 43 49 51 54 55 56 57
19 32 35 36 37 38 39 41 42 43 45 46 47 48 49 50 51 52 54 56
9 36 39 40 42 44 46 47 51 54
16 33 34 36 37 39 40 41 42 44 45 49 50 51 52 56 57
16 33 36 37 40 42 43 44 45 46 47 49 50 51 53 54 56
12 33 37 39 41 44 45 46 48 49 52 53 57
11 32 33 35 36 38 39 40 43 47 53 54
19 32 36 37 38 39 41 42 43 44 45 47 48 50 51 53 54 55 56 57
15 32 34 40 41 44 46 47 49 51 52 53 54 55 56 57
17 32 34 35 36 40 42 43 44 45 47 48 50 51 53 54 56 57
19 32 33 35 37 38 39 40 42 43 44 46 47 50 51 52 54 55 56 57
19 32 33 35 36 37 38 39 40 41 42 44 45 46 47 48 49 50 52 57
19 32 33 34 35 36 37 38 39 41 42 45 46 49 50 51 52 54 56 57
13 35 36 37 38 41 42 45 46 47 50 52 54 56
12 34 37 38 39 43 46 47 48 50 51 55 56
22 61 64 65 67 68 70 72 73 75 78 79 81 85 86 87 89 94 96 97 99 101 108
13 58 67 71 72 73 80 82 85 89 90 97 104 107
13 58 61 62 66 67 73 74 78 84 86 91 103 107
13 70 72 74 80 82 94 97 99 100 103 105 106 107
7 61 80 83 85 86 91 97
26 60 61 62 63 64 65 67 69 70 74 75 76 81 82 84 85 86 90 95 97 98 101 102 103 106 108
8 61 62 64 67 76 93 98 100
32 59 61 63 65 66 67 68 71 73 74 76 78 79 80 82 83 84 87 88 89 92 93 94 96 97 98 100 101 102 105 107 108
14 60 62 63 65 66 67 81 83 89 94 95 97 106 107
13 60 67 70 76 81 82 83 84 85 94 97 98 103
13 58 62 68 69 78 79 81 86 98 99 102 105 106
27 59 60 61 65 67 72 73 74 76 79 80 81 82 85 88 89 91 92 93 94 96 97 99 102 104 106 108
19 60 63 64 65 66 68 70 73 77 79 84 89 91 93 99 100 101 102 105
15 58 68 69 71 72 74 77 78 80 90 91 92 93 98 104
16 62 63 65 69 75 77 78 81 86 87 88 91 93 95 99 103
17 59 60 61 66 72 78 79 83 84 88 89 92 95 97 100 101 107
14 62 65 68 71 79 80 81 86 92 94 95 99 104 107
10 63 70 79 80 81 84 100 101 103 105
30 58 60 63 65 70 71 73 75 77 78 79 80 82 83 84 87 88 90 91 92 94 95 96 99 101 102 104 105 106 108
25 58 59 66 68 71 72 73 77 78 79 80 83 87 88 89 91 92 93 94 96 99 100 104 105 107
16 58 62 63 66 69 70 72 75 76 84 87 90 95 99 101 105
19 59 62 65 67 69 71 73 81 83 87 91 92 98 102 103 104 105 107 108
27 59 61 64 65 67 70 72 73 75 76 77 80 83 84 85 87 88 89 90 92 93 95 96 97 101 107 108
5 64 69 77 98 99
18 60 61 65 66 67 70 72 75 76 80 82 84 94 95 96 100 103 105
17 59 64 70 73 75 76 79 84 85 87 88 96 99 100 101 102 105
13 60 62 64 69 73 75 76 79 82 85 98 103 108
22 58 59 65 70 71 72 74 76 81 82 83 85 86 91 94 96 101 102 103 105 107 108
23 61 65 66 69 72 73 74 75 77 78 79 80 82 86 91 96 97 98 99 100 104 106 107
22 59 61 62 67 71 74 76 78 80 81 82 83 85 87 88 90 92 94 96 97 104 106
26 59 62 63 64 68 69 71 72 75 77 78 79 80 87 88 90 91 92 93 96 99 100 101 104 107 108
24 59 60 61 63 66 69 72 73 74 75 76 77 78 83 85 88 89 93 97 101 103 105 106 108
9 60 64 65 67 68 72 76 86 106
11 60 63 66 71 74 82 91 94 100 103 104
15 62 69 73 74 75 77 78 83 88 91 93 96 98 104 108
15 58 62 64 65 66 70 76 82 84 87 93 99 105 107 108
2 83 84
20 68 69 72 75 77 79 80 81 83 88 89 90 92 93 97 100 101 104 106 108
17 58 59 61 66 71 82 85 87 89 90 92 94 95 97 99 102 107
13 59 66 68 69 72 74 81 85 86 89 97 103 107
9 63 77 82 83 84 92 105 106 107
24 58 62 63 64 66 68 69 70 71 75 77 78 83 84 86 87 90 95 98 100 101 103 105 107
20 59 60 61 62 67 68 75 77 82 83 87 88 89 90 95 96 103 104 105 108
20 58 59 60 62 66 69 71 74 76 80 88 90 91 93 95 98 100 102 103 104
13 62 68 69 72 74 75 77 78 79 81 90 95 97
21 58 60 63 64 66 68 70 72 74 77 78 79 80 86 88 93 94 95 99 100 101
5 61 82 86 103 108
13 58 64 67 70 82 84 87 90 91 96 98 100 102
20 59 60 61 64 66 68 70 74 76 79 92 94 96 98 100 101 102 105 106 108
12 58 61 65 66 73 74 86 89 95 102 105 106
16 61 62 63 67 73 75 79 80 84 87 88 89 90 93 95 104
9 58 62 67 81 86 87 90 105 108
18 58 61 62 64 65 69 71 73 76 78 85 87 89 91 95 96 98 108
20 59 60 63 66 67 68 75 77 79 81 83 84 86 88 90 92 93 101 102 104
8 59 60 61 68 71 79 100 104
28 58 59 60 62 63 64 67 68 70 71 76 81 83 84 85 87 88 89 90 92 93 94 95 101 102 103 105 108
25 63 64 65 68 69 70 71 73 74 75 76 77 80 82 85 91 93 94 96 98 99 102 103 104 106
18 59 60 63 64 65 70 71 76 82 85 87 94 95 96 98 99 102 105
20 64 67 74 77 78 80 81 82 83 85 86 89 91 93 94 96 102 103 106 108
16 58 64 68 71 73 77 78 79 87 89 90 91 93 97 98 101
10 58 69 72 75 86 95 98 103 107 108
15 60 61 65 66 76 84 86 88 89 91 100 101 105 106 108
20 58 59 65 67 71 72 74 78 80 83 84 89 90 94 97 99 100 104 106 107
16 63 64 69 70 74 76 79 81 84 91 92 97 98 100 106 107
15 58 65 66 71 72 73 78 80 85 86 93 94 99 101 102
11 61 75 76 82 84 85 89 90 96 97 106
19 58 60 62 64 69 70 72 75 77 81 85 86 90 91 95 99 103 104 106
17 59 62 63 69 74 81 83 85 86 88 92 99 102 104 106 107 108
18 61 63 66 68 70 77 81 86 87 88 91 92 93 95 96 101 102 105
38 58 59 60 61 63 64 65 66 67 70 71 73 76 80 82 83 84 85 86 87 88 89 91 92 93 94 96 98 99 100 101 102 103 104 105 106 107 108
36 58 59 62 63 64 67 68 69 70 71 72 73 74 75 77 78 79 80 81 82 83 85 87 90 92 93 94 95 96 97 98 99 102 103 104 107
29 59 60 63 67 68 69 71 72 73 74 75 77 78 79 81 88 89 90 92 94 95 96 98 100 101 102 103 104 106
8 60 66 68 78 92 97 100 106
7 65 73 88 92 97 98 107
20 59 60 67 69 71 72 73 74 75 77 78 79 88 89 94 95 96 103 104 106
10 60 67 70 76 81 82 83 84 97 103
8 60 63 66 71 74 100 103 104
11 69 71 72 74 78 80 90 91 92 98 104
13 58 63 66 70 72 74 77 80 86 88 95 100 101
19 62 63 66 68 69 70 75 77 78 83 84 86 95 98 100 101 103 105 107
10 74 80 82 94 99 100 103 105 106 107
7 68 69 74 75 81 95 97
9 58 61 66 67 73 78 84 91 107
11 58 64 71 73 77 79 87 90 93 98 101
7 61 65 73 74 89 95 102
12 58 68 71 72 74 78 80 90 91 93 98 104
3 77 98 99
10 58 68 70 72 78 86 88 93 95 99
14 63 64 65 67 70 74 75 76 81 84 86 95 98 106
28 58 59 60 61 63 64 66 67 71 80 82 83 84 86 87 88 89 91 93 94 96 99 100 101 102 104 106 108
8 58 72 75 86 95 98 103 107
12 61 65 66 76 84 86 88 91 100 101 105 108
9 60 63 71 82 91 94 100 103 104
9 59 66 68 72 74 81 86 97 103
7 59 60 61 68 71 79 100
9 61 62 73 74 78 86 91 103 107
10 59 65 67 74 83 84 90 94 97 106
13 59 62 69 73 83 91 92 98 103 104 105 107 108
14 59 64 70 73 75 79 84 87 96 99 100 101 102 105
10 61 66 67 75 82 84 94 95 96 103
8 59 61 72 84 88 97 100 101
11 58 62 67 73 74 78 84 86 91 103 107
7 58 68 77 90 91 92 104
4 61 83 91 97
15 58 59 66 68 79 80 87 88 89 91 92 93 99 104 107
7 58 62 67 81 87 90 108
7 62 69 75 77 88 98 108
12 59 62 63 74 81 83 86 102 104 106 107 108
9 70 75 76 82 84 95 100 103 105
8 72 74 80 82 94 99 100 106
7 60 67 70 81 84 94 97
5 60 65 76 86 106
4 64 69 77 98
8 58 65 66 71 85 93 99 101
16 58 59 65 71 72 74 81 83 86 91 94 96 101 102 105 108
22 59 64 67 70 72 73 77 80 83 84 85 87 88 89 90 92 93 96 97 101 107 108
16 61 66 68 70 77 81 86 87 88 91 92 93 95 96 101 105
17 59 60 69 72 73 75 76 78 83 85 88 89 97 103 105 106 108
18 62 63 64 66 68 69 70 75 77 78 83 86 87 98 100 101 103 107
4 62 67 93 98
15 60 61 65 67 72 75 76 80 82 84 94 95 100 103 105
9 62 68 72 74 75 77 90 95 97
13 59 66 68 75 77 79 81 84 86 88 92 93 102
11 59 62 71 74 76 80 88 90 95 100 102
1 84
7 60 66 68 78 97 100 106
9 70 72 80 94 97 100 105 106 107
10 64 75 79 84 85 87 88 96 101 102
11 58 62 64 69 72 75 77 86 90 95 104
4 64 69 77 98
23 61 67 68 71 73 74 76 78 79 83 84 87 89 92 94 96 97 98 100 101 102 105 107
6 69 72 86 98 107 108
13 64 67 74 77 81 85 86 91 93 96 102 103 108
7 75 76 84 89 96 97 106
17 59 61 65 68 78 82 84 88 89 93 96 97 98 101 102 105 107
15 61 62 67 74 76 78 81 82 85 87 92 94 96 97 104
7 58 71 73 86 94 99 102
14 58 59 60 63 71 81 87 89 92 93 101 102 103 105
10 64 74 83 85 86 89 91 94 102 103
9 58 64 82 84 87 90 96 98 100
7 58 68 69 78 81 86 105
10 58 67 74 78 94 97 99 100 106 107
9 60 67 76 81 83 85 94 97 98
7 61 75 76 84 85 89 96
21 59 63 67 68 71 77 78 79 80 83 87 90 92 93 96 97 98 99 103 104 107
8 62 68 71 80 86 94 99 104
12 73 74 75 77 78 83 88 91 93 96 104 108
12 62 67 81 83 91 92 98 102 103 104 105 107
13 60 62 64 72 77 81 85 86 90 91 103 104 106
8 58 69 72 75 86 103 107 108
27 63 64 68 69 70 71 72 73 74 75 77 78 79 80 81 82 85 90 92 93 94 97 98 99 102 104 107
17 58 60 62 66 71 74 76 88 90 91 93 95 98 100 102 103 104
8 58 69 72 75 98 103 107 108
8 58 69 72 86 95 98 103 108
13 60 66 68 70 72 77 78 80 86 88 95 99 100
8 60 61 84 88 91 101 106 108
14 64 65 70 71 76 82 85 87 94 95 96 98 102 105
15 59 60 62 67 68 71 76 83 84 85 88 93 94 95 105
16 59 61 63 65 67 74 79 80 87 89 92 93 94 98 107 108
14 59 62 75 77 82 83 88 90 95 96 103 104 105 108
16 59 64 66 68 70 74 76 79 92 94 96 100 101 105 106 108
3 77 98 99
15 59 62 65 69 73 81 83 87 91 92 98 102 103 107 108
22 58 59 63 64 67 68 69 72 75 78 79 83 85 87 92 94 95 96 97 99 104 107
4 59 68 71 100
11 62 65 68 71 79 81 92 94 95 99 104
12 60 65 66 84 86 88 89 100 101 105 106 108
29 58 59 62 63 67 68 69 70 71 72 73 74 75 81 82 85 87 90 92 94 95 96 97 98 99 102 103 104 107
15 65 67 69 71 73 83 87 92 98 102 103 104 105 107 108
12 63 65 69 75 77 86 87 88 91 93 99 103
12 59 61 62 67 71 76 78 83 90 96 104 106
6 60 66 68 78 92 97
10 58 61 65 66 74 86 89 95 105 106
19 66 68 71 72 73 79 80 87 88 89 91 93 94 96 99 100 104 105 107
10 59 63 66 75 79 83 92 93 102 104
17 58 59 68 71 72 73 77 78 80 83 87 89 92 96 99 100 107
8 63 67 73 87 88 93 95 104
12 59 63 66 73 75 76 77 85 97 101 103 106
7 58 62 69 79 81 105 106
11 59 62 69 83 86 88 99 102 104 106 107
18 59 60 61 67 73 74 81 82 85 88 89 92 94 96 97 102 106 108
18 59 61 64 67 72 75 77 80 84 88 89 90 92 93 95 96 97 108
7 60 65 66 67 81 95 106
17 63 65 68 71 73 74 75 77 80 82 85 91 93 99 102 103 104
5 69 86 98 103 108
4 61 93 98 100
16 59 61 64 66 68 70 74 79 94 98 100 101 102 105 106 108
11 62 63 69 75 78 86 87 91 95 99 103
21 63 64 65 68 69 70 71 74 75 76 77 82 85 91 93 94 96 98 99 102 104
12 59 63 64 65 70 71 76 82 95 96 98 99
11 59 66 67 75 79 83 84 92 93 101 104
10 62 63 65 69 75 81 86 87 91 93
20 59 66 68 72 73 77 78 79 80 83 87 88 89 91 94 96 99 100 104 105
6 61 80 83 85 91 97
13 59 60 61 62 67 75 77 87 88 95 96 103 108
11 61 77 81 86 87 88 91 93 96 101 102
14 60 63 64 66 68 72 74 78 86 88 94 95 100 101
22 58 59 60 63 65 66 70 76 82 83 84 86 88 89 93 94 100 101 102 104 105 106
7 58 72 85 89 97 104 107
10 58 64 67 70 84 87 90 91 96 102
8 58 62 63 70 72 76 87 99
3 61 82 103
13 63 66 68 70 81 86 87 88 91 93 95 96 102
16 58 59 65 70 72 74 76 82 83 86 94 96 102 103 105 107
11 62 63 66 67 81 83 89 95 97 106 107
16 60 63 67 68 75 77 79 81 83 84 86 88 92 101 102 104
10 62 63 65 66 81 83 94 95 106 107
7 65 73 89 95 102 105 106
5 66 68 78 92 100
12 65 66 71 72 73 78 80 85 93 99 101 102
16 68 69 72 75 79 80 83 89 90 93 97 100 101 104 106 108
8 69 75 76 79 82 98 103 108
21 59 60 67 72 73 74 76 79 80 81 82 85 88 89 92 93 94 96 97 99 108
13 58 65 66 72 73 78 80 85 86 93 94 101 102
16 62 65 67 69 71 73 81 83 87 98 102 103 104 105 107 108
13 59 60 62 66 71 76 80 90 91 93 95 100 104
14 59 60 61 66 72 78 83 84 89 95 97 100 101 107
5 58 72 75 86 107
10 60 67 70 76 83 84 85 97 98 103
10 59 60 64 66 74 76 92 98 102 105
14 61 62 76 78 80 81 82 83 85 92 94 96 97 104
11 61 66 68 81 88 91 92 96 101 102 105
8 62 67 75 79 80 90 95 104
7 58 72 86 95 98 107 108
9 64 67 70 82 90 91 96 98 102
4 59 60 61 79
11 60 62 64 73 75 76 79 82 98 103 108
12 62 65 68 71 79 81 92 94 95 99 104 107
1 83
7 61 75 82 84 85 90 96
12 63 64 69 70 73 74 75 76 80 82 91 104
20 59 64 65 67 76 77 80 83 84 85 87 89 90 92 93 95 96 97 107 108
14 58 59 60 62 69 76 80 91 93 95 98 100 103 104
11 60 65 66 84 88 89 100 101 105 106 108
19 59 60 61 66 72 73 74 75 76 77 78 89 93 97 101 103 105 106 108
14 58 60 62 66 69 74 76 80 88 90 93 98 100 104
14 60 69 70 72 75 77 81 85 90 91 95 99 103 104
12 64 67 68 70 72 75 78 81 85 89 101 108
5 77 82 83 92 105
10 61 62 67 73 75 79 80 87 89 104
9 65 66 67 70 72 76 80 84 103
9 58 72 73 78 80 85 93 101 102
6 61 83 85 86 91 97
32 58 59 62 63 64 67 68 69 70 71 72 74 75 77 78 79 82 83 85 87 90 92 93 94 95 96 97 98 99 102 103 104
12 62 65 68 71 79 80 81 92 94 95 99 104
9 59 64 70 73 75 85 87 88 105
13 59 62 74 81 83 85 86 88 92 99 102 106 108
13 59 60 61 66 72 79 83 89 92 95 97 101 107
19 61 65 67 73 75 76 77 80 83 84 85 87 88 89 92 95 96 101 107
14 59 64 73 76 80 84 85 87 92 95 96 97 107 108
3 82 86 103
3 80 83 97
6 63 82 83 92 106 107
11 61 62 63 67 73 75 79 84 87 95 104
4 67 93 98 100
7 60 64 65 67 76 86 106
11 69 72 74 75 77 78 79 81 90 95 97
15 59 64 67 75 80 83 87 89 92 93 95 96 97 107 108
6 62 67 81 86 87 105
16 59 61 67 78 80 81 82 83 85 87 88 92 94 96 97 104
10 59 63 66 68 75 83 86 90 92 93
10 59 61 85 87 89 90 95 99 102 107
20 59 60 63 68 69 72 73 77 81 88 89 90 92 94 98 100 101 103 104 106
5 65 73 88 97 107
16 60 62 69 70 72 75 77 81 86 90 91 95 99 103 104 106
13 61 63 68 70 81 86 87 88 92 93 95 96 105
18 61 65 67 73 74 79 80 81 82 85 88 89 91 96 97 99 104 106
11 62 68 69 78 79 81 86 98 99 105 106
13 60 61 67 77 82 87 88 89 95 96 103 104 108
11 62 64 69 73 75 76 79 82 85 98 103
8 60 64 69 75 85 98 103 108
18 63 64 68 69 71 72 75 77 79 80 87 90 91 92 99 101 104 108
12 60 63 65 68 70 84 89 91 93 100 101 105
18 59 60 67 68 69 71 73 74 77 78 81 88 89 90 95 96 100 106
15 64 67 74 78 80 81 82 83 85 91 96 102 103 106 108
20 60 61 62 63 65 67 69 70 75 76 81 82 84 85 86 90 97 98 102 103
11 61 62 67 75 79 80 87 89 90 95 104
7 69 74 85 86 89 97 107
8 68 71 80 86 92 94 99 107
13 59 60 61 72 78 83 89 92 95 97 100 101 107
18 65 69 72 73 74 75 77 78 79 80 86 91 96 97 99 100 104 107
13 68 69 73 77 80 82 85 93 96 98 99 104 106
17 60 65 72 74 76 79 80 81 85 88 89 91 93 94 96 97 102
6 60 70 82 83 84 98
14 58 64 66 68 69 71 75 78 83 84 86 87 103 107
9 62 65 79 80 81 92 94 95 104
14 59 62 63 69 81 83 85 86 88 102 104 106 107 108
10 58 62 69 78 79 81 86 99 102 106
11 61 69 72 73 74 77 79 80 96 97 98
11 63 65 69 75 78 81 86 88 91 95 103
10 58 62 69 71 76 80 91 95 102 104
1 84
10 58 62 78 79 86 98 99 102 105 106
12 63 65 75 77 78 81 86 88 91 93 95 103
13 61 63 66 68 70 87 88 92 95 96 101 102 105
14 59 60 61 66 78 83 84 88 89 95 97 100 101 107
10 59 62 77 82 83 87 96 103 104 108
11 58 61 66 82 90 92 95 97 99 102 107
2 82 108
6 65 68 72 76 86 106
15 59 60 63 66 72 73 74 75 77 83 85 88 97 101 106
15 61 66 68 70 77 86 88 91 92 93 95 96 101 102 105
14 58 62 64 65 69 71 73 76 78 87 91 95 96 98
15 58 62 69 70 72 75 81 85 86 90 91 95 99 103 104
5 61 64 67 93 100
15 75 77 79 81 83 88 89 90 92 93 97 100 101 106 108
12 61 63 67 73 79 84 87 89 90 93 95 104
15 59 60 67 68 70 71 81 83 88 90 93 94 101 103 105
22 61 62 64 65 69 70 74 75 81 82 84 85 86 90 95 97 98 101 102 103 106 108
12 58 62 63 66 70 72 75 84 90 99 101 105
6 58 62 67 81 90 108
15 58 61 62 65 69 76 78 85 87 89 91 95 96 98 108
8 65 69 75 86 87 91 95 103
13 58 59 66 71 82 85 89 90 92 95 97 99 107
9 61 75 76 82 84 89 90 96 97
12 60 62 67 77 83 88 95 96 103 104 105 108
8 60 63 66 71 82 91 94 104
11 60 62 63 66 67 81 89 94 97 106 107
11 70 72 74 80 97 99 100 103 105 106 107
13 58 61 64 65 69 71 73 78 85 87 89 98 108
19 61 65 66 69 72 73 74 75 77 78 79 80 82 86 91 97 99 104 107
5 61 62 67 93 100
31 58 59 62 63 64 68 69 71 73 74 75 77 78 79 80 81 82 83 85 87 90 92 93 94 95 96 98 99 102 104 107
10 59 63 74 83 85 88 99 104 107 108
8 68 75 77 78 79 90 95 97
10 65 66 70 77 79 84 91 93 102 105
1 84
4 80 83 91 97
9 62 63 67 81 83 89 95 97 107
10 60 61 65 76 84 89 91 100 106 108
9 62 68 69 72 74 75 90 95 97
22 59 63 65 66 67 71 76 78 79 80 87 88 89 92 93 96 97 98 100 102 105 108
19 58 59 65 70 71 72 74 76 81 82 83 85 91 94 101 102 103 105 108
14 64 67 74 77 82 83 85 93 94 96 102 103 106 108
5 65 73 88 92 97
15 59 63 64 65 71 82 85 87 94 95 96 98 99 102 105
10 59 66 68 69 85 86 89 97 103 107
11 62 63 70 72 75 76 84 95 99 101 105
8 58 75 86 95 98 103 107 108
4 61 86 103 108
17 61 65 66 69 72 73 75 77 79 80 82 91 96 97 99 100 107
5 60 68 92 100 106
10 61 66 70 77 86 87 95 96 101 105
1 83
13 59 67 69 71 73 83 87 91 98 102 104 105 108
7 71 74 82 91 94 100 104
10 64 70 79 84 85 87 88 96 101 102
8 66 73 78 80 86 93 99 101
10 60 64 69 70 72 77 81 85 90 95
12 61 72 78 79 82 91 96 97 99 100 106 107
20 62 63 66 68 69 70 75 77 78 83 84 86 87 90 95 98 100 101 103 105
8 62 65 69 77 87 91 93 99
13 58 65 66 71 72 73 78 80 86 93 94 99 102
14 59 61 66 71 82 87 90 92 94 95 97 99 102 107
13 58 61 65 69 71 73 76 78 89 91 95 96 98
15 59 62 65 67 73 81 83 87 92 102 103 104 105 107 108
11 62 68 71 79 81 86 92 94 95 104 107
11 58 60 71 74 80 88 90 91 93 100 102
9 62 65 68 71 79 81 94 95 99
22 59 60 63 68 69 71 72 73 74 77 78 79 81 89 90 94 95 98 100 102 104 106
10 58 59 66 82 87 89 92 94 95 107
11 68 72 77 80 83 88 90 92 97 100 108
8 58 66 73 86 89 95 102 105
6 58 67 81 86 87 105
6 60 63 71 74 94 100
7 67 70 84 85 94 97 103
14 59 60 61 66 72 78 79 83 84 92 95 97 100 107
16 59 62 65 67 69 71 73 81 83 87 91 92 98 102 105 107
11 67 70 76 81 82 83 84 85 97 98 103
17 58 71 77 78 79 80 82 84 90 91 94 95 96 99 102 104 106
6 61 80 83 85 86 97
10 62 68 72 74 75 77 78 90 95 97
8 63 69 70 79 81 91 97 98
9 66 81 86 91 92 93 95 96 105
5 68 78 97 100 106
11 68 69 72 75 77 81 89 90 92 101 106
4 60 66 68 100
1 84
11 63 65 69 75 77 78 86 87 91 93 103
8 58 66 74 86 89 95 102 105
16 60 63 64 66 68 70 77 79 84 89 91 93 100 101 102 105
11 59 62 69 74 81 83 85 88 99 102 108
10 62 69 72 74 77 78 79 81 90 97
20 59 64 67 73 76 82 83 85 86 87 88 91 92 93 96 102 104 105 106 108
19 58 59 65 70 71 72 74 76 81 82 83 85 86 91 96 101 102 103 107
8 66 82 85 89 90 92 102 107
6 63 77 82 84 106 107
20 58 59 66 68 72 73 79 80 88 89 91 92 93 94 96 99 100 104 105 107
10 58 62 68 69 78 81 86 98 105 106
13 58 61 64 65 69 71 73 76 78 85 87 91 108
8 60 66 67 81 89 97 106 107
7 58 61 66 74 86 89 105
16 58 65 70 72 74 76 81 82 86 91 96 101 102 103 107 108
22 64 65 66 69 71 72 73 75 76 78 82 88 89 92 93 97 100 103 104 105 107 108
19 59 61 64 66 67 68 71 74 75 77 82 83 84 87 88 90 91 95 105
25 58 62 63 64 66 70 71 73 79 80 81 84 85 86 87 89 90 91 92 94 95 96 102 105 108
22 58 60 64 71 72 73 75 80 81 83 84 85 91 92 93 95 96 98 99 102 103 105
23 59 60 62 64 65 66 75 76 77 79 83 88 89 91 94 96 97 98 101 104 105 106 108
20 58 62 63 64 67 69 70 76 77 80 81 82 84 88 93 94 100 102 105 107
28 58 59 61 65 66 67 69 74 75 77 78 79 80 81 82 83 84 85 87 91 94 96 97 99 101 103 105 106
30 58 60 61 62 64 66 67 68 69 70 72 73 74 75 78 80 82 84 86 87 88 91 93 94 95 96 103 104 107 108
21 59 62 65 67 73 74 78 80 82 84 87 89 94 95 97 98 99 100 103 107 108
31 59 60 61 64 65 66 69 70 72 73 74 75 79 80 81 84 85 86 87 89 90 91 93 96 97 99 100 103 105 106 108
23 61 63 65 67 68 69 71 73 76 77 80 83 88 90 91 92 94 95 96 98 99 104 108
34 58 59 60 61 64 67 68 69 70 73 74 75 76 77 78 80 82 83 84 86 87 88 89 91 92 93 95 96 100 101 102 103 105 108
35 58 60 61 65 66 67 68 70 71 73 74 75 76 77 78 80 81 82 86 87 88 89 90 92 95 97 98 100 101 102 103 104 106 107 108
15 58 69 73 74 75 76 77 83 88 91 94 96 97 103 107
22 64 65 66 67 69 70 75 78 80 81 83 87 88 89 91 92 93 97 98 100 102 105
20 58 63 65 68 69 74 79 83 84 86 87 89 92 94 96 99 100 104 106 107
33 59 60 61 62 65 67 69 70 72 73 75 76 79 80 81 82 83 84 85 86 88 89 90 92 93 95 96 97 100 103 105 106 107
35 59 60 61 63 64 65 67 68 69 70 71 74 75 77 78 79 81 82 83 84 88 90 93 95 96 99 100 101 102 103 104 105 106 107 108
24 61 62 63 64 68 72 76 77 78 80 88 89 91 92 93 95 97 98 99 100 101 104 106 108
30 58 60 61 64 66 67 69 71 73 75 77 79 80 81 82 85 88 91 92 93 94 96 97 98 101 103 104 105 106 107
31 58 59 60 61 62 63 65 66 69 70 71 72 73 77 80 81 82 83 84 85 87 88 91 92 94 96 100 105 106 107 108
30 58 59 61 65 68 70 71 74 75 77 79 80 84 85 86 88 89 91 92 94 95 96 97 98 99 100 101 105 106 108
22 58 60 61 62 63 65 70 71 72 77 78 79 82 85 97 100 101 102 104 105 107 108
31 59 63 65 66 69 70 71 72 73 74 75 77 78 79 80 82 83 84 86 87 88 91 92 93 94 96 100 102 103 104 105
34 59 60 61 62 65 66 67 68 69 70 71 72 73 74 75 76 77 78 79 80 81 82 87 90 91 92 93 95 98 99 100 102 104 105
17 60 62 68 73 77 84 85 86 88 94 96 99 100 101 102 103 105
32 59 61 62 63 64 66 67 68 69 73 74 75 76 77 79 82 83 84 85 87 90 91 92 93 94 95 99 101 102 105 106 107
31 58 59 61 62 65 66 67 68 71 72 73 75 76 80 81 82 83 84 85 88 92 93 95 96 97 99 100 102 103 106 107
31 58 62 64 65 66 67 68 70 71 74 76 77 79 81 82 88 89 90 91 94 95 98 99 100 101 102 103 104 106 107 108
16 58 59 61 65 66 72 74 76 85 90 94 95 97 104 105 107
21 58 59 64 66 69 71 72 73 76 77 81 84 89 90 91 94 97 98 100 104 105
23 58 59 60 61 62 64 66 67 69 70 72 76 79 81 82 83 89 94 95 96 98 103 108
15 59 62 65 68 72 74 83 87 89 93 94 97 98 101 103
25 59 64 65 66 67 68 69 72 73 74 77 81 83 85 86 87 91 94 95 97 98 102 103 105 108
17 58 60 61 62 64 65 68 72 74 79 80 81 94 97 101 102 105
22 58 63 67 68 71 73 75 76 77 84 85 86 90 93 94 97 98 100 101 102 103 104
21 58 62 63 64 66 70 73 78 80 83 85 87 88 90 91 92 94 98 99 101 105
30 58 60 61 63 64 65 66 67 68 69 72 73 74 77 78 79 80 83 85 86 87 89 92 93 94 98 99 100 101 105
23 58 61 62 66 68 74 77 78 80 82 83 85 86 87 89 90 91 97 98 100 105 107 108
16 65 74 76 77 79 80 86 88 89 90 91 93 103 104 106 108
25 58 59 63 66 69 70 72 74 77 79 80 82 88 89 90 92 93 94 97 101 102 103 104 105 106
26 59 60 61 62 64 67 74 77 80 82 83 85 87 88 90 92 94 96 97 101 103 104 105 106 107 108
24 58 59 62 64 65 67 68 70 71 73 74 75 77 84 88 89 93 94 96 97 100 101 105 108
29 58 59 61 63 66 68 69 73 74 75 79 81 85 86 87 88 90 92 95 96 98 99 100 102 103 105 106 107 108
22 62 66 71 73 76 78 79 85 86 88 89 90 93 94 95 96 100 104 105 106 107 108
18 60 61 63 69 70 71 73 74 78 81 82 84 88 90 92 97 101 108
21 60 61 62 63 65 66 68 71 72 73 81 82 83 86 88 89 96 97 100 101 104
32 58 61 62 63 65 67 68 69 70 71 72 74 76 78 79 81 83 85 86 87 88 89 91 92 93 94 97 98 99 103 104 108
17 60 66 67 70 75 77 78 79 82 86 89 93 98 99 102 103 108
24 58 59 60 61 65 66 67 71 72 73 75 82 84 86 87 90 91 95 97 99 101 102 103 106
35 59 60 62 63 65 67 70 71 72 74 75 78 79 80 82 83 85 86 87 88 89 90 91 92 93 94 95 96 97 98 102 104 105 106 108
31 58 60 62 63 66 67 71 72 73 74 75 76 77 78 79 80 81 84 86 87 88 89 90 91 94 96 97 98 101 102 106
26 58 59 62 66 68 69 71 72 75 77 78 79 82 83 84 87 88 89 90 92 97 99 104 105 106 108
18 58 59 62 65 69 71 74 76 81 83 85 92 93 94 98 99 104 105
16 66 68 71 75 79 81 82 85 89 94 95 99 101 102 106 108
18 59 69 73 75 76 82 83 86 91 92 94 96 97 99 100 102 103 104
22 58 59 60 61 62 63 67 72 74 78 80 82 85 86 88 90 93 96 99 101 102 108
26 58 59 60 64 65 66 68 71 72 73 76 77 78 81 82 83 87 91 92 93 94 96 102 106 107 108
17 61 63 75 79 81 82 86 88 92 93 96 97 99 101 102 106 107
35 58 59 60 61 62 65 66 68 69 70 72 73 74 75 76 77 79 81 82 83 85 86 89 90 91 92 94 95 96 98 100 101 102 104 105
31 58 59 60 61 62 63 64 67 68 69 70 71 72 74 76 78 80 82 84 85 86 89 92 95 97 99 103 104 105 106 108
31 58 59 63 65 66 67 68 69 70 71 72 75 78 79 80 81 82 83 84 85 87 88 89 90 93 94 98 100 104 105 107
18 61 65 69 76 78 80 81 85 86 90 93 95 97 100 104 106 107 108
29 58 59 60 61 64 65 67 68 70 73 74 75 76 79 86 87 89 92 93 97 99 100 101 103 104 105 106 107 108
22 59 60 62 65 67 70 72 73 75 77 80 81 86 87 91 92 94 95 96 101 104 106
17 59 67 68 69 71 74 75 83 87 93 94 95 98 99 104 107 108
35 58 60 61 62 63 64 65 68 71 72 73 74 75 76 78 79 80 81 82 83 85 86 89 90 91 92 98 99 102 103 104 105 106 107 108
29 58 59 62 63 65 67 68 69 70 73 74 76 80 85 88 89 95 96 97 98 99 100 101 102 104 105 106 107 108
31 58 59 60 61 63 65 66 70 72 74 75 78 79 80 84 86 87 89 91 92 93 94 95 96 97 98 99 100 104 106 108
25 59 61 63 64 69 71 72 73 74 75 78 81 82 83 84 85 86 88 90 91 94 97 98 102 103
33 59 60 61 62 63 66 67 68 69 71 72 73 77 79 80 81 82 84 86 87 88 91 92 93 94 95 98 99 101 103 104 106 107
34 58 61 62 63 64 65 68 69 71 72 75 76 77 78 79 81 82 83 84 85 86 87 88 91 92 93 97 98 99 100 104 106 107 108
29 58 60 61 62 67 68 70 72 73 74 75 78 79 81 83 84 85 86 89 91 93 95 96 97 98 100 104 107 108
15 58 66 69 70 72 77 83 84 85 87 90 91 94 106 108
34 58 59 60 61 63 64 65 66 70 71 74 75 76 79 80 82 86 87 89 90 91 94 95 96 97 98 99 100 101 102 103 104 106 108
21 58 60 61 68 70 74 76 77 81 82 83 84 88 89 92 93 96 98 99 103 106
26 58 59 61 63 64 65 68 75 76 77 79 80 81 82 84 86 88 90 91 93 94 95 97 98 100 108
21 59 61 63 65 67 68 70 71 75 82 85 87 88 89 92 93 94 98 100 107 108
31 58 59 60 62 63 64 66 67 69 71 73 75 76 80 81 82 84 85 87 88 90 92 93 94 95 99 100 102 103 107 108
20 60 61 62 65 67 68 69 85 86 87 88 89 91 92 94 95 98 100 105 108
17 61 64 71 73 74 79 81 82 87 89 92 93 95 102 103 105 107
20 58 59 60 61 63 66 68 69 72 78 81 83 84 90 94 98 100 101 105 107
18 58 60 61 63 65 69 76 77 79 81 82 90 92 94 97 99 104 106
22 58 60 63 65 67 68 74 77 79 80 81 87 88 90 92 98 99 100 101 105 106 107
16 59 61 63 64 70 74 75 79 82 85 87 88 102 106 107 108
26 61 62 64 66 68 69 72 73 76 77 79 83 84 86 89 92 93 95 97 99 100 102 104 105 107 108
26 60 61 62 63 65 67 70 71 72 74 77 78 82 84 86 88 89 90 93 94 95 96 97 100 101 108
22 58 59 60 61 62 65 68 70 72 73 75 77 78 83 84 85 88 93 96 97 100 101
35 58 59 61 62 63 65 66 67 71 73 74 75 76 77 80 81 82 83 85 86 87 89 90 92 94 95 96 98 99 101 102 104 105 106 108
28 58 63 64 65 66 67 68 69 70 71 72 75 76 77 78 80 82 83 84 86 87 89 93 97 100 101 102 107
33 59 61 64 66 68 69 70 71 72 74 75 76 78 79 80 81 84 85 87 91 93 94 97 98 100 101 102 103 104 105 106 107 108
27 58 61 63 65 66 68 69 72 73 76 77 79 81 82 83 87 88 89 91 93 94 97 98 99 100 101 104
24 60 63 66 67 68 69 72 74 76 78 80 81 82 83 87 88 89 90 92 95 103 105 106 107
20 61 63 65 68 69 70 75 80 84 85 86 88 90 98 99 100 101 102 104 108
26 58 59 62 64 66 67 68 70 73 74 76 79 81 83 85 90 91 92 93 95 97 101 104 105 106 107
26 60 61 62 65 67 68 69 70 71 74 75 83 84 85 86 87 89 90 91 94 95 100 101 102 104 105
23 58 59 63 66 69 70 71 75 77 78 81 83 89 90 91 92 94 95 97 98 99 105 107
28 58 59 63 64 65 69 72 73 77 78 81 82 84 85 86 89 90 91 92 93 96 97 98 99 100 104 107 108
35 58 60 61 63 64 65 66 68 69 70 71 72 73 74 75 78 79 81 82 83 85 88 89 90 91 92 94 95 96 97 101 103 105 106 108
22 58 59 62 63 64 65 66 68 70 72 76 77 80 84 85 88 89 90 93 99 102 105
19 59 62 63 64 68 70 76 80 81 82 87 90 92 93 99 101 104 106 107
19 58 60 66 68 69 72 74 75 82 84 87 88 89 95 98 99 101 102 105
34 58 59 60 61 63 65 66 68 69 70 71 72 73 74 75 78 82 84 85 87 90 91 92 93 95 97 98 99 101 102 103 104 106 107
32 58 60 63 64 65 66 67 69 71 72 73 74 75 76 77 78 79 81 82 84 86 87 88 90 93 94 95 96 97 103 107 108
34 58 59 60 61 63 66 67 69 70 72 73 74 75 76 77 79 81 82 83 84 87 88 89 90 91 92 93 94 95 97 99 102 104 107
19 58 62 66 69 70 73 76 77 78 79 80 84 85 87 88 89 94 98 99
26 58 59 61 64 66 67 69 70 71 74 77 80 82 83 84 86 87 88 94 95 97 100 103 104 106 107
28 59 63 64 65 67 68 69 70 73 74 76 78 79 83 85 87 88 89 91 92 93 95 97 100 102 103 106 108
33 58 60 62 64 65 66 67 68 69 70 71 74 76 77 78 79 80 81 82 87 88 89 90 91 92 95 97 100 101 103 104 105 107
23 59 61 63 66 67 70 72 73 74 76 79 80 81 83 87 88 89 91 92 93 94 98 101
22 61 63 64 65 66 68 69 72 76 80 85 86 88 91 92 93 94 96 100 102 103 105
17 58 59 64 74 83 87 88 92 94 97 99 100 102 103 105 106 107
23 58 63 64 65 67 70 74 76 78 80 83 84 85 86 88 89 90 94 102 103 104 106 108
19 58 59 61 62 64 75 81 86 88 89 93 94 96 101 103 104 106 107 108
33 58 59 60 64 65 67 68 69 71 72 74 76 77 79 80 81 82 85 86 88 89 90 91 93 94 97 98 100 101 102 104 105 107
29 59 61 62 65 67 68 69 71 72 73 75 76 83 84 85 86 88 89 90 91 92 93 94 95 96 98 101 104 108
23 62 63 64 66 67 69 71 73 75 77 79 83 84 86 89 95 97 99 101 102 105 106 108
25 59 60 62 63 64 66 67 68 71 72 73 75 77 78 79 83 85 92 93 94 99 100 101 103 107
26 58 59 60 62 65 68 70 71 74 76 77 80 82 83 89 90 92 93 97 98 99 101 102 103 104 105
21 59 60 61 69 74 75 79 80 81 82 84 86 87 92 93 94 97 102 104 106 107
27 59 60 63 65 66 67 68 69 73 74 75 76 77 78 79 80 81 88 90 93 95 96 98 101 103 104 105
19 60 62 65 67 70 72 76 78 80 82 85 87 90 94 95 99 102 103 105
26 59 61 63 64 65 66 69 71 74 75 77 80 81 83 87 88 90 92 93 94 97 98 101 104 105 106
23 66 69 70 71 72 74 75 79 81 83 85 89 90 91 92 94 96 97 99 100 104 106 108
32 58 60 62 63 64 65 66 68 69 71 73 74 76 77 78 80 81 82 84 85 86 87 88 89 94 98 100 102 103 105 106 107
20 59 60 62 63 64 65 66 67 69 73 77 85 86 87 90 92 97 98 104 106
34 58 59 60 62 63 65 66 67 68 69 71 74 75 78 81 82 83 85 86 88 89 91 92 93 94 95 99 100 101 103 104 105 106 107
22 58 61 63 64 66 67 70 72 73 76 78 79 87 89 90 91 96 100 104 106 107 108
30 59 60 61 65 66 67 69 71 73 75 76 77 78 80 83 84 87 89 92 94 95 96 98 99 100 102 104 106 107 108
21 60 62 74 75 77 81 82 83 84 85 86 87 90 92 93 95 96 97 99 105 106
24 58 59 60 62 64 66 67 68 70 73 74 78 85 86 88 89 92 98 100 102 104 105 106 107
21 63 64 65 69 72 74 75 76 77 78 83 84 85 87 93 94 96 101 102 104 108
23 60 62 63 64 65 69 77 83 84 86 88 90 92 93 94 95 96 98 100 102 104 107 108
25 58 60 63 66 67 69 70 71 73 74 76 77 79 80 83 85 86 90 91 95 97 99 101 103 108
27 60 61 62 63 64 65 67 69 75 77 80 81 82 83 84 85 86 91 93 95 97 99 100 101 103 104 108
29 59 60 61 62 65 66 68 69 70 72 77 78 79 80 81 84 86 89 92 93 95 96 99 102 103 104 105 106 107
26 58 59 60 61 62 65 66 67 69 73 74 75 77 78 81 87 88 90 91 98 102 103 105 106 107 108
30 58 60 61 62 63 64 66 68 69 72 74 75 79 80 81 82 83 85 86 90 91 93 94 95 98 102 103 104 105 107
18 68 70 72 73 74 75 81 82 86 95 96 97 99 100 101 103 104 105
33 58 59 60 61 62 63 65 66 71 73 75 76 78 79 80 81 82 83 85 86 88 91 92 94 96 98 99 100 102 103 104 105 106
30 58 60 62 63 64 66 67 68 69 70 72 73 75 76 83 84 86 87 88 91 92 93 96 98 99 100 101 102 106 108
32 58 59 60 61 63 64 67 68 70 73 74 75 76 78 79 80 81 83 84 85 86 87 91 92 94 95 96 100 103 104 105 107
22 59 62 63 64 66 70 75 77 78 81 82 86 87 95 97 99 101 103 104 105 106 108
30 58 61 62 63 64 66 67 68 69 70 71 74 79 81 82 83 85 86 87 91 92 93 95 97 99 100 101 102 104 105
29 58 60 61 62 64 65 68 72 73 74 75 76 77 78 80 83 87 88 89 90 91 94 95 96 98 101 102 103 108
18 58 65 66 68 71 76 79 87 89 92 96 97 101 102 103 106 107 108
16 61 62 63 64 66 68 77 79 80 93 94 98 99 100 101 104
17 60 61 62 66 67 69 71 73 75 79 80 85 90 94 100 103 107
33 58 59 60 62 63 65 66 67 68 69 71 72 74 76 77 80 81 82 86 88 89 90 92 93 95 96 97 98 99 101 102 103 106
34 58 60 61 63 64 68 69 70 72 73 74 75 76 78 79 81 82 83 86 87 88 89 90 93 96 97 99 102 103 104 105 106 107 108
27 60 61 62 63 64 65 67 69 71 72 73 74 79 80 83 84 85 86 87 88 91 94 98 104 106 107 108
19 58 60 62 63 69 72 75 76 78 81 82 83 88 92 95 97 101 102 108
29 58 59 60 61 63 64 65 67 68 71 72 73 74 75 79 81 82 83 84 85 90 91 92 93 95 97 98 101 102
25 59 60 61 62 63 64 70 71 74 79 80 81 82 86 88 89 90 93 96 98 99 100 103 106 107
17 61 63 64 65 66 68 73 75 78 80 82 83 85 89 92 105 107
33 58 59 62 63 64 67 68 69 70 71 74 76 77 78 79 80 82 83 84 86 87 88 89 90 92 93 95 96 97 98 99 104 108
22 58 65 66 68 69 70 74 83 85 86 87 88 89 95 96 99 100 101 103 105 106 108
32 58 59 60 61 64 65 68 69 72 73 75 76 77 78 83 86 88 89 90 91 93 94 95 96 98 100 101 102 103 104 107 108
25 58 62 65 66 67 70 71 80 82 83 85 86 87 89 91 92 94 96 97 99 100 102 103 107 108
30 61 63 64 65 66 68 69 71 74 77 78 80 81 82 83 85 86 87 88 89 90 91 92 93 95 96 98 102 105 106
33 58 59 60 61 62 63 64 65 67 68 72 75 76 77 78 80 81 85 86 89 90 93 94 95 96 97 98 99 101 102 105 106 107
27 63 65 66 67 68 70 71 72 74 76 77 79 81 87 88 89 90 91 92 93 94 96 102 103 106 107 108
30 60 63 64 67 69 70 72 73 76 77 80 81 82 84 85 86 87 88 90 91 93 96 97 99 101 102 103 104 105 106
26 58 60 61 63 64 69 70 73 75 77 79 81 82 86 92 95 97 98 99 100 102 103 104 106 107 108
19 60 62 65 66 67 68 69 71 77 81 83 86 88 89 90 93 94 106 107
24 60 62 63 65 69 72 74 78 79 80 83 90 91 93 94 96 99 100 101 102 103 104 107 108
30 59 60 61 62 63 64 66 67 68 70 73 74 75 78 80 81 82 84 85 87 89 92 96 97 98 99 105 106 107 108
24 61 65 66 68 69 72 75 76 79 80 82 83 86 88 90 91 93 94 95 98 100 101 103 104
19 59 60 62 64 68 74 75 77 79 80 81 84 86 88 90 92 98 103 106
34 58 59 60 61 62 63 64 65 68 70 71 74 77 80 81 83 85 86 88 89 90 91 93 94 95 96 97 98 100 102 103 104 106 108
24 62 63 65 66 68 73 74 75 76 77 78 79 82 85 87 89 90 95 97 98 101 103 105 108
27 61 62 66 68 71 73 76 78 79 80 81 82 83 85 86 90 92 94 96 99 100 101 102 103 106 107 108
23 58 60 62 64 65 73 74 79 80 83 86 87 88 91 92 99 100 101 102 104 106 107 108
26 59 61 62 63 64 66 70 71 73 75 76 78 80 81 85 87 89 90 92 93 97 100 101 104 105 108
21 59 61 64 65 66 68 69 70 71 72 77 79 80 82 87 91 93 95 96 100 104
21 60 61 62 63 71 73 74 80 81 85 88 89 91 92 93 94 95 96 99 107 108
19 58 60 62 69 70 74 78 79 82 83 84 86 91 96 99 101 105 107 108
34 61 64 65 67 68 70 71 75 76 77 78 79 80 81 82 86 87 88 89 90 91 92 94 95 97 98 100 101 103 104 105 106 107 108
24 61 62 63 65 68 70 72 74 76 77 78 79 83 85 86 87 88 92 95 97 100 101 103 105
30 58 60 65 66 70 72 73 74 75 76 78 80 81 83 84 85 86 87 91 92 95 96 98 99 101 102 103 104 105 106
18 58 62 63 74 75 78 79 82 85 86 93 95 96 98 100 103 107 108
26 58 60 61 62 63 65 66 72 76 79 81 82 83 84 85 88 89 90 92 94 95 96 98 100 103 105
31 58 59 62 64 67 68 69 70 71 72 75 76 77 78 80 82 83 85 86 91 93 94 95 96 99 100 102 103 104 107 108
33 58 60 61 63 64 65 67 68 69 71 73 74 76 79 80 81 82 84 85 86 87 88 90 91 93 95 96 97 99 100 104 106 108
33 58 61 63 65 66 67 68 70 71 72 73 74 75 77 79 82 84 85 87 90 92 94 97 98 99 100 101 102 103 104 105 107 108
32 59 60 63 64 65 69 70 73 74 75 78 79 80 82 85 86 88 89 90 92 93 94 95 96 98 102 103 104 105 106 107 108
35 58 59 60 61 62 63 66 67 68 71 72 73 74 75 77 79 80 81 84 85 86 88 89 93 94 96 97 99 101 102 103 104 105 106 108
30 58 59 60 62 63 65 66 67 68 69 70 71 72 74 75 78 81 85 87 88 93 94 95 96 97 99 100 102 103 107
32 59 60 61 62 63 65 66 67 68 72 75 78 82 85 87 88 89 90 91 92 93 94 95 96 97 98 99 100 101 102 105 107
18 61 62 63 64 66 67 72 74 75 76 78 79 80 81 82 84 96 97
23 61 62 63 67 68 69 71 72 76 77 78 79 81 82 83 85 90 91 92 95 97 98 103
34 59 60 62 63 64 65 66 67 68 69 70 73 75 79 80 82 83 84 85 86 87 88 89 91 92 93 94 95 99 100 105 106 107 108
25 59 60 63 64 65 66 67 73 74 76 77 78 79 80 81 88 90 91 92 96 98 99 102 103 105
15 65 66 70 74 75 76 81 87 88 92 93 94 97 100 106
19 60 61 62 65 68 69 71 76 79 80 81 82 90 91 96 97 104 105 108
28 59 60 61 64 67 71 72 73 75 76 77 80 83 84 85 86 90 91 92 94 95 96 97 98 100 101 102 105
16 67 68 71 73 74 78 79 80 81 86 89 94 96 98 101 104
34 59 62 63 64 67 70 71 73 74 75 76 78 79 80 82 83 84 85 86 87 88 90 92 93 95 97 99 101 103 104 105 106 107 108
25 60 61 63 65 67 68 69 71 72 74 75 77 78 79 80 82 84 85 88 92 93 97 99 102 106
26 59 63 69 70 73 74 76 80 81 82 83 86 87 88 91 92 93 94 95 98 99 101 102 105 106 108
35 58 59 60 61 62 63 65 66 69 70 73 74 75 76 77 78 79 81 82 85 89 90 91 92 94 95 97 98 99 100 101 102 104 107 108
22 58 59 60 61 62 63 66 73 74 77 79 80 84 87 88 89 91 94 96 101 104 105
25 58 59 61 64 65 67 70 72 73 74 78 79 80 81 82 83 86 89 91 97 99 102 103 104 105
28 60 65 66 67 68 69 70 73 77 79 80 82 83 85 87 88 89 90 92 94 95 96 99 101 102 103 104 105
35 58 59 60 61 62 63 64 65 66 68 69 71 72 73 75 77 79 81 84 86 87 89 90 91 93 94 95 96 97 98 99 100 101 104 108
25 58 59 60 61 62 64 65 67 69 71 72 73 76 78 81 84 85 87 90 96 97 101 102 106 108
22 58 59 60 62 68 69 71 74 75 77 79 80 82 84 85 89 90 95 97 99 104 107
30 58 59 60 62 63 65 66 67 68 71 73 74 78 79 82 84 85 86 87 89 90 92 93 96 97 98 100 103 104 106
31 58 59 61 63 64 67 68 69 72 73 74 76 77 79 80 81 83 84 85 86 89 92 93 95 96 97 100 102 103 105 108
27 58 61 62 63 66 69 70 73 76 81 82 83 84 85 87 89 90 91 92 94 97 99 100 101 103 106 107
31 58 60 62 64 66 69 70 73 74 76 77 79 80 81 82 83 84 86 87 88 89 94 95 96 97 99 100 102 103 107 108
35 58 60 61 63 64 66 68 69 70 73 74 75 76 77 78 79 80 81 83 84 85 86 87 89 91 92 93 94 96 98 99 101 102 104 108
31 58 59 60 62 63 64 69 70 73 74 76 79 81 82 83 85 86 89 91 93 94 95 96 98 100 101 102 103 104 105 108
15 59 60 61 63 65 69 74 75 78 86 88 91 100 105 107
33 58 60 62 63 65 68 70 76 77 78 79 80 81 82 83 85 86 87 89 90 91 92 93 95 96 97 98 101 102 103 104 105 108
31 58 59 60 61 62 64 66 67 69 70 71 73 76 77 78 79 82 83 84 85 91 95 96 97 98 99 101 102 105 107 108
26 58 59 60 62 64 66 68 69 71 74 75 81 84 85 87 91 92 94 95 98 99 101 102 106 107 108
26 58 59 60 63 64 66 68 70 71 72 74 76 77 78 79 80 82 85 92 98 99 100 102 104 106 108
28 58 60 62 64 65 66 69 70 76 77 78 79 80 81 83 89 92 93 97 98 99 100 101 103 104 105 106 108
30 58 60 63 65 66 67 69 70 73 77 79 80 82 83 84 86 87 89 90 92 93 94 96 98 99 101 104 105 107 108
26 58 59 60 62 63 66 68 69 70 71 73 74 76 82 87 88 90 91 92 94 97 100 102 103 104 105
20 63 71 73 74 75 78 81 82 83 85 87 91 92 93 94 95 97 101 107 108
31 62 65 66 67 68 69 70 74 75 76 77 81 83 85 87 89 90 92 93 94 95 96 97 98 99 101 102 103 104 107 108
34 58 59 60 61 64 65 66 68 69 72 73 75 76 79 80 81 82 83 84 85 86 87 90 92 93 94 97 98 100 101 102 105 106 107
19 58 65 66 69 70 74 75 76 77 78 83 87 89 94 95 99 102 105 107
23 59 60 62 63 65 66 67 69 73 74 75 78 79 84 85 89 92 95 99 101 102 104 107
19 59 62 70 71 76 77 79 81 84 85 86 87 90 91 92 98 101 103 104
17 59 63 64 68 69 70 71 72 74 77 79 84 87 90 97 101 107
23 58 60 61 67 68 69 73 75 76 81 83 86 87 88 89 90 93 96 99 100 101 102 105
34 58 59 60 61 62 64 65 69 71 72 73 74 76 77 79 81 82 83 85 86 88 90 91 93 94 95 96 98 100 102 103 105 107 108
34 60 61 63 64 65 66 67 69 72 73 76 77 79 80 81 83 84 85 87 88 89 92 94 95 96 97 98 99 100 102 103 104 106 107
22 62 64 65 69 72 73 74 80 83 85 90 91 94 95 96 97 100 104 105 106 107 108
17 58 66 67 68 75 81 82 84 86 93 99 101 102 103 105 107 108
35 59 60 61 62 64 66 68 69 71 72 74 75 76 78 79 80 81 82 83 85 86 88 89 90 91 93 95 97 99 100 102 103 104 105 107
27 63 64 65 66 67 68 72 73 74 77 78 79 81 82 84 85 87 89 90 92 93 97 99 102 103 105 107
34 59 60 62 64 66 70 71 72 73 74 75 76 77 78 79 80 81 82 83 88 89 90 92 93 96 97 98 99 100 101 102 104 106 108
25 58 59 60 61 63 64 66 67 68 73 75 77 81 86 87 88 89 91 93 94 98 100 102 107 108
27 58 59 62 64 66 67 69 73 74 75 77 78 81 82 84 85 86 89 91 94 95 98 101 102 104 106 108
33 59 60 61 62 63 64 65 67 72 73 74 76 77 78 79 80 81 82 84 86 88 89 90 91 92 94 98 100 102 104 105 106 108
20 62 66 67 68 69 70 71 73 74 75 76 77 78 79 82 88 93 102 103 105
19 59 61 63 67 68 69 71 72 83 84 85 87 89 92 93 94 98 100 107
24 58 60 63 68 69 72 73 74 76 80 81 83 84 85 86 89 90 91 97 98 100 101 104 107
30 58 59 62 63 64 65 66 69 70 71 72 73 75 76 77 78 79 80 81 82 85 89 92 93 95 100 102 103 104 105
33 58 59 61 62 63 64 65 66 67 68 69 71 72 74 75 77 78 79 81 83 85 89 90 93 94 95 96 97 100 101 102 106 107
16 58 65 69 73 74 75 77 78 83 84 87 96 99 101 105 106
33 60 61 62 63 66 69 70 71 73 74 75 76 77 78 79 81 83 84 85 86 90 91 93 94 100 101 102 103 104 105 106 107 108
22 60 66 67 68 69 73 82 84 85 87 89 90 92 93 95 97 100 102 104 105 107 108
29 59 63 64 65 70 71 72 73 75 78 81 82 83 85 86 90 91 92 93 94 95 97 99 100 101 103 104 105 107
20 59 60 66 70 71 73 75 76 77 79 85 86 87 88 90 92 94 98 101 108
18 59 60 61 63 64 70 71 73 74 76 81 83 84 85 87 101 105 107
25 60 69 70 71 72 74 78 81 83 84 86 87 88 90 91 92 95 97 99 102 104 105 106 107 108
20 60 61 63 64 67 68 70 72 73 80 81 83 84 87 88 94 95 101 102 104
17 59 60 63 64 65 66 72 76 77 78 84 89 94 96 103 106 108
27 58 59 61 62 64 68 69 70 71 72 74 75 76 78 79 81 82 83 89 90 93 94 95 98 99 102 105
34 59 60 63 65 66 67 68 70 71 72 75 76 79 80 82 83 85 86 87 89 90 91 95 96 98 99 100 101 102 103 105 106 107 108
18 64 69 71 73 75 77 78 79 89 92 93 97 101 102 104 105 106 108
32 58 61 62 63 64 65 66 67 69 71 72 73 74 76 77 79 82 85 87 89 91 93 94 96 98 99 100 101 102 103 105 108
30 58 59 60 61 64 65 66 67 75 76 77 80 82 85 88 89 90 91 92 94 98 99 100 101 102 103 105 106 107 108
25 59 63 64 65 66 70 71 72 74 78 80 81 82 83 88 89 91 92 96 98 99 102 104 106 107
27 59 61 63 64 65 66 67 71 72 76 77 79 80 82 84 85 87 90 94 95 99 100 101 103 106 107 108
29 58 61 62 63 64 66 67 68 71 75 76 77 81 82 83 87 89 90 91 92 94 97 99 100 101 103 105 106 107
18 58 70 71 72 74 76 78 79 81 82 85 86 87 91 92 102 106 107
32 58 59 60 63 67 69 70 71 72 73 74 75 76 79 80 81 82 83 84 85 86 87 88 89 91 92 96 98 102 105 106 108
26 58 59 60 61 63 64 67 69 72 73 76 79 81 83 85 87 89 92 95 96 98 100 103 104 105 106
26 60 69 70 71 72 74 75 76 77 78 79 80 81 83 84 86 87 89 91 94 99 102 103 105 107 108
22 61 62 64 65 68 73 74 75 76 78 81 83 87 88 90 93 94 95 98 100 101 108
29 58 59 60 62 63 64 65 66 67 68 70 72 73 74 78 79 81 84 85 86 88 96 98 100 101 102 103 104 106
31 58 60 61 63 65 67 69 71 72 73 74 76 78 79 82 83 84 85 86 88 90 91 92 94 97 98 101 102 106 107 108
18 60 70 72 73 74 78 80 81 83 86 91 92 93 95 96 97 102 107
25 58 59 60 61 62 64 65 67 68 74 75 76 79 80 83 84 85 87 88 89 92 99 101 102 105
28 59 60 62 64 66 67 69 72 74 78 79 80 84 85 86 88 90 92 93 94 96 98 99 100 102 103 104 107
28 59 61 62 63 64 67 69 70 73 75 78 79 82 85 86 87 88 89 92 93 95 96 97 100 103 104 107 108
23 65 66 67 68 72 73 74 77 80 81 84 87 88 89 94 95 96 97 98 99 103 105 106
21 58 60 61 66 67 69 72 73 76 80 81 85 86 89 91 96 102 103 105 107 108
20 58 63 64 68 70 76 77 78 79 82 83 86 87 93 96 97 100 101 104 108
33 58 59 60 63 66 67 68 69 70 71 73 74 75 76 77 78 80 82 83 84 85 86 90 91 92 95 97 98 99 100 101 102 108
19 58 59 66 67 68 69 71 72 73 75 76 80 84 86 90 91 96 107 108
28 58 61 62 63 65 68 72 74 75 76 77 79 84 85 86 90 91 92 94 95 97 99 100 103 104 105 107 108
29 58 59 60 61 64 65 68 69 70 71 74 75 78 82 84 85 86 88 91 93 95 98 99 100 101 103 105 106 107
18 59 63 65 67 68 71 76 78 83 86 87 97 100 101 102 103 106 108
29 61 62 63 64 65 68 69 71 76 79 81 82 83 85 87 88 91 92 96 97 98 99 100 101 103 104 105 107 108
32 59 60 62 64 65 66 67 69 72 74 76 80 82 83 84 85 86 87 88 92 94 95 96 97 98 100 101 102 103 104 105 108
25 60 63 66 67 69 70 74 79 80 82 83 85 86 87 94 95 96 98 99 100 102 105 106 107 108
22 58 59 60 62 63 65 69 70 71 73 74 75 79 83 85 96 98 100 101 103 104 108
32 58 61 62 63 64 65 66 67 69 72 73 74 76 80 81 82 84 85 88 92 93 94 95 98 99 101 102 103 104 105 107 108
31 58 59 60 61 62 63 64 65 67 69 71 73 74 75 76 77 81 82 89 90 91 94 95 96 97 98 99 100 103 105 108
35 59 62 63 65 71 72 74 75 76 77 78 79 80 81 82 83 84 85 87 88 89 92 93 95 96 97 99 100 101 102 103 104 105 106 108
19 58 60 62 71 73 76 77 80 82 84 86 92 93 96 99 101 103 105 106
22 59 60 68 69 73 74 76 77 78 80 83 84 87 90 91 95 96 99 101 103 106 107
15 60 62 65 70 72 73 76 78 79 84 87 92 95 104 105
35 58 60 62 63 64 65 66 67 68 69 71 72 75 76 77 78 80 81 84 85 87 88 90 91 94 95 96 97 98 100 104 105 106 107 108
15 60 67 71 83 87 88 90 92 97 99 100 101 102 105 107
34 59 60 61 62 65 66 67 70 71 72 73 74 75 76 78 79 80 82 83 85 86 88 89 90 91 92 94 95 99 100 101 103 105 107
22 64 66 67 69 70 71 72 74 75 76 82 84 85 90 91 92 93 100 101 106 107 108
18 61 63 64 72 74 75 77 78 81 85 89 92 93 96 99 100 106 108
31 58 59 60 61 63 66 67 68 71 73 75 76 77 78 79 83 86 87 88 89 90 92 93 95 96 98 100 101 102 105 107
32 58 59 60 61 62 64 65 66 67 68 72 74 75 76 78 80 81 84 85 87 88 90 91 92 95 97 99 100 101 102 104 107
33 58 59 61 63 64 65 66 67 69 70 73 74 77 80 82 83 84 86 87 88 90 91 92 93 94 95 98 99 100 101 102 103 106
28 60 64 65 67 68 69 72 74 75 76 77 79 80 81 83 84 85 88 93 97 98 100 102 104 105 106 107 108
16 61 67 68 69 71 75 79 81 85 89 90 92 94 96 99 107
33 59 61 62 64 65 67 70 71 75 78 79 80 82 84 85 86 87 88 90 91 92 93 94 95 97 98 99 100 101 102 104 105 108
34 58 59 60 62 63 64 65 66 67 68 69 70 76 77 79 80 82 83 84 85 86 88 89 91 95 96 97 98 101 102 105 106 107 108
17 59 64 66 71 78 83 84 85 87 88 89 90 93 94 96 103 106
23 59 61 62 64 65 71 74 76 78 79 84 86 87 89 90 91 92 96 99 100 104 106 108
17 60 61 65 66 70 78 79 82 86 89 90 93 94 95 98 104 105
29 58 59 60 61 62 65 66 67 68 69 72 74 78 79 82 83 85 87 89 90 93 96 97 98 100 102 103 106 107
27 58 60 62 64 66 69 73 74 77 78 79 80 83 85 86 87 88 89 90 96 98 99 100 101 102 107 108
19 58 60 61 64 66 67 72 74 80 82 85 89 90 92 94 95 97 102 108
31 58 60 61 62 63 64 65 67 68 69 71 74 75 77 78 83 86 87 88 90 91 92 96 97 98 99 100 101 102 104 108
19 60 62 64 67 70 71 74 75 79 82 86 88 89 91 92 93 94 99 106
22 58 68 69 71 72 73 75 77 79 83 85 88 93 94 95 97 99 100 101 104 106 108
26 59 62 64 67 68 74 75 76 78 80 83 85 86 87 88 89 90 91 92 94 98 101 102 104 107 108
33 58 59 60 61 63 64 65 66 67 68 69 70 71 72 73 74 75 77 78 80 83 84 85 91 92 96 99 100 101 104 105 106 108
21 59 61 63 65 71 73 74 78 80 85 86 90 91 93 94 96 99 100 102 104 106
18 68 69 70 71 73 76 81 86 92 93 94 96 98 101 102 104 107 108
25 58 61 62 64 65 67 72 73 74 75 76 79 81 83 85 90 91 95 98 99 101 102 103 104 108
26 58 59 65 66 71 73 75 76 77 80 83 86 87 88 89 90 91 92 95 96 97 99 100 103 107 108
34 58 59 65 66 67 68 69 70 71 72 73 74 75 76 77 78 80 81 82 84 85 86 88 89 90 91 92 97 99 100 101 105 106 107
25 58 59 61 66 67 68 69 70 72 73 77 80 81 84 85 90 91 94 95 99 102 103 105 106 107
12 110 112 115 116 118 121 128 130 138 142 143 153
9 112 114 120 136 138 139 140 149 151
12 110 115 121 122 129 131 136 138 140 142 143 152
11 110 111 112 114 115 122 124 126 137 139 151
16 118 119 120 121 123 131 132 133 135 136 140 141 142 143 144 148
14 109 110 111 112 123 124 127 128 133 135 138 148 150 151
26 110 111 112 113 115 116 117 119 120 121 122 124 126 128 130 132 133 135 136 142 144 145 148 149 152 153
30 109 110 111 112 113 114 115 116 117 119 120 121 123 124 125 127 128 129 131 132 133 135 137 140 143 146 150 151 153 154
21 109 112 114 115 116 117 118 120 128 130 131 132 133 134 139 140 141 143 148 149 150
17 109 110 111 113 115 117 126 128 133 135 139 140 143 146 148 149 151
27 110 112 113 116 119 121 122 123 124 128 129 130 131 132 133 135 136 137 138 139 141 144 148 149 151 152 154
12 111 112 113 117 118 124 125 127 133 134 137 147
11 109 110 112 116 134 137 143 144 148 149 154
10 114 116 120 124 127 134 137 144 147 154
9 113 123 127 131 136 141 142 147 150
11 110 117 119 123 125 126 132 140 143 145 154
20 109 114 118 123 125 127 129 131 134 137 138 139 140 141 143 146 147 150 151 154
11 110 111 112 113 115 119 127 129 133 139 142
28 109 110 111 113 114 120 121 123 124 125 126 127 129 131 136 137 139 140 141 142 143 146 147 148 150 151 152 154
12 109 122 126 127 129 132 135 136 137 146 147 151
24 110 111 114 115 117 118 119 121 125 126 127 129 130 133 135 137 138 139 141 142 144 145 146 147
15 120 123 126 128 131 132 137 140 141 143 144 148 149 150 153
11 113 114 115 120 128 133 134 135 138 139 148
22 109 114 116 119 120 123 126 128 130 132 135 139 141 144 145 146 148 149 150 151 153 154
30 111 113 114 116 117 118 119 120 121 122 123 125 127 128 130 132 133 134 135 136 137 140 141 142 144 146 149 151 153 154
15 113 115 117 118 119 121 122 127 133 134 135 143 144 146 152
8 119 130 132 133 134 142 145 149
13 111 112 114 115 119 124 126 129 130 143 144 149 153
29 109 110 111 112 114 115 120 121 122 124 125 126 129 130 136 138 139 140 141 143 144 145 146 147 148 150 152 153 154
16 109 111 112 121 122 124 129 130 136 137 142 144 146 150 152 153
27 109 111 113 115 118 120 122 124 125 126 127 130 131 133 134 138 139 140 141 142 144 145 146 147 151 153 154
19 109 111 114 115 117 118 120 125 126 127 134 140 142 143 145 146 147 150 153
16 109 110 112 115 124 126 129 131 138 139 143 145 147 148 150 152
9 109 111 124 125 126 128 146 148 154
18 112 115 116 117 118 119 122 128 130 132 133 134 135 138 144 145 149 153
20 112 115 116 119 120 121 124 125 129 131 132 134 135 136 138 139 140 143 146 153
19 110 112 114 116 117 119 121 123 128 129 132 135 136 137 143 148 149 150 152
32 113 114 115 116 117 118 119 120 121 122 125 126 129 130 131 132 134 136 137 139 140 141 142 143 144 145 146 147 149 152 153 154
16 118 122 126 130 134 136 138 139 141 142 144 145 147 148 149 152
9 126 128 131 132 137 141 147 150 154
13 110 113 114 116 118 122 123 129 131 138 147 150 151
14 110 111 113 116 128 130 131 132 133 135 137 138 145 151
9 109 116 118 130 136 145 151 152 154
25 110 111 112 115 116 119 122 124 128 130 131 132 136 139 140 143 144 145 146 147 148 149 150 151 153
22 111 115 118 120 121 122 123 125 126 127 128 129 131 132 136 140 141 142 145 151 152 153
7 118 129 131 132 136 150 152
17 113 116 117 118 119 123 127 128 131 132 133 134 135 137 142 149 151
2 134 154
8 116 118 127 131 141 147 149 151
25 110 111 113 119 121 122 123 124 125 126 127 129 135 136 137 138 142 144 145 146 147 151 152 153 154
16 109 111 112 114 115 118 119 121 130 131 132 133 136 141 143 144
13 113 114 117 119 124 130 133 135 138 139 146 147 150
9 113 125 130 134 147 149 150 152 154
21 109 113 114 117 118 120 121 123 125 126 127 129 133 134 135 137 138 141 142 152 154
12 110 117 120 121 125 133 135 139 140 146 148 152
13 111 117 125 131 134 139 141 144 145 149 150 152 154
12 109 116 118 122 128 132 134 137 138 145 151 154
32 109 112 114 115 117 118 119 120 121 122 123 124 125 126 127 129 134 136 139 140 141 142 143 144 146 147 148 149 150 152 153 154
9 109 112 113 122 140 143 149 150 153
27 110 111 112 113 114 115 116 117 123 124 128 129 130 131 132 137 139 140 141 143 144 146 149 150 151 152 153
10 109 116 117 127 128 129 138 145 146 153
12 112 119 121 122 123 125 130 138 141 142 145 153
13 109 110 111 116 123 124 125 129 130 142 145 148 153
16 112 115 117 120 121 127 135 136 137 139 140 141 143 144 152 153
28 110 113 116 117 120 122 123 124 125 126 127 128 129 135 137 138 139 140 142 145 146 147 148 149 150 151 152 153
26 109 110 111 113 114 117 118 122 123 126 127 128 130 133 137 141 142 144 145 147 148 149 150 151 152 154
19 109 118 119 120 121 122 125 126 127 133 134 135 136 138 142 145 147 148 154
13 116 120 123 124 128 131 132 134 136 148 151 152 154
11 114 117 121 122 124 125 134 135 138 146 147
9 113 114 119 120 123 124 133 140 148
15 109 110 114 126 129 131 136 137 140 142 143 148 150 151 154
16 111 113 115 117 121 122 124 130 132 133 135 142 144 145 149 153
11 111 117 118 120 127 134 142 143 145 146 150
8 110 117 125 126 132 140 145 154
17 111 114 115 117 118 120 125 127 134 140 142 143 145 146 147 150 153
7 112 122 123 125 141 145 153
4 118 131 149 151
20 110 112 115 116 119 128 130 132 139 140 143 144 145 146 147 148 149 150 151 153
20 109 110 111 112 114 115 121 124 126 129 130 136 138 139 141 143 144 147 148 150
15 110 111 115 120 121 122 129 136 138 139 140 145 146 150 153
4 119 132 133 145
6 114 124 127 134 137 147
15 118 120 123 125 126 128 129 132 136 140 141 142 145 151 153
10 111 117 118 120 126 140 142 146 147 150
14 112 115 116 117 118 119 128 130 132 134 135 138 144 145
21 109 111 114 121 124 126 127 131 136 137 139 140 141 142 143 146 147 148 150 151 154
11 109 114 123 127 129 131 141 147 150 151 154
6 113 125 134 150 152 154
6 126 128 131 132 147 154
13 112 114 116 121 123 128 129 135 137 143 148 149 152
10 117 119 127 131 133 134 135 137 149 151
9 109 111 114 115 118 121 130 136 141
19 109 114 116 119 120 123 126 128 130 132 135 139 141 145 146 148 150 151 153
13 109 112 114 115 118 119 121 131 132 133 141 143 144
6 109 117 127 128 138 145
13 109 110 111 113 117 126 128 133 140 143 148 149 151
6 111 125 126 128 148 154
7 109 116 128 129 138 145 153
20 110 113 116 120 122 123 125 126 127 128 129 137 139 140 146 148 149 150 151 153
7 125 134 144 149 150 152 154
10 109 118 120 121 122 127 142 145 147 154
8 110 111 112 135 138 148 150 151
6 118 134 138 145 151 154
9 120 126 128 132 140 141 144 149 150
23 110 111 113 114 115 117 123 124 128 129 130 131 132 137 139 140 141 143 146 149 151 152 153
21 113 116 119 121 122 123 128 130 131 133 135 136 138 139 141 144 148 149 151 152 154
10 109 111 112 124 129 130 136 142 144 146
10 113 117 118 122 127 133 134 135 143 144
12 112 117 119 122 128 133 135 138 144 145 149 153
8 109 110 112 134 137 143 148 149
18 113 116 119 121 124 128 129 130 131 133 137 138 141 148 149 151 152 154
17 111 115 118 120 121 122 125 127 128 129 131 136 140 145 151 152 153
8 116 118 122 128 134 138 151 154
5 115 119 127 133 139
7 117 124 134 135 138 146 147
7 119 124 130 133 138 146 147
17 112 115 117 118 119 120 122 126 129 136 139 140 141 144 146 149 153
11 112 115 116 117 119 135 138 144 145 149 153
14 110 115 121 122 125 140 141 143 144 145 146 147 152 153
14 112 115 116 117 119 122 130 133 134 138 144 145 149 153
8 120 123 131 132 134 136 148 154
6 113 125 134 147 149 152
6 112 138 139 140 149 151
21 110 111 113 119 121 122 123 125 127 135 136 137 138 142 144 146 147 151 152 153 154
9 117 130 133 135 138 139 146 147 150
17 109 110 111 113 121 123 125 129 131 136 139 140 141 142 143 146 154
9 110 111 112 113 127 129 133 139 142
6 109 113 140 143 150 153
20 109 113 114 115 116 117 119 120 124 127 128 131 132 135 140 143 150 151 153 154
18 114 116 117 118 120 121 122 126 131 132 134 140 141 143 145 147 153 154
13 109 118 120 122 127 134 136 138 142 145 147 148 154
6 110 111 112 122 124 139
6 113 117 138 139 146 150
7 111 112 119 127 133 139 142
8 112 117 118 124 127 133 137 147
8 110 113 115 119 127 133 139 142
9 109 110 112 116 134 137 148 149 154
10 115 122 129 131 136 138 140 142 143 152
14 112 115 116 117 118 119 122 132 133 135 138 145 149 153
13 109 112 121 122 124 129 130 136 137 142 144 152 153
8 109 113 117 128 139 143 148 151
22 114 115 116 117 119 120 121 122 125 126 129 131 132 134 136 139 140 141 142 143 146 152
6 110 121 122 136 140 142
15 109 110 112 114 115 120 122 125 130 136 138 139 141 147 154
13 113 116 117 118 119 123 128 131 133 134 135 137 142
10 120 123 126 132 140 143 148 149 150 153
16 113 114 115 119 122 129 132 134 137 139 140 141 146 147 149 153
24 111 113 114 116 117 120 122 125 127 128 130 132 133 134 135 140 141 142 144 146 149 151 153 154
10 118 122 130 138 139 141 145 147 148 149
20 111 114 116 119 120 123 125 127 128 130 133 134 135 136 137 140 146 149 151 153
14 109 112 114 115 116 117 118 120 128 131 132 133 139 143
14 112 115 117 120 121 127 135 136 139 140 141 143 144 152
12 118 120 121 132 133 135 136 140 141 142 144 148
20 110 113 119 122 123 125 126 127 129 135 136 137 138 142 144 145 146 147 152 153
15 110 112 114 116 117 119 121 123 128 132 135 136 137 143 148
24 109 110 113 114 120 123 125 126 127 131 136 137 139 140 141 142 143 146 147 148 150 151 152 154
10 110 113 116 131 132 133 135 137 145 151
9 110 112 115 116 118 121 138 142 143
12 118 121 122 123 125 126 128 141 142 151 152 153
16 111 113 118 120 122 128 130 133 134 136 140 141 142 144 153 154
5 114 116 137 144 154
11 120 123 128 131 137 141 144 148 149 150 153
13 111 113 118 124 130 131 133 138 141 142 145 153 154
10 109 118 121 125 126 133 134 136 142 147
17 111 120 121 125 126 127 128 129 131 132 136 141 142 145 151 152 153
23 110 111 112 113 114 115 117 124 128 129 130 131 137 139 140 141 143 144 146 149 150 151 152
17 109 114 116 120 123 126 128 130 132 135 139 141 145 148 150 151 154
7 111 112 115 122 126 139 151
7 111 112 114 115 126 130 144
6 110 121 125 135 139 140
11 114 118 120 121 126 127 129 134 135 152 154
9 114 117 118 126 127 143 146 147 153
15 110 111 114 120 125 129 138 139 141 143 144 147 150 152 154
18 115 118 120 121 122 123 125 126 127 128 129 132 136 140 141 142 145 151
8 119 122 123 125 138 141 142 153
8 116 120 131 132 136 151 152 154
16 110 112 114 116 119 121 123 129 132 135 137 143 148 149 150 152
6 109 113 122 149 150 153
10 109 110 111 116 123 124 125 129 142 153
16 109 110 113 114 117 122 123 127 128 133 137 141 145 147 148 151
7 122 126 127 129 132 135 146
6 125 134 139 144 145 154
17 110 111 113 119 121 122 125 129 135 138 144 145 146 147 151 153 154
5 113 123 131 136 142
18 110 111 116 119 122 124 128 130 132 136 143 144 145 146 147 148 150 151
6 128 131 132 137 147 150
22 113 114 117 118 119 120 122 125 126 129 132 134 136 137 139 140 142 145 146 147 149 152
20 109 110 111 112 114 115 120 121 122 124 125 126 129 130 138 144 145 147 148 150
8 122 129 131 138 140 142 143 152
24 110 112 115 120 121 122 124 125 126 129 130 136 138 139 140 141 143 144 145 147 148 150 152 154
11 113 117 127 128 132 133 134 135 142 149 151
4 119 134 142 149
10 109 110 111 123 125 130 142 145 148 153
6 115 118 121 138 143 153
8 109 113 115 126 133 135 139 143
23 113 114 115 116 118 120 121 122 125 126 130 131 132 134 136 137 140 145 146 147 149 153 154
9 111 112 117 124 125 133 134 137 147
6 126 131 132 137 141 147
10 118 126 130 134 136 141 147 148 149 152
9 110 111 112 114 115 122 124 126 139
21 113 114 115 117 118 120 121 122 125 126 129 130 132 134 136 141 142 143 144 145 152
13 109 111 112 114 115 118 119 131 133 136 141 143 144
16 111 115 116 119 122 130 131 132 136 140 143 145 146 147 149 151
7 110 115 129 131 136 143 152
8 111 112 113 117 124 127 134 147
9 110 111 116 128 130 131 133 145 151
6 118 127 141 147 149 151
15 110 111 113 114 120 127 131 136 137 139 141 142 150 151 152
19 111 115 118 120 121 122 123 125 126 128 129 131 132 136 140 142 145 152 153
16 109 112 114 120 124 129 138 139 140 141 144 146 148 150 152 154
9 111 112 114 115 119 124 126 129 144
9 110 112 123 124 128 133 135 148 151
9 120 121 123 132 135 141 142 143 144
1 134
16 111 113 119 121 122 123 124 127 136 137 142 144 145 147 151 154
13 109 111 113 122 124 127 130 141 142 144 147 151 153
6 110 121 136 138 142 143
14 109 120 123 128 130 141 144 146 148 149 150 151 153 154
7 126 129 132 135 136 137 146
15 112 116 117 123 128 129 137 139 140 143 144 146 149 152 153
14 118 119 120 121 123 131 135 136 140 141 142 143 144 148
16 110 116 117 120 124 125 127 128 129 137 140 145 150 151 152 153
8 120 124 128 131 134 136 148 151
14 111 113 119 123 124 125 126 127 136 137 142 144 146 154
12 111 118 125 127 130 135 137 138 139 141 142 146
8 123 131 140 141 143 144 148 153
12 109 111 112 114 115 118 119 121 130 133 141 144
7 113 123 131 136 142 147 150
5 118 129 131 136 152
12 109 110 112 126 129 131 138 139 143 145 147 152
16 116 119 122 128 130 131 132 136 139 143 144 145 146 147 148 153
5 119 120 123 133 148
7 110 116 118 121 128 142 153
22 110 111 112 113 114 115 116 123 124 128 129 130 131 137 139 140 141 144 149 150 152 153
7 115 122 129 131 138 142 152
12 118 120 121 122 126 127 128 131 132 140 151 153
14 110 114 117 119 125 127 130 133 137 138 139 141 144 146
6 114 120 123 124 133 140
7 110 116 134 143 144 148 149
13 113 124 127 135 136 137 138 145 146 151 152 153 154
20 110 111 113 119 122 123 124 125 126 127 129 136 137 138 142 144 145 146 152 154
7 121 125 133 139 140 146 152
15 110 116 117 123 124 129 131 132 139 140 141 144 146 151 152
6 119 120 123 124 140 148
6 126 127 129 135 136 151
9 114 115 119 124 126 130 143 144 149
10 115 116 117 119 122 128 133 138 145 149
6 109 126 127 129 136 147
16 109 119 121 122 125 126 133 134 135 136 138 142 145 147 148 154
18 110 112 113 116 119 121 122 124 126 132 133 135 136 142 145 148 149 153
6 122 132 136 137 146 147
7 109 118 130 136 151 152 154
8 111 116 128 131 132 137 138 145
10 110 117 121 125 133 135 139 146 148 152
7 114 119 120 123 124 133 148
24 109 110 111 120 121 123 124 125 127 129 131 137 139 140 141 142 143 146 147 148 150 151 152 154
14 112 115 117 118 122 130 132 133 134 138 144 145 149 153
9 111 112 113 117 118 127 134 137 147
11 121 122 123 125 126 128 132 140 141 151 152
16 110 111 119 122 123 126 135 136 137 142 146 147 151 152 153 154
20 109 110 112 115 116 117 121 123 124 125 131 132 134 141 142 145 147 148 149 154
31 110 112 114 115 116 119 121 123 125 126 127 128 129 131 133 134 135 136 137 138 139 140 141 142 143 146 147 149 151 153 154
25 115 116 117 119 120 121 123 125 128 129 130 131 132 133 134 135 137 140 142 145 147 151 152 153 154
25 110 111 112 113 115 116 118 120 123 124 125 126 133 135 136 137 138 139 140 143 146 148 149 152 153
18 111 117 118 119 122 126 132 134 137 138 139 143 144 146 147 150 153 154
18 111 112 116 118 123 124 125 128 130 135 137 139 140 142 145 147 148 150
16 113 116 118 120 121 122 124 125 126 128 129 132 133 134 144 146
31 110 111 112 114 115 117 119 120 122 123 125 127 128 129 130 131 133 134 135 136 137 138 139 141 142 143 144 146 149 152 153
29 109 110 111 114 115 116 117 118 120 121 123 124 127 131 132 133 135 137 139 142 143 144 146 147 148 149 150 151 152
25 110 112 113 116 118 119 123 125 126 127 129 131 134 137 138 139 140 141 142 143 145 147 150 151 154
20 109 110 112 113 114 125 126 127 132 135 136 138 139 142 145 147 148 150 151 154
18 110 114 115 116 117 121 126 129 131 132 134 136 137 140 144 148 152 154
16 109 112 113 114 115 124 128 131 132 140 141 145 146 147 150 154
27 110 111 112 114 115 116 117 118 119 122 124 126 127 129 133 136 137 138 139 143 146 147 149 151 152 153 154
25 110 111 112 115 116 117 121 122 123 125 126 128 130 132 133 134 136 139 140 143 144 149 150 151 152
14 110 111 113 116 118 125 127 129 132 136 137 138 143 148
17 109 112 114 116 117 120 124 125 126 129 132 135 136 143 144 146 153
13 116 122 123 124 128 129 131 138 139 143 146 148 152
24 109 111 113 115 116 117 118 120 122 123 124 127 129 132 134 139 141 142 143 145 146 149 152 154
14 112 119 120 121 128 129 136 138 142 143 145 149 151 152
23 110 111 112 114 117 118 121 122 125 130 132 134 136 137 138 139 140 143 145 147 150 153 154
28 109 111 112 115 116 117 118 119 122 125 126 127 128 129 130 134 136 138 141 142 143 144 145 148 150 152 153 154
28 109 112 113 115 116 117 118 120 122 123 125 129 130 131 132 133 136 137 139 141 142 144 145 146 148 149 153 154
16 114 119 120 126 127 131 132 133 135 136 138 141 145 146 147 148
19 110 113 116 118 122 123 125 127 128 130 135 137 146 148 149 150 151 153 154
18 110 113 115 122 123 124 126 128 129 134 136 141 143 145 150 151 152 153
16 110 115 117 125 126 127 131 132 134 138 139 140 142 146 149 152
20 111 112 116 117 118 121 123 124 126 127 128 131 132 134 135 136 137 141 150 154
21 110 111 112 113 114 115 117 120 121 123 124 126 128 135 137 139 143 144 146 150 153
28 109 111 112 113 117 119 120 122 123 125 126 127 128 130 133 135 137 138 139 140 144 145 146 147 148 150 151 152
29 112 114 115 116 118 119 120 121 122 123 124 125 128 129 130 132 133 137 138 139 140 141 142 145 146 147 149 150 153
25 111 112 115 116 117 118 119 123 124 127 128 131 132 133 134 135 136 137 141 146 147 148 149 150 152
18 110 111 112 113 114 116 119 120 125 129 131 137 138 140 143 145 148 149
22 110 111 116 118 120 123 124 128 129 131 132 135 136 140 145 146 147 148 149 151 152 154
25 111 113 115 116 118 120 121 122 126 127 132 133 134 135 137 138 139 140 142 143 144 145 148 149 154
24 109 113 114 117 118 120 123 124 125 127 128 130 132 133 134 136 138 140 141 142 145 148 149 152
22 109 110 111 112 114 120 123 125 127 128 130 134 136 137 139 142 144 145 146 147 150 154
16 109 112 119 127 129 130 136 138 141 143 145 147 148 149 153 154
25 110 111 114 115 118 119 120 121 122 124 125 128 130 131 136 139 140 141 142 145 148 149 151 152 153
23 110 112 113 117 118 120 123 128 132 133 136 137 138 139 141 143 144 145 146 147 148 149 154
17 109 111 113 116 117 123 125 129 132 135 138 140 144 146 149 151 154
21 111 113 114 115 119 121 122 124 127 129 135 139 140 144 145 146 147 150 152 153 154
21 109 111 112 114 115 116 117 122 125 128 131 133 136 138 139 144 147 150 151 153 154
26 109 111 112 113 114 115 117 121 123 128 131 132 134 135 136 139 140 142 145 146 147 148 149 150 151 153
27 109 111 112 114 115 116 117 118 120 121 122 124 125 127 130 134 136 139 140 141 142 143 145 146 150 152 153
27 110 111 112 113 114 116 117 118 120 122 123 126 127 128 133 134 137 139 141 142 143 144 145 148 149 151 153
28 109 111 112 115 124 125 127 129 132 134 135 136 137 138 139 140 141 142 144 145 147 148 149 150 151 152 153 154
22 110 116 118 119 120 124 126 129 130 133 137 138 142 143 144 145 146 147 148 149 150 154
23 109 112 113 116 118 122 123 125 127 129 132 133 134 137 138 139 141 142 143 145 147 148 149
22 109 110 114 115 122 124 126 128 129 131 133 135 136 137 140 143 145 147 148 151 152 154
15 110 112 115 122 124 125 126 129 131 137 140 146 150 151 152
30 112 114 115 116 117 118 119 120 122 124 127 131 132 133 135 136 137 138 139 140 141 142 143 144 145 146 150 151 152 153
25 109 111 113 115 116 118 119 120 122 123 125 127 128 130 132 133 134 141 142 143 145 148 150 153 154
23 109 110 114 115 116 117 120 123 125 126 128 132 134 136 137 138 140 143 146 148 149 152 154
18 109 110 113 114 117 121 126 128 129 130 132 136 138 139 141 143 146 149
27 109 110 112 113 114 115 116 117 119 121 123 126 127 128 130 133 135 136 137 140 144 145 146 148 152 153 154
25 110 112 115 117 122 123 124 125 126 127 128 129 130 131 132 133 134 137 139 141 143 145 146 147 152
18 109 117 122 124 125 129 134 135 136 138 140 141 142 143 145 148 150 154
31 110 111 113 114 117 119 120 122 125 127 128 129 130 131 132 133 134 135 136 137 141 142 143 144 146 147 149 150 151 152 154
27 111 112 113 114 116 117 118 119 120 121 122 124 125 128 129 130 133 135 136 138 140 143 144 148 149 151 154
22 109 110 111 112 113 114 115 117 118 121 122 128 137 138 139 141 146 147 148 149 151 154
19 116 119 122 123 125 126 127 130 132 133 134 136 138 139 140 144 147 150 151
30 109 110 112 113 116 117 118 121 122 123 125 126 127 128 132 133 134 135 136 137 139 140 141 144 146 147 148 150 153 154
19 109 111 112 116 121 122 123 124 127 129 130 134 135 137 141 143 144 146 149
23 111 112 117 119 120 122 123 124 126 130 131 132 134 135 136 137 138 141 144 147 149 150 151
27 110 111 113 114 117 120 122 123 126 127 129 130 131 132 133 134 135 138 140 141 145 147 149 150 151 153 154
25 112 113 115 116 117 118 120 122 124 126 129 130 131 133 135 136 137 142 146 148 150 151 152 153 154
17 112 115 118 119 120 122 126 130 134 138 139 140 142 143 146 147 153
20 110 115 116 117 118 120 121 123 124 125 128 130 131 133 140 142 146 148 151 153
27 109 110 114 115 119 120 121 122 124 125 126 127 128 131 132 133 134 136 138 141 143 144 146 148 149 150 153
27 109 111 112 114 116 123 124 125 126 127 128 130 131 134 135 136 138 139 140 141 143 144 145 148 151 153 154
17 109 110 116 118 119 127 129 130 132 134 136 137 138 139 146 151 153
15 112 113 114 119 126 130 132 133 136 137 144 147 148 149 152
19 109 110 112 114 117 118 120 122 125 126 130 134 135 136 141 142 148 150 154
17 111 114 118 125 129 131 139 140 142 144 146 149 150 151 152 153 154
20 110 111 117 118 119 122 124 125 130 131 133 135 136 139 143 145 149 150 151 153
19 109 110 113 114 115 121 124 125 127 129 130 132 134 139 143 144 148 150 151
25 109 111 113 115 116 117 119 120 121 123 128 130 131 132 133 134 138 140 141 142 143 148 149 152 153
30 110 111 114 115 117 118 120 124 126 127 128 129 130 131 132 134 135 136 137 138 140 141 142 143 145 146 147 148 150 151
16 113 120 123 124 125 132 134 135 138 140 143 145 148 150 152 153
17 109 112 113 114 118 120 122 123 124 129 133 137 138 140 141 146 151
13 109 110 116 122 124 125 126 129 130 135 137 140 147
32 110 111 112 113 114 115 118 119 122 123 124 125 127 131 132 133 134 135 136 137 138 139 141 143 144 146 148 149 151 152 153 154
31 111 114 116 118 119 120 121 123 124 125 126 128 129 130 131 132 133 134 135 136 137 141 144 145 146 148 150 151 152 153 154
20 110 111 112 113 115 116 119 120 125 127 129 133 134 140 142 146 147 149 150 152
28 109 110 111 112 113 114 115 116 117 119 120 121 122 123 124 127 128 129 130 132 133 137 138 140 147 151 153 154
19 110 113 115 120 122 125 128 130 134 138 140 141 145 146 148 149 151 152 153
22 109 110 111 113 115 120 122 125 126 127 128 132 134 138 141 142 145 147 151 152 153 154
19 109 112 113 116 119 120 124 127 128 130 138 139 143 146 149 150 152 153 154
32 109 110 111 113 114 115 116 119 120 121 122 124 128 130 131 132 134 136 137 138 139 140 141 142 144 145 146 147 148 152 153 154
15 111 112 117 118 119 120 122 124 125 126 138 141 143 148 151
15 109 111 116 119 120 122 126 131 137 140 142 148 149 152 154
24 112 114 117 118 122 124 125 127 128 129 132 134 135 136 137 144 145 146 147 148 150 151 152 153
22 110 112 116 119 120 121 122 124 125 126 127 130 134 135 136 137 138 144 145 148 152 154
15 109 114 115 116 121 122 126 127 129 132 133 140 142 150 153
17 112 115 117 121 123 127 128 129 130 131 134 135 137 139 145 149 154
26 109 110 112 113 115 116 123 125 127 129 131 132 134 135 137 138 139 141 142 143 144 145 147 151 152 153
15 112 116 117 120 124 125 128 136 138 140 144 147 148 151 152
21 109 111 113 115 122 125 126 128 131 135 136 138 139 141 142 144 147 148 150 153 154
31 109 111 112 113 114 116 117 118 122 123 124 125 127 128 129 130 131 132 133 135 136 140 141 142 144 147 149 150 151 153 154
23 110 111 114 118 122 123 125 126 127 129 134 135 136 137 138 139 143 144 145 146 150 152 154
29 111 114 116 117 118 119 120 121 122 124 126 128 129 130 132 135 136 137 138 139 140 141 143 145 149 150 152 153 154
20 109 110 112 113 117 118 119 120 122 123 126 129 130 132 134 135 137 138 139 146
19 112 114 119 120 123 125 131 135 137 138 140 142 143 145 147 149 151 152 153
15 109 112 113 114 116 129 131 135 137 138 139 140 141 143 150
17 109 111 117 121 122 123 126 130 131 135 136 138 140 142 145 150 152
28 109 113 115 116 118 119 120 121 122 123 125 127 128 129 131 132 134 136 137 138 141 144 146 147 149 150 152 153
17 109 110 112 118 121 122 125 127 131 133 134 135 136 138 145 147 151
21 110 112 113 116 117 118 122 123 124 125 127 128 129 133 139 141 146 148 149 152 154
22 109 110 112 114 118 119 120 123 124 127 132 133 134 136 137 138 139 141 144 150 151 153
21 113 114 115 117 118 119 123 124 125 128 131 132 135 137 139 141 143 146 148 149 151
14 110 111 115 116 123 125 128 134 136 137 141 144 148 152
25 109 110 111 112 119 120 122 123 126 127 128 129 130 131 135 138 139 142 143 144 145 146 147 148 154
23 110 111 112 114 117 118 119 120 121 127 130 133 136 137 138 143 144 146 147 148 150 151 153
29 110 111 112 114 115 117 118 119 120 123 124 126 127 128 130 131 134 136 137 139 140 143 144 146 149 151 152 153 154
30 109 110 111 112 116 119 120 121 122 123 124 126 127 128 129 132 135 136 138 139 140 141 142 144 145 147 148 149 150 151
18 109 111 117 119 121 127 128 129 131 132 136 138 140 141 147 150 151 152
24 109 111 112 113 114 116 118 120 122 123 124 125 126 132 133 134 139 140 142 143 149 152 153 154
23 112 114 115 116 118 120 121 123 125 129 131 132 133 134 135 136 138 139 140 141 146 153 154
15 109 111 113 114 116 117 121 123 127 128 136 142 147 150 151
24 109 110 111 112 113 114 115 116 117 118 119 120 125 126 130 134 138 139 143 144 148 151 153 154
15 114 116 117 120 121 122 124 125 128 132 136 140 147 149 153
18 109 110 111 116 118 119 122 125 126 130 132 133 135 138 142 145 147 152
20 113 122 123 124 125 127 130 131 132 133 134 136 140 141 143 144 145 149 150 154
15 111 113 115 116 119 126 128 130 138 139 141 142 143 145 149
27 109 110 111 112 113 115 116 117 118 120 126 127 129 132 135 136 138 139 140 141 142 144 145 146 148 150 151
21 109 110 112 113 119 124 125 127 128 130 131 133 134 137 138 144 145 150 151 152 153
30 109 112 114 115 116 117 119 123 124 125 127 128 132 133 134 135 136 137 138 139 141 143 146 147 148 149 150 151 153 154
21 109 110 111 113 116 120 121 123 125 128 130 133 135 136 138 141 142 145 147 153 154
21 112 113 116 120 122 125 126 130 131 132 134 135 136 137 138 143 145 146 147 149 150
23 109 110 115 117 119 123 124 127 129 130 132 134 136 137 139 140 141 142 146 149 151 152 154
16 110 117 118 119 129 130 136 137 139 141 142 144 147 148 149 153
18 112 113 116 118 119 124 129 133 134 135 137 138 142 144 148 149 150 152
24 112 114 116 118 119 120 123 124 125 126 127 129 132 133 137 140 141 142 143 145 147 149 151 152
19 111 114 115 116 120 121 122 123 124 125 127 133 134 135 137 142 145 148 149
20 109 110 111 112 114 116 117 121 124 125 128 130 131 133 134 142 147 148 150 151
30 109 110 111 113 115 116 117 119 120 126 127 128 130 131 132 133 134 135 136 137 138 139 140 143 146 147 149 150 151 153
24 109 110 112 116 117 119 121 123 127 128 131 132 133 137 138 139 142 145 147 149 150 151 152 154
29 109 110 113 114 115 116 117 118 119 121 123 124 127 129 130 132 135 137 139 140 141 144 145 146 147 150 151 152 154
24 110 111 114 115 116 119 120 123 124 125 129 130 134 136 138 139 143 144 146 147 151 152 153 154
29 109 111 113 117 118 120 121 124 125 126 127 128 129 130 131 133 134 136 137 139 143 144 145 147 148 149 150 152 154
20 110 113 116 117 119 121 122 123 124 127 129 134 135 136 144 146 147 151 152 154
26 109 110 112 114 115 116 117 119 121 122 123 125 129 130 131 133 134 136 138 140 142 143 144 145 150 154
28 109 110 111 112 113 115 117 118 120 122 123 124 125 127 128 129 131 132 133 135 139 146 147 148 150 151 152 154
16 117 120 129 130 133 134 137 138 140 141 142 145 146 148 150 154
17 113 114 115 116 119 126 127 128 129 130 141 142 143 145 149 150 151
17 109 111 113 115 116 118 119 127 128 129 133 134 135 136 139 141 142
21 110 113 115 117 118 119 121 122 124 128 130 132 134 135 136 140 142 147 148 150 153
26 112 113 114 116 118 120 121 123 124 125 127 128 130 131 134 135 136 137 138 142 144 146 148 149 152 154
27 110 112 113 114 115 118 119 120 121 122 124 125 126 128 129 132 133 134 137 138 141 143 146 149 151 152 154
24 109 111 112 113 114 116 120 121 122 124 126 128 131 133 136 140 142 143 147 149 150 151 153 154
26 109 111 112 113 114 115 116 117 118 119 120 121 124 126 129 131 134 135 138 140 145 146 147 148 149 151
14 113 119 120 124 126 129 135 136 142 143 144 147 148 149
29 110 111 112 114 115 117 119 120 122 123 125 127 129 130 131 132 133 135 136 137 138 139 140 141 144 145 148 150 153
19 109 111 113 115 116 118 122 125 128 134 135 137 138 141 142 147 151 152 153
20 109 114 115 118 122 130 131 133 134 136 138 139 140 142 143 146 150 151 152 154
21 111 112 114 116 120 123 126 128 132 134 135 136 137 138 141 142 146 147 149 153 154
32 109 111 112 113 114 115 116 117 118 119 122 124 125 126 127 128 129 130 131 132 133 134 138 140 142 143 145 146 147 148 149 154
30 111 112 113 114 115 117 119 120 121 123 124 126 129 131 132 135 136 137 138 139 140 141 142 144 145 146 148 151 153 154
19 111 112 113 114 116 121 123 125 127 130 135 138 140 141 146 147 148 151 154
17 109 111 112 119 120 121 123 125 129 130 135 137 139 142 148 152 154
28 109 111 112 113 115 116 118 119 123 124 125 126 127 129 131 132 133 136 138 140 142 143 144 145 147 152 153 154
13 127 134 136 139 140 141 142 143 144 145 148 151 152
18 109 113 115 117 119 122 125 128 130 133 134 135 136 143 145 147 148 150
25 109 110 111 113 114 118 121 123 126 131 133 135 136 137 138 139 140 141 142 143 144 150 152 153 154
16 110 113 126 128 130 138 141 143 145 146 147 149 151 152 153 154
31 109 110 111 112 113 114 115 117 118 119 121 122 126 127 128 131 132 133 135 136 139 141 142 143 144 145 146 147 148 152 154
14 109 111 116 117 119 122 123 126 132 135 138 140 148 149
26 109 110 113 114 116 117 118 119 120 121 122 123 124 126 128 129 130 131 134 142 143 144 147 150 153 154
25 109 110 111 112 113 115 116 117 123 124 125 126 128 131 135 136 139 140 144 147 149 150 151 152 154
25 110 111 114 116 118 119 120 121 125 126 127 128 129 130 132 134 135 136 138 139 145 147 149 151 152
26 112 113 114 115 116 120 121 125 129 131 133 134 135 136 137 138 139 140 143 144 147 149 150 152 153 154
30 109 113 116 117 118 120 123 125 127 128 129 130 131 132 133 134 137 138 140 143 144 145 147 148 149 150 151 152 153 154
18 110 112 113 121 122 124 128 129 132 134 135 136 140 141 143 148 153 154
21 111 113 116 118 124 126 127 128 131 133 134 135 136 138 139 140 143 144 146 147 153
29 109 111 112 113 116 117 119 121 123 124 125 126 127 130 132 133 134 135 136 137 140 141 143 145 146 147 150 153 154
21 109 110 112 113 115 117 119 120 125 126 127 129 131 132 137 138 140 142 145 149 154
31 109 110 111 112 113 114 115 116 117 119 121 122 123 124 125 126 127 128 129 131 133 137 138 140 142 145 147 148 149 152 154
14 115 123 124 128 129 130 131 134 135 137 138 141 147 153
24 109 110 111 118 119 120 123 125 128 129 133 135 136 137 138 140 141 142 144 146 147 149 151 152
19 109 110 114 115 117 120 121 122 123 125 126 127 131 135 136 138 139 142 147
19 109 110 112 114 115 117 122 123 124 126 127 128 129 130 133 139 142 145 148
21 109 115 120 121 122 123 125 128 129 131 132 134 140 142 145 146 148 149 150 151 152
30 109 110 111 112 113 114 115 116 117 118 119 120 121 122 123 124 128 129 131 133 134 141 143 144 146 147 148 149 150 153
23 109 110 111 112 116 119 121 123 124 125 126 129 134 139 144 145 146 147 148 149 152 153 154
15 109 115 117 119 122 126 130 139 141 146 147 149 150 152 153
21 110 111 113 114 116 122 124 127 131 132 134 140 141 142 144 146 147 148 150 152 154
18 113 114 116 117 119 121 122 125 127 128 129 134 135 137 138 139 149 153
24 109 110 111 112 119 120 121 122 124 127 129 131 132 133 134 136 142 143 144 149 150 151 152 154
28 109 111 112 113 114 115 116 118 119 121 122 123 124 125 129 130 131 132 136 137 138 144 145 146 147 149 151 154
