206 1359
72 1 2 3 4 5 6 7 8 9 10 11 12 13 14 15 16 17 18 19 20 21 22 23 24 25 26 27 28 29 30 31 32 33 34 35 36 37 38 39 40 41 42 43 44 45 46 47 48 49 50 51 52 53 54 55 56 57 58 59 60 61 62 63 64 65 66 67 68 69 70 71 72
31 1 3 12 13 16 19 20 23 28 29 31 32 34 39 41 43 45 50 52 54 56 57 59 60 61 63 65 66 69 71 72
44 1 2 3 4 5 7 8 10 11 14 15 16 19 20 21 22 23 24 25 26 28 31 33 34 36 37 40 41 43 45 48 49 50 54 56 58 59 60 62 63 64 65 66 67
42 2 3 5 6 7 8 10 16 18 19 20 21 22 23 24 25 26 27 28 30 33 34 35 36 37 39 41 42 45 48 49 50 51 52 53 55 56 59 61 63 64 70
44 1 2 6 7 10 11 13 14 17 18 20 22 23 24 25 26 27 29 30 32 34 36 41 43 44 45 46 47 48 49 50 51 52 53 54 55 56 57 58 61 62 65 68 72
30 6 7 10 12 14 17 19 24 26 29 30 31 34 36 38 40 43 44 47 49 50 55 56 64 65 66 67 68 69 72
40 1 2 3 4 8 9 10 11 13 15 16 18 21 22 26 27 28 29 30 31 32 33 34 37 39 41 42 45 47 48 49 51 54 55 58 65 68 69 70 71
29 3 4 6 8 11 12 13 16 18 24 27 29 35 36 38 39 43 44 45 46 47 48 50 59 64 65 66 67 69
24 6 8 10 12 14 16 21 22 27 32 39 41 42 44 46 50 51 54 56 61 62 64 66 70
40 4 5 10 12 13 16 17 18 20 21 22 24 26 28 30 31 32 34 35 36 37 40 41 43 46 47 48 49 50 52 54 56 58 59 61 64 65 67 69 70
46 1 6 8 9 13 14 15 16 18 21 22 23 25 26 28 29 30 31 32 33 34 35 36 37 38 39 41 44 46 47 48 49 51 52 53 54 55 57 58 60 61 63 67 68 70 72
53 1 2 4 6 7 8 10 11 12 13 15 16 17 19 20 21 22 23 24 25 27 29 30 31 32 33 35 36 38 40 41 42 43 44 46 48 49 50 51 53 55 56 57 58 59 60 64 65 66 67 69 70 71
56 1 2 3 4 6 7 8 9 10 12 13 15 16 17 18 19 21 22 23 24 26 27 29 32 33 34 35 37 38 39 40 41 42 44 45 46 47 49 50 51 53 55 56 58 60 61 62 64 65 66 67 68 69 70 71 72
57 2 6 8 9 11 12 14 15 16 17 18 19 20 21 22 23 24 25 26 28 29 30 31 32 33 34 36 37 39 41 42 43 44 46 47 48 49 50 51 52 53 55 56 57 58 59 61 62 63 64 65 66 67 68 69 71 72
33 2 4 6 10 12 17 20 21 25 26 28 30 32 34 36 38 40 46 48 55 56 58 59 60 62 63 64 65 66 67 68 70 72
28 1 2 7 8 19 20 21 22 23 24 26 28 29 33 35 37 38 40 48 52 53 54 57 58 60 61 62 67
32 1 2 3 4 7 11 13 15 17 21 22 25 26 29 30 33 34 36 37 38 42 44 46 48 49 51 56 57 62 69 70 72
30 4 6 10 11 12 15 17 21 22 28 34 35 36 40 43 44 46 47 50 53 54 55 58 59 62 66 68 69 70 72
49 2 3 4 6 7 8 9 13 14 16 18 20 22 24 25 26 27 28 29 30 31 33 34 36 38 39 40 41 42 44 47 48 49 51 53 54 55 56 57 61 62 63 64 65 67 68 70 71 72
40 1 2 3 4 6 7 8 10 11 12 15 17 18 22 27 29 30 31 32 33 36 38 42 43 44 47 49 50 51 53 55 56 59 61 63 65 66 67 68 72
45 1 2 4 5 7 8 9 10 12 14 16 17 18 19 20 21 25 26 27 28 29 30 31 35 36 37 38 39 41 42 44 46 47 49 50 52 55 58 59 60 64 65 66 70 71
49 4 6 7 8 9 12 13 14 15 16 17 18 19 20 21 22 24 27 28 29 30 31 32 34 35 36 37 40 41 44 45 46 47 48 49 50 51 52 53 54 57 60 62 63 64 65 66 67 68
45 2 3 6 9 10 12 13 17 18 19 20 21 22 23 25 26 28 29 32 33 34 37 38 39 40 41 44 45 46 47 48 50 52 54 56 61 62 63 65 66 67 68 69 70 71
26 4 6 8 10 12 17 19 22 24 25 28 31 33 38 41 44 45 50 51 52 54 55 57 60 69 72
34 3 4 5 7 8 10 12 13 14 17 21 22 25 26 27 28 31 32 35 38 39 41 44 49 50 51 52 54 57 58 64 68 69 70
43 1 2 3 4 5 7 11 13 16 17 18 19 20 21 22 23 24 26 27 29 31 32 34 35 37 38 40 41 42 45 47 48 50 57 59 60 61 62 64 65 68 69 71
46 1 2 3 4 7 9 10 12 13 14 15 16 21 22 24 27 30 31 33 35 36 37 38 39 40 41 42 43 45 46 47 49 50 51 52 53 54 55 57 60 63 65 66 69 70 72
34 2 3 6 8 13 16 18 20 21 22 24 25 26 28 29 30 36 37 41 45 47 49 50 55 57 59 60 63 64 65 67 69 70 72
53 1 2 4 5 6 9 10 11 12 13 15 16 17 18 19 21 24 25 26 27 28 30 32 35 36 37 39 40 41 42 44 45 47 48 49 50 51 52 53 54 55 56 58 59 60 62 64 65 66 67 69 71 72
34 6 7 10 11 13 14 23 24 27 28 32 33 34 36 37 40 42 43 44 45 47 50 51 52 53 58 59 61 63 64 67 68 69 70
35 2 4 6 7 8 9 10 13 16 20 22 24 26 28 29 34 35 36 38 40 41 43 46 48 49 51 52 53 59 60 64 65 67 69 72
47 1 2 3 6 8 9 10 11 12 13 14 15 16 17 18 19 20 22 23 25 27 29 30 31 32 33 34 38 41 42 43 44 45 46 49 53 54 55 57 59 60 62 64 65 66 67 72
37 6 7 11 15 16 17 19 20 27 28 29 30 33 34 35 36 37 38 39 40 43 48 49 50 52 53 54 55 57 58 59 61 62 64 67 69 71
39 1 2 3 6 9 10 11 12 14 17 18 20 21 24 26 27 28 30 32 34 35 36 37 38 39 42 43 44 49 51 53 54 56 58 62 66 67 68 71
56 1 4 5 6 7 8 9 11 14 15 17 18 19 21 22 24 25 26 27 28 29 30 31 33 34 35 36 37 38 39 41 42 43 44 45 46 47 48 49 50 51 52 53 55 57 59 60 61 63 64 65 66 67 68 69 71
41 4 6 7 8 9 10 11 12 15 18 19 20 21 22 23 24 27 28 29 31 36 39 41 43 44 45 46 49 54 57 58 59 60 61 62 65 66 67 69 71 72
23 2 11 14 17 19 23 25 28 36 39 40 42 44 45 46 48 49 50 59 60 66 68 71
31 1 3 4 8 9 10 11 12 14 16 20 22 26 31 32 34 35 38 40 41 43 45 47 48 50 53 54 58 65 67 72
40 2 3 4 5 6 7 8 10 11 13 16 17 19 29 32 33 34 36 37 38 42 43 44 45 46 47 49 50 51 52 55 57 61 63 64 66 67 68 69 71
31 1 9 10 11 13 15 16 20 22 25 31 32 33 34 38 39 41 42 43 45 48 49 51 54 55 59 60 63 66 69 72
45 3 4 5 6 8 9 10 11 12 16 22 24 26 27 28 29 32 34 35 36 38 40 41 42 45 46 47 48 49 50 51 52 53 54 55 56 58 59 60 62 65 66 67 71 72
57 1 2 3 4 5 6 7 8 9 10 11 12 13 14 15 16 17 18 20 22 23 24 25 27 29 30 31 33 34 35 36 37 38 39 40 41 42 44 45 46 47 48 49 50 51 52 53 54 55 56 59 60 61 63 67 68 72
46 1 2 3 4 6 7 9 10 11 13 15 16 17 18 19 20 21 22 23 24 25 27 28 29 33 34 35 37 39 41 42 43 44 49 51 53 54 57 58 60 63 64 65 66 71 72
53 1 2 3 4 5 6 7 8 9 10 11 12 13 15 16 17 18 20 21 22 23 24 25 27 28 29 30 31 33 34 35 37 38 42 44 45 46 47 49 51 52 53 54 56 58 59 60 64 65 66 67 68 72
45 1 2 4 5 6 7 9 12 16 17 18 20 22 24 29 30 31 32 33 35 36 37 38 40 41 42 43 46 48 49 52 53 54 56 57 58 59 60 61 63 67 68 70 71 72
44 1 5 6 7 9 11 13 15 16 17 18 19 20 21 22 25 28 29 30 32 35 39 44 46 47 48 49 50 51 52 53 54 56 59 61 62 64 66 67 68 69 70 71 72
56 1 2 6 7 8 9 12 13 15 17 19 20 21 23 24 25 26 27 28 29 30 31 33 34 35 36 37 40 41 42 43 44 45 46 47 48 50 51 52 53 54 55 56 57 58 59 60 61 62 63 66 67 68 69 71 72
55 1 2 3 5 6 7 10 11 12 13 15 16 18 19 20 21 24 26 27 28 29 31 32 33 34 35 36 37 38 39 40 41 43 44 45 46 47 48 49 50 51 52 53 55 56 59 60 61 62 64 66 69 70 71 72
21 3 4 7 11 13 20 24 25 26 33 37 38 42 47 50 52 53 55 65 67 70
44 2 3 4 5 6 8 9 11 13 15 17 18 19 20 22 25 26 27 28 29 30 31 32 34 35 37 39 43 44 45 46 47 49 50 52 53 56 57 59 61 62 66 67 72
56 1 2 3 4 6 7 8 9 10 11 13 14 16 17 18 19 20 21 22 23 24 25 27 28 29 32 33 34 38 39 40 41 42 44 46 47 48 49 50 51 52 53 54 55 57 58 59 60 61 63 64 65 66 67 70 72
46 1 3 4 9 11 12 13 14 15 16 17 18 19 20 22 23 25 26 28 29 30 31 32 34 36 39 40 41 42 43 47 48 49 50 53 54 56 57 58 60 66 67 68 69 70 71
36 5 7 10 11 12 14 18 21 22 23 25 26 28 29 32 33 34 35 37 38 39 44 45 47 48 50 51 52 55 56 61 62 63 67 69 72
26 1 2 6 7 10 13 15 17 19 26 30 33 35 36 43 44 46 50 55 58 59 61 63 67 70 72
34 1 3 4 5 8 9 13 17 18 19 21 23 25 26 27 30 31 34 35 36 37 38 41 45 50 51 53 57 58 59 62 64 65 68
39 1 2 4 5 7 9 11 12 13 14 16 17 19 21 22 24 29 30 31 32 35 36 37 40 41 42 43 48 52 53 55 56 59 64 65 66 67 68 71
46 2 4 6 9 10 12 13 14 16 17 18 19 20 21 25 28 29 30 31 32 33 34 35 36 39 40 41 42 43 44 47 49 50 51 53 55 56 57 59 61 64 65 67 69 71 72
31 1 8 9 12 14 16 17 22 23 25 26 27 29 31 33 34 37 39 40 41 45 47 48 50 51 53 56 57 63 64 72
31 3 5 6 7 8 9 10 11 13 14 15 16 18 19 20 25 33 35 36 42 44 45 46 52 53 55 56 57 61 70 72
29 2 3 5 6 7 8 9 13 15 16 17 21 22 26 27 33 34 35 38 40 44 52 53 55 57 59 63 65 71
30 1 6 7 8 13 16 17 20 23 26 31 33 35 36 38 39 44 46 47 49 50 55 59 60 63 65 67 68 69 71
48 1 4 5 6 10 14 15 18 19 20 22 24 25 29 30 31 34 35 36 37 38 39 43 46 47 48 49 50 51 52 53 54 55 56 57 58 59 60 61 63 64 65 66 67 68 70 71 72
31 1 3 4 13 14 16 17 18 19 20 21 22 28 35 36 38 40 46 49 52 53 55 60 61 62 63 65 66 68 71 72
31 2 3 9 10 11 15 16 18 20 26 28 32 36 37 38 39 41 42 43 44 45 46 51 52 56 57 58 59 60 61 63
29 1 3 4 8 9 11 13 17 22 25 28 29 32 45 46 48 51 52 54 56 58 60 61 63 65 66 67 71 72
43 2 4 5 9 10 11 12 13 14 16 17 20 21 22 25 26 27 28 29 30 33 34 35 36 39 40 41 42 43 44 46 50 51 53 59 61 63 64 65 67 69 70 71
36 3 4 7 10 12 16 17 23 25 27 28 29 33 34 36 38 39 41 43 44 45 47 48 52 53 55 56 60 61 64 65 68 69 70 71 72
36 1 2 3 4 5 8 9 14 16 18 19 22 24 28 30 31 35 36 38 39 42 43 46 48 49 50 55 56 57 60 61 62 64 66 69 72
24 2 4 5 7 12 18 21 26 27 28 29 30 34 35 37 45 47 49 57 58 59 62 65 68
48 1 2 3 4 5 6 7 8 10 11 12 13 14 15 17 18 23 24 25 26 27 29 31 33 35 40 42 43 44 45 46 49 50 51 54 56 57 58 59 60 63 65 66 67 68 69 70 72
40 1 2 3 4 5 7 9 10 11 12 15 16 17 20 22 24 26 28 33 34 36 37 38 42 43 44 46 47 49 52 54 58 61 62 64 65 66 67 71 72
70 73 74 75 76 77 78 79 80 81 82 83 84 85 86 87 88 89 90 91 92 93 94 95 96 97 98 99 100 101 102 103 104 105 106 107 108 109 110 111 112 113 114 115 116 117 118 119 120 121 122 123 124 125 126 127 128 129 130 131 132 133 134 135 136 137 138 139 140 141 142
28 73 74 76 77 78 79 80 82 84 85 88 90 93 97 99 101 104 106 111 118 119 120 125 132 135 138 140 142
40 75 76 79 80 83 84 85 87 88 89 90 91 92 93 95 97 98 99 101 102 104 106 107 108 110 112 115 116 117 118 120 122 124 125 127 131 132 138 139 142
41 73 74 75 76 77 78 79 80 86 87 89 90 91 92 96 98 99 100 105 107 109 110 111 112 113 114 115 116 119 120 124 125 126 127 129 130 131 134 135 139 141
44 73 74 75 76 78 81 83 84 86 87 88 89 90 93 94 96 97 101 102 103 105 108 109 110 111 112 114 116 117 118 119 120 122 124 129 131 132 133 135 136 137 140 141 142
53 73 75 76 77 78 79 81 82 83 85 86 87 88 89 90 91 92 93 94 95 99 100 103 104 105 106 107 108 109 110 114 115 116 117 118 119 120 121 122 124 125 126 127 128 131 133 134 135 136 137 138 139 142
41 74 78 80 81 82 83 84 86 89 90 93 94 95 96 101 102 104 106 107 108 110 111 114 115 116 117 119 120 122 123 127 128 130 131 132 134 135 138 140 141 142
54 73 74 76 77 78 79 80 81 82 85 86 87 88 89 90 91 92 93 94 96 97 99 101 102 103 104 105 106 107 108 109 110 111 112 115 117 118 119 120 121 122 123 125 126 127 129 130 131 132 133 135 136 137 138
26 74 75 77 79 80 81 87 93 97 99 102 104 109 111 118 119 123 124 127 128 132 133 134 135 136 138
34 76 77 78 79 80 81 82 84 85 87 88 91 95 97 99 101 102 104 107 108 109 110 111 117 120 121 126 129 130 132 134 136 137 138
51 75 76 77 79 80 82 83 85 86 87 88 89 91 92 94 95 96 97 98 99 100 101 102 103 105 106 107 109 110 112 113 114 115 116 117 118 120 121 125 127 128 129 130 132 133 135 136 137 139 141 142
28 73 75 76 77 78 82 83 85 91 95 96 102 103 105 106 113 114 117 122 123 125 126 130 135 136 137 138 140
49 73 74 76 77 78 79 81 82 83 84 85 86 87 91 93 95 96 98 100 101 102 103 105 106 107 108 110 111 113 114 115 116 117 118 119 121 122 123 126 129 130 131 132 133 134 135 136 138 141
43 73 74 76 80 81 82 83 85 86 87 88 89 90 91 92 96 98 99 100 103 104 105 106 107 109 114 115 116 117 118 120 121 123 128 129 130 131 132 135 136 138 140 142
39 73 77 78 79 82 85 86 87 89 92 93 94 95 96 97 98 99 101 103 104 106 110 113 114 117 118 120 121 122 127 128 130 131 133 134 136 137 138 141
46 73 75 77 79 81 82 83 85 86 87 88 89 90 91 92 94 95 97 98 99 100 102 103 104 108 109 111 112 116 117 118 119 122 123 125 127 128 130 131 132 134 135 136 138 139 141
37 74 77 80 81 85 86 88 89 91 92 94 97 98 99 100 105 106 109 110 111 114 116 117 119 121 124 127 128 129 130 131 132 134 135 136 139 142
21 76 82 83 86 88 91 92 93 95 100 101 105 112 113 115 119 128 129 137 138 140
51 73 74 75 76 78 81 82 85 87 88 89 90 91 92 93 94 95 96 97 98 100 101 103 104 105 106 108 109 111 112 113 114 115 116 117 120 122 123 124 126 127 129 130 131 132 133 134 135 137 139 140
39 73 75 77 78 79 80 81 82 83 84 86 87 88 89 92 95 96 97 101 103 105 106 108 109 111 112 115 116 117 122 125 131 132 135 136 137 138 140 141
29 73 76 77 78 79 80 85 91 93 94 95 97 100 101 105 107 109 115 117 119 121 122 126 128 129 131 135 137 141
22 74 78 82 84 87 91 92 95 100 102 103 106 119 121 123 124 128 130 131 132 139 141
49 73 75 76 78 79 80 81 82 84 86 87 89 90 92 94 95 96 98 99 100 101 102 104 105 106 107 108 109 111 113 115 117 119 121 123 124 125 126 127 128 131 132 134 135 137 138 139 140 142
50 74 75 78 79 80 81 82 85 86 88 89 90 91 92 93 95 96 97 98 100 102 103 104 105 107 109 110 111 112 113 114 118 119 120 122 123 124 125 126 127 128 130 131 132 133 134 137 140 141 142
43 73 74 75 76 77 78 79 80 81 83 86 88 91 92 93 94 95 97 99 100 102 103 104 105 106 107 109 111 116 118 119 123 125 126 127 130 132 133 135 137 139 141 142
55 73 76 77 79 80 81 82 84 85 87 89 90 92 93 94 95 98 101 102 103 104 105 106 107 109 110 111 112 113 115 116 117 118 119 120 121 122 123 124 125 126 127 129 130 131 133 134 135 136 137 138 139 140 141 142
26 73 75 77 85 86 91 95 96 97 98 100 102 105 108 110 116 117 118 119 120 126 128 134 135 138 142
54 74 75 76 77 78 80 82 83 84 85 87 88 91 92 93 95 96 97 98 99 100 101 102 104 105 106 108 109 111 112 113 114 115 116 118 120 121 122 123 127 128 129 130 131 133 134 135 136 137 138 139 140 141 142
49 74 75 76 77 78 79 80 81 82 83 85 86 88 89 90 91 92 93 95 96 98 99 100 101 102 103 105 106 110 111 113 115 116 118 119 121 122 123 124 129 130 132 133 134 135 139 140 141 142
28 75 81 84 85 86 88 90 95 100 101 105 106 108 109 110 111 112 114 121 127 129 131 133 135 136 138 140 142
43 73 77 78 80 81 82 84 85 88 89 91 93 94 95 99 101 105 107 108 110 111 112 113 114 115 116 119 120 121 122 123 124 125 126 129 130 132 135 137 139 140 141 142
44 73 74 75 76 77 79 80 81 82 83 84 85 86 87 92 93 95 98 99 101 102 103 104 107 112 113 116 119 121 122 123 125 126 129 130 131 132 134 135 136 139 140 141 142
36 73 74 75 77 80 82 83 84 85 89 91 95 97 98 99 100 107 108 109 110 112 113 114 115 117 119 122 123 124 126 127 133 134 140 141 142
27 76 77 79 82 84 85 87 90 96 99 102 104 108 109 110 113 121 123 124 126 127 129 132 133 140 141 142
47 73 75 76 77 78 79 81 83 85 86 88 89 91 92 93 94 96 98 99 100 101 106 107 108 110 113 114 115 116 117 119 120 124 125 127 128 129 130 131 132 133 134 135 136 139 141 142
43 73 74 78 79 80 81 83 84 85 86 87 88 94 95 98 99 101 103 104 105 106 107 108 109 111 112 114 115 117 118 119 125 126 127 128 129 130 131 133 136 139 140 141
24 73 81 83 84 85 86 87 88 92 98 100 111 112 114 117 119 122 124 126 132 134 139 140 142
38 74 75 76 77 78 80 87 89 90 91 92 94 100 102 103 105 106 107 110 111 113 115 116 117 119 121 125 127 128 130 133 134 136 137 138 139 140 142
37 74 75 76 79 80 82 87 89 90 91 93 97 98 100 101 102 103 105 106 107 108 109 110 112 113 116 117 119 121 124 125 126 129 130 131 135 142
54 74 75 77 78 79 80 81 82 83 85 86 87 88 89 91 92 93 94 96 97 98 100 101 103 104 107 108 109 110 111 112 113 114 115 116 117 118 120 121 123 124 125 127 129 130 131 132 133 136 137 139 140 141 142
52 73 74 75 76 77 78 79 80 81 82 83 84 85 87 93 94 95 96 98 99 100 102 103 104 105 106 107 108 110 111 113 115 117 119 120 121 123 125 126 128 129 130 131 132 133 134 135 136 137 138 139 142
47 73 76 78 79 80 81 82 83 84 86 87 88 89 91 94 95 96 99 100 104 105 106 107 108 111 112 113 114 116 118 119 120 121 122 124 125 126 127 128 130 133 134 136 137 139 140 142
48 73 74 76 78 79 80 81 82 83 84 85 86 87 88 90 92 93 96 97 98 100 101 102 104 105 106 107 109 110 111 112 113 116 119 120 121 123 124 125 128 130 133 134 136 138 139 140 142
39 74 77 78 79 82 84 87 88 89 90 94 96 97 98 99 103 104 106 107 109 110 112 115 116 118 121 122 124 125 127 128 129 131 132 133 134 135 136 138
24 73 77 83 86 88 90 91 94 96 109 112 113 115 117 119 120 124 125 128 130 134 137 139 142
53 73 74 75 76 77 78 79 80 81 82 83 85 87 88 89 90 91 92 93 95 96 100 101 102 103 106 107 108 110 111 112 113 115 116 117 118 120 123 124 126 127 128 129 131 133 134 135 136 137 138 139 140 142
29 74 77 79 80 85 87 89 91 92 95 97 99 102 110 115 116 122 123 124 125 126 130 131 132 133 134 135 136 139
47 73 74 77 78 81 83 84 86 88 89 91 92 93 96 97 99 100 102 103 104 105 106 110 111 113 114 115 116 117 118 119 122 123 125 126 127 128 130 131 132 133 134 135 137 139 140 142
22 74 76 78 80 82 83 85 96 97 102 103 106 109 113 114 116 120 124 131 135 137 140
47 73 75 76 77 80 81 82 83 84 86 87 88 89 90 92 95 97 98 99 100 102 104 106 107 109 111 112 113 115 116 118 119 120 121 123 124 125 127 128 129 131 136 137 138 140 141 142
23 73 75 81 88 89 91 93 95 101 105 106 107 109 110 118 119 121 122 124 133 135 138 139
11 144 145 148 154 157 159 160 161 162 168 171
8 144 147 148 151 164 168 169 170
5 143 147 164 167 169
10 144 146 147 150 152 156 164 167 168 169
7 145 150 152 155 159 165 171
7 147 149 153 158 164 167 168
8 145 148 150 154 155 160 163 167
9 147 148 150 151 163 167 169 170 171
20 144 145 146 147 149 150 152 153 154 156 157 160 161 162 164 165 167 168 169 171
2 155 158
4 144 161 164 166
9 147 148 152 155 158 159 162 167 170
15 145 147 151 152 153 154 155 156 158 159 163 164 167 170 171
26 143 144 145 146 147 148 149 150 151 152 154 156 157 158 159 160 162 163 164 165 166 167 168 169 170 171
6 143 144 147 150 161 168
8 143 145 146 150 158 161 168 170
7 146 149 156 157 160 166 167
6 150 156 164 168 169 171
14 145 146 148 151 152 153 154 155 157 158 165 166 168 171
11 143 145 146 150 151 154 157 160 161 163 169
9 147 148 150 151 163 167 168 170 171
13 147 148 149 150 152 154 155 159 164 165 166 167 171
8 143 146 152 153 154 158 160 165
9 145 148 151 155 157 160 162 166 170
4 143 144 156 165
8 143 144 147 151 161 164 169 170
5 147 150 155 165 166
3 153 155 161
7 144 145 149 152 163 166 170
6 150 151 155 156 167 168
5 154 161 162 165 170
9 146 147 153 157 158 159 162 164 169
3 155 160 169
12 145 146 148 150 151 154 156 161 162 163 166 169
5 150 152 155 162 163
4 154 158 168 169
8 143 154 156 165 166 169 170 171
10 151 152 153 157 158 160 162 165 167 170
8 143 154 158 160 161 162 166 167
13 144 147 148 149 153 157 158 159 160 161 162 163 168
11 146 149 157 158 160 161 165 166 167 170 171
9 143 144 146 150 152 154 161 169 171
5 150 151 152 155 164
14 144 145 146 148 149 155 156 157 161 163 166 168 169 170
5 145 147 151 156 169
21 144 147 148 149 151 152 153 154 155 156 157 159 160 162 163 164 165 166 167 169 171
15 143 147 150 151 152 153 154 158 159 160 162 164 165 167 171
9 143 148 151 155 158 159 163 166 170
2 146 147
14 143 144 150 152 153 154 155 157 158 162 165 166 169 171
9 143 145 146 150 152 153 154 163 171
4 156 159 163 165
12 143 144 145 148 154 158 162 164 165 166 168 170
10 144 149 150 156 159 160 161 162 163 170
5 148 150 151 162 166
9 144 151 153 156 157 160 161 168 170
3 145 146 167
17 143 144 147 149 152 153 155 157 158 159 160 164 165 167 168 170 171
12 145 152 153 154 157 158 160 161 162 164 166 168
13 143 146 149 151 152 153 156 158 163 164 167 169 170
7 143 148 154 160 161 165 171
20 144 147 148 149 151 155 156 157 158 159 160 161 162 164 165 166 167 168 169 170
11 145 149 152 157 159 160 161 163 167 170 171
14 145 148 151 152 153 154 159 162 163 164 165 169 170 171
7 146 153 156 157 161 163 171
9 144 149 153 156 164 165 166 168 171
9 143 144 146 147 153 155 156 164 165
7 146 149 157 158 162 168 171
4 146 149 155 159
8 145 149 155 156 157 159 162 169
14 143 145 148 149 151 153 155 157 158 159 160 163 166 171
7 143 145 146 158 162 163 169
6 146 149 153 156 157 163
6 152 153 156 159 165 166
8 143 144 148 153 154 159 164 168
7 147 149 150 151 152 159 167
14 143 144 146 148 149 150 157 160 161 162 165 166 168 169
13 145 148 149 151 156 159 160 161 163 164 167 168 170
13 143 144 145 146 147 148 149 154 155 159 161 163 166
5 145 151 155 160 170
2 147 169
2 155 160
5 145 156 157 159 162
7 145 149 151 156 159 163 168
5 143 148 154 161 171
4 148 154 155 160
4 145 150 152 155
2 149 159
8 149 157 158 160 165 166 167 170
1 146
3 150 155 168
8 145 154 159 160 161 162 168 171
2 144 161
5 158 161 166 170 171
4 146 149 157 166
6 143 146 150 157 160 169
5 152 156 159 165 166
7 148 150 151 167 168 170 171
5 153 157 158 162 169
11 145 147 151 152 154 155 158 159 164 167 170
13 147 148 149 151 158 160 162 164 165 166 167 168 169
4 146 153 156 163
2 154 170
4 156 164 168 171
20 143 144 145 146 147 148 149 150 152 157 158 159 160 162 163 164 165 167 170 171
6 153 157 160 161 162 168
9 143 145 146 147 149 159 161 163 166
8 146 149 160 161 165 166 167 170
3 152 159 166
3 162 165 170
6 145 146 154 157 161 163
4 152 159 165 166
3 152 162 163
2 155 169
2 144 161
4 152 153 159 166
9 146 149 156 157 161 163 166 168 170
2 145 146
6 143 158 161 162 166 167
2 155 160
4 143 158 160 165
5 144 145 149 163 170
5 147 149 150 152 159
9 146 148 150 151 154 156 162 163 169
9 145 146 154 156 161 162 163 166 169
7 145 151 159 163 167 168 170
4 146 153 157 158
17 147 149 151 152 153 154 155 156 157 159 160 162 163 164 166 167 169
6 143 144 150 152 161 169
2 156 159
4 148 158 159 170
8 145 152 154 162 165 169 170 171
4 146 150 154 171
8 144 146 150 152 156 164 167 169
4 145 150 161 170
1 146
2 155 160
7 144 146 150 152 156 164 167
13 143 144 147 149 153 157 158 159 160 164 167 168 171
9 145 148 149 151 156 159 161 163 170
1 155
6 145 150 152 154 163 171
10 147 148 149 153 157 158 159 161 162 163
8 148 154 156 161 162 163 166 169
3 153 157 163
3 146 149 155
3 151 155 167
5 143 144 147 169 170
9 145 148 151 156 159 163 167 168 170
2 146 155
1 145
3 150 165 166
4 143 152 158 165
5 149 153 164 167 168
6 143 150 151 154 161 169
6 144 148 154 159 162 168
10 143 144 145 147 148 154 155 161 163 166
4 156 157 160 167
13 143 149 152 153 155 157 159 160 164 165 167 168 171
3 157 158 162
3 153 156 159
2 144 166
4 156 165 166 171
10 145 146 148 151 154 155 165 166 168 171
9 143 144 145 146 148 154 155 159 161
8 143 151 152 153 154 159 160 164
10 144 147 149 157 158 159 161 162 163 168
11 148 151 152 153 154 159 162 163 164 170 171
7 147 148 151 167 169 170 171
5 144 152 163 166 170
3 156 165 166
3 147 150 155
7 143 150 154 158 160 162 164
1 155
7 145 148 157 158 159 160 171
1 146
10 146 148 152 153 154 155 158 165 166 168
4 147 149 164 167
9 146 149 157 158 160 161 166 170 171
9 144 148 150 160 161 162 166 168 169
6 143 148 154 162 164 170
7 145 148 157 159 160 161 171
8 145 154 157 159 160 161 168 171
8 147 150 152 156 164 167 168 169
5 143 151 164 169 170
3 150 152 164
1 169
1 146
5 144 145 163 166 170
4 146 153 154 160
10 143 144 152 153 155 157 158 164 170 171
7 148 152 155 158 159 167 170
9 143 145 148 149 151 155 158 163 171
4 145 148 155 163
6 143 154 158 160 161 162
4 146 153 156 163
3 145 151 169
4 146 153 156 157
5 151 155 156 167 168
5 143 145 158 162 169
6 143 144 151 164 169 170
3 149 155 159
10 145 147 152 154 155 156 163 164 167 170
3 150 156 168
2 154 168
5 147 149 150 152 167
1 147
5 146 150 152 169 171
17 144 145 146 147 149 150 152 154 156 157 160 161 162 164 165 167 168
3 150 151 156
5 156 157 160 168 170
4 152 153 159 165
6 145 148 150 151 161 162
4 152 156 159 165
3 154 162 170
4 143 145 146 150
2 145 167
5 146 157 158 168 171
2 143 169
2 154 168
5 143 146 150 158 161
5 143 146 150 161 168
4 143 158 161 167
7 144 149 156 164 165 168 171
8 145 152 156 158 164 167 170 171
3 146 155 159
5 150 155 156 167 168
5 146 153 161 163 171
12 145 148 151 152 153 154 157 158 165 166 168 171
3 148 162 166
6 143 146 152 154 158 165
8 145 147 151 152 154 158 159 163
7 145 148 157 159 160 161 171
2 151 155
13 147 148 153 155 157 159 160 162 163 164 167 169 171
4 144 148 164 170
7 143 154 165 166 169 170 171
2 149 159
4 148 155 157 162
4 146 153 161 171
7 144 147 151 161 164 169 170
3 162 165 170
9 147 153 154 158 159 160 162 164 171
12 147 152 153 157 158 160 164 165 167 168 170 171
6 144 149 156 159 160 163
10 149 151 156 159 160 163 164 167 168 170
6 145 152 157 158 161 164
17 147 148 149 155 156 158 159 160 161 162 164 165 166 167 168 169 170
20 145 146 147 148 150 151 154 156 157 159 160 162 163 164 165 166 168 169 170 171
2 149 159
1 158
4 145 150 155 159
7 143 151 152 158 163 164 170
2 146 149
1 155
3 147 155 165
2 144 166
2 159 163
8 148 149 150 155 164 166 167 171
8 147 151 153 154 156 159 164 170
8 143 145 146 148 149 155 159 166
10 143 144 149 150 157 160 162 166 168 169
13 143 144 147 153 155 157 158 159 160 164 165 168 170
10 146 148 149 157 160 161 162 165 168 169
2 149 155
6 151 158 159 163 166 170
4 148 160 161 165
5 149 150 162 163 170
4 145 148 163 167
7 144 147 153 157 158 159 160
4 148 150 151 162
2 156 165
3 156 164 168
2 143 169
4 146 149 156 163
5 146 158 161 168 170
4 156 159 162 169
3 150 156 167
4 148 154 160 165
4 153 164 167 168
3 151 156 167
6 149 152 157 160 163 171
6 152 159 161 167 170 171
4 156 164 165 168
10 148 151 159 160 161 163 164 167 168 170
10 151 152 153 154 159 162 163 164 169 170
6 154 157 160 161 162 168
2 155 159
3 152 155 163
1 158
5 146 147 153 155 164
6 145 155 156 157 162 169
8 144 152 158 159 164 168 170 171
5 143 145 146 162 163
11 143 144 146 148 149 157 161 162 166 168 169
10 145 146 148 150 154 156 161 163 166 169
14 143 146 150 151 157 158 159 160 162 163 164 165 166 169
7 145 149 155 157 159 162 169
3 148 150 151
6 151 153 157 165 167 170
2 150 151
4 154 162 165 170
5 144 153 157 168 170
15 147 149 155 156 157 158 160 161 162 164 165 167 168 169 170
7 143 145 146 152 153 154 163
2 155 169
1 147
9 144 147 153 159 160 161 162 163 168
4 152 153 156 166
7 147 148 150 151 167 168 170
4 143 147 150 161
4 151 152 155 164
4 152 153 159 165
3 147 155 166
6 143 144 146 153 155 156
6 144 148 153 154 159 168
5 146 157 159 162 169
11 147 148 149 150 152 154 155 159 164 167 171
17 144 147 148 149 151 157 158 159 160 161 162 164 165 166 167 168 170
6 148 151 155 160 162 166
4 148 158 162 170
3 148 150 166
5 152 153 156 165 166
6 146 153 157 159 162 169
8 144 149 150 156 159 161 163 170
3 161 162 165
7 146 147 153 158 159 164 169
4 146 149 153 163
5 146 149 156 157 167
13 144 147 148 149 153 154 155 156 160 165 166 167 171
4 143 154 161 171
8 144 145 148 158 165 166 168 170
4 145 150 159 165
1 155
7 143 144 150 152 161 169 171
5 147 153 157 164 169
2 161 166
11 143 152 153 154 158 159 160 162 164 165 171
4 145 155 160 167
6 144 147 151 164 169 170
10 145 146 148 150 151 154 161 163 166 169
6 143 154 165 166 169 170
5 147 150 163 167 170
2 155 161
2 153 155
8 151 152 153 157 158 160 162 167
6 148 154 157 159 160 171
3 156 163 165
6 147 148 155 159 162 170
7 143 145 146 152 154 163 171
7 147 148 150 163 167 168 170
8 145 148 154 158 162 165 166 168
6 144 149 156 165 166 171
4 156 157 161 171
10 145 152 154 158 160 161 162 164 166 168
3 156 163 165
5 143 144 146 156 164
1 161
14 143 144 145 147 149 155 157 160 161 162 168 169 170 171
13 143 144 145 146 149 152 153 159 161 162 163 166 169
8 144 146 150 151 158 168 170 171
16 143 145 146 147 148 149 150 152 155 159 163 165 166 169 170 171
16 143 144 145 147 148 149 151 152 155 158 163 166 167 168 169 170
10 144 147 149 151 152 159 162 164 167 168
17 143 145 146 148 150 151 153 154 156 157 158 159 163 164 165 166 169
9 148 149 150 153 154 156 157 159 170
11 143 144 148 149 150 157 159 160 164 167 171
14 143 145 146 152 153 154 155 157 159 164 165 169 170 171
10 147 150 152 157 159 161 165 167 169 171
16 143 144 145 146 148 149 152 153 154 155 158 160 163 165 169 170
11 145 146 149 153 154 155 161 162 165 167 168
19 143 144 146 148 151 152 153 154 155 156 157 158 160 161 163 165 168 169 170
15 144 145 146 151 152 154 155 157 160 161 165 167 168 170 171
14 145 146 147 150 153 154 160 162 164 166 167 168 169 171
14 144 145 147 149 151 155 156 157 158 161 163 165 166 169
18 143 144 145 146 148 149 151 157 160 161 162 163 164 166 167 168 169 171
20 143 144 145 147 149 152 154 155 157 159 160 162 163 164 165 167 168 169 170 171
11 145 146 148 152 154 158 159 162 163 169 171
8 147 148 150 151 159 164 166 169
15 144 145 146 149 151 154 157 158 159 160 161 166 167 168 171
17 143 146 148 149 150 153 156 158 159 160 161 163 164 166 167 169 170
10 143 144 147 149 155 157 158 160 163 171
12 144 147 150 151 152 154 159 161 162 164 165 169
11 143 144 148 149 151 152 153 159 164 165 171
19 144 145 146 147 150 153 156 157 159 160 161 162 163 164 165 167 168 169 171
9 144 148 152 154 159 162 165 170 171
14 143 148 150 152 153 157 158 159 160 162 166 167 170 171
12 147 148 152 154 155 158 161 162 166 168 170 171
12 146 147 149 150 151 157 160 164 165 166 170 171
19 143 145 146 148 149 150 151 154 157 159 160 161 162 163 164 166 168 169 171
19 144 145 146 148 149 150 151 152 154 155 158 159 161 162 164 166 167 170 171
17 143 145 146 151 152 153 154 156 158 160 161 162 163 164 167 168 170
11 145 152 155 157 159 160 162 167 168 170 171
17 146 147 148 149 151 152 153 154 156 157 159 160 161 163 166 168 171
19 144 145 146 148 149 150 151 154 156 158 159 160 162 163 164 165 167 168 170
12 143 145 147 150 155 156 158 160 161 164 166 168
20 143 147 148 149 151 153 154 156 158 159 160 161 162 163 164 165 167 168 169 171
19 143 147 148 152 153 154 155 156 157 158 159 160 162 163 165 167 168 170 171
17 143 145 149 154 156 157 158 159 161 163 164 165 166 167 168 170 171
10 147 151 152 155 156 159 160 162 166 169
11 144 145 147 148 153 155 156 159 166 169 170
10 143 145 146 147 150 152 154 162 168 171
11 143 145 146 151 152 155 157 163 167 169 171
15 144 145 147 148 149 151 152 153 154 156 159 162 165 167 169
15 143 145 146 147 148 150 151 155 156 157 159 162 163 166 169
9 143 146 152 153 156 157 162 167 171
12 145 146 147 152 154 162 163 164 167 169 170 171
19 143 144 145 146 147 150 152 154 155 157 159 160 162 163 164 165 167 170 171
18 143 145 146 147 149 150 153 154 156 158 159 160 162 163 165 166 169 170
11 144 149 150 151 152 156 158 159 160 167 168
16 143 147 148 149 156 157 160 161 162 163 164 167 168 169 170 171
11 143 145 146 148 158 159 161 163 166 168 171
10 145 148 149 152 158 161 163 164 169 170
12 147 149 153 154 155 156 159 162 165 169 170 171
9 155 156 157 158 161 162 163 165 168
16 143 145 147 148 149 151 152 153 155 159 160 161 163 167 170 171
17 146 148 150 151 152 153 155 156 159 161 162 165 167 168 169 170 171
11 144 145 146 148 153 157 160 163 164 166 168
14 147 148 150 151 154 156 158 160 161 162 163 165 166 167
13 145 150 151 152 153 156 160 161 163 164 166 168 171
12 143 144 151 156 157 159 160 161 164 165 169 170
19 143 144 147 149 150 151 153 154 155 157 158 159 160 161 162 163 165 168 170
14 143 146 147 148 150 151 157 162 164 165 168 169 170 171
10 145 148 150 152 153 158 160 166 170 171
16 143 145 146 148 154 155 156 157 158 160 162 163 165 166 168 169
13 145 148 149 150 154 155 156 158 161 163 164 167 171
11 143 145 151 152 158 160 162 164 165 167 170
12 146 147 150 152 153 156 158 159 161 165 166 169
13 144 147 148 149 153 155 156 158 159 166 167 168 169
12 143 145 147 148 151 152 153 154 156 160 166 167
18 144 146 148 149 150 151 152 153 154 156 157 159 161 162 163 166 168 171
10 143 146 149 153 156 160 161 163 165 171
9 146 148 151 152 154 155 166 170 171
13 146 150 151 152 153 154 155 156 162 167 168 169 171
14 143 146 147 151 152 153 154 157 159 163 164 165 166 168
10 146 152 153 159 160 161 162 164 169 170
13 143 144 147 149 150 157 159 160 161 166 168 169 171
12 148 153 154 155 156 161 163 165 166 167 168 169
11 143 149 150 153 154 155 160 164 166 168 170
10 144 147 150 154 160 165 166 168 169 170
10 146 147 148 151 153 155 156 161 164 169
16 144 146 149 150 151 152 153 154 158 161 162 163 164 166 168 170
13 144 148 151 153 155 156 158 162 163 164 167 168 169
9 143 144 145 146 150 156 157 160 167
17 145 146 147 149 153 155 156 157 158 161 164 166 167 168 169 170 171
10 144 147 153 154 156 161 166 169 170 171
18 143 146 149 150 151 152 154 157 158 159 161 162 163 164 165 167 170 171
12 145 147 151 157 158 159 160 162 163 166 168 170
19 143 145 146 148 149 150 151 152 154 155 157 159 160 161 163 164 165 166 170
9 144 146 148 152 155 157 163 169 171
14 143 145 147 151 155 158 161 162 163 165 167 168 170 171
10 144 145 147 152 153 157 159 162 167 171
19 143 144 146 148 149 150 151 152 153 154 157 158 159 160 161 163 165 169 170
15 144 148 150 152 154 155 156 157 160 162 164 165 167 170 171
16 143 144 148 149 150 152 157 158 159 160 161 163 165 166 167 168
11 145 146 148 151 158 160 162 163 165 170 171
20 143 144 145 147 149 151 152 155 156 158 159 160 161 162 163 164 166 167 168 170
11 145 148 153 158 160 161 163 164 166 169 170
13 144 145 146 147 154 155 159 162 164 166 167 169 171
13 143 147 148 152 154 155 156 159 162 163 164 166 170
17 144 145 146 150 152 153 154 156 157 159 163 164 165 168 169 170 171
14 146 149 151 152 154 155 157 159 161 164 165 168 169 171
15 144 145 147 148 149 150 151 156 159 161 162 163 168 169 170
15 143 145 147 148 149 150 152 153 155 156 158 159 160 163 169
13 144 146 147 150 152 153 154 155 158 162 165 167 168
10 143 146 150 157 158 159 161 165 167 169
12 143 146 150 155 157 158 159 160 163 164 167 168
13 152 155 158 159 160 162 163 164 165 166 168 169 170
20 145 146 147 148 150 152 153 154 156 157 159 160 161 162 164 165 166 167 169 171
12 143 145 151 152 153 154 162 164 165 167 168 171
9 143 149 156 157 158 162 164 166 168
15 143 145 147 149 150 151 154 155 157 158 159 160 162 165 169
19 144 146 147 148 149 150 151 153 154 155 158 159 161 164 166 167 168 169 171
9 143 149 151 155 161 166 167 168 169
12 146 149 151 152 154 156 160 162 163 166 167 171
17 145 147 149 150 152 153 156 157 159 160 162 164 165 167 169 170 171
18 145 146 147 148 151 152 153 154 156 158 160 161 163 165 166 168 170 171
15 144 145 147 148 150 151 154 155 158 161 162 163 166 167 168
16 143 146 147 150 151 152 154 156 157 158 163 164 165 166 168 169
11 143 146 147 148 150 154 155 162 163 165 171
14 143 146 147 152 153 155 156 158 159 161 163 165 166 167
16 145 146 147 148 151 152 153 157 159 160 161 162 163 166 168 171
12 144 147 149 151 152 155 158 160 163 165 166 168
14 143 147 149 150 151 153 155 158 160 161 162 163 169 171
12 144 148 149 150 153 154 156 159 161 164 166 168
11 145 147 149 151 155 160 161 162 164 166 171
20 143 144 145 146 147 150 152 154 155 156 158 159 160 161 162 163 166 167 168 170
20 144 145 146 147 148 149 152 153 154 156 157 159 162 164 165 166 168 169 170 171
13 144 145 146 147 149 150 154 157 159 161 163 164 167
14 144 151 152 155 157 158 160 161 162 163 167 168 170 171
9 143 144 149 151 158 162 164 166 170
16 144 145 147 149 150 151 153 154 155 156 157 161 166 169 170 171
11 147 149 152 157 158 164 165 166 167 168 171
18 145 147 148 149 150 151 153 154 155 157 159 162 164 165 166 167 169 170
13 144 149 152 153 154 155 156 160 161 162 163 170 171
11 143 147 148 151 152 153 160 161 165 168 171
15 143 144 148 150 151 152 154 155 157 160 163 165 167 168 170
20 145 146 147 150 151 152 154 155 156 157 158 160 161 163 165 166 167 168 169 170
10 146 152 154 158 161 165 166 168 169 171
19 143 144 146 147 148 149 150 151 152 153 154 155 158 161 163 165 168 170 171
13 143 146 149 151 152 153 154 155 163 167 168 169 170
13 143 146 147 154 155 156 158 159 164 167 168 169 171
13 143 144 146 150 151 152 154 160 161 168 169 170 171
13 143 152 153 156 157 158 159 160 163 164 165 166 168
17 147 149 150 152 153 154 155 158 159 162 163 164 166 167 168 170 171
9 144 152 153 155 158 161 162 163 170
17 144 145 146 148 151 153 154 155 156 158 159 160 161 162 163 169 170
17 144 146 147 148 149 150 151 152 156 157 158 161 162 164 165 169 170
16 143 144 150 151 153 154 155 158 160 161 163 164 166 168 169 171
13 144 145 147 151 152 155 159 162 164 167 168 169 170
9 147 149 150 151 164 165 167 168 169
9 147 151 153 156 157 163 164 166 171
16 143 146 147 149 150 151 152 157 160 163 164 166 167 168 169 171
14 145 146 147 151 154 155 157 158 159 162 166 168 170 171
10 143 145 146 157 160 163 165 166 167 171
14 143 148 151 152 154 157 160 162 163 165 166 167 169 170
9 145 151 154 155 160 161 163 169 171
17 143 146 147 149 151 154 155 157 159 163 164 165 166 168 169 170 171
18 146 147 148 150 151 152 154 155 156 157 159 160 161 163 164 167 169 171
18 144 146 150 151 152 153 154 158 159 160 161 162 164 165 166 167 169 170
9 144 150 152 154 158 162 163 164 167
14 143 144 147 148 149 150 153 154 156 158 159 160 162 171
10 148 149 151 152 153 160 161 164 165 169
20 143 144 145 146 147 149 150 151 153 155 156 157 158 159 163 164 165 166 167 170
17 144 145 148 152 154 155 159 160 162 163 164 165 166 167 168 170 171
11 143 152 155 157 159 160 162 164 165 169 171
9 149 153 154 157 159 160 164 166 168
9 149 150 152 154 155 157 158 162 163
12 144 145 146 157 158 159 160 163 167 169 170 171
9 145 148 150 151 153 156 158 164 166
9 144 147 150 155 156 157 162 168 171
12 145 148 149 153 155 156 157 160 163 164 165 170
17 144 148 149 152 153 154 156 157 159 160 161 162 163 165 166 169 170
11 145 147 157 158 160 161 163 164 165 166 169
9 147 153 156 160 161 165 167 168 170
19 145 146 149 151 152 154 155 156 157 158 159 160 162 163 164 166 169 170 171
18 143 144 146 147 148 149 150 151 153 155 156 157 162 163 165 168 169 170
20 143 144 145 146 148 150 151 153 155 156 159 160 161 162 164 165 166 168 170 171
9 145 151 153 154 159 160 166 169 171
11 145 147 153 156 162 164 166 167 168 169 171
12 143 148 150 151 155 159 161 163 165 167 168 170
13 144 148 155 156 157 160 161 162 164 165 166 170 171
14 147 149 150 152 153 156 159 160 161 162 163 166 167 170
18 144 145 147 149 150 152 153 154 155 158 159 161 163 164 166 167 168 170
13 143 145 148 150 155 156 158 159 163 165 166 167 171
10 143 146 147 150 151 162 166 167 170 171
16 143 144 145 147 149 150 152 153 156 157 160 163 164 166 167 171
15 144 145 147 148 149 151 152 158 160 161 164 165 166 167 171
19 144 145 146 147 149 151 152 153 154 156 157 159 160 161 163 165 166 167 169
19 143 144 146 148 150 153 154 156 157 158 159 161 162 163 164 165 169 170 171
12 149 153 157 158 159 162 165 166 167 168 170 171
11 143 144 145 146 150 153 159 161 162 167 168
20 143 144 145 146 147 149 155 157 158 159 161 162 164 165 166 167 168 169 170 171
19 143 144 145 146 147 152 153 155 156 158 160 161 162 165 166 167 168 169 170
11 144 148 150 151 153 158 160 163 167 168 170
14 143 146 149 150 151 153 155 160 162 163 166 167 169 171
19 143 144 146 147 148 150 153 154 156 158 159 160 164 165 166 168 169 170 171
18 145 146 148 149 152 153 154 156 157 161 162 163 164 166 167 168 169 171
10 145 149 152 153 155 156 162 163 169 171
12 145 147 149 151 153 154 160 164 166 167 168 170
18 143 144 145 147 150 152 153 154 155 156 158 160 161 164 166 167 170 171
10 143 145 153 154 161 163 166 167 168 169
16 143 149 150 152 153 154 156 159 162 163 165 166 167 169 170 171
8 146 149 151 159 162 164 167 170
16 145 146 149 150 151 152 153 157 159 160 162 164 165 166 169 171
19 145 146 151 152 153 155 157 158 160 161 163 164 165 166 167 168 169 170 171
15 143 144 145 146 150 152 155 157 159 163 165 166 169 170 171
19 144 145 148 149 151 152 153 154 155 156 159 161 162 163 164 167 168 169 170
18 143 144 145 146 147 149 150 153 155 156 158 159 161 162 163 165 168 169
17 144 146 147 152 155 158 160 161 162 164 165 166 167 168 169 170 171
13 144 146 147 151 152 153 154 161 163 167 168 169 171
19 144 145 146 147 150 151 152 153 154 158 159 160 161 162 164 165 169 170 171
10 143 146 151 154 155 156 160 166 169 170
8 147 151 161 164 165 167 169 171
13 148 149 150 151 153 155 156 158 159 165 168 170 171
18 144 145 146 148 149 151 152 155 156 158 159 160 161 167 168 169 170 171
19 143 145 147 148 149 151 153 155 156 157 158 159 161 163 165 166 168 170 171
15 143 145 146 149 151 153 155 158 160 161 163 164 165 169 171
19 144 146 147 148 150 151 154 155 156 158 160 161 163 165 167 168 169 170 171
13 144 145 146 151 161 163 164 165 166 167 169 170 171
16 145 146 147 148 151 152 156 157 158 160 164 165 166 169 170 171
8 143 148 153 160 162 165 166 171
11 144 145 147 152 153 158 160 163 165 167 170
10 147 148 149 152 154 159 164 167 168 169
13 143 145 146 148 152 154 156 158 159 164 165 167 168
18 143 144 145 146 148 149 151 152 155 157 159 160 162 163 164 168 169 171
16 143 146 147 151 153 154 156 157 158 160 162 163 166 167 168 170
14 146 147 150 151 152 153 154 157 159 161 162 166 167 168
17 143 144 146 148 152 154 155 156 157 159 160 162 163 164 165 170 171
16 143 145 146 147 148 150 152 153 154 158 161 163 164 165 166 170
12 143 145 148 149 151 156 158 161 162 164 167 171
11 143 144 146 147 148 150 151 154 156 164 166
14 143 144 146 149 150 151 153 154 158 160 161 166 167 169
13 143 144 148 149 154 155 157 159 162 166 168 170 171
10 143 146 150 151 152 155 156 160 169 170
11 144 146 156 157 159 160 164 165 166 170 171
15 144 145 147 150 152 153 154 155 156 158 159 160 162 163 169
17 143 144 145 147 149 151 153 154 155 158 159 161 164 166 167 168 169
18 143 144 145 147 148 150 151 152 153 155 156 158 159 161 164 165 169 171
19 143 144 148 149 150 151 152 153 155 156 157 162 163 165 167 168 169 170 171
12 143 144 145 146 147 149 152 153 157 160 162 165
9 146 147 150 151 154 155 162 166 171
14 143 145 146 149 150 155 156 159 160 164 165 166 168 171
18 143 144 145 146 147 154 156 158 160 161 162 163 164 165 166 167 168 170
11 146 156 160 162 163 164 165 167 168 170 171
12 144 146 148 150 153 154 155 158 159 165 167 171
10 145 146 149 157 159 161 162 163 165 166
13 143 149 151 155 156 158 160 162 164 165 168 169 171
15 143 146 147 152 154 156 157 158 159 163 164 165 166 167 168
12 143 148 149 151 152 153 154 156 160 166 169 171
17 143 144 145 147 149 151 153 157 158 159 160 161 163 164 166 167 171
16 145 148 149 151 153 155 158 159 160 161 163 164 165 167 168 170
13 143 145 151 155 158 160 161 162 163 165 166 167 168
14 143 144 146 149 151 152 153 154 155 157 159 162 163 171
15 143 144 145 146 147 148 149 151 155 164 165 168 169 170 171
18 146 148 150 151 152 153 154 156 158 159 161 162 163 164 165 166 168 169
11 145 148 156 158 160 161 162 164 166 168 171
17 143 145 147 149 150 151 153 154 155 156 157 158 161 163 166 167 171
20 143 144 145 146 147 148 150 151 152 153 154 155 156 157 158 159 163 166 167 171
20 143 144 145 146 147 148 149 150 153 154 156 157 158 160 161 162 164 165 170 171
14 143 144 145 146 147 149 157 161 162 165 166 167 168 170
13 145 146 147 150 156 157 159 162 163 165 169 170 171
17 144 145 147 149 150 151 152 153 154 155 158 160 163 164 166 167 168
17 143 146 147 150 152 153 154 156 158 159 161 163 164 165 166 168 169
16 143 144 145 146 149 150 152 153 156 158 159 162 163 164 166 168
11 144 147 148 152 154 155 157 161 162 168 170
11 145 146 149 151 153 160 162 164 165 167 168
13 144 145 146 149 151 153 155 156 158 162 163 165 170
16 148 149 150 151 153 155 156 158 159 162 165 166 167 168 169 171
15 143 144 145 146 148 149 154 159 160 162 163 164 167 168 170
14 143 147 151 153 155 157 161 163 164 165 168 169 170 171
12 145 147 149 154 155 157 159 160 164 168 170 171
9 143 145 149 153 156 158 163 167 168
19 144 145 146 147 149 150 153 154 155 156 157 158 162 164 165 166 168 170 171
16 144 146 147 148 150 153 154 155 157 160 163 164 165 167 170 171
18 143 144 145 146 147 148 149 153 157 158 160 161 162 163 165 166 169 171
12 144 145 146 148 149 153 154 155 157 161 167 169
8 185 187 188 191 192 193 202 203
7 175 190 197 198 199 201 206
9 174 178 189 192 196 197 200 204 206
13 172 174 176 178 179 180 181 191 193 194 202 203 204
12 173 178 180 181 182 186 187 192 197 199 200 206
12 172 180 183 185 187 191 197 200 201 202 205 206
4 183 192 199 205
2 182 200
9 183 184 185 186 188 189 195 200 205
17 174 177 178 179 183 184 185 189 192 193 194 197 200 201 203 204 206
12 172 176 178 180 183 184 187 194 195 198 203 205
17 173 174 183 184 185 188 190 191 192 193 194 195 196 200 201 203 206
12 176 177 183 186 191 194 195 196 198 199 204 205
6 176 179 195 198 202 206
10 175 176 181 183 189 190 193 195 200 203
12 174 176 182 188 191 193 194 196 197 199 203 204
2 187 201
19 174 175 177 181 182 183 186 188 189 190 192 194 196 198 200 203 204 205 206
14 172 177 179 182 184 188 189 191 194 195 196 200 201 204
7 174 176 177 180 190 197 204
6 178 180 183 184 187 193
15 173 176 182 185 186 191 192 194 195 196 197 200 201 202 204
3 184 193 195
23 172 173 174 177 178 179 180 182 184 185 186 188 191 192 194 196 197 198 199 202 204 205 206
6 177 183 190 192 201 206
9 173 181 184 187 189 200 201 202 203
8 173 175 178 184 192 197 201 202
4 174 180 182 198
7 174 175 180 182 188 190 206
6 173 177 182 187 192 196
5 184 191 199 204 206
11 173 177 180 181 182 184 186 189 196 203 205
10 172 179 185 187 195 197 199 203 205 206
10 173 175 176 180 182 186 190 191 199 202
14 175 177 178 180 181 185 188 189 191 194 198 204 205 206
13 174 180 181 183 185 187 191 193 194 195 198 204 205
7 174 175 180 182 183 184 200
13 174 179 180 183 186 190 191 192 194 196 199 203 205
11 172 173 175 180 188 191 194 200 201 203 204
6 173 178 188 194 196 201
16 176 177 179 180 181 182 185 187 188 190 193 194 199 200 204 205
9 174 177 179 182 192 193 196 199 200
20 172 173 175 178 179 181 182 183 184 186 189 194 195 196 198 199 200 201 205 206
6 175 188 189 191 201 202
6 184 187 192 193 195 202
7 172 178 179 185 192 193 197
12 176 177 181 186 189 190 191 192 193 198 202 204
14 174 177 178 181 182 184 185 186 187 189 190 193 196 197
15 172 175 181 182 184 186 187 188 190 191 198 199 201 202 203
7 172 177 183 192 194 200 205
8 173 176 178 186 190 202 203 205
3 176 185 191
10 176 177 182 186 189 190 199 200 203 206
13 174 175 180 181 183 185 187 192 193 197 198 199 206
7 174 181 185 192 197 201 204
4 172 179 188 196
20 172 173 175 176 177 178 181 184 185 187 188 189 193 195 197 198 201 202 204 206
11 172 176 177 179 184 185 189 194 195 201 203
8 175 178 181 186 195 198 202 205
7 174 175 188 191 198 202 204
11 173 176 181 182 185 188 196 199 201 202 203
8 173 181 185 186 190 197 204 206
19 173 174 175 176 179 180 182 185 187 188 189 196 197 198 199 201 202 203 206
12 172 177 179 180 183 184 187 188 198 199 203 205
11 173 176 177 179 180 183 185 193 194 195 205
8 172 173 176 186 187 193 200 201
7 176 179 181 188 190 195 196
10 172 174 175 179 190 194 198 200 205 206
8 172 181 187 188 195 196 198 205
7 173 177 178 184 192 194 199
9 174 175 182 186 189 193 198 203 204
8 174 175 178 181 189 190 193 206
18 175 177 178 179 181 183 185 188 189 190 192 194 195 196 197 202 203 205
16 172 173 176 178 179 180 184 185 187 191 193 195 197 199 201 202
9 172 173 179 180 184 185 187 189 200
10 173 174 175 186 192 196 197 201 202 206
8 177 186 189 191 192 195 197 204
21 172 174 175 178 179 183 187 188 190 192 193 194 195 197 198 199 200 201 202 204 206
5 183 190 193 196 205
28 172 173 175 176 177 178 179 180 182 183 184 186 187 188 189 190 191 193 194 195 196 198 199 200 202 203 205 206
18 172 175 176 177 178 179 180 181 182 186 187 189 197 198 199 202 204 205
15 172 173 174 176 179 182 183 186 190 196 197 199 200 201 203
9 172 178 183 184 189 191 195 198 203
6 178 181 186 190 191 204
4 184 187 193 202
9 177 180 185 187 190 194 199 200 204
7 180 181 185 187 198 204 205
4 173 177 182 196
6 176 177 179 183 185 205
4 174 178 189 193
5 172 178 179 193 197
3 178 181 204
6 173 175 176 180 182 186
9 176 177 183 186 191 194 198 204 205
6 172 176 180 184 198 205
6 172 178 179 185 193 197
3 177 183 201
11 177 179 185 188 189 192 195 196 197 203 205
4 174 190 193 206
7 174 189 192 196 200 204 206
5 174 177 179 182 193
3 177 192 196
8 188 189 191 195 196 200 201 204
4 172 179 192 197
6 174 175 178 189 190 193
9 173 174 180 185 196 197 198 199 201
9 182 184 186 187 188 190 199 201 202
4 186 189 192 204
4 180 183 184 187
16 172 173 175 177 181 184 185 187 188 193 195 197 201 202 204 206
7 177 180 181 182 186 189 205
1 200
6 177 179 183 184 187 199
1 182
5 174 175 191 198 204
2 174 180
4 183 185 188 200
4 174 180 190 206
5 175 180 188 201 204
10 172 183 187 191 197 200 201 202 205 206
6 173 180 182 186 189 203
3 178 180 184
7 173 176 182 188 199 201 202
2 183 192
5 173 180 185 189 200
6 174 175 190 194 205 206
7 173 182 186 192 197 199 200
4 179 195 198 206
6 173 176 178 186 202 205
8 176 181 183 189 190 195 200 203
7 173 176 180 182 186 191 202
4 173 176 190 203
7 172 180 184 187 194 195 205
5 176 181 195 200 203
11 174 178 183 185 189 193 194 197 200 201 204
10 172 176 177 179 180 187 189 198 199 202
3 188 194 201
8 172 179 182 188 194 200 201 204
7 185 187 188 191 192 193 203
7 173 181 187 189 200 202 203
3 187 193 202
8 172 180 187 197 200 201 205 206
9 180 181 185 187 193 197 198 199 206
11 176 180 184 185 187 191 193 195 197 199 202
6 177 179 180 183 184 187
3 172 178 185
5 173 176 186 202 203
10 172 179 184 188 194 195 196 200 201 204
6 172 185 195 199 203 205
6 173 175 178 197 201 202
8 176 177 182 186 189 190 199 200
7 175 177 189 191 194 198 204
3 184 199 204
5 173 175 178 192 201
1 200
3 175 191 201
9 173 176 181 182 188 196 201 202 203
6 175 186 196 197 202 206
4 172 183 194 205
6 175 182 186 189 198 204
6 185 188 191 193 202 203
15 174 175 177 181 182 183 186 189 190 194 196 198 200 203 206
6 175 188 191 194 200 203
3 180 182 198
7 177 180 181 182 184 189 205
8 173 175 176 180 190 191 199 202
5 188 196 199 202 203
7 174 177 182 192 193 196 199
6 177 179 184 189 195 201
6 174 181 185 192 197 204
5 178 183 184 198 203
7 173 176 181 182 199 201 203
2 192 205
4 184 185 195 205
3 189 191 201
10 177 183 186 191 194 195 198 199 204 205
11 172 173 176 178 179 180 185 187 191 201 202
7 173 175 178 192 197 201 202
8 172 176 179 184 189 194 195 201
3 184 199 206
4 173 178 192 202
4 178 186 190 204
2 184 195
3 173 188 201
7 172 175 179 190 198 200 205
6 184 185 188 189 195 200
7 175 182 189 193 198 203 204
5 183 185 193 195 205
1 176
1 201
8 179 185 187 195 197 199 205 206
8 172 176 181 191 194 202 203 204
3 177 192 196
3 183 192 205
4 198 199 201 206
5 174 181 192 201 204
6 173 175 186 190 199 202
3 177 190 192
4 176 179 198 202
6 178 189 196 197 204 206
10 175 177 179 181 185 188 190 192 195 205
4 175 184 192 202
5 174 175 188 191 204
5 172 181 188 196 198
12 177 178 179 184 185 192 193 197 200 203 204 206
6 172 180 184 185 189 200
5 175 188 198 202 204
4 179 195 202 206
16 174 177 178 179 182 184 185 186 188 191 196 197 198 199 202 206
12 175 178 179 181 188 189 190 192 195 196 203 205
17 172 173 175 178 179 181 182 183 186 189 194 195 198 199 200 205 206
8 175 176 183 189 190 193 195 200
5 178 188 194 196 201
5 177 180 190 197 204
10 177 178 185 188 189 191 194 198 204 206
5 172 178 189 198 203
15 174 175 176 179 180 185 187 188 189 196 199 201 202 203 206
3 174 175 184
5 173 174 186 197 201
6 174 175 181 189 190 206
24 172 173 175 176 177 179 180 183 184 186 187 188 189 190 191 193 194 198 199 200 202 203 205 206
7 177 179 182 192 193 196 200
10 173 178 180 181 186 187 192 197 200 206
5 181 187 195 198 205
3 189 191 201
13 176 177 179 180 181 182 185 187 190 194 199 204 205
13 174 175 179 183 192 193 194 195 197 199 200 204 206
3 179 188 196
13 176 179 180 182 185 187 188 190 193 194 199 204 205
6 176 181 183 189 193 203
4 172 183 192 194
5 178 181 186 190 191
4 183 190 196 205
8 176 177 191 194 198 199 204 205
10 177 178 184 185 187 193 195 197 201 206
8 176 177 187 188 190 193 204 205
1 182
4 178 181 191 204
8 175 176 183 189 193 195 200 203
9 176 177 186 189 190 191 192 198 204
1 182
2 183 192
7 174 176 180 181 202 203 204
10 177 179 181 190 192 194 195 196 197 205
4 174 175 191 202
3 179 195 202
10 174 175 180 181 183 187 192 193 198 206
6 174 175 182 183 184 200
7 173 179 182 183 190 197 199
10 177 181 186 189 190 191 192 198 202 204
7 172 179 182 184 189 196 204
8 172 179 180 183 184 187 198 199
7 180 183 191 192 194 203 205
5 176 195 198 202 206
6 177 186 191 192 195 204
8 176 179 180 187 188 190 199 205
8 174 177 179 192 193 197 200 204
8 175 181 182 184 188 199 202 203
17 172 175 179 181 182 183 184 186 189 194 195 196 198 199 200 201 206
4 174 188 191 198
6 175 178 181 195 202 205
9 172 174 180 181 191 193 194 202 204
6 173 186 192 196 201 202
9 173 176 181 182 185 188 196 202 203
5 175 178 181 195 198
10 176 177 181 190 191 192 193 198 202 204
3 188 191 202
7 177 182 189 190 199 203 206
13 174 175 177 183 186 188 192 196 200 203 204 205 206
6 176 178 181 193 194 203
4 178 189 200 206
4 178 188 194 201
3 176 179 202
1 200
9 176 182 188 191 193 194 196 199 203
3 173 177 182
1 182
5 183 188 189 195 200
4 179 188 195 196
6 173 178 182 187 192 206
15 175 177 181 183 186 188 189 190 192 194 198 200 203 205 206
6 175 176 180 186 190 202
5 185 188 191 193 202
2 199 205
11 172 174 175 178 179 192 194 197 199 202 204
9 172 180 183 185 191 200 202 205 206
13 175 176 178 179 180 182 186 187 189 197 198 202 204
15 172 175 177 178 180 181 182 186 187 189 197 198 202 204 205
8 176 179 184 189 194 195 201 203
10 178 180 181 182 187 192 197 199 200 206
15 172 175 176 177 178 180 181 182 186 187 197 198 202 204 205
13 177 179 180 181 182 187 188 190 193 194 199 200 204
10 175 178 179 180 181 186 187 197 199 205
7 184 186 187 190 191 198 202
13 174 176 180 185 187 189 197 198 199 201 202 203 206
14 172 173 175 178 179 181 186 189 196 198 199 200 201 205
6 172 178 184 189 195 203
8 172 177 189 194 195 196 200 201
9 176 177 179 180 188 190 193 204 205
8 172 174 190 194 198 200 205 206
7 177 179 182 192 193 196 199
2 193 195
4 172 184 191 198
5 174 175 182 184 200
3 174 177 180
4 181 186 190 204
13 172 174 178 183 187 188 190 194 195 199 200 204 206
6 185 187 195 197 199 203
9 172 173 175 188 191 194 200 201 203
7 173 181 184 189 200 201 203
1 187
5 172 179 198 205 206
20 174 178 179 180 182 184 185 186 188 191 192 194 196 197 198 199 202 204 205 206
7 178 183 184 187 194 198 205
5 174 177 179 196 199
20 172 175 176 177 178 179 180 182 183 186 187 188 189 190 193 194 198 200 203 206
3 179 195 198
1 201
8 173 174 175 186 192 196 197 201
14 172 173 181 182 184 186 194 195 196 198 199 200 201 205
7 177 181 189 190 193 202 204
8 176 183 189 190 193 195 200 203
9 175 179 180 185 188 196 199 201 202
5 174 175 188 202 204
5 177 183 192 200 205
7 176 177 184 185 189 194 195
3 192 195 202
5 174 175 182 184 200
6 174 178 181 189 190 206
12 183 185 188 191 192 193 194 196 200 201 203 206
5 173 175 196 202 206
4 177 178 184 194
4 172 177 194 200
5 173 178 192 194 199
6 173 177 180 182 186 205
10 174 177 178 181 182 186 189 190 196 197
7 177 186 189 191 192 195 197
9 177 183 186 191 194 196 198 199 204
7 181 184 187 189 201 202 203
1 200
10 176 178 180 184 187 194 195 198 203 205
5 176 186 190 202 203
22 173 177 179 184 185 186 187 188 189 190 192 193 195 196 197 199 200 201 202 204 205 206
24 174 175 176 177 179 180 181 183 184 185 186 187 188 190 194 195 196 197 199 200 203 204 205 206
13 174 180 181 183 184 186 191 192 193 194 198 199 202
20 172 174 176 179 180 181 182 183 184 185 187 189 190 193 194 195 196 198 199 200
16 175 181 185 186 187 188 189 190 192 194 195 197 198 200 204 205
16 173 175 179 180 186 187 188 192 193 194 195 197 199 200 201 203
15 174 175 177 178 182 188 190 191 193 197 199 200 201 202 206
24 172 173 174 175 176 177 179 181 182 183 184 185 186 187 190 191 192 193 195 199 200 201 203 206
16 173 175 176 178 180 182 184 187 189 194 195 197 198 199 201 205
14 172 173 174 176 177 179 185 188 189 194 196 199 201 205
17 175 178 179 180 182 186 187 189 191 192 193 195 197 198 199 201 205
14 173 174 176 179 181 184 185 186 192 193 195 198 202 204
16 176 177 178 179 180 181 183 184 185 186 188 189 190 196 202 204
16 172 173 176 178 182 184 185 189 195 197 198 200 201 203 204 206
13 173 176 177 178 179 180 184 185 188 194 201 202 206
13 176 178 181 185 186 187 191 196 197 198 199 205 206
11 172 175 176 177 186 193 194 197 198 199 203
22 172 173 174 175 176 179 181 182 186 187 189 190 191 193 194 196 197 200 201 202 204 206
20 173 175 176 177 179 180 182 184 185 186 189 190 192 193 195 196 197 201 202 203
14 175 179 181 184 187 189 194 195 198 199 200 201 203 204
17 172 175 176 178 179 180 186 187 189 190 191 193 194 197 198 202 206
23 172 174 175 177 178 180 181 185 187 188 189 191 192 193 196 197 198 200 201 202 203 204 206
18 173 174 175 176 178 182 183 186 187 192 193 194 195 196 197 200 202 206
19 173 174 176 177 178 182 184 186 188 189 192 197 199 200 202 203 204 205 206
17 172 173 174 175 177 181 183 184 188 189 191 193 194 196 199 201 202
13 177 178 179 180 183 186 187 189 190 191 194 199 202
17 172 177 178 179 180 181 184 185 186 189 190 192 195 196 198 202 204
10 174 178 180 183 184 188 190 200 203 204
20 175 176 178 179 180 181 182 183 185 186 187 192 193 196 197 200 201 202 204 206
14 172 173 175 177 178 182 191 192 195 196 197 198 199 202
18 172 176 181 184 186 188 189 190 192 194 196 197 198 201 202 204 205 206
24 172 174 175 176 179 180 182 183 185 186 188 189 191 192 193 194 195 196 197 199 202 203 204 206
16 172 175 176 177 178 186 188 189 192 195 197 198 200 201 202 205
11 172 175 176 178 180 182 183 188 191 203 205
13 177 178 179 182 184 185 189 194 198 200 201 203 206
10 176 177 178 180 185 187 194 198 199 200
20 173 174 176 177 181 184 186 187 188 189 190 193 195 197 198 199 200 201 202 204
23 172 173 174 176 177 178 183 186 187 188 190 191 192 194 196 197 198 199 200 202 203 205 206
20 172 173 177 179 180 181 182 186 187 189 190 191 193 194 196 198 200 201 202 206
15 175 176 179 180 181 186 189 190 192 193 196 200 201 202 206
21 172 175 176 178 179 183 184 185 186 191 192 193 194 195 197 199 200 201 203 205 206
18 174 175 176 178 182 183 185 186 187 190 191 192 193 196 197 198 201 203
14 173 174 175 176 185 186 188 190 193 194 197 198 202 206
20 172 173 174 175 176 177 178 181 182 183 193 195 198 199 200 201 202 204 205 206
13 172 175 176 177 178 179 182 185 190 191 197 202 204
20 172 173 174 176 177 178 179 180 181 182 183 184 188 189 191 192 196 197 201 204
13 173 177 184 186 188 189 191 193 196 197 198 205 206
11 174 179 180 183 185 188 189 194 196 199 202
19 172 173 174 178 180 181 182 185 187 188 191 193 194 195 197 199 202 203 204
14 172 174 175 176 177 180 181 183 184 185 189 195 203 206
21 172 173 175 176 178 179 182 183 184 185 186 189 190 193 197 198 200 202 203 204 205
17 172 174 176 177 178 180 181 185 187 188 191 194 195 199 200 201 204
15 172 173 176 177 186 189 190 196 198 199 201 202 204 205 206
24 173 175 176 177 179 180 182 184 189 190 191 192 193 194 195 196 197 198 199 200 202 203 204 206
14 174 176 177 179 180 184 185 187 196 197 198 199 201 202
14 172 173 176 178 179 182 184 186 189 190 191 197 202 206
20 172 173 174 178 180 182 187 188 189 192 193 194 195 197 198 199 200 202 205 206
14 172 173 180 181 187 189 191 193 195 196 197 199 201 206
18 172 173 177 179 181 182 183 185 186 190 191 195 197 200 202 203 204 206
20 175 176 177 179 181 183 185 186 187 189 192 193 194 196 198 199 200 203 204 206
21 172 174 175 176 177 179 183 184 186 187 189 190 193 195 196 201 202 203 204 205 206
24 172 173 174 175 176 177 178 179 180 183 184 185 186 187 188 189 190 191 192 196 199 201 205 206
18 172 174 175 177 180 182 183 184 186 188 190 195 196 200 201 202 205 206
20 172 173 174 178 179 180 184 185 186 187 192 193 195 196 197 201 202 203 204 205
10 173 176 181 185 186 188 189 193 203 204
20 172 173 177 178 180 181 184 185 186 190 192 193 196 198 199 200 201 203 204 205
15 182 184 186 191 192 193 194 196 198 199 200 202 203 205 206
12 173 179 180 181 184 186 188 191 193 194 198 201
17 172 174 177 178 180 185 187 188 189 192 194 195 196 202 204 205 206
15 175 176 178 181 188 189 192 196 197 198 200 202 204 205 206
18 172 174 175 178 182 185 187 189 191 193 194 195 197 199 200 201 202 206
23 172 173 175 178 179 180 181 182 183 186 187 188 189 191 192 193 194 196 198 200 202 203 204
14 172 174 177 179 180 181 182 185 187 197 198 200 202 206
17 174 176 178 180 182 183 186 188 189 190 191 195 196 199 200 201 202
15 172 174 175 177 178 179 182 184 186 188 190 191 192 194 198
19 174 176 177 179 180 183 185 186 188 189 190 192 193 194 197 200 201 202 205
11 176 178 180 182 183 188 189 191 194 202 203
12 175 178 179 182 188 191 193 199 201 202 204 206
15 173 177 181 183 185 186 188 189 193 195 196 197 198 202 204
19 172 173 174 176 179 180 184 185 187 189 190 192 194 196 199 200 201 203 205
16 174 175 176 184 186 187 190 192 194 195 198 199 200 202 203 205
11 176 178 179 181 183 188 189 191 193 196 203
13 173 174 181 182 187 188 190 192 197 200 201 204 206
10 173 178 182 183 194 196 197 202 204 206
19 172 174 175 176 178 179 182 184 185 187 188 191 192 194 198 199 200 204 206
11 174 177 178 179 188 190 195 198 200 201 206
22 172 173 175 176 178 179 181 183 186 187 188 189 191 194 195 196 197 198 200 201 202 203
18 173 176 179 180 181 184 185 186 191 193 194 195 197 198 203 204 205 206
11 175 176 183 187 188 192 193 200 202 204 206
23 172 176 177 178 180 182 184 185 186 187 188 190 191 192 194 195 196 199 200 201 203 204 206
12 173 176 178 186 188 192 193 194 196 197 198 200
23 172 173 174 175 176 178 179 180 181 182 183 184 186 189 190 192 193 195 196 201 202 203 206
23 172 174 175 178 179 180 181 184 185 186 187 189 190 192 193 196 197 198 199 201 202 203 206
18 172 174 176 177 178 183 184 186 188 189 190 193 195 197 200 203 204 206
22 172 177 178 179 182 183 185 187 188 189 190 191 192 193 195 196 197 199 200 204 205 206
17 172 173 174 177 179 180 181 183 184 186 190 191 192 197 200 201 206
11 176 180 181 184 186 188 191 196 202 204 206
15 175 176 177 180 181 186 187 190 191 194 196 197 199 200 202
17 172 175 176 179 182 184 185 186 193 195 198 199 200 202 203 204 205
17 176 178 182 183 184 186 187 192 194 197 198 199 202 203 204 205 206
21 172 173 175 177 179 180 181 183 184 185 186 189 190 191 195 196 198 200 202 205 206
14 175 177 178 181 190 191 192 194 195 200 201 203 204 206
19 172 173 175 176 178 179 180 181 182 183 189 190 192 193 195 196 197 204 206
17 172 173 177 178 180 181 182 183 185 186 192 193 196 197 202 203 205
19 172 174 176 177 179 181 182 186 187 188 190 194 195 198 201 202 204 205 206
11 172 175 176 177 185 186 187 190 192 204 206
23 172 175 176 177 178 179 181 182 183 186 187 188 190 193 194 195 196 198 199 201 202 204 206
17 173 175 177 183 184 187 188 189 190 191 192 194 195 197 201 203 204
18 173 175 176 177 178 181 182 183 187 188 189 190 196 198 202 203 204 205
19 172 175 176 178 179 180 181 183 188 189 191 192 197 198 200 201 202 205 206
15 173 174 176 177 182 183 187 188 189 195 197 198 199 201 204
17 173 175 178 179 180 181 182 187 189 190 192 193 194 195 203 204 205
17 177 180 181 183 186 187 188 189 190 192 193 195 196 197 198 199 205
19 173 174 175 178 179 180 181 182 183 184 188 191 192 194 199 200 201 205 206
12 174 177 179 180 187 193 195 196 197 202 204 206
15 173 174 175 181 183 184 187 188 190 191 194 200 202 204 206
17 172 173 174 175 180 182 183 184 185 191 193 194 195 196 199 203 204
14 172 176 178 181 182 190 192 194 196 200 202 203 204 205
15 172 176 183 184 185 186 187 189 192 195 197 199 202 203 204
13 172 173 174 179 181 186 187 189 197 198 200 202 204
24 172 173 174 175 176 178 179 181 182 185 186 187 190 192 193 194 196 198 199 201 203 204 205 206
17 174 175 176 178 179 183 185 186 187 190 191 192 193 196 200 202 204
10 179 180 187 190 191 192 193 202 204 205
21 174 175 177 178 180 181 183 184 185 189 191 192 193 194 196 197 198 202 203 204 206
22 173 174 175 177 178 179 180 181 182 183 186 187 188 190 193 195 196 197 198 199 201 202
14 174 181 182 184 185 188 190 197 198 199 202 203 205 206
22 175 176 179 180 181 182 183 185 187 188 191 192 193 195 196 198 200 201 202 203 204 205
10 172 178 181 182 184 186 188 192 201 206
11 172 173 175 179 182 185 191 198 200 201 203
17 173 174 175 179 180 181 183 184 187 191 192 193 194 196 199 202 204
19 175 176 177 178 179 181 184 185 187 188 190 191 192 193 195 196 198 199 205
18 172 174 176 177 178 182 184 187 188 189 190 192 196 197 198 200 204 206
23 173 174 177 178 179 180 181 183 184 185 188 191 192 193 194 195 198 199 201 203 204 205 206
24 172 173 174 175 177 178 179 182 184 188 190 191 192 193 194 195 196 198 199 200 202 203 204 205
18 178 179 181 182 183 185 189 190 192 193 194 196 197 198 203 204 205 206
13 172 173 175 176 177 178 179 180 181 187 192 201 202
18 173 176 178 180 182 183 184 185 187 188 190 193 194 195 198 199 203 206
21 172 175 177 178 179 180 181 183 184 185 187 188 190 191 192 194 195 196 200 204 205
16 174 176 177 179 181 183 184 190 192 193 194 195 197 200 201 205
20 173 174 175 177 179 180 181 183 186 188 189 191 194 195 196 198 201 203 204 205
14 172 174 177 180 184 189 191 192 193 195 197 199 202 205
10 175 176 178 183 185 191 196 199 204 206
15 172 173 175 177 178 182 185 195 196 198 199 201 202 204 206
20 172 174 175 178 179 182 184 185 187 188 189 190 192 194 196 198 201 202 203 206
11 173 174 175 176 181 185 189 192 193 203 204
18 175 177 179 180 181 183 184 187 189 190 192 193 196 198 200 203 204 205
11 173 177 178 180 181 186 189 193 197 202 204
10 172 173 177 179 180 187 188 190 195 204
18 172 174 175 178 181 182 185 187 189 192 193 194 197 199 201 202 204 205
12 178 181 183 186 187 189 194 195 196 198 199 204
12 172 173 174 182 188 196 197 198 200 201 203 205
18 172 175 179 180 181 184 188 190 194 195 197 199 200 202 203 204 205 206
18 174 175 176 177 178 179 180 181 185 189 191 193 194 195 199 200 204 205
21 173 175 176 178 180 183 184 185 186 187 190 191 192 193 194 196 200 201 202 204 205
13 172 173 175 178 180 184 186 187 188 193 196 199 203
16 172 174 175 179 181 183 187 189 194 195 197 199 200 203 204 205
18 172 176 179 180 181 186 187 189 190 191 192 193 194 195 201 202 203 205
15 173 174 175 176 177 178 182 190 191 192 196 198 199 205 206
11 184 188 189 192 196 197 198 200 201 204 205
17 172 173 174 175 176 177 180 181 183 185 188 191 192 194 198 199 203
20 173 174 175 176 177 179 180 182 183 185 187 189 193 194 197 198 202 203 204 206
10 172 176 179 181 182 184 192 195 200 206
21 175 178 179 180 181 182 183 185 186 188 189 191 193 196 198 199 201 202 204 205 206
22 172 174 175 176 178 179 180 181 182 184 186 187 189 190 191 192 195 196 201 202 203 206
20 172 173 174 175 176 178 181 183 184 185 190 192 196 197 198 199 200 203 205 206
13 174 175 176 177 179 184 185 188 195 197 201 203 205
19 173 174 175 176 177 180 181 182 183 184 185 187 190 193 195 196 198 201 203
14 172 173 174 176 182 185 190 191 192 194 195 196 203 205
16 175 176 181 182 184 186 187 189 191 193 194 196 197 198 201 203
21 172 175 177 179 182 183 184 186 187 188 191 192 194 195 196 197 198 200 201 204 206
15 172 174 175 180 184 185 186 189 191 193 196 198 199 200 204
23 172 173 174 175 179 181 182 183 185 186 187 190 192 193 194 196 197 198 199 201 202 203 206
11 174 177 179 182 189 191 193 196 201 202 204
22 175 177 178 180 181 182 183 184 185 188 189 190 191 193 194 198 200 201 202 203 204 206
16 173 176 179 182 183 184 186 189 190 191 192 197 199 200 203 204
24 173 175 176 177 179 180 181 183 184 185 188 189 190 191 193 194 198 200 201 202 203 204 205 206
16 173 176 178 180 183 184 186 187 189 191 195 196 197 204 205 206
20 172 173 174 177 179 180 182 183 184 185 186 187 189 190 192 196 199 202 204 205
16 174 175 176 177 180 183 185 187 191 193 198 200 201 203 205 206
20 172 173 176 178 179 180 181 185 186 190 191 195 196 197 198 199 200 201 204 206
22 173 174 175 176 178 179 182 183 185 187 190 191 192 194 196 198 199 201 202 203 205 206
22 172 173 174 177 178 181 183 184 185 186 193 194 195 196 197 198 199 200 202 204 205 206
21 172 173 177 179 180 181 182 185 187 189 190 192 193 194 195 197 201 203 204 205 206
19 173 174 175 176 180 181 182 183 184 185 188 189 191 193 198 201 202 203 204
21 172 173 174 180 181 182 183 189 190 191 192 193 194 195 196 197 198 199 200 201 203
16 172 174 177 178 179 182 184 185 192 194 196 197 198 202 205 206
16 179 181 183 185 186 188 192 193 194 197 198 200 201 202 203 206
15 172 174 176 177 179 184 185 190 192 198 199 201 202 204 205
13 177 183 187 190 194 195 198 199 200 202 203 204 205
21 172 175 177 178 180 183 186 187 188 189 190 192 194 195 196 197 202 203 204 205 206
14 172 173 176 177 178 180 181 185 187 191 193 198 201 205
22 172 173 174 176 177 181 182 184 185 186 187 188 189 190 192 196 197 198 199 201 203 204
17 173 175 177 179 180 181 188 193 195 196 197 198 200 201 202 205 206
21 174 175 176 179 181 183 184 185 186 188 190 191 193 194 196 197 198 199 202 203 206
19 172 173 174 175 176 177 180 183 184 185 190 192 199 200 201 203 204 205 206
22 173 174 175 177 178 179 180 181 182 183 186 187 188 190 192 194 195 197 200 201 203 205
15 172 173 176 177 182 186 187 190 193 194 196 199 200 201 204
20 172 173 175 177 179 180 182 183 185 188 189 191 196 198 199 200 201 202 203 206
11 173 175 178 180 184 189 195 199 200 201 202
21 172 173 175 176 178 179 180 181 183 184 185 186 190 192 194 195 197 199 202 205 206
10 180 183 184 188 189 193 199 201 202 206
12 173 179 180 183 186 188 195 196 197 198 199 202
21 172 174 177 178 179 180 182 183 184 187 188 189 190 193 195 197 199 200 201 202 205
17 172 174 175 179 181 182 183 187 188 190 193 194 197 198 200 204 205
11 176 178 183 184 189 193 194 195 196 197 199
11 173 174 175 179 183 189 194 195 198 199 204
15 173 174 175 176 179 184 185 187 190 191 195 197 200 201 206
16 176 177 178 180 183 184 187 188 191 192 199 200 201 202 204 205
13 174 175 179 186 189 192 194 195 196 198 202 204 206
11 175 179 180 185 188 192 193 194 197 201 205
22 172 173 176 178 180 182 183 184 185 186 189 190 191 193 194 196 198 199 200 201 203 204
22 172 173 174 179 180 183 184 185 187 189 190 191 193 195 196 197 199 200 202 203 204 206
18 172 174 175 177 179 180 182 183 184 187 189 190 191 192 196 198 203 206
16 173 178 179 180 181 185 186 187 189 193 196 199 200 202 205 206
23 174 175 176 178 181 182 183 185 186 188 189 192 194 195 196 197 199 200 201 202 203 205 206
20 173 174 177 181 183 185 186 187 188 191 192 193 195 197 198 199 202 204 205 206
24 172 174 175 176 177 179 180 181 182 183 186 187 189 192 193 194 196 197 200 202 203 204 205 206
15 173 174 175 179 181 183 184 188 192 194 196 198 201 203 205
20 172 173 176 178 180 182 183 186 187 189 192 193 194 195 196 199 200 201 203 206
12 172 173 175 176 181 185 186 189 190 196 203 205
12 172 173 177 183 184 185 186 189 194 199 201 206
20 173 174 175 178 181 182 183 184 185 186 187 189 190 191 195 197 198 199 200 201
24 172 173 174 175 176 179 180 183 184 189 190 192 193 194 195 196 197 198 199 200 203 204 205 206
22 172 174 175 179 180 183 184 185 186 188 189 190 192 193 195 198 199 200 201 202 204 205
19 177 178 180 181 182 184 185 187 189 190 191 192 196 197 198 199 200 201 204
21 172 174 175 179 180 181 182 184 185 186 187 188 190 193 194 195 196 198 201 203 205
13 174 179 182 183 185 186 187 188 190 191 192 193 199
22 172 173 174 175 176 179 180 181 182 184 186 187 188 189 190 192 195 198 199 200 203 206
20 172 173 175 176 178 179 184 187 188 190 192 193 195 197 198 201 202 204 205 206
22 173 176 177 180 181 182 184 185 186 187 188 189 190 191 195 196 197 198 201 203 204 206
15 174 175 177 178 181 182 183 184 186 188 189 194 196 202 203
21 175 176 177 178 179 182 183 185 188 189 190 193 194 195 196 197 200 201 202 205 206
19 174 176 181 182 183 184 185 186 189 190 191 193 194 197 199 200 201 202 204
17 177 178 179 181 183 187 188 192 195 196 197 201 202 203 204 205 206
22 173 175 179 180 181 183 184 186 188 192 194 195 196 197 198 199 200 201 203 204 205 206
19 172 173 178 179 182 183 184 187 188 193 194 195 197 198 199 200 201 202 206
17 172 173 174 177 178 179 180 182 184 185 192 193 197 198 199 204 206
19 172 173 174 175 177 178 179 181 184 186 187 190 196 197 199 201 204 205 206
13 172 175 179 182 183 185 186 191 195 200 201 203 205
23 172 173 174 175 176 177 178 179 181 182 183 185 188 189 190 191 194 196 197 198 203 204 205
17 173 174 175 178 179 181 187 188 190 192 193 195 196 198 199 202 204
16 172 177 178 181 182 183 185 188 189 190 191 194 195 196 199 201
18 173 174 177 183 184 185 187 188 189 191 195 196 198 200 201 203 204 206
10 176 179 181 182 184 185 189 202 205 206
17 172 173 175 176 177 178 183 184 185 186 190 191 192 195 198 199 200
12 173 177 182 183 186 188 192 194 198 201 202 205
12 176 177 182 183 185 187 192 193 194 197 199 202
16 172 173 180 185 186 188 189 191 196 197 198 201 202 203 204 205
15 175 179 180 185 187 189 191 194 195 196 199 201 203 205 206
15 172 175 180 182 183 188 189 190 191 194 198 202 203 205 206
13 179 182 183 184 185 187 189 190 198 200 201 202 203
11 173 181 182 184 185 190 191 195 196 204 205
18 173 178 179 182 184 188 189 190 192 193 196 198 200 201 202 203 205 206
15 173 174 176 181 182 183 184 187 191 193 201 202 203 205 206
17 173 175 176 180 182 184 185 186 190 193 198 199 201 203 204 205 206
11 172 175 181 186 187 193 194 196 197 199 203
23 173 174 175 178 180 181 182 184 185 187 188 189 190 193 194 195 196 197 198 202 204 205 206
20 176 177 178 179 180 181 183 184 185 186 187 188 190 192 193 194 196 202 203 205
