120 1333
32 1 2 3 4 5 6 7 8 9 10 11 12 13 14 15 16 17 18 19 20 21 22 23 24 25 26 27 28 29 30 31 32
15 1 3 4 5 7 9 11 13 15 19 20 22 24 26 27
13 4 5 6 7 8 11 14 19 22 23 24 26 28
14 2 8 11 12 13 15 16 18 22 25 26 27 30 31
23 1 2 4 5 6 7 8 9 10 11 12 14 15 16 17 18 19 21 22 27 29 30 32
24 1 2 4 5 7 8 9 11 12 14 15 16 17 18 19 20 22 23 24 25 26 28 29 30
25 2 3 4 5 6 7 9 11 12 13 14 15 16 19 20 21 22 23 24 25 26 29 30 31 32
16 1 5 7 8 9 13 14 15 16 18 19 25 27 29 30 31
21 2 4 5 6 7 12 13 14 18 19 21 22 23 24 26 27 28 29 30 31 32
15 1 2 3 6 12 13 15 16 17 22 23 25 29 30 32
23 1 2 3 4 6 7 8 9 10 11 14 15 16 17 18 19 20 22 23 26 29 30 31
23 4 5 7 8 9 10 11 13 15 16 17 18 20 22 23 24 25 26 27 28 29 30 32
20 1 3 4 5 6 7 8 10 11 12 13 17 18 19 20 22 25 27 30 32
22 1 2 3 7 8 9 10 11 12 14 16 18 19 21 24 26 27 28 29 30 31 32
13 4 5 13 14 15 17 18 19 24 25 27 29 32
22 2 3 4 6 8 9 10 11 12 15 16 17 18 19 21 22 23 24 26 28 30 32
12 1 4 5 8 10 16 17 19 21 23 26 29
12 2 6 7 9 10 14 17 21 22 26 28 30
20 1 2 5 7 9 10 14 15 16 17 18 19 20 21 22 26 28 29 30 31
10 2 4 7 8 14 16 17 21 30 31
14 2 10 11 13 15 16 17 19 21 22 23 29 30 31
12 8 9 11 13 15 19 21 24 25 27 30 31
12 2 3 10 13 15 18 20 22 25 27 29 32
13 3 9 12 13 14 15 16 18 19 21 25 27 32
18 2 4 8 9 15 16 17 19 21 22 23 24 25 26 27 30 31 32
48 33 34 35 36 37 38 39 40 41 42 43 44 45 46 47 48 49 50 51 52 53 54 55 56 57 58 59 60 61 62 63 64 65 66 67 68 69 70 71 72 73 74 75 76 77 78 79 80
20 33 35 38 40 41 42 44 46 48 49 50 57 58 59 63 70 72 74 77 78
37 34 35 36 37 38 40 41 42 43 45 46 48 49 50 52 53 56 58 61 62 63 64 65 66 67 68 69 70 71 72 73 74 75 77 78 79 80
34 33 36 37 38 40 42 43 44 46 47 48 50 51 52 53 55 57 58 59 60 61 62 63 64 65 68 69 71 72 74 75 77 79 80
19 36 40 42 43 45 46 51 53 59 60 61 62 66 67 69 71 72 74 77
22 33 36 37 39 42 43 45 46 48 52 54 56 57 58 60 66 72 73 76 77 79 80
18 33 34 35 38 40 41 47 53 54 55 56 57 63 64 66 70 73 79
34 33 35 36 37 38 39 41 43 44 45 46 47 48 49 50 52 55 57 58 59 61 62 63 64 67 68 69 70 72 76 77 78 79 80
26 33 34 35 38 42 44 45 46 50 53 58 59 60 61 62 64 65 66 67 68 70 71 73 74 75 79
37 33 34 35 36 37 38 39 40 41 42 44 45 49 50 52 53 54 55 56 57 58 60 61 62 63 64 66 67 69 71 72 73 74 75 77 78 79
26 33 34 39 40 41 45 49 50 54 55 56 58 59 60 63 64 65 66 69 70 71 72 76 78 79 80
34 33 34 35 36 37 38 39 41 42 43 44 45 47 50 51 53 54 55 58 59 60 63 64 65 66 69 70 71 72 73 75 76 77 79
14 35 36 38 39 45 49 50 60 65 70 71 73 74 75
37 33 34 35 36 37 38 41 43 45 46 47 48 49 50 52 53 54 55 56 57 60 61 62 64 65 66 67 68 70 71 72 73 75 76 77 78 80
28 34 35 36 40 41 45 46 47 48 49 51 52 56 58 59 60 63 65 66 67 68 69 70 71 72 75 76 80
31 37 38 39 40 41 42 43 44 46 47 48 49 50 51 53 54 56 59 62 63 64 65 66 68 69 72 73 74 76 78 80
37 33 34 35 36 37 39 40 41 42 44 45 46 47 49 50 54 55 56 57 58 59 60 61 62 63 65 68 70 71 72 73 74 75 76 77 78 79
30 33 34 35 36 37 38 41 42 43 45 46 49 51 53 54 55 58 59 61 62 63 65 69 72 74 76 77 78 79 80
24 34 36 37 39 40 43 44 46 49 50 51 55 56 57 58 60 61 64 69 71 76 78 79 80
26 34 35 37 38 39 41 43 45 46 48 49 50 51 53 54 55 57 58 61 62 63 66 67 68 76 80
27 33 34 35 36 37 39 42 43 44 46 49 51 52 56 57 60 61 65 66 67 69 70 73 75 76 78 80
32 33 34 35 38 39 41 42 43 44 45 48 49 50 51 53 56 57 59 60 61 62 65 66 67 68 69 70 71 74 76 78 79
33 33 34 35 37 39 40 41 43 44 45 46 47 48 49 50 52 53 54 55 56 57 59 61 62 66 68 69 70 73 74 76 78 80
34 34 35 37 38 39 40 42 43 46 47 48 49 50 53 54 55 57 58 59 60 62 63 65 66 67 69 70 72 73 74 76 77 79 80
21 34 35 36 42 43 44 45 46 49 50 51 54 56 58 59 60 63 65 70 72 73
31 33 35 37 38 40 41 43 44 45 46 47 48 49 52 53 54 56 57 58 60 62 64 66 67 68 70 71 72 77 78 79
35 33 35 38 40 41 42 45 47 48 49 50 53 54 55 56 57 59 61 62 63 64 65 66 67 68 69 70 71 72 73 74 75 77 78 79
17 34 37 39 40 46 47 48 51 55 56 58 63 64 65 71 73 79
15 34 43 44 47 49 50 51 52 55 56 65 69 70 76 78
21 33 38 39 43 44 47 48 49 52 53 54 55 59 62 64 70 71 74 75 79 80
30 33 34 35 37 38 40 41 42 46 50 51 52 53 55 56 58 59 60 61 62 63 65 68 69 70 71 74 75 79 80
22 33 40 41 43 45 46 47 48 50 51 53 55 56 58 61 62 63 69 73 77 78 80
16 35 36 38 46 50 51 60 65 67 68 73 75 76 78 79 80
36 33 34 35 37 38 39 40 41 42 44 45 46 47 49 50 52 53 54 55 56 57 60 61 62 63 65 67 69 70 71 72 73 74 76 77 79
27 33 34 35 39 40 42 43 44 45 49 50 51 52 53 54 55 57 58 59 60 61 62 63 71 72 74 76
14 36 37 38 46 48 49 50 55 60 63 67 71 73 75
27 35 38 40 42 43 44 47 48 49 50 52 54 56 58 59 60 65 66 67 68 69 71 72 73 74 77 78
19 33 36 37 38 40 43 46 47 50 51 52 53 56 63 69 71 74 75 77
37 33 35 36 37 42 43 44 45 46 47 48 51 52 53 54 55 57 60 61 62 63 64 65 66 67 68 69 70 72 73 74 75 76 77 78 79 80
22 33 34 37 39 40 41 44 46 47 49 50 52 54 57 58 61 62 65 66 67 75 76
20 33 35 44 45 47 48 50 51 53 56 57 58 60 65 69 70 71 72 74 75
28 34 37 38 40 42 44 45 46 49 50 51 52 53 55 57 59 60 61 62 63 64 66 69 72 74 75 77 78
22 37 38 39 41 42 45 55 56 57 58 59 61 62 63 64 65 72 74 75 76 77 79
37 35 36 38 39 40 41 42 43 44 45 47 48 49 50 51 54 55 56 57 58 59 60 63 65 66 67 69 70 71 72 74 75 76 77 78 79 80
14 33 40 41 50 52 53 55 57 59 64 69 72 78 80
20 36 39 43 50 53 54 55 57 58 60 62 64 65 70 72 74 75 76 77 79
24 33 35 36 38 39 41 43 46 51 54 56 57 61 63 65 66 67 68 69 73 75 77 79 80
31 33 34 35 36 37 39 41 43 45 46 47 51 53 54 56 60 61 62 63 65 66 67 68 70 71 74 75 77 78 79 80
16 33 34 36 41 43 49 50 51 64 68 70 71 72 76 77 80
20 33 35 44 45 46 47 49 51 53 56 57 58 59 61 65 68 70 71 77 79
23 34 35 36 39 41 43 44 46 49 53 54 56 61 63 65 67 68 70 73 74 76 77 80
22 35 36 37 44 45 50 52 54 57 58 59 60 64 65 69 70 71 74 75 77 78 79
22 33 34 35 37 41 45 47 48 50 53 57 60 62 63 65 67 68 70 73 75 78 80
22 33 35 36 42 43 45 47 52 53 55 57 58 65 66 67 69 73 74 75 77 79 80
38 33 34 36 37 38 39 41 42 45 46 47 48 49 50 51 52 53 54 55 56 57 58 60 61 62 63 64 65 66 67 69 70 71 72 73 75 76 80
16 33 34 38 39 43 49 52 58 59 61 67 68 69 70 71 76
19 34 35 37 38 40 46 47 50 51 54 55 57 63 66 67 71 75 78 79
29 33 34 35 38 43 44 45 46 47 48 49 51 53 54 56 58 60 61 63 64 65 66 67 72 73 74 75 76 80
30 35 36 40 42 43 45 46 47 48 49 50 51 52 55 56 59 60 61 62 63 64 65 68 70 72 73 74 76 78 80
34 35 36 39 40 41 42 43 44 45 46 49 50 51 52 53 54 57 58 59 61 63 64 65 66 67 68 70 72 73 74 77 78 79 80
31 33 34 35 37 39 40 42 43 46 48 49 50 51 52 54 56 57 60 62 63 67 68 70 71 72 73 74 75 76 77 79
25 33 38 40 43 44 46 48 51 52 53 56 58 59 60 64 66 67 69 71 72 73 74 75 77 78
33 33 34 35 36 37 38 39 40 41 42 43 45 47 49 50 51 53 55 56 59 60 61 62 64 65 66 67 69 71 73 74 75 77
37 34 35 36 37 38 39 41 42 43 44 46 47 50 51 52 54 55 56 57 58 59 61 62 63 64 65 66 67 68 69 70 71 72 73 77 78 80
17 33 34 39 43 45 48 54 56 57 60 65 70 71 74 75 76 77
27 33 35 36 39 40 41 43 44 45 46 48 50 51 54 57 58 59 61 62 68 71 73 74 75 76 77 78
30 33 34 37 40 41 42 43 44 45 48 49 50 51 54 55 59 61 62 65 66 67 68 69 70 71 72 73 76 77 79
18 36 40 44 47 49 50 55 60 62 66 68 70 73 74 75 76 78 80
21 33 35 37 38 40 45 50 51 52 53 54 55 57 58 62 64 65 67 71 74 75
16 34 36 38 43 45 49 50 57 58 61 62 65 68 69 70 75
19 33 36 37 39 41 42 46 51 52 55 57 62 66 69 71 72 74 78 79
15 38 40 42 46 51 55 56 59 65 70 73 74 76 78 80
15 33 36 40 42 43 44 48 51 54 56 61 62 65 75 77
28 33 37 38 39 40 42 45 48 51 52 53 54 56 57 59 61 62 65 66 67 70 72 73 74 76 77 78 80
30 34 37 38 40 41 42 43 45 47 48 49 50 51 57 60 61 63 64 66 67 68 69 70 71 73 74 75 77 78 80
18 33 34 35 42 43 44 46 48 50 51 57 58 59 61 62 64 67 77
9 81 82 86 88 91 92 93 96 98
4 89 90 94 95
7 83 87 89 92 93 96 99
8 81 82 83 86 93 95 97 99
5 90 91 94 95 100
8 87 92 94 95 96 98 99 100
6 81 82 86 88 90 93
4 85 86 96 97
5 91 92 94 98 100
5 82 84 85 88 98
12 82 84 86 87 88 90 91 93 94 95 96 97
5 82 89 94 98 100
10 83 84 87 90 91 93 94 95 98 100
2 82 97
6 84 85 92 98 99 100
6 83 84 85 89 91 97
3 84 90 94
6 83 86 87 98 99 100
11 81 85 86 87 90 91 92 93 95 97 99
6 84 92 94 95 96 97
7 81 83 84 85 86 90 96
6 89 90 93 95 96 97
7 82 87 89 90 91 94 100
4 82 98 99 100
7 81 88 89 91 95 97 100
8 81 82 83 84 85 88 91 99
14 82 83 85 87 88 90 92 93 94 95 96 98 99 100
9 84 87 89 90 92 95 97 98 100
7 81 82 83 87 89 91 96
3 83 93 98
7 81 85 87 91 92 96 99
10 81 82 83 85 86 89 93 94 97 98
11 81 82 83 85 86 88 91 93 94 96 99
14 81 82 83 84 85 86 87 88 91 92 94 98 99 100
4 81 83 86 87
5 83 85 89 99 100
7 82 85 86 87 92 96 99
5 92 94 95 96 98
4 87 95 96 98
3 93 97 99
8 83 84 85 86 89 90 93 94
8 81 82 85 88 89 90 91 93
3 81 96 99
4 83 84 88 96
10 84 87 88 90 91 92 95 96 99 100
3 81 86 97
4 82 90 91 100
8 81 87 88 91 92 95 96 97
7 84 85 87 88 89 90 96
6 81 86 89 90 93 99
5 87 88 91 98 100
6 81 84 86 89 91 97
6 87 89 90 95 97 99
7 82 83 84 85 91 95 98
6 81 82 88 89 92 99
5 84 88 90 93 100
7 83 86 89 90 93 97 98
5 83 84 85 94 100
5 87 89 93 95 98
7 82 87 88 89 92 94 95
8 83 84 85 86 88 92 94 97
6 82 86 91 92 94 97
7 86 87 92 93 96 97 98
5 82 85 89 93 97
6 84 88 90 91 99 100
7 87 88 92 94 96 97 100
5 81 83 95 98 99
5 82 89 92 94 95
3 90 94 95
6 84 85 93 95 98 99
6 82 84 88 94 95 100
13 81 83 84 85 86 90 91 93 96 97 98 99 100
7 81 83 86 88 92 96 97
8 85 86 87 89 91 92 94 96
5 81 84 88 90 93
8 81 83 85 89 92 98 99 100
1 100
4 86 88 93 97
5 89 90 93 95 96
3 83 86 99
1 82
4 85 93 95 99
6 81 82 83 84 85 91
3 91 92 94
3 85 86 90
2 92 100
3 82 85 93
4 82 92 94 95
6 83 84 86 91 96 100
3 83 86 87
3 90 91 100
6 87 92 94 95 96 98
3 81 95 99
5 87 89 92 94 95
3 94 95 97
2 82 91
9 82 85 88 90 92 94 96 99 100
5 92 93 96 97 98
4 81 83 86 97
4 83 87 98 100
4 82 85 88 91
3 89 94 100
3 89 94 100
5 87 88 89 94 95
6 85 86 87 91 92 94
5 82 83 84 88 91
4 82 87 91 100
5 86 91 92 94 97
3 82 89 92
5 85 93 95 98 99
3 82 85 92
7 85 86 87 89 91 92 94
5 84 92 94 95 96
2 96 99
3 92 93 96
5 81 83 85 86 90
5 84 92 94 95 97
3 90 91 100
3 88 90 100
2 93 99
4 82 87 91 94
4 81 88 93 96
5 81 83 88 91 99
3 98 99 100
3 84 89 91
4 88 90 91 99
4 83 89 93 96
7 82 86 88 91 92 93 96
3 86 93 97
8 84 87 90 91 92 95 96 100
4 89 92 94 95
5 81 82 83 87 96
4 81 87 95 97
3 92 96 98
3 81 84 89
5 87 88 92 96 97
9 82 84 86 87 88 90 91 94 96
6 81 88 91 92 95 96
4 81 86 89 99
6 84 87 90 91 93 98
1 99
2 83 88
3 84 94 95
2 81 87
4 82 85 93 97
2 82 90
4 89 90 93 99
6 81 82 85 86 94 97
4 87 88 91 100
2 96 98
5 84 85 87 89 90
5 88 90 91 99 100
6 81 82 88 91 93 96
3 94 95 100
2 90 91
2 98 100
5 81 83 86 93 95
1 94
2 92 100
6 81 85 88 90 91 93
8 81 84 85 86 90 93 96 99
2 86 97
4 82 91 92 97
2 93 98
6 84 87 90 91 93 100
4 82 94 98 100
7 82 85 88 94 95 99 100
2 93 99
4 82 86 94 97
1 97
3 82 88 92
5 85 86 88 92 97
2 83 84
3 88 93 100
2 83 98
5 84 85 86 92 97
3 86 90 99
4 84 89 90 97
3 92 95 96
3 89 98 100
4 81 86 88 92
2 86 88
4 85 89 92 98
3 89 95 97
5 84 94 95 98 100
3 87 96 98
3 84 85 98
5 82 87 89 91 100
4 81 83 91 99
3 83 86 87
3 87 93 95
4 82 85 88 98
4 81 84 85 90
3 84 86 97
10 81 83 85 86 90 91 93 96 99 100
4 81 88 91 97
2 95 98
4 84 90 93 100
2 90 91
4 81 84 90 93
2 83 94
2 90 100
2 86 88
7 85 86 89 91 92 94 96
2 83 87
3 94 95 96
3 87 90 99
6 81 82 83 93 95 99
4 82 86 88 90
8 83 85 87 88 90 93 94 95
6 82 88 92 93 96 98
3 81 87 91
4 82 86 91 94
3 84 95 98
2 87 91
2 81 97
2 93 99
3 91 92 97
6 82 85 88 94 96 99
4 91 92 95 97
5 83 89 93 97 98
4 82 89 90 100
2 89 100
3 82 89 94
5 81 83 84 86 90
10 82 83 88 90 93 94 95 96 99 100
5 87 94 98 99 100
3 82 86 90
3 87 91 98
9 81 82 84 87 88 91 94 98 100
4 82 87 94 100
6 84 85 86 88 92 97
6 85 86 87 92 96 99
6 81 86 88 91 96 98
1 94
3 81 84 88
6 83 84 86 89 93 94
4 82 89 98 100
4 81 84 88 93
4 81 82 85 93
3 82 87 90
7 83 87 91 93 94 95 98
3 81 98 99
5 87 91 92 95 97
3 91 94 98
8 85 86 87 88 91 92 94 98
3 92 94 95
6 84 87 90 91 96 100
5 92 95 96 98 100
5 87 92 96 97 98
3 85 94 100
3 84 90 100
11 81 82 84 85 86 87 88 92 94 98 99
3 84 93 100
7 84 89 90 92 97 98 100
4 83 86 87 100
4 82 85 88 90
3 88 90 100
2 90 93
2 85 96
1 90
5 84 92 94 95 97
5 83 84 85 91 95
3 89 90 97
3 83 90 98
3 91 92 100
4 86 89 90 99
3 90 97 98
2 88 97
6 87 90 91 95 97 99
1 94
5 82 89 90 91 94
2 89 94
3 82 98 99
3 84 88 96
7 84 87 90 92 95 96 100
3 89 90 97
6 84 88 90 92 95 96
6 81 82 89 90 91 93
4 81 85 87 99
5 83 86 88 92 96
3 89 90 97
2 83 93
8 81 83 85 86 87 91 92 99
5 86 87 98 99 100
3 87 93 96
3 89 90 93
6 83 84 85 86 89 93
3 95 96 97
1 95
4 87 88 89 94
4 83 88 92 97
6 87 90 91 92 96 100
3 81 84 93
1 97
3 81 82 99
7 84 86 90 91 92 93 100
6 87 89 93 94 98 99
11 82 83 84 86 87 93 94 95 97 99 100
11 81 82 86 88 89 91 93 95 96 97 100
13 82 83 86 87 89 91 93 94 95 96 97 98 99
10 82 85 86 88 89 94 95 97 98 100
7 81 84 85 88 92 98 99
12 82 85 86 88 89 90 91 93 94 95 99 100
10 81 82 84 85 87 89 90 91 93 99
11 81 82 83 84 88 93 94 96 97 98 99
8 81 85 87 91 93 94 95 100
11 81 82 83 84 85 87 88 89 92 97 100
6 81 83 85 87 90 99
13 81 82 84 85 86 88 89 91 92 93 94 95 99
6 83 86 87 88 89 99
13 82 85 86 87 91 93 94 95 96 97 98 99 100
9 81 82 85 86 88 91 94 99 100
8 82 84 85 86 93 97 98 99
7 81 83 84 86 88 98 100
13 81 82 83 84 85 87 88 90 91 93 96 97 98
11 81 83 84 85 89 91 92 95 96 99 100
6 87 88 90 91 92 99
7 82 86 90 91 95 96 99
10 81 84 86 87 88 91 93 94 97 99
7 85 87 90 91 92 93 99
11 84 85 86 87 89 91 93 94 95 96 98
9 84 85 88 89 90 92 95 97 98
6 81 82 93 97 99 100
9 81 84 86 87 90 93 97 98 100
10 82 84 86 88 89 92 93 96 99 100
12 82 83 84 85 86 88 90 92 94 95 99 100
7 81 86 88 93 95 96 99
10 81 83 84 87 88 90 93 94 99 100
10 81 83 84 88 90 91 92 95 97 99
10 81 82 86 87 88 90 92 95 97 98
10 82 83 84 86 89 91 92 93 95 99
9 82 84 87 89 90 92 93 96 99
8 81 83 86 88 91 93 98 100
13 82 83 84 85 87 88 89 90 92 95 97 98 100
8 84 85 87 88 90 91 92 95
11 81 83 84 85 86 88 90 93 95 98 100
13 81 82 84 88 90 91 92 94 95 96 97 98 99
8 81 84 85 92 93 94 97 98
9 82 86 87 94 95 97 98 99 100
7 84 87 88 89 96 99 100
7 82 84 85 91 92 96 100
6 91 92 93 94 98 100
13 83 84 86 87 88 89 91 92 93 95 96 98 99
6 82 86 89 96 97 99
13 81 83 84 86 87 90 92 94 95 96 98 99 100
11 81 83 85 87 88 89 91 93 94 96 99
9 81 82 83 88 90 93 94 96 99
11 81 83 84 88 90 92 95 96 98 99 100
11 88 89 90 91 92 93 94 95 96 99 100
13 83 84 85 87 88 90 92 93 95 96 97 98 100
9 81 82 84 86 89 91 92 93 95
12 81 82 85 86 88 90 91 92 96 97 98 99
13 81 84 85 88 91 92 93 94 96 97 98 99 100
6 81 83 87 90 91 94
9 81 82 83 85 86 89 90 92 97
7 81 82 86 92 96 97 100
8 81 83 86 87 93 94 99 100
8 81 83 84 87 89 90 96 97
8 81 83 87 90 91 97 98 100
8 82 84 88 89 90 92 96 99
6 84 85 88 91 97 98
8 84 89 90 91 92 93 98 100
6 82 83 86 88 96 99
7 84 87 88 89 93 95 98
7 86 87 89 91 92 95 99
13 81 82 83 84 86 87 88 89 90 93 94 95 100
13 81 82 85 86 88 89 91 92 93 95 97 98 99
8 82 87 90 91 92 94 95 98
13 81 85 86 88 89 92 93 94 96 97 98 99 100
10 81 82 84 85 86 87 88 89 90 100
6 81 93 94 96 99 100
8 82 88 92 93 94 96 98 99
6 81 86 94 95 99 100
13 81 82 84 85 88 89 90 91 92 96 98 99 100
11 81 82 84 86 88 90 91 93 94 96 98
11 81 82 85 88 89 90 91 94 96 97 98
7 84 87 90 91 93 94 96
7 81 88 92 96 97 99 100
11 81 82 88 89 91 92 93 95 97 98 100
7 84 85 86 88 90 97 100
8 81 82 84 85 89 90 95 96
9 81 82 86 88 92 94 95 97 98
12 81 82 84 85 87 89 90 91 94 96 98 100
7 83 90 92 93 95 97 100
7 81 82 83 88 89 96 100
8 82 85 86 89 94 95 97 98
9 81 83 84 87 89 90 92 93 99
9 83 85 87 88 89 90 93 97 99
11 81 85 87 88 89 90 92 93 97 98 100
9 82 84 86 89 92 94 97 98 100
6 84 86 92 95 98 100
13 81 83 84 87 88 90 92 94 95 96 97 98 100
11 81 83 84 85 86 87 90 91 96 98 100
9 83 84 85 86 93 95 96 98 100
10 85 88 89 92 93 94 95 96 97 98
11 81 83 85 86 87 90 91 93 94 95 99
7 82 84 85 86 92 95 99
11 81 82 85 87 89 90 91 92 94 95 98
7 82 86 88 89 94 95 100
6 85 88 91 94 98 100
8 81 82 87 89 94 95 96 97
6 82 86 89 91 92 96
7 82 86 87 89 95 97 98
7 82 85 87 88 89 93 94
10 81 83 86 88 89 90 92 93 95 98
6 84 85 90 93 95 99
12 82 84 85 86 87 88 89 90 93 94 95 98
9 82 85 88 89 90 92 93 94 98
6 81 85 88 92 93 97
12 81 85 86 87 88 92 93 94 95 96 97 100
7 83 88 90 92 93 96 99
6 83 87 90 92 97 98
12 83 85 89 90 91 93 94 95 96 97 99 100
13 81 83 84 85 86 88 90 92 94 96 97 99 100
12 82 84 85 86 87 90 91 94 95 97 99 100
9 81 83 88 89 91 95 96 98 100
9 81 83 84 85 86 87 93 96 98
10 81 82 86 87 89 90 92 96 97 98
6 87 89 90 91 93 96
10 82 85 90 91 92 93 94 95 96 99
7 84 86 88 89 90 94 99
9 84 85 86 89 93 94 97 99 100
10 85 86 87 91 94 95 96 97 98 100
9 83 84 88 89 92 94 95 96 99
9 83 86 88 89 90 92 93 97 98
7 82 88 89 90 96 97 100
12 81 82 83 84 86 87 90 92 93 95 96 98
7 82 85 92 96 98 99 100
12 81 85 86 88 92 93 94 95 96 97 99 100
9 82 83 85 86 89 92 94 98 100
12 81 82 83 86 87 88 90 92 95 98 99 100
13 81 82 83 84 85 86 90 93 94 96 97 98 100
13 82 83 85 88 90 91 92 93 94 95 96 98 99
9 83 85 86 90 91 94 96 97 99
9 81 84 88 89 92 94 96 97 99
12 82 83 87 88 89 91 92 93 94 96 97 100
9 84 85 87 89 90 93 95 96 97
6 82 87 90 91 95 100
10 81 83 84 88 90 91 94 96 97 99
12 81 82 83 85 88 89 90 95 96 98 99 100
13 81 83 84 85 87 88 91 92 95 96 97 98 100
6 81 85 87 93 98 99
8 82 83 87 91 92 95 99 100
6 83 86 87 93 96 97
10 82 85 86 87 89 96 97 98 99 100
10 82 83 86 87 90 93 94 95 98 99
11 81 82 83 86 87 90 93 95 97 98 99
6 84 91 92 97 99 100
13 83 84 85 86 87 88 90 91 92 94 96 98 99
6 81 85 92 95 97 100
9 81 83 86 88 89 91 92 93 94
6 81 82 84 93 95 100
10 81 82 84 85 88 92 93 96 97 99
12 81 82 84 85 86 87 88 91 92 94 95 96
9 81 82 83 85 86 90 92 96 97
10 82 83 86 87 88 89 92 93 94 98
7 83 88 89 90 94 95 96
7 82 88 89 90 91 93 97
12 81 82 83 84 88 89 91 93 95 96 97 100
7 81 86 89 92 95 96 97
10 81 82 84 86 89 90 92 93 95 99
12 81 82 84 86 88 89 90 92 94 95 97 98
11 81 83 86 88 89 91 92 93 95 97 99
10 83 87 88 89 90 91 93 95 96 99
12 81 82 83 88 89 91 92 93 94 95 97 100
13 84 87 88 89 90 92 93 94 95 96 98 99 100
12 81 83 87 89 91 92 94 95 96 98 99 100
11 81 83 84 86 88 90 92 93 94 95 98
6 82 90 92 95 96 100
6 84 85 87 92 94 95
10 82 84 85 86 87 88 90 94 96 100
6 81 85 87 94 96 100
13 81 84 86 87 88 89 90 91 93 94 95 97 98
13 81 87 88 89 90 92 93 94 96 97 98 99 100
7 81 83 84 85 87 96 98
10 81 82 87 88 92 93 96 97 99 100
12 82 84 85 88 89 90 91 92 94 96 97 98
11 81 86 89 91 93 94 95 97 98 99 100
9 81 85 86 87 88 92 93 97 99
6 81 86 87 90 96 99
12 81 83 84 87 88 89 90 91 92 93 94 95
8 83 84 90 92 93 94 95 98
9 81 88 89 91 92 95 97 99 100
13 81 82 83 84 85 87 88 89 91 92 97 98 99
7 82 85 86 91 97 99 100
9 82 83 84 87 89 96 97 99 100
7 81 87 89 93 95 98 99
6 81 83 92 95 98 100
9 82 83 85 87 88 90 91 92 99
11 81 83 84 85 86 88 89 91 92 97 98
12 85 86 87 88 89 90 91 93 94 96 97 100
12 81 82 84 85 86 87 88 89 93 96 98 99
6 85 90 92 94 96 98
9 81 85 86 90 91 93 94 98 99
6 82 84 85 87 94 98
12 81 83 84 85 89 90 92 93 95 96 98 99
13 82 83 84 87 89 90 91 93 95 96 97 99 100
6 82 83 89 93 97 98
12 87 88 89 90 91 92 93 94 95 97 98 99
10 83 85 86 87 90 94 96 97 98 99
7 86 89 92 94 98 99 100
7 87 90 91 94 95 96 97
11 81 82 84 85 91 93 94 95 96 97 100
10 81 82 83 85 87 89 94 95 96 97
8 81 82 90 91 92 95 97 98
6 81 84 86 90 91 97
13 81 82 83 84 85 86 88 91 92 95 96 98 99
11 81 82 83 84 86 89 90 91 94 96 99
10 84 88 91 92 93 94 96 98 99 100
6 81 83 85 86 93 100
11 81 82 85 86 88 90 94 96 97 98 99
10 83 85 87 88 89 91 92 96 97 98
10 81 84 85 86 88 89 92 93 97 100
11 81 83 85 88 91 92 93 96 97 98 99
13 82 84 85 86 89 90 91 93 94 95 96 97 99
11 82 84 86 87 88 90 91 95 97 99 100
6 87 89 91 95 96 97
13 84 85 87 88 89 90 91 93 94 95 98 99 100
9 83 84 85 87 91 92 95 96 99
4 101 105 106 109
8 101 104 105 106 111 115 116 118
2 105 116
5 106 108 109 116 119
11 101 102 105 106 107 109 113 114 115 117 118
11 102 103 105 107 108 109 112 113 114 119 120
6 101 106 107 108 112 113
12 104 105 107 109 111 112 113 115 116 117 119 120
7 101 102 104 109 111 112 117
11 101 102 107 108 109 113 115 117 118 119 120
9 103 104 105 106 110 111 112 114 116
3 108 117 118
12 103 104 105 106 109 111 112 113 115 116 119 120
9 104 105 107 112 113 115 116 117 120
5 109 110 112 114 115
8 102 103 104 105 107 108 113 119
5 105 106 107 108 119
6 106 108 109 111 118 119
6 106 107 108 109 110 114
7 101 106 111 116 117 118 120
10 102 103 104 108 109 110 112 113 114 118
5 106 109 111 113 118
4 114 116 118 120
5 102 105 116 117 119
11 102 103 106 109 110 112 113 116 117 118 119
4 101 104 106 117
3 103 109 120
11 101 102 103 106 108 109 110 111 114 118 119
9 101 104 105 107 108 111 114 115 120
9 101 103 104 105 111 112 115 119 120
10 102 103 105 107 108 112 114 115 117 120
5 105 110 112 117 120
5 102 105 107 108 116
6 103 107 109 114 117 120
15 101 103 104 106 109 110 111 112 113 114 115 117 118 119 120
6 102 104 105 114 115 120
8 101 102 103 106 108 110 114 118
13 102 103 104 107 108 109 111 112 113 114 117 118 120
5 108 111 112 114 117
7 101 105 106 110 115 116 119
9 103 104 108 110 111 112 116 119 120
5 103 108 110 112 113
6 110 111 113 115 116 119
5 103 112 113 114 119
9 102 104 106 110 113 115 116 117 120
6 106 107 110 112 118 120
3 101 112 117
11 101 103 105 107 108 109 111 112 114 118 119
12 101 104 105 109 110 112 113 114 116 118 119 120
7 102 105 111 115 116 119 120
8 102 103 106 107 108 111 115 117
5 102 113 116 117 118
10 101 105 106 107 111 115 116 117 119 120
4 102 108 112 118
5 107 111 113 114 115
6 102 108 110 112 113 119
5 101 104 110 116 119
6 103 105 107 109 114 120
5 103 107 110 113 116
4 103 110 113 115
7 103 104 109 110 115 116 119
12 101 102 103 104 108 109 111 113 114 115 117 119
5 101 102 107 110 114
9 101 104 106 110 111 115 116 117 118
6 104 110 111 114 115 118
8 101 104 106 107 109 114 117 118
8 101 102 105 106 107 113 118 120
5 101 102 103 104 118
11 102 104 107 108 110 111 115 116 117 118 120
2 104 106
3 110 112 120
11 101 103 104 106 109 112 114 115 118 119 120
6 104 111 115 116 117 118
4 101 105 110 119
4 111 116 117 118
7 109 111 112 113 114 118 120
11 101 104 109 111 112 113 114 115 117 118 120
3 108 112 114
3 108 112 113
4 111 113 115 116
3 103 113 114
2 111 113
4 101 103 104 118
3 101 104 106
6 102 108 109 110 112 118
1 109
7 102 109 110 112 116 118 119
7 101 105 111 115 116 117 119
7 104 105 112 113 115 116 117
3 108 111 112
4 101 107 112 113
3 102 103 118
5 102 103 105 107 113
3 101 104 117
3 102 105 116
4 103 106 108 110
9 104 105 109 111 113 115 116 119 120
8 101 105 111 115 116 117 119 120
7 102 103 106 108 109 114 118
4 104 107 108 113
6 101 102 103 106 108 111
6 101 104 106 109 114 118
2 108 118
3 107 113 115
2 105 109
2 108 112
5 102 105 116 119 120
3 103 104 119
4 109 112 114 115
2 106 111
4 101 106 107 113
4 102 103 107 113
9 102 103 105 108 109 112 114 119 120
9 102 103 105 107 109 112 113 119 120
2 110 119
2 110 114
3 102 105 116
5 102 106 107 109 114
4 106 107 109 114
7 102 106 110 113 116 117 120
9 104 107 109 112 113 115 116 117 119
2 113 118
5 106 108 109 110 114
5 101 104 111 117 118
5 102 107 111 115 118
10 104 107 109 111 112 115 116 117 119 120
2 114 120
4 108 112 114 117
7 101 102 107 109 113 117 119
3 102 107 108
3 105 110 112
3 112 113 119
3 106 107 119
9 102 103 105 107 109 112 114 119 120
5 105 111 116 119 120
4 109 112 114 115
2 108 117
1 112
4 107 108 109 114
6 102 103 108 111 115 117
2 104 106
6 103 104 111 112 119 120
7 101 103 104 111 112 119 120
7 104 107 112 113 115 117 120
3 104 109 111
5 102 106 107 111 117
1 117
6 101 102 106 113 118 120
3 102 116 117
2 112 114
6 101 105 106 111 116 118
11 102 103 104 107 109 111 112 114 117 118 120
3 101 104 117
5 106 108 110 114 118
5 103 108 109 112 114
6 104 111 112 113 115 119
2 104 117
2 112 117
5 101 102 107 113 118
4 103 108 112 113
4 103 108 110 112
9 103 105 107 108 109 112 114 119 120
4 109 110 114 115
9 101 103 108 109 111 114 115 117 119
4 109 114 117 118
6 103 107 112 114 117 120
3 106 109 116
4 102 103 104 118
6 102 103 107 108 113 119
3 102 108 112
2 117 118
6 102 106 109 117 118 119
6 105 109 111 112 116 120
1 109
3 104 110 118
6 103 108 112 114 117 120
3 101 107 114
2 106 108
2 104 117
2 106 108
3 105 116 119
5 106 108 109 110 114
3 102 113 117
5 101 102 109 111 117
3 103 112 119
3 103 107 110
4 107 110 113 116
7 101 106 109 113 114 115 118
3 104 110 119
3 103 110 113
2 105 106
9 102 103 107 108 112 113 114 119 120
10 101 102 104 109 111 113 114 115 117 119
4 103 105 107 114
2 101 110
1 116
3 103 112 113
2 114 115
6 103 104 105 106 111 116
3 102 110 114
3 101 104 110
7 102 104 108 110 111 118 120
4 101 115 116 118
2 105 109
5 107 110 111 115 116
4 109 110 116 119
3 101 103 118
2 117 118
3 103 113 115
2 103 109
4 101 111 117 120
3 102 105 114
4 103 108 110 112
8 102 103 108 109 110 113 114 118
3 113 116 119
3 108 114 117
8 102 104 107 108 111 115 117 120
3 110 112 120
3 116 117 119
1 101
8 101 104 105 109 110 118 119 120
4 104 105 113 119
5 106 109 110 112 113
7 103 108 110 112 116 119 120
3 108 111 117
7 105 107 111 112 113 116 120
2 101 104
4 105 107 114 120
4 102 104 110 113
2 103 110
5 102 105 111 116 119
2 101 110
3 113 116 117
3 101 102 103
2 104 106
9 101 102 103 106 108 109 110 111 119
6 102 108 109 115 117 118
8 101 105 109 113 114 115 117 118
3 101 103 118
2 112 114
6 105 112 113 116 117 120
5 103 106 110 111 116
3 102 108 112
2 108 117
8 102 105 108 109 112 114 119 120
2 103 115
5 101 103 104 111 112
7 101 104 106 110 115 116 117
7 103 104 105 107 108 113 119
1 105
5 102 108 110 112 119
4 106 107 108 109
8 101 106 109 110 111 114 118 119
4 110 111 115 119
4 111 113 115 116
5 101 106 108 114 118
3 101 104 117
7 104 107 112 113 115 117 120
5 101 106 107 113 118
2 103 113
2 102 112
2 109 115
3 116 118 120
3 105 114 120
3 109 114 120
2 107 110
5 101 105 111 115 116
2 116 120
4 106 109 116 119
4 106 109 111 118
6 101 106 111 116 117 118
7 103 108 109 110 112 114 118
2 102 119
2 106 107
5 102 108 115 116 118
4 103 107 110 116
6 104 109 110 112 113 118
7 102 104 113 115 116 117 120
3 108 114 117
9 102 104 107 108 111 113 114 117 118
2 103 109
3 114 118 120
7 103 105 106 109 111 116 120
5 102 105 111 115 116
8 101 104 105 109 113 114 118 119
5 103 104 105 110 112
8 102 107 108 109 113 115 117 118
1 117
4 109 110 112 114
8 104 108 109 110 112 113 114 118
3 112 114 115
10 101 104 109 110 112 113 114 116 118 119
4 101 102 104 118
2 108 118
7 102 103 104 109 110 112 118
3 108 114 117
7 102 103 104 105 107 113 119
3 108 111 117
3 113 116 117
7 103 105 108 114 115 117 120
3 105 116 119
5 103 107 109 114 120
2 108 116
9 101 102 106 107 109 113 115 117 118
5 103 108 111 112 120
3 110 112 113
4 110 113 116 119
6 106 110 111 115 117 118
7 105 106 110 111 112 114 116
8 105 106 109 112 115 116 119 120
4 105 110 115 116
3 105 116 119
5 102 105 114 115 117
4 104 105 114 120
3 107 109 114
4 101 116 117 118
4 102 113 116 117
6 105 106 107 117 119 120
5 106 109 114 118 119
7 103 104 105 111 112 115 119
4 109 110 112 115
3 110 116 119
4 108 111 118 119
9 104 107 108 109 111 112 113 114 117
6 106 110 113 115 117 120
3 105 110 112
4 105 106 110 119
4 101 104 109 117
6 102 104 106 113 117 120
3 106 111 113
3 101 111 112
3 102 112 118
7 102 103 108 109 110 113 118
5 103 106 108 110 114
8 101 105 109 110 112 113 114 118
6 101 104 106 115 116 118
4 105 110 117 120
3 102 103 118
7 101 102 109 113 115 117 119
4 101 102 107 114
6 102 103 105 112 115 120
2 109 116
5 102 106 108 111 115
6 101 105 106 111 115 118
2 108 118
5 103 105 111 112 114
2 103 113
5 107 108 111 116 118
4 103 105 107 109
4 101 111 117 118
7 104 105 107 109 115 117 119
8 102 103 105 107 108 112 115 120
3 101 110 119
4 106 107 108 110
2 105 117
4 102 113 117 118
5 106 108 109 110 114
3 101 107 108
3 108 112 114
6 103 105 106 111 116 120
2 116 118
5 101 103 105 112 120
3 105 106 109
5 102 104 105 115 120
3 103 110 113
3 113 114 119
2 101 112
2 108 112
3 106 110 114
4 107 109 110 114
3 104 106 117
7 104 112 113 114 116 118 119
5 103 104 110 116 119
5 103 104 112 113 114
2 103 120
3 105 110 117
3 113 116 118
4 102 107 110 114
3 103 110 113
3 107 112 118
6 105 106 111 115 116 119
6 106 109 110 112 116 118
3 102 107 114
2 106 107
3 106 109 116
7 106 107 115 116 117 119 120
2 106 113
6 102 103 106 112 117 119
3 106 111 118
6 107 108 116 117 118 120
12 101 103 106 108 109 110 111 114 115 116 117 118
12 101 103 105 106 108 111 112 113 114 116 118 120
6 103 108 111 112 116 120
8 103 106 108 111 114 117 119 120
10 103 105 107 108 110 111 113 118 119 120
8 101 104 105 106 111 113 115 120
13 101 102 103 104 105 106 107 108 112 113 116 117 119
12 101 106 107 109 110 111 113 114 115 117 118 120
8 102 103 106 107 108 109 113 117
8 101 102 108 110 112 115 116 118
12 102 103 105 107 108 109 112 113 115 116 117 118
8 101 104 108 109 110 112 115 120
8 101 103 104 108 109 117 119 120
11 101 103 104 105 106 107 109 111 112 113 119
10 102 104 105 109 110 111 112 116 119 120
11 102 103 104 106 107 108 109 117 118 119 120
8 103 107 110 111 113 116 118 119
7 105 109 111 112 113 116 118
8 104 108 109 110 112 113 117 119
11 103 104 107 108 110 113 114 116 118 119 120
7 102 105 106 112 113 116 119
8 103 107 109 112 114 118 119 120
9 107 108 109 110 111 112 114 117 119
6 104 105 108 109 112 119
9 103 105 106 107 108 111 113 115 117
12 103 104 106 107 108 109 111 112 116 117 119 120
7 105 106 108 112 113 114 120
8 102 106 107 109 110 114 119 120
8 103 104 105 109 112 114 116 119
8 107 108 109 112 113 115 118 120
11 101 102 104 105 106 109 111 114 116 117 119
12 102 103 105 110 111 113 114 115 116 117 119 120
12 102 103 104 108 109 110 111 113 116 117 119 120
11 102 103 105 107 109 111 112 115 117 118 119
13 101 102 104 105 107 108 110 112 113 114 115 119 120
9 101 102 106 107 113 114 118 119 120
7 103 106 108 111 114 115 116
9 102 103 108 109 114 115 116 117 119
11 101 103 105 107 108 112 114 115 116 118 120
11 101 104 105 107 109 112 113 115 117 119 120
13 101 102 103 105 106 108 109 111 113 114 116 117 119
11 101 102 105 106 111 113 114 117 118 119 120
13 103 104 105 106 107 108 110 111 112 115 116 117 120
13 101 102 104 105 106 107 108 109 111 113 114 119 120
6 106 107 110 114 115 120
10 103 104 105 107 109 110 111 113 114 118
11 102 103 104 107 109 110 112 114 115 116 119
10 102 104 105 107 108 110 115 116 117 120
9 104 105 107 108 110 111 112 114 115
6 103 105 108 113 115 116
9 102 108 109 110 113 115 116 119 120
13 102 104 105 106 107 108 109 111 112 113 116 118 119
13 106 107 108 109 110 112 113 114 115 116 117 119 120
9 101 103 104 106 107 109 110 116 120
13 101 102 104 105 106 108 109 111 112 113 115 117 118
11 101 102 103 106 107 110 113 115 117 119 120
8 103 105 110 111 116 117 119 120
12 101 103 104 106 109 111 112 113 114 115 118 120
6 103 105 108 110 116 117
12 101 102 103 104 105 107 109 115 116 118 119 120
12 102 105 106 107 109 110 113 114 115 118 119 120
9 103 104 106 107 109 110 112 119 120
9 102 104 105 106 108 110 111 118 119
8 101 102 104 105 106 109 115 118
11 101 103 105 106 107 108 109 110 111 115 117
6 101 102 103 105 109 113
6 101 105 106 115 116 119
7 103 105 106 107 110 112 119
6 101 105 108 109 117 118
12 103 105 106 107 108 109 112 116 117 118 119 120
8 105 106 111 113 114 117 119 120
8 101 105 107 108 111 112 113 117
9 101 102 103 107 109 111 114 118 119
13 101 107 108 109 110 111 112 113 114 115 117 118 119
9 101 103 104 105 106 108 111 117 119
8 105 107 110 113 116 117 119 120
12 101 102 104 105 107 108 112 114 115 117 119 120
12 101 102 103 106 107 109 110 111 112 114 116 117
12 101 102 105 106 107 108 113 114 115 117 119 120
6 104 105 107 112 114 118
13 101 102 103 108 109 110 111 112 114 115 117 118 119
13 101 102 104 105 106 107 108 112 113 114 117 119 120
10 101 108 109 110 111 113 115 117 118 119
12 101 102 104 106 107 108 111 113 114 115 116 119
13 102 103 106 107 108 111 112 114 115 116 117 118 120
13 101 104 105 106 107 109 110 112 114 115 118 119 120
8 103 104 106 107 110 114 115 119
10 101 104 105 106 108 114 115 116 119 120
7 102 104 106 107 109 115 118
9 101 104 106 109 111 112 113 116 119
13 101 103 106 107 108 110 113 114 115 116 117 118 119
12 101 104 106 110 111 113 114 115 116 117 118 120
8 102 103 107 109 111 114 115 120
6 102 104 107 112 115 118
12 103 104 105 108 109 114 115 116 117 118 119 120
7 102 104 105 112 115 118 119
11 101 102 103 106 107 111 116 117 118 119 120
12 101 102 104 105 106 109 110 111 114 118 119 120
11 101 103 104 106 110 113 114 116 117 118 120
9 101 102 106 107 108 112 115 117 118
9 101 103 104 108 109 111 117 119 120
12 101 102 104 105 106 107 108 111 112 114 116 118
6 101 106 113 116 117 119
12 102 103 104 107 109 110 113 114 117 118 119 120
9 106 107 110 113 114 115 116 119 120
7 101 102 108 110 111 112 118
13 102 103 104 106 107 109 111 112 114 115 116 117 118
13 101 104 106 107 109 110 111 113 114 115 116 119 120
8 101 103 104 108 109 111 118 119
6 104 105 110 112 117 119
9 101 102 103 105 107 108 112 116 120
7 102 109 110 112 116 117 119
9 102 104 105 107 108 111 112 116 117
10 104 105 106 108 110 112 113 115 116 118
12 103 104 105 106 108 110 111 112 114 115 116 119
8 101 104 110 112 114 116 118 119
13 102 103 105 107 108 110 111 113 114 115 116 118 119
9 106 107 109 111 112 115 116 118 119
13 103 104 105 107 108 109 110 111 116 117 118 119 120
8 106 109 110 111 112 114 118 119
10 102 103 104 107 108 109 110 111 113 118
10 102 104 106 107 108 111 113 117 118 120
11 101 102 104 105 106 107 108 109 110 112 113
12 102 103 106 107 108 113 114 115 116 117 118 120
8 102 103 106 108 111 116 118 119
9 101 102 108 110 114 115 117 118 119
12 102 104 105 107 108 109 112 113 115 118 119 120
13 102 103 104 105 106 108 109 110 112 113 117 119 120
13 101 102 103 104 106 108 111 112 113 114 115 117 120
8 101 103 110 116 117 118 119 120
13 101 102 104 106 109 110 111 112 113 114 115 117 119
10 102 103 104 105 108 110 111 112 119 120
6 106 107 108 111 118 120
9 101 104 105 110 112 113 115 116 119
12 101 104 106 109 111 112 113 114 115 116 117 119
8 101 103 105 107 108 113 114 118
9 101 102 104 105 106 107 109 117 119
10 103 105 108 113 114 115 117 118 119 120
6 101 104 110 111 115 117
8 106 107 108 111 115 117 119 120
6 101 102 107 114 115 118
8 102 106 108 109 110 115 118 119
10 101 102 103 107 108 109 112 113 116 118
6 102 106 112 115 116 120
12 101 103 108 110 112 113 114 115 116 117 118 120
6 103 105 111 116 117 120
6 104 109 111 112 118 120
9 106 107 109 111 112 113 117 118 119
8 101 103 109 111 114 116 117 119
12 101 102 106 107 109 113 114 115 117 118 119 120
13 101 102 103 104 106 107 108 111 113 115 116 117 119
12 102 103 106 108 109 110 112 113 114 116 117 119
7 102 106 109 111 112 114 120
12 106 107 109 110 111 112 113 114 115 117 118 119
6 104 107 110 112 116 120
8 102 104 105 107 111 112 113 114
8 105 106 108 110 115 116 117 119
11 101 104 105 109 110 112 113 114 116 118 120
13 102 105 106 107 108 109 111 113 114 116 118 119 120
7 101 105 109 111 114 117 120
13 102 103 104 105 109 111 112 113 115 117 118 119 120
11 101 103 104 105 110 113 115 116 117 119 120
7 101 104 109 112 113 116 119
7 106 107 110 111 112 113 119
12 102 104 105 106 109 110 112 113 114 116 119 120
6 101 102 108 113 114 116
7 101 102 103 105 112 115 120
8 101 104 109 112 113 116 119 120
9 101 105 106 108 111 112 114 115 119
8 103 104 110 111 112 114 116 120
13 101 102 105 106 107 108 110 112 114 116 117 118 119
11 101 102 105 106 107 110 111 112 116 119 120
7 102 104 105 106 108 110 116
11 105 106 107 109 110 111 113 115 117 119 120
12 103 104 105 109 110 111 112 113 115 116 119 120
6 102 104 105 108 109 115
9 103 104 105 108 109 115 117 118 120
12 101 102 103 104 108 109 110 111 112 113 116 119
9 102 104 105 108 112 113 114 116 119
10 101 103 104 105 106 108 109 111 113 120
12 102 103 105 106 109 111 112 113 115 116 118 119
7 102 106 108 109 114 117 120
12 101 102 103 104 105 106 112 114 115 116 119 120
11 101 104 106 107 108 110 111 112 113 117 118
12 101 102 103 106 108 109 110 112 113 114 117 118
8 102 105 107 108 111 113 116 118
11 103 104 106 110 111 112 113 115 117 118 119
6 104 106 107 110 116 119
12 101 103 104 106 107 109 111 112 114 115 118 120
9 102 103 106 108 111 112 113 116 119
12 103 105 109 111 112 113 115 116 117 118 119 120
6 106 111 114 117 118 119
6 105 106 110 116 119 120
7 104 108 110 112 114 119 120
10 103 104 106 109 110 111 114 115 119 120
12 101 102 103 104 107 108 109 110 115 116 117 118
10 102 105 107 110 111 112 113 116 117 118
12 101 102 103 104 105 107 108 109 113 114 119 120
12 101 102 105 106 108 109 111 112 114 117 118 119
8 101 105 106 108 110 113 115 116
8 101 103 105 106 107 110 111 117
8 104 105 109 112 114 117 118 120
6 103 104 106 107 109 120
11 101 102 103 105 106 108 109 113 114 117 119
10 101 104 105 106 108 112 113 114 115 118
7 104 107 108 110 115 116 118
8 103 105 108 109 111 113 114 115
9 101 105 106 109 110 113 115 117 119
6 102 104 110 113 115 117
7 101 102 104 105 106 107 114
8 103 104 105 111 113 114 118 120
6 105 106 107 110 113 118
11 101 102 103 107 108 110 111 113 114 115 118
6 101 104 110 112 117 120
8 101 104 105 107 113 115 117 120
11 101 102 103 104 107 108 109 110 114 115 118
6 103 105 110 113 117 120
10 102 104 105 107 109 110 114 117 119 120
13 101 102 104 105 107 109 110 111 113 116 118 119 120
12 101 102 105 106 108 109 110 113 116 117 118 119
13 101 102 103 106 108 109 111 112 113 114 116 117 120
11 105 106 107 108 110 111 113 115 116 118 120
9 104 106 107 109 112 113 114 117 118
9 101 102 103 104 106 107 108 113 119
9 101 103 104 105 106 109 111 115 116
10 103 104 106 108 110 112 114 115 119 120
10 105 106 107 108 109 110 114 115 119 120
8 102 105 106 107 108 110 119 120
9 101 103 107 110 111 112 116 117 118
11 101 102 103 104 107 108 113 114 115 119 120
11 101 102 103 104 105 106 110 112 115 119 120
8 104 107 109 113 115 116 118 119
13 103 104 105 107 108 110 111 114 116 117 118 119 120
8 104 105 109 113 114 115 117 120
12 101 103 107 108 110 111 113 114 115 118 119 120
9 102 108 109 111 114 115 116 117 118
8 101 102 103 106 110 112 114 116
10 101 107 108 109 110 112 113 117 119 120
6 101 103 108 113 116 117
11 103 104 107 108 110 114 115 116 117 118 120
9 101 110 111 112 115 116 118 119 120
8 103 104 107 109 110 112 114 120
9 101 104 106 107 109 110 111 112 119
8 102 105 107 108 109 113 115 120
7 103 106 112 114 115 116 120
8 103 104 105 108 112 114 118 120
10 101 102 104 110 112 113 116 118 119 120
13 101 103 106 107 108 109 110 111 112 113 117 118 119
9 101 106 108 109 111 113 114 116 120
13 102 104 105 106 107 110 112 113 114 115 118 119 120
9 101 102 105 108 110 111 116 117 120
12 102 103 104 106 107 110 111 115 116 117 118 119
7 107 108 111 116 117 118 120
11 103 105 106 107 108 109 110 114 115 117 119
9 101 102 105 111 112 114 115 116 117
6 101 103 105 111 113 120
9 101 102 105 106 107 108 110 115 119
11 102 106 107 108 109 110 111 114 115 117 119
12 101 102 103 104 106 107 109 114 115 117 118 120
11 101 102 105 107 108 111 112 113 117 118 120
10 103 104 107 110 112 114 116 117 118 120
10 103 106 107 108 109 111 113 116 119 120
9 103 107 108 111 112 114 115 117 120
6 101 102 105 109 112 116
12 101 102 105 106 109 111 113 114 115 116 118 120
8 102 107 108 114 115 116 117 119
7 105 108 110 111 113 115 116
7 104 105 108 112 117 118 119
6 101 103 105 108 109 117
13 101 103 104 105 107 108 109 110 114 115 116 118 120
6 102 104 105 108 113 117
9 102 103 104 107 112 114 115 116 117
12 101 102 106 108 109 111 112 113 114 117 118 120
8 105 109 110 111 114 116 117 119
7 103 106 108 109 110 114 119
10 102 103 107 110 111 112 114 115 116 117
11 101 104 105 106 107 108 110 111 112 115 117
11 101 102 103 104 109 110 111 112 113 114 115
7 101 102 103 104 112 114 118
10 101 102 105 107 111 114 115 117 119 120
7 101 105 111 112 115 117 120
8 101 102 103 104 114 115 117 119
11 101 105 110 111 113 114 115 116 117 118 119
6 106 110 114 115 117 118
6 106 108 109 110 114 119
10 103 104 105 106 108 109 111 112 114 116
7 101 102 106 110 111 116 117
9 102 107 109 110 111 112 115 116 117
12 104 105 106 108 109 110 112 113 114 115 116 119
6 103 104 106 112 114 116
10 102 104 105 106 108 110 111 113 119 120
8 101 102 106 109 115 117 118 120
11 101 103 109 110 111 113 114 115 116 118 119
12 101 102 103 104 105 107 110 112 113 114 116 120
13 101 102 103 106 108 110 111 112 114 116 117 119 120
6 106 107 109 110 118 120
7 101 105 106 107 114 116 119
9 102 104 108 111 113 115 116 117 118
8 101 105 108 109 114 115 118 119
10 102 104 107 109 112 113 114 117 118 120
8 104 105 112 113 114 115 117 119
10 102 103 106 107 108 109 112 114 115 120
11 101 102 103 104 105 106 110 113 114 116 120
11 106 109 111 112 113 115 116 117 118 119 120
11 105 106 107 108 109 111 113 114 117 118 120
9 104 105 107 108 109 110 112 117 119
13 102 103 104 105 106 107 108 109 110 117 118 119 120
12 103 104 106 107 109 112 114 115 116 117 118 119
10 101 102 103 105 107 108 109 110 113 117
8 101 103 107 109 110 111 113 119
7 101 110 111 112 114 115 117
9 106 107 108 111 113 114 116 117 118
13 101 103 105 106 107 108 109 110 111 113 114 116 118
9 102 105 106 107 110 112 113 119 120
7 101 106 107 109 113 117 120
13 101 102 103 105 106 107 108 110 111 112 117 118 119
10 104 105 106 107 111 115 116 117 118 120
9 105 106 111 113 115 116 117 119 120
12 101 103 106 109 110 112 113 114 115 117 118 119
6 101 102 111 112 114 117
13 101 102 105 107 109 110 112 114 115 116 118 119 120
7 103 105 109 110 115 116 118
