134 1483
57 1 2 3 4 5 6 7 8 9 10 11 12 13 14 15 16 17 18 19 20 21 22 23 24 25 26 27 28 29 30 31 32 33 34 35 36 37 38 39 40 41 42 43 44 45 46 47 48 49 50 51 52 53 54 55 56 57
40 1 3 4 5 6 8 9 10 13 16 17 19 20 22 23 24 25 26 27 28 29 30 31 32 34 35 36 37 40 41 42 43 45 46 48 49 50 51 52 55
30 3 4 5 6 7 10 11 13 16 20 23 25 27 28 30 31 32 34 36 37 39 40 41 43 44 46 47 49 52 55
38 1 2 5 6 8 9 11 12 14 15 16 17 18 19 20 21 23 25 26 27 28 29 33 34 36 37 39 40 42 43 45 46 47 51 52 53 54 57
22 2 4 5 6 7 8 10 16 17 18 21 22 23 26 28 30 32 33 36 38 42 50
34 1 5 8 9 10 11 12 13 14 15 16 20 22 23 24 25 26 28 29 31 32 34 36 37 41 42 43 44 50 51 52 54 55 57
32 1 2 3 6 7 8 12 14 15 16 17 20 21 22 23 25 27 29 30 31 33 34 36 37 39 48 49 50 52 53 54 57
37 1 3 5 6 7 8 10 11 12 14 16 18 20 21 22 23 29 31 32 33 34 35 36 37 38 39 40 41 42 47 48 50 52 53 54 55 57
34 1 3 4 7 8 9 12 13 15 16 17 18 19 22 23 26 27 28 29 30 31 32 33 36 37 38 39 41 46 47 48 49 55 56
32 2 4 6 8 11 13 15 16 18 21 22 23 24 25 26 27 28 30 31 32 34 35 43 45 46 47 50 51 52 54 56 57
31 1 2 4 5 8 9 11 12 13 15 16 17 20 23 25 32 33 34 35 36 40 42 44 45 46 47 50 51 53 56 57
19 2 7 8 13 17 23 26 27 28 32 34 36 39 42 46 47 49 50 53
35 1 3 4 6 13 14 15 16 17 18 19 20 21 23 26 27 29 30 32 33 35 38 39 40 43 44 45 46 47 48 49 50 51 55 56
27 1 2 4 7 8 10 13 19 20 21 22 25 27 29 32 34 35 38 40 41 43 47 48 49 52 55 56
17 5 7 9 12 14 15 17 20 23 27 33 41 42 45 52 53 54
28 4 5 6 7 9 10 12 13 15 16 18 22 23 26 28 29 31 33 34 37 39 40 42 45 51 53 55 57
28 4 5 7 12 13 16 17 18 19 24 25 26 28 31 33 34 37 40 42 43 44 46 47 52 53 54 55 56
26 4 5 6 7 8 9 10 12 13 14 15 16 17 20 21 24 28 31 34 40 41 45 47 52 53 55
45 3 4 5 6 7 9 10 12 13 14 15 16 17 19 20 21 22 23 26 27 28 29 30 31 32 33 34 35 37 38 40 41 42 43 44 46 47 48 50 51 52 53 54 55 56
45 1 2 3 6 7 8 9 10 12 13 14 15 17 19 20 21 22 23 24 26 27 28 29 30 31 32 33 35 36 37 38 40 41 43 44 46 47 48 49 50 51 52 54 55 57
26 4 5 9 10 11 13 14 17 19 23 24 26 29 31 32 33 34 35 36 38 39 43 45 46 49 50
23 4 5 6 9 13 14 17 19 20 21 22 23 32 39 42 44 46 47 49 50 51 54 57
20 2 3 5 6 10 12 15 17 21 25 26 28 29 33 35 37 38 39 52 56
21 1 2 3 4 5 12 14 17 24 26 28 29 32 35 39 40 44 52 53 55 56
28 1 3 8 9 10 11 14 18 20 21 22 25 29 31 34 35 38 40 41 42 44 45 48 49 50 51 52 53
35 1 3 6 7 13 16 17 19 20 21 27 29 31 32 33 34 36 37 39 40 41 42 43 44 45 46 47 48 49 50 51 52 53 56 57
28 3 6 8 11 12 16 18 20 22 23 26 28 31 32 34 35 36 37 38 39 41 42 44 48 49 50 53 55
20 5 6 8 13 14 15 17 18 21 23 25 26 29 31 32 47 48 52 53 56
18 3 4 5 10 11 20 24 27 28 32 34 35 37 45 46 47 53 56
32 1 5 7 8 9 11 12 13 15 16 17 18 23 27 28 29 31 32 33 35 36 41 44 46 47 48 49 51 52 54 56 57
17 1 2 7 9 13 18 19 21 26 29 43 45 48 52 54 55 56
33 3 5 7 8 12 13 15 18 19 20 21 22 23 25 26 27 30 31 33 34 35 36 40 42 43 45 49 50 51 52 55 56 57
25 2 4 5 6 8 9 10 11 13 14 18 26 30 35 36 37 38 40 47 49 51 52 53 54 55
42 1 3 5 6 8 9 10 12 15 16 17 18 19 20 21 22 23 24 27 29 30 31 32 33 34 36 37 38 39 41 45 46 47 48 50 51 52 53 54 55 56 57
27 2 3 6 7 8 11 12 13 20 21 24 26 30 31 37 38 40 42 43 45 46 47 48 50 52 55 57
43 1 2 3 6 8 9 11 12 13 14 15 17 18 19 20 22 24 25 26 27 28 29 30 31 32 33 34 35 37 38 40 41 42 44 45 47 48 49 50 51 53 56 57
31 1 3 5 6 7 12 14 15 16 17 19 20 21 25 26 27 28 32 33 35 36 37 39 41 46 50 51 53 54 56 57
27 3 5 10 11 15 16 18 20 22 23 24 27 30 31 32 33 34 35 36 40 41 43 44 46 47 56 57
36 1 3 4 5 6 7 8 10 11 16 19 21 24 25 26 27 28 30 31 32 34 36 37 38 41 42 43 45 46 47 48 49 50 51 53 57
31 1 4 5 7 9 11 20 21 22 24 28 31 32 33 34 35 36 40 41 43 44 45 46 47 48 49 50 51 52 55 56
34 58 59 60 61 62 63 64 65 66 67 68 69 70 71 72 73 74 75 76 77 78 79 80 81 82 83 84 85 86 87 88 89 90 91
12 59 62 63 73 74 75 77 79 83 85 86 88
23 58 60 62 64 65 66 68 69 71 72 74 75 76 78 79 80 81 82 86 87 88 90 91
25 58 61 62 63 64 65 67 68 69 71 72 73 74 76 77 78 79 80 83 85 86 87 89 90 91
13 58 61 63 68 70 71 72 75 79 81 83 85 89
14 59 61 63 65 72 76 77 78 79 81 83 84 88 91
27 61 62 63 65 66 67 68 69 70 71 72 73 74 75 76 77 78 79 80 81 82 84 86 87 88 89 90
22 60 61 64 65 66 69 70 71 72 73 74 75 77 79 80 81 82 83 84 87 88 89
24 58 59 60 61 65 66 67 68 69 70 71 72 73 76 77 78 79 81 82 83 85 88 90 91
19 60 61 65 67 69 70 73 74 75 76 77 78 79 82 83 84 85 89 91
21 58 59 62 63 66 68 69 72 73 74 77 78 79 81 82 84 85 86 87 88 90
13 59 60 64 65 67 72 76 78 80 81 82 87 89
10 60 61 68 70 73 75 78 79 82 91
11 58 59 60 62 69 74 79 82 85 89 91
10 69 71 72 73 76 77 80 81 83 90
20 59 60 62 63 64 70 71 72 73 74 76 77 78 79 81 82 84 88 89 91
12 59 62 65 72 74 75 76 77 79 80 81 83
24 58 60 62 63 64 65 67 69 72 73 74 75 77 78 79 80 82 85 86 87 88 89 90 91
24 58 60 61 62 63 64 65 66 68 69 72 73 74 75 78 79 82 83 84 85 86 87 88 90
18 58 61 63 64 65 67 69 70 72 76 77 78 80 81 86 88 89 90
19 58 59 61 63 65 69 70 71 72 73 75 76 77 78 79 83 84 85 89
12 59 60 64 65 70 74 75 82 85 86 88 91
18 58 60 65 69 70 71 72 74 75 77 78 80 82 83 84 85 86 91
10 58 60 66 68 69 74 75 79 84 87
20 58 59 62 63 64 67 68 69 70 72 78 79 81 83 84 86 87 88 89 91
24 59 61 62 63 64 65 66 67 68 69 70 71 73 74 75 79 80 81 84 86 87 88 90 91
14 58 60 61 66 67 68 73 77 79 82 84 86 87 88
10 59 62 63 75 79 80 85 89 90 91
17 58 59 60 65 68 69 73 75 76 77 78 79 80 81 83 88 91
14 59 60 61 63 68 69 72 76 80 82 83 86 87 90
16 58 60 61 63 65 66 67 70 71 74 78 79 83 84 87 90
18 59 62 63 65 66 67 68 69 71 73 74 76 77 79 80 82 90 91
16 58 61 62 63 64 66 68 70 75 76 79 80 83 84 86 90
23 59 60 62 66 67 68 69 70 72 73 75 77 78 79 81 82 83 85 87 88 89 90 91
23 58 59 61 62 63 64 66 69 71 73 74 76 77 78 80 81 83 84 85 87 88 89 90
23 58 59 61 64 65 66 68 69 70 72 75 76 77 78 79 83 84 85 86 87 88 90 91
11 58 59 63 64 68 78 80 82 83 85 91
17 58 60 62 63 65 68 71 72 75 77 81 82 83 85 86 87 88
18 59 60 63 64 67 68 69 70 71 73 74 75 76 78 79 83 89 91
25 59 60 62 63 64 65 66 69 72 74 75 76 77 78 79 80 81 82 83 84 85 88 89 90 91
14 93 95 97 98 99 101 102 104 105 107 108 109 110 114
18 92 94 95 97 98 99 100 101 102 104 105 106 107 108 110 111 112 114
4 92 103 108 114
10 93 94 95 96 97 100 104 105 109 112
6 93 95 100 102 113 114
7 92 96 102 103 104 111 112
7 94 97 98 103 106 110 111
6 93 94 97 101 110 111
4 97 99 105 114
5 93 98 107 109 110
9 92 95 97 102 103 109 110 111 113
7 92 95 97 101 102 104 113
5 94 102 103 110 112
4 95 98 101 103
6 94 96 98 103 104 111
1 106
4 93 102 111 113
16 95 96 97 98 99 100 102 104 105 106 108 109 110 111 112 114
12 92 94 102 104 105 106 107 108 109 111 113 114
6 94 103 106 108 109 114
11 93 95 96 97 98 99 100 101 103 110 112
6 94 101 102 105 109 110
14 92 93 94 95 96 98 99 102 103 104 105 110 111 114
6 95 100 102 103 106 113
7 98 102 103 106 108 110 113
3 97 109 113
8 92 95 102 103 105 107 108 111
5 92 96 97 105 107
10 94 96 97 99 100 102 104 105 106 109
3 96 104 109
12 92 94 95 96 99 101 102 103 104 110 111 114
3 105 109 112
8 92 94 96 101 105 107 110 111
5 94 97 105 109 113
5 97 100 101 106 107
3 101 107 111
7 92 95 99 106 110 111 112
3 93 95 101
1 94
10 92 95 96 100 103 104 105 108 109 110
6 93 94 99 104 112 114
9 93 100 103 104 106 107 108 109 112
5 95 100 101 109 111
3 94 101 114
7 96 98 100 101 103 104 114
11 98 100 101 103 104 105 106 107 109 111 114
6 96 98 100 101 106 110
9 92 99 102 103 106 107 108 110 114
4 93 102 107 108
4 108 109 112 113
4 100 106 109 113
9 94 102 103 107 108 109 111 112 114
6 93 95 98 110 112 113
9 92 95 97 98 101 102 105 110 114
11 93 97 98 100 105 106 107 108 109 112 113
6 93 95 99 100 106 107
14 93 94 96 98 99 100 101 104 105 106 107 108 112 114
6 97 98 99 106 107 112
5 92 96 103 104 112
5 94 96 99 111 113
4 99 104 111 114
11 93 95 97 98 99 102 103 104 108 112 114
3 93 106 110
6 97 98 108 111 113 114
6 95 97 99 105 106 114
4 93 95 96 108
10 97 100 102 105 106 108 109 110 113 114
7 92 96 100 103 111 112 113
7 93 94 95 100 101 109 112
4 92 99 107 112
7 92 99 101 105 107 108 112
9 92 93 96 98 104 106 107 108 113
5 92 94 97 99 102
8 92 96 98 99 104 107 108 114
10 92 93 96 98 101 104 105 106 110 113
12 92 97 100 102 105 107 108 109 111 112 113 114
4 98 101 111 113
7 92 93 94 101 103 107 113
10 93 96 98 99 100 105 107 110 111 112
5 93 96 103 109 113
5 94 100 101 108 113
4 95 97 99 100
3 110 112 113
4 94 96 99 104
4 92 99 101 112
2 94 109
2 92 103
4 93 97 101 110
7 93 97 99 102 104 108 112
14 95 96 98 99 100 102 104 105 106 108 109 110 111 112
4 96 100 106 110
2 109 112
3 97 99 100
6 103 104 105 107 109 111
7 96 97 98 101 103 110 112
3 100 109 111
7 100 103 104 107 108 109 112
6 102 104 106 111 113 114
3 92 96 112
3 97 101 107
3 99 104 111
2 108 114
11 95 96 99 100 104 106 108 110 111 112 114
5 92 96 102 104 112
3 96 103 109
1 95
3 97 99 112
8 92 95 96 99 101 102 111 114
4 94 104 112 114
4 94 96 103 111
3 93 98 113
3 94 101 108
2 108 113
7 93 96 97 100 104 105 112
2 109 112
5 92 101 102 110 114
5 97 98 99 103 108
4 93 94 100 112
2 96 112
3 97 98 103
5 92 101 105 107 111
5 92 99 105 108 112
6 92 96 98 107 108 114
2 106 113
5 93 94 100 101 109
3 96 111 113
6 92 98 104 107 108 114
3 96 98 103
3 108 109 113
3 92 105 107
2 109 113
3 93 102 108
4 93 94 104 114
9 92 94 95 98 103 104 105 110 111
2 101 111
4 94 101 105 110
4 102 103 110 112
2 111 113
5 95 97 104 109 112
9 98 100 101 103 104 105 107 109 114
3 94 101 113
3 100 106 113
4 92 102 103 107
6 99 101 105 107 108 112
1 94
11 96 97 98 100 102 104 105 108 111 112 114
4 93 103 109 113
5 92 98 104 107 108
2 93 102
11 92 93 96 98 99 102 103 104 110 111 114
5 93 96 105 107 111
2 94 114
3 93 95 100
3 97 110 111
7 94 102 107 108 111 112 114
2 92 102
3 94 96 103
8 93 96 98 100 101 103 110 112
7 99 101 102 104 107 108 110
6 93 97 100 107 109 113
2 102 111
1 93
4 106 108 110 113
5 95 97 99 106 114
8 92 96 100 103 105 108 109 110
2 95 97
3 104 111 114
6 102 105 106 108 113 114
4 92 96 107 114
5 93 95 100 106 107
10 92 93 94 96 99 103 104 105 110 111
7 93 96 98 100 105 110 111
4 93 107 109 110
9 92 95 96 99 101 102 104 110 114
3 94 104 114
5 92 98 99 104 108
5 93 99 100 106 107
5 92 95 100 108 109
3 95 101 102
3 93 111 113
6 92 96 98 104 107 108
4 92 101 107 113
2 94 114
3 92 97 99
3 105 109 110
3 92 97 99
5 92 103 104 111 112
5 95 99 100 106 107
6 93 98 104 106 107 108
7 92 97 103 109 110 111 113
2 97 99
3 99 111 114
1 113
2 96 109
12 92 93 94 96 98 99 102 103 104 105 110 111
5 92 96 100 103 113
3 92 110 111
4 96 98 100 106
4 95 99 100 107
6 95 97 101 102 110 114
11 92 93 94 95 96 98 99 103 104 105 114
4 92 101 102 104
3 102 103 112
5 97 99 100 104 109
4 99 101 107 108
4 98 103 106 111
8 93 96 98 99 100 107 110 112
8 95 96 103 104 105 108 109 110
2 93 98
4 98 100 103 104
5 92 96 104 110 113
3 92 107 112
1 111
6 100 101 104 105 106 109
4 95 100 101 109
7 92 95 96 103 105 108 110
5 93 100 103 106 108
2 93 111
5 97 106 109 113 114
5 102 103 106 108 113
5 98 100 105 111 112
4 95 97 99 106
3 93 104 114
7 95 97 103 109 110 111 113
4 95 101 109 111
4 102 103 106 113
2 93 102
8 93 96 98 99 100 107 110 112
2 102 107
6 94 97 98 103 110 111
4 94 102 109 110
9 94 99 100 101 102 104 108 111 114
3 95 99 100
3 97 100 107
4 95 97 101 102
7 92 95 96 100 105 108 109
5 93 106 108 109 112
5 93 98 110 112 113
6 95 102 103 105 107 108
5 102 103 107 108 114
12 94 95 97 98 99 100 101 106 107 108 110 112
1 113
2 93 110
4 98 99 107 108
5 98 101 103 104 114
10 93 94 98 100 104 105 106 108 112 114
3 98 99 106
5 95 96 100 104 109
2 99 111
8 92 95 96 98 99 103 110 111
4 102 103 110 113
7 92 95 97 102 105 110 114
6 93 95 97 99 103 108
7 92 98 101 102 105 110 114
6 96 99 101 102 111 114
4 97 99 106 112
14 92 94 97 98 100 101 102 104 105 106 107 108 110 111
2 101 107
3 96 101 106
4 95 99 106 111
4 95 100 101 112
4 94 97 110 111
2 98 113
2 94 97
3 93 99 112
5 93 98 100 107 111
4 93 94 101 110
2 97 100
5 92 94 101 103 113
3 92 94 97
5 98 103 106 107 111
5 92 97 101 104 113
7 92 99 102 103 106 110 114
5 103 106 107 108 109
6 92 95 102 103 107 111
16 92 94 95 97 99 100 101 102 104 105 107 108 110 111 112 114
4 93 94 99 112
4 94 96 98 104
6 92 102 104 108 109 114
3 98 107 109
5 92 103 109 111 113
3 94 103 113
6 93 94 95 101 109 112
7 95 96 97 98 99 103 112
5 95 106 110 111 112
4 102 103 111 112
3 92 95 110
6 99 102 103 104 110 114
8 93 95 101 104 105 107 109 114
2 108 113
8 95 97 98 99 102 104 112 114
3 98 101 110
4 92 96 97 107
4 96 100 101 110
10 92 94 95 96 99 102 103 105 111 114
1 110
9 92 97 100 102 105 108 112 113 114
4 95 97 99 105
8 94 95 96 97 100 105 109 112
3 92 97 113
6 92 93 98 104 106 107
5 93 96 98 107 108
10 93 95 101 102 104 105 108 109 110 114
4 93 98 109 110
4 102 107 108 114
2 94 114
6 94 103 108 111 112 114
3 97 111 114
8 98 104 105 106 107 109 111 114
6 94 102 103 108 109 111
4 100 101 108 113
5 92 96 102 104 111
9 98 100 101 103 105 107 109 111 114
6 95 102 103 105 107 108
3 94 97 99
6 93 96 98 100 107 111
4 97 98 99 107
6 92 95 102 103 107 111
3 96 99 104
7 93 95 96 98 101 110 112
4 92 101 105 108
3 92 108 114
6 98 100 101 103 110 112
5 97 98 99 107 112
3 95 101 111
9 95 97 98 100 101 104 105 106 112
6 95 97 98 99 101 110
6 92 103 105 107 108 111
7 97 98 105 106 108 109 112
5 92 95 97 101 113
5 93 94 97 110 111
11 93 95 98 99 101 102 105 107 108 110 114
2 110 112
3 92 97 105
3 98 103 111
4 94 105 109 113
4 94 100 109 112
2 92 108
5 95 100 101 109 112
2 93 106
4 102 108 110 114
4 98 104 106 107
8 93 97 98 100 107 108 109 113
3 108 110 113
4 93 97 101 110
6 100 103 106 107 108 109
4 103 106 108 114
2 108 113
4 98 108 111 113
5 92 95 101 104 113
3 98 101 113
5 94 98 106 110 111
4 93 99 104 112
2 107 108
4 98 101 104 114
4 93 98 110 112
7 99 102 103 106 107 108 114
10 94 102 104 106 107 108 109 111 113 114
2 106 110
1 93
5 95 100 101 109 112
4 94 97 109 113
7 93 96 97 98 99 100 103
4 92 95 102 107
3 99 111 114
12 94 96 98 99 101 104 105 106 107 108 112 114
4 98 100 106 110
2 99 114
1 112
6 92 97 102 103 109 111
2 106 113
2 104 109
6 92 94 96 101 107 110
4 97 98 99 106
2 96 105
4 93 100 106 112
4 98 106 107 112
3 100 109 111
5 93 101 103 107 113
11 93 94 95 96 98 99 103 104 105 111 114
3 102 107 108
2 109 112
2 104 114
6 92 93 96 107 108 113
3 93 102 113
7 94 102 107 108 111 112 114
4 97 98 108 114
4 95 105 106 114
6 92 95 97 105 110 114
4 92 95 99 110
3 96 97 105
5 94 95 100 101 112
3 96 105 107
3 101 110 111
4 94 102 103 110
4 93 95 113 114
3 92 101 107
2 98 109
3 92 95 101
3 98 111 113
7 96 99 101 103 104 111 114
7 94 96 97 99 105 106 109
6 92 99 102 107 108 110
8 93 95 98 99 101 102 109 110
5 97 101 102 110 114
5 94 103 108 109 114
2 93 106
7 92 95 100 103 104 105 110
2 105 109
7 92 102 107 109 111 112 114
2 101 111
8 93 95 96 101 102 104 110 112
8 93 94 96 98 100 110 113 114
11 94 97 99 101 103 106 107 110 111 112 114
7 94 97 98 99 107 109 110
10 93 97 98 100 104 105 106 109 111 112
14 93 95 96 97 98 99 100 102 107 110 111 112 113 114
14 93 95 99 101 102 103 104 105 106 107 110 111 113 114
12 93 94 95 96 97 98 99 100 101 111 112 114
10 92 93 95 96 99 100 102 103 108 109
9 96 97 98 99 102 109 111 112 113
11 92 94 96 97 102 103 105 106 108 109 114
12 93 94 98 100 101 102 103 104 108 109 110 113
11 93 94 98 99 100 103 108 109 111 113 114
16 93 94 96 97 98 99 100 102 104 105 106 107 108 109 110 113
15 92 95 96 97 99 100 103 104 106 108 109 110 111 113 114
16 92 93 95 96 97 98 99 100 101 103 104 105 107 111 112 113
10 96 97 100 102 103 106 107 108 109 112
9 92 93 95 99 103 104 106 113 114
15 96 97 99 100 101 102 103 104 106 109 110 111 112 113 114
14 93 94 99 100 102 103 104 105 106 107 108 110 112 114
11 93 97 98 99 102 103 104 107 108 111 114
9 93 94 97 102 104 105 107 111 112
9 92 94 95 96 102 106 107 109 110
12 92 94 96 98 99 102 104 105 106 109 110 113
15 93 94 95 96 97 100 102 103 104 106 108 111 112 113 114
14 95 97 98 99 100 101 102 104 105 106 107 110 111 112
11 92 93 94 96 97 104 105 108 109 110 114
7 93 95 96 99 102 103 104
15 92 93 94 95 96 101 102 104 105 106 108 109 111 113 114
15 92 93 94 95 97 98 100 101 105 107 108 109 110 113 114
11 98 99 100 101 104 105 107 109 110 111 112
15 94 96 98 99 102 103 104 105 106 108 109 111 112 113 114
9 92 96 98 101 103 106 107 109 114
8 92 94 95 99 100 103 104 112
14 95 99 100 101 102 103 104 106 107 109 110 111 113 114
9 92 98 100 102 104 108 111 112 113
14 94 96 97 98 99 100 102 104 106 107 109 110 112 113
8 92 94 97 98 102 105 111 113
8 94 95 98 106 107 108 109 110
15 93 94 95 97 98 99 100 102 103 104 108 110 111 113 114
7 94 98 99 100 102 106 112
8 99 101 103 104 105 106 108 109
13 93 95 96 97 99 100 101 103 104 106 107 109 111
7 93 96 98 101 106 107 111
8 94 98 99 101 106 109 113 114
15 92 94 96 97 98 99 103 104 105 106 107 109 112 113 114
9 92 93 96 98 99 103 107 108 109
16 92 93 94 95 98 99 100 101 102 106 108 109 110 111 113 114
7 100 101 102 103 104 108 109
16 93 94 95 96 98 99 100 101 103 104 105 106 107 109 110 112
15 92 93 94 95 96 97 98 99 101 102 103 106 108 111 113
9 92 93 94 98 101 108 110 111 114
12 95 97 100 101 102 103 105 106 107 110 112 113
14 95 97 98 101 102 103 106 107 108 109 110 112 113 114
8 96 99 103 105 109 111 112 113
10 93 97 98 101 104 106 109 111 112 114
7 99 100 101 105 108 110 111
13 92 93 94 100 101 103 105 106 107 108 109 112 114
9 92 93 94 97 99 107 110 111 114
12 95 97 99 101 103 104 105 106 107 108 110 114
10 92 93 95 96 98 101 105 107 108 114
7 94 97 98 101 102 111 113
15 94 95 96 98 99 101 102 103 104 106 108 110 111 112 114
14 92 93 96 97 101 104 107 108 109 110 111 112 113 114
8 96 101 104 106 107 110 111 113
9 95 98 100 102 103 104 107 108 113
7 92 93 97 101 107 109 110
13 95 96 97 98 100 101 102 103 105 108 110 113 114
14 92 94 95 96 98 100 101 102 103 108 109 110 111 112
10 96 97 100 101 102 108 110 111 113 114
9 92 99 100 103 104 106 108 111 114
7 95 98 99 103 104 109 111
9 92 97 98 100 103 106 107 108 114
15 92 94 96 98 99 102 103 104 105 106 108 110 111 112 113
15 94 95 97 100 101 102 103 104 105 106 107 108 112 113 114
7 102 105 107 108 111 113 114
8 95 98 102 103 105 106 108 114
8 92 96 100 101 104 105 110 112
10 92 100 101 102 106 108 109 112 113 114
10 95 98 99 100 103 105 109 110 113 114
15 93 95 96 97 100 101 105 106 108 109 110 111 112 113 114
8 92 93 95 99 102 104 105 110
7 93 96 97 98 102 105 108
10 92 93 95 103 105 106 107 108 110 114
12 93 94 96 99 100 102 103 105 106 107 109 110
16 94 95 98 99 100 101 102 104 105 106 108 110 111 112 113 114
11 93 94 95 97 102 105 108 110 111 112 113
11 92 97 99 101 103 105 106 108 110 111 113
13 92 93 94 97 98 100 101 102 105 106 107 108 111
10 93 96 104 105 107 108 109 110 112 114
10 94 97 98 99 103 104 110 111 112 114
13 94 95 96 98 101 102 103 104 107 109 111 113 114
11 92 94 97 98 101 102 103 106 108 112 113
15 92 93 94 95 97 98 99 100 101 102 103 106 109 110 113
12 93 94 96 97 99 100 104 105 107 108 109 112
15 93 97 98 99 100 101 104 105 106 107 109 110 112 113 114
7 92 94 99 104 106 109 112
9 98 103 104 105 106 107 109 111 113
9 92 96 99 100 102 104 105 106 111
6 95 100 108 109 110 112
7 95 98 101 103 105 107 108
15 94 96 97 99 101 102 103 105 106 107 108 109 111 113 114
10 92 94 95 96 97 98 101 106 107 110
10 93 96 99 101 102 104 107 109 111 114
12 92 94 97 98 100 104 107 110 111 112 113 114
9 92 93 95 100 101 103 105 106 107
15 94 96 97 98 99 101 102 104 106 107 108 109 110 111 112
10 92 94 95 100 103 105 106 107 109 111
9 99 100 102 105 106 108 109 113 114
11 93 96 98 100 102 103 105 108 109 111 114
8 92 93 94 98 99 106 108 109
11 92 94 95 96 97 101 107 110 112 113 114
15 92 93 96 97 98 99 102 103 104 105 109 110 111 112 114
8 93 96 99 100 102 103 105 109
13 94 97 98 103 104 106 107 108 109 110 111 112 114
10 94 101 102 106 108 109 110 111 112 114
8 95 99 101 103 105 108 112 114
11 95 97 101 102 103 104 105 106 107 111 112
8 92 97 103 104 105 110 112 113
8 92 104 106 107 109 110 113 114
13 95 98 102 103 104 106 108 109 110 111 112 113 114
11 92 94 96 97 98 102 107 108 110 111 113
9 97 98 99 105 106 110 111 112 114
8 94 99 100 102 105 107 108 113
14 93 94 95 96 98 100 101 102 103 104 106 107 109 114
11 92 94 96 98 99 100 101 105 107 110 114
15 92 96 97 99 100 101 102 103 104 106 107 108 109 112 113
11 92 96 98 100 101 102 103 105 106 109 110
9 95 96 97 98 101 103 107 110 114
11 92 93 94 96 97 100 101 102 103 105 109
14 94 96 97 98 99 100 102 103 104 106 108 109 112 114
7 92 102 107 108 109 110 111
11 97 99 102 103 104 105 106 108 110 111 113
11 94 97 99 100 101 102 104 105 106 107 114
7 94 97 99 102 104 105 113
15 92 95 96 97 99 100 102 103 104 105 106 108 109 111 113
14 92 93 95 97 98 99 102 104 105 106 107 108 109 111
11 94 95 98 102 105 107 108 110 112 113 114
11 92 94 96 97 102 104 105 108 109 113 114
16 94 95 96 98 100 101 102 104 105 106 107 108 109 111 113 114
14 92 93 94 96 97 98 99 105 106 107 108 109 110 113
9 93 94 96 97 100 104 107 109 113
8 92 99 103 105 106 107 108 112
10 94 95 101 102 103 104 105 108 110 112
12 93 94 96 99 100 102 103 107 108 111 112 113
14 92 93 97 99 100 102 103 104 105 107 109 111 113 114
14 92 94 95 96 98 99 100 102 103 105 108 109 110 111
14 92 94 95 98 99 100 101 103 107 108 109 111 112 114
11 92 94 96 101 102 106 108 110 111 112 113
7 92 93 97 100 108 112 114
8 92 99 100 103 105 106 112 114
8 92 93 94 98 99 102 103 105
8 92 95 99 100 101 102 106 113
10 97 100 101 103 108 109 110 111 113 114
6 95 96 97 98 102 104
7 97 99 102 103 104 105 106
13 92 93 95 98 99 100 104 108 109 110 111 112 114
10 93 97 98 99 100 103 106 108 109 111
15 92 94 97 98 99 101 102 103 104 105 106 109 111 113 114
10 92 93 95 96 97 99 106 108 109 112
12 92 93 100 102 106 107 108 109 110 111 113 114
7 96 97 98 102 103 105 109
10 94 95 96 98 101 102 105 108 110 112
9 94 95 101 102 105 106 108 109 114
10 92 94 95 98 99 100 101 107 112 114
9 93 98 99 102 103 104 105 107 112
9 93 95 97 98 102 105 107 110 114
12 92 93 94 95 96 97 100 101 105 106 112 113
9 94 100 101 102 107 108 109 110 112
13 92 93 95 97 99 100 101 102 105 107 108 109 110
12 92 93 95 97 98 102 104 107 108 110 111 113
8 94 96 97 99 104 107 110 114
15 92 94 95 96 99 100 103 106 107 108 109 110 112 113 114
9 95 96 98 100 102 106 107 108 109
10 92 94 99 100 101 105 107 110 113 114
15 93 94 95 96 98 99 100 101 104 105 108 110 111 113 114
9 100 102 105 106 107 109 111 113 114
10 92 95 97 98 99 100 102 105 109 112
11 92 100 101 103 104 106 107 109 111 112 114
8 97 98 100 103 104 107 108 114
11 92 93 99 103 104 105 106 107 108 112 113
9 93 95 96 103 106 107 108 109 114
9 93 95 96 100 101 104 111 112 114
12 93 94 96 98 100 101 102 103 107 110 111 112
15 92 93 94 99 100 101 102 103 105 106 107 110 111 112 114
8 92 98 100 102 106 110 111 112
13 92 94 95 98 99 100 102 103 105 106 109 112 113
15 92 93 96 97 98 99 100 102 103 104 106 107 109 110 111
11 92 95 96 100 101 102 105 108 109 113 114
12 94 95 96 97 99 100 103 104 107 108 110 112
8 98 100 103 105 108 109 112 114
10 95 96 98 100 101 102 104 105 106 109
12 92 95 96 98 100 101 104 105 107 109 113 114
11 92 93 94 96 102 105 107 109 111 113 114
11 95 96 100 101 105 106 108 110 111 112 114
10 95 96 97 98 101 105 106 108 110 111
11 94 95 96 97 101 105 106 107 108 109 111
11 95 96 98 99 103 105 108 110 111 112 113
14 92 93 94 95 96 99 102 103 105 106 109 110 111 114
7 93 96 98 107 108 110 114
13 93 94 95 96 100 101 104 107 109 111 112 113 114
15 93 94 95 97 99 101 102 104 105 106 107 108 109 113 114
13 92 96 98 101 102 104 106 107 108 109 110 112 114
10 92 94 97 99 100 102 105 108 109 114
9 92 93 98 99 101 105 106 108 110
14 92 93 94 96 97 99 100 103 106 107 110 111 113 114
7 92 93 105 109 110 112 114
8 96 97 98 105 111 112 113 114
14 93 96 97 99 100 101 102 103 105 107 110 111 112 113
12 92 94 98 99 100 103 105 106 107 108 110 113
14 93 95 96 97 100 101 102 103 105 107 108 110 113 114
13 93 94 96 98 101 105 107 108 110 111 112 113 114
10 94 97 100 102 106 109 110 111 112 114
10 93 95 96 100 103 105 107 109 113 114
7 93 96 97 105 111 112 113
8 92 96 97 98 102 106 108 112
7 97 101 102 103 109 110 113
11 93 94 95 96 97 98 106 109 112 113 114
12 92 93 94 95 96 98 99 103 104 105 113 114
10 95 96 98 99 101 102 103 107 108 109
8 93 96 98 101 102 106 107 111
8 95 97 100 102 105 107 108 113
11 92 94 95 98 99 100 101 107 108 109 112
10 93 95 96 99 102 106 108 110 112 113
10 95 99 100 101 102 103 104 108 111 114
10 93 95 96 99 106 107 110 112 113 114
11 92 94 97 98 100 101 102 106 109 112 114
12 92 93 95 96 97 98 99 101 105 107 109 112
14 92 93 95 96 97 99 100 103 106 108 109 112 113 114
15 92 93 97 99 100 101 102 103 105 106 107 110 111 113 114
13 93 95 100 101 103 104 105 106 107 108 111 112 113
15 93 94 96 100 101 102 103 104 105 106 107 109 111 112 113
7 93 94 104 107 111 112 113
10 95 96 100 101 102 106 107 110 111 113
8 97 102 103 105 108 111 112 113
12 92 93 95 96 98 99 100 102 104 109 110 114
9 97 98 103 107 108 109 110 111 112
10 98 102 103 104 105 109 111 112 113 114
14 94 95 96 97 98 99 100 101 102 103 107 110 113 114
13 93 94 95 97 98 99 101 104 108 111 112 113 114
9 94 95 102 103 104 105 107 111 112
15 92 93 94 95 97 98 100 101 106 107 109 110 111 113 114
13 92 94 95 96 97 98 101 103 106 108 109 110 112
12 95 98 100 101 102 103 104 105 107 109 110 111
15 92 95 96 97 99 100 103 104 105 108 109 111 112 113 114
7 93 101 102 103 107 108 109
14 92 93 94 96 99 103 104 106 108 109 110 111 113 114
10 93 94 95 96 100 104 111 112 113 114
14 93 94 97 98 99 100 103 106 107 109 111 112 113 114
10 95 97 98 99 104 105 107 110 113 114
15 92 93 94 95 100 102 104 106 107 108 109 111 112 113 114
15 92 95 96 98 99 100 101 102 103 104 106 108 109 111 114
7 94 95 96 99 103 109 110
8 93 94 95 97 99 100 103 114
11 92 93 94 95 104 105 107 108 112 113 114
7 94 97 98 103 105 106 107
11 92 93 94 96 101 103 105 108 111 113 114
10 94 97 98 100 101 104 106 109 112 114
8 95 99 103 104 108 109 110 113
13 92 93 94 95 97 98 100 103 105 106 109 110 114
13 92 94 95 96 97 99 100 103 108 109 110 111 113
9 93 94 96 97 99 100 103 104 114
10 92 93 95 99 102 103 104 107 113 114
10 94 95 101 102 105 106 107 108 112 114
11 92 97 98 102 104 105 106 107 109 113 114
8 92 98 100 104 105 110 112 114
13 92 93 94 97 98 99 103 104 105 106 110 111 112
12 94 97 98 103 104 106 107 108 109 112 113 114
15 92 93 95 96 98 100 101 103 104 105 108 110 111 112 114
9 92 97 99 100 103 104 111 112 114
8 93 94 96 99 101 109 113 114
11 93 94 95 97 98 100 101 103 104 108 111
14 92 93 96 97 100 101 103 104 106 109 110 111 112 113
8 93 95 99 102 108 109 111 113
8 92 94 98 102 105 106 111 112
15 92 93 96 99 101 103 104 106 107 108 109 110 111 112 114
15 95 96 97 100 101 103 104 105 107 108 110 111 112 113 114
8 93 98 99 102 104 108 110 111
15 92 93 99 100 101 102 103 104 105 106 107 108 110 113 114
7 92 94 97 101 105 107 109
12 92 94 96 100 102 107 108 109 111 112 113 114
9 92 94 96 97 100 104 107 108 109
9 94 95 97 102 103 107 108 110 111
8 95 98 100 108 109 111 113 114
8 92 97 98 99 100 102 112 114
13 95 96 97 98 99 100 101 102 105 108 109 113 114
13 94 97 98 100 101 102 104 105 107 108 109 110 113
9 93 95 96 98 99 103 104 106 109
14 93 96 97 98 101 102 105 106 108 109 110 111 112 113
13 93 97 98 101 102 104 105 106 109 110 111 112 114
10 94 97 101 103 104 107 108 110 111 114
8 92 100 101 102 105 107 108 114
10 93 94 96 100 103 105 107 108 113 114
13 92 95 96 97 98 99 101 102 103 105 108 110 112
15 93 94 95 97 99 100 101 102 103 104 107 108 109 111 113
14 94 95 96 97 98 100 101 102 103 107 109 112 113 114
15 92 96 97 99 100 101 104 105 106 107 108 109 110 113 114
12 92 95 96 98 99 100 102 103 105 106 111 113
6 92 96 100 110 112 113
9 92 93 94 98 102 103 107 108 110
12 92 93 95 96 97 100 102 106 109 110 111 114
9 93 95 96 97 99 100 102 109 112
10 93 94 97 99 100 102 104 106 111 112
12 92 93 96 100 101 103 106 109 110 112 113 114
11 92 93 94 95 96 97 100 105 108 111 114
16 94 97 98 99 100 101 103 104 105 106 107 108 109 111 112 114
12 92 94 95 97 99 101 104 105 106 109 110 113
10 95 98 102 103 104 105 108 109 110 113
9 94 95 99 101 105 106 109 112 114
12 92 94 95 97 99 101 102 103 104 107 110 113
15 94 95 97 98 100 101 103 104 105 106 108 110 111 113 114
12 94 95 96 97 99 101 103 105 107 108 111 113
12 95 98 99 101 102 106 107 108 109 110 111 114
12 96 97 98 99 101 104 107 109 110 111 113 114
12 94 98 99 102 103 104 106 107 109 110 113 114
7 96 98 104 106 108 110 113
7 94 102 103 104 109 111 112
10 93 94 95 97 100 102 106 108 109 112
15 92 93 94 95 96 97 98 100 103 104 105 106 107 108 110
13 92 93 94 96 98 99 101 103 106 108 109 112 113
11 92 93 95 98 105 107 108 110 111 112 113
7 92 97 101 108 111 113 114
13 93 95 96 97 98 100 103 105 106 107 111 113 114
10 92 95 97 98 102 103 106 107 109 110
8 94 96 98 99 101 107 108 114
10 93 99 100 101 104 106 108 110 113 114
9 93 95 97 99 100 102 107 110 114
15 92 95 96 98 99 101 102 103 104 105 106 107 111 112 114
8 92 96 98 99 104 105 107 111
11 93 95 96 98 99 100 104 107 111 112 114
9 92 96 97 98 101 103 106 108 112
8 92 95 96 97 99 110 112 113
8 94 95 96 97 101 104 108 109
9 117 119 120 124 125 126 127 129 130
1 127
6 119 120 124 129 131 133
6 119 121 125 126 132 134
9 117 118 120 122 123 124 125 128 134
5 115 120 123 125 134
8 117 121 122 123 125 130 131 133
5 115 122 123 127 134
6 117 123 124 128 130 134
9 115 118 119 120 122 125 126 130 134
3 115 117 118
8 119 124 126 127 128 129 131 132
2 125 132
4 118 122 131 133
11 118 119 120 121 122 123 124 125 126 131 132
11 116 117 118 119 122 124 126 127 129 130 132
8 116 119 121 123 124 125 129 132
7 115 116 117 128 129 130 133
5 115 122 128 129 130
16 116 119 120 121 122 123 124 125 126 127 128 129 130 131 132 133
4 115 117 125 133
5 117 118 129 132 133
9 116 117 118 120 121 122 126 130 134
5 119 120 124 125 127
8 115 119 120 123 124 126 127 130
9 115 116 119 123 127 129 132 133 134
12 115 116 117 118 120 121 122 123 125 130 133 134
13 115 116 117 118 120 121 125 127 128 130 131 132 133
5 121 122 129 132 133
6 121 122 125 126 128 130
7 116 117 118 125 128 131 134
6 116 121 123 131 133 134
6 115 116 119 124 129 134
4 115 116 129 133
7 115 121 122 125 126 128 130
7 119 122 123 124 126 129 134
5 117 118 120 124 131
7 119 121 126 127 130 131 132
8 118 119 121 122 124 126 129 133
7 115 118 122 128 129 130 134
5 119 120 123 132 134
2 128 132
5 116 119 123 124 134
4 115 117 127 129
7 115 119 120 121 124 126 129
7 115 116 119 122 127 131 132
11 116 117 118 122 123 127 128 130 131 133 134
3 115 125 126
2 123 126
4 116 118 123 134
11 115 119 123 124 125 127 128 129 131 132 133
7 121 122 124 126 127 130 132
7 120 121 122 127 128 130 131
2 120 130
7 118 120 122 123 124 127 131
3 120 124 128
11 116 117 121 123 124 127 128 129 131 132 133
6 116 119 121 123 126 131
6 116 122 125 126 128 131
5 119 120 128 129 131
1 121
5 118 120 122 124 132
4 121 128 131 133
5 125 128 130 133 134
7 116 117 118 123 127 132 134
6 118 120 125 126 129 133
12 115 117 118 120 122 126 127 128 130 131 133 134
7 116 119 121 126 129 132 133
5 116 120 131 132 133
6 117 119 121 124 125 127
5 118 120 126 128 132
6 115 117 124 129 130 133
3 118 121 127
1 134
4 117 118 126 132
5 115 116 121 123 134
5 117 118 125 130 131
9 115 116 117 127 128 129 130 133 134
7 115 116 117 123 128 131 132
3 125 127 134
2 125 126
6 121 123 124 127 129 132
4 117 118 120 124
7 117 118 122 130 131 133 134
2 119 124
4 120 125 126 129
5 115 116 123 131 132
5 120 121 124 126 129
2 117 129
2 115 125
2 116 133
3 115 116 131
4 115 120 122 130
5 119 127 130 131 132
5 116 119 123 126 131
3 116 121 131
4 120 127 130 131
5 117 118 123 127 134
6 117 120 121 127 131 133
1 126
1 125
4 119 124 129 133
3 120 129 131
3 117 119 127
4 119 120 128 131
6 115 119 122 126 130 134
6 126 127 128 129 131 132
7 117 118 128 130 131 133 134
3 119 122 127
4 117 124 126 130
7 117 118 123 128 130 131 134
4 118 122 127 131
8 115 117 121 125 127 130 131 132
5 115 117 128 129 133
13 116 119 121 122 123 125 126 127 128 129 130 131 132
2 127 134
2 120 128
1 125
4 119 124 125 127
4 115 120 124 130
6 117 127 128 130 131 134
7 116 118 120 121 122 126 130
1 132
5 116 121 127 128 132
4 115 116 129 134
2 121 133
7 118 122 123 130 131 133 134
3 128 130 133
4 116 119 121 126
4 117 118 129 133
6 118 119 126 127 129 132
2 115 129
6 115 116 119 122 131 132
6 116 117 124 129 131 133
4 117 119 121 125
4 121 123 133 134
6 116 122 124 126 129 130
4 120 126 128 132
5 115 117 127 128 130
3 116 119 121
4 121 123 126 131
1 123
3 120 132 134
5 115 116 124 129 134
4 120 122 124 132
2 125 134
4 119 121 126 131
1 132
4 117 118 127 134
1 130
5 117 127 129 130 134
4 117 124 128 130
3 115 129 133
5 115 116 117 128 133
5 119 121 123 129 132
9 115 116 117 118 120 121 127 128 132
6 115 118 119 122 125 134
5 115 116 128 129 133
5 121 122 125 126 128
4 121 126 129 132
4 119 124 126 129
9 119 120 121 122 123 126 128 129 133
2 127 134
3 116 123 134
7 118 119 120 123 125 126 131
4 116 120 131 133
5 115 119 120 125 126
3 118 129 133
3 121 126 128
5 115 119 123 124 130
6 118 119 120 122 130 134
5 118 122 123 125 126
3 119 124 127
4 115 116 128 133
2 115 117
2 127 129
8 115 117 118 121 123 130 133 134
4 119 120 124 125
5 119 126 129 132 133
3 117 130 133
8 117 118 119 122 126 127 130 132
5 117 118 123 127 134
3 121 125 130
4 115 127 131 132
2 115 129
10 115 116 118 120 122 123 125 130 133 134
6 117 123 124 129 131 133
2 115 133
4 121 122 130 133
1 120
4 119 124 125 127
2 123 134
2 126 132
6 121 122 124 126 129 133
4 120 126 128 132
3 119 124 134
6 115 118 122 125 130 134
3 119 120 128
3 116 123 124
3 122 131 133
5 120 122 124 127 131
2 120 122
8 115 117 118 120 122 125 133 134
7 116 118 120 121 122 125 130
2 123 134
4 115 121 125 126
5 116 117 118 132 134
3 121 131 133
1 123
4 119 122 123 124
3 115 116 129
5 115 121 124 126 129
7 117 118 122 124 126 129 130
4 117 118 125 130
2 128 129
3 125 130 131
2 122 133
4 122 127 128 130
3 122 125 128
5 115 116 119 122 127
5 118 121 122 126 129
3 115 119 127
7 117 122 127 130 131 133 134
4 116 121 123 134
3 120 129 133
7 116 127 128 129 130 133 134
2 125 134
1 120
3 123 130 134
5 119 120 129 131 133
3 117 118 132
1 125
5 120 121 124 125 126
3 122 127 130
5 115 116 127 133 134
3 124 128 134
5 119 123 126 129 134
3 119 120 133
1 125
3 115 130 134
5 116 119 122 131 132
2 115 117
8 117 118 122 123 124 125 128 134
6 116 121 123 125 129 132
2 125 127
3 121 126 127
3 121 123 133
4 119 120 121 126
2 118 128
1 118
2 115 117
2 117 131
3 120 124 132
4 115 119 123 127
9 118 120 121 122 123 124 125 126 132
2 120 132
5 119 120 124 126 129
5 118 125 128 131 134
8 117 120 126 127 128 130 131 134
7 115 120 122 125 126 130 134
7 116 117 127 128 129 133 134
3 115 117 133
3 118 129 133
5 116 117 127 128 133
5 121 124 126 130 132
9 116 117 123 124 127 128 129 131 132
4 115 121 123 134
6 115 116 117 128 129 130
3 117 130 133
2 121 123
3 115 117 123
4 116 118 123 134
3 124 125 127
3 119 120 124
5 115 117 128 131 132
8 116 117 119 122 124 129 130 132
2 117 118
7 116 119 122 124 127 129 132
3 125 128 130
9 116 117 118 122 123 127 130 131 134
5 119 121 124 126 129
5 120 122 127 128 131
4 117 119 125 126
5 120 125 126 129 130
2 126 132
5 115 119 122 127 131
3 130 133 134
4 127 128 130 131
3 115 117 131
6 117 121 122 125 130 131
3 118 128 132
3 126 128 131
6 124 126 127 128 131 132
3 117 118 132
4 116 119 127 132
3 119 124 133
2 121 127
2 127 134
6 116 119 121 123 129 132
5 117 123 124 128 134
4 115 117 124 130
5 121 122 125 126 130
3 117 128 129
7 119 120 121 123 126 131 132
1 120
7 115 116 127 128 130 133 134
2 121 128
2 132 133
3 116 119 123
8 115 119 123 125 127 128 132 133
2 115 127
3 124 131 133
7 116 123 127 129 132 133 134
3 120 122 127
4 121 123 125 129
7 118 119 122 126 127 130 132
1 128
3 115 123 134
6 117 124 125 126 127 129
4 120 122 126 134
1 130
4 121 126 128 130
4 119 125 126 134
4 117 123 130 134
5 121 122 124 127 130
7 116 118 120 121 123 125 130
5 120 124 126 131 132
1 118
4 121 129 132 133
3 118 128 132
12 116 119 120 121 122 123 124 126 128 129 132 133
6 115 118 122 125 126 130
2 119 123
3 120 131 132
5 116 117 123 128 129
3 116 122 125
4 116 117 133 134
3 119 128 129
3 115 129 130
4 124 129 130 133
1 120
4 125 128 130 133
10 115 116 117 118 120 123 125 130 133 134
6 119 121 122 124 126 129
6 115 123 124 126 127 130
3 124 129 133
5 116 118 123 127 134
4 119 121 124 132
3 116 124 134
3 117 118 125
5 118 125 128 131 134
2 115 125
5 115 119 121 124 126
5 118 121 122 126 133
1 115
3 117 123 124
7 115 117 120 127 128 133 134
1 128
8 115 119 124 128 129 131 132 133
4 115 122 130 134
6 121 123 124 127 129 132
7 115 116 119 120 123 124 126
12 116 117 119 120 121 123 124 128 130 131 132 134
9 117 118 121 122 123 124 128 129 134
11 115 118 120 122 123 124 128 129 130 132 134
7 116 119 125 128 130 131 133
6 120 121 124 125 128 132
10 115 116 120 121 122 125 126 128 129 130
10 117 119 123 124 125 128 129 131 133 134
13 116 117 118 121 122 123 124 125 126 127 129 131 132
6 116 117 118 121 122 126
10 115 117 118 119 123 126 127 128 132 134
13 116 117 118 121 122 123 124 126 127 131 132 133 134
9 118 119 121 122 124 125 126 127 130
12 115 117 119 120 122 123 125 126 127 128 129 130
11 116 117 118 119 120 123 127 128 129 130 133
8 115 118 124 130 131 132 133 134
8 115 117 118 120 121 126 127 131
10 117 118 119 121 124 129 130 131 132 134
6 115 117 118 120 131 133
11 115 117 119 122 123 124 125 126 127 128 133
6 115 121 123 124 126 129
8 115 118 119 120 126 129 130 131
7 118 119 122 125 126 129 134
12 116 118 120 121 122 123 124 125 127 129 130 132
11 116 117 119 120 122 125 127 128 131 132 133
11 115 116 119 120 121 122 125 126 130 131 134
11 117 118 119 120 121 122 127 128 130 131 132
7 115 117 120 123 127 132 134
9 116 118 120 121 128 129 131 132 133
11 117 118 119 120 121 123 124 125 128 131 133
12 116 117 120 121 123 124 125 127 130 131 133 134
7 116 117 118 119 121 123 127
12 115 116 119 120 121 125 126 128 129 130 133 134
9 117 118 119 121 123 124 127 130 133
13 116 117 118 119 120 123 124 125 126 127 130 131 134
7 115 118 121 123 127 129 131
13 116 119 120 121 124 125 126 127 128 131 132 133 134
8 119 120 122 125 126 130 132 134
7 123 125 126 131 132 133 134
7 116 120 121 127 129 132 133
9 122 123 127 128 129 131 132 133 134
12 115 116 117 120 122 124 125 129 131 132 133 134
11 120 122 124 125 126 127 128 130 131 132 133
13 116 117 118 119 120 122 124 125 128 129 131 132 133
6 120 121 128 129 130 134
9 121 122 124 126 130 131 132 133 134
6 118 119 120 121 122 125
8 116 123 127 129 130 132 133 134
12 115 116 117 118 121 124 125 126 127 131 133 134
13 115 117 120 121 122 123 125 127 129 130 131 132 133
13 116 117 118 119 120 122 123 125 126 127 128 132 133
10 115 120 121 122 124 127 128 129 130 133
6 116 118 120 121 124 133
6 119 121 123 126 127 129
7 118 122 124 125 127 130 134
12 115 116 119 122 123 124 125 127 128 131 133 134
9 116 118 119 124 125 130 131 132 134
11 115 116 117 118 120 122 124 127 131 133 134
7 117 122 126 127 128 133 134
8 115 117 119 122 125 128 133 134
11 121 122 123 124 126 128 129 130 131 133 134
12 115 116 117 120 121 122 123 124 126 129 131 133
12 115 116 119 120 122 123 125 126 128 129 132 134
8 116 120 122 123 124 130 132 133
6 116 120 126 127 132 133
10 116 118 119 121 123 125 130 131 132 134
7 115 116 117 118 124 126 133
9 117 119 120 121 124 126 129 130 131
11 115 116 117 119 120 121 124 127 129 131 133
10 115 117 119 120 121 124 125 130 131 134
7 115 116 117 121 122 123 134
6 125 128 130 131 132 134
10 115 116 119 120 121 124 125 126 132 133
12 115 116 117 118 119 122 123 125 126 130 131 132
9 116 120 121 122 125 126 131 132 134
8 118 121 123 125 126 127 129 131
6 118 122 123 124 129 132
13 115 118 119 120 121 124 125 126 127 128 130 131 134
13 115 118 119 120 121 122 123 124 126 127 129 130 133
12 115 116 118 120 122 123 126 127 128 129 132 134
10 116 117 118 119 121 122 124 130 131 133
10 115 116 121 122 123 124 125 128 129 131
12 116 117 120 121 123 126 127 129 130 132 133 134
12 117 118 120 121 122 125 126 127 129 130 132 134
6 117 121 122 126 131 132
9 115 118 122 124 127 128 129 130 131
9 116 117 121 123 125 126 128 131 133
12 115 116 119 122 124 126 127 129 130 131 132 133
12 115 116 117 118 120 122 123 127 130 131 133 134
8 115 116 118 119 122 126 127 134
13 115 117 118 119 120 121 122 123 124 125 130 131 134
10 116 118 119 120 121 122 125 127 128 131
8 119 120 121 123 124 130 131 133
8 115 119 120 124 126 129 132 134
6 119 123 128 129 132 133
6 123 125 127 128 131 132
7 115 120 121 123 126 129 132
10 115 118 121 122 127 128 129 130 133 134
13 115 116 117 118 121 122 123 126 128 130 131 132 134
13 117 118 119 120 123 124 127 129 130 131 132 133 134
7 116 118 127 128 129 131 132
11 116 117 118 120 123 126 127 128 130 132 133
11 115 118 120 121 122 123 125 126 129 132 134
8 118 119 121 125 127 128 131 134
8 117 118 122 127 128 130 131 132
13 116 117 119 121 122 123 124 125 128 129 130 132 133
6 115 118 122 131 132 134
7 115 116 121 122 123 127 133
6 115 116 118 127 131 132
7 115 124 126 127 129 131 133
11 115 116 120 122 125 126 127 128 129 130 134
9 118 119 121 125 126 128 130 131 132
9 118 119 122 123 124 127 129 130 131
8 116 121 122 123 127 128 130 133
6 123 124 126 128 132 134
13 116 117 118 119 121 123 124 125 126 129 130 131 132
12 117 118 119 122 124 127 128 129 130 131 132 133
13 118 119 120 122 124 125 126 128 129 130 131 132 133
9 118 119 122 124 125 127 129 130 134
8 118 120 121 127 128 129 132 133
13 115 116 117 118 122 123 124 126 127 129 130 132 133
6 118 119 120 122 128 133
9 117 119 120 121 125 126 128 129 134
13 115 116 117 118 119 120 123 124 125 129 130 133 134
11 115 120 124 125 126 128 129 130 131 132 133
9 118 120 121 122 123 127 129 130 131
10 116 120 121 122 124 125 127 130 132 134
7 116 122 126 127 128 132 134
8 115 118 119 121 124 126 130 134
11 115 116 117 119 120 121 122 125 127 128 130
9 116 117 118 119 122 124 125 127 131
7 117 119 120 121 123 125 134
13 115 116 117 118 119 122 123 126 128 129 132 133 134
7 116 118 120 122 123 125 128
9 116 118 119 120 121 128 130 131 134
10 115 117 118 119 121 124 127 128 133 134
11 115 116 117 118 121 124 125 129 131 133 134
13 116 117 118 120 121 122 125 126 127 128 129 131 134
13 115 116 118 119 120 122 123 124 127 129 130 132 134
7 115 119 121 124 127 130 131
7 116 118 122 123 124 133 134
11 115 116 117 118 123 125 127 129 130 132 134
6 118 125 126 128 129 130
9 118 120 122 123 125 129 130 132 134
11 117 119 123 124 127 128 129 130 132 133 134
10 115 118 120 122 123 125 127 132 133 134
13 116 117 118 119 121 122 123 125 128 129 130 131 134
11 116 118 121 122 123 125 127 129 130 132 134
8 116 119 120 122 123 124 127 132
8 117 119 120 122 125 128 129 134
8 116 117 122 123 127 131 133 134
10 115 117 122 123 124 125 130 131 133 134
9 115 117 119 120 123 125 126 130 133
6 115 117 119 122 124 126
6 115 119 121 122 132 133
13 117 118 119 123 124 127 128 129 130 131 132 133 134
8 116 119 121 123 125 127 132 134
9 115 116 119 120 123 125 129 130 132
9 115 116 118 119 125 130 132 133 134
7 123 126 127 128 129 130 131
10 116 118 120 122 123 125 127 128 132 134
9 120 121 123 125 126 128 129 130 133
11 116 117 118 119 120 121 122 123 124 126 127
11 118 120 121 122 123 124 127 128 130 131 134
13 116 117 118 120 121 124 125 126 127 131 132 133 134
9 115 118 119 120 122 124 129 131 132
12 118 119 121 122 123 127 128 129 130 131 132 134
12 115 120 122 123 124 125 126 128 130 131 133 134
7 120 121 123 129 130 131 132
9 117 118 119 122 123 125 126 131 132
13 115 118 119 120 121 122 123 126 127 128 132 133 134
10 115 119 120 122 125 126 127 129 130 134
13 116 117 118 119 121 123 126 127 128 130 131 132 133
7 115 116 117 123 125 129 131
7 120 123 125 127 130 131 133
7 115 118 120 128 129 131 132
11 115 116 118 119 120 122 125 128 129 133 134
8 117 120 121 123 126 129 132 134
11 115 118 119 121 123 124 125 126 129 132 133
6 115 118 125 128 131 132
8 115 116 118 119 120 128 129 130
7 116 117 118 121 126 128 132
7 115 117 119 121 124 129 130
12 115 117 118 121 122 123 124 125 127 128 130 133
7 117 118 122 125 126 130 133
10 115 116 119 120 121 125 127 129 130 131
11 115 116 119 120 123 124 125 127 128 130 134
10 115 118 119 120 127 128 129 131 132 134
11 115 116 120 124 125 126 127 129 130 131 134
6 118 125 128 130 133 134
9 118 122 123 124 126 127 128 130 131
12 115 116 117 120 121 122 123 124 125 126 127 130
11 115 117 118 123 124 125 126 129 131 132 134
6 119 121 126 128 132 133
11 115 116 119 121 122 124 125 129 130 133 134
8 116 121 122 123 124 127 129 132
6 115 123 126 130 131 133
13 115 118 120 122 123 124 126 128 129 131 132 133 134
13 115 116 118 119 120 121 122 123 124 125 126 130 132
9 115 117 118 125 126 127 128 130 133
9 115 116 118 119 121 122 127 130 133
13 115 116 117 118 119 120 121 123 125 128 130 131 132
7 117 118 122 124 125 127 132
13 115 116 117 119 120 123 124 125 127 129 130 131 132
10 116 117 119 120 121 122 127 131 132 134
11 115 116 118 120 122 127 128 131 132 133 134
13 115 116 117 118 120 121 124 126 127 129 131 133 134
6 118 119 120 129 130 134
10 115 116 117 118 123 124 125 128 132 134
10 116 119 122 123 124 125 127 128 132 133
7 115 122 123 125 126 131 132
11 115 119 120 121 122 123 126 129 130 131 133
13 115 116 119 120 122 123 124 125 127 128 130 131 132
7 116 121 129 130 132 133 134
6 118 119 124 129 130 131
12 115 116 117 118 120 122 123 124 128 129 130 133
7 118 119 120 123 124 131 134
10 117 118 120 123 126 128 129 131 133 134
12 115 116 117 120 121 123 127 129 131 132 133 134
11 115 117 118 119 121 122 123 124 129 130 132
12 116 117 118 120 121 122 123 124 126 128 129 131
11 115 120 121 123 125 127 128 130 132 133 134
11 115 116 117 119 122 123 125 126 127 130 131
6 116 117 121 123 124 130
13 116 117 119 123 124 125 127 128 129 130 131 133 134
8 115 116 123 127 130 132 133 134
10 116 117 118 119 121 124 129 130 131 133
12 115 116 117 118 121 122 125 126 127 129 130 132
6 115 119 120 121 124 126
9 116 117 118 120 121 122 123 127 133
12 115 117 118 119 120 121 122 124 129 131 132 133
13 115 117 118 121 123 124 125 127 128 131 132 133 134
10 117 118 121 122 123 124 125 126 127 129
13 115 116 119 120 121 125 127 128 130 131 132 133 134
7 115 118 120 121 123 128 129
7 117 120 123 127 128 130 131
8 121 122 125 126 127 128 129 131
6 115 119 120 122 130 133
8 115 116 117 123 124 125 129 132
9 118 119 120 121 122 130 131 132 134
7 116 117 120 123 124 126 127
10 115 118 119 121 124 126 128 130 131 133
11 115 116 119 120 121 122 125 130 131 132 134
10 115 116 117 119 122 124 126 127 130 131
12 115 116 119 123 125 126 128 129 130 131 132 134
6 116 122 123 125 127 131
12 115 116 118 120 124 126 127 128 131 132 133 134
10 115 116 120 121 122 126 127 129 130 132
12 117 118 119 121 122 124 126 127 129 130 131 134
6 116 117 121 124 127 131
11 118 119 121 122 124 126 127 130 131 132 134
7 120 121 125 128 129 130 131
6 120 121 123 126 129 130
6 116 117 119 122 128 129
13 116 117 118 121 122 123 126 128 130 131 132 133 134
8 116 117 121 123 128 129 132 133
9 115 116 117 120 121 122 126 131 132
6 115 121 124 125 130 133
9 117 118 123 125 126 128 131 132 134
6 115 121 123 125 128 130
11 115 120 121 123 124 125 126 128 129 130 132
7 115 118 122 124 131 133 134
7 117 120 122 125 127 129 131
7 118 119 121 125 126 132 134
13 115 116 117 118 121 123 124 126 127 128 129 130 131
7 117 120 123 124 126 127 132
11 115 116 119 122 123 127 129 130 131 132 134
6 119 120 125 126 128 130
6 116 117 122 126 129 132
6 119 123 125 126 130 131
7 115 116 126 127 129 130 131
11 116 117 119 120 122 125 126 129 130 131 133
13 115 117 119 121 122 123 124 125 127 128 130 132 134
8 117 120 124 126 127 128 131 133
13 116 117 118 120 123 125 127 128 129 130 131 132 133
9 116 118 120 122 124 127 129 133 134
6 117 118 122 124 130 131
7 117 119 123 125 131 132 133
11 115 116 120 122 125 126 128 129 131 133 134
10 116 120 122 123 125 129 130 131 132 133
7 116 119 121 122 126 127 134
11 115 120 121 123 124 125 127 128 130 133 134
6 118 120 121 122 125 133
9 118 123 128 129 130 131 132 133 134
13 115 117 118 120 121 122 124 125 126 127 131 132 134
10 115 119 121 122 126 128 129 130 132 134
8 116 119 120 121 127 128 133 134
11 115 116 118 124 126 128 129 131 132 133 134
7 115 118 120 126 131 132 134
10 115 120 121 123 126 127 128 129 130 134
11 115 117 119 120 121 124 126 127 128 130 134
12 116 117 118 119 121 124 128 129 130 131 133 134
12 116 117 118 119 123 124 126 127 128 129 131 133
7 116 119 120 122 125 128 134
12 116 117 119 120 123 127 128 129 130 131 132 134
10 115 116 119 121 125 127 129 130 131 132
11 116 117 118 124 125 126 127 130 131 132 134
8 117 119 120 125 126 127 132 134
