166 1419
22 1 2 3 4 5 6 7 8 9 10 11 12 13 14 15 16 17 18 19 20 21 22
16 1 2 4 5 6 7 9 10 11 12 13 14 15 18 19 20
11 2 4 10 11 12 14 16 18 19 21 22
15 3 4 6 7 8 9 12 13 14 15 16 17 20 21 22
12 1 4 7 8 9 11 13 15 17 18 19 21
16 1 2 4 5 6 7 9 10 11 12 13 15 17 19 20 22
10 4 5 7 8 12 13 17 18 20 21
14 3 4 5 6 8 9 11 12 13 14 16 17 18 22
10 2 6 7 8 12 13 15 16 17 18
12 5 6 7 8 9 10 11 13 15 16 18 21
10 1 2 6 8 9 10 13 14 17 20
7 1 6 10 11 13 15 22
14 1 2 3 4 5 9 10 12 14 15 16 17 19 21
14 1 6 8 10 11 12 13 14 15 16 17 18 21 22
12 1 2 4 5 6 7 8 14 16 18 20 22
11 1 3 4 8 9 10 11 12 14 16 18
16 1 3 5 7 9 10 12 13 14 15 16 17 19 20 21 22
14 2 3 5 6 8 11 12 14 15 16 17 20 21 22
7 3 6 7 12 14 21 22
12 1 5 9 10 13 15 17 18 19 20 21 22
12 1 8 9 10 11 13 14 15 16 17 18 20
9 5 7 8 9 11 12 14 18 19
14 2 3 4 6 7 8 11 13 14 15 17 18 19 22
7 4 6 8 13 15 18 19
17 1 2 3 4 5 6 7 8 9 10 11 14 15 17 19 21 22
13 1 3 4 5 6 7 8 10 12 14 17 21 22
8 3 5 12 14 15 16 19 22
12 3 4 6 7 8 11 12 15 17 18 20 21
9 1 5 9 12 13 16 19 20 22
8 2 4 5 6 11 15 18 19
10 1 2 4 7 9 11 13 14 16 21
8 1 3 9 10 11 12 13 20
7 2 4 9 12 14 16 18
12 2 3 4 5 7 11 16 17 18 20 21 22
12 1 2 3 6 9 11 13 14 15 18 19 22
11 1 3 4 7 11 12 13 16 18 20 21
8 2 7 8 11 13 16 17 21
10 4 7 9 10 13 14 15 16 17 22
15 1 2 6 9 10 11 13 14 15 17 18 19 20 21 22
8 3 4 9 11 13 18 19 20
14 1 3 4 5 6 7 9 10 11 13 14 19 20 22
12 1 2 3 6 8 11 13 14 16 18 20 21
9 2 4 8 13 14 16 20 21 22
14 1 2 5 8 10 12 13 14 15 16 17 18 21 22
8 6 12 13 14 15 19 20 21
13 4 5 7 10 11 12 13 14 15 17 19 21 22
9 1 2 7 8 9 11 15 20 21
10 2 4 5 9 11 16 17 19 20 22
11 1 3 4 6 9 10 11 12 18 19 20
7 2 10 14 16 18 21 22
17 1 4 5 6 7 10 11 12 13 15 16 17 18 19 20 21 22
14 1 4 5 8 10 11 12 13 15 16 18 19 21 22
8 1 2 6 10 15 16 17 21
7 1 3 4 5 10 20 21
14 1 2 4 5 6 8 10 12 14 15 17 18 19 21
8 3 4 8 9 14 16 18 22
10 1 6 7 8 10 12 14 15 16 20
14 1 3 5 6 7 8 9 10 13 14 17 19 21 22
8 4 6 7 8 17 18 19 20
7 4 7 12 14 15 16 19
7 2 3 12 14 17 18 19
15 2 3 4 5 6 7 8 9 10 11 15 16 18 20 21
7 4 8 9 11 12 15 19
10 1 2 5 6 8 9 10 11 14 18
10 1 2 4 10 11 13 14 16 19 20
15 3 4 6 7 9 10 14 15 16 17 18 19 20 21 22
14 1 3 5 6 7 9 13 15 16 17 19 20 21 22
7 3 5 6 7 10 16 21
15 2 5 8 9 10 11 13 14 15 16 17 18 20 21 22
16 2 3 5 6 7 8 9 12 14 15 16 17 18 20 21 22
14 4 5 8 9 10 11 12 13 14 16 17 18 20 21
12 1 2 4 7 10 13 15 18 19 20 21 22
7 5 7 12 15 16 21 22
22 23 24 25 26 27 28 29 30 31 32 33 34 35 36 37 38 39 40 41 42 43 44
16 23 24 25 26 29 30 32 33 35 36 37 38 39 40 41 43
13 25 26 27 28 31 33 34 35 37 38 41 43 44
9 25 27 28 34 35 36 39 40 44
9 24 29 30 31 33 38 39 41 43
8 25 30 31 33 35 36 38 42
10 23 25 26 27 30 31 35 36 40 42
9 23 25 28 29 31 34 35 38 41
13 23 25 29 30 31 35 36 37 38 40 41 42 44
12 23 24 26 28 29 31 34 35 38 39 41 42
8 24 26 30 32 34 35 36 44
15 23 24 26 27 29 30 33 34 35 36 37 40 41 42 43
8 24 25 27 29 33 34 36 41
6 26 27 31 40 41 44
14 23 24 25 27 28 29 30 31 32 33 35 36 40 43
15 23 24 27 28 30 33 34 35 36 37 38 39 40 42 43
9 24 25 27 28 29 34 38 39 40
8 23 26 29 32 37 38 39 43
15 24 26 27 28 30 31 32 33 34 35 36 37 41 42 44
11 25 28 29 30 31 32 33 37 38 40 44
8 28 30 36 38 40 41 42 43
7 25 29 34 37 38 43 44
8 27 28 34 37 38 40 43 44
13 23 24 26 28 29 30 31 32 34 37 38 41 42
8 23 24 25 26 30 35 36 43
7 27 28 30 31 35 36 37
8 27 28 34 37 38 42 43 44
16 24 25 26 27 28 29 30 31 32 35 36 38 39 40 41 42
8 24 27 28 29 30 33 34 38
9 23 27 31 32 36 40 42 43 44
13 23 27 28 30 34 35 38 39 40 41 42 43 44
8 27 28 30 33 34 35 38 44
10 24 27 29 31 33 34 36 37 41 44
14 23 27 28 29 31 32 33 34 36 38 39 40 41 43
8 23 29 30 32 35 40 43 44
12 24 26 29 31 32 33 35 37 38 40 42 43
14 24 25 26 27 29 31 33 36 37 38 39 40 42 44
12 24 25 27 28 29 30 31 32 34 38 41 44
11 23 25 27 30 31 33 34 37 38 42 43
11 23 25 26 29 36 38 40 41 42 43 44
15 23 24 25 26 29 30 31 34 36 37 39 40 42 43 44
8 24 29 30 32 35 36 38 39
9 24 26 27 28 35 38 40 41 43
14 23 24 25 26 27 28 29 33 36 37 38 40 42 44
11 23 24 27 28 30 32 35 36 37 39 41
14 23 25 26 27 28 30 31 32 35 36 39 40 42 44
14 23 24 25 26 27 29 31 36 37 38 39 40 42 43
12 25 26 27 28 29 31 32 35 37 38 40 44
14 24 25 26 28 29 30 31 32 33 35 36 39 40 44
7 25 26 27 32 37 41 44
7 29 30 31 34 35 38 43
11 23 25 26 29 31 32 33 36 38 42 44
14 23 25 26 28 30 31 32 33 35 36 38 40 41 42
6 25 26 29 37 42 43
16 23 24 25 26 27 28 31 32 33 36 37 38 39 40 41 44
10 25 27 30 31 34 37 38 39 40 42
9 23 24 25 28 32 34 38 39 41
9 24 26 30 31 32 33 34 38 41
7 29 30 31 38 40 41 42
9 23 25 29 31 32 33 34 35 42
10 24 26 27 32 34 35 40 41 42 43
17 23 26 27 28 29 30 31 32 33 34 35 37 39 41 42 43 44
9 23 24 28 29 31 34 36 40 41
29 45 46 47 48 49 50 51 52 53 54 55 56 57 58 59 60 61 62 63 64 65 66 67 68 69 70 71 72 73
19 45 46 47 48 49 50 52 53 55 57 59 61 62 63 64 65 66 68 69
16 48 51 53 54 58 59 61 62 63 65 66 67 68 69 70 73
17 46 47 48 49 53 54 55 56 57 58 61 62 63 67 69 71 73
23 46 48 49 50 51 52 53 54 56 57 58 60 61 62 63 64 65 66 67 68 70 72 73
11 45 46 47 50 51 53 59 60 61 65 69
11 50 54 57 58 60 63 64 68 69 70 71
20 45 46 47 48 49 50 51 52 55 56 58 60 61 62 63 64 65 69 71 73
18 45 46 47 50 51 52 53 54 56 59 60 62 65 66 67 69 70 73
17 45 46 50 51 57 58 59 60 62 63 65 66 67 68 69 70 73
20 45 46 48 50 52 55 56 57 58 60 61 62 63 64 65 66 68 70 71 72
19 45 47 48 49 51 52 53 54 55 56 58 59 60 61 63 64 67 68 73
16 46 48 51 52 53 56 57 58 59 61 63 64 66 70 72 73
10 48 51 54 59 60 65 68 69 71 72
11 47 48 54 56 61 62 64 67 70 71 73
22 45 46 48 49 50 51 54 55 56 57 58 60 61 62 63 64 65 66 67 68 70 72
20 45 47 48 50 51 52 53 54 56 58 59 61 63 64 65 67 68 69 70 72
15 45 47 50 51 54 57 58 59 60 61 64 66 67 68 71
16 45 48 50 52 54 55 57 60 61 63 66 67 68 69 71 73
13 46 47 49 50 54 55 58 63 64 67 68 72 73
15 46 49 50 52 56 57 58 61 64 65 66 68 69 70 72
20 45 46 47 48 49 52 54 55 56 57 58 61 62 63 64 67 69 70 72 73
14 45 49 53 54 56 59 60 64 65 66 68 71 72 73
15 45 47 49 50 55 56 57 58 59 60 61 66 69 71 72
20 45 46 47 48 50 51 52 53 55 57 60 62 63 64 65 67 68 69 70 71
14 48 50 51 54 55 56 57 58 59 60 65 69 71 72
18 45 46 47 48 49 50 51 53 54 55 57 58 61 62 65 66 67 72
9 45 46 52 54 61 65 66 68 71
22 46 47 49 52 53 54 55 56 57 58 59 60 61 64 65 66 67 69 70 71 72 73
11 47 49 55 56 58 60 62 63 66 68 72
18 45 49 53 54 55 57 58 59 60 61 62 64 65 66 67 70 71 73
10 46 52 56 60 65 67 68 69 70 71
17 45 46 49 50 51 52 53 56 57 58 60 61 62 63 64 65 68
13 52 54 55 57 58 59 60 61 62 67 69 71 72
15 45 49 51 55 56 59 60 63 64 66 68 69 70 71 73
22 45 47 49 50 51 52 53 55 56 57 61 62 63 64 65 66 67 68 69 70 71 73
11 46 53 56 60 62 64 65 66 68 69 70
18 45 46 47 48 49 50 51 52 56 57 58 61 62 63 66 67 71 73
9 45 47 55 59 61 62 64 66 69
10 46 48 53 54 57 59 64 66 67 72
13 47 48 50 54 57 58 61 64 66 68 69 71 73
14 45 47 48 51 53 55 56 60 61 62 64 67 69 73
15 45 46 47 48 49 50 52 57 58 64 65 68 69 71 72
14 46 50 53 55 56 57 59 60 65 67 68 69 72 73
21 45 46 47 49 51 52 53 54 55 57 58 60 61 62 64 65 66 67 71 72 73
8 49 55 56 58 59 65 69 70
9 46 48 49 51 53 54 55 61 72
14 46 47 48 51 52 53 58 60 61 64 66 67 68 73
17 45 48 50 51 52 53 54 57 58 59 62 63 64 65 66 71 73
18 46 47 48 49 51 53 55 56 58 59 60 63 64 66 67 68 72 73
22 45 47 49 50 54 57 58 59 60 61 62 63 64 65 66 67 68 69 70 71 72 73
13 45 46 48 52 53 54 56 59 61 62 67 68 73
15 45 46 47 52 56 58 59 60 62 65 67 68 70 71 73
15 47 48 50 51 52 53 55 57 58 59 63 65 66 70 71
13 46 47 50 51 52 53 55 57 59 60 62 65 69
20 45 46 47 48 51 52 54 56 57 58 59 61 63 65 66 67 69 70 72 73
19 45 50 51 53 54 55 56 57 59 63 64 65 66 67 68 69 70 72 73
20 45 47 48 50 54 55 56 57 58 59 60 61 62 63 64 65 67 68 69 73
22 45 46 47 48 49 50 54 56 57 58 59 60 61 62 63 64 66 67 68 69 70 72
23 45 46 47 48 49 50 51 53 54 55 56 57 60 61 62 63 64 65 66 69 70 72 73
18 46 47 48 49 50 52 54 57 59 60 63 64 66 68 69 70 71 73
22 46 47 48 50 51 52 54 55 56 58 60 61 62 63 64 65 67 68 70 71 72 73
22 45 46 48 50 51 52 53 54 55 59 60 61 62 63 64 65 66 68 69 70 71 73
12 47 49 52 53 54 57 58 59 64 68 69 71
18 45 46 47 48 49 50 53 56 57 58 59 60 63 65 67 68 69 72
9 45 52 56 59 62 67 68 71 73
20 45 46 47 48 50 51 52 54 55 56 57 58 59 61 63 65 66 67 68 71
14 45 47 49 50 51 52 59 60 64 66 67 68 69 70
17 45 46 47 49 55 56 57 59 60 61 62 63 66 67 68 69 71
22 45 46 47 48 50 51 54 55 56 58 61 63 64 65 66 67 68 69 70 71 72 73
18 47 48 49 50 51 52 53 56 57 60 61 64 65 67 68 70 71 73
18 45 47 49 50 52 53 58 59 60 61 62 64 65 66 68 69 71 73
16 45 47 51 52 53 54 55 58 59 60 62 64 66 67 71 72
15 46 49 50 51 52 53 54 59 64 65 66 67 70 71 72
21 45 46 48 49 50 52 55 56 58 60 61 62 63 64 67 68 69 70 71 72 73
9 47 49 50 52 54 55 62 65 73
20 45 48 51 52 53 54 56 57 58 59 60 61 62 64 65 68 70 71 72 73
9 57 58 62 66 68 70 71 72 73
14 45 47 50 51 52 56 57 59 61 62 63 66 70 73
12 46 50 51 54 57 58 59 60 63 68 69 73
10 47 51 54 55 57 62 65 67 71 73
9 47 52 57 61 65 67 69 71 72
15 45 47 50 52 55 56 61 62 63 64 68 70 71 72 73
17 46 49 50 51 52 53 54 58 59 62 63 64 66 67 68 69 72
14 74 75 79 81 88 90 91 94 98 100 101 104 110 111
6 76 87 95 100 102 109
8 77 81 88 91 99 102 106 108
19 74 76 79 81 86 87 88 92 93 96 97 98 100 101 102 105 106 107 108
21 78 79 80 82 85 86 87 88 89 91 92 93 94 95 97 99 101 103 106 110 111
5 75 83 91 98 99
16 77 80 81 86 87 90 92 93 94 96 100 101 102 104 108 110
10 78 80 83 84 93 94 97 101 107 110
8 79 80 82 83 84 87 94 107
11 80 81 87 91 93 94 96 99 107 108 109
17 74 75 76 77 81 83 84 90 96 98 100 102 104 105 107 108 109
16 75 77 79 80 82 84 85 87 88 90 94 96 97 101 106 109
6 74 76 82 89 90 105
6 79 82 96 101 104 107
26 74 76 78 79 80 81 82 83 84 87 88 89 91 93 94 95 96 100 103 104 105 106 107 108 110 111
17 74 75 76 77 79 80 81 84 85 90 91 95 96 102 104 107 109
10 74 75 78 81 90 95 96 98 104 109
12 75 76 80 81 84 95 99 100 105 109 110 111
10 78 79 84 85 93 95 98 105 106 111
12 74 77 87 92 94 95 100 103 106 107 110 111
12 74 78 79 82 83 84 85 88 91 92 93 101
9 80 81 89 94 96 98 105 108 110
14 77 80 81 83 88 94 96 97 98 102 103 105 107 110
18 74 78 79 80 82 83 85 86 91 93 95 97 103 104 105 106 107 109
9 75 76 78 82 89 96 97 99 104
13 74 75 76 78 79 82 84 87 92 93 106 108 109
16 80 82 84 85 86 87 92 93 94 99 101 102 105 108 110 111
10 75 77 79 82 87 94 99 100 107 109
8 84 85 89 91 99 103 105 111
9 81 83 84 90 93 98 101 105 109
14 76 77 78 85 88 91 92 93 96 98 99 103 104 105
5 74 81 89 95 100
12 75 78 79 80 81 82 87 91 97 100 103 106
10 79 81 84 86 88 93 95 103 105 111
25 74 76 78 80 83 85 86 87 89 92 93 94 95 96 98 99 100 103 104 105 106 107 108 109 110
19 75 77 78 80 82 83 84 85 89 90 91 94 95 99 103 104 109 110 111
9 74 79 82 83 84 86 88 92 104
31 74 75 76 78 79 80 82 84 85 86 87 88 89 90 91 92 93 94 96 97 98 101 102 103 104 105 106 107 108 109 110
11 75 76 77 80 82 90 100 101 102 103 109
12 75 77 85 86 90 92 97 98 99 101 102 109
11 74 77 78 85 86 89 92 94 102 103 106
11 85 86 89 90 91 95 99 100 101 104 111
10 76 78 79 84 85 88 95 97 105 106
5 78 84 94 95 101
11 75 77 86 90 97 99 103 104 106 107 111
28 74 75 76 77 78 80 82 83 85 87 89 90 91 92 94 96 97 98 99 100 101 102 104 106 107 108 109 110
9 83 87 88 90 91 93 97 98 108
7 76 77 80 82 88 99 110
28 74 76 78 80 81 83 84 85 86 88 89 90 91 92 93 95 96 97 98 101 102 103 104 105 106 108 110 111
7 77 81 83 95 99 100 111
22 74 76 78 81 83 86 89 91 92 93 95 98 99 100 102 103 104 105 107 108 110 111
7 75 78 82 83 89 104 105
13 75 77 79 81 82 84 88 90 91 97 101 102 111
31 74 76 77 79 80 81 84 85 86 87 88 90 91 92 93 94 95 96 97 98 99 100 101 102 103 106 107 108 109 110 111
13 75 79 83 87 89 92 97 98 100 107 108 109 111
21 78 82 83 86 87 88 89 92 93 94 97 98 99 100 101 103 105 106 108 110 111
20 75 76 77 81 84 87 88 89 90 92 94 96 98 99 100 101 102 108 110 111
9 83 86 89 91 92 94 99 104 107
8 74 81 87 88 96 97 108 110
19 74 75 76 78 82 86 87 88 92 93 94 97 100 101 102 104 106 107 108
14 75 76 77 78 85 89 90 95 98 100 101 105 106 110
26 74 76 77 83 84 85 86 88 89 90 92 93 94 95 96 98 99 101 102 104 105 107 108 109 110 111
4 97 102 103 111
7 74 82 89 103 107 109 111
8 79 80 85 86 88 91 102 108
12 77 78 80 83 84 85 86 89 96 102 103 105
13 74 81 85 86 90 91 93 96 102 103 104 105 106
14 75 79 85 86 87 92 95 96 98 100 103 104 109 111
12 76 77 79 83 88 89 91 97 100 103 106 107
11 75 86 90 97 101 102 106 108 109 110 111
11 77 79 80 81 83 90 95 96 98 109 110
12 76 82 87 92 93 95 97 99 106 107 108 109
9 75 77 85 86 90 98 99 102 109
5 74 82 89 90 105
5 82 83 84 94 107
8 75 77 85 86 90 98 101 109
6 78 84 85 93 98 111
12 74 79 81 86 87 92 96 97 100 101 105 107
27 74 76 77 79 80 81 84 85 86 87 88 90 92 93 94 95 96 100 101 102 103 106 107 108 109 110 111
7 74 77 85 86 89 94 102
4 82 101 104 107
4 75 83 98 99
6 76 93 95 97 106 107
5 75 78 81 104 109
7 77 83 89 91 103 106 107
8 76 80 81 84 95 99 105 111
18 82 86 87 88 92 93 94 97 98 99 100 101 103 105 106 108 110 111
14 78 82 83 87 88 89 92 93 97 98 103 108 110 111
10 75 77 85 86 90 92 98 99 101 102
6 74 75 79 92 93 108
5 75 77 90 100 109
4 77 81 95 100
6 77 91 99 102 106 108
6 85 91 93 96 102 104
5 74 88 96 97 110
9 82 87 93 95 97 106 107 108 109
10 75 79 85 87 95 96 100 103 104 111
12 74 81 83 90 96 98 100 102 104 105 107 109
15 79 80 82 86 87 88 91 94 95 97 99 101 103 106 111
9 75 77 86 90 99 103 106 107 111
3 79 101 104
7 74 85 86 91 93 96 106
16 75 77 78 80 82 83 85 91 94 95 99 103 104 109 110 111
8 75 78 84 87 92 93 106 109
7 74 87 94 95 103 107 111
5 83 91 94 99 104
10 75 78 79 80 81 82 97 100 103 106
17 78 86 87 88 93 94 97 98 99 100 101 103 105 106 108 110 111
3 78 94 95
5 74 89 103 109 111
13 75 77 78 82 84 89 90 95 103 104 109 110 111
2 97 103
6 90 91 93 97 98 108
6 75 86 90 97 108 109
11 74 75 78 82 87 88 92 97 100 101 104
11 74 76 81 84 85 90 91 96 102 107 109
15 74 75 76 78 80 83 85 90 91 92 96 97 100 102 110
11 77 80 82 83 84 91 94 95 104 109 110
2 97 102
14 76 83 84 89 92 95 96 97 98 102 105 108 110 111
6 90 101 106 108 110 111
18 74 76 80 81 83 84 87 91 93 94 96 100 104 105 106 108 110 111
11 77 79 80 82 84 85 94 96 97 106 109
5 86 88 93 105 111
8 79 84 86 88 95 103 105 111
6 78 80 91 97 103 106
12 79 85 86 87 92 95 96 100 103 104 109 111
15 74 78 80 85 86 92 93 96 98 99 100 103 105 109 110
10 78 80 82 83 91 94 104 109 110 111
15 74 81 83 86 89 91 92 93 95 99 100 102 103 105 110
11 75 79 85 86 87 92 95 96 98 100 103
9 79 83 87 97 98 100 107 108 109
7 75 77 79 87 94 99 100
6 75 87 92 97 98 100
11 82 84 85 86 87 93 99 102 105 108 111
7 81 87 88 96 97 108 110
8 74 77 78 85 86 89 92 106
12 79 81 87 88 93 96 98 100 101 102 106 107
7 83 86 91 94 99 104 107
3 83 91 98
11 77 79 80 85 87 88 90 96 97 101 106
10 74 75 78 79 82 84 87 92 93 108
16 87 88 89 92 93 94 97 98 99 101 103 105 106 108 110 111
4 74 81 89 100
6 78 80 83 97 101 110
6 75 77 79 94 100 109
8 80 81 82 87 91 97 100 103
10 74 76 77 81 91 95 96 102 104 107
13 80 82 84 86 87 92 93 94 99 101 105 108 111
12 77 79 80 84 87 88 90 94 97 101 106 109
4 76 100 102 109
13 74 76 81 83 89 93 95 98 99 100 107 108 111
7 79 93 95 98 105 106 111
3 75 91 98
6 75 76 78 89 97 99
11 85 86 87 92 96 98 100 103 104 109 111
4 78 84 95 101
11 75 77 81 84 90 96 100 102 105 108 109
17 74 77 84 86 88 90 92 93 95 96 99 102 104 105 107 108 109
8 77 79 83 89 91 100 103 107
4 74 82 90 105
8 74 75 81 83 90 96 98 109
4 75 82 83 89
4 83 93 98 105
6 79 80 83 84 87 94
5 80 84 93 101 110
9 74 77 78 85 86 92 94 102 106
13 76 77 86 88 93 96 98 102 107 108 109 110 111
8 75 81 84 88 90 91 102 111
4 82 107 109 111
6 80 82 90 101 102 103
5 77 81 95 99 111
8 75 79 87 95 96 103 109 111
11 75 79 87 92 96 98 100 103 104 109 111
6 81 83 93 98 101 105
7 77 80 83 84 85 102 105
11 78 83 87 89 92 94 98 99 100 108 110
10 75 86 90 92 97 98 99 101 102 109
9 77 78 84 86 89 96 102 103 105
12 77 78 85 88 91 92 93 96 98 99 103 105
4 74 81 89 95
11 74 75 78 79 82 84 87 92 93 108 109
8 77 79 80 81 83 90 98 110
4 76 89 96 104
10 75 76 84 95 99 100 105 109 110 111
7 81 83 84 90 98 105 109
5 76 87 95 100 102
6 85 86 95 99 101 111
7 78 83 93 94 101 107 110
5 88 91 99 102 106
7 76 80 82 90 100 101 109
10 83 87 88 89 92 97 100 103 108 110
4 81 95 99 111
4 82 107 109 111
10 76 82 87 92 95 97 99 106 107 109
13 75 77 87 88 89 92 94 96 98 99 100 101 102
27 74 76 77 79 80 84 86 87 88 90 91 92 93 94 95 98 99 100 101 102 103 106 107 108 109 110 111
4 74 81 89 95
6 79 80 85 86 88 91
6 74 76 78 82 84 93
10 74 75 81 90 91 94 98 101 104 110
6 75 90 97 106 108 110
3 78 95 101
6 79 85 86 88 102 108
7 76 77 83 100 103 106 107
11 81 86 92 97 98 100 101 102 105 106 107
6 77 79 90 98 109 110
7 79 84 86 88 93 105 111
6 74 87 96 97 108 110
5 77 81 83 95 99
7 74 82 84 86 88 92 104
7 86 89 91 92 94 99 107
16 74 77 83 84 85 86 89 92 93 94 96 102 104 108 110 111
5 75 78 90 98 104
3 74 81 100
2 97 102
6 79 80 82 84 87 107
6 77 86 97 99 103 111
7 75 77 86 90 97 99 103
12 79 82 85 88 91 92 93 95 99 103 110 111
10 74 79 82 83 84 85 88 92 93 101
21 74 83 84 86 88 90 92 93 94 95 96 98 99 101 102 104 105 107 108 109 110
4 74 81 95 100
6 84 85 89 91 103 111
3 84 95 101
3 75 91 98
17 76 80 83 85 87 89 93 95 96 98 99 104 105 106 107 108 110
8 76 80 81 95 99 100 105 111
7 76 77 82 100 101 102 103
7 79 85 87 92 100 104 109
5 81 87 93 108 109
8 80 81 87 93 96 99 107 109
8 74 78 79 82 83 88 93 101
4 74 82 89 105
7 75 79 88 91 100 104 111
9 74 78 82 83 84 88 91 93 101
7 74 78 85 89 92 94 106
23 74 76 78 79 80 82 84 85 86 87 89 90 93 97 98 101 103 104 105 106 107 108 109
4 76 82 89 105
6 89 91 94 99 104 107
5 93 95 98 105 111
9 74 75 76 79 82 84 92 106 109
8 74 85 86 90 91 96 103 104
7 85 90 91 93 96 104 105
7 77 79 81 83 95 109 110
5 86 89 94 99 107
8 76 82 87 92 95 97 106 108
2 97 111
2 74 95
8 86 90 97 99 103 104 106 111
6 74 79 83 85 92 93
13 79 80 82 85 86 88 92 94 95 97 99 110 111
6 86 90 91 100 101 104
7 84 88 93 95 103 105 111
12 77 81 86 90 92 93 94 96 101 102 108 110
6 82 83 84 85 92 101
11 75 79 85 86 87 92 95 96 98 103 111
2 97 103
9 85 86 89 90 91 95 100 101 104
13 75 77 78 82 83 84 85 89 91 95 103 109 111
8 80 81 87 91 93 96 99 108
4 76 87 100 102
9 80 81 94 96 98 103 105 107 110
7 78 79 82 83 85 92 93
13 79 80 82 85 86 87 88 89 91 97 106 110 111
11 77 80 81 88 94 96 97 98 103 107 110
12 77 80 81 88 94 96 97 98 102 103 105 107
15 76 77 81 84 87 88 89 94 96 99 100 101 102 108 111
6 80 81 82 87 91 97
12 75 77 79 80 82 84 87 88 90 94 101 109
18 75 78 80 82 85 86 88 90 94 96 97 98 102 106 107 108 109 110
11 75 79 83 87 89 92 97 107 108 109 111
6 85 89 91 99 103 111
7 83 89 92 94 99 104 107
7 80 81 89 96 98 108 110
8 77 78 83 89 96 102 103 105
3 102 103 111
14 74 76 79 81 87 88 93 98 100 101 102 106 107 108
5 81 89 98 105 108
23 76 77 78 80 83 84 85 88 90 91 92 93 94 95 96 98 101 102 103 105 106 108 111
14 74 76 82 83 87 89 94 95 96 100 103 104 105 111
14 74 76 79 84 86 87 92 93 94 97 100 104 106 110
16 78 81 82 84 86 88 89 90 92 94 95 99 102 104 105 111
14 76 77 83 84 85 90 91 95 98 102 103 106 107 108
19 75 78 79 81 84 86 88 89 91 92 98 99 100 102 103 104 106 109 111
20 75 76 78 80 81 82 83 84 85 87 90 91 95 97 100 102 105 106 108 111
13 76 78 79 82 85 93 94 95 97 101 102 104 109
19 74 77 80 81 86 90 92 93 94 95 97 98 99 101 103 106 107 109 110
21 74 77 78 80 81 85 86 87 88 92 93 95 97 99 100 101 105 107 108 109 110
21 74 76 78 80 81 83 88 89 91 92 93 95 97 98 100 101 102 104 106 107 108
25 74 75 76 77 81 82 83 85 87 90 91 94 95 96 97 98 101 102 104 105 106 107 109 110 111
11 76 82 83 84 93 95 99 104 106 108 110
13 75 76 78 81 84 85 86 87 89 90 92 99 111
11 74 75 78 79 85 86 97 101 102 103 111
19 74 75 76 78 79 80 81 84 87 90 92 100 103 104 105 106 107 108 109
11 76 78 79 80 83 88 89 94 95 96 106
16 74 76 80 84 85 86 90 91 92 94 95 97 98 100 104 109
17 74 75 76 77 79 81 85 89 92 93 94 97 99 104 109 110 111
21 74 77 79 81 82 84 85 87 89 91 92 94 95 97 99 102 103 106 107 109 110
16 74 75 78 81 82 83 84 88 89 90 98 100 101 103 107 108
20 74 75 76 81 82 85 87 90 91 92 93 94 95 96 98 99 100 105 106 107
17 75 77 79 82 84 86 87 93 94 96 98 99 101 107 108 110 111
14 75 78 82 84 86 89 90 93 95 97 106 107 108 111
18 74 75 76 81 86 87 89 96 97 98 99 101 103 104 105 106 108 110
25 76 77 78 79 81 84 85 87 88 90 91 92 93 94 95 98 99 102 103 104 105 107 108 109 111
13 76 77 81 82 88 90 91 94 97 98 108 110 111
18 74 75 77 81 82 84 85 87 88 91 94 95 97 98 99 101 102 108
23 75 76 78 81 82 83 86 87 88 89 90 91 93 95 97 98 99 100 102 103 105 108 111
20 74 75 76 79 80 88 89 90 91 92 94 95 96 99 100 102 103 104 106 109
11 75 77 78 79 80 81 84 90 91 99 100
25 74 75 76 78 83 85 86 88 89 90 91 92 95 96 97 98 99 100 103 104 106 107 109 110 111
16 76 81 83 86 89 90 94 97 98 101 104 105 106 107 110 111
24 75 76 78 79 80 82 84 85 86 87 88 89 94 95 96 100 101 102 103 104 106 108 109 110
20 74 75 77 80 84 86 87 88 90 94 95 96 98 100 103 104 106 108 109 111
20 74 75 77 81 85 86 87 88 89 92 94 96 98 99 100 102 104 105 106 111
12 75 77 79 86 90 96 99 102 104 107 108 109
22 74 75 76 78 80 82 84 85 86 90 91 92 96 97 98 100 101 102 103 106 107 111
19 74 77 79 81 82 83 84 86 87 88 92 93 94 98 103 107 109 110 111
22 74 75 76 77 78 79 81 88 89 90 91 92 94 95 98 99 100 101 103 106 109 111
15 77 78 80 81 82 84 86 89 92 98 99 101 104 109 111
15 75 77 78 81 82 83 85 87 88 89 101 104 105 108 110
21 74 75 77 79 80 83 86 89 90 93 96 97 98 99 102 104 106 107 108 110 111
26 75 76 77 78 79 80 82 84 85 87 88 91 92 95 96 97 98 99 102 103 104 105 106 107 109 111
16 74 77 78 79 80 81 84 87 88 92 95 97 101 102 105 108
12 74 75 76 78 82 83 86 97 99 100 108 110
15 74 76 83 84 89 90 91 94 95 97 101 102 103 106 107
13 74 75 82 88 92 93 97 98 100 101 102 106 109
11 75 78 79 84 88 95 100 102 103 108 110
17 76 78 79 81 84 88 89 93 94 97 98 99 102 103 104 106 108
21 74 76 78 81 83 84 86 89 93 94 97 98 102 103 104 105 106 107 108 109 110
26 74 76 77 79 81 82 83 84 85 87 89 90 94 95 96 97 98 99 100 101 102 103 104 105 106 110
23 74 76 79 80 81 82 83 84 85 87 88 90 93 94 97 98 100 101 104 106 107 108 111
16 74 75 77 80 81 82 85 89 94 98 99 102 103 104 108 111
25 74 75 76 77 78 79 81 82 85 86 87 88 93 94 96 97 98 99 100 101 102 103 107 108 110
26 74 76 78 79 81 82 85 87 88 91 92 93 94 98 99 100 102 103 104 105 106 107 108 109 110 111
20 75 76 77 80 81 83 84 86 87 88 89 96 97 98 100 102 105 106 107 109
17 74 75 79 82 83 84 90 92 93 95 97 99 100 102 108 109 111
25 74 75 77 78 79 80 81 83 85 86 89 92 93 94 95 98 99 100 101 104 106 108 109 110 111
25 74 75 76 77 78 79 80 81 82 83 85 86 89 91 92 93 94 95 97 102 103 104 105 106 107
11 76 77 78 86 89 93 94 100 105 110 111
15 76 77 80 82 86 88 89 94 96 98 103 107 109 110 111
14 76 77 81 84 86 87 89 90 96 98 103 106 110 111
16 76 78 83 85 86 87 88 90 93 96 101 102 103 104 106 107
12 74 75 81 82 87 89 90 91 97 100 103 104
20 74 76 77 78 79 82 83 84 85 87 88 90 91 95 97 98 100 101 105 108
20 75 78 80 84 86 88 90 91 92 93 94 95 97 100 101 105 106 107 109 111
14 76 77 79 81 82 84 89 90 92 93 94 96 99 104
18 75 76 80 81 87 88 91 93 94 95 96 98 100 102 103 106 108 109
13 74 75 76 78 84 86 89 91 92 101 106 107 111
16 76 79 83 85 88 90 91 92 93 99 100 102 107 109 110 111
16 75 76 78 80 83 85 86 89 92 94 97 98 101 103 108 109
14 74 75 76 78 82 85 86 89 94 97 100 103 105 107
22 75 76 77 79 80 81 82 83 85 86 87 88 89 94 95 98 101 105 107 108 109 110
23 74 80 81 82 84 85 89 90 91 92 96 97 98 99 100 101 102 104 105 106 107 110 111
11 79 82 86 87 90 91 100 101 103 109 110
24 76 78 81 83 84 85 86 89 90 91 92 93 94 95 96 97 99 100 101 105 106 109 110 111
11 74 77 79 80 84 85 86 107 108 110 111
19 74 77 78 79 80 82 85 86 87 91 92 94 100 101 102 105 107 110 111
20 74 75 78 79 80 82 87 88 91 92 95 97 99 100 101 102 103 105 106 107
23 74 75 76 78 79 81 82 83 85 86 89 90 97 98 99 100 101 102 106 108 109 110 111
12 78 79 83 86 88 91 92 94 95 99 104 105
17 74 75 76 81 82 83 85 86 87 91 94 96 99 100 101 102 110
21 74 75 76 80 82 84 86 87 88 89 91 94 96 97 98 99 104 107 108 109 110
21 75 83 84 86 87 88 89 91 92 93 95 96 98 99 100 103 107 108 109 110 111
24 75 76 77 79 80 82 83 85 87 88 89 90 92 93 95 97 98 102 103 105 107 108 109 110
13 75 76 78 79 81 83 93 98 99 100 104 107 109
12 74 82 84 87 93 94 96 99 101 104 108 110
13 76 77 84 87 88 93 99 100 101 104 105 110 111
15 77 79 80 82 83 87 88 89 92 93 96 101 107 109 110
24 75 76 77 78 82 84 85 86 87 88 89 90 91 92 93 94 97 99 102 104 107 108 110 111
15 74 79 82 93 94 96 98 101 103 104 107 108 109 110 111
24 75 77 79 80 81 82 83 85 87 88 89 90 91 94 95 96 97 100 101 102 103 105 109 110
24 74 76 77 78 81 82 83 84 87 88 89 91 92 93 94 97 100 102 103 105 106 107 108 109
26 74 75 76 77 79 83 87 88 89 90 91 92 93 94 95 96 97 100 102 104 105 106 107 108 109 111
25 75 77 79 80 82 83 84 85 87 88 90 92 93 95 96 97 98 99 102 103 104 105 107 109 111
19 74 75 76 82 83 84 87 88 90 92 93 94 95 99 100 102 103 105 110
26 74 78 81 82 83 84 88 89 90 91 92 93 94 95 96 97 99 100 101 105 106 107 108 109 110 111
17 74 76 78 83 84 85 86 87 90 91 92 93 94 95 103 105 107
22 74 75 76 77 79 81 85 86 87 88 91 94 96 99 101 102 103 104 105 106 107 111
18 76 77 80 81 82 83 84 85 86 87 88 89 90 95 96 97 101 106
18 74 78 82 83 86 89 90 93 94 97 98 100 101 102 103 105 107 108
14 76 77 78 82 83 91 92 95 97 98 99 104 108 110
18 75 78 79 81 82 86 87 88 90 92 93 96 98 99 100 101 107 108
16 79 83 85 87 91 93 94 98 99 101 102 103 104 106 107 111
14 76 77 80 81 85 92 94 97 98 100 101 105 109 110
11 74 76 82 87 91 92 93 96 98 105 106
22 74 77 78 79 80 81 82 83 85 88 94 95 96 97 98 99 101 103 104 105 106 110
11 75 78 80 89 92 100 101 102 105 110 111
15 75 77 78 80 81 86 91 93 94 97 99 102 104 105 107
14 75 76 79 82 84 86 93 94 95 98 100 103 108 109
11 76 77 81 82 83 88 97 99 104 108 110
14 75 78 79 82 86 87 88 89 92 94 99 100 106 110
23 74 75 76 77 78 80 81 82 83 86 88 89 91 92 94 96 97 98 99 101 103 104 109
21 78 79 80 81 83 84 85 86 88 90 92 94 95 98 100 101 104 106 107 108 110
22 74 75 76 77 79 80 84 85 87 88 89 90 91 93 94 95 97 98 99 100 107 110
16 76 77 78 80 83 84 86 88 90 96 98 99 101 103 105 109
20 74 78 79 86 87 88 90 93 94 95 98 99 100 101 102 104 105 106 107 109
23 75 76 77 78 79 82 83 84 87 91 92 93 94 96 98 99 100 101 103 104 107 108 109
14 74 79 80 81 84 88 91 94 99 101 103 105 106 110
17 74 76 78 80 81 82 83 86 88 89 91 94 95 96 104 108 110
14 79 81 84 85 86 87 89 94 100 102 106 107 110 111
14 74 76 80 81 82 83 85 88 94 98 103 104 107 108
13 76 81 83 84 86 87 94 104 105 106 107 108 109
21 75 77 78 79 82 83 87 88 89 91 93 94 95 98 101 103 106 107 108 109 110
25 74 77 78 79 80 82 83 84 85 86 87 88 89 90 94 95 97 99 100 101 102 105 106 107 109
25 74 77 78 80 82 83 85 86 89 91 92 93 95 96 97 98 99 100 103 105 107 108 109 110 111
20 74 75 78 80 81 82 84 86 88 89 90 92 94 95 98 101 103 106 108 111
19 74 75 78 79 83 85 90 91 95 96 97 98 100 102 103 104 108 110 111
19 74 75 76 79 82 85 88 89 90 91 92 99 100 101 105 106 108 110 111
24 74 75 76 82 83 85 86 87 88 89 91 92 93 94 96 97 99 100 102 103 104 106 109 111
25 75 78 80 82 84 85 86 87 89 90 91 92 93 94 96 100 102 104 105 106 107 108 109 110 111
23 75 77 78 81 82 83 86 87 89 91 93 94 95 96 98 99 100 101 103 104 105 106 107
15 76 80 81 82 84 87 89 90 99 101 102 103 105 106 107
25 74 75 78 79 81 82 83 84 85 86 90 91 92 93 95 96 99 100 101 102 106 107 109 110 111
15 84 87 88 89 91 92 93 94 96 97 99 101 107 108 109
23 74 75 76 81 82 83 85 86 87 89 90 91 92 93 95 97 99 100 102 103 104 106 109
15 76 77 78 79 80 81 90 95 96 97 103 104 105 106 110
12 75 78 85 86 91 99 101 103 105 106 107 110
12 77 80 81 82 86 88 90 94 99 101 102 108
13 74 81 86 87 91 93 94 95 96 101 102 103 104
24 74 77 78 80 81 82 83 85 86 90 91 95 97 98 100 101 102 103 104 106 107 108 109 111
21 74 75 76 77 78 80 81 82 83 84 86 87 90 94 95 96 101 102 108 109 110
23 74 78 79 83 84 85 86 87 88 89 91 92 93 94 95 97 98 99 100 102 105 108 110
11 81 84 85 89 90 91 95 103 106 107 110
16 74 76 78 80 81 88 90 93 94 96 97 100 101 104 107 108
13 74 80 81 83 85 89 94 95 101 102 104 105 108
21 75 76 78 79 81 84 85 88 89 91 98 100 101 102 103 104 107 108 109 110 111
15 75 76 77 80 81 83 85 86 87 88 90 94 101 103 109
17 74 75 76 77 81 84 85 87 90 94 95 97 98 100 101 102 106
15 74 76 81 82 85 87 88 91 98 99 100 102 107 109 111
23 74 75 76 77 78 80 81 82 83 84 85 86 92 95 99 100 101 103 104 105 106 107 110
24 74 76 77 78 79 80 81 82 84 85 86 91 92 93 94 99 100 101 102 106 107 108 109 111
13 82 87 88 89 92 93 94 95 98 99 101 105 111
19 77 81 82 85 86 91 93 94 95 98 99 100 102 103 105 106 107 108 109
22 74 75 76 77 78 80 83 85 86 89 91 92 94 95 97 98 103 104 106 107 108 109
15 76 79 82 83 89 90 91 93 94 95 98 99 101 103 105
25 74 75 76 77 79 81 83 85 86 87 88 90 93 94 95 97 98 99 103 104 105 107 109 110 111
21 74 76 77 80 83 85 87 88 89 91 92 93 96 98 100 103 104 107 108 110 111
19 74 75 80 81 82 83 85 86 87 88 93 94 96 98 99 100 102 106 108
14 75 77 78 79 82 88 89 92 94 95 101 104 106 110
17 79 81 84 87 89 90 94 95 96 97 99 100 101 103 104 107 108
16 74 76 79 80 84 85 87 88 89 90 96 98 99 105 106 108
19 74 75 76 77 80 83 85 87 88 90 91 92 93 97 99 100 102 108 109
21 74 80 81 83 84 85 86 88 89 90 94 95 98 99 101 105 106 107 108 109 110
19 75 76 79 84 86 87 88 90 93 94 95 97 99 103 105 107 108 109 110
11 76 78 82 90 91 92 93 95 100 107 109
13 76 78 84 86 91 92 96 97 98 102 106 109 111
16 74 75 77 81 83 84 86 88 89 90 93 97 102 106 107 111
18 76 80 81 82 84 88 89 91 92 93 94 97 100 101 102 104 105 111
26 74 75 78 79 80 82 83 85 87 89 91 92 93 94 95 96 97 98 100 101 103 104 107 108 109 110
18 77 78 80 81 83 86 87 88 91 92 93 95 97 98 102 103 109 110
18 74 76 78 79 83 84 89 92 93 94 95 97 100 102 106 107 108 110
18 74 77 78 79 80 82 87 88 89 90 92 93 99 100 103 106 107 110
22 74 75 77 78 79 80 81 82 83 84 85 86 87 89 92 96 97 98 100 104 110 111
18 75 76 81 85 86 87 88 91 93 97 98 100 101 102 104 105 109 111
17 77 78 81 85 86 90 91 92 93 94 96 100 103 104 105 106 110
12 75 80 84 86 92 98 100 102 103 107 110 111
15 76 78 82 84 86 90 91 92 93 96 99 103 104 108 111
25 74 77 78 79 80 82 83 84 85 86 87 88 89 91 92 94 97 98 99 100 101 104 105 106 111
25 74 75 76 77 80 81 82 83 85 90 91 93 94 96 97 98 100 101 102 104 105 106 107 108 110
24 74 75 76 77 78 83 86 87 88 89 90 93 96 98 99 100 101 102 103 104 106 107 110 111
14 75 77 79 80 86 87 93 94 98 100 101 104 106 107
22 74 77 78 79 81 82 83 85 87 88 90 92 94 96 97 99 103 104 107 109 110 111
15 78 79 80 81 83 85 86 87 90 92 94 96 97 106 107
18 74 77 79 80 81 82 84 85 86 87 91 92 97 98 101 103 107 108
11 74 78 80 88 89 99 100 101 106 107 109
16 74 77 79 82 86 88 92 93 96 99 100 104 107 108 109 110
25 75 76 78 81 82 83 84 87 88 89 90 92 94 97 98 99 100 102 103 105 106 107 109 110 111
22 74 75 78 79 80 81 82 84 87 88 91 93 94 95 96 99 100 102 103 104 110 111
26 74 77 79 80 82 83 84 85 86 87 88 89 90 93 94 97 98 100 101 102 103 104 106 108 109 110
16 78 80 83 85 86 90 91 93 94 96 98 101 105 108 109 111
13 74 76 77 78 81 85 88 89 99 101 102 106 107
20 76 79 80 82 83 87 88 90 92 93 94 97 98 100 101 102 104 107 108 109
16 74 79 80 81 82 86 90 93 94 95 96 98 102 104 108 109
21 75 76 77 79 80 85 86 87 89 90 94 95 97 100 102 103 105 106 108 110 111
21 74 75 76 77 78 82 86 87 89 90 91 92 93 94 97 100 104 105 109 110 111
18 74 75 78 79 80 82 86 89 91 92 100 103 104 105 107 108 109 110
26 74 75 76 78 80 81 82 83 85 87 88 90 93 94 96 97 98 99 100 102 104 105 107 108 109 110
20 76 77 78 80 83 85 86 87 88 89 92 94 95 96 97 99 102 105 107 109
18 74 76 77 80 81 83 85 87 92 94 95 97 98 99 102 104 105 110
17 74 77 78 82 83 87 88 89 91 92 93 94 96 102 105 106 109
18 77 79 83 86 87 89 90 92 94 95 98 99 103 105 106 109 110 111
15 78 80 81 83 86 89 91 93 94 95 99 101 103 104 111
25 74 77 79 80 84 85 90 91 92 93 94 95 96 97 98 101 102 103 104 105 106 108 109 110 111
17 74 78 85 86 87 91 92 93 96 99 100 103 104 105 107 109 110
12 74 75 78 81 82 88 93 94 95 100 102 107
24 74 75 76 77 78 81 83 85 86 88 90 91 92 94 95 97 98 99 101 104 105 106 108 110
11 112 117 119 123 126 133 134 138 148 153 163
18 115 118 119 120 122 126 129 130 131 132 135 144 150 152 153 155 161 166
10 113 123 140 143 148 150 154 155 162 165
23 112 115 120 121 123 124 125 128 130 132 135 136 141 142 144 147 148 151 152 154 156 157 158
16 113 116 117 119 123 127 129 130 132 137 146 148 152 158 164 165
25 113 116 117 120 122 125 126 127 128 129 132 134 140 141 143 145 150 153 155 156 157 161 162 164 165
7 128 130 136 151 154 162 165
29 112 113 118 119 120 122 124 128 130 131 136 140 142 144 145 146 147 148 149 151 152 154 155 157 158 159 160 161 165
15 114 118 122 124 136 141 142 143 147 151 153 154 160 161 163
15 117 124 131 132 141 144 146 148 149 152 156 159 160 161 164
30 112 114 115 118 119 121 123 124 130 131 133 135 136 137 138 139 142 144 146 147 148 149 151 152 154 158 159 160 163 166
20 113 116 117 121 123 127 136 137 141 142 146 147 148 149 154 160 162 163 164 165
14 114 116 121 124 126 128 135 140 143 144 145 148 151 153
8 114 117 137 139 146 149 161 165
12 117 125 129 131 140 148 149 155 157 158 163 166
13 118 119 122 125 134 136 137 138 145 151 159 160 164
20 112 118 121 122 125 127 129 130 132 137 140 143 144 146 147 149 151 158 161 162
19 112 117 119 120 122 124 126 131 134 138 139 150 151 153 154 155 156 160 164
20 112 113 115 120 124 127 129 130 132 136 138 148 149 151 156 157 159 161 162 163
17 114 116 119 123 128 131 134 136 138 139 145 150 153 154 157 159 165
22 118 121 122 127 132 134 136 137 140 145 148 150 151 152 153 154 156 157 161 164 165 166
11 121 124 129 130 141 144 147 150 152 153 162
21 112 114 115 116 117 120 126 128 131 132 133 135 140 146 148 154 157 158 163 165 166
25 114 118 120 123 124 126 127 130 131 133 134 135 136 137 139 147 148 149 151 152 157 160 162 164 165
25 112 114 119 121 123 124 125 128 130 132 134 135 137 140 147 149 150 155 158 159 160 161 162 165 166
20 114 116 118 119 121 125 126 128 131 133 137 139 142 143 144 147 158 160 164 166
15 113 115 116 117 121 125 141 142 144 145 154 155 158 159 166
15 112 119 122 128 129 132 138 140 143 146 150 153 156 161 163
16 112 114 122 131 132 137 138 139 147 148 149 152 155 156 160 165
19 113 118 121 123 128 130 133 134 135 142 145 151 153 157 158 159 161 164 166
15 118 119 120 127 132 133 136 137 151 152 154 156 159 161 162
15 117 122 123 134 135 140 141 145 146 150 152 153 154 155 165
7 123 128 134 135 144 150 157
35 114 116 117 118 119 121 122 123 127 128 130 131 132 133 134 139 140 141 142 143 144 145 146 148 149 150 153 154 155 158 159 160 161 165 166
19 118 122 123 129 130 131 133 136 138 139 146 150 154 155 156 158 159 161 165
24 117 118 120 121 123 127 128 129 133 134 135 136 138 139 141 142 143 146 147 153 156 162 163 165
13 117 119 126 127 129 140 143 144 146 150 154 162 163
13 112 113 114 115 121 123 126 138 141 142 143 144 160
13 115 116 118 119 121 127 135 139 144 146 147 149 158
18 113 115 117 120 124 126 133 135 141 142 148 152 155 156 160 163 164 166
14 114 121 125 130 135 136 141 142 144 145 146 152 161 165
25 116 118 120 122 125 127 130 131 132 135 136 139 140 142 143 145 147 149 150 154 156 158 160 161 165
13 113 115 116 120 122 139 140 143 145 147 150 158 166
22 112 113 115 117 119 120 125 127 132 134 137 141 142 147 149 152 157 160 162 163 164 166
18 116 118 121 123 124 125 128 131 133 135 138 145 146 149 152 153 159 165
31 112 113 114 115 116 119 122 124 125 126 130 131 132 137 140 144 145 148 149 150 151 152 154 155 157 158 159 160 161 164 166
8 117 119 128 134 149 152 161 165
33 112 113 114 115 116 117 119 120 123 124 125 126 128 129 130 131 133 135 138 139 141 142 143 144 146 147 149 155 158 159 160 162 163
34 113 114 115 117 118 121 123 126 127 130 131 134 135 137 139 140 141 142 144 145 146 148 149 150 151 152 155 157 159 160 162 163 164 166
26 114 115 116 117 121 123 125 126 127 129 132 133 134 135 137 138 139 141 143 150 153 156 162 163 164 166
10 113 123 127 139 142 143 149 155 156 161
22 112 117 122 125 126 128 129 130 132 133 134 136 138 142 151 152 157 159 160 161 163 164
9 116 124 133 149 156 158 162 165 166
12 113 116 118 123 127 140 147 149 158 159 163 166
30 113 115 116 117 118 120 122 126 127 129 131 133 136 138 139 141 142 143 144 145 146 148 151 152 153 154 156 157 163 164
30 113 114 115 117 119 121 122 123 124 125 126 128 131 132 136 138 139 142 145 146 148 149 150 155 158 159 160 161 162 165
24 113 116 118 119 122 126 127 129 131 133 134 138 140 143 145 150 153 155 159 160 162 163 164 166
11 112 117 122 125 129 130 131 132 146 147 159
17 112 114 124 125 128 133 134 138 139 140 143 145 151 156 157 158 159
28 113 114 115 118 119 120 121 126 127 136 137 138 139 140 141 142 143 145 148 151 152 153 154 155 160 161 163 164
15 116 122 124 128 130 134 135 139 145 146 147 150 153 164 165
24 112 115 120 121 125 126 128 131 133 134 135 138 139 140 144 145 149 150 155 156 157 159 162 166
11 113 115 124 128 137 141 152 155 157 164 166
20 112 114 118 119 121 123 125 126 127 129 133 134 135 137 138 142 153 155 157 163
21 112 116 119 120 122 124 125 128 129 132 133 136 138 143 147 153 154 156 158 161 165
37 112 113 114 115 117 119 120 122 126 127 129 130 132 134 136 137 139 140 141 142 143 144 147 148 150 151 154 155 156 157 158 160 161 162 163 164 166
20 112 113 115 120 124 125 126 129 135 136 137 138 147 151 152 156 157 162 163 164
8 114 121 129 144 146 151 159 162
10 115 128 129 132 133 137 143 148 157 162
7 115 116 120 124 125 136 141
25 112 116 118 120 127 129 130 133 134 135 137 140 141 143 144 147 151 152 153 154 156 157 163 164 166
10 114 120 124 131 137 141 145 153 156 166
47 112 113 114 115 116 118 120 121 122 123 124 125 126 127 129 130 131 132 133 135 136 137 138 139 140 141 142 143 144 145 146 147 148 150 151 153 154 155 156 157 158 159 160 162 163 164 166
18 113 119 122 126 127 129 131 133 134 140 143 145 150 153 155 160 162 163
7 118 140 147 149 158 159 166
20 113 116 117 120 125 126 127 128 129 132 140 141 143 153 155 156 161 162 164 165
19 112 116 120 127 133 134 135 137 140 141 143 151 152 153 156 157 163 164 166
5 115 120 124 125 136
15 113 118 121 126 136 138 143 145 148 151 152 154 161 163 164
8 117 119 126 127 129 144 150 162
6 117 122 131 132 147 159
10 116 122 124 130 134 139 145 146 153 164
8 120 124 131 137 141 145 153 156
13 113 115 117 120 124 126 135 142 148 156 160 164 166
13 118 120 121 123 127 129 134 135 136 142 156 162 163
20 114 115 119 122 123 126 128 132 138 139 145 146 150 155 158 159 160 161 162 165
5 123 128 135 150 157
13 117 122 125 132 140 141 143 150 153 161 162 164 165
5 123 140 148 154 155
18 112 116 120 122 124 125 129 132 133 136 138 143 147 153 154 156 158 165
12 118 119 127 133 137 151 152 154 156 159 161 162
9 114 125 130 136 141 144 146 152 161
25 112 113 114 115 116 122 125 126 130 131 132 137 144 145 148 149 150 151 152 154 158 159 160 164 166
6 114 121 129 144 146 151
10 114 125 141 142 144 145 146 152 161 165
8 124 129 141 144 147 150 153 162
7 114 121 125 130 141 142 161
9 115 116 119 121 127 139 144 146 158
11 114 122 124 136 141 142 143 147 153 160 163
21 116 117 118 120 122 126 127 131 133 136 138 139 141 143 145 151 152 156 157 163 164
17 112 114 115 116 120 126 128 131 132 133 135 140 146 154 158 165 166
9 117 122 131 138 139 150 156 160 164
15 116 118 121 123 124 131 133 135 138 145 146 149 152 153 159
6 114 121 129 151 159 162
20 118 119 122 126 127 129 131 133 134 140 145 150 153 155 159 160 162 163 164 166
8 129 140 148 149 155 157 158 163
7 114 131 137 145 153 156 166
9 113 124 128 137 141 152 155 164 166
8 113 127 139 143 149 155 156 161
10 117 119 126 127 129 140 144 146 150 163
8 125 129 148 149 157 158 163 166
10 112 119 120 125 132 136 147 153 154 158
7 119 121 127 139 144 147 158
12 116 118 127 129 133 138 145 153 159 162 164 166
30 114 116 117 118 119 121 128 131 132 133 134 140 141 142 143 144 145 146 148 149 150 153 154 155 158 159 160 161 165 166
20 117 120 123 127 128 129 133 134 136 139 141 142 143 146 147 153 156 162 163 165
9 112 122 129 132 138 140 146 161 163
14 112 114 122 131 132 137 138 139 148 149 155 156 160 165
11 118 119 122 125 134 136 137 138 151 159 160
25 114 115 117 123 126 127 130 131 134 135 137 140 141 144 146 148 149 150 151 152 155 157 162 164 166
12 112 116 119 124 129 133 138 143 154 158 161 165
16 127 128 129 133 134 135 138 141 142 143 146 147 153 156 162 165
13 116 119 125 126 128 131 133 137 139 142 143 144 166
14 114 116 119 123 128 134 136 138 139 145 150 154 159 165
6 125 129 131 140 149 166
11 117 124 131 132 141 144 146 148 149 160 164
10 116 124 130 134 135 139 146 153 164 165
14 116 119 122 126 127 133 134 138 140 143 150 155 162 163
15 118 121 132 136 137 140 145 148 150 152 153 161 164 165 166
16 114 115 116 117 126 131 132 133 135 140 146 154 158 163 165 166
5 128 134 135 144 150
21 118 122 125 127 130 131 132 135 139 140 142 145 147 149 150 154 156 158 160 161 165
10 114 118 121 125 128 133 137 143 144 158
6 115 137 143 148 157 162
19 112 114 115 119 123 124 125 126 129 130 131 133 139 141 146 147 149 160 162
13 117 119 127 129 130 132 137 146 148 152 158 164 165
18 112 114 119 123 124 125 128 130 134 135 140 147 150 158 159 160 162 166
22 114 115 116 117 121 123 125 126 127 129 132 135 137 138 139 141 150 153 162 163 164 166
13 113 117 120 125 127 129 132 140 145 156 161 162 164
10 118 119 133 137 139 143 158 160 164 166
3 116 120 125
15 112 113 115 117 120 125 127 132 134 141 149 160 163 164 166
20 117 118 120 123 127 128 129 133 134 135 136 138 139 141 143 146 147 153 162 165
16 120 121 123 125 128 130 135 136 141 142 147 148 151 154 156 158
10 119 134 136 137 138 145 151 159 160 164
19 112 115 120 121 123 124 125 128 132 135 136 141 144 147 148 151 154 157 158
9 116 121 135 140 143 145 148 151 153
11 116 123 127 129 130 132 137 148 158 164 165
13 116 121 123 124 125 135 138 145 146 149 152 153 159
7 116 124 133 158 162 165 166
12 112 114 115 116 126 128 131 140 154 157 158 165
11 114 116 123 128 131 134 136 138 139 145 153
10 113 120 125 126 129 135 137 138 157 164
31 112 116 118 121 124 125 126 127 129 133 135 138 139 140 141 142 143 144 145 146 147 148 150 151 153 154 157 159 162 164 166
10 112 113 114 115 123 126 141 142 143 144
12 112 121 130 132 136 141 144 147 151 152 156 158
7 116 124 149 156 158 165 166
5 124 130 141 144 162
11 117 119 126 127 129 140 146 150 154 162 163
5 123 135 144 150 157
16 112 115 119 121 123 130 131 135 139 142 146 148 149 151 152 160
9 112 114 115 123 126 141 143 144 160
6 121 141 150 152 153 162
17 113 116 117 123 127 136 137 141 142 146 148 154 160 162 163 164 165
10 120 122 124 139 150 151 155 156 160 164
17 118 121 122 125 127 129 130 132 137 140 143 144 146 147 149 151 158
7 113 122 139 143 145 150 158
8 113 123 127 140 147 149 163 166
7 113 115 120 122 147 158 166
15 114 118 121 123 125 126 127 133 134 135 138 142 153 155 163
10 115 116 118 127 135 144 146 147 149 158
6 124 131 145 153 156 166
16 112 114 115 117 120 126 128 131 133 135 140 146 148 157 163 166
19 112 113 118 119 120 122 130 131 144 146 148 149 151 155 157 158 159 160 165
20 113 114 115 119 120 122 126 127 129 136 137 143 144 150 158 160 161 163 164 166
21 114 118 120 123 124 126 127 130 133 134 135 136 137 139 147 149 151 157 160 162 165
6 123 134 135 144 150 157
9 117 131 132 144 146 152 160 161 164
12 118 127 133 136 137 151 152 154 156 159 161 162
13 112 119 122 128 129 132 138 140 143 146 153 156 161
8 116 122 128 130 134 139 147 164
10 112 114 121 123 126 141 142 143 144 160
20 115 116 121 123 127 129 132 133 134 135 137 138 141 143 150 153 156 162 163 166
18 121 123 127 128 129 134 135 136 138 139 142 146 147 153 156 162 163 165
5 130 151 154 162 165
11 112 124 133 134 139 143 145 156 157 158 159
12 116 117 121 125 141 142 144 145 154 155 159 166
21 113 114 115 118 119 120 121 127 136 137 138 140 141 148 151 152 154 160 161 163 164
5 137 141 152 164 166
6 112 130 131 132 146 159
27 112 113 114 115 117 126 129 130 136 137 141 142 144 147 150 151 154 155 156 157 158 160 161 162 163 164 166
8 114 122 141 142 147 151 161 163
17 116 121 123 125 127 129 132 133 138 139 141 143 150 153 162 163 166
10 114 118 141 142 143 147 151 153 154 161
15 112 116 119 120 122 125 128 129 132 133 138 154 156 158 161
9 113 115 124 128 141 155 157 164 166
8 115 116 118 119 135 147 149 158
26 112 113 114 115 117 120 123 124 125 126 129 133 135 138 139 141 142 143 144 147 149 155 158 159 160 163
7 116 124 133 158 162 165 166
11 117 120 132 137 149 152 157 162 163 164 166
12 117 119 123 127 129 130 132 137 146 148 152 164
8 116 118 140 147 149 158 163 166
11 112 115 124 125 136 137 138 147 151 162 163
10 116 118 125 128 131 144 147 160 164 166
8 114 125 135 142 146 152 161 165
11 118 120 126 129 132 135 150 152 153 155 166
12 118 119 120 127 133 136 137 152 154 159 161 162
4 128 134 144 157
9 121 124 129 141 144 147 150 152 162
8 124 128 137 141 152 155 164 166
12 112 117 122 125 128 134 136 142 151 159 160 161
8 123 140 143 148 150 154 155 162
23 114 116 118 119 121 122 123 128 130 131 132 139 141 142 144 145 148 149 153 155 158 160 166
14 113 115 117 120 124 126 135 142 148 152 155 156 163 164
5 136 151 154 162 165
7 131 132 144 148 152 159 160
17 112 113 115 120 125 126 129 135 137 138 147 151 152 157 162 163 164
29 116 117 119 121 122 123 127 128 130 131 132 134 139 140 141 142 143 144 145 146 148 149 153 155 158 159 160 161 165
13 119 121 124 125 130 135 137 140 147 158 159 160 162
7 120 131 137 141 153 156 166
10 112 119 122 129 132 146 153 156 161 163
24 114 116 118 119 121 123 128 130 131 132 133 139 141 142 143 146 148 149 153 154 158 159 161 166
10 117 124 131 132 148 149 152 159 160 164
12 112 116 122 124 128 129 136 138 143 153 156 165
14 113 115 117 126 133 135 141 142 148 152 155 160 163 164
11 118 119 120 127 136 151 152 154 156 159 162
15 118 122 127 134 136 148 150 152 154 156 157 161 164 165 166
41 113 114 115 116 118 120 121 122 123 124 129 130 131 132 133 135 136 137 138 139 140 141 143 145 146 147 148 150 151 153 154 155 156 157 158 159 160 162 163 164 166
24 113 115 117 121 123 126 127 130 131 137 140 144 145 146 148 149 150 151 157 159 162 163 164 166
7 114 117 137 139 146 161 165
5 113 143 148 162 165
10 118 122 125 134 136 137 138 159 160 164
15 112 117 119 120 122 131 134 138 139 150 151 153 154 156 164
5 116 124 156 158 166
10 114 118 119 123 134 135 137 138 142 163
10 113 115 120 124 127 129 138 149 151 162
30 113 115 117 119 120 122 126 127 130 132 136 137 139 140 141 142 143 144 147 148 150 154 155 156 157 160 161 162 163 166
12 117 124 131 132 141 144 146 149 156 159 160 164
7 117 122 125 129 131 146 147
6 112 126 134 138 148 163
16 112 115 120 121 125 130 132 135 136 141 142 144 147 152 156 158
5 149 156 158 162 165
20 113 114 115 116 119 122 124 125 126 131 132 137 145 150 152 154 155 157 161 166
29 112 113 114 115 117 119 120 126 127 129 130 132 134 137 140 141 144 147 148 150 151 154 155 156 158 160 161 163 166
7 115 128 129 132 137 143 157
18 115 120 121 126 131 133 134 135 138 139 144 145 149 150 155 157 159 166
15 113 121 123 128 130 133 134 135 142 145 153 157 159 164 166
11 115 116 118 119 127 135 139 146 147 149 158
9 114 124 136 142 143 154 160 161 163
20 115 120 123 124 125 130 132 135 136 141 142 144 147 148 151 152 154 156 157 158
9 116 118 123 127 140 147 158 163 166
38 113 114 115 116 118 120 121 122 124 125 127 129 130 132 135 136 137 138 139 140 141 143 144 145 146 147 150 151 154 155 156 157 158 160 162 163 164 166
38 112 113 114 115 118 120 123 124 125 126 127 129 130 131 132 133 135 136 137 139 140 141 142 143 144 146 150 151 153 155 156 158 159 160 162 163 164 166
14 114 116 128 131 134 136 138 139 145 150 153 154 159 165
8 117 124 131 146 156 160 161 164
7 116 133 149 156 158 162 165
13 114 116 119 123 128 131 134 136 138 139 145 150 153
16 112 120 121 123 125 128 130 135 136 141 144 151 154 156 157 158
8 124 128 130 139 146 153 164 165
15 112 121 124 128 130 135 136 141 144 147 148 151 152 156 158
15 118 123 129 130 136 138 139 146 150 154 155 156 158 161 165
12 112 120 124 129 138 148 149 151 156 159 161 163
23 112 114 115 116 117 119 120 123 124 126 128 129 130 133 138 139 143 144 147 149 158 159 162
16 114 116 118 119 121 125 126 128 131 133 137 139 142 144 158 160
5 120 137 145 156 166
8 115 118 119 121 135 144 149 158
17 114 123 124 130 131 133 135 137 147 148 149 151 152 157 160 162 164
11 112 113 115 120 125 129 136 138 147 151 152
22 112 114 119 121 123 125 128 130 132 134 135 140 147 150 155 158 159 160 161 162 165 166
11 117 123 135 141 145 146 150 152 154 155 165
5 123 135 144 150 157
13 114 118 121 123 127 129 133 137 138 142 153 155 157
6 123 140 143 154 155 162
15 114 120 123 127 130 131 135 137 147 148 152 157 160 164 165
10 113 115 116 120 122 139 140 143 145 150
9 121 124 130 141 144 147 150 152 162
11 112 114 122 132 138 147 149 152 156 160 165
5 123 128 134 135 157
12 122 132 134 136 137 151 152 153 156 157 164 165
14 112 114 119 121 124 128 134 137 147 150 158 159 160 166
12 118 121 125 131 133 143 144 147 158 160 164 166
14 118 126 127 131 134 140 143 145 153 155 159 160 162 163
16 119 120 122 124 130 136 144 145 147 149 151 152 158 159 160 161
15 113 114 115 121 125 126 132 146 149 150 155 158 160 161 165
18 119 121 123 124 128 130 134 135 140 149 150 155 158 159 160 161 162 165
22 113 114 119 122 124 125 126 130 132 140 144 145 149 150 151 155 157 158 159 160 161 164
8 132 144 148 152 156 159 161 164
6 113 127 143 149 156 161
14 112 114 115 116 117 120 131 133 135 140 146 158 165 166
14 112 114 119 123 130 132 134 137 147 155 159 160 161 165
7 113 139 142 143 149 155 156
12 114 116 121 124 126 128 140 143 144 145 148 151
9 113 116 123 127 149 158 159 163 166
16 113 116 117 125 127 129 132 140 141 143 150 155 157 161 162 165
12 115 118 119 120 126 130 131 135 144 150 152 155
16 112 113 115 124 125 126 129 135 136 137 152 156 157 162 163 164
9 124 133 134 138 139 140 143 156 158
7 113 116 123 127 140 147 158
17 112 120 124 125 128 129 132 133 136 138 143 147 153 156 158 161 165
15 117 118 121 123 127 128 133 134 135 139 143 146 153 156 165
19 112 115 120 121 125 126 131 133 135 138 139 140 144 145 149 150 157 159 162
11 116 118 119 121 127 135 139 144 146 149 158
7 122 129 132 138 140 146 161
5 114 129 151 159 162
19 112 115 120 121 123 124 125 128 130 132 135 136 142 144 151 152 154 156 158
30 113 114 116 118 120 121 126 129 133 135 136 138 139 140 141 144 145 146 147 151 153 155 156 157 158 159 160 163 164 166
11 113 115 120 122 140 143 145 147 150 158 166
6 116 124 133 156 158 166
17 113 114 119 120 121 126 136 137 138 139 142 143 148 151 152 154 160
13 113 118 121 123 133 134 142 145 151 153 159 161 166
6 116 124 133 149 156 165
10 114 118 122 142 147 151 153 154 160 163
7 114 115 123 141 143 144 160
18 112 115 117 119 120 125 127 132 141 142 147 149 152 157 160 162 163 166
22 116 117 118 119 121 123 127 128 131 133 134 139 140 141 142 143 144 148 149 154 155 166
9 121 124 129 130 141 150 152 153 162
21 113 116 117 120 122 125 126 128 129 132 134 140 141 143 145 150 153 156 157 161 162
14 118 120 122 125 127 132 135 136 139 143 147 158 160 165
18 115 120 121 125 126 128 131 135 138 139 140 144 145 149 155 157 159 166
7 117 119 134 149 152 161 165
25 113 115 116 117 118 120 122 126 127 131 133 136 138 139 141 142 143 144 145 146 152 153 154 156 164
6 129 131 140 148 155 157
11 118 119 134 136 137 138 145 151 159 160 164
7 121 129 130 141 144 147 162
10 131 141 144 146 148 149 152 159 160 164
10 119 122 125 136 137 145 151 159 160 164
5 117 128 134 149 165
12 113 123 128 130 133 134 135 157 158 159 161 166
12 116 129 130 137 140 141 143 144 147 152 153 164
13 112 118 119 121 123 125 126 127 129 134 138 142 163
24 112 115 118 119 121 123 124 131 133 135 136 138 139 142 144 146 147 148 152 154 158 159 163 166
11 115 117 119 120 134 137 147 149 152 157 160
7 116 122 139 146 150 153 164
10 122 124 136 142 143 147 151 153 160 163
24 113 114 121 123 131 134 135 137 139 140 141 142 144 145 148 149 150 151 155 157 159 163 164 166
12 118 119 125 126 128 133 137 142 144 160 164 166
9 119 120 127 133 151 154 156 161 162
7 114 121 144 146 151 159 162
17 112 113 115 127 129 130 132 136 138 148 149 151 156 157 159 161 163
21 112 114 118 119 121 124 131 133 135 136 137 139 142 144 147 148 151 154 159 160 166
10 113 115 116 120 139 140 143 145 147 150
7 133 149 156 158 162 165 166
10 118 119 120 127 133 136 151 152 156 161
9 113 115 116 120 139 143 147 150 158
5 114 121 144 146 151
8 116 119 135 144 146 147 149 158
15 112 113 115 120 124 125 129 135 137 138 151 152 157 162 164
18 116 118 120 122 127 132 135 140 143 145 147 150 154 156 158 160 161 165
9 112 117 119 126 133 138 148 153 163
21 113 117 121 123 127 130 134 135 139 144 145 146 148 149 150 151 152 155 157 163 166
28 114 115 117 118 121 123 130 131 134 135 137 139 141 142 144 145 146 148 149 151 152 155 157 159 160 162 163 164
15 112 114 118 119 121 123 126 129 133 134 135 138 142 153 155
10 118 122 129 130 139 146 150 155 156 161
10 115 116 119 127 135 139 144 147 149 158
8 112 117 119 123 126 138 153 163
5 124 131 137 153 156
23 112 113 114 115 119 122 124 125 130 131 137 140 144 148 149 151 152 154 157 158 160 161 166
15 117 119 120 122 124 126 131 134 138 139 153 155 156 160 164
23 113 116 117 120 122 126 127 129 131 136 138 139 141 142 143 144 146 148 151 152 153 154 157
14 117 120 122 126 128 129 141 145 153 155 161 162 164 165
19 112 115 117 119 120 125 127 132 134 137 141 142 147 152 157 160 162 163 164
9 112 117 122 129 130 132 146 147 159
11 118 119 122 125 134 136 137 138 159 160 164
12 112 114 128 133 134 138 139 145 151 157 158 159
12 120 125 127 130 136 140 145 150 158 160 161 165
11 112 113 115 125 129 135 138 152 156 163 164
6 114 117 137 146 149 165
14 120 122 124 129 132 138 143 147 153 154 156 158 161 165
12 122 126 129 133 138 142 151 152 157 159 160 163
21 114 115 118 121 123 126 127 131 135 137 139 140 141 144 148 149 155 159 160 163 166
14 115 120 126 129 130 131 132 135 144 150 152 155 161 166
12 112 119 121 125 127 134 135 138 142 153 155 157
13 115 118 120 126 129 132 135 144 150 153 155 161 166
16 112 118 121 122 125 127 129 130 132 140 143 144 146 149 151 161
7 112 121 126 138 142 143 160
26 115 116 117 118 120 122 126 127 129 131 136 139 141 142 143 144 145 146 148 151 152 153 154 156 163 164
11 112 122 128 138 140 143 146 150 153 161 163
9 117 121 125 144 145 154 155 159 166
10 117 123 134 135 141 150 152 153 154 155
16 112 113 115 120 124 127 129 130 136 138 148 151 156 157 161 163
10 118 119 122 125 134 136 137 145 160 164
16 112 115 117 119 125 126 128 129 131 138 139 143 146 155 159 160
10 117 123 134 140 141 145 152 153 154 155
7 116 118 135 144 146 147 149
10 112 113 114 123 126 138 141 143 144 160
13 112 115 120 124 126 137 138 147 151 156 157 162 164
17 112 115 116 126 128 131 132 133 135 140 146 148 154 157 163 165 166
9 117 122 134 140 145 146 154 155 165
27 112 113 114 115 116 119 120 123 124 125 126 128 129 131 133 135 138 141 142 144 149 155 158 159 160 162 163
4 128 134 152 161
7 117 125 148 149 155 158 163
8 124 137 141 152 155 157 164 166
34 112 113 114 115 116 117 118 120 121 125 127 128 130 131 132 133 135 137 138 139 141 143 144 145 148 153 154 157 159 160 161 162 164 165
18 112 114 119 122 127 129 130 132 133 137 142 148 150 155 156 157 159 161
19 112 120 121 125 131 134 135 137 140 141 143 145 148 149 154 158 160 164 166
25 112 115 116 117 118 119 120 121 122 123 125 128 129 131 132 135 136 138 139 144 152 155 158 159 166
27 112 114 116 118 120 122 124 125 129 131 132 133 134 136 140 145 146 147 148 155 158 159 160 162 163 165 166
19 112 115 116 123 125 126 127 128 133 134 138 140 141 145 148 149 160 162 164
35 112 113 114 115 122 123 124 125 127 129 130 131 132 135 137 138 139 143 144 146 147 148 149 151 152 153 154 156 157 158 159 160 162 163 166
32 113 114 115 116 117 122 124 125 128 130 133 134 135 136 137 143 144 146 147 148 150 151 153 154 155 158 159 161 162 163 164 165
26 113 115 117 119 120 121 123 126 128 129 130 135 136 137 145 148 149 150 151 152 158 159 160 161 163 166
22 112 119 120 121 128 130 133 134 135 137 139 141 142 144 145 146 154 156 158 161 164 166
22 113 115 119 121 124 125 128 130 131 133 137 146 147 148 149 153 154 158 159 162 163 166
27 112 114 116 120 122 123 125 130 132 134 135 137 139 141 145 151 154 155 156 157 158 159 160 161 162 164 165
35 112 114 115 116 118 121 123 124 125 126 127 128 129 131 132 133 135 136 139 140 142 144 145 148 150 152 153 154 156 157 160 161 163 164 166
33 112 114 115 116 117 118 121 122 123 125 127 129 133 135 136 137 139 140 141 144 145 146 147 148 151 157 158 159 160 161 163 164 165
29 112 116 117 118 120 121 124 126 129 132 133 134 135 137 138 139 141 144 145 146 148 152 156 157 159 160 162 163 164
27 112 113 114 116 123 125 126 127 128 132 136 137 138 139 141 142 146 147 149 150 152 156 160 161 162 164 165
18 114 117 119 127 129 131 133 134 135 137 142 146 147 152 153 157 164 166
33 112 116 121 122 123 126 127 128 129 130 131 132 133 134 135 136 137 138 139 140 145 148 151 152 154 155 156 159 160 162 164 165 166
22 112 121 123 125 126 127 128 132 133 138 139 146 147 151 154 155 157 158 161 164 165 166
26 112 113 114 119 124 126 127 128 129 134 136 137 138 140 141 143 146 147 148 151 154 156 160 161 162 165
18 114 117 119 120 125 127 131 134 135 136 143 145 147 152 155 158 159 164
37 112 113 115 117 118 119 121 122 123 125 127 128 129 131 132 133 134 135 136 137 140 141 142 145 147 148 152 153 154 157 159 160 161 162 164 165 166
21 113 116 117 119 120 121 125 128 129 132 135 139 141 143 144 147 148 152 153 160 162
29 113 114 119 120 122 124 125 130 131 133 134 135 136 139 141 143 144 145 147 152 154 155 156 157 158 161 162 164 166
37 112 113 114 115 116 117 118 126 129 131 133 134 138 139 140 141 142 143 144 145 146 147 149 151 152 153 154 155 156 158 159 160 162 163 164 165 166
18 112 116 117 122 128 129 131 137 139 140 144 146 148 149 155 162 163 164
33 112 114 115 117 119 120 121 123 124 125 126 127 129 132 134 135 136 137 140 141 142 144 146 148 151 152 153 154 155 160 161 164 166
36 112 113 114 115 116 117 120 121 122 124 125 126 130 131 133 134 135 141 142 143 144 145 146 147 148 150 151 153 154 159 161 162 163 164 165 166
37 112 113 116 117 118 119 120 123 125 126 127 129 131 132 134 137 138 140 142 143 144 147 148 149 150 151 152 153 154 156 157 158 160 161 162 164 166
29 114 115 117 119 120 121 124 125 126 129 131 133 134 136 137 142 143 146 148 150 151 152 153 154 156 159 160 162 164
26 114 115 116 118 122 123 126 129 130 131 132 133 136 139 142 143 147 149 152 154 157 158 160 161 163 165
27 112 115 116 117 124 128 130 136 137 138 139 140 142 143 146 147 149 150 151 153 154 157 159 160 162 163 166
29 114 115 120 123 124 125 126 127 128 129 130 135 136 137 138 139 143 144 146 147 148 150 154 155 156 157 162 164 165
29 113 114 115 118 119 121 122 124 126 128 132 136 138 139 140 141 146 148 149 150 152 155 156 158 159 161 162 164 166
37 112 113 114 115 117 118 119 120 122 123 124 125 126 127 130 131 132 136 137 138 139 140 142 144 145 146 147 148 150 151 152 153 154 156 163 164 165
36 112 113 115 117 118 119 120 123 127 128 129 132 133 134 135 136 138 139 143 144 145 146 149 150 152 154 155 157 158 159 160 161 162 163 164 165
30 113 115 116 118 121 123 125 127 128 129 134 135 136 137 138 139 140 141 144 149 150 151 153 155 156 159 160 161 164 166
36 112 115 116 117 118 119 121 123 125 126 127 129 130 131 132 133 134 135 136 138 139 140 141 145 147 148 149 150 151 152 157 158 160 163 164 165
22 114 115 117 119 124 126 127 129 134 136 137 139 140 141 145 149 152 153 154 157 162 165
34 112 114 115 117 118 120 121 122 123 125 126 128 130 131 133 135 137 138 142 143 144 146 148 149 153 154 156 157 158 159 160 162 163 164
37 113 115 116 117 119 120 122 123 126 129 131 134 135 136 137 138 139 140 141 143 144 145 147 148 149 150 151 152 154 157 158 160 161 163 164 165 166
25 113 115 119 121 124 128 129 132 133 135 138 139 140 143 145 146 147 157 158 159 160 161 164 165 166
22 112 117 120 121 122 124 127 128 129 135 142 143 146 147 150 152 155 158 161 162 164 165
28 114 115 116 119 120 121 124 127 128 130 132 135 137 139 143 146 147 149 150 151 154 155 158 159 160 163 164 166
36 112 115 117 119 121 122 123 124 126 127 128 129 132 133 134 135 136 137 138 139 140 142 143 144 145 147 148 151 154 155 156 157 161 163 165 166
28 112 113 116 118 122 124 126 129 130 131 132 139 140 144 145 147 148 150 151 156 158 159 160 161 163 164 165 166
35 114 115 119 121 122 125 126 127 128 130 133 136 137 138 139 141 144 145 146 147 148 150 151 152 153 155 156 157 158 159 160 161 163 164 166
19 112 115 116 118 120 121 124 125 129 130 133 138 143 148 149 152 156 163 165
33 113 115 118 120 121 122 123 124 125 127 129 130 136 137 138 141 143 144 145 147 148 149 150 155 156 157 158 160 161 162 164 165 166
27 115 116 119 122 123 124 126 127 128 129 130 134 140 141 142 145 147 148 151 154 155 156 158 159 160 161 166
16 120 121 124 126 132 134 135 136 140 147 149 150 151 161 164 166
30 112 116 118 119 120 122 126 128 129 130 131 132 133 134 135 138 139 142 144 145 146 151 154 155 156 157 159 160 161 164
23 114 117 123 124 125 128 133 134 136 137 138 140 142 143 144 148 151 152 154 159 161 163 166
35 112 113 115 118 119 120 121 123 124 127 128 129 130 131 132 133 134 136 137 138 141 143 144 145 146 147 149 154 156 157 159 160 162 163 164
23 112 113 116 121 122 123 124 125 126 128 130 131 133 134 136 140 141 142 143 155 156 160 163
28 114 117 118 120 123 124 125 133 134 135 137 138 139 141 142 146 147 148 150 152 154 157 158 159 160 161 163 164
23 116 117 119 121 122 124 126 130 133 134 135 137 138 145 149 150 151 155 156 157 158 162 166
33 113 116 118 119 121 122 123 125 130 132 133 134 136 138 139 140 141 142 144 146 148 149 150 152 153 154 157 158 160 161 162 163 166
38 113 114 116 120 121 122 123 126 127 128 129 130 131 132 133 134 135 136 137 138 139 140 141 143 144 148 149 150 153 154 155 156 160 162 163 164 165 166
32 115 116 117 118 119 122 123 124 128 130 131 133 134 135 137 138 139 140 141 142 144 145 146 147 150 151 153 156 159 160 161 166
19 112 115 118 124 125 126 127 129 132 135 136 138 146 149 150 152 154 156 161
29 113 114 119 120 124 125 126 128 131 133 136 137 138 140 141 142 143 144 146 147 148 153 154 156 159 160 161 163 164
36 112 113 116 117 119 120 123 127 128 129 130 132 133 135 137 139 140 141 147 148 149 150 151 152 153 154 155 156 157 158 159 160 161 163 164 166
23 114 115 116 117 122 123 124 125 128 130 132 134 142 143 145 147 148 150 154 159 160 161 165
27 112 115 116 118 119 120 122 123 124 126 127 128 129 130 132 134 136 138 139 141 142 145 146 153 154 155 156
26 113 115 116 118 119 120 122 126 129 130 132 135 139 143 147 148 149 151 153 156 158 160 161 163 164 166
35 112 114 115 116 117 118 119 120 126 128 129 130 132 133 135 136 137 138 139 140 141 142 143 145 147 148 149 150 153 155 156 158 160 161 162
31 112 115 116 117 119 120 121 123 124 125 126 127 129 131 132 133 134 135 136 139 140 141 144 149 150 151 153 154 155 163 164
30 113 114 117 123 124 125 126 128 131 132 135 137 138 139 142 145 146 147 150 151 152 153 154 155 157 158 159 160 164 165
20 114 118 119 120 128 129 132 134 135 136 137 138 139 143 151 153 154 155 159 164
34 113 115 117 118 119 120 121 122 123 124 126 128 129 130 132 134 135 138 139 144 146 148 149 151 152 154 155 156 159 161 163 164 165 166
30 112 113 114 115 118 119 120 123 126 127 130 131 134 137 138 139 141 143 144 145 147 149 150 154 155 157 159 160 162 166
26 116 117 119 120 123 126 127 128 129 130 133 134 136 139 140 142 143 144 146 147 150 152 154 160 163 164
35 113 114 115 118 119 120 122 123 124 126 127 128 131 132 135 137 138 139 140 142 144 146 147 148 150 152 153 154 155 156 158 160 162 165 166
25 112 114 118 119 122 125 128 131 135 136 138 141 145 147 149 151 153 154 156 158 159 161 162 164 166
21 115 116 118 120 122 125 126 131 133 136 140 142 148 149 150 151 153 155 156 159 161
18 114 115 119 121 124 127 129 131 133 138 139 147 149 152 155 159 165 166
31 112 114 117 118 119 121 122 123 128 132 133 134 135 136 137 140 141 143 144 145 146 147 149 151 154 156 157 158 162 163 164
33 112 114 116 117 118 122 123 125 126 128 132 133 135 137 138 139 140 142 143 145 146 150 151 153 154 155 159 160 161 163 164 165 166
34 112 113 114 115 116 119 120 121 122 123 124 125 126 128 135 136 137 140 142 143 144 145 147 148 149 152 157 159 160 161 162 163 165 166
21 112 114 117 122 123 125 128 130 131 134 136 138 147 150 151 153 155 156 159 162 165
23 112 113 114 115 116 117 119 121 124 128 134 140 141 144 146 150 151 156 157 160 162 164 165
23 113 115 117 120 123 127 133 134 135 136 137 138 139 143 145 146 148 151 158 162 164 165 166
25 116 118 119 120 122 124 126 127 130 131 134 136 139 140 141 142 146 147 148 154 156 160 161 164 166
35 112 114 115 116 117 118 120 121 122 123 124 125 127 129 132 133 136 137 138 141 144 145 146 148 150 151 153 154 159 160 161 163 164 165 166
21 115 119 120 124 125 128 132 134 136 140 141 142 145 149 152 155 157 158 159 160 164
38 113 114 119 121 122 123 124 126 127 129 130 131 132 133 136 137 138 139 140 141 142 144 145 146 148 149 151 154 155 158 159 160 161 162 163 164 165 166
37 112 113 114 115 116 117 119 120 121 122 123 125 126 127 129 130 131 133 135 137 140 141 142 143 144 145 147 150 151 152 156 157 159 160 161 163 164
30 112 114 115 116 117 118 119 121 123 126 127 129 134 137 138 141 144 146 147 148 149 150 151 158 159 160 161 164 165 166
20 112 114 117 118 120 128 130 133 138 140 143 146 147 150 151 153 160 164 165 166
21 112 114 116 117 118 119 127 128 129 130 137 138 139 143 150 153 154 155 156 160 165
34 112 113 117 119 120 121 125 126 127 129 130 131 133 135 137 141 142 144 146 147 149 150 152 153 154 156 157 158 160 162 163 164 165 166
19 114 120 122 124 125 130 137 138 140 141 145 150 153 154 155 156 158 160 161
34 113 118 119 120 121 122 123 124 126 128 130 132 134 135 136 137 138 139 140 141 142 144 147 150 151 154 155 156 157 158 160 161 163 166
30 112 113 114 115 117 119 120 121 122 123 125 126 130 131 132 134 135 139 141 142 146 151 152 153 159 160 161 162 165 166
20 115 117 119 120 121 124 126 127 130 133 136 137 138 140 146 149 156 158 160 166
25 112 116 120 122 124 125 126 127 128 132 134 136 137 138 146 147 148 149 150 155 156 159 161 163 165
32 112 113 114 117 118 119 120 124 125 127 128 131 132 133 134 135 137 139 140 143 145 146 149 150 152 153 155 157 163 164 165 166
18 113 117 123 125 131 138 139 141 143 146 149 152 153 156 157 159 160 165
23 112 115 117 118 120 122 124 125 130 131 133 135 137 140 141 145 147 151 153 159 162 163 165
30 112 115 119 120 121 123 124 125 128 130 133 135 136 137 140 142 144 146 147 148 149 150 152 153 154 155 156 161 164 166
19 113 121 128 129 130 131 132 134 135 147 148 149 150 151 155 160 162 164 165
22 112 116 117 119 122 126 127 128 129 130 132 133 134 136 137 140 145 146 147 152 165 166
26 113 115 117 118 121 122 123 125 128 129 130 131 133 135 137 140 141 142 148 152 153 154 161 162 164 166
38 112 113 114 115 116 117 118 119 120 125 127 128 130 131 132 133 134 136 137 138 140 141 142 143 145 146 147 148 150 152 154 156 158 160 161 162 165 166
20 113 115 116 117 121 122 123 124 125 127 128 133 134 140 144 159 160 162 164 165
29 112 113 115 116 117 120 121 125 126 130 132 136 138 139 140 143 144 145 146 147 148 151 152 154 157 158 159 162 164
36 112 114 115 116 119 120 121 122 124 125 126 128 129 130 131 132 133 134 136 138 139 144 145 146 149 151 152 153 154 156 158 159 160 162 164 166
29 113 114 115 116 119 120 122 127 128 129 130 131 134 135 137 138 139 140 147 149 150 151 154 155 158 159 161 164 166
20 112 113 115 116 117 121 122 123 124 125 129 130 132 134 140 141 151 154 161 166
20 114 118 119 122 125 127 128 132 133 136 139 142 143 144 154 156 157 161 162 165
33 112 113 116 117 119 120 123 124 126 127 129 130 131 132 133 135 141 142 144 146 147 150 151 152 153 154 155 156 161 163 164 165 166
16 114 122 125 128 130 131 132 136 139 140 146 147 149 155 156 160
17 120 125 126 128 133 136 138 139 143 144 150 152 153 154 156 163 165
29 113 115 117 119 120 121 122 125 127 128 129 130 132 135 136 137 139 140 142 148 149 150 151 155 158 159 161 165 166
20 112 117 119 124 130 131 134 135 137 138 144 149 150 153 154 155 156 159 160 165
22 113 115 122 124 126 129 130 131 132 133 137 138 139 146 150 153 155 159 161 162 163 166
24 112 120 122 124 125 129 133 135 138 139 142 143 149 150 151 155 156 158 160 161 163 164 165 166
23 114 120 121 122 123 124 127 129 132 135 138 140 141 144 145 146 147 150 152 155 161 162 165
35 112 113 116 119 121 125 126 127 128 130 131 132 133 134 135 136 137 138 140 141 142 144 145 147 149 150 151 152 153 154 155 156 158 165 166
29 112 115 116 121 122 125 127 128 129 130 133 135 136 138 141 142 143 145 146 149 150 151 152 153 154 156 158 164 165
29 114 117 118 119 122 123 125 127 128 129 133 134 135 136 138 140 143 148 149 150 151 153 154 157 158 160 161 163 166
31 113 115 116 117 122 124 125 127 128 129 130 131 132 134 135 136 137 138 143 146 147 148 150 156 158 159 160 161 162 165 166
22 112 116 117 118 122 123 125 127 134 135 139 140 143 144 145 146 149 151 157 160 163 164
31 114 115 116 118 119 120 121 122 123 125 128 129 130 131 132 134 135 136 139 141 142 143 145 146 147 150 151 158 159 163 166
33 112 114 117 119 122 124 125 126 128 129 130 132 133 135 137 139 141 142 143 144 146 148 152 154 155 157 159 160 161 162 163 165 166
31 112 113 118 121 122 123 124 126 127 130 131 132 134 136 138 139 141 143 144 145 150 151 152 154 155 157 158 160 161 163 166
35 114 115 116 117 118 121 123 124 126 130 132 133 136 137 138 140 142 143 144 145 146 147 148 149 150 152 154 156 157 158 159 161 163 164 166
22 112 116 118 119 121 124 128 130 133 137 140 142 146 149 150 151 154 155 156 161 163 165
20 112 113 114 115 123 126 127 128 129 133 135 139 147 148 151 153 154 158 159 161
21 116 125 128 132 133 136 139 140 142 145 146 147 150 151 152 153 156 161 162 164 165
24 113 114 117 119 120 122 125 126 128 129 137 146 147 148 150 152 154 155 156 158 160 161 162 166
37 112 113 115 116 117 119 120 122 123 126 128 129 132 134 135 136 137 138 140 141 142 145 146 147 148 149 150 151 153 155 156 157 160 161 162 164 166
21 113 116 118 121 123 124 126 127 128 129 130 132 138 139 141 143 149 150 153 163 164
32 112 113 115 116 118 124 125 126 127 128 129 130 133 134 136 139 140 141 142 144 145 146 151 153 154 155 157 158 159 160 163 165
29 114 115 117 119 121 122 123 124 125 126 127 128 129 130 134 137 138 140 145 148 151 152 153 154 158 160 161 163 165
33 113 116 118 119 120 121 122 123 124 128 129 131 132 133 136 137 139 140 141 142 145 146 147 151 152 153 155 159 160 162 163 165 166
28 112 118 122 126 127 128 129 130 136 139 140 141 142 144 146 147 148 149 151 152 153 155 156 157 159 164 165 166
34 112 114 115 119 122 124 125 126 127 128 129 130 131 132 133 135 136 137 140 141 142 144 145 147 149 150 153 154 155 156 157 158 163 166
19 112 113 117 119 123 125 133 135 139 140 143 146 147 149 154 157 158 161 166
32 112 113 116 117 120 122 125 127 128 131 134 137 138 139 140 142 143 145 146 147 149 151 152 153 155 157 158 159 161 162 165 166
37 112 114 116 118 119 120 122 124 125 126 127 128 129 131 132 133 134 135 137 143 144 146 147 149 150 151 154 155 157 158 160 161 162 163 164 165 166
25 112 113 116 117 118 120 123 125 127 128 132 135 139 140 144 145 146 149 150 151 160 161 162 163 166
20 112 114 116 117 118 119 125 126 136 140 142 143 151 154 155 157 158 161 162 165
30 112 114 115 116 117 118 119 121 123 124 125 126 131 132 134 135 136 137 138 139 141 142 145 148 151 152 157 161 162 164
35 112 113 115 117 118 119 120 121 122 123 124 125 126 127 128 129 130 131 132 133 139 142 143 144 145 146 147 148 149 150 151 154 156 161 165
32 113 114 115 117 118 119 121 123 126 127 128 130 132 133 136 137 140 141 144 146 147 148 150 153 155 157 159 160 161 164 165 166
30 112 113 114 117 119 121 122 123 124 125 126 129 133 134 137 138 141 142 144 145 146 148 149 152 154 155 157 158 160 162
36 113 114 115 116 117 118 119 123 125 126 127 128 129 130 131 132 133 136 137 138 139 141 144 147 149 151 152 153 155 156 158 161 162 163 164 166
29 113 114 115 117 119 120 122 123 125 128 130 132 134 135 137 139 140 141 143 144 150 155 156 158 161 162 163 165 166
25 112 115 117 118 120 121 125 127 128 132 134 135 138 139 144 146 147 149 150 154 155 157 158 163 164
18 118 120 121 122 125 129 130 136 140 142 143 148 149 151 152 153 156 164
27 112 115 116 119 120 122 125 128 129 130 133 134 136 138 139 140 147 149 150 151 152 153 154 155 157 161 166
35 113 114 116 117 118 120 121 126 128 129 130 131 132 133 136 137 140 141 143 145 146 147 148 149 151 152 154 155 156 157 159 160 163 164 165
19 113 115 116 120 121 130 135 136 141 142 144 147 151 152 154 156 160 164 165
31 113 115 116 117 119 122 123 126 129 130 132 133 134 136 137 138 140 142 143 145 146 148 151 153 154 156 157 158 159 161 164
37 113 114 115 116 117 118 119 121 122 123 124 126 128 129 131 133 134 135 136 137 139 141 142 146 147 148 150 152 153 154 157 158 159 162 163 165 166
24 112 114 119 120 122 125 126 128 134 135 136 138 139 140 142 143 144 149 150 155 158 160 163 164
19 112 115 119 121 129 130 131 135 136 138 140 144 148 153 157 158 159 162 166
31 112 113 115 118 119 125 126 127 128 129 131 132 133 136 138 139 140 142 143 145 146 147 148 149 153 155 156 159 160 162 165
30 113 115 117 122 123 124 129 132 133 134 136 137 140 141 142 144 145 146 147 148 149 151 153 155 156 161 163 164 165 166
37 113 115 116 117 120 122 123 125 126 128 129 130 132 133 135 136 137 138 140 142 143 145 146 147 148 149 153 155 156 157 158 159 161 162 163 165 166
30 113 114 115 117 118 119 120 121 124 125 127 128 131 134 135 136 138 139 140 141 143 144 146 150 153 157 159 161 162 163
35 112 114 115 116 117 118 119 120 121 122 123 125 126 127 129 132 133 135 138 140 142 143 145 146 149 150 151 152 153 154 155 156 158 161 165
28 112 113 115 117 122 123 125 126 129 131 134 135 137 138 139 140 141 142 144 145 146 150 152 153 155 159 161 166
30 112 114 115 116 118 122 123 124 129 130 133 134 135 139 141 143 144 145 147 149 150 152 153 156 158 159 162 163 165 166
21 117 121 122 123 125 126 135 136 139 140 143 146 148 149 150 151 154 158 162 163 166
20 112 115 123 128 129 133 134 135 136 138 139 140 142 146 155 158 159 161 165 166
25 112 122 125 128 130 131 133 136 138 140 142 143 144 145 147 150 152 153 154 158 160 161 163 164 166
25 112 118 120 123 124 128 130 131 132 140 141 145 146 149 150 154 156 157 159 160 161 162 163 164 165
28 113 115 119 122 123 124 126 127 131 132 133 134 135 137 138 141 144 145 146 148 149 153 155 157 161 162 164 166
38 112 113 114 115 119 120 121 122 123 125 126 127 129 131 132 133 135 136 137 138 139 140 141 143 144 145 146 148 151 153 154 156 157 159 161 164 165 166
32 114 116 117 118 120 121 122 123 128 129 131 132 134 136 137 138 139 140 141 144 145 146 147 153 154 156 157 160 161 164 165 166
20 112 114 118 120 122 125 132 135 138 142 147 151 153 154 155 158 162 163 165 166
29 114 116 118 119 120 123 124 125 127 128 129 132 133 134 135 136 140 141 142 143 148 150 151 153 155 158 159 164 166
27 113 115 116 120 122 124 128 131 132 135 138 140 142 143 145 147 148 149 152 153 155 156 160 162 163 164 166
38 112 113 115 117 119 120 122 123 124 125 128 129 130 133 134 135 136 137 138 139 140 143 144 145 146 148 149 150 151 153 156 157 158 161 163 164 165 166
26 113 116 117 120 121 122 123 124 125 126 127 131 136 137 140 141 142 145 146 147 150 153 154 157 162 163
16 117 120 122 127 128 130 135 140 142 151 155 157 160 161 164 166
30 112 113 121 123 125 126 127 128 129 132 133 136 139 140 141 143 145 147 149 150 151 152 153 154 155 156 158 160 161 164
29 115 118 119 121 122 123 125 127 128 131 132 133 134 138 142 143 144 148 149 150 153 154 155 156 158 159 161 163 164
23 112 114 116 122 124 125 126 127 128 129 130 132 138 139 141 142 152 153 158 160 162 164 165
17 114 117 118 121 128 130 139 141 151 152 153 157 158 159 161 163 166
21 113 117 119 120 123 128 130 131 132 133 134 142 145 146 149 150 154 155 161 164 165
35 112 113 114 117 118 119 120 123 127 128 129 130 131 132 133 134 135 136 137 139 141 142 143 145 146 147 150 154 155 156 157 158 159 160 164
32 112 113 114 117 119 120 122 124 126 127 129 130 131 134 136 138 141 143 144 145 146 148 149 150 154 157 158 162 163 164 165 166
33 112 113 114 117 119 122 127 131 132 133 134 135 136 137 138 139 142 144 145 146 147 148 150 151 152 155 158 160 161 163 164 165 166
31 112 114 116 118 120 121 122 124 125 129 130 131 132 133 134 136 137 138 139 142 147 148 149 150 151 152 155 160 161 163 165
23 113 114 115 116 122 130 134 137 138 141 142 143 144 145 147 148 150 151 156 158 159 163 165
18 115 116 119 121 123 124 125 126 128 129 131 133 134 143 151 161 164 166
34 112 113 115 118 119 120 122 124 125 126 127 128 130 131 132 136 137 138 139 140 141 142 145 148 151 152 153 154 156 157 158 160 161 164
32 112 114 115 117 118 120 122 123 124 126 128 129 130 131 132 134 136 137 140 142 143 144 145 153 154 155 157 158 161 162 163 164
35 112 114 115 117 118 119 122 124 125 126 128 130 131 134 138 139 140 141 142 143 145 146 148 149 151 153 154 155 156 157 158 160 161 163 165
27 114 115 117 118 124 125 129 130 131 133 134 138 139 141 142 147 148 149 150 153 154 155 156 157 158 164 166
20 112 113 117 119 120 121 122 128 129 134 135 142 153 154 157 160 161 162 164 166
23 113 116 118 121 122 123 126 127 130 132 134 138 141 145 146 147 148 149 150 152 155 159 161
35 114 115 117 119 120 121 122 123 125 126 128 130 131 132 134 135 142 143 144 146 147 148 151 152 153 154 155 156 158 159 161 162 164 165 166
22 112 113 114 115 117 118 119 120 125 128 134 136 139 146 147 148 149 153 156 160 163 164
32 112 113 115 116 118 120 121 123 125 127 129 132 134 137 140 142 143 144 146 148 150 151 152 153 156 158 160 161 162 164 165 166
28 113 115 116 118 119 120 121 124 126 127 128 130 131 133 134 141 143 144 145 146 148 149 150 155 159 161 163 164
26 113 117 118 120 121 123 124 126 130 132 134 136 137 140 142 144 149 150 152 154 158 160 161 162 165 166
17 120 122 124 125 128 131 133 134 142 146 149 152 154 156 160 161 162
20 112 113 116 118 122 123 125 126 129 132 139 141 149 150 154 155 158 162 165 166
34 112 113 114 117 118 119 120 121 122 123 124 125 126 130 135 136 137 138 141 142 143 144 145 146 150 151 153 155 156 157 158 161 163 166
20 114 115 119 121 124 125 130 133 134 135 136 141 143 148 156 158 159 162 164 165
22 112 114 115 118 119 122 124 127 128 130 131 132 134 135 137 142 145 147 152 156 163 164
27 114 115 116 117 119 120 121 124 125 126 127 130 131 134 139 142 144 146 148 149 151 153 157 160 161 162 164
38 112 114 115 118 119 121 122 123 124 125 126 128 130 132 133 135 136 137 139 141 142 143 144 146 147 148 149 150 151 152 154 155 158 160 161 164 165 166
34 112 113 114 115 116 118 119 121 122 123 125 127 130 132 133 134 136 137 138 141 142 144 147 148 149 150 151 152 153 155 156 162 164 165
35 112 113 117 118 121 124 125 128 129 130 131 133 134 137 138 139 140 142 143 144 146 147 149 150 152 154 155 157 158 159 160 163 164 165 166
17 114 132 135 137 138 139 141 146 147 148 152 153 155 156 162 163 166
21 113 123 125 130 134 135 138 139 141 142 144 145 148 149 153 155 157 159 161 162 164
36 112 113 115 116 117 119 121 122 123 124 126 128 130 131 134 135 137 139 140 142 143 144 146 148 149 150 153 154 155 156 158 159 160 161 162 164
19 112 115 117 119 123 124 127 128 130 132 138 139 142 150 153 155 157 162 164
21 114 115 117 118 120 121 122 130 134 135 141 144 145 148 150 151 152 154 156 158 164
20 112 113 114 116 118 119 120 121 122 126 128 134 141 143 146 147 148 151 153 157
21 112 113 116 118 120 121 123 125 127 128 129 131 136 138 148 149 151 152 155 157 159
23 112 118 120 126 127 128 129 130 132 134 135 136 137 139 143 145 147 150 158 159 160 162 164
38 112 115 116 117 118 119 121 122 123 124 125 127 128 129 130 132 133 134 135 138 139 141 143 144 145 146 147 148 150 152 153 157 158 160 161 162 163 166
35 113 115 116 117 118 119 120 125 127 128 129 130 131 132 133 136 137 139 144 145 146 147 148 149 152 153 154 155 156 157 158 160 161 162 163
25 114 116 118 119 120 125 126 128 130 132 133 134 136 138 140 141 144 147 148 154 156 158 160 162 164
31 112 113 114 115 116 117 119 120 124 125 126 127 128 129 132 136 137 138 139 142 144 147 151 152 154 156 158 161 162 163 166
23 113 115 116 120 121 122 123 125 126 128 130 131 138 139 140 142 145 150 153 159 160 161 163
22 114 119 120 123 125 128 130 134 135 136 140 142 143 144 145 149 152 159 161 162 163 164
37 112 113 114 115 117 119 122 123 124 125 126 129 132 133 134 135 136 137 141 142 144 145 148 149 150 152 154 155 156 158 159 160 161 162 163 164 165
26 113 116 124 125 127 128 131 134 135 137 138 139 141 143 144 146 148 149 150 151 152 153 155 157 163 165
32 112 114 115 116 121 122 123 125 127 130 131 133 135 136 140 142 143 145 146 147 148 149 150 152 155 157 159 160 161 162 163 164
37 114 115 116 119 120 122 123 125 126 130 133 134 135 137 138 139 140 141 142 143 144 145 146 148 149 150 151 152 153 154 158 160 161 162 163 164 165
22 115 116 117 118 120 122 125 126 129 132 134 137 143 144 145 146 147 149 158 160 162 163
30 112 113 114 116 117 119 121 122 123 126 127 128 129 130 131 134 136 137 138 141 142 144 146 148 150 153 156 159 163 166
28 112 113 116 117 119 123 125 132 133 134 137 139 140 141 142 143 144 145 146 147 148 150 151 152 155 156 160 165
38 112 113 114 115 116 117 119 122 124 128 129 131 132 133 134 135 136 138 139 140 142 143 144 145 146 148 149 152 155 156 157 158 159 160 163 164 165 166
35 112 117 120 121 122 124 125 126 127 128 129 132 133 134 136 137 139 140 141 143 144 145 146 147 152 153 156 157 158 159 160 161 162 163 165
26 114 115 117 118 119 122 124 127 128 129 131 133 134 137 138 140 144 146 147 149 154 156 157 163 165 166
32 113 114 116 117 118 119 123 124 125 126 127 128 131 134 135 138 140 142 143 144 145 146 148 149 152 155 157 158 159 161 163 165
28 112 113 114 115 119 120 122 123 124 125 128 131 132 135 139 143 145 148 151 152 154 155 156 158 159 162 164 166
36 113 114 116 117 119 121 124 127 130 131 132 134 135 136 137 138 139 140 142 144 145 147 148 151 152 153 154 156 157 158 159 161 163 164 165 166
22 112 117 118 119 124 126 128 129 133 134 139 140 147 149 150 151 154 157 158 160 164 165
30 114 117 118 119 121 124 126 127 130 134 136 137 138 139 140 141 142 143 145 146 147 148 151 154 155 156 160 161 162 165
37 112 113 115 116 119 120 122 123 124 127 129 132 134 135 136 137 138 139 142 143 144 145 146 147 148 149 151 152 153 154 156 159 162 163 164 165 166
32 112 114 117 118 121 122 123 126 127 128 133 136 138 139 140 141 143 145 147 148 149 150 151 152 154 155 157 158 161 162 165 166
25 113 117 119 120 121 125 129 130 132 133 141 142 143 147 148 153 154 156 157 158 160 161 163 164 165
20 112 113 121 122 124 125 129 130 132 136 138 141 142 143 144 150 153 159 162 163
20 112 116 119 124 125 126 128 130 134 135 137 138 140 142 144 145 146 147 150 158
29 113 114 115 116 118 127 128 129 130 131 135 136 137 138 139 140 141 142 143 147 148 150 153 155 157 158 160 163 166
24 113 115 119 121 122 125 127 128 132 135 136 138 142 144 145 147 150 151 152 154 159 162 163 165
19 112 113 117 119 121 124 131 136 138 139 140 142 145 146 147 151 155 159 162
27 114 118 119 121 122 123 124 126 128 129 130 132 133 134 136 137 141 142 143 144 145 148 151 155 159 161 165
23 113 114 115 122 125 129 130 132 135 137 139 140 142 143 144 149 151 154 156 157 159 161 164
28 113 115 116 118 120 121 123 126 127 128 131 132 137 138 139 140 141 143 150 151 152 153 156 158 160 162 165 166
19 113 115 120 121 122 124 125 128 130 138 144 146 147 150 151 154 157 161 164
27 114 115 116 118 123 124 126 128 130 132 134 138 140 141 142 144 145 146 152 154 155 157 158 159 162 163 164
18 112 114 118 119 120 127 128 131 132 133 136 137 140 141 145 151 165 166
26 114 115 116 118 119 123 127 130 134 137 141 142 144 146 147 150 151 152 153 154 155 158 159 164 165 166
26 114 116 117 118 120 123 126 127 129 130 131 134 136 138 139 140 141 145 147 149 150 151 156 161 163 164
34 112 113 114 116 117 118 120 121 124 126 127 128 129 130 134 135 137 138 140 141 142 143 146 149 150 152 153 156 157 158 161 162 164 165
22 113 115 117 120 121 123 126 132 133 134 136 140 141 146 147 148 150 158 160 161 165 166
17 113 114 117 120 125 128 135 137 139 144 147 152 153 159 162 163 166
19 115 118 119 122 126 132 134 135 137 142 147 148 149 155 157 158 159 161 162
27 113 115 117 118 120 121 123 125 128 129 132 133 134 135 137 139 140 144 146 147 155 156 158 160 162 164 165
19 114 115 118 121 123 125 130 132 133 137 139 141 142 147 149 151 161 162 166
36 112 113 115 116 117 118 119 120 121 122 123 124 125 127 128 129 132 134 135 136 137 138 143 145 146 147 149 151 152 155 158 160 162 164 165 166
33 113 114 115 116 117 119 122 123 124 126 129 131 132 133 137 138 139 140 142 144 145 148 150 151 152 153 154 157 158 159 163 164 165
22 112 113 117 119 120 121 122 123 128 140 141 146 147 148 151 153 154 155 157 160 161 162
29 112 114 115 116 121 122 124 127 128 131 135 137 138 141 143 144 146 147 148 149 150 151 155 158 159 160 161 165 166
36 112 114 115 116 117 118 119 121 122 124 126 127 129 130 132 133 134 135 137 138 139 141 142 145 146 147 148 149 152 153 154 155 159 160 161 163
22 113 115 116 117 118 123 125 126 127 130 131 133 134 141 146 147 149 154 161 162 164 166
27 113 115 116 120 121 122 124 128 129 131 137 138 140 142 144 145 147 148 149 150 151 152 155 158 159 160 165
24 114 117 119 120 123 129 130 132 133 134 135 137 140 141 142 144 145 146 150 153 154 162 163 166
20 115 120 121 123 126 127 128 129 132 133 138 141 142 143 146 147 151 153 157 158
32 113 115 116 117 118 121 123 125 128 135 137 138 141 142 144 145 147 148 149 150 153 155 156 157 159 160 161 162 163 164 165 166
27 113 117 119 123 125 127 128 129 130 131 132 135 140 145 146 148 149 150 151 152 154 155 159 160 161 162 164
26 114 116 117 120 122 123 124 125 127 128 133 134 136 137 143 147 148 150 151 154 157 159 160 161 165 166
31 112 113 114 115 116 120 121 122 123 125 126 128 132 133 137 140 141 142 145 146 147 149 151 152 155 156 158 160 161 162 163
38 112 113 115 116 117 118 119 120 121 123 124 125 129 130 131 134 136 137 138 140 141 142 145 147 148 149 151 152 153 154 155 156 158 159 160 162 164 166
35 112 113 114 117 118 120 121 122 123 125 127 128 131 132 135 137 140 142 144 145 146 148 149 150 152 153 154 156 157 158 159 160 162 165 166
19 112 113 115 119 123 124 130 132 136 144 147 148 150 152 153 155 158 160 166
16 114 115 124 129 130 132 135 137 139 143 145 147 148 151 156 166
23 112 115 117 124 125 126 128 130 131 133 134 136 138 141 142 143 148 149 153 156 157 164 166
21 113 116 118 119 120 124 125 126 127 129 133 134 135 136 138 140 141 142 150 153 162
26 116 117 119 120 121 123 125 126 127 129 130 131 137 138 139 140 143 144 148 149 150 152 154 155 161 165
16 118 121 125 126 130 139 141 142 143 147 148 153 161 163 164 166
19 112 114 115 117 118 119 120 121 122 126 128 129 137 139 143 147 154 161 166
26 113 116 118 120 123 125 126 128 130 133 134 139 140 141 142 144 146 151 153 154 157 158 159 161 162 163
34 112 113 115 116 119 122 124 125 127 128 129 130 131 132 133 134 135 137 138 139 140 141 142 143 144 145 146 150 151 155 159 160 163 165
18 116 118 124 125 126 128 129 132 133 135 138 141 142 148 149 155 156 165
36 112 114 115 117 118 119 121 123 124 125 126 127 128 129 130 132 133 134 136 137 138 139 140 141 142 145 147 149 151 152 153 154 157 159 163 166
18 112 114 119 121 122 123 129 138 139 144 150 152 153 158 159 161 163 164
21 112 113 115 116 118 122 123 124 130 132 133 138 151 152 154 156 157 158 161 163 164
16 114 118 119 120 126 128 129 138 142 143 146 149 150 154 160 162
18 113 121 126 128 132 134 135 141 143 145 146 148 149 152 158 159 160 165
20 113 114 117 118 123 125 127 128 129 133 134 137 142 148 150 152 156 157 163 166
26 112 113 114 124 127 129 130 131 134 136 137 139 142 145 146 147 148 150 151 153 154 160 161 162 164 165
30 113 114 115 116 117 121 122 124 126 127 129 131 132 136 140 141 142 143 144 146 147 149 152 155 158 159 160 164 165 166
27 112 113 114 117 120 123 125 127 130 131 133 134 136 137 139 140 144 147 148 150 151 152 153 155 157 163 165
32 112 114 116 117 118 119 121 126 131 133 135 138 140 141 142 143 144 145 146 148 149 150 154 155 156 157 161 162 163 164 165 166
21 114 115 116 117 120 121 122 123 125 129 136 139 143 145 146 148 149 162 163 165 166
37 112 113 114 115 116 119 120 121 122 123 124 125 127 128 130 131 133 134 136 137 141 142 143 144 147 148 149 150 151 154 155 157 158 159 162 165 166
31 112 115 119 120 121 122 124 125 127 130 131 132 133 134 135 136 137 140 142 143 148 149 150 151 152 154 155 156 159 164 166
31 112 116 117 118 119 121 123 127 129 130 131 132 135 137 138 139 140 142 143 146 147 149 150 151 152 158 159 160 161 164 165
36 112 113 114 116 119 121 123 124 125 127 128 129 130 131 133 135 136 138 139 140 141 142 144 145 148 150 151 152 153 155 156 157 158 159 161 164
38 112 113 114 115 116 117 118 120 121 122 125 126 128 130 132 135 136 138 139 140 141 142 143 144 145 146 148 149 150 152 153 154 157 159 160 162 163 166
20 113 116 117 118 124 126 129 130 131 135 136 138 140 141 147 152 154 156 159 165
32 113 114 115 116 120 122 123 124 125 126 128 129 130 131 134 139 140 141 143 144 146 148 150 151 152 154 155 156 157 159 161 162
19 113 119 122 127 128 131 132 136 139 141 143 144 148 150 151 157 158 163 165
23 113 115 117 122 125 128 129 133 136 141 142 145 146 147 149 151 153 154 155 160 162 164 166
34 112 114 116 118 119 120 122 123 128 129 130 131 133 134 137 139 140 141 142 143 144 145 147 152 153 154 155 156 159 160 162 163 165 166
31 114 118 120 122 124 126 127 128 129 130 131 132 134 138 141 142 143 144 145 147 151 153 154 155 157 158 159 160 161 163 165
33 112 116 117 118 121 122 125 126 128 130 133 135 136 137 138 139 140 141 144 145 146 151 152 155 157 158 159 160 162 163 164 165 166
22 115 116 118 119 121 123 124 127 131 135 138 139 140 142 143 146 147 148 149 155 156 164
27 112 116 117 118 119 120 121 123 124 128 130 131 132 134 136 137 138 140 142 144 148 151 152 158 160 161 163
27 113 114 116 120 122 124 129 130 131 133 136 137 138 139 140 141 142 143 147 148 149 153 157 158 159 161 166
18 112 118 119 120 125 127 129 130 135 136 138 140 146 149 150 151 152 157
24 112 119 120 122 123 126 129 134 135 136 137 141 143 144 146 150 154 155 157 158 160 161 162 165
24 112 113 118 123 125 126 127 130 131 133 134 135 137 138 139 142 144 147 150 155 157 159 161 164
35 113 115 116 119 120 121 123 124 127 130 132 133 135 137 140 143 145 146 147 148 149 150 151 152 154 155 156 157 158 160 161 162 164 165 166
18 118 126 127 129 133 134 135 137 146 147 148 149 155 156 158 160 162 163
36 112 113 114 115 116 117 118 119 122 123 125 127 129 130 131 132 133 136 137 142 143 144 145 146 147 149 150 151 152 155 158 159 161 163 164 166
35 115 116 119 120 122 123 124 126 127 130 132 134 135 137 138 139 140 141 142 143 144 145 147 148 149 150 152 154 158 159 160 161 164 165 166
34 112 113 114 115 116 117 119 120 126 128 129 134 136 137 138 141 142 143 144 145 146 148 149 150 151 152 153 154 157 159 161 162 163 166
