166 1267
46 1 2 3 4 5 6 7 8 9 10 11 12 13 14 15 16 17 18 19 20 21 22 23 24 25 26 27 28 29 30 31 32 33 34 35 36 37 38 39 40 41 42 43 44 45 46
15 1 4 7 9 13 14 15 16 18 19 24 27 28 31 34
18 1 2 3 6 10 13 20 24 26 29 32 33 34 35 36 40 43 46
17 9 10 11 14 15 17 22 25 28 30 32 34 35 36 40 41 46
31 3 4 5 6 7 8 10 11 12 13 15 18 19 20 21 22 23 24 26 27 29 30 31 32 33 36 37 41 42 43 45
15 3 4 5 8 9 14 15 23 24 31 32 36 38 40 43
18 1 6 8 9 11 12 14 15 16 18 21 23 24 34 35 37 43 46
16 1 2 4 5 9 10 11 27 29 32 36 37 39 40 44 46
16 4 5 8 10 12 17 18 19 20 27 28 30 33 37 45 46
31 1 2 3 5 8 10 11 12 13 16 20 21 22 23 24 25 26 27 28 29 30 31 32 33 34 36 37 38 39 42 43
30 1 2 4 5 6 7 8 9 10 12 13 14 16 20 22 24 25 26 27 28 29 30 31 32 33 34 36 37 42 44
15 9 17 19 20 22 24 25 28 29 33 36 38 39 44 46
35 1 2 3 4 5 6 7 9 10 14 15 16 17 18 19 20 21 22 25 26 27 28 30 31 32 34 35 36 37 39 40 42 43 45 46
16 1 5 6 8 9 10 11 12 17 20 22 23 25 29 32 34
27 1 2 3 5 8 9 11 12 14 15 17 21 22 23 25 26 28 31 33 34 37 38 39 40 42 43 44
25 3 7 8 10 11 14 16 17 18 19 21 22 24 25 27 28 29 32 33 34 36 38 40 41 46
34 1 2 3 5 6 9 12 13 14 15 16 17 18 21 22 24 25 27 28 30 31 32 33 34 35 36 38 39 40 41 42 43 44 45
16 1 2 3 4 5 8 10 17 21 25 27 35 38 39 44 45
31 1 2 3 4 5 7 8 9 10 11 14 17 19 20 21 22 23 24 26 27 28 30 34 35 37 38 39 40 43 45 46
16 5 6 9 10 11 15 17 20 24 25 28 33 35 36 40 42
15 7 17 19 23 24 25 29 33 35 36 39 40 41 44 46
33 1 2 4 7 8 9 11 13 14 15 19 21 22 24 26 27 28 29 30 31 33 34 35 36 37 38 39 40 41 42 43 45 46
31 1 2 5 6 7 8 9 10 11 14 15 16 17 18 19 20 22 23 24 25 26 28 29 37 38 39 40 41 42 45 46
34 2 3 4 5 6 7 9 10 11 12 13 14 15 16 18 19 20 23 24 25 27 28 29 31 32 33 35 37 38 39 40 41 42 43
32 2 4 5 6 7 8 9 11 12 15 16 17 18 19 20 21 24 25 27 28 29 30 32 33 34 36 38 41 42 44 45 46
29 1 3 5 6 8 9 10 11 12 14 17 18 19 22 23 24 26 27 28 31 32 35 36 38 40 41 42 44 45
16 3 5 6 10 11 14 16 17 18 23 28 30 40 43 44 46
27 3 5 6 10 11 12 14 15 16 18 20 23 25 26 28 31 32 33 34 35 36 37 39 40 41 43 45
31 2 4 5 6 8 10 11 12 14 16 17 18 19 20 21 23 24 25 26 27 28 29 30 33 34 35 36 39 40 41 44
31 1 2 3 4 5 6 7 8 11 13 14 15 16 17 18 19 23 24 28 29 30 32 33 34 36 40 41 42 43 44 46
35 1 2 3 5 6 7 9 11 12 15 18 19 20 21 22 23 24 25 26 27 28 30 32 33 35 36 37 38 39 40 41 42 43 44 45
19 3 5 7 10 11 15 16 20 21 25 26 27 30 31 33 38 39 42 43
29 1 2 3 4 5 6 7 8 9 10 12 14 19 20 21 24 26 27 28 29 31 32 35 36 37 39 41 42 46
23 5 6 7 8 9 11 16 17 19 20 23 28 29 30 31 32 34 36 37 42 43 45 46
33 1 2 3 4 7 8 9 10 12 13 15 17 18 20 21 22 23 24 25 26 27 28 31 32 33 35 37 39 40 42 44 45 46
19 4 5 7 9 11 12 13 14 16 22 26 27 29 30 33 37 38 41 46
23 3 4 8 9 12 13 14 16 17 20 21 24 26 27 28 29 31 32 34 35 38 40 45
15 5 6 9 11 13 17 20 21 22 25 26 31 37 39 42
30 4 6 8 9 10 12 13 14 16 17 18 20 21 22 26 27 28 29 30 31 32 33 35 38 39 40 42 44 45 46
26 2 5 7 8 9 11 12 13 15 17 19 21 23 24 25 28 30 32 33 34 36 39 41 42 43 45
36 1 2 4 5 6 7 8 9 10 13 14 16 17 18 19 20 21 22 23 24 25 26 27 28 29 30 31 33 34 36 37 39 40 42 43 45
28 1 2 3 4 5 7 9 11 12 13 14 15 16 19 20 21 22 26 30 31 33 34 35 36 40 41 43 45
17 10 11 12 16 18 20 23 24 27 30 34 38 39 40 42 43 46
17 1 4 12 15 18 21 23 24 27 30 33 38 41 42 44 45 46
17 3 5 7 9 10 13 15 17 18 29 31 32 33 35 38 45 46
23 1 4 5 7 8 10 12 14 15 17 20 23 25 27 28 30 32 33 34 38 41 45 46
20 5 6 8 12 14 17 18 19 20 23 24 25 26 27 30 35 37 38 43 46
24 1 3 4 6 7 8 10 12 14 15 16 17 18 19 23 24 27 32 34 35 36 37 42 43
32 1 3 4 5 6 7 8 9 10 11 12 13 14 15 16 18 19 20 21 22 24 25 27 29 31 33 36 38 40 43 44 46
23 1 2 3 9 10 13 14 16 17 19 20 21 24 25 27 30 33 34 35 37 42 43 45
17 1 2 11 13 15 16 18 20 22 25 27 28 30 32 37 39 42
14 4 12 13 14 20 22 24 26 27 35 36 42 43 44
33 1 4 6 7 8 9 10 11 12 13 14 15 17 19 21 24 25 26 27 28 29 30 31 32 33 37 38 39 41 43 44 45 46
21 1 3 5 12 15 17 20 22 23 25 26 27 29 31 36 37 39 40 41 42 45
34 1 2 3 5 6 8 9 10 11 12 13 14 15 16 17 20 21 23 24 27 30 31 32 33 34 35 36 38 39 41 42 44 45 46
32 1 3 4 5 6 7 9 10 11 14 17 18 19 20 21 24 25 26 27 28 29 31 32 33 34 35 36 37 40 42 44 45
31 2 4 6 7 8 9 11 12 14 16 18 19 20 22 23 24 25 26 27 28 30 31 32 33 34 37 41 42 43 44 45
33 5 6 7 8 9 11 12 13 14 15 16 18 19 21 23 25 26 27 28 29 30 31 32 35 36 37 38 39 40 43 44 45 46
30 2 6 7 8 9 11 12 15 16 17 18 20 21 22 23 24 25 27 29 30 31 32 34 37 39 40 42 43 44 45
22 1 4 7 8 9 10 11 12 13 17 20 23 24 29 30 33 35 36 39 41 42 44
21 47 48 49 50 51 52 53 54 55 56 57 58 59 60 61 62 63 64 65 66 67
14 47 48 49 51 53 54 56 57 59 62 63 64 66 67
11 47 50 51 54 55 56 60 61 62 63 65
13 47 48 51 53 55 57 58 59 60 61 64 65 66
13 48 49 51 52 54 55 56 58 59 61 64 66 67
15 47 49 50 52 53 54 55 56 58 59 62 63 64 66 67
10 47 51 52 53 55 58 61 62 63 67
9 48 53 54 55 58 59 61 66 67
8 49 50 53 57 58 62 64 67
15 48 49 50 51 52 53 55 57 58 59 60 61 63 66 67
16 47 49 50 51 52 54 55 56 57 58 59 60 61 64 65 66
16 48 49 50 51 52 54 55 57 58 59 61 62 63 64 65 67
7 49 52 53 58 59 64 66
15 48 49 51 53 54 55 56 57 58 59 61 62 63 66 67
9 47 51 52 53 54 55 60 64 66
14 48 51 52 53 55 56 57 58 59 60 62 63 66 67
14 47 48 50 52 54 55 57 58 60 62 63 64 65 66
12 47 51 52 53 54 55 58 59 61 65 66 67
15 47 48 49 50 51 52 54 55 57 58 61 63 65 66 67
8 51 52 56 59 61 62 63 67
12 47 49 50 51 54 55 58 59 63 65 66 67
9 47 49 50 52 53 59 60 61 62
8 48 49 53 54 59 60 62 64
15 47 49 50 52 53 54 56 57 58 59 60 62 63 64 66
9 47 51 53 55 56 59 61 64 67
14 47 49 50 51 52 53 54 55 59 60 62 63 64 66
11 47 48 49 51 53 54 55 60 64 66 67
6 53 55 63 64 66 67
14 47 48 49 51 53 54 55 58 60 62 63 64 66 67
9 49 50 51 55 57 60 63 66 67
6 49 53 56 58 65 66
7 49 50 58 60 61 64 66
9 47 48 51 52 53 54 55 56 58
15 47 48 49 52 53 54 55 56 57 59 60 62 63 65 67
14 47 49 50 51 53 54 57 58 61 62 64 65 66 67
14 48 49 50 52 53 56 57 58 59 60 61 62 64 65
12 47 49 51 53 55 58 59 60 62 65 66 67
6 47 49 52 54 60 66
16 47 48 49 50 51 52 53 54 55 56 57 59 60 62 66 67
15 47 48 49 50 51 52 53 55 57 58 59 61 63 65 67
11 50 51 52 56 57 58 59 63 65 66 67
14 47 49 51 52 53 54 55 57 58 60 61 62 63 66
10 48 49 50 51 53 55 62 64 66 67
7 47 48 53 56 61 64 65
9 50 51 55 56 58 60 64 66 67
8 70 73 76 78 87 95 107 116
9 69 83 89 95 97 99 102 108 114
17 68 70 72 74 82 85 86 87 89 94 97 99 101 102 105 109 111
14 69 70 74 75 76 80 85 88 98 99 101 108 109 112
18 68 72 74 78 80 81 85 86 88 91 94 98 100 101 105 107 109 115
17 71 72 76 78 83 87 90 92 94 99 104 107 108 110 112 113 115
9 82 88 96 98 101 107 109 110 111
35 68 69 73 74 75 77 79 81 82 83 84 85 86 87 88 90 91 93 94 95 97 98 100 101 102 105 106 107 108 109 111 112 113 115 116
7 77 87 90 95 100 104 107
14 69 72 75 78 83 88 90 98 100 102 104 109 110 114
32 68 71 72 73 74 76 78 79 81 83 87 88 89 90 92 94 95 96 97 98 99 104 106 107 108 110 111 112 113 114 115 116
8 77 79 83 86 93 99 102 113
13 69 75 81 82 86 90 92 96 102 106 109 111 114
14 70 71 72 76 78 80 89 92 96 99 103 104 110 114
20 69 71 72 73 74 75 76 77 79 80 82 90 91 94 98 100 101 103 108 112
10 73 75 82 85 91 98 104 108 111 113
6 80 85 90 96 99 108
19 68 70 79 82 91 92 93 95 100 101 103 105 107 108 109 112 113 115 116
6 79 91 94 110 113 115
8 75 80 82 86 95 102 103 116
22 71 75 76 77 78 80 82 86 87 88 89 90 91 93 100 101 102 103 107 108 110 113
11 68 74 77 78 82 83 93 97 100 101 107
5 81 85 101 104 116
15 69 70 71 75 76 81 84 90 91 92 95 106 112 114 116
5 92 95 100 101 104
30 68 69 74 76 77 78 80 82 88 89 90 91 92 93 95 96 97 98 100 101 103 104 105 106 107 109 110 112 114 116
28 69 72 73 76 79 80 84 85 86 87 88 90 91 92 94 95 98 99 102 104 105 106 108 110 111 113 114 116
4 75 77 86 100
12 71 74 80 83 84 88 90 96 102 104 111 114
16 68 72 78 84 86 87 88 90 94 95 100 103 108 110 113 114
19 68 70 73 74 76 77 83 85 86 89 91 92 97 99 101 103 110 111 114
19 70 71 72 73 75 79 81 83 84 85 86 87 94 99 102 108 111 113 115
12 73 75 82 86 90 91 95 98 99 110 114 115
32 68 69 70 71 72 74 77 79 80 81 83 84 86 87 88 89 90 92 93 94 95 96 99 100 101 102 103 105 107 109 114 115
32 69 71 73 75 76 77 78 79 80 81 83 84 88 90 91 92 93 95 96 98 100 103 104 106 107 108 110 112 113 114 115 116
14 71 74 76 77 87 88 89 95 97 98 99 100 103 107
25 69 70 71 72 73 74 75 76 78 79 80 85 88 91 93 96 98 101 102 105 111 112 113 114 115
12 75 80 85 86 91 92 94 96 98 101 102 107
10 70 71 75 81 89 96 103 109 112 115
17 68 69 71 73 75 82 83 86 87 88 89 91 97 103 106 109 114
11 69 71 73 76 82 83 90 93 103 110 116
14 68 70 71 74 77 79 80 83 89 92 100 111 112 113
15 79 80 81 91 92 93 94 95 97 101 107 111 112 115 116
21 69 70 71 74 75 76 77 79 82 89 92 93 97 98 99 101 104 109 111 115 116
29 68 70 78 81 83 84 85 86 87 88 89 92 93 95 96 97 99 102 104 105 106 107 109 110 111 113 114 115 116
20 68 70 71 73 74 76 77 82 84 85 86 87 89 96 99 103 105 106 108 113
14 68 70 73 79 84 85 89 93 96 100 101 106 109 111
13 72 74 77 79 81 87 95 105 106 109 111 112 114
27 70 72 74 76 77 78 79 80 81 84 85 90 93 94 96 98 99 102 105 107 108 110 111 112 113 115 116
10 69 74 77 81 88 91 97 98 105 114
7 76 78 97 106 110 112 116
12 71 79 82 85 86 88 92 96 100 102 105 114
12 73 80 81 83 85 91 96 102 105 106 107 112
18 69 72 76 78 84 87 88 93 94 96 97 102 103 105 106 107 108 109
6 74 78 86 92 94 104
16 68 70 72 73 78 80 83 84 85 93 101 104 105 108 112 116
15 70 74 75 76 78 80 81 83 97 98 104 106 109 110 116
27 68 69 70 72 73 74 79 81 83 84 85 92 94 95 96 97 98 99 104 105 106 109 111 112 114 115 116
20 68 69 74 75 77 78 80 85 86 87 90 93 94 96 97 100 102 106 110 113
11 69 72 75 79 80 84 87 95 109 115 116
7 69 87 90 93 99 111 115
21 70 71 73 76 79 81 82 83 84 88 89 91 95 99 101 103 104 108 109 111 116
19 71 78 81 82 88 90 93 94 96 98 100 102 104 105 106 107 108 112 113
26 68 69 72 74 77 79 82 84 86 88 89 91 93 94 97 98 100 101 102 105 109 110 111 113 114 115
35 68 71 72 73 77 78 79 81 82 83 84 86 87 89 90 91 92 93 94 95 96 97 100 102 103 104 105 106 107 110 111 113 114 115 116
22 70 71 73 75 76 77 79 82 84 87 90 92 93 96 103 104 106 110 111 112 113 116
8 72 92 98 105 107 112 114 115
30 68 71 72 73 75 76 77 81 82 83 85 87 88 89 90 91 95 96 97 99 101 102 106 107 108 109 110 111 113 115
13 69 70 79 80 84 93 98 100 103 105 112 114 116
15 68 72 73 77 84 89 91 94 95 101 103 107 108 112 113
13 69 70 80 82 84 85 91 93 101 102 103 105 109
9 71 75 81 83 92 103 104 106 112
17 68 72 73 74 78 80 85 87 89 94 97 100 103 104 105 108 115
18 69 72 73 75 76 77 78 81 85 86 87 89 94 97 98 99 106 110
17 68 81 82 83 84 86 89 92 94 97 99 103 106 108 109 110 116
13 68 70 78 84 88 89 97 99 100 104 108 113 115
11 75 76 77 80 86 93 101 102 107 110 113
18 70 71 75 76 77 79 82 84 87 90 93 96 103 104 106 110 112 113
10 70 71 73 81 83 85 87 94 102 108
10 68 72 74 78 80 89 97 100 103 115
14 71 76 77 82 84 87 90 92 93 103 104 106 113 116
4 79 83 99 113
9 70 74 76 80 81 83 104 106 116
22 68 69 72 74 79 82 84 86 89 91 93 94 97 98 100 101 102 105 109 110 111 113
7 69 79 84 93 98 100 112
5 69 73 83 103 116
13 70 74 75 76 78 80 83 97 104 106 109 110 116
7 74 77 78 82 83 93 97
9 71 79 82 86 88 92 96 100 105
5 69 83 95 108 114
10 71 88 94 96 98 102 105 106 112 113
8 78 80 83 97 104 106 109 110
12 79 80 92 93 94 95 97 101 107 111 112 115
7 69 72 80 84 87 109 115
7 73 75 95 99 110 114 115
3 79 110 115
11 69 70 71 75 76 84 90 91 106 112 114
6 71 75 83 92 106 112
22 68 69 70 72 73 74 79 81 83 84 85 92 95 96 99 104 105 106 109 111 112 114
5 72 92 105 112 114
8 71 72 76 80 89 96 110 114
26 69 71 76 77 78 79 80 81 83 84 88 90 92 93 96 103 104 106 107 108 110 112 113 114 115 116
6 71 80 83 88 96 102
8 73 81 83 91 102 105 106 107
13 69 76 84 87 88 94 96 97 103 105 107 108 109
9 71 72 76 78 80 96 99 110 114
9 69 70 79 84 93 103 105 112 116
6 75 90 91 98 99 114
9 69 75 79 84 87 95 109 115 116
14 70 73 74 75 76 78 79 80 85 88 91 93 96 105
11 68 91 92 95 101 105 107 108 109 113 116
5 85 90 96 99 108
7 80 83 88 90 96 102 104
10 70 72 76 78 89 92 99 104 110 114
10 68 70 84 85 89 96 100 101 106 111
8 68 74 78 82 83 97 100 107
11 72 76 78 84 96 102 105 106 107 108 109
5 69 95 97 99 102
6 72 92 98 107 112 114
4 94 110 113 115
17 68 75 77 79 81 87 88 93 94 95 97 100 101 102 105 107 109
8 72 79 81 87 105 106 109 112
6 75 80 82 86 103 116
11 68 79 82 91 93 95 101 105 112 113 116
7 71 74 76 87 89 97 99
9 78 80 83 97 98 104 106 110 116
5 71 96 103 112 115
12 70 72 74 85 86 89 94 97 99 101 109 111
24 69 72 73 76 79 84 87 88 90 91 92 94 98 99 102 104 105 106 108 110 111 113 114 116
7 70 84 91 93 101 105 109
7 71 75 81 83 103 104 112
10 70 74 75 76 78 80 97 98 104 110
5 69 83 95 102 108
11 74 75 77 85 87 90 93 94 102 106 113
16 70 72 74 76 78 79 80 84 90 93 96 98 99 107 111 112
9 79 82 85 88 92 96 100 102 114
17 71 75 76 77 78 82 87 88 89 90 100 101 102 103 107 108 113
18 70 72 74 76 78 79 81 90 93 94 99 102 108 110 111 113 115 116
22 72 73 76 79 80 84 85 86 88 90 91 92 94 95 98 99 102 105 110 111 113 114
7 83 89 95 99 102 108 114
23 69 70 74 77 79 84 86 87 89 90 92 93 94 95 96 99 100 101 102 103 109 114 115
15 68 72 74 82 85 86 87 89 94 99 101 102 105 109 111
15 68 71 73 81 87 88 90 91 97 99 101 102 106 109 111
19 68 69 73 74 79 83 84 86 87 90 94 95 98 101 105 108 109 111 112
15 68 70 73 74 77 85 86 91 92 97 99 101 103 110 111
11 68 81 82 86 89 94 99 106 108 110 116
11 68 74 77 78 86 93 94 96 100 102 110
7 77 79 80 89 92 111 113
24 68 70 78 84 85 87 88 89 92 93 95 96 97 99 102 105 106 107 109 110 111 113 115 116
8 73 79 84 85 93 100 101 106
15 69 72 78 88 93 94 96 97 102 103 105 106 107 108 109
8 77 81 88 91 97 98 105 114
19 69 72 73 79 80 84 87 90 91 98 99 102 105 108 110 111 113 114 116
22 71 73 75 77 78 79 80 81 83 90 92 93 95 96 100 103 104 107 108 110 113 114
8 82 86 88 92 96 100 102 114
6 68 74 82 83 93 100
14 68 72 74 78 80 81 85 86 94 98 100 101 107 109
4 82 95 103 116
8 74 77 81 91 97 98 105 114
8 81 82 83 92 99 106 110 116
14 75 80 82 87 88 89 90 91 100 102 103 108 110 113
11 70 71 72 75 81 83 84 87 108 113 115
18 69 70 71 74 75 76 77 79 82 89 92 93 97 99 101 104 111 116
6 82 96 101 107 109 110
9 68 69 71 73 88 89 91 97 109
7 70 82 85 91 101 102 105
4 78 86 92 104
11 68 70 71 73 76 82 84 85 87 99 105
6 75 82 86 90 109 114
10 69 70 84 85 91 93 101 103 105 109
27 68 71 73 74 76 78 79 81 83 88 89 90 92 95 96 97 98 99 104 106 107 110 112 113 114 115 116
10 72 74 77 79 81 87 105 106 109 111
7 73 82 86 91 95 110 114
4 91 94 110 113
13 69 71 82 83 86 87 88 89 91 97 103 109 114
6 71 74 83 88 90 114
18 69 70 71 74 75 76 77 79 82 89 92 93 97 99 104 109 111 115
15 69 74 75 77 78 85 86 90 93 94 96 97 100 102 110
8 75 78 83 88 90 104 109 114
21 68 69 70 72 73 79 81 83 85 92 95 96 97 98 99 106 109 111 112 115 116
24 68 71 72 73 75 76 77 81 82 85 88 89 90 95 96 97 99 102 106 107 109 111 113 115
7 75 80 91 92 94 96 101
4 97 106 112 116
12 79 81 91 92 93 94 95 101 107 112 115 116
15 69 72 73 75 76 77 78 81 85 89 94 98 99 106 110
25 69 75 77 78 79 81 83 84 88 93 95 96 98 100 103 104 106 107 108 110 112 113 114 115 116
25 69 73 75 76 78 79 80 81 83 84 90 91 92 93 95 96 98 103 106 107 110 112 113 114 116
17 70 71 73 75 76 77 79 82 87 90 92 96 104 106 110 112 113
4 73 87 95 107
15 71 78 82 88 90 93 96 98 100 102 105 107 108 112 113
12 68 70 73 79 84 85 93 96 101 106 109 111
3 87 100 107
17 70 72 77 79 81 85 90 93 94 96 98 102 105 107 108 111 112
7 72 75 79 87 95 115 116
7 71 81 83 92 103 104 106
9 70 73 75 84 85 99 108 113 115
8 70 80 89 92 96 99 103 110
10 68 70 73 84 89 93 100 101 106 109
9 69 71 76 82 83 90 93 110 116
7 75 80 82 86 102 103 116
8 74 77 87 95 99 100 103 107
12 70 71 73 84 87 90 92 103 110 111 113 116
18 72 73 80 84 85 87 88 90 91 94 95 102 104 105 106 111 113 114
12 70 75 78 80 81 97 98 104 106 109 110 116
5 75 96 109 112 115
12 68 69 74 78 80 90 93 96 97 100 106 113
16 69 72 76 78 84 87 88 93 94 96 102 105 106 107 108 109
8 78 88 89 97 99 100 104 115
13 70 72 74 82 85 86 87 89 94 101 105 109 111
10 70 73 79 85 89 93 96 100 101 111
6 75 80 82 86 95 103
18 72 74 76 79 80 81 84 85 93 96 98 102 107 110 111 112 113 116
11 70 71 74 79 80 83 89 92 100 111 113
9 69 71 73 76 82 93 103 110 116
10 69 72 78 81 87 89 94 98 106 110
11 69 70 75 76 80 85 88 99 101 108 112
12 70 76 81 82 84 88 89 91 95 99 101 111
6 72 98 105 107 112 114
12 69 70 71 76 81 84 90 91 95 106 112 116
9 69 80 82 84 93 101 102 105 109
21 68 69 75 81 82 83 84 86 87 88 94 97 102 105 106 107 108 109 111 112 116
15 68 70 73 74 76 77 83 86 89 92 97 103 110 111 114
18 70 77 78 80 81 84 85 93 94 96 98 102 105 110 111 113 115 116
4 80 85 96 108
10 68 76 77 85 92 97 101 110 111 114
12 71 78 82 90 93 94 96 98 100 102 104 112
20 68 73 74 75 79 81 82 86 88 90 91 93 95 98 100 102 107 108 109 111
20 69 73 78 80 83 88 90 91 92 93 95 96 98 103 106 107 110 113 115 116
7 72 80 87 95 109 115 116
20 68 69 72 73 79 81 84 85 92 94 96 97 98 99 104 106 111 112 115 116
10 70 75 76 78 80 97 104 106 110 116
13 68 69 78 85 86 87 90 96 97 100 106 110 113
30 68 71 73 77 78 79 81 82 83 84 86 87 89 90 91 92 94 95 96 97 102 103 104 105 107 111 113 114 115 116
11 68 72 74 80 81 85 94 100 105 107 109
9 74 75 76 78 80 81 98 106 110
9 69 71 73 76 83 93 103 110 116
12 76 81 82 84 88 91 95 101 103 104 111 116
16 68 70 79 82 91 92 93 101 103 105 107 109 112 113 115 116
12 70 74 75 78 81 97 98 104 106 109 110 116
7 71 75 81 83 103 106 112
24 69 72 76 79 80 84 85 86 88 90 91 92 94 95 98 102 104 105 106 108 110 111 114 116
4 76 78 112 116
9 69 72 75 79 80 84 87 95 115
19 68 69 77 79 80 83 87 89 90 92 93 95 96 99 101 102 107 109 114
20 72 75 76 83 84 85 86 87 88 90 93 99 103 104 108 109 111 112 114 116
18 68 70 72 75 78 81 82 83 89 90 92 97 98 101 102 109 112 115
20 70 74 76 78 80 81 84 85 86 87 88 90 91 92 101 102 106 111 113 115
34 69 70 71 72 73 74 77 78 80 81 82 83 85 86 88 89 93 95 96 97 98 99 100 102 104 105 108 109 110 111 112 113 114 116
33 72 73 74 76 77 78 82 83 84 85 86 88 89 90 92 93 94 95 96 97 98 99 100 102 106 107 109 110 111 112 114 115 116
26 70 75 76 79 80 81 82 83 87 88 89 90 92 93 94 97 98 100 101 102 110 111 112 114 115 116
31 69 70 71 73 74 79 81 82 83 86 88 89 92 94 95 97 98 99 100 101 103 104 105 106 109 110 111 112 113 114 116
28 68 69 70 71 72 73 74 76 78 80 81 82 83 85 88 90 91 93 96 98 100 102 103 104 106 108 113 116
29 71 73 74 76 78 79 80 81 82 84 85 86 88 89 90 92 93 95 96 98 99 103 105 106 109 110 112 114 115
16 69 70 77 79 85 86 89 93 94 98 99 102 103 104 110 113
25 69 71 73 75 81 84 87 90 91 93 94 96 97 98 101 102 103 104 107 108 109 111 112 115 116
30 68 69 71 72 73 75 77 78 79 82 84 85 86 88 90 91 94 96 98 99 100 101 105 107 108 110 113 114 115 116
33 68 70 71 72 73 74 75 77 78 79 81 83 85 86 89 91 92 93 94 95 96 99 104 105 106 107 108 110 111 112 113 114 115
27 68 71 72 73 78 79 80 83 85 87 88 90 92 94 95 96 97 99 100 104 105 107 109 110 112 113 116
26 69 70 71 72 73 74 76 79 80 82 86 88 90 91 92 96 97 98 99 105 107 110 113 114 115 116
27 68 71 74 75 76 80 81 87 88 89 91 92 93 96 97 98 99 100 103 104 106 108 109 112 113 114 116
18 68 69 73 78 80 83 84 89 93 96 97 98 102 104 106 109 111 116
16 68 70 74 75 78 84 90 92 98 99 102 109 110 112 113 114
30 68 70 71 72 73 74 77 78 79 81 82 87 88 91 92 94 97 100 101 102 103 104 105 106 109 110 111 113 114 115
33 69 71 72 73 74 75 78 79 80 81 82 83 84 85 86 87 88 91 92 93 95 96 97 98 99 100 101 102 109 110 111 113 116
33 69 70 72 73 74 75 76 77 79 80 84 86 87 88 89 90 92 94 96 98 99 100 101 102 103 105 106 107 108 111 113 114 115
25 69 71 72 73 74 76 77 81 82 83 85 87 89 90 92 93 94 99 100 103 107 112 113 115 116
20 70 72 76 77 79 80 81 84 85 88 90 91 93 96 99 101 105 110 111 116
17 72 79 81 87 89 90 93 94 96 97 99 100 106 109 111 113 114
15 70 72 74 86 89 95 98 99 101 102 103 104 105 113 114
31 69 70 71 72 74 76 77 78 80 81 82 84 85 86 89 91 93 95 97 98 99 100 101 102 105 106 108 112 113 115 116
21 74 75 76 78 79 81 82 87 89 90 93 94 96 98 101 103 107 110 111 113 116
31 68 69 71 73 76 78 79 81 82 83 84 85 86 88 89 90 93 96 97 99 100 102 104 105 106 107 108 111 112 113 115
29 68 69 72 75 76 78 81 82 84 85 86 87 88 89 90 92 93 98 99 100 102 104 105 106 108 112 113 114 116
20 68 71 78 79 80 81 83 84 87 88 89 92 95 99 100 101 106 107 115 116
19 68 74 75 86 89 91 94 95 96 98 99 102 105 109 111 112 114 115 116
15 68 69 76 78 80 82 84 86 96 97 103 109 110 115 116
24 70 74 79 81 83 84 85 87 93 94 95 98 99 101 102 103 104 105 106 107 108 110 114 115
27 71 72 74 76 77 78 83 84 85 90 92 93 94 95 96 98 100 101 102 103 105 106 108 109 111 112 113
26 72 73 75 76 77 78 79 80 83 86 89 90 94 95 97 98 101 102 103 107 109 110 111 112 113 116
27 71 73 74 75 76 78 81 82 83 84 85 88 90 91 92 94 95 96 97 98 104 105 107 109 111 115 116
15 73 83 86 88 90 93 94 96 97 103 105 106 108 111 115
20 68 70 72 74 75 78 79 84 87 88 92 93 100 101 107 110 111 114 115 116
31 69 72 74 75 76 77 78 79 81 82 83 84 85 86 87 89 90 92 93 94 97 99 103 104 109 110 111 112 113 114 115
14 73 78 79 81 86 89 94 96 97 105 110 112 114 115
28 68 69 71 72 76 81 83 86 87 88 89 90 93 94 97 99 100 101 102 104 107 109 110 111 112 113 115 116
15 69 70 71 73 77 81 82 89 93 97 100 102 103 104 111
26 68 69 70 71 74 75 76 80 83 84 86 89 91 92 93 95 96 100 102 104 105 107 110 112 113 115
23 71 75 76 80 81 83 85 88 89 91 94 95 100 102 103 106 107 110 111 112 114 115 116
30 68 69 70 71 73 74 75 77 81 82 84 87 90 91 92 93 94 95 97 98 99 100 103 104 108 110 111 113 114 115
28 69 71 73 74 76 77 78 79 80 82 85 86 89 90 91 93 94 96 97 101 105 106 107 108 109 110 112 115
31 69 70 71 72 73 74 75 77 78 79 80 82 83 84 85 86 87 88 92 93 94 97 98 100 101 103 105 106 108 109 115
22 68 70 75 76 79 80 81 82 86 88 89 92 93 94 95 99 101 102 105 107 108 113
28 68 69 72 75 76 77 79 81 83 85 86 87 88 89 91 92 94 97 99 100 102 103 104 107 108 112 113 115
19 71 75 77 78 79 81 83 88 91 92 93 94 96 97 100 101 105 109 112
22 71 73 75 77 78 81 86 87 89 90 92 93 96 99 103 105 106 108 110 114 115 116
19 70 75 78 79 80 83 85 87 91 93 101 102 103 105 106 109 110 114 115
28 68 70 73 76 77 79 81 85 87 88 89 90 92 93 94 95 96 99 101 102 103 104 105 106 108 109 110 114
33 69 70 72 73 75 76 77 78 79 80 81 82 85 86 87 88 89 94 96 97 98 99 100 102 104 105 106 107 108 110 112 114 115
25 69 70 72 77 79 83 86 87 91 92 93 94 95 96 98 99 101 102 104 105 106 108 110 114 116
30 68 71 74 75 78 80 81 84 85 87 89 91 92 93 94 95 97 98 99 100 103 106 107 108 110 111 112 113 114 116
17 69 72 73 75 76 77 83 86 89 98 99 107 110 111 114 115 116
28 68 71 72 73 74 75 76 77 78 79 83 84 86 87 88 90 94 95 97 100 103 105 106 107 108 109 111 112
33 69 70 74 76 78 79 80 81 82 84 85 86 87 88 90 91 92 93 95 96 97 98 99 102 103 105 106 108 111 112 113 115 116
23 68 71 72 74 75 81 84 85 87 88 89 90 92 93 94 102 104 107 109 111 113 114 115
32 68 69 70 72 73 74 75 77 78 80 82 83 84 85 89 91 93 95 97 98 99 100 105 107 109 110 111 112 113 114 115 116
14 72 74 80 83 84 85 94 102 105 107 109 111 114 116
20 68 75 76 78 81 83 84 85 89 90 91 95 96 99 102 103 107 111 112 116
17 69 70 77 78 80 87 90 91 101 103 105 106 107 109 111 113 114
21 68 69 70 75 76 78 81 83 84 87 90 91 97 98 100 101 108 110 112 113 116
21 72 76 78 80 82 84 85 87 88 91 92 97 102 105 106 107 109 111 112 113 114
29 68 69 70 71 72 73 74 75 77 79 80 81 82 83 84 85 87 88 93 95 99 104 105 107 108 113 114 115 116
22 68 71 76 78 79 83 85 86 88 90 91 92 93 96 100 102 103 105 107 109 111 114
25 68 69 71 72 73 74 75 79 84 85 87 88 89 90 92 93 96 97 104 108 109 110 111 112 113
29 68 69 71 72 75 78 79 80 82 83 85 86 87 88 89 91 93 97 98 99 101 104 106 110 112 113 114 115 116
24 68 69 70 71 72 74 85 86 88 92 93 94 95 97 98 100 102 104 105 106 107 111 112 116
18 68 69 71 74 84 85 87 88 92 95 99 101 103 105 106 110 112 114
22 68 76 79 83 84 86 88 90 93 95 96 97 99 102 104 105 107 110 111 112 114 115
19 71 72 74 78 79 81 83 86 89 93 95 99 101 102 103 109 110 111 113
30 68 70 71 72 73 74 77 78 80 81 82 83 85 86 92 93 95 96 97 99 100 101 104 105 107 110 112 113 115 116
18 68 70 74 75 76 77 83 87 88 90 93 98 101 102 104 109 113 115
15 69 70 72 78 80 81 82 83 84 90 92 96 97 105 108
19 71 77 82 84 87 91 93 94 95 97 99 104 106 107 108 109 112 114 116
19 68 72 73 79 81 82 86 89 90 91 93 96 98 101 106 111 114 115 116
22 71 72 74 75 78 79 80 81 82 83 86 87 88 90 91 99 102 107 110 111 112 116
21 75 80 83 84 87 88 90 91 95 96 97 98 99 100 104 105 108 112 114 115 116
27 68 69 70 71 73 75 76 79 81 82 84 85 87 89 92 93 94 97 101 103 104 105 109 111 112 113 114
17 68 74 76 77 78 83 85 87 89 90 95 100 103 105 107 115 116
26 69 70 71 72 73 74 75 78 80 87 89 90 92 93 94 96 98 101 102 103 106 107 110 111 112 116
29 71 73 74 76 77 78 80 81 82 83 85 87 88 90 92 93 98 101 102 104 105 106 107 108 110 111 112 113 115
28 68 69 72 73 74 76 77 79 82 83 88 90 91 92 93 95 98 99 100 102 108 110 111 112 113 114 115 116
33 69 73 74 75 76 77 78 81 82 83 84 85 86 89 90 93 94 95 96 97 101 102 105 106 107 108 109 110 112 113 114 115 116
29 68 70 72 74 76 78 79 80 81 84 86 88 89 91 92 96 97 98 101 102 105 106 107 108 109 110 111 113 114
33 68 69 70 74 75 76 78 80 81 82 83 85 86 87 88 89 90 91 92 93 94 96 97 99 100 101 102 106 107 108 110 111 116
26 69 71 73 76 78 79 82 83 85 86 90 91 92 93 95 97 98 99 100 104 106 109 111 112 115 116
20 70 75 78 79 83 86 89 96 97 100 102 103 104 105 106 108 110 111 113 116
24 68 70 71 72 73 76 78 80 81 82 83 84 85 86 87 88 92 93 99 102 105 106 111 115
21 71 74 75 76 78 80 81 83 84 85 87 89 90 91 93 97 98 105 106 108 116
33 70 72 73 74 75 77 78 80 81 83 84 86 87 88 89 90 93 94 98 99 100 101 102 103 104 106 108 109 110 112 113 114 116
29 69 71 75 76 77 81 83 86 87 88 90 91 92 94 95 96 99 100 102 103 104 106 108 109 110 111 112 113 116
32 68 69 73 75 76 79 80 81 82 83 84 85 87 88 90 91 92 93 94 95 96 97 98 104 106 108 109 110 112 114 115 116
30 69 70 71 72 73 74 78 81 82 83 87 90 91 92 93 94 95 96 98 99 100 101 102 104 107 108 113 114 115 116
29 69 70 74 76 77 79 81 83 84 85 86 87 89 91 92 93 97 98 99 100 101 104 105 106 108 109 111 114 116
27 68 69 71 72 73 76 79 81 82 86 92 93 95 96 97 98 99 101 103 104 105 108 110 111 113 114 115
20 70 71 73 81 82 85 86 91 93 95 97 98 100 102 105 106 109 111 114 116
17 69 70 72 74 79 82 83 87 92 93 99 103 105 111 112 113 116
23 69 72 79 80 82 83 87 88 91 92 93 95 96 97 99 101 103 104 107 108 113 114 115
15 71 75 81 91 93 94 95 96 97 98 100 104 108 110 113
31 68 72 73 77 78 79 80 84 85 86 87 90 93 94 95 96 97 99 100 102 103 104 105 107 108 110 111 112 113 114 116
27 68 70 71 73 75 76 77 78 80 82 85 87 89 93 94 95 96 97 100 102 104 107 111 112 114 115 116
26 68 71 72 75 77 78 82 83 84 89 90 91 93 95 96 97 99 100 103 104 105 109 110 112 115 116
17 70 71 75 76 78 81 88 90 91 92 94 96 97 100 102 103 109
24 71 74 76 78 81 85 89 92 93 94 95 96 97 98 101 103 104 105 106 107 108 110 113 116
17 68 71 77 78 80 82 89 91 92 96 98 100 104 107 110 112 115
20 71 72 73 77 78 79 81 82 83 86 88 90 92 93 99 106 107 108 109 114
20 69 71 74 80 81 82 86 87 89 90 96 98 106 107 108 109 110 111 115 116
33 70 72 73 74 75 77 80 81 82 83 84 85 87 88 89 91 92 93 97 98 99 100 102 103 104 106 107 108 110 113 114 115 116
23 68 72 74 75 78 80 83 84 88 91 92 93 96 97 98 99 102 105 110 111 113 114 116
20 68 73 74 75 76 77 81 83 84 85 86 92 96 97 98 99 101 104 114 116
26 69 73 74 78 79 82 84 86 88 89 90 91 92 93 94 97 98 99 100 102 103 104 105 110 111 115
25 70 72 73 74 76 77 78 79 81 84 85 87 90 91 93 94 96 98 99 100 102 105 107 110 116
32 68 69 70 71 72 73 76 77 79 84 85 86 87 89 91 92 93 94 97 99 100 101 102 103 104 106 107 108 110 111 114 116
23 68 69 70 71 73 75 81 82 84 85 87 97 99 100 102 103 104 106 108 109 111 113 114
28 69 70 71 72 73 76 78 80 81 82 84 90 91 92 93 94 100 102 103 106 107 109 110 112 113 114 115 116
24 74 80 81 82 83 88 89 94 97 100 101 102 103 104 106 107 108 109 110 112 113 114 115 116
19 69 70 78 79 80 84 92 93 94 96 98 103 105 106 107 109 111 112 113
16 68 69 75 77 78 80 89 92 97 101 102 104 105 107 113 116
27 68 71 73 77 78 79 81 82 84 90 91 92 94 95 96 97 98 100 101 105 108 109 110 111 113 115 116
16 68 71 72 74 80 82 87 91 93 105 109 110 112 114 115 116
31 68 69 70 71 73 75 76 77 78 79 80 81 83 85 88 89 90 91 93 94 96 98 99 105 106 107 109 110 111 113 114
32 68 69 70 71 73 74 77 79 80 81 82 83 84 86 87 89 91 93 96 98 101 102 105 106 107 108 109 110 111 113 114 116
20 68 73 75 76 77 79 87 88 89 92 95 96 97 102 106 107 109 111 114 115
32 68 69 71 72 74 76 77 78 79 80 82 83 87 89 90 91 92 96 97 98 99 101 102 104 105 107 108 109 111 113 115 116
21 73 74 75 80 82 83 86 89 92 93 95 102 104 105 107 108 110 111 112 114 116
30 68 69 70 73 74 76 79 80 81 82 83 85 87 89 90 91 97 98 101 102 103 104 106 107 108 112 113 114 115 116
27 68 70 71 75 77 78 79 80 81 82 83 84 90 91 92 93 95 96 102 103 107 108 109 111 112 113 114
19 68 71 73 75 76 78 80 84 85 87 88 89 94 96 97 106 107 114 116
33 68 69 74 76 77 79 80 81 82 83 84 85 87 89 90 91 92 93 94 96 97 99 101 102 103 104 107 109 111 112 113 114 116
25 69 72 76 77 80 83 86 87 88 89 92 94 96 97 98 100 102 103 104 107 110 111 112 113 116
18 68 71 76 82 83 85 86 87 92 96 97 98 100 103 107 108 109 111
27 69 70 71 74 76 79 80 81 82 86 89 90 92 94 95 97 99 100 102 103 104 107 109 112 114 115 116
18 69 71 73 75 80 85 87 91 92 93 94 96 98 100 101 105 106 115
34 68 69 70 72 73 74 76 77 81 82 84 87 88 89 90 92 94 95 96 97 98 99 101 102 103 104 106 108 109 111 112 113 114 115
27 68 69 72 74 75 76 77 78 80 82 85 87 88 96 99 101 102 104 105 106 107 108 109 112 113 114 116
24 70 71 72 76 77 78 81 82 85 88 89 91 92 94 99 100 102 104 107 108 110 111 113 114
32 68 69 71 75 76 78 80 81 84 86 87 89 90 92 93 94 96 97 98 101 105 106 107 108 109 110 111 112 113 114 115 116
33 71 73 74 75 76 77 78 79 80 82 83 85 86 88 89 90 91 93 95 96 97 100 102 103 104 105 106 107 109 110 111 112 113
16 68 69 70 80 84 85 91 98 102 105 107 109 110 112 115 116
32 68 70 72 74 76 77 78 79 80 82 84 86 87 88 90 92 93 94 95 97 98 99 100 102 104 105 108 109 110 111 113 115
19 68 76 78 79 84 86 88 89 90 91 94 98 99 103 104 105 107 111 116
20 71 72 77 78 79 80 82 83 84 88 89 98 99 100 105 106 107 111 112 114
34 68 69 70 71 74 75 76 81 82 83 87 88 89 90 92 93 95 96 97 99 100 101 102 103 104 105 106 107 109 110 111 112 113 116
27 70 71 74 75 77 78 80 82 83 86 87 88 90 91 92 93 95 96 97 99 100 104 108 109 111 114 115
28 68 69 73 74 78 82 85 86 87 88 89 90 91 94 95 96 97 100 101 102 106 107 109 110 112 113 115 116
22 69 71 73 77 80 81 86 87 88 91 92 93 96 97 100 104 105 107 108 112 113 115
17 68 70 71 73 75 78 81 83 84 97 98 103 104 105 111 113 115
34 68 69 71 72 74 75 76 78 82 83 84 85 87 88 89 91 92 93 94 95 96 99 100 103 104 105 106 107 109 110 111 112 115 116
27 68 70 71 72 73 74 75 78 79 80 83 84 87 90 91 96 97 99 100 103 106 107 110 111 112 114 115
27 68 69 72 73 74 76 77 78 79 80 83 84 87 88 90 93 94 97 100 101 103 104 106 108 110 112 113
28 68 69 70 72 74 76 77 79 80 81 89 90 92 94 95 97 98 100 101 102 103 104 109 111 112 114 115 116
25 68 70 71 73 75 76 78 79 80 84 85 87 89 93 97 98 100 105 107 108 109 111 112 114 116
16 68 69 70 71 76 83 88 89 93 94 101 106 109 111 113 116
19 71 78 79 82 83 84 85 87 89 90 93 98 103 105 110 112 113 114 115
15 68 72 73 74 79 81 82 84 91 92 97 102 105 106 107
21 68 71 72 73 74 77 78 79 80 81 85 86 88 92 96 97 105 106 107 113 115
33 68 69 70 71 73 75 76 77 78 79 82 83 84 86 87 89 90 91 93 94 95 96 97 100 101 104 105 106 108 109 111 113 115
22 68 69 72 74 76 77 78 79 80 84 85 86 89 96 97 99 102 107 110 111 113 114
26 68 72 73 74 75 76 77 78 83 85 87 90 92 94 98 100 102 103 105 106 109 111 112 114 115 116
23 70 71 72 74 78 81 84 86 89 90 92 93 94 97 98 100 101 103 108 109 110 113 115
21 71 73 74 75 77 81 86 93 94 96 97 98 99 100 101 104 105 108 110 111 112
23 69 70 71 72 73 74 76 78 81 87 91 92 94 96 98 99 100 103 104 106 109 113 114
28 68 71 75 76 78 79 82 83 84 85 87 88 89 91 93 95 96 97 100 101 102 105 106 107 110 111 112 115
24 68 70 71 72 73 78 79 80 83 87 92 94 97 101 102 103 104 105 106 107 109 114 115 116
15 118 122 130 132 133 136 145 150 154 160 161 162 164 165 166
37 118 120 121 122 123 124 126 127 129 131 132 133 134 135 136 139 140 142 145 147 148 149 150 152 153 154 155 156 157 158 160 161 162 163 164 165 166
10 120 121 129 138 144 145 149 150 156 158
21 118 120 123 127 130 131 132 134 135 136 140 142 145 146 147 152 154 157 159 163 165
16 117 122 124 128 131 133 135 138 140 142 145 147 155 158 163 165
9 132 134 145 149 152 155 156 159 161
12 120 123 126 135 137 139 142 148 161 163 165 166
17 117 118 119 120 128 132 134 136 137 142 145 147 148 151 156 157 166
8 122 127 129 140 141 148 160 166
17 120 122 123 127 128 131 135 138 140 141 147 148 150 157 162 164 165
16 117 118 119 120 126 135 136 137 138 141 142 146 148 154 155 164
21 119 122 126 130 131 132 133 138 142 143 144 145 146 150 152 153 157 158 162 164 166
16 119 124 127 128 129 131 134 140 147 148 149 151 153 156 158 163
29 119 121 122 123 124 125 126 128 129 130 132 133 135 136 138 139 140 144 146 149 152 153 154 155 160 162 163 165 166
12 121 127 128 129 130 133 136 141 149 157 158 160
9 123 127 133 134 141 147 153 157 166
12 118 120 134 135 144 145 147 149 153 158 165 166
15 119 121 123 126 129 130 134 137 139 144 152 153 157 159 161
17 120 123 129 140 144 145 146 147 149 151 156 159 160 161 162 163 164
9 117 118 125 126 137 142 143 146 158
15 119 121 124 129 130 133 136 139 144 151 153 154 160 163 166
10 131 134 135 141 147 149 152 159 161 163
25 117 119 120 121 127 129 130 131 132 136 139 140 142 143 145 146 149 151 154 156 159 161 164 165 166
11 119 136 137 138 142 143 151 152 154 156 162
21 122 123 124 125 129 130 131 133 134 139 140 143 144 145 152 156 159 160 162 163 165
17 117 119 125 130 134 136 145 146 147 148 151 153 155 156 159 160 161
22 117 120 121 125 126 128 130 131 132 133 139 144 145 146 147 149 150 158 159 161 164 165
12 117 125 127 130 139 140 146 153 154 155 160 162
18 118 119 125 131 134 138 144 146 147 150 151 152 153 154 155 156 162 164
25 118 122 123 124 125 126 128 133 134 135 137 138 141 144 147 148 150 152 153 155 157 158 160 162 163
10 117 119 122 133 136 141 152 155 156 161
15 120 121 127 129 131 135 137 140 143 144 152 157 158 162 164
18 118 122 123 124 126 128 132 133 138 139 141 142 149 150 154 163 165 166
13 118 121 122 134 138 139 142 143 145 153 155 158 164
17 119 123 125 126 130 131 132 136 140 141 146 159 160 161 162 163 166
22 117 120 128 134 137 138 140 143 144 145 146 151 152 153 154 155 160 161 162 164 165 166
8 117 122 124 132 140 143 145 159
13 122 123 124 126 129 133 142 143 145 148 156 157 166
21 118 120 123 125 127 131 132 133 142 143 144 150 152 153 154 158 160 161 163 165 166
22 119 120 122 123 124 126 128 130 131 132 133 136 137 140 144 145 147 148 153 157 161 163
41 117 118 119 120 121 122 124 125 126 128 129 130 131 132 135 136 137 138 139 140 142 143 144 145 146 148 149 150 151 152 154 155 156 158 159 160 161 162 163 164 165
33 118 121 122 123 124 125 126 127 128 131 133 134 135 137 139 141 142 143 144 147 149 153 154 155 156 157 158 160 162 163 164 165 166
13 117 119 125 128 130 137 138 141 143 144 146 151 159
25 118 119 122 123 124 126 127 128 130 131 134 135 136 139 140 143 145 146 147 150 154 155 158 161 165
25 117 120 121 125 129 132 133 137 138 141 142 144 148 149 151 152 153 156 157 159 160 162 163 164 166
21 117 118 120 127 131 134 137 141 142 143 145 147 148 150 151 156 157 158 159 161 164
19 117 120 121 123 125 126 135 137 138 139 141 142 143 144 146 152 155 157 159
13 121 127 128 132 147 149 150 151 153 157 158 161 166
15 123 126 127 129 130 135 141 144 149 150 152 154 155 159 163
29 117 119 121 122 124 125 126 128 129 133 137 138 139 141 143 144 148 149 150 151 153 155 156 158 160 161 162 164 166
29 117 119 121 122 124 126 128 129 130 134 135 136 137 138 139 140 141 145 146 147 148 149 151 155 156 157 159 162 164
8 128 130 132 139 143 151 161 164
16 117 120 121 125 127 128 129 134 136 137 141 147 149 156 159 163
17 121 124 125 126 128 129 130 131 137 138 139 146 150 154 159 160 163
18 121 122 124 125 131 133 138 139 140 143 146 153 158 160 161 162 164 165
22 117 118 124 125 127 131 133 134 135 136 140 142 146 147 148 152 154 157 160 162 165 166
18 121 125 129 135 142 143 146 149 150 151 152 154 155 158 159 162 164 166
18 117 118 121 122 126 130 131 133 134 135 141 143 150 153 155 157 165 166
21 118 120 122 125 126 127 129 131 132 133 134 135 139 143 144 150 156 157 158 160 162
10 117 118 127 134 138 139 141 156 160 165
12 117 123 124 138 140 145 148 153 154 155 163 164
15 118 121 123 124 126 132 135 136 141 147 149 150 156 157 159
9 118 123 124 134 135 153 155 157 163
10 119 122 123 126 137 141 153 155 159 163
12 117 120 127 128 135 137 147 148 150 151 152 154
13 119 122 125 127 129 130 131 133 139 142 148 158 163
8 124 129 133 144 149 156 157 165
15 118 119 120 121 128 132 136 137 138 144 150 151 158 164 165
19 118 120 125 127 132 136 141 143 146 148 149 150 151 154 156 160 162 164 166
13 118 123 124 135 139 140 148 151 154 155 160 161 165
17 119 121 128 130 136 137 141 142 146 147 149 151 152 159 161 165 166
15 119 124 125 127 128 132 136 137 138 139 142 148 152 154 158
11 123 127 132 140 142 143 148 151 157 162 164
17 117 119 120 129 130 132 136 138 140 145 146 148 150 151 152 159 161
13 118 120 121 132 136 137 138 144 150 151 158 164 165
20 119 121 122 123 124 126 130 132 133 135 136 138 139 140 144 149 152 153 154 166
17 118 124 125 133 134 136 140 142 146 147 152 154 157 160 162 165 166
8 118 122 138 142 143 145 158 164
11 118 120 123 125 150 158 160 161 163 165 166
23 117 119 121 122 124 126 128 130 135 136 138 139 140 141 145 146 147 148 155 156 159 162 164
25 121 122 123 124 125 126 128 129 130 132 133 135 136 140 144 146 149 152 153 154 155 160 162 163 166
6 120 129 144 149 150 158
9 119 136 137 138 142 143 154 156 162
6 124 133 144 156 157 165
12 118 130 133 136 145 150 160 161 162 164 165 166
15 118 119 131 134 138 144 146 147 150 152 153 154 155 156 162
6 134 135 144 147 149 158
11 119 126 131 132 138 146 153 157 158 162 164
12 123 125 126 132 141 146 159 160 161 162 163 166
11 120 121 123 125 137 139 141 142 146 152 155
14 121 125 129 135 142 149 150 152 154 158 159 162 164 166
11 121 127 128 129 134 136 141 147 149 156 159
21 118 122 123 124 125 126 128 133 134 135 137 141 144 147 148 150 153 155 160 162 163
14 117 121 122 126 131 133 134 141 143 150 153 157 165 166
9 117 125 127 130 146 154 155 160 162
13 117 120 128 134 137 145 151 152 154 160 162 164 166
10 119 122 125 127 129 130 139 142 148 163
19 120 128 137 138 140 143 144 145 146 151 152 153 154 160 161 162 164 165 166
5 117 125 142 143 146
14 117 119 125 130 134 136 145 146 147 151 155 156 160 161
35 117 118 120 121 122 124 125 126 128 129 130 131 135 136 137 140 142 143 144 145 146 148 149 151 152 154 155 156 158 159 160 161 162 164 165
10 118 122 133 134 135 143 153 155 157 166
8 117 130 138 140 145 151 152 159
7 123 126 135 139 142 163 165
6 134 145 155 156 159 161
6 124 134 135 153 157 163
15 120 123 125 127 131 132 144 150 152 153 154 158 160 161 165
6 128 130 132 139 143 164
13 118 120 122 127 129 131 135 143 144 150 156 157 162
8 121 128 132 149 151 153 158 161
15 118 120 127 130 131 132 145 146 147 152 154 157 159 163 165
14 119 120 121 127 136 139 140 143 145 146 154 159 164 165
12 118 122 130 132 133 136 145 150 154 160 161 165
10 122 123 124 126 133 142 145 156 157 166
12 120 121 125 127 134 136 137 147 149 156 159 163
9 117 130 137 138 141 143 144 146 159
7 120 121 129 138 145 149 150
26 121 124 125 126 128 131 133 134 135 137 139 142 143 144 147 149 153 155 156 157 158 160 162 164 165 166
8 119 125 127 132 137 138 139 158
8 119 125 128 137 138 143 146 159
10 123 124 126 132 135 136 141 149 150 157
17 117 118 124 125 127 131 133 134 135 136 146 148 154 157 160 162 165
5 122 132 140 145 159
20 117 120 121 125 132 137 138 141 142 144 149 151 152 153 156 159 162 163 164 166
11 122 124 128 131 135 138 140 145 155 163 165
5 132 134 149 156 159
17 122 124 125 129 130 131 134 139 143 144 145 152 156 159 160 162 165
11 118 119 121 128 132 137 138 144 158 164 165
16 117 118 121 122 126 131 133 134 135 141 143 153 155 157 165 166
6 124 144 149 156 157 165
13 117 118 121 126 130 133 134 135 141 155 157 165 166
13 117 118 119 120 126 136 138 142 146 148 154 155 164
25 117 119 121 122 124 126 128 129 130 134 135 136 137 138 139 140 141 148 149 155 156 157 159 162 164
14 118 120 123 130 131 132 135 136 142 146 152 154 157 165
16 120 125 127 132 143 146 148 149 150 151 154 156 160 162 164 166
20 119 121 122 124 128 134 136 137 138 139 140 141 145 146 149 151 157 159 162 164
20 117 119 122 126 128 129 135 136 137 138 140 141 146 147 148 151 156 157 162 164
10 121 127 132 147 150 151 153 157 161 166
11 117 124 127 131 134 136 142 147 148 157 160
10 118 120 132 137 138 144 150 151 158 164
11 120 128 140 143 144 145 146 152 154 160 165
6 117 119 122 155 156 161
21 120 123 124 126 129 131 133 136 139 140 145 148 150 153 156 158 162 163 164 165 166
20 119 122 126 129 133 137 138 139 143 144 148 149 150 151 153 155 158 160 161 162
12 119 123 125 130 131 132 136 140 159 162 163 166
9 117 120 121 127 129 137 141 149 156
15 117 121 125 132 137 141 142 148 149 153 157 159 162 163 166
16 122 126 131 132 133 138 143 144 145 146 152 157 158 162 164 166
23 118 120 122 127 131 132 133 140 142 147 149 150 152 153 154 155 156 157 158 160 162 163 164
13 117 120 126 135 137 138 141 142 146 148 154 155 164
10 120 123 127 128 135 141 147 148 150 164
20 119 121 123 124 126 129 133 135 136 140 144 146 149 152 153 154 160 163 165 166
9 119 130 145 146 147 148 151 159 161
16 117 120 121 123 125 137 138 139 141 142 143 144 146 155 157 159
7 117 127 128 148 150 151 154
18 118 119 122 124 126 127 128 130 139 143 145 146 147 150 154 158 161 165
9 117 121 125 128 129 134 136 147 149
11 121 123 126 129 130 137 139 152 153 157 159
7 121 127 149 151 153 157 166
6 119 125 127 139 148 163
8 119 124 127 128 147 148 149 158
14 118 123 127 131 132 133 142 143 150 152 158 160 161 166
10 122 123 124 128 132 139 141 149 154 165
22 117 119 120 121 127 129 130 131 132 136 139 140 142 143 145 146 149 151 154 159 161 164
11 117 119 125 130 136 146 153 155 156 159 161
6 136 143 151 152 154 156
5 118 134 135 157 163
12 120 129 144 145 146 147 149 156 159 160 163 164
18 118 121 123 126 127 128 137 142 143 147 149 153 156 160 162 164 165 166
9 117 122 124 128 135 140 142 158 165
8 125 145 146 153 155 156 160 161
10 118 139 140 148 151 154 155 160 161 165
12 121 128 130 136 141 142 146 147 151 152 161 165
8 127 130 133 139 142 148 158 163
6 122 124 126 129 133 142
10 117 123 124 138 145 148 153 154 155 164
7 125 127 130 146 154 160 162
12 121 126 128 129 130 131 138 139 146 150 154 159
7 117 119 125 128 130 146 151
15 117 121 125 126 128 130 131 133 144 146 147 149 150 159 161
8 117 121 127 128 134 136 149 159
15 117 118 121 122 126 131 133 134 141 143 150 153 155 165 166
14 117 119 130 134 136 147 148 151 153 155 156 159 160 161
10 118 121 122 134 138 139 142 155 158 164
16 118 122 124 128 133 134 135 137 138 144 148 150 153 155 160 162
6 117 141 152 155 156 161
7 119 124 129 130 136 144 160
14 117 119 120 132 138 140 145 146 148 150 151 152 159 161
7 136 138 143 152 154 156 162
9 117 125 127 130 139 140 146 160 162
8 124 126 129 131 137 138 146 163
9 118 123 124 135 140 148 154 155 160
6 118 123 124 135 155 157
9 123 127 132 142 143 148 151 162 164
4 122 124 143 145
12 120 127 131 135 137 140 143 144 152 157 158 162
12 119 124 127 128 132 136 137 138 142 148 152 154
14 117 125 128 130 132 133 144 145 146 147 149 159 164 165
9 119 128 129 131 134 140 147 148 156
9 121 128 133 136 141 149 157 158 160
11 119 124 127 131 134 140 147 151 153 156 158
7 119 136 142 143 151 152 154
9 117 120 121 125 127 141 147 149 163
7 127 129 130 133 141 149 157
7 123 132 140 148 151 157 164
9 128 131 133 135 140 142 145 147 155
7 127 128 132 151 153 158 166
25 119 121 122 125 126 128 130 132 135 136 138 139 140 144 146 149 152 153 154 155 160 162 163 165 166
15 118 120 131 137 141 142 148 150 151 156 157 158 159 161 164
13 119 124 128 129 131 134 140 147 148 151 153 156 158
10 120 126 135 136 138 141 142 146 148 155
23 118 121 122 123 124 126 127 128 131 134 135 139 141 142 144 147 149 154 156 158 162 163 166
6 132 134 152 155 159 161
23 118 120 121 124 126 127 131 132 134 135 139 140 145 148 149 154 155 157 158 161 164 165 166
11 117 121 122 126 130 133 134 141 143 150 157
14 119 121 130 136 137 142 146 147 149 151 159 161 165 166
6 123 124 153 155 157 163
13 117 129 132 137 141 142 144 149 152 156 157 160 163
17 117 121 122 129 138 141 144 148 149 151 153 156 158 160 161 162 164
10 119 123 130 137 139 144 152 157 159 161
11 120 129 144 147 149 151 156 159 161 162 164
16 122 126 131 132 133 138 143 144 145 146 150 153 157 162 164 166
11 128 131 133 135 138 142 145 155 158 163 165
9 127 129 135 141 149 152 155 159 163
9 120 123 126 135 137 148 161 163 165
9 121 125 134 136 137 141 147 149 159
7 120 121 144 145 149 150 158
8 119 127 129 131 140 147 148 151
8 118 122 132 136 150 154 160 164
8 122 134 142 143 145 153 155 164
27 118 120 121 122 124 126 132 133 134 135 139 140 142 145 147 148 153 154 155 156 157 158 161 163 164 165 166
8 118 123 124 135 139 148 151 155
11 123 124 126 135 136 141 149 150 156 157 159
7 123 127 133 134 147 153 157
11 127 128 129 131 134 147 151 153 156 158 163
12 118 124 127 131 134 135 142 146 147 148 157 160
10 118 123 124 135 139 140 154 155 160 165
5 145 152 156 159 161
13 117 121 132 142 144 149 152 153 157 159 160 163 164
16 117 137 138 140 143 144 146 151 153 154 155 160 161 162 164 166
12 125 130 131 132 136 140 141 146 160 161 163 166
13 117 119 125 134 136 145 148 151 153 155 156 159 160
7 123 137 139 142 148 161 163
11 122 123 124 126 129 133 142 145 148 156 157
13 117 120 123 125 126 135 137 139 142 143 155 157 159
21 119 121 122 123 125 126 128 129 130 138 139 140 144 146 149 152 153 155 163 165 166
6 121 127 128 147 150 153
15 117 120 121 123 126 137 138 139 141 142 144 152 155 157 159
9 125 130 131 132 146 159 162 163 166
6 124 133 144 149 156 165
11 123 126 129 133 142 143 145 148 156 157 166
9 122 124 126 129 142 145 156 157 166
26 120 121 122 123 124 126 127 129 131 133 135 139 142 147 148 149 152 153 155 156 160 161 163 164 165 166
20 117 119 121 124 126 128 136 138 139 140 141 145 146 148 151 156 157 159 162 164
11 120 123 127 128 131 138 140 148 157 162 164
17 122 123 124 125 129 130 131 133 139 140 143 145 152 156 160 162 165
19 118 122 123 124 125 126 128 133 134 135 139 141 147 149 153 157 160 163 166
10 124 125 127 128 136 137 138 142 152 154
10 126 130 131 136 141 146 160 161 163 166
14 117 119 120 121 131 132 136 142 145 149 156 159 161 166
16 119 122 126 131 132 133 138 142 143 144 152 157 158 162 164 166
5 123 126 137 141 153
11 120 129 140 145 146 147 149 151 159 160 164
14 117 120 130 132 133 139 144 145 147 149 150 158 161 165
5 117 124 132 143 145
5 121 129 144 156 158
12 119 129 132 136 138 140 145 146 148 150 151 159
7 127 142 143 148 157 162 164
11 118 119 128 132 136 137 144 151 158 164 165
15 119 122 124 133 138 143 144 148 149 150 158 160 162 164 166
14 119 122 126 131 133 138 142 143 146 150 158 162 164 166
14 120 122 123 128 131 135 138 141 147 148 150 157 162 164
10 127 128 149 150 151 153 157 158 161 166
9 123 144 146 147 149 156 161 163 164
6 122 123 137 153 155 159
9 118 122 126 131 134 135 153 155 157
6 136 137 142 151 154 156
24 117 119 122 128 129 130 134 135 136 137 138 139 140 141 145 147 148 149 155 156 157 159 162 164
11 118 122 130 132 133 136 154 160 161 165 166
7 118 130 132 145 150 165 166
6 119 122 133 142 158 163
10 117 120 123 125 137 138 141 143 146 157
13 118 120 122 125 126 132 134 135 143 144 158 160 162
4 123 124 153 155
15 117 121 124 125 126 128 129 139 141 143 149 155 156 162 164
18 118 120 122 126 127 131 132 133 134 135 139 143 144 150 156 157 158 160
11 118 125 131 146 147 150 151 152 155 156 162
9 118 121 135 136 141 147 150 156 157
9 119 136 137 138 142 143 152 154 162
22 122 123 124 125 126 128 129 130 135 136 138 139 140 144 146 152 153 154 155 162 163 165
10 117 120 127 128 135 147 148 150 151 152
8 123 132 136 141 147 150 156 157
15 121 124 125 126 129 130 131 137 138 139 146 150 154 160 163
16 118 120 127 131 141 143 145 147 148 150 151 157 158 159 161 164
7 120 129 138 145 149 150 158
7 124 129 133 144 149 157 165
17 119 120 122 123 124 126 128 130 131 132 133 136 140 145 148 157 163
8 131 134 141 147 149 159 161 163
5 127 138 139 156 160
8 118 122 134 139 142 143 158 164
8 117 119 125 128 137 138 146 159
15 118 122 123 124 126 128 133 141 144 147 150 152 155 162 163
22 120 121 122 123 124 132 133 135 136 139 142 145 148 149 150 152 156 161 162 163 164 165
13 118 121 123 124 126 132 135 136 147 149 150 156 159
16 120 125 126 127 132 133 134 135 139 143 144 150 156 157 158 160
26 118 121 123 125 126 127 131 133 134 137 139 141 142 143 144 147 149 153 154 157 158 160 162 163 164 166
6 119 136 137 138 142 154
14 119 121 128 130 136 137 141 142 146 147 159 161 165 166
6 129 138 145 149 150 156
17 118 120 123 125 127 131 133 142 150 152 154 158 160 161 163 165 166
8 117 125 130 145 153 159 160 161
11 117 120 126 135 137 141 142 148 154 155 164
17 117 118 120 134 137 141 143 145 148 150 151 156 157 158 159 161 164
9 119 126 131 132 159 160 162 163 166
6 119 138 142 151 152 162
8 130 132 133 136 150 154 161 166
14 117 119 136 145 146 147 148 151 153 155 156 159 160 161
5 117 125 137 142 143
9 123 126 129 141 149 150 152 155 159
8 131 134 135 141 147 149 152 159
7 121 127 136 141 149 157 158
18 123 124 128 135 137 138 141 144 147 148 150 152 155 157 158 160 162 163
16 118 122 126 128 132 133 138 139 141 142 149 150 154 163 165 166
16 118 119 125 131 134 144 146 147 150 151 152 154 155 156 162 164
10 117 120 135 137 147 148 150 151 152 154
7 121 127 128 147 150 157 158
5 135 153 155 157 163
8 120 129 130 132 140 146 148 152
12 119 124 125 127 128 136 137 138 142 148 152 154
10 119 121 123 126 129 134 137 144 152 153
6 123 133 142 143 156 166
12 121 125 129 132 137 144 151 152 157 160 162 164
11 117 119 125 137 138 141 143 144 146 151 159
6 117 122 136 152 155 161
14 120 122 124 126 130 131 140 144 145 148 153 157 161 163
11 119 122 127 130 131 133 139 142 148 158 163
10 118 119 121 132 138 144 150 158 164 165
12 125 129 130 133 134 139 140 144 152 160 162 163
11 124 125 126 128 129 130 131 139 146 154 160
8 123 132 140 142 148 151 157 162
6 117 127 130 154 155 160
6 132 145 155 156 159 161
5 127 134 139 141 160
10 127 128 129 130 133 136 141 149 157 160
14 119 120 129 130 136 138 140 145 146 148 151 152 159 161
8 136 137 142 151 152 154 156 162
14 123 125 126 135 137 138 139 141 142 143 144 146 152 157
31 117 118 119 120 124 126 128 129 130 135 138 139 140 142 144 145 146 149 150 151 152 154 155 156 158 159 160 161 162 163 165
11 118 121 123 126 135 136 141 147 150 156 159
23 121 122 123 126 127 128 133 135 137 139 141 142 144 147 149 153 154 155 158 160 162 164 166
14 117 118 121 122 126 130 131 134 135 141 143 150 155 157
10 117 120 121 125 126 135 137 141 142 143
17 117 124 125 131 133 136 140 142 146 147 148 152 157 160 162 165 166
7 123 127 134 141 147 153 166
34 117 118 119 120 122 124 126 128 129 130 131 132 135 136 137 138 139 140 144 145 146 148 149 150 151 154 155 158 159 161 162 163 164 165
5 127 132 148 157 162
18 118 122 123 124 125 126 134 135 137 138 147 148 150 152 157 158 160 162
12 119 120 128 132 137 142 145 147 151 156 157 166
12 118 126 132 138 141 142 149 150 154 163 165 166
11 122 123 124 126 129 133 142 143 145 148 156
7 119 122 136 141 152 155 161
9 123 135 139 148 151 154 160 161 165
24 119 121 122 124 126 128 137 138 139 141 143 144 148 149 150 151 153 155 156 158 161 162 164 166
14 117 119 129 136 139 142 146 151 154 159 161 164 165 166
5 145 155 156 159 161
4 124 144 149 156
12 129 135 142 146 150 151 152 158 159 162 164 166
11 122 124 125 131 138 143 153 158 160 161 164
6 122 125 129 130 133 163
7 119 122 123 126 155 159 163
7 117 118 126 137 142 146 158
6 117 127 146 154 155 160
13 117 121 126 130 131 133 134 135 141 143 150 155 166
10 117 119 125 128 130 137 138 141 143 151
19 119 120 122 123 126 128 130 132 133 136 140 144 145 147 148 153 157 161 163
7 121 127 131 135 152 157 162
13 117 118 119 120 128 132 134 136 142 145 148 156 157
8 118 120 121 132 136 138 150 151
19 118 119 122 123 124 126 131 135 139 140 143 145 146 147 150 154 155 161 165
9 119 138 142 143 151 152 154 156 162
7 125 140 153 154 155 160 162
20 117 119 121 122 124 125 126 128 129 133 139 143 148 151 155 156 158 160 161 162
5 123 127 133 141 157
8 127 129 130 133 141 149 157 158
13 118 119 125 131 138 144 147 150 151 153 154 162 164
11 120 121 128 132 136 137 138 144 150 158 165
14 119 122 126 130 132 133 142 143 144 153 157 158 162 166
13 118 122 130 132 133 136 145 150 160 161 164 165 166
10 118 127 130 134 136 145 147 154 157 165
18 117 120 125 129 132 137 141 142 144 148 149 151 157 159 160 162 163 164
13 123 140 144 147 149 151 156 159 160 161 162 163 164
10 118 122 130 133 136 145 150 154 161 166
12 120 121 123 125 126 137 139 141 143 146 157 159
7 118 123 124 135 155 157 163
18 120 122 125 127 129 131 132 133 135 139 143 144 150 156 157 158 160 162
15 125 129 142 143 146 149 150 151 152 154 158 159 162 164 166
19 117 120 121 127 129 130 132 140 142 143 145 149 151 154 156 161 164 165 166
19 122 123 126 128 131 133 135 142 143 147 153 154 155 156 160 162 163 164 166
7 122 129 143 148 156 157 166
17 117 119 120 130 131 132 140 142 143 145 149 151 154 156 159 161 164
10 121 127 129 130 133 136 141 149 157 160
9 122 123 124 126 142 145 148 156 166
6 120 126 135 137 139 165
11 119 122 127 129 130 131 139 142 148 158 163
18 118 120 122 125 126 127 132 133 135 139 143 144 150 156 157 158 160 162
6 125 137 141 146 151 159
5 122 140 148 160 166
4 123 134 147 157
4 130 132 143 151
6 134 147 149 153 158 165
5 118 123 134 153 163
10 120 127 131 135 137 143 144 157 158 164
27 118 119 120 121 125 126 127 129 131 132 135 136 138 139 140 143 144 147 148 149 153 158 159 161 163 164 166
22 120 121 125 126 127 128 129 132 138 143 146 147 148 149 150 153 155 161 162 164 165 166
29 118 119 122 124 125 128 129 131 134 135 136 137 138 139 142 143 145 146 147 151 152 153 154 157 159 162 163 164 166
15 119 124 126 133 134 135 139 141 143 152 153 157 158 160 162
18 120 121 125 126 127 131 132 135 137 144 145 152 154 155 156 157 159 163
19 117 126 127 129 130 132 133 134 136 137 141 143 144 146 147 151 156 161 163
34 117 118 119 121 122 123 125 126 128 131 132 133 134 136 137 138 139 140 141 142 143 145 147 149 150 151 153 154 155 156 158 162 163 164
28 118 119 120 122 123 125 126 127 129 130 131 134 135 136 138 140 142 147 149 150 152 154 159 161 162 164 165 166
26 122 123 125 126 129 131 134 135 137 139 141 142 145 146 147 150 151 153 157 158 159 160 161 163 164 165
26 117 119 122 123 124 125 126 129 131 132 138 139 140 143 145 147 148 149 152 153 154 156 157 161 163 166
25 118 124 127 129 131 133 134 136 137 138 139 140 141 145 146 148 149 151 152 153 154 158 161 165 166
34 117 119 120 122 124 126 127 128 129 130 131 133 134 135 137 138 140 141 143 144 145 146 147 148 149 151 154 156 157 161 162 163 164 165
22 118 121 123 124 130 134 135 137 138 140 148 149 150 151 152 155 156 157 161 163 165 166
26 117 118 119 124 127 129 133 135 136 139 141 145 147 149 150 152 153 156 157 158 159 161 163 164 165 166
24 117 118 119 125 129 131 133 135 136 137 141 143 144 146 147 150 152 153 155 156 158 162 163 165
16 121 124 125 127 135 136 139 144 149 151 152 153 158 159 165 166
15 118 119 121 127 128 134 136 139 140 144 149 150 156 158 166
22 117 118 124 127 129 131 132 136 141 142 143 144 145 146 147 148 152 154 156 157 162 166
21 117 119 122 133 136 138 142 146 149 150 151 152 153 154 155 156 158 159 160 163 165
25 118 119 120 122 124 130 131 132 138 140 141 145 146 148 149 150 152 154 156 157 158 160 162 165 166
17 118 122 125 127 133 135 138 139 145 146 148 152 154 156 161 164 165
30 119 121 122 123 124 125 130 135 137 138 139 140 141 143 145 146 147 148 149 150 152 154 155 156 157 159 160 161 163 166
29 119 121 125 126 129 130 133 134 137 138 139 140 141 145 146 147 148 150 152 154 155 156 159 160 162 163 164 165 166
17 118 120 127 128 129 130 137 138 143 149 151 155 156 158 159 163 164
29 117 118 120 121 122 125 126 128 129 130 131 132 134 135 139 142 145 148 150 151 153 157 158 159 160 161 163 164 166
34 117 119 120 123 125 126 127 128 129 130 131 132 133 134 135 136 138 139 140 143 144 145 148 150 151 152 153 154 157 158 159 161 163 164
27 117 118 121 124 126 128 130 131 132 133 136 138 139 140 146 147 148 149 150 151 152 153 154 155 160 162 163
21 117 121 122 126 129 130 131 133 136 137 138 144 146 147 151 152 153 154 161 162 166
18 118 122 125 127 130 133 137 140 142 143 146 149 150 153 154 156 158 162
26 117 119 120 121 122 124 125 127 131 132 133 136 137 138 142 144 145 147 149 153 154 155 156 160 164 165
33 117 118 119 120 121 122 123 124 125 126 127 128 129 133 136 137 138 143 144 146 148 149 150 152 153 154 155 158 161 162 163 165 166
17 119 122 126 127 128 132 134 137 139 142 145 147 148 153 159 161 164
34 118 119 121 123 125 126 127 129 130 132 133 134 137 138 139 140 141 142 143 144 145 147 148 149 150 151 155 156 158 161 162 163 164 166
26 117 118 119 121 122 124 125 127 128 129 135 136 137 139 140 143 150 151 155 157 159 160 161 162 163 166
32 118 119 120 122 123 124 125 127 128 129 131 132 133 134 135 137 139 142 143 144 146 148 150 151 152 154 156 157 159 161 163 164
25 118 119 120 122 123 124 127 128 133 134 136 138 142 144 146 152 153 154 156 158 160 161 163 164 166
16 117 118 125 126 132 134 138 141 143 148 151 153 155 159 160 165
18 117 118 119 123 125 131 132 133 136 139 140 142 146 154 155 156 158 162
26 119 120 122 125 127 128 129 131 133 139 143 144 145 146 147 149 150 151 152 153 156 157 159 160 163 164
31 117 121 123 124 127 128 130 131 132 134 135 138 139 140 141 144 146 147 148 149 150 152 153 154 156 157 158 160 163 164 165
30 117 120 121 124 125 127 128 133 134 135 136 138 139 141 142 145 146 148 149 151 152 154 155 156 157 159 160 161 162 164
17 117 118 121 124 127 128 130 135 138 143 144 149 150 154 158 164 165
23 119 120 121 123 124 128 132 133 134 136 137 139 143 144 145 149 152 154 158 159 160 161 164
29 118 119 123 126 127 130 132 133 135 137 139 140 141 143 144 145 146 147 148 149 152 153 155 156 158 159 161 162 164
26 117 118 121 122 126 127 128 131 133 137 140 142 143 144 146 147 148 152 153 157 159 160 161 162 164 165
27 120 125 129 133 134 135 137 138 139 141 142 144 145 147 148 149 152 153 154 155 159 160 161 162 164 165 166
27 117 119 122 123 124 125 128 129 131 132 134 136 137 138 142 143 146 149 151 152 154 155 156 157 158 163 164
27 122 124 128 131 132 135 136 139 140 141 144 146 147 148 151 152 153 154 155 156 157 158 160 161 162 165 166
18 117 118 120 122 124 126 127 129 130 131 134 135 136 140 154 155 161 165
29 117 118 119 122 123 124 125 128 129 132 133 134 135 137 138 140 143 146 147 150 154 156 157 159 160 161 162 164 166
21 121 125 126 129 130 131 133 134 136 141 143 144 147 150 155 156 158 160 163 164 165
20 118 120 121 127 131 132 133 138 140 148 150 152 154 155 156 159 160 163 165 166
26 117 119 125 126 129 131 133 135 136 139 140 142 143 146 147 148 149 154 155 157 158 159 160 161 163 166
31 118 120 121 122 123 124 128 129 130 132 133 134 136 140 141 142 143 145 146 148 149 150 151 154 155 156 157 159 161 162 164
20 118 120 123 127 130 131 137 138 140 144 145 146 148 150 151 152 153 159 160 165
30 117 118 120 121 125 126 127 130 133 134 135 136 137 138 139 142 145 147 148 149 150 152 154 155 156 157 159 162 164 165
22 117 118 121 122 124 125 127 133 134 135 142 143 144 145 147 149 153 154 155 156 161 162
24 117 118 120 121 123 124 131 132 133 134 136 137 140 142 143 148 155 157 160 162 163 164 165 166
28 117 119 120 123 124 125 127 129 130 131 135 136 137 139 140 141 142 144 145 147 148 151 153 154 155 158 160 164
20 118 122 124 129 131 134 136 137 145 148 152 157 159 160 161 162 163 164 165 166
15 128 137 141 143 144 146 150 152 153 155 156 157 159 161 165
34 118 119 120 121 122 123 125 127 128 129 130 131 132 134 135 137 138 139 140 141 143 144 145 147 148 154 156 157 160 161 163 164 165 166
17 117 120 121 124 133 135 139 143 147 150 157 158 161 162 163 164 166
32 117 118 119 120 123 124 126 128 129 132 134 135 136 139 140 141 142 143 144 145 146 148 150 151 152 156 160 161 162 163 164 166
23 119 120 121 122 123 130 133 134 135 137 139 141 142 147 148 149 151 153 154 157 158 164 165
26 117 123 124 131 134 135 136 137 138 139 140 142 145 146 147 149 150 151 154 155 156 158 159 162 163 165
21 119 121 122 123 127 128 133 134 137 139 140 142 143 146 148 149 154 155 156 158 164
33 117 118 123 125 127 128 129 130 131 133 134 135 136 138 139 142 143 144 145 149 150 151 152 153 154 155 156 160 161 162 163 164 165
30 117 118 121 123 124 125 126 127 131 132 133 137 138 140 141 143 144 146 147 148 150 151 154 156 157 160 162 164 165 166
24 117 118 120 121 122 123 126 129 130 131 134 136 139 141 142 143 146 153 158 159 160 162 163 165
23 120 122 124 125 126 127 131 133 135 136 138 139 141 142 144 145 147 150 156 157 159 164 166
18 117 124 126 128 131 132 134 139 143 144 146 149 151 153 157 158 160 164
30 118 119 122 123 124 126 128 130 132 135 137 140 141 142 143 144 145 148 149 151 152 153 155 157 158 159 161 162 163 164
34 117 120 121 122 123 124 126 127 128 131 132 134 135 137 138 139 140 141 144 145 146 149 150 151 152 155 156 157 158 159 161 162 163 164
28 119 122 124 125 127 129 131 133 134 135 139 141 143 147 148 149 150 151 153 154 155 156 157 158 159 160 162 164
17 123 127 128 129 130 133 135 138 148 149 151 152 153 158 159 162 165
25 117 118 121 123 126 129 130 131 134 135 136 139 140 141 144 145 146 148 149 154 155 159 160 164 165
22 117 120 121 129 132 133 134 136 137 144 146 149 150 153 155 158 159 160 161 162 163 166
18 117 126 127 129 130 135 142 145 146 148 149 156 157 159 160 161 164 166
26 119 120 121 122 123 127 130 131 132 134 137 139 140 142 143 145 148 149 151 156 159 161 162 163 164 166
16 117 119 120 127 130 133 134 142 149 155 156 157 159 160 161 166
24 117 118 120 121 122 124 125 126 128 129 136 139 140 142 143 145 146 148 152 157 158 160 161 162
25 117 120 121 123 124 126 128 134 137 138 139 144 145 148 149 150 152 153 154 156 157 158 160 162 166
24 117 118 119 123 124 125 126 130 131 132 134 139 142 143 146 147 154 155 159 161 162 163 164 166
22 117 119 123 127 129 131 135 136 137 139 140 144 146 147 149 152 154 158 162 163 164 165
20 117 119 123 126 130 131 133 134 135 139 141 145 148 149 154 155 157 159 162 165
27 117 120 121 123 124 125 126 127 128 129 132 133 136 137 138 139 140 146 147 151 152 155 156 157 158 161 164
34 117 119 120 122 123 125 126 129 130 132 133 134 136 138 139 141 142 143 144 146 147 149 150 151 152 153 155 158 160 161 162 164 165 166
27 117 118 119 124 127 129 130 131 133 134 137 140 141 144 145 146 147 151 152 153 156 157 158 161 163 164 165
27 117 119 120 121 122 124 127 129 130 132 133 137 138 140 141 142 146 147 148 150 151 152 154 155 161 162 165
21 117 119 120 121 127 129 131 134 137 142 144 147 148 150 154 156 157 160 162 164 166
32 119 121 124 126 128 129 130 131 132 133 135 136 137 140 142 144 146 147 148 149 150 151 152 153 154 155 159 160 161 163 164 166
27 117 118 120 121 124 125 128 129 131 133 134 135 136 139 141 144 148 149 150 154 155 156 157 158 160 161 164
16 119 120 121 126 131 134 136 143 144 145 147 158 159 160 161 166
27 117 121 122 124 125 126 128 129 133 135 136 137 138 139 140 143 148 149 150 151 155 156 157 159 162 165 166
18 119 120 122 127 130 138 141 143 144 149 150 153 154 155 158 159 162 164
26 120 122 123 125 127 129 130 133 134 135 136 138 143 144 145 148 150 151 152 153 154 155 156 159 160 161
26 118 119 120 122 123 125 126 127 129 130 132 137 139 140 142 143 144 146 147 148 149 153 154 156 162 163
15 117 123 128 129 131 133 134 139 140 141 147 150 153 158 161
33 117 118 119 120 123 124 126 127 128 129 131 132 133 135 136 137 138 139 141 144 145 146 149 151 152 153 157 158 159 160 161 163 166
27 119 122 124 125 126 131 132 133 134 135 136 137 139 140 141 143 144 146 151 152 155 156 159 162 164 165 166
16 118 119 122 124 125 127 129 133 139 146 149 151 153 154 159 164
26 117 120 124 126 130 131 133 134 135 136 138 145 146 148 149 151 153 154 155 156 157 159 161 162 164 166
29 117 119 120 121 123 124 125 126 129 130 132 139 140 141 142 145 146 148 150 151 152 153 156 158 159 160 164 165 166
15 121 122 124 125 128 129 134 140 143 153 155 156 161 163 164
25 117 118 120 121 122 123 125 129 130 131 132 136 142 145 146 147 149 154 155 156 157 158 162 165 166
30 120 121 123 124 125 126 128 129 130 131 132 133 134 135 136 138 139 140 141 143 144 145 150 151 156 157 159 161 163 164
22 117 118 119 120 124 125 126 134 135 140 143 145 147 148 149 150 151 154 159 160 162 164
15 117 123 126 127 128 139 140 142 143 145 148 150 153 155 165
28 117 119 120 121 122 123 126 131 132 134 136 140 142 143 145 146 147 148 150 151 152 157 158 159 160 161 163 166
17 117 118 119 121 123 127 137 138 139 145 148 153 155 159 161 164 166
32 117 119 120 123 124 125 128 131 132 133 134 135 137 138 139 140 143 144 145 146 147 149 150 151 152 155 156 157 158 160 161 162
25 120 121 123 125 126 127 128 129 130 132 134 135 136 139 141 142 143 147 150 156 158 159 161 162 164
27 117 118 119 120 121 123 125 127 129 130 136 137 138 139 140 141 142 144 146 148 149 154 156 159 162 163 165
33 117 118 120 121 122 123 124 127 128 129 131 132 134 135 136 139 142 143 144 145 146 147 148 149 151 152 154 155 156 157 161 163 166
19 118 120 121 122 125 130 132 133 138 139 142 151 152 153 154 157 159 162 165
33 119 120 124 125 126 127 129 130 131 133 134 135 136 137 138 139 140 142 143 146 147 150 152 154 156 157 158 159 160 161 162 163 166
17 120 121 124 127 132 135 137 142 144 145 148 149 151 153 154 157 159
21 117 122 127 129 130 132 133 134 135 140 141 146 149 151 153 156 161 163 164 165 166
30 117 118 119 122 125 126 128 131 133 134 136 138 139 141 143 144 148 149 150 153 154 155 156 157 158 161 162 163 165 166
26 118 119 120 121 122 129 130 131 132 133 135 138 139 140 141 142 145 148 149 158 159 160 162 163 165 166
19 118 121 123 126 128 130 131 135 139 140 148 149 150 157 159 160 161 162 165
22 120 123 124 125 131 132 133 136 137 138 140 142 146 149 152 154 155 156 157 160 162 165
29 118 120 124 125 126 129 131 133 134 135 136 137 139 143 144 145 146 147 148 150 151 152 155 158 159 160 163 164 165
18 118 124 125 126 128 132 136 137 138 142 143 152 154 155 158 160 164 166
34 117 119 121 122 123 125 126 127 129 130 131 132 134 135 136 137 139 140 141 142 143 144 147 150 151 153 154 156 159 161 162 163 164 165
21 119 121 123 124 125 128 129 130 136 139 140 142 143 144 146 150 152 154 157 158 162
29 119 120 121 123 124 126 127 128 129 130 131 133 134 135 137 141 142 145 146 147 149 155 156 157 158 160 161 164 165
24 121 125 126 127 128 130 133 134 137 139 140 141 145 146 151 152 153 154 157 158 159 160 164 166
24 117 118 119 124 125 126 128 130 131 133 134 136 141 142 144 146 150 151 155 156 159 160 162 163
20 119 122 123 126 129 130 131 133 134 135 138 140 146 147 151 152 157 160 161 164
30 117 118 120 121 124 125 126 127 128 129 130 132 133 135 137 139 141 142 143 144 146 147 148 149 151 152 155 160 162 164
17 122 123 125 127 130 132 137 139 141 144 149 151 152 157 159 160 165
32 117 120 121 123 124 125 127 128 130 131 132 133 134 137 138 139 140 141 142 143 145 146 147 148 151 152 155 156 158 159 160 166
29 119 120 121 122 123 124 126 127 128 131 133 134 135 136 137 139 144 146 148 150 153 154 157 160 161 162 163 164 165
30 118 119 120 121 123 124 127 128 129 131 132 133 134 136 137 138 139 144 145 147 149 152 156 157 158 159 160 162 163 165
30 117 119 123 125 127 129 131 132 133 135 137 139 142 143 144 146 147 148 149 150 151 152 154 156 157 159 162 164 165 166
27 121 122 124 125 126 128 129 131 133 135 137 138 143 144 145 147 149 151 152 154 156 158 159 160 161 162 163
30 118 119 121 122 123 124 127 128 130 133 134 135 137 138 139 140 143 144 148 151 152 153 154 157 158 161 162 163 164 165
15 117 119 126 132 136 141 146 147 148 150 158 161 162 164 166
31 117 119 123 124 125 126 129 132 133 134 135 136 137 138 139 141 142 143 148 149 151 152 157 158 159 160 161 162 163 165 166
27 120 121 122 126 127 128 130 131 132 133 134 137 138 140 142 143 146 149 154 155 157 158 160 162 163 165 166
30 118 119 121 122 123 124 125 126 130 132 133 134 135 136 140 142 146 147 148 150 151 152 157 158 159 161 162 164 165 166
26 118 119 123 124 125 130 132 134 136 137 138 142 145 146 147 148 150 151 153 155 159 160 161 162 164 166
17 118 121 123 129 133 136 138 139 141 148 151 152 153 154 159 164 165
19 122 125 128 130 131 134 136 137 139 143 146 147 149 151 153 154 156 157 159
31 119 123 124 126 127 128 129 131 132 133 135 136 137 138 139 143 144 145 146 149 150 153 154 155 156 157 158 160 161 163 166
28 122 127 128 129 132 135 137 138 139 140 141 143 144 146 147 148 150 152 153 154 155 157 159 161 162 163 164 166
28 118 119 120 121 122 124 127 129 132 134 135 137 140 141 142 144 146 147 150 151 152 157 158 159 160 162 165 166
33 117 118 119 120 121 122 123 124 125 127 130 135 136 137 138 139 140 142 144 145 147 149 151 153 156 157 158 160 161 162 163 164 165
16 120 124 126 131 135 136 137 144 146 147 154 156 157 159 161 166
33 117 119 120 125 127 128 129 130 132 134 135 136 138 142 144 145 146 147 149 150 151 152 155 156 157 158 160 161 162 163 164 165 166
18 117 120 123 125 126 127 133 137 138 139 149 151 152 154 156 162 164 166
21 118 122 123 132 133 134 136 137 138 139 141 142 145 148 149 150 152 155 156 162 166
33 117 118 119 120 121 122 124 125 126 127 129 130 132 134 136 137 138 140 143 144 147 148 150 151 152 153 155 156 158 159 160 162 165
34 118 119 120 121 122 125 126 127 130 131 132 133 134 136 137 138 140 142 144 146 147 148 149 150 151 152 154 155 156 157 160 161 165 166
29 121 122 125 126 127 128 130 133 134 136 139 141 142 144 146 147 149 150 151 152 153 154 155 156 158 162 164 165 166
21 118 120 121 122 125 126 128 130 131 133 137 138 139 140 143 145 150 151 153 161 163
33 117 120 122 123 124 125 126 129 131 132 133 134 136 137 140 142 144 145 147 148 149 150 152 153 154 155 156 157 158 162 163 164 166
22 119 120 123 127 128 130 132 133 136 138 139 141 143 145 147 149 151 152 153 158 162 166
23 118 119 121 122 123 124 127 129 130 131 132 134 135 137 139 140 144 145 148 149 150 160 161
25 117 118 119 120 121 122 125 126 127 128 130 132 133 135 143 144 145 151 152 153 154 156 158 160 164
27 118 119 121 123 124 127 129 130 131 133 135 140 141 143 144 145 148 149 152 153 155 156 158 159 164 165 166
25 118 120 124 126 127 128 129 131 132 133 134 137 138 139 145 146 147 150 151 152 156 157 160 161 163
19 117 118 119 121 122 124 126 128 130 132 136 140 141 151 156 158 160 161 166
24 121 124 125 129 131 132 133 134 135 136 138 139 143 147 150 153 154 156 158 160 161 164 165 166
31 117 119 120 121 122 124 125 126 127 129 132 133 136 137 138 139 140 141 142 143 144 145 146 147 148 149 154 156 157 160 166
20 117 120 123 125 128 130 135 137 138 139 140 141 142 146 149 150 152 162 163 165
28 117 118 120 122 123 125 127 128 130 131 134 135 137 138 140 142 144 145 151 152 154 156 158 160 163 164 165 166
33 117 119 120 122 123 124 129 130 132 133 134 135 136 137 138 140 141 142 145 147 148 149 151 152 154 157 158 160 161 162 164 165 166
21 119 120 121 122 123 125 127 129 135 137 142 143 144 146 147 149 150 152 154 159 163
25 122 123 124 128 130 131 133 134 135 136 138 141 142 143 146 147 148 149 153 156 158 160 163 165 166
31 117 118 119 122 123 125 126 127 128 129 133 134 135 136 138 140 141 145 147 148 150 151 152 154 156 157 159 162 164 165 166
15 118 121 131 135 136 137 142 143 145 148 149 156 157 163 166
20 117 127 128 132 133 136 137 138 139 143 144 146 150 151 152 153 155 156 162 163
33 117 119 120 121 123 124 126 128 130 131 132 133 135 136 139 140 141 144 145 146 149 150 151 152 153 154 155 156 159 162 164 165 166
19 117 118 122 124 128 129 130 136 137 138 146 149 150 151 154 156 163 165 166
31 118 119 121 122 123 127 128 130 131 132 133 136 137 141 142 143 144 146 148 150 151 152 153 154 156 158 159 160 164 165 166
30 117 118 121 122 124 125 127 128 129 130 131 133 135 136 137 142 143 144 145 146 147 149 151 152 154 155 156 157 158 159
28 119 121 123 124 125 126 128 130 131 133 135 137 138 139 140 141 142 143 147 148 150 154 155 159 160 161 162 163
27 117 122 123 126 130 132 133 135 136 140 142 143 145 146 148 149 150 151 153 154 155 158 161 162 163 164 166
19 122 125 126 134 136 140 141 143 150 154 155 156 158 159 160 161 163 165 166
15 118 123 124 126 128 133 134 142 146 147 151 160 161 162 165
15 120 121 126 137 145 149 153 155 157 158 159 160 162 163 166
24 117 119 120 121 122 123 125 126 127 128 131 133 135 138 139 146 147 149 151 152 157 159 162 163
26 121 122 123 125 129 131 133 136 137 139 142 143 144 145 146 148 149 150 151 155 156 158 159 162 163 166
26 117 119 120 121 122 124 127 128 129 130 131 133 134 139 141 145 146 147 148 150 154 155 156 161 162 165
24 117 118 122 125 128 132 133 134 140 141 143 144 145 146 148 149 150 151 152 156 158 161 165 166
24 117 119 120 121 122 125 128 129 131 134 135 140 142 144 145 146 147 149 155 158 160 161 163 166
19 117 119 120 122 123 125 133 138 141 143 145 146 148 149 152 157 158 159 166
21 119 122 123 125 130 131 133 136 138 143 144 146 148 151 152 153 156 157 159 161 166
24 117 118 119 120 122 123 125 129 131 134 135 136 137 139 142 143 144 148 150 153 155 158 163 165
23 121 122 123 125 127 128 129 130 134 135 140 142 145 148 150 152 154 155 159 162 164 165 166
24 119 121 125 128 130 133 136 137 138 140 142 143 145 146 147 148 149 150 151 152 154 157 159 164
23 118 121 122 123 125 127 128 129 130 137 139 140 141 146 149 151 152 154 155 157 163 164 165
30 117 118 120 122 123 124 125 126 128 129 130 131 132 133 134 135 139 140 141 143 146 149 150 153 155 156 157 161 164 165
20 118 120 125 130 134 136 139 141 143 144 146 148 151 153 157 158 159 160 161 162
19 120 121 122 125 126 127 129 130 131 133 134 140 143 146 147 153 154 156 166
29 118 119 120 121 122 123 124 125 127 129 130 131 133 136 137 139 142 143 145 146 147 149 153 154 155 157 159 163 165
17 118 119 120 122 123 124 125 133 135 141 143 146 148 150 153 157 162
22 119 121 123 125 129 132 133 134 136 139 142 143 145 146 147 149 150 155 157 158 159 165
15 121 122 123 131 133 138 143 146 148 150 152 154 157 161 163
29 117 120 121 122 124 129 130 135 136 138 139 140 141 146 147 148 149 150 151 153 155 156 157 159 160 161 163 164 166
28 118 119 120 121 124 126 130 131 133 134 135 136 137 138 140 141 142 144 145 148 150 156 159 161 162 163 164 166
34 117 119 120 121 123 124 125 126 129 130 131 133 134 137 139 140 141 142 145 146 148 150 151 152 153 154 155 156 157 159 160 162 165 166
21 120 126 127 128 130 131 133 134 140 142 143 146 150 151 152 155 156 158 162 163 164
31 117 118 120 121 123 126 127 128 130 131 132 134 135 136 139 142 143 144 145 146 147 149 150 156 158 159 160 161 162 163 166
28 117 118 120 122 123 126 129 131 134 135 138 140 142 143 146 147 149 150 152 153 155 156 157 161 162 163 164 165
19 119 120 125 126 131 135 139 143 144 145 146 148 152 156 158 161 162 164 166
34 117 118 119 120 122 124 125 128 130 131 132 133 134 136 137 138 140 143 144 145 146 149 151 153 155 156 157 159 160 161 162 163 164 166
22 120 122 123 125 127 130 134 135 136 137 138 140 141 143 145 148 150 152 153 155 157 166
23 119 120 121 123 124 126 129 133 137 139 141 143 144 145 149 151 152 154 158 162 163 165 166
18 117 119 120 122 124 128 132 137 141 143 144 145 146 149 152 157 158 160
33 117 118 119 120 124 125 126 127 129 130 132 133 134 135 136 137 140 142 143 146 147 149 150 151 152 153 155 157 160 162 163 164 165
17 117 118 121 122 123 124 125 134 135 140 142 143 144 145 147 158 162
26 121 122 123 125 127 128 129 132 135 137 138 140 141 143 145 146 147 149 150 151 154 155 158 161 162 166
26 118 119 121 124 127 128 132 137 139 140 141 142 144 147 149 150 151 152 155 156 157 159 160 161 164 166
19 117 124 126 127 129 130 131 135 136 137 141 142 143 145 149 152 154 163 164
25 121 123 124 126 127 128 131 132 133 137 138 139 141 142 144 147 148 149 152 153 154 155 157 160 162
15 120 121 123 124 127 129 136 137 138 143 148 151 153 158 161
34 118 119 120 121 122 123 125 126 127 128 130 131 133 134 135 136 137 139 140 141 143 144 145 147 150 151 153 154 155 157 158 160 161 163
25 118 119 120 122 124 125 129 130 132 133 135 136 137 142 147 149 150 154 155 156 157 158 160 163 165
30 117 118 119 124 125 126 128 130 131 134 135 136 137 140 141 142 143 144 145 147 148 151 153 155 158 160 161 162 164 166
22 119 125 126 128 130 132 133 136 137 138 139 142 143 147 148 155 157 158 160 161 162 166
31 117 119 121 123 125 126 128 130 131 133 134 136 138 140 141 142 143 144 146 147 148 149 150 151 152 154 161 162 163 165 166
25 117 118 122 125 126 127 129 133 135 139 142 143 145 148 149 150 151 153 155 156 158 161 162 164 165
18 117 118 127 129 130 134 135 138 140 141 145 146 150 155 157 158 164 166
34 119 120 121 122 124 125 127 128 129 130 131 132 133 134 135 136 137 138 141 142 144 145 146 147 149 150 151 152 154 157 161 162 164 165
19 120 122 123 124 126 128 129 130 133 134 139 140 145 147 148 149 157 158 159
34 117 118 120 121 123 124 125 126 128 129 130 131 133 134 138 141 142 143 144 145 148 149 150 151 153 154 155 158 159 160 161 163 165 166
25 119 121 122 125 126 127 129 136 137 139 141 144 146 147 149 150 151 152 153 154 155 156 157 160 165
23 117 118 119 120 122 123 127 132 134 135 140 142 143 146 147 150 152 153 154 155 156 159 163
25 117 118 119 120 122 123 126 128 130 133 142 147 150 151 154 156 157 158 159 160 162 163 164 165 166
20 121 123 125 127 130 131 132 133 136 138 140 141 143 144 147 148 149 151 162 165
18 118 120 125 127 128 130 135 136 137 138 139 141 146 149 151 160 162 163
26 117 118 123 125 126 127 128 130 132 133 136 137 138 139 140 141 143 144 147 148 154 156 159 161 162 165
23 118 119 126 128 130 131 133 135 136 139 141 143 144 146 147 148 151 152 153 154 156 158 159
20 117 120 121 124 127 130 131 133 134 138 141 143 144 148 150 151 154 156 159 161
30 117 120 122 123 124 125 129 131 132 133 134 135 136 137 139 141 142 143 145 146 148 151 153 154 157 159 160 161 163 164
27 117 120 121 122 124 127 128 129 130 131 133 135 139 140 144 145 146 149 150 154 156 158 159 160 162 165 166
15 119 121 128 131 137 141 142 147 149 150 153 156 157 159 165
15 119 120 128 130 132 134 135 137 141 149 151 152 156 162 164
22 123 125 128 129 130 132 133 134 136 138 140 141 144 145 147 148 149 153 156 158 162 163
31 118 120 121 122 124 125 127 128 130 131 132 137 138 139 140 141 142 143 148 149 150 153 155 156 157 158 159 162 163 164 165
16 118 121 122 125 128 129 131 135 144 145 146 149 151 157 159 165
26 117 118 119 121 122 123 124 128 129 130 131 133 134 138 139 140 142 143 145 149 153 154 155 160 162 164
19 119 120 123 126 127 131 135 137 138 141 143 145 146 156 159 161 162 163 166
19 118 120 122 125 127 129 130 132 134 137 141 145 153 155 157 160 163 165 166
18 118 119 123 128 134 136 137 141 142 144 151 152 158 159 160 161 162 165
17 117 118 119 121 123 127 129 131 141 146 147 151 152 154 157 161 162
23 117 119 120 122 124 127 128 132 133 135 137 139 144 146 147 149 152 153 154 161 162 163 166
23 117 118 120 121 123 125 130 131 132 133 134 136 140 142 146 148 151 152 155 157 158 161 166
18 118 119 126 129 132 134 138 139 140 141 142 143 145 150 153 158 161 164
25 117 119 120 121 122 124 127 128 129 131 133 136 139 141 146 147 148 151 152 153 156 157 161 162 165
21 120 121 124 126 127 130 131 133 137 140 146 147 148 150 152 155 156 157 160 162 163
21 120 121 124 125 127 128 130 131 133 135 136 138 139 141 142 152 153 158 162 164 166
34 117 118 119 121 122 123 125 126 128 130 131 132 134 137 138 140 141 143 144 145 146 147 148 149 150 153 154 155 157 158 159 161 162 166
33 117 118 119 120 121 122 124 125 127 130 131 132 135 137 138 139 140 141 142 144 145 147 148 153 155 156 158 159 162 163 164 165 166
26 117 120 126 127 128 129 131 136 138 140 141 144 145 146 147 148 149 153 154 156 157 158 160 161 162 163
34 117 118 120 121 122 123 125 126 129 130 131 133 134 135 137 139 141 142 143 144 146 147 148 149 150 151 153 154 155 157 159 161 162 165
30 117 118 119 121 122 123 124 125 126 131 132 136 137 138 139 143 145 146 148 150 152 156 157 158 159 160 161 162 163 164
22 120 121 123 126 127 128 129 130 131 136 137 138 140 141 144 145 149 153 157 160 161 162
30 117 120 121 125 128 130 131 132 133 134 135 136 138 139 140 141 142 143 144 148 151 154 155 156 157 159 163 164 165 166
23 117 118 120 121 122 125 127 128 130 132 135 137 138 141 143 151 153 158 159 161 162 164 166
18 117 120 121 123 124 126 133 137 138 140 144 147 148 149 150 153 162 165
27 117 118 122 124 127 129 130 131 133 134 135 136 139 140 141 142 143 144 145 146 147 148 151 152 155 157 166
22 117 121 122 123 124 125 130 132 133 134 136 137 138 142 146 147 148 151 153 157 165 166
25 120 122 126 127 129 131 132 133 134 135 138 139 141 145 151 152 153 155 156 157 158 161 164 165 166
18 118 120 123 125 126 127 128 135 136 144 149 150 154 156 159 162 165 166
17 117 121 125 128 130 131 137 138 139 141 142 143 144 150 159 162 166
34 118 119 120 121 124 125 127 128 129 130 132 133 134 135 136 137 138 139 140 142 143 146 150 151 152 154 155 156 157 159 162 163 165 166
26 117 118 119 120 121 122 125 127 128 129 130 133 134 138 140 143 152 154 156 157 158 160 161 162 163 166
26 117 119 121 124 126 127 128 131 132 133 134 135 137 139 141 142 145 147 152 153 154 155 161 163 164 165
19 120 121 124 125 127 130 131 134 137 138 141 145 146 147 151 153 154 156 162
15 119 120 121 128 129 132 136 140 141 144 151 159 160 163 165
33 117 118 121 122 124 126 127 128 129 131 132 133 134 135 136 137 138 139 140 141 144 145 151 153 154 157 158 160 161 162 163 164 166
33 117 120 121 122 124 125 128 129 130 131 132 134 136 137 138 141 142 144 147 148 149 152 153 154 156 157 159 160 161 162 163 164 166
24 117 118 119 120 122 124 126 128 131 137 138 139 141 143 144 145 147 148 149 150 151 158 161 166
18 119 129 131 132 134 136 138 144 145 146 149 151 152 154 157 161 163 166
32 117 119 120 124 125 126 127 129 130 131 133 134 135 136 137 138 141 142 143 144 146 148 149 150 151 152 153 155 156 158 159 163
21 119 120 122 124 129 132 138 139 141 143 147 148 149 151 152 155 156 159 160 164 165
28 117 118 122 123 125 127 128 129 131 134 136 139 141 142 145 146 147 149 150 151 152 154 155 156 157 161 162 165
28 117 118 119 122 123 128 131 134 135 136 137 140 141 143 146 148 151 152 154 155 157 158 159 160 161 162 163 165
25 119 121 123 128 130 132 134 135 137 139 142 144 145 150 151 152 153 154 157 158 160 162 163 165 166
20 118 122 123 124 126 129 133 136 137 141 143 146 148 150 152 156 160 161 165 166
20 119 122 132 133 136 137 139 140 142 145 146 147 148 151 154 155 159 163 164 165
32 117 118 120 122 123 125 126 127 131 132 134 136 138 142 143 144 145 146 147 148 150 151 153 154 155 157 158 159 162 163 164 165
27 117 120 122 123 126 127 128 129 130 131 132 133 135 136 139 142 143 144 146 147 148 149 150 159 160 163 166
31 117 118 119 120 121 123 126 127 128 129 130 133 137 138 139 140 141 143 144 145 146 148 149 153 155 156 157 160 162 163 165
18 118 121 122 124 127 128 130 131 132 134 140 141 144 156 158 161 163 164
33 118 119 122 126 127 129 130 132 133 134 135 136 137 138 139 140 141 142 146 147 148 149 150 151 153 154 156 157 158 160 163 165 166
31 118 121 124 126 128 130 131 134 135 136 137 139 141 142 143 144 145 146 147 151 152 153 154 155 156 157 160 162 163 165 166
25 117 119 120 121 124 126 129 131 133 134 136 138 141 143 144 145 150 153 154 155 157 159 162 165 166
31 117 118 119 121 122 123 124 125 130 131 132 133 134 135 136 138 139 140 141 145 147 148 149 151 155 157 158 159 162 163 165
31 117 118 119 120 122 125 127 128 129 130 131 132 135 138 139 141 143 145 147 148 150 151 153 154 155 158 161 163 164 165 166
15 121 122 127 130 140 142 144 145 146 149 155 156 158 159 166
28 118 119 120 121 122 123 124 125 127 129 131 132 136 137 138 140 141 145 146 147 148 150 151 154 156 157 160 166
25 117 119 122 125 129 130 132 134 138 140 141 142 143 144 146 147 148 149 154 155 158 161 162 164 166
23 118 119 120 122 125 126 128 129 132 134 135 137 139 141 142 147 150 154 156 157 158 163 165
28 117 119 120 122 123 124 128 129 133 134 135 137 140 141 143 144 145 146 147 149 150 154 155 156 160 161 164 166
29 117 118 119 121 122 123 127 128 130 131 133 134 135 136 137 139 141 143 144 145 146 147 148 149 151 152 155 160 162
30 117 118 119 120 121 122 123 127 133 135 137 138 139 140 142 143 144 145 148 149 150 151 153 157 158 160 162 163 165 166
30 118 121 122 123 124 127 129 130 131 137 138 139 141 142 145 146 147 149 150 151 152 153 156 157 158 159 162 163 164 166
29 117 119 120 121 122 126 129 130 131 133 134 136 139 142 144 146 147 149 151 152 155 156 157 158 160 162 163 165 166
15 118 120 123 125 127 134 138 142 146 149 150 157 159 161 163
20 117 118 123 124 125 126 127 130 139 140 142 148 149 150 151 153 156 157 160 166
23 117 118 121 122 124 129 130 133 137 142 143 144 147 149 150 152 153 157 159 162 163 165 166
33 117 118 119 123 124 126 127 132 133 134 135 136 137 138 139 140 142 143 144 145 146 147 152 153 154 155 157 159 160 161 162 163 165
18 122 124 127 128 129 132 137 141 143 144 145 153 154 155 158 163 164 166
28 117 119 121 122 124 126 128 132 133 134 136 137 138 139 140 144 145 147 150 151 155 156 157 158 163 164 165 166
17 117 121 125 126 130 131 138 140 141 142 143 148 156 158 160 163 164
23 117 118 119 121 125 126 130 131 137 139 140 142 143 144 146 147 148 149 152 153 156 160 166
22 117 120 121 124 125 129 130 132 136 137 140 141 142 144 146 147 148 151 152 154 161 164
25 118 119 120 121 125 128 130 131 133 136 137 138 140 142 144 145 148 149 151 152 153 158 162 165 166
30 119 120 121 122 123 125 126 128 129 131 133 138 141 142 143 144 149 150 151 154 155 156 157 158 159 160 161 162 163 166
20 118 119 121 122 123 129 130 131 133 135 137 138 139 141 148 149 151 153 161 163
22 118 119 124 129 131 132 136 137 140 141 142 145 146 148 150 153 154 157 158 163 164 166
19 125 129 131 132 134 136 137 140 143 144 145 146 149 150 153 156 157 161 162
28 117 119 120 121 122 123 125 126 128 129 132 133 134 135 141 144 147 152 153 154 157 159 160 162 163 164 165 166
24 117 119 120 121 122 132 134 135 138 140 142 144 146 149 152 155 157 158 159 161 162 163 164 166
16 117 129 133 138 140 141 142 144 145 147 148 151 156 161 162 164
30 117 118 119 120 122 126 128 130 131 132 133 136 140 141 142 143 145 146 147 150 151 152 153 154 155 156 159 160 163 166
29 119 121 123 125 126 127 128 129 130 131 132 133 134 136 137 139 140 144 146 149 150 153 155 158 159 160 161 163 166
16 119 122 128 131 138 140 144 151 153 154 156 158 159 162 163 164
25 122 123 124 125 126 129 131 133 134 136 137 140 141 145 146 149 150 151 154 157 161 162 164 165 166
15 119 120 122 123 124 127 129 135 142 146 147 155 156 158 164
26 117 118 119 120 121 122 124 126 128 133 136 140 141 144 145 146 147 148 149 150 151 154 156 162 164 166
27 117 118 119 120 121 124 125 126 127 129 132 133 134 135 137 139 140 141 144 145 147 148 152 153 158 162 166
25 117 118 122 124 125 128 129 131 132 134 136 137 138 139 140 143 146 147 149 150 154 156 158 159 163
28 117 121 125 126 127 128 129 131 135 136 137 141 142 143 144 145 146 150 151 152 153 155 156 157 158 163 164 165
32 119 120 121 123 124 125 127 128 129 130 132 135 136 137 138 139 140 141 143 144 145 146 147 150 151 154 155 159 160 163 164 165
29 119 120 122 123 124 126 127 129 130 133 135 137 138 144 145 146 148 149 150 152 153 154 155 157 158 159 160 162 164
29 117 120 121 123 124 125 127 128 133 136 137 141 142 143 144 145 146 149 152 153 154 155 156 157 160 161 162 163 166
25 117 122 124 126 127 129 130 131 134 135 136 137 139 141 142 143 144 145 146 149 154 156 157 162 166
32 120 121 124 125 126 127 128 129 130 131 132 133 135 136 137 139 140 141 143 144 145 147 148 151 153 155 157 158 160 163 165 166
15 119 123 124 126 129 132 136 137 145 149 150 151 161 165 166
32 117 118 120 121 124 126 128 129 131 132 133 136 138 139 141 143 144 146 147 148 149 150 152 153 154 155 156 157 161 162 165 166
32 117 119 120 122 123 124 126 128 131 132 134 136 137 139 140 141 142 143 144 147 148 149 150 151 152 153 154 156 159 161 165 166
