247 1345
28 1 2 3 4 5 6 7 8 9 10 11 12 13 14 15 16 17 18 19 20 21 22 23 24 25 26 27 28
18 1 2 4 5 6 7 10 12 13 14 16 22 23 24 25 26 27 28
10 1 7 10 11 15 17 18 22 23 25
10 1 2 4 6 13 18 21 22 24 26
9 1 14 17 18 19 25 26 27 28
11 1 2 3 4 5 9 13 17 18 19 24
11 2 5 6 7 12 15 16 20 23 25 26
14 2 3 4 8 10 11 13 14 18 19 21 23 27 28
20 1 2 3 6 7 8 9 10 13 15 16 17 18 19 20 21 24 25 27 28
20 1 2 3 4 5 6 8 9 10 11 12 14 16 19 20 21 22 23 25 28
13 4 6 8 11 13 14 15 19 21 22 25 26 28
16 1 2 6 7 8 10 13 17 20 21 22 23 24 26 27 28
8 1 8 10 21 23 24 26 28
13 1 2 6 8 12 14 17 19 20 21 23 24 27
16 1 2 3 5 10 11 13 16 17 19 20 22 23 25 27 28
20 1 2 3 6 8 9 10 11 13 14 16 17 18 19 21 22 23 24 26 27
13 2 3 4 5 6 7 9 15 17 25 26 27 28
15 2 4 5 7 12 14 15 16 17 19 21 22 23 24 25
10 6 9 10 12 13 15 18 19 22 23
20 1 3 4 5 8 10 11 12 13 14 15 18 19 20 21 22 24 26 27 28
14 3 4 5 8 9 10 12 17 18 19 21 22 24 27
15 1 2 4 5 6 11 12 13 15 17 19 23 24 25 26
13 2 3 12 13 14 16 18 19 20 21 23 24 25
13 3 5 7 9 11 15 16 18 19 20 22 23 28
8 3 5 8 9 16 17 23 25
18 3 5 6 7 8 9 11 12 13 15 17 19 20 24 25 26 27 28
11 2 9 12 14 16 18 19 21 23 25 27
22 1 2 4 5 6 8 9 10 11 12 14 15 16 17 18 19 20 22 24 25 26 27
20 1 3 4 5 6 7 8 9 10 13 16 17 18 19 21 22 24 25 27 28
12 3 7 8 11 13 14 15 16 21 22 23 28
10 3 4 6 7 10 15 16 21 25 26
18 1 3 4 6 7 8 10 11 12 13 15 16 19 20 21 22 24 27
16 1 3 4 8 10 11 12 13 14 15 18 24 25 26 27 28
20 2 3 4 5 7 8 9 13 14 15 16 17 19 20 21 22 23 25 26 28
13 1 3 4 6 12 15 17 19 22 23 25 26 28
17 1 4 5 7 8 10 12 13 14 15 16 17 18 19 22 23 28
17 2 4 6 10 11 12 15 16 17 18 19 20 22 23 26 27 28
17 2 3 4 5 7 8 9 12 13 16 17 18 19 22 26 27 28
10 1 2 7 9 10 11 13 16 26 27
19 2 3 6 8 9 11 12 13 14 15 16 17 20 21 22 23 25 27 28
13 2 5 7 8 10 13 14 15 17 20 21 22 25
14 3 7 9 10 11 12 14 16 18 19 20 21 24 25
19 1 4 5 7 8 10 11 12 14 15 17 18 19 21 22 23 24 25 27
8 7 8 13 15 16 25 27 28
11 1 2 6 10 11 16 18 19 21 23 24
18 2 4 5 6 7 8 9 10 11 12 13 15 16 17 18 19 25 27
20 2 4 5 6 7 8 10 11 12 13 14 15 18 19 20 21 23 24 26 27
21 2 3 4 6 7 8 9 10 11 12 13 14 15 16 18 19 22 23 24 25 27
10 1 2 6 8 10 11 13 15 17 18
16 3 4 5 6 7 9 11 12 13 17 18 21 24 25 27 28
18 1 5 6 8 10 11 12 13 16 17 19 20 21 22 24 25 26 28
11 1 10 11 12 17 19 21 22 23 27 28
13 1 3 7 9 13 17 18 21 23 24 25 27 28
21 1 2 3 4 6 8 9 10 11 12 13 14 15 16 19 20 21 22 26 27 28
19 2 4 5 7 8 9 11 14 15 16 18 20 21 22 23 24 26 27 28
8 1 3 6 7 13 14 21 25
9 3 5 6 9 14 17 18 20 23
9 4 7 13 14 16 22 25 26 28
11 4 8 9 10 11 13 15 19 22 25 28
14 1 2 3 5 8 10 11 12 13 14 15 21 22 28
17 1 3 4 6 7 8 10 11 14 15 16 20 21 22 24 25 28
21 1 2 4 8 9 10 11 12 13 14 15 17 18 19 22 23 24 25 26 27 28
17 2 3 4 5 6 9 12 13 15 16 17 18 19 20 22 24 25
15 2 4 6 8 9 10 11 16 17 19 20 22 23 25 26
14 1 2 3 4 6 8 9 12 14 20 21 22 24 26
13 2 7 9 12 14 15 16 17 18 19 20 21 26
19 1 2 3 4 6 7 8 9 10 11 15 16 17 19 21 22 23 25 26
12 1 2 5 6 9 10 11 12 15 16 18 19
12 1 3 4 6 8 9 16 18 21 24 27 28
18 3 4 5 6 7 8 9 10 12 14 15 19 20 21 22 25 27 28
13 1 5 8 9 10 11 15 17 18 21 24 26 27
17 1 2 3 6 7 9 11 13 15 18 20 22 23 25 26 27 28
15 1 4 5 6 7 8 10 13 14 16 17 18 20 22 25
32 29 30 31 32 33 34 35 36 37 38 39 40 41 42 43 44 45 46 47 48 49 50 51 52 53 54 55 56 57 58 59 60
21 30 32 34 35 36 38 39 40 41 42 43 44 45 46 48 49 51 52 57 58 59
11 30 32 34 40 41 42 43 44 48 49 52
12 29 31 33 39 40 46 48 51 52 53 54 59
10 33 34 36 42 44 48 52 57 58 60
18 33 35 36 37 39 40 41 42 43 45 46 48 50 51 54 55 56 58
13 29 32 33 34 36 38 39 40 42 43 54 57 59
10 34 35 39 42 48 49 50 55 58 59
16 31 32 34 37 38 39 40 41 42 47 48 50 52 55 57 60
10 29 33 38 39 46 48 50 51 52 60
12 32 33 35 36 38 41 42 44 45 51 56 58
11 30 34 35 41 42 48 50 53 55 59 60
21 29 30 31 33 34 36 38 39 41 45 46 48 51 52 53 54 55 56 57 58 59
13 32 33 35 36 37 38 49 50 51 54 57 58 59
11 31 35 36 37 42 48 51 52 54 55 60
25 30 31 32 33 34 36 37 38 39 41 42 43 44 45 46 47 49 50 51 52 53 55 58 59 60
15 29 30 31 34 35 37 38 45 48 49 50 53 55 57 59
10 31 32 37 45 47 50 53 54 56 57
16 29 31 34 36 37 38 39 40 42 44 46 47 49 52 56 60
22 30 31 32 33 34 35 36 37 39 40 41 42 43 45 48 51 55 56 57 58 59 60
20 30 31 33 34 36 37 38 40 43 44 46 48 49 50 52 54 56 57 58 59
19 30 31 36 37 38 39 40 43 44 47 49 50 51 54 55 57 58 59 60
17 30 33 34 35 36 39 40 44 46 48 49 50 51 55 58 59 60
22 30 31 32 33 35 36 37 38 40 41 43 46 47 48 49 50 52 53 55 56 58 60
19 29 30 31 32 35 37 38 42 43 45 47 49 50 52 54 56 57 59 60
22 29 31 32 33 34 36 37 40 43 44 45 46 47 48 50 51 52 53 54 55 57 60
21 29 30 31 33 34 35 37 38 39 40 41 42 45 47 48 55 56 57 58 59 60
16 30 32 34 35 37 38 39 41 42 43 47 48 51 52 54 56
20 29 32 33 34 37 38 39 42 43 44 45 46 50 51 52 53 54 56 57 59
17 29 32 33 34 39 43 44 45 48 50 51 52 54 56 57 59 60
18 29 30 31 33 35 37 40 41 45 46 47 48 50 51 53 54 58 59
23 29 30 31 32 33 34 36 37 38 39 40 41 43 44 45 46 49 52 53 55 58 59 60
22 31 32 33 34 36 37 38 39 40 41 42 43 46 47 48 49 52 53 54 57 58 59
16 32 33 36 38 39 42 43 45 46 48 49 50 51 52 54 57
13 31 32 33 34 36 37 41 43 47 49 52 54 58
14 32 33 35 36 37 39 40 43 45 46 50 51 59 60
18 29 32 33 35 36 39 40 41 43 45 46 47 49 52 53 56 57 58
36 61 62 63 64 65 66 67 68 69 70 71 72 73 74 75 76 77 78 79 80 81 82 83 84 85 86 87 88 89 90 91 92 93 94 95 96
28 61 62 63 64 65 66 67 68 69 70 71 72 73 77 78 79 80 81 82 83 84 85 87 88 89 93 94 95
21 62 63 64 65 71 72 76 77 78 80 81 82 83 84 85 86 88 91 92 94 95
13 61 62 63 71 78 82 83 84 85 87 88 91 95
16 64 68 70 71 72 73 75 76 81 82 83 85 90 91 92 95
19 62 64 67 69 73 74 75 76 77 79 80 81 84 85 86 89 92 95 96
12 61 63 66 76 78 79 80 88 89 93 95 96
27 62 63 65 67 69 71 72 74 75 76 77 78 79 80 81 82 83 84 85 87 88 89 90 91 93 95 96
13 62 64 65 67 69 73 76 78 81 83 87 93 96
28 61 62 63 66 68 69 70 71 72 75 77 78 79 80 81 82 83 84 85 86 87 88 89 90 92 93 94 95
20 64 65 67 69 71 72 73 74 76 77 80 81 85 88 89 90 91 92 93 95
26 61 63 65 67 68 69 73 74 75 76 77 78 79 80 81 83 84 85 86 87 88 90 92 93 95 96
25 61 62 63 64 66 67 71 72 73 74 75 76 77 78 80 81 82 85 86 89 90 91 92 95 96
28 61 63 64 65 66 67 68 69 70 72 73 74 76 77 79 80 81 82 84 86 87 88 89 90 92 94 95 96
20 61 67 71 72 73 75 76 78 79 82 83 84 85 86 88 89 90 91 92 94
12 63 65 66 67 68 73 78 79 80 82 89 91
27 61 62 63 64 65 66 68 69 70 71 72 73 76 77 78 79 80 81 82 86 88 90 91 92 93 94 96
22 61 64 65 66 67 68 73 74 76 77 78 79 81 83 84 85 86 88 90 91 93 95
23 62 63 64 65 68 70 73 75 78 79 80 81 82 84 85 88 89 90 91 92 93 94 96
24 62 64 66 67 68 70 71 73 77 78 79 81 82 83 84 85 86 88 89 90 92 93 95 96
26 61 62 63 65 67 68 69 70 71 72 73 75 76 77 78 80 81 82 83 84 86 87 89 90 91 93
26 61 63 64 65 67 68 69 71 72 73 75 76 77 78 80 82 83 85 88 89 90 91 92 93 94 96
23 61 62 65 66 68 69 70 71 72 74 75 81 82 83 86 87 90 91 92 93 94 95 96
12 61 64 65 66 67 70 79 81 82 85 87 91
18 65 67 69 70 71 72 73 75 78 79 83 87 88 89 90 92 94 95
26 62 63 64 65 66 68 69 72 74 76 79 80 81 82 83 84 85 86 87 89 90 91 92 93 94 96
22 63 65 66 68 69 71 73 74 76 77 78 82 83 84 85 86 87 89 90 91 93 95
23 61 62 63 64 65 68 69 71 72 73 75 79 82 83 84 86 87 88 91 92 93 94 95
24 61 62 63 64 65 66 69 70 71 72 73 76 77 79 80 81 82 83 84 85 88 90 93 96
18 61 63 68 69 72 73 75 76 79 81 82 84 85 88 89 90 92 96
12 62 66 72 74 76 78 79 81 82 85 87 92
16 63 64 67 68 69 72 76 78 80 81 82 85 90 92 95 96
27 61 62 64 66 67 68 69 70 72 74 75 77 78 79 80 81 82 83 84 85 86 87 89 90 91 92 95
19 62 64 69 72 74 76 77 78 80 81 82 84 85 86 87 88 89 93 95
12 63 68 76 77 78 82 84 85 91 92 95 96
14 62 63 65 67 68 70 71 77 78 79 81 87 88 93
19 61 64 67 68 69 74 75 76 78 79 80 82 83 87 88 89 91 93 94
19 65 67 70 71 72 73 74 75 77 79 80 82 84 85 87 89 90 91 95
23 97 99 100 103 104 108 113 114 117 118 119 120 123 126 129 134 137 138 141 142 143 144 147
12 104 105 112 116 125 128 133 138 140 146 150 155
26 97 101 102 103 104 105 106 108 112 113 115 119 121 126 128 132 133 137 139 140 141 142 143 145 149 155
13 100 107 113 118 121 122 123 125 126 127 128 129 147
21 97 99 100 105 107 108 109 111 113 118 120 121 122 124 136 137 145 152 153 154 155
9 104 112 115 129 133 134 139 146 150
33 97 100 102 104 109 112 113 118 120 121 123 124 125 126 127 129 130 131 132 134 135 136 139 140 141 142 143 145 146 147 148 150 155
42 97 98 99 101 102 103 104 105 107 109 110 111 112 113 114 116 117 118 119 120 121 122 123 124 126 128 129 130 132 134 135 136 137 142 144 145 146 149 150 153 154 155
19 97 100 101 102 103 104 105 107 108 110 114 122 125 130 137 138 140 142 147
21 102 103 105 107 110 116 125 126 127 129 130 131 133 138 139 142 143 145 146 153 155
20 101 104 105 106 107 108 109 112 114 118 120 121 123 130 133 135 145 146 152 154
23 97 101 105 107 108 111 112 113 117 119 124 127 129 132 133 135 136 139 141 143 147 153 155
20 98 100 102 103 106 109 114 122 123 124 126 129 131 132 134 137 147 148 149 151
8 100 103 108 118 122 133 139 140
35 98 100 103 106 107 108 109 111 112 113 114 115 116 118 120 121 122 124 125 126 128 129 130 135 137 139 140 141 142 143 144 146 147 148 149
19 100 101 102 105 107 111 112 120 124 132 133 138 140 142 143 149 150 151 153
24 99 101 106 108 112 117 119 120 121 122 134 135 136 138 141 143 146 147 148 150 151 152 154 155
13 101 106 107 110 124 136 139 140 149 150 153 154 155
11 99 103 109 111 112 121 127 131 144 146 155
17 111 113 115 117 120 124 126 127 129 132 133 141 143 145 146 151 154
20 100 110 112 113 119 120 122 123 124 126 129 130 132 133 139 140 141 142 144 149
21 98 99 102 103 105 107 111 114 116 118 119 120 122 123 125 134 135 138 140 144 147
17 97 99 100 104 112 114 117 118 119 132 134 136 147 148 149 152 154
6 99 119 134 144 149 155
33 98 99 100 107 109 110 111 114 116 117 118 120 122 123 124 125 127 129 130 131 134 135 136 138 144 146 147 148 150 151 152 153 154
8 105 107 123 129 131 132 140 145
23 97 98 104 106 110 115 116 117 122 126 128 130 133 134 136 141 143 145 147 150 151 152 153
9 104 106 122 123 135 138 142 145 149
21 97 99 106 110 112 119 123 126 129 131 132 133 134 135 137 141 143 147 149 153 154
22 97 98 99 101 104 111 114 115 116 117 119 124 131 132 138 139 148 150 151 152 154 155
11 104 129 133 136 137 139 145 146 152 153 154
26 97 98 99 101 102 104 105 106 116 117 120 121 125 128 129 131 135 136 138 140 144 147 148 150 152 154
23 98 102 105 109 111 112 115 116 121 122 125 127 128 130 131 132 133 135 145 146 148 151 152
36 98 99 100 102 103 104 106 109 110 114 115 116 118 120 121 122 123 125 126 128 130 131 134 137 138 140 142 144 145 146 148 149 150 151 152 154
22 98 99 101 104 105 107 108 117 127 128 131 134 136 137 138 143 147 148 150 151 152 155
31 97 102 104 105 106 110 112 115 116 117 120 121 124 127 128 130 132 135 137 138 141 142 143 145 146 148 149 151 152 153 155
26 97 98 100 101 102 103 108 110 112 115 122 126 128 131 132 135 136 137 139 144 146 148 149 150 152 155
5 100 113 116 128 153
29 98 101 102 103 106 110 114 116 117 119 123 125 126 127 128 130 131 132 135 138 140 141 142 143 144 147 148 149 151
25 103 104 108 112 114 116 119 121 123 124 125 127 129 130 132 137 138 141 143 149 150 151 152 153 154
6 108 111 115 123 128 140
17 98 106 109 112 116 118 121 123 128 131 135 136 139 148 150 152 153
18 97 98 99 115 117 124 125 129 137 138 139 142 143 147 149 151 153 155
18 100 106 109 112 115 121 124 126 127 128 131 141 142 143 149 150 151 155
7 106 129 131 137 139 141 146
24 102 103 105 106 108 109 110 112 120 130 133 134 135 136 137 140 141 142 143 144 145 146 149 153
11 98 99 110 117 118 119 121 126 136 147 154
10 100 108 111 112 126 133 134 139 153 155
9 97 101 108 110 113 117 130 132 148
27 98 99 100 102 106 107 109 111 113 115 117 118 120 122 126 128 131 133 134 135 136 140 142 144 145 146 155
22 97 103 104 108 109 113 114 115 116 122 123 125 127 128 130 134 135 144 145 148 152 155
38 98 100 101 102 103 104 105 107 108 109 111 113 114 115 116 117 118 120 121 122 124 125 127 128 130 136 138 139 140 142 144 145 146 148 150 151 152 155
33 99 104 105 106 107 109 111 113 114 116 117 118 119 120 121 123 124 125 127 129 130 133 134 138 140 141 142 143 145 147 151 153 154
25 100 101 102 105 107 108 113 114 118 119 120 123 124 125 129 132 135 137 138 139 140 142 148 149 154
11 97 104 108 114 116 128 130 137 144 149 153
10 100 102 110 119 122 131 132 141 144 148
23 103 107 109 110 113 114 115 118 119 122 123 124 127 130 132 137 141 142 143 145 146 149 151
14 100 110 113 115 117 120 126 131 133 134 140 142 148 152
17 100 106 108 115 125 127 131 133 138 139 140 141 143 147 148 151 152
11 103 111 113 116 126 127 128 134 136 140 150
26 98 99 101 103 105 106 107 108 110 111 114 115 116 117 119 122 128 133 137 138 144 149 151 152 153 154
19 97 103 105 112 113 118 120 124 125 126 128 130 133 134 137 139 143 144 152
15 98 101 106 109 113 120 121 122 124 135 137 141 144 150 151
11 102 103 106 109 112 123 127 136 145 150 155
17 97 102 103 106 109 111 114 115 116 118 121 125 135 145 146 153 154
17 99 100 110 114 117 121 127 131 132 136 140 141 146 148 153 154 155
24 97 99 101 102 104 105 110 117 119 123 127 131 132 133 134 136 138 145 150 151 152 153 154 155
29 98 100 102 105 107 108 109 113 115 117 120 121 122 123 126 127 128 130 133 134 136 140 141 142 144 145 148 150 155
14 98 101 102 107 108 109 111 115 116 119 129 147 150 151
23 98 99 101 105 107 111 118 119 121 122 124 125 129 132 135 138 139 141 143 146 147 151 154
22 97 98 102 103 104 109 110 111 114 115 118 124 125 126 127 130 133 137 139 142 144 149
30 97 99 101 103 104 106 110 111 112 114 116 118 119 124 125 129 131 132 135 137 138 139 143 146 147 149 151 152 153 154
20 98 99 101 107 109 111 113 114 119 123 125 126 129 131 134 136 144 147 150 154
27 97 99 101 107 108 110 111 113 115 117 118 119 120 121 127 130 135 136 139 141 142 143 144 145 152 153 154
7 97 101 105 110 139 147 148
8 100 102 119 131 132 141 144 148
14 97 98 99 101 111 114 115 119 131 138 139 150 151 155
12 97 98 99 115 117 124 138 142 143 151 153 155
8 98 101 106 109 122 137 144 151
9 101 106 110 124 136 149 150 153 154
11 100 119 120 122 123 129 132 133 139 144 149
31 98 102 103 104 105 107 109 113 115 116 117 118 120 121 122 125 127 128 130 136 138 139 140 142 144 145 146 148 150 152 155
9 98 99 110 117 119 121 136 147 154
19 99 101 106 117 119 120 121 134 135 138 141 146 147 148 150 151 152 154 155
11 104 105 136 137 138 143 147 148 151 152 155
15 98 99 109 111 113 114 119 125 129 134 136 144 147 150 154
12 98 101 106 109 113 120 122 135 137 141 144 150
16 99 111 120 124 125 129 130 134 135 136 138 146 147 150 151 153
27 98 100 107 109 110 111 114 117 118 120 122 124 125 129 130 131 134 135 136 144 146 147 148 150 151 152 153
14 99 100 110 114 121 127 131 132 136 140 141 146 148 154
7 104 115 129 133 134 139 146
18 98 102 105 109 111 112 115 116 122 125 127 128 130 132 135 145 151 152
7 101 108 110 113 117 130 132
4 112 129 139 150
21 99 101 106 108 117 119 120 121 122 134 135 136 138 141 147 148 150 151 152 154 155
18 99 100 107 109 113 115 117 118 120 126 133 135 136 140 142 144 145 155
9 98 99 110 117 118 119 121 147 154
12 97 103 104 109 114 115 118 125 130 139 142 149
17 98 102 103 104 109 110 111 115 118 124 127 130 133 139 142 144 149
12 103 104 112 116 119 132 138 141 143 149 151 153
23 97 102 105 106 110 112 116 117 120 121 124 128 130 132 135 138 141 145 146 148 151 152 155
11 119 122 123 126 129 132 139 140 142 144 149
20 98 100 101 102 108 110 115 122 126 128 131 132 135 136 137 139 149 150 152 155
30 100 103 106 107 109 111 112 113 114 115 116 118 120 121 122 124 125 126 128 129 130 135 139 140 142 143 144 146 147 149
18 97 101 102 104 105 108 112 115 119 126 128 132 137 140 141 142 143 149
19 97 98 99 101 104 111 114 115 116 117 119 124 132 138 139 150 151 154 155
6 103 106 112 127 145 150
11 97 103 104 111 114 118 124 125 126 137 149
16 100 101 102 105 111 112 120 124 132 133 140 143 149 150 151 153
9 104 129 136 137 139 145 152 153 154
13 97 99 100 112 114 118 119 132 136 147 148 149 152
6 104 129 133 139 152 153
19 103 104 112 119 121 123 124 125 129 130 132 137 138 141 150 151 152 153 154
18 97 101 103 104 110 112 116 119 124 125 129 135 137 138 143 147 149 151
23 99 103 110 111 114 116 118 124 125 129 131 132 135 137 138 139 143 146 147 149 151 152 154
26 97 102 104 105 106 112 115 116 117 120 121 124 127 128 130 132 135 137 138 141 142 145 148 151 152 155
20 99 101 106 108 112 117 119 120 121 134 136 138 141 146 147 148 150 152 154 155
24 97 100 112 113 121 123 124 125 126 127 129 130 131 132 135 139 141 142 143 145 146 148 150 155
4 100 113 128 153
17 101 106 107 108 109 112 114 118 120 121 123 130 133 135 145 152 154
18 104 108 114 116 119 121 123 125 127 132 137 141 143 149 150 152 153 154
8 106 110 136 140 149 150 154 155
16 100 112 113 119 120 122 123 124 126 129 130 133 140 142 144 149
10 106 112 115 126 127 131 141 142 149 151
3 108 115 128
16 97 105 111 113 117 119 124 127 129 132 133 141 143 147 153 155
21 97 98 100 102 103 108 112 115 122 126 128 131 132 135 136 139 144 146 148 150 155
16 99 107 110 111 113 115 117 118 119 120 130 136 142 143 152 154
6 102 106 123 136 145 150
8 104 133 136 137 145 146 153 154
6 104 112 129 134 139 150
18 97 99 101 102 104 110 117 119 123 127 131 132 145 150 151 152 154 155
9 101 106 107 124 136 149 150 153 155
10 97 102 103 106 115 116 118 125 135 153
14 98 106 109 112 121 123 128 131 135 136 139 148 150 152
22 98 100 102 103 104 110 116 118 120 121 122 126 131 134 140 145 146 148 150 151 152 154
17 99 101 107 108 110 115 117 118 120 121 130 135 136 139 142 152 153
10 105 106 107 109 112 114 121 123 133 152
10 100 101 102 105 112 120 124 132 142 151
15 97 98 100 101 102 103 112 122 128 131 136 137 146 149 150
16 98 104 106 110 115 116 117 122 128 130 134 141 145 147 150 151
12 98 111 118 119 122 124 125 132 139 141 143 154
17 106 108 112 119 121 122 134 135 138 143 147 148 150 151 152 154 155
16 98 99 119 121 122 124 125 129 132 135 141 143 146 147 151 154
8 97 114 115 116 118 135 153 154
7 101 108 113 117 130 132 148
13 99 103 105 107 111 114 120 125 134 135 140 144 147
24 98 100 102 105 107 108 109 113 117 120 121 122 128 130 133 134 136 140 142 144 145 148 150 155
18 99 101 105 106 108 111 115 116 117 119 122 133 137 138 144 149 153 154
7 108 111 126 134 139 153 155
11 101 104 105 108 114 122 125 130 137 138 147
16 97 103 108 109 113 114 122 123 125 127 130 134 135 144 145 152
10 98 112 116 118 123 128 135 136 139 152
6 104 106 135 138 142 145
18 98 99 101 111 121 122 124 125 129 132 135 138 139 141 143 147 151 154
7 97 101 108 110 130 132 148
5 97 110 139 147 148
9 103 106 109 112 123 127 136 150 155
8 97 104 108 114 137 144 149 153
5 108 113 117 130 132
5 100 102 119 144 148
4 115 129 134 150
8 107 113 118 122 123 126 127 129
7 104 112 129 133 139 146 150
12 98 101 102 107 109 111 115 119 129 147 150 151
11 101 107 110 136 139 140 149 150 153 154 155
26 98 100 103 108 111 112 115 116 118 120 121 122 124 125 126 128 130 137 139 140 141 142 143 144 146 148
4 111 123 128 140
5 108 111 123 128 140
10 97 125 137 138 139 143 147 149 153 155
12 98 100 102 103 106 114 122 124 129 131 132 137
12 97 99 115 124 129 137 138 142 147 149 151 153
4 99 119 134 155
7 102 103 106 109 145 150 155
10 114 117 121 127 131 140 141 146 148 154
23 98 99 100 107 109 117 118 120 123 124 127 129 130 131 134 138 146 147 150 151 152 153 154
6 100 103 108 118 139 140
15 98 99 101 105 119 121 122 124 129 135 138 141 146 147 151
18 99 101 108 112 117 120 121 122 134 135 136 141 143 148 150 152 154 155
7 98 99 110 121 126 136 147
22 97 98 100 101 103 108 112 115 122 126 128 131 132 135 137 139 144 146 148 149 150 155
18 98 99 104 105 107 108 117 128 131 134 136 137 138 143 148 150 151 155
20 97 99 107 108 110 113 115 118 119 120 127 130 135 136 139 142 143 145 152 153
15 100 110 112 113 122 123 124 126 129 132 133 139 140 141 149
16 97 99 101 106 112 114 116 119 124 135 137 139 143 147 149 152
15 100 103 106 109 114 122 123 126 129 131 132 134 137 149 151
27 98 100 103 106 107 111 112 113 114 115 116 118 121 122 124 126 128 130 135 137 139 140 142 144 146 147 148
23 97 102 104 106 110 112 115 117 121 127 128 130 135 137 138 141 142 143 145 148 149 152 153
15 100 102 103 104 105 107 108 110 114 122 125 130 137 138 142
4 108 111 123 140
16 103 107 110 125 126 127 129 130 131 133 139 142 143 146 153 155
6 104 129 137 145 146 154
11 115 117 120 124 126 127 129 132 143 151 154
10 98 115 124 125 129 139 142 147 151 155
9 103 111 116 126 128 134 136 140 150
19 97 100 101 102 103 108 110 115 122 126 128 135 136 137 139 144 149 150 155
20 97 101 103 104 105 106 108 112 113 115 119 121 126 133 137 140 142 145 149 155
6 104 112 133 134 146 150
7 104 112 115 129 133 134 150
17 103 110 113 114 118 122 123 124 127 132 137 141 142 143 145 149 151
16 104 108 114 119 121 123 124 127 129 130 132 138 143 150 152 153
5 104 115 129 133 146
22 98 99 100 106 107 109 111 113 115 117 118 122 126 128 131 133 134 136 140 144 145 155
26 98 100 102 105 107 108 109 113 115 117 120 121 122 123 126 127 128 133 134 136 141 142 145 148 150 155
5 104 112 129 146 150
10 102 116 125 127 130 131 139 142 146 155
9 104 105 112 116 125 128 138 146 155
14 104 110 115 116 122 126 130 136 141 145 150 151 152 153
14 98 101 102 108 110 115 122 128 131 132 135 146 149 155
10 102 111 114 118 121 135 145 146 153 154
14 102 106 107 111 113 118 128 133 135 136 140 144 145 155
9 109 115 121 126 141 142 150 151 155
6 104 112 134 139 146 150
14 97 98 99 117 124 125 129 137 138 139 143 149 151 153
25 100 102 105 107 108 109 115 120 121 122 123 126 127 128 130 133 134 136 140 142 144 145 148 150 155
15 97 99 100 105 107 109 111 113 120 121 122 136 145 152 155
9 106 112 115 126 131 141 143 150 155
6 121 122 123 127 129 147
17 103 106 107 108 113 114 115 116 118 122 125 126 128 130 140 142 146
7 106 120 121 124 137 144 150
19 99 101 106 112 117 119 120 121 122 136 138 141 143 146 148 151 152 154 155
7 100 108 111 126 133 134 155
13 100 106 108 115 127 131 138 140 143 147 148 151 152
8 103 106 109 123 127 136 145 150
8 101 106 121 122 124 135 150 151
24 97 106 107 108 109 113 115 116 117 122 125 128 132 133 136 138 139 140 141 142 144 149 150 152
39 97 102 103 104 105 108 109 110 112 113 114 116 117 119 120 121 122 124 125 127 129 130 131 132 133 134 135 136 137 138 139 140 144 145 146 149 152 153 154
31 97 98 101 104 106 112 114 115 116 118 119 120 121 122 124 127 128 129 130 131 132 133 135 136 138 143 144 146 148 151 153
27 97 103 104 106 108 111 117 119 124 125 127 128 129 131 132 134 139 142 143 144 145 146 148 149 150 151 154
18 101 106 107 108 110 117 120 123 124 125 127 129 130 136 137 146 148 153
38 97 98 101 103 104 105 109 110 112 113 117 118 119 120 122 125 126 127 131 133 134 136 137 138 139 140 141 142 143 145 146 147 148 149 152 153 154 155
26 97 99 101 103 104 107 108 109 114 115 116 122 126 130 136 137 138 139 140 142 143 144 147 150 151 152
39 97 98 99 100 103 105 106 107 108 110 112 113 114 115 116 119 122 124 125 128 129 130 131 133 134 135 136 138 139 142 143 144 146 149 150 151 152 153 154
33 97 101 102 103 104 108 110 111 112 113 114 115 119 123 125 126 127 128 129 132 134 137 138 140 143 144 146 149 150 151 153 154 155
32 97 98 99 101 103 105 106 109 112 114 115 116 117 119 120 122 123 124 125 130 133 135 136 138 142 143 144 145 146 148 151 154
22 97 98 99 100 101 102 106 111 112 116 117 118 120 121 124 125 133 134 137 139 151 153
23 99 102 104 107 108 110 111 113 117 119 122 127 129 133 134 135 136 138 141 147 148 152 155
29 100 103 104 107 110 112 113 116 117 121 123 124 125 128 129 133 135 136 137 142 143 145 146 147 148 149 152 153 154
38 97 98 99 103 104 107 110 111 114 116 117 119 120 121 122 124 125 126 127 129 130 132 134 135 137 139 140 141 143 144 146 147 148 149 152 153 154 155
20 101 104 107 108 109 114 118 121 122 124 126 136 137 138 141 143 144 147 148 153
24 97 99 100 104 105 110 117 121 126 128 130 133 134 135 136 139 142 143 147 148 151 152 153 154
29 97 99 100 102 105 107 113 114 117 120 121 122 123 125 126 127 128 130 136 140 142 144 145 146 147 150 151 154 155
30 97 99 101 105 111 112 116 119 120 121 122 124 129 131 132 133 134 136 137 139 140 142 144 148 149 150 151 152 154 155
32 97 98 100 102 103 104 105 106 108 110 111 114 115 120 122 126 127 130 131 132 133 136 137 139 140 142 144 146 150 153 154 155
39 97 98 101 104 106 107 108 110 111 112 115 116 117 118 119 120 121 122 123 126 127 128 129 131 134 136 139 140 141 143 145 147 148 149 151 152 153 154 155
39 99 100 102 103 104 106 109 110 112 114 115 116 117 120 121 122 124 128 129 131 132 133 134 135 136 137 138 139 140 141 142 143 144 145 148 149 151 152 155
19 100 101 109 114 116 119 120 123 124 128 132 135 137 138 139 141 142 145 148
21 97 98 101 108 110 111 113 119 121 124 125 130 132 133 134 142 144 149 150 152 153
35 101 102 103 105 106 107 108 109 111 113 114 116 117 119 121 122 123 126 127 128 130 132 134 135 137 140 141 142 144 145 147 149 151 153 154
37 97 98 100 101 102 103 104 107 108 109 110 112 116 117 121 124 125 127 128 131 133 134 136 137 139 140 141 143 144 145 146 148 149 150 151 152 155
27 97 98 102 104 105 106 116 118 120 122 123 126 127 128 129 130 131 134 135 139 142 145 146 147 148 153 154
40 97 99 100 102 103 105 106 107 108 109 110 112 113 115 116 117 119 120 121 122 123 126 129 130 131 132 133 135 136 137 138 141 142 146 148 150 151 152 153 154
19 102 104 106 107 112 115 119 120 122 128 135 138 139 140 141 146 147 148 149
30 98 99 101 102 103 106 107 108 109 110 114 116 117 118 120 121 124 128 129 130 132 137 138 139 141 143 149 152 153 154
26 102 106 108 109 112 113 115 116 120 122 124 126 128 131 132 133 134 135 136 137 138 140 142 144 151 153
36 99 100 101 103 104 105 109 110 115 117 118 119 120 122 123 126 127 128 132 133 134 135 137 138 139 140 141 142 143 146 147 148 149 150 152 155
35 97 100 101 104 105 107 108 109 110 112 114 115 116 117 118 119 123 124 125 126 129 131 132 133 137 138 139 141 143 146 148 150 151 152 154
30 98 100 102 105 106 107 108 109 111 114 119 121 122 123 124 125 126 128 129 131 132 135 136 138 139 140 142 144 152 155
31 97 99 100 104 105 109 110 111 117 118 122 124 125 126 127 128 132 133 135 138 139 140 142 145 146 147 148 149 150 151 153
36 97 98 100 102 103 104 105 106 107 108 109 111 113 114 115 124 127 128 129 130 131 132 135 137 139 140 141 142 143 144 147 150 151 152 153 155
39 98 101 103 107 109 110 112 114 115 116 117 118 119 120 122 123 124 125 126 127 129 130 131 134 135 136 138 140 141 142 143 146 147 149 150 152 153 154 155
38 98 101 103 105 107 108 110 111 114 116 118 119 120 121 123 125 126 127 129 130 131 132 134 135 137 139 141 142 143 144 145 146 147 149 150 152 153 154
38 98 104 105 106 107 108 109 111 112 114 115 118 120 121 122 125 126 127 128 129 130 131 132 135 136 137 138 141 142 145 146 147 149 150 151 152 153 155
25 97 104 107 109 110 111 112 113 115 120 121 122 125 133 135 136 137 140 141 142 146 148 149 153 155
26 99 100 101 103 104 106 107 112 113 117 123 124 125 126 133 135 138 140 141 143 147 148 149 151 152 155
36 97 99 100 101 103 106 107 111 112 113 116 119 120 121 122 124 126 127 128 129 130 140 141 142 143 144 145 146 147 148 149 150 151 152 153 155
27 99 101 103 104 105 108 110 113 115 120 122 124 128 130 133 134 135 138 141 142 143 145 146 147 149 154 155
24 97 98 102 109 112 113 117 118 120 127 132 133 134 136 141 142 143 145 148 150 152 153 154 155
28 98 99 100 101 105 107 108 115 116 117 119 120 122 123 125 126 127 132 135 137 140 141 143 147 148 150 153 155
26 97 98 102 104 105 107 112 116 124 125 130 131 137 138 139 141 142 143 144 145 146 150 151 152 153 155
31 97 98 99 101 104 105 107 109 110 111 113 115 116 118 119 120 126 127 131 135 137 139 143 144 147 148 150 151 152 153 155
37 98 101 102 103 105 106 108 109 113 115 116 117 118 119 120 121 122 125 126 127 129 130 134 137 138 141 142 143 144 145 147 148 149 151 153 154 155
26 99 100 102 103 104 106 107 109 114 115 117 121 123 125 127 128 131 132 136 139 141 144 146 147 151 155
19 97 100 103 104 107 111 112 115 116 120 132 133 135 144 146 150 151 153 154
30 98 99 101 102 103 104 105 107 112 114 115 116 118 119 123 124 127 128 130 131 135 136 139 140 142 143 144 147 148 150
21 98 101 102 110 112 113 114 118 121 122 125 126 129 131 133 135 136 137 138 145 149
28 99 102 103 109 110 111 115 119 120 123 127 131 132 134 135 137 138 139 140 144 146 147 148 149 150 151 153 155
41 97 98 99 100 101 103 105 107 108 109 111 112 114 115 116 118 119 120 121 122 123 124 125 127 128 131 132 135 136 138 139 140 141 142 143 144 145 146 148 150 154
21 97 103 106 107 108 110 114 115 118 122 123 124 128 134 135 139 145 147 149 151 154
32 97 98 100 106 107 108 110 111 113 115 116 119 120 121 123 125 126 127 128 129 130 131 132 133 137 140 142 143 147 150 153 155
23 99 102 104 108 113 115 118 120 122 123 124 127 129 130 132 134 135 138 140 146 147 148 152
29 98 100 101 103 106 113 114 115 117 119 120 121 125 127 128 130 132 133 135 136 137 139 142 144 145 147 150 154 155
32 97 100 103 104 105 106 110 111 112 113 114 115 118 119 121 122 124 125 126 127 130 132 133 136 137 138 140 144 145 149 153 154
22 98 101 103 104 106 108 109 110 113 114 122 125 129 130 131 132 136 138 140 143 144 152
38 97 98 99 100 101 102 103 106 107 108 110 111 114 117 118 120 122 124 125 126 127 128 129 130 134 136 139 140 141 142 143 144 145 146 147 150 153 155
31 98 100 101 102 104 105 106 107 110 111 112 113 116 117 118 122 123 125 129 130 132 133 136 139 140 142 143 148 150 151 155
40 97 98 99 101 102 103 105 106 107 108 109 110 111 112 114 117 118 120 121 122 125 126 127 128 130 133 135 136 137 139 142 145 147 148 150 151 152 153 154 155
22 100 102 104 106 107 108 109 115 122 123 129 130 131 132 137 138 139 140 143 144 151 152
25 97 98 99 100 102 104 107 109 110 118 119 121 123 124 135 137 138 139 144 145 149 150 153 154 155
22 99 105 107 109 119 130 131 134 136 137 139 140 141 142 143 144 146 147 148 149 153 154
39 97 98 99 100 104 108 110 111 113 114 117 118 119 121 122 123 124 127 128 129 131 132 133 134 135 136 138 139 141 142 144 145 147 148 149 151 153 154 155
21 97 99 105 109 112 114 121 123 125 126 128 130 131 132 134 141 144 145 146 148 154
20 97 98 100 104 106 111 114 116 119 121 125 129 131 138 139 141 142 150 151 153
22 98 99 105 110 111 113 115 116 118 119 122 126 127 131 132 139 143 148 149 151 153 155
36 101 105 106 107 108 110 111 112 113 116 117 118 119 120 121 124 128 129 130 131 134 136 138 139 140 141 143 145 146 147 148 149 150 151 153 155
19 100 101 102 103 106 108 109 113 114 118 119 122 125 133 134 135 140 143 154
25 99 105 108 111 112 113 114 115 118 119 122 124 127 128 130 131 132 133 134 138 142 143 144 148 155
40 98 99 100 101 103 104 106 107 108 112 113 115 116 117 118 119 120 124 125 126 128 129 130 131 132 135 136 138 140 141 142 143 144 147 148 149 150 151 153 155
20 97 103 106 110 112 117 120 123 124 125 126 130 131 135 139 142 146 147 151 152
30 97 98 100 101 102 105 107 110 111 113 116 117 121 122 123 124 125 126 132 135 138 139 142 144 145 146 148 149 153 154
36 97 100 101 102 103 104 105 107 108 110 113 115 117 120 121 122 123 125 126 127 128 133 136 137 139 140 141 142 143 144 146 148 151 152 153 154
29 101 103 104 105 107 108 110 111 112 115 118 119 122 124 129 131 134 138 139 140 142 143 145 146 147 148 149 151 155
26 99 100 105 106 107 109 115 118 120 121 123 125 126 130 132 134 136 138 139 140 144 145 147 150 151 155
23 103 105 106 108 109 115 116 118 119 120 121 123 124 131 135 136 141 143 144 147 150 153 155
18 98 106 107 108 109 110 113 117 118 130 133 134 137 146 147 149 151 155
29 101 103 108 109 112 113 115 116 117 118 120 125 128 129 130 131 132 135 138 139 142 143 145 149 150 151 153 154 155
26 97 103 109 110 112 113 115 116 117 119 121 124 129 132 133 134 135 139 141 145 147 148 150 151 153 154
40 97 98 99 101 102 105 106 108 109 110 111 112 113 114 116 117 118 119 120 121 123 124 125 126 131 132 133 134 135 136 137 139 140 143 144 147 149 152 153 154
31 101 102 105 106 107 108 111 112 113 115 116 117 118 121 125 126 127 129 130 131 133 134 138 140 141 142 144 148 151 152 154
31 99 102 104 106 107 110 112 114 116 117 118 119 123 124 125 126 128 129 130 131 132 133 135 139 143 145 146 148 151 152 153
37 97 98 101 102 103 104 105 107 110 111 112 114 117 119 121 122 123 125 127 128 130 131 132 133 134 135 136 138 139 141 142 143 144 148 150 151 154
31 101 104 105 106 107 108 109 111 113 114 116 120 124 125 126 127 128 129 130 131 132 134 137 138 140 142 146 149 151 152 154
22 99 100 104 105 108 109 110 113 118 121 123 124 125 126 127 131 133 137 139 143 146 153
26 99 101 102 104 105 107 109 111 113 114 117 119 123 126 129 130 131 134 141 143 145 147 148 151 152 154
38 98 99 100 101 102 104 107 109 111 112 113 114 115 116 117 119 120 122 123 124 127 129 131 133 134 135 137 139 140 141 143 146 147 148 149 151 154 155
34 97 98 99 100 103 105 108 109 110 113 114 115 116 117 119 121 126 128 129 130 132 133 135 141 142 144 145 146 147 149 151 152 154 155
18 97 103 107 110 112 113 114 118 124 129 134 135 136 140 142 148 150 154
23 99 103 106 107 109 110 112 115 116 123 125 126 127 129 132 133 134 135 138 141 147 148 153
36 97 100 102 104 105 109 110 111 112 113 114 117 120 122 123 124 125 128 130 132 134 135 136 137 140 141 142 143 144 146 147 149 150 152 153 155
26 100 101 108 109 110 113 114 115 116 119 120 121 127 129 132 135 136 139 140 143 144 145 147 149 150 152
40 97 98 99 101 103 104 106 108 109 111 113 114 115 117 120 122 123 124 126 127 128 129 131 133 134 136 137 138 141 142 143 144 145 146 147 148 149 151 154 155
33 99 100 102 103 104 109 110 111 112 113 115 117 120 121 126 127 129 130 131 132 133 135 138 141 142 144 146 147 148 149 150 153 155
37 99 100 101 104 105 107 109 110 111 112 113 115 116 118 119 120 121 123 128 129 130 132 133 135 136 137 139 140 142 146 147 149 150 152 153 154 155
24 97 98 99 106 107 112 114 116 118 119 120 124 126 129 131 134 136 140 142 144 147 151 154 155
40 97 98 100 101 102 103 104 106 108 110 111 112 113 114 116 117 118 119 120 121 123 125 126 129 134 137 138 139 140 141 142 143 145 146 147 150 151 152 153 154
32 97 98 99 103 107 108 111 113 114 115 116 119 120 125 129 130 131 132 133 134 135 137 139 141 144 146 149 150 151 152 153 155
25 97 99 102 105 106 107 108 110 114 115 123 124 126 127 128 130 131 138 141 142 144 147 152 153 154
36 98 99 100 101 103 105 106 107 108 109 113 116 121 122 123 124 125 126 127 128 129 134 135 136 138 139 142 143 147 148 149 150 151 152 154 155
18 98 103 111 113 114 118 127 128 129 131 134 135 139 142 144 146 148 150
22 99 101 103 105 108 109 116 117 118 121 122 124 127 128 130 134 135 138 143 149 150 154
26 98 103 106 111 112 114 116 120 121 125 126 129 131 133 134 135 136 137 138 139 141 142 143 144 147 153
30 97 102 103 104 106 107 112 113 115 116 119 121 122 124 125 126 127 130 132 135 141 142 143 145 146 147 148 151 152 153
19 100 103 106 108 109 111 120 123 126 128 131 132 135 137 139 140 145 147 154
37 97 101 103 104 105 106 111 112 114 115 116 117 121 122 124 127 128 129 130 131 132 133 134 135 136 137 139 141 142 143 144 145 147 149 152 153 155
26 97 100 105 106 107 109 110 118 119 123 126 127 128 129 131 134 135 137 141 142 144 145 148 150 153 155
28 99 100 102 103 104 105 108 109 110 114 115 120 121 122 123 124 125 127 132 138 140 142 143 145 148 152 153 155
33 98 99 100 102 104 106 107 109 111 114 115 118 120 121 122 123 124 125 127 131 132 134 136 139 140 141 142 148 150 152 153 154 155
20 98 104 105 107 110 111 122 125 126 127 134 135 136 140 141 145 147 148 150 152
27 99 100 103 104 105 107 111 115 120 121 123 124 125 126 127 129 130 134 135 138 139 144 145 147 150 153 155
22 97 98 105 107 108 109 110 111 115 117 121 122 126 131 134 135 138 139 142 152 153 155
38 98 99 100 101 102 103 104 105 110 112 113 115 116 117 118 120 121 122 123 124 125 126 127 128 129 132 133 138 140 141 143 144 145 147 149 152 153 155
37 97 99 100 102 103 104 105 108 109 110 112 114 116 117 118 119 120 121 122 123 125 128 129 130 131 132 135 137 139 140 143 145 147 149 150 151 152
34 99 102 103 104 106 107 108 109 110 111 113 114 115 116 118 119 121 123 124 126 127 131 132 133 136 138 139 144 145 148 149 152 153 155
33 97 100 101 106 109 111 113 114 116 118 121 122 124 127 128 130 131 132 133 137 139 142 143 144 145 148 149 150 151 152 153 154 155
29 97 98 99 100 101 102 106 108 110 111 112 116 119 120 124 128 131 133 134 136 137 138 139 142 144 145 147 151 152
37 98 99 101 102 104 105 108 111 114 115 116 117 118 120 121 122 124 126 127 128 129 130 131 132 136 137 140 141 142 143 146 148 149 152 153 154 155
35 98 99 100 101 102 103 105 106 107 108 114 115 116 120 121 124 126 128 129 132 133 134 135 138 139 140 141 143 147 148 150 151 152 153 155
37 97 99 100 101 103 104 105 106 107 108 109 110 111 112 114 117 118 120 121 122 125 127 132 133 134 135 136 138 139 140 142 144 147 149 150 152 153
31 97 100 102 103 104 106 108 109 112 113 115 116 118 120 123 125 127 128 130 131 134 136 141 143 144 145 146 147 148 149 155
35 98 101 103 104 105 106 107 108 110 111 112 113 114 115 119 120 122 123 125 129 130 131 132 133 134 136 140 142 144 145 146 148 149 150 152
32 98 100 101 103 104 105 107 108 110 111 115 116 119 125 126 128 129 130 133 136 139 140 141 142 145 147 148 149 150 151 154 155
37 97 98 99 101 104 105 106 108 109 113 114 116 117 118 119 122 123 124 126 127 128 129 131 133 134 135 137 140 141 142 144 146 149 150 151 153 154
38 97 100 101 103 104 105 106 107 109 110 111 112 114 116 117 119 120 122 124 126 128 131 132 134 135 136 137 138 140 141 145 146 148 149 151 152 154 155
22 98 100 102 104 107 109 111 118 119 120 121 127 131 133 135 137 138 139 143 145 146 153
24 100 101 104 107 108 109 111 113 116 118 121 126 132 133 135 136 138 139 143 146 147 148 150 151
24 97 99 100 101 107 109 111 114 117 118 119 124 126 131 134 137 138 139 142 146 149 151 154 155
31 98 99 101 106 107 108 109 110 111 113 114 115 117 118 126 127 129 130 131 132 137 138 139 140 142 144 145 147 149 151 154
38 99 101 102 106 109 110 111 112 113 114 115 117 118 120 121 123 124 127 128 129 130 132 134 137 138 139 140 141 143 145 146 147 149 150 151 152 154 155
40 97 99 100 101 103 104 106 107 108 110 111 112 113 115 116 117 120 121 122 123 125 126 127 129 130 131 133 135 136 137 140 144 145 148 149 150 151 152 153 155
36 97 101 106 109 110 111 112 113 114 115 117 119 120 123 125 126 127 128 129 132 133 135 136 137 138 140 144 145 146 148 149 150 151 153 154 155
39 98 99 101 102 106 108 109 110 111 112 113 114 115 117 120 121 122 124 125 126 127 129 130 131 132 135 138 139 143 144 145 146 148 149 150 151 152 153 154
30 98 99 103 106 108 110 111 113 114 116 120 122 124 125 126 127 129 130 133 134 136 138 140 145 146 148 150 151 153 154
25 97 98 105 106 110 114 117 119 120 122 123 125 127 132 136 138 142 144 146 147 148 152 153 154 155
24 97 98 103 105 107 110 111 112 114 117 119 120 123 124 126 133 141 143 145 146 148 150 153 155
25 98 102 105 106 109 110 111 112 113 117 118 122 125 127 129 131 136 139 144 146 147 148 149 151 154
32 99 101 103 104 105 106 107 108 111 112 113 115 118 120 121 122 123 127 130 131 132 135 136 138 139 142 147 148 150 152 154 155
30 98 99 101 102 103 107 109 113 116 119 120 121 123 124 125 127 128 129 131 134 136 139 141 143 144 148 149 151 152 155
27 97 98 99 103 105 106 107 111 113 114 115 117 119 124 125 128 129 130 132 135 136 137 145 146 148 150 152
27 102 105 106 107 108 110 111 112 113 116 118 119 123 124 127 128 130 131 132 133 142 144 145 147 148 151 152
33 98 99 100 102 104 105 106 109 112 115 116 117 118 124 125 126 127 129 130 131 133 135 136 137 138 140 141 147 149 152 153 154 155
27 98 99 105 107 108 109 113 114 115 118 121 126 128 130 132 133 135 137 140 141 144 147 149 150 151 152 154
22 99 102 106 109 114 115 116 119 125 126 127 128 131 134 144 145 146 147 151 152 153 154
27 99 100 102 105 106 108 110 111 112 113 115 116 117 121 123 131 135 136 140 143 144 147 150 151 153 154 155
41 97 98 99 102 103 104 105 106 107 108 109 110 111 112 113 114 115 116 118 120 121 122 123 124 125 126 130 131 135 136 137 138 142 144 145 146 149 150 152 153 154
37 98 100 101 102 106 108 109 111 112 113 114 116 118 124 126 127 128 130 131 132 133 135 136 137 138 140 142 143 144 145 147 148 149 150 151 152 155
10 156 158 164 171 174 179 185 187 190 191
13 157 158 163 166 169 170 172 175 179 185 186 187 190
7 158 159 161 170 174 183 184
17 157 160 161 164 166 168 172 175 176 177 179 180 182 183 184 185 187
9 162 163 165 169 175 182 185 189 191
11 160 162 168 169 172 174 175 176 180 189 191
8 157 167 174 180 183 186 190 192
10 157 158 162 167 172 176 182 184 191 192
12 160 162 164 167 170 171 178 179 181 183 185 193
25 157 159 161 163 165 166 169 171 172 173 175 176 177 178 179 180 181 182 183 184 186 187 188 191 192
7 156 158 159 169 170 190 191
1 184
8 158 160 168 181 182 186 191 192
7 157 160 174 177 186 191 192
7 162 164 165 168 172 178 193
13 158 161 162 166 168 171 175 177 178 181 187 188 189
9 159 168 169 172 175 182 184 189 190
25 156 158 159 160 161 162 164 165 166 167 168 169 170 171 173 175 179 183 184 185 188 189 190 192 193
10 160 164 168 170 173 174 175 177 183 188
13 160 161 162 164 166 171 174 175 185 188 189 190 192
9 157 160 162 163 173 180 183 184 191
25 157 159 160 161 162 163 166 167 168 169 170 171 172 173 174 179 180 182 184 185 186 188 189 192 193
7 162 163 165 167 173 181 186
17 156 157 158 161 163 165 166 173 174 176 177 180 186 187 188 191 192
9 160 166 168 174 176 177 187 188 193
6 162 176 181 183 186 187
13 156 158 161 165 166 167 171 174 178 185 186 189 190
14 156 158 163 165 167 171 172 178 179 180 181 183 184 190
13 156 159 163 165 169 171 179 180 181 185 186 189 190
14 159 161 162 163 164 165 166 170 172 179 180 186 190 192
10 159 160 166 173 178 181 189 190 191 193
13 156 159 160 165 168 169 170 174 175 179 181 183 184
5 159 161 164 179 188
9 159 162 164 166 168 179 181 182 184
11 157 158 174 176 183 184 185 187 189 191 193
9 157 158 162 164 166 167 178 191 193
9 163 173 176 177 182 185 187 188 189
8 158 171 172 175 176 180 185 189
18 156 157 158 160 162 163 164 168 172 175 177 179 181 182 187 188 189 193
18 156 157 158 159 161 166 169 171 173 175 176 180 181 182 183 187 188 189
8 156 166 167 178 183 185 186 193
26 156 157 158 160 161 162 164 165 166 167 168 169 172 175 176 177 178 179 180 181 182 186 190 191 192 193
7 161 171 172 180 186 190 192
13 156 158 164 165 175 176 177 178 181 183 187 190 191
12 159 163 170 171 173 174 183 184 185 187 188 189
12 156 165 166 175 176 178 179 182 185 187 191 193
8 168 176 179 182 187 188 192 193
7 159 161 173 182 185 189 192
13 159 162 164 171 174 177 181 182 183 184 188 191 192
16 157 160 161 165 166 168 171 174 176 177 181 182 184 185 190 193
7 171 174 178 188 189 192 193
9 157 159 172 176 177 180 183 184 192
12 156 160 161 165 167 168 173 176 178 180 189 193
5 167 170 177 190 192
8 159 164 169 170 172 175 177 181
13 156 158 162 167 169 172 175 178 179 180 186 188 189
11 161 162 163 168 172 175 179 185 186 187 192
13 156 158 160 162 164 167 168 170 174 185 189 190 193
11 156 158 159 160 161 168 170 178 181 184 187
16 157 161 162 163 165 169 170 171 174 175 177 184 185 187 189 193
8 159 173 174 180 184 185 190 191
11 160 163 164 165 167 168 169 180 188 189 192
19 157 160 162 163 164 167 168 169 171 172 173 177 180 181 186 188 189 190 192
15 156 158 163 165 168 170 172 176 177 178 179 180 187 191 193
20 156 157 158 159 161 166 170 171 172 173 174 175 177 178 179 182 185 190 191 193
14 157 158 163 165 170 171 173 177 181 182 184 187 190 192
8 157 162 164 169 170 175 186 191
9 159 163 164 170 173 183 187 191 192
8 160 163 174 179 184 185 186 191
14 160 161 163 165 167 168 170 173 178 181 186 188 189 193
13 157 163 172 174 176 177 178 180 181 182 186 187 191
10 164 166 171 172 173 176 177 179 188 193
10 157 159 167 169 173 181 182 183 184 186
14 156 161 163 165 167 169 170 173 178 183 187 188 190 193
5 161 166 178 187 193
12 161 165 166 167 169 170 171 176 178 183 186 192
7 156 159 166 172 173 180 183
7 164 167 176 178 179 188 190
13 156 160 167 168 169 171 173 175 177 178 181 182 188
5 162 166 169 175 182
25 156 157 159 160 163 164 165 167 169 170 172 173 174 176 179 180 182 183 184 185 186 190 191 192 193
17 156 157 158 164 165 167 169 170 171 174 176 177 180 182 183 184 188
5 169 172 175 182 184
3 159 161 179
6 168 176 179 187 192 193
4 159 161 164 179
11 156 158 160 162 164 167 170 185 189 190 193
3 158 161 174
4 166 178 187 193
5 158 164 166 167 191
10 156 158 164 167 168 170 174 185 189 190
7 156 158 160 170 178 181 187
10 161 165 166 167 170 171 176 178 183 186
5 156 158 169 190 191
11 157 158 166 170 172 175 179 185 186 187 190
9 163 165 169 171 180 181 186 189 190
3 174 178 189
5 157 164 169 170 191
10 156 158 160 162 167 170 174 189 190 193
5 176 177 180 184 192
4 159 174 185 190
7 162 167 178 181 183 185 193
11 156 158 161 167 171 174 178 185 186 189 190
11 156 161 163 165 167 169 173 178 188 190 193
7 163 165 169 182 185 189 191
8 161 162 163 166 172 179 186 190
12 158 163 165 168 170 172 176 177 178 179 187 193
6 174 178 188 189 192 193
8 161 163 170 173 186 188 189 193
15 159 160 165 172 173 174 176 179 180 183 184 185 191 192 193
11 156 158 167 169 172 175 179 180 186 188 189
14 159 163 166 169 171 175 176 177 179 182 184 186 188 192
8 163 172 174 177 178 181 182 186
4 160 174 179 184
3 171 174 193
7 157 165 170 171 173 181 184
6 173 176 177 179 188 193
4 176 177 182 187
3 162 186 187
4 179 182 187 188
18 157 163 165 166 172 173 175 176 177 178 180 181 182 183 184 186 187 188
9 162 164 171 174 177 181 182 191 192
17 156 157 158 159 161 166 171 172 173 174 177 179 182 185 190 191 193
5 157 160 186 191 192
11 156 158 168 170 172 176 177 178 180 187 191
11 156 158 163 165 168 176 177 179 180 191 193
8 156 158 162 167 172 179 188 189
7 156 159 165 171 180 181 190
7 160 164 168 170 173 175 188
9 160 162 167 171 178 179 181 183 185
6 157 160 162 163 184 191
18 157 159 163 165 169 171 173 175 176 177 179 181 182 183 186 187 188 192
7 159 163 170 173 183 187 192
4 158 159 174 183
14 156 161 162 164 165 166 168 169 171 173 179 185 190 192
4 159 161 173 185
7 159 162 164 174 177 183 184
5 157 174 177 186 191
4 173 180 183 191
6 164 167 178 179 188 190
7 157 160 162 163 183 184 191
4 162 164 175 191
6 171 172 175 176 185 189
12 156 157 158 159 161 166 171 173 176 181 182 183
8 157 174 176 183 184 187 189 191
5 157 160 174 177 186
6 157 158 176 183 184 185
11 156 158 161 165 166 167 171 185 186 189 190
3 162 175 182
11 157 158 163 166 169 170 172 179 185 186 187
10 159 163 170 173 174 183 184 185 187 188
9 158 161 162 168 175 177 178 187 189
4 167 177 190 192
6 156 160 161 168 176 180
7 160 166 168 174 176 188 193
9 160 162 169 172 174 176 180 189 191
12 156 165 168 170 172 176 177 178 179 187 191 193
8 164 171 177 182 184 188 191 192
4 160 186 191 192
7 162 163 172 179 185 186 187
5 158 160 168 182 186
7 156 158 164 167 170 174 193
13 157 160 161 164 168 172 175 180 182 183 184 185 187
5 163 165 173 181 186
9 156 159 165 171 179 180 185 186 189
7 156 161 170 173 187 188 190
10 156 165 166 175 176 178 179 182 185 191
2 166 193
5 162 164 165 168 172
5 172 174 180 189 191
4 162 165 172 193
13 166 169 171 172 176 177 178 179 180 182 184 188 192
6 165 168 173 176 178 180
6 157 159 176 177 180 192
5 162 167 173 181 186
13 156 157 158 164 165 167 171 174 176 177 180 183 184
5 157 162 173 183 191
5 176 181 183 186 187
8 158 164 165 175 177 178 183 190
20 160 162 166 167 168 169 170 171 172 173 174 180 182 184 185 186 188 189 192 193
9 157 163 170 171 173 177 187 190 192
4 161 173 182 185
5 157 162 164 175 191
9 157 158 169 175 179 185 186 187 190
8 156 158 162 167 169 178 186 188
5 162 165 168 178 193
3 171 180 190
7 162 168 175 179 186 187 192
14 156 160 164 165 167 168 170 173 175 183 184 188 189 192
8 162 168 175 179 185 186 187 192
10 156 158 167 171 172 179 180 181 183 190
15 157 162 163 164 167 168 169 171 172 173 177 181 188 189 190
9 161 162 171 175 178 181 187 188 189
6 156 160 161 168 176 189
7 156 167 168 173 178 181 182
4 171 178 192 193
3 156 158 170
10 156 159 160 165 168 169 174 175 183 184
4 170 172 175 181
9 160 161 167 173 176 178 180 189 193
13 157 162 163 165 169 171 174 175 184 185 187 189 193
14 157 160 161 165 166 168 171 174 176 181 184 185 190 193
6 169 170 171 183 186 192
22 156 158 159 160 161 162 165 166 167 168 169 170 171 173 175 183 184 185 188 189 190 192
11 160 161 163 165 167 168 173 178 181 188 189
4 176 182 187 192
19 156 157 159 163 164 167 169 172 176 179 180 182 183 184 186 190 191 192 193
14 156 157 158 160 162 163 164 177 179 181 187 188 189 193
10 157 158 163 165 171 173 177 181 182 184
16 157 159 163 166 169 175 176 177 180 181 184 186 187 188 191 192
13 157 159 161 163 171 175 176 178 180 181 183 186 188
5 164 172 176 188 193
6 158 160 168 181 186 191
9 156 158 163 165 168 170 176 177 193
8 163 165 170 176 177 178 187 193
7 156 162 164 168 185 190 193
5 159 161 173 182 189
8 157 176 183 184 187 189 191 193
2 170 177
21 156 158 159 161 162 164 165 166 168 169 170 171 175 179 183 185 188 189 190 192 193
4 163 177 185 188
4 158 160 168 182
15 157 158 159 161 166 171 173 175 176 180 181 182 187 188 189
6 156 158 164 171 190 191
4 167 170 190 192
5 160 174 177 186 192
21 156 159 160 163 164 165 167 170 172 173 174 179 180 182 183 184 185 186 191 192 193
21 157 159 161 162 166 167 169 171 172 173 174 179 180 182 184 185 186 188 189 192 193
4 161 173 182 185
4 156 159 180 183
11 156 162 167 169 172 175 178 179 180 186 189
6 162 167 172 176 182 191
8 156 161 167 168 176 178 180 193
9 158 159 161 166 171 175 176 182 188
9 162 169 172 174 175 176 180 189 191
3 156 166 172
6 164 166 172 173 177 193
9 158 170 173 177 181 182 187 190 192
7 159 163 170 173 183 187 191
8 160 164 170 173 174 175 177 183
9 158 163 174 176 177 180 186 187 188
7 160 163 164 165 168 169 192
5 157 160 177 186 192
5 178 188 189 192 193
5 159 177 180 183 192
19 156 157 159 160 163 167 169 170 172 173 176 177 179 181 182 183 185 187 191
16 157 158 159 161 162 163 164 167 170 171 172 176 177 180 187 190
13 156 159 168 169 176 177 178 180 181 185 186 188 191
19 156 157 158 161 162 163 167 169 174 175 177 179 180 182 183 185 189 191 193
23 156 158 159 160 162 165 169 171 172 173 175 177 178 179 180 181 183 184 189 190 191 192 193
21 156 157 158 160 163 164 166 169 170 172 174 175 177 178 180 181 184 185 188 190 191
20 156 157 158 159 162 164 165 168 169 172 176 178 180 182 183 186 187 189 190 193
16 159 160 161 166 170 171 173 176 178 180 181 185 186 187 188 190
17 158 160 162 163 164 165 167 168 178 179 181 184 187 188 189 190 193
18 158 159 163 165 166 173 175 176 178 180 181 182 183 186 187 189 191 193
18 156 159 160 163 164 165 166 167 169 171 175 177 178 180 182 187 189 191
11 158 160 163 164 168 169 172 174 185 187 189
14 156 157 163 164 167 168 172 174 180 181 182 185 192 193
22 157 159 161 167 168 169 170 171 173 175 176 179 180 181 182 183 185 187 188 190 191 193
13 156 160 170 177 178 179 180 181 184 186 187 188 191
18 157 158 159 160 161 165 166 167 169 174 176 178 180 181 182 183 185 189
21 157 160 163 164 165 167 171 172 173 174 175 176 178 180 181 182 184 185 186 187 193
23 156 157 158 159 161 163 164 165 167 169 170 171 173 174 175 177 179 180 183 184 186 187 192
17 156 157 158 159 163 164 165 167 169 171 176 178 179 182 191 192 193
21 156 157 162 163 164 169 171 172 173 174 178 179 180 182 183 185 186 188 190 192 193
24 156 157 158 161 162 163 164 165 166 167 168 169 170 172 179 180 181 184 186 188 189 190 192 193
21 156 157 158 160 161 162 163 164 165 166 167 168 170 171 174 175 177 178 179 185 191
25 161 162 165 166 167 168 169 172 175 176 178 179 180 181 182 183 185 186 187 188 189 190 191 192 193
22 156 157 158 162 163 164 165 167 168 171 173 174 175 178 180 181 183 184 185 190 191 193
23 159 160 163 164 165 169 170 171 173 174 175 177 179 180 181 183 184 186 187 188 189 190 192
19 156 157 160 161 164 165 166 167 176 177 178 180 181 182 185 189 190 191 192
23 156 159 161 164 166 167 169 172 173 174 175 177 178 181 182 184 185 186 187 188 190 192 193
23 156 157 158 159 161 162 165 166 168 170 171 172 173 174 177 182 186 187 189 190 191 192 193
14 157 161 168 169 172 173 177 180 182 183 187 188 191 193
16 156 160 161 164 165 166 170 171 173 174 176 177 185 187 190 191
24 156 161 162 164 165 166 167 168 170 171 172 173 174 178 180 183 184 186 187 188 189 191 192 193
20 156 157 158 160 162 163 165 166 169 175 176 178 179 181 182 184 188 189 192 193
22 157 159 161 163 164 165 166 167 168 169 173 174 176 177 178 179 183 185 186 188 189 191
23 156 157 159 160 162 165 167 168 172 173 175 177 178 179 182 183 184 186 187 189 190 192 193
18 157 159 160 161 164 165 167 168 177 181 182 183 187 188 189 190 191 192
11 163 168 169 172 173 179 187 188 189 190 193
15 157 158 162 164 172 175 176 178 179 180 188 189 190 191 193
17 158 159 160 161 166 168 170 176 177 181 183 185 186 187 188 192 193
15 158 160 161 162 163 164 165 167 168 177 181 185 190 192 193
23 156 157 159 161 162 163 164 165 166 168 170 171 174 176 177 181 182 185 186 187 190 191 192
19 158 159 161 164 165 167 170 171 175 176 177 178 179 182 183 184 187 190 191
17 159 161 164 170 172 173 174 176 179 180 182 183 184 185 186 191 192
22 158 160 161 162 164 165 166 169 171 177 178 179 180 184 185 186 188 189 190 191 192 193
18 156 158 160 161 165 166 170 171 173 175 179 180 181 182 183 185 190 193
20 156 159 160 164 165 167 170 171 172 174 175 176 179 180 181 182 185 187 192 193
24 156 159 161 162 163 164 165 167 168 170 172 173 178 179 181 182 184 185 187 188 189 190 191 193
16 159 161 162 163 165 167 169 171 173 174 179 181 187 188 190 191
17 156 157 161 162 163 167 168 169 170 174 176 179 181 183 187 189 191
16 156 157 160 162 167 168 169 172 173 174 181 182 185 186 192 193
15 159 160 165 166 168 171 172 176 181 182 184 188 189 192 193
16 158 159 162 164 165 168 170 173 177 179 181 183 189 190 192 193
18 157 160 162 164 167 168 173 174 175 177 178 179 181 185 188 189 191 192
13 161 162 163 165 174 175 177 180 182 184 185 186 187
14 163 164 169 172 177 179 181 182 183 186 187 189 191 193
23 156 157 159 162 164 165 166 168 169 170 171 172 173 174 176 181 182 184 187 188 190 191 193
15 161 162 163 165 168 175 178 179 182 183 184 186 187 188 192
19 157 158 164 165 166 168 169 171 172 176 177 180 181 182 184 185 190 191 192
15 157 160 163 164 168 170 172 174 176 178 179 186 187 189 190
16 160 163 164 168 170 174 179 180 182 184 187 188 189 190 191 192
17 157 160 161 164 166 167 169 171 173 175 177 178 184 185 190 192 193
15 156 157 160 161 163 164 165 166 169 170 183 185 186 189 190
15 156 158 161 162 165 166 168 170 172 175 178 180 186 187 190
23 157 158 159 161 162 164 165 167 168 169 170 175 176 178 180 181 183 185 186 189 190 192 193
12 160 161 164 165 169 173 175 179 185 186 187 188
17 156 157 159 160 161 162 165 167 169 177 178 179 180 182 187 189 193
15 156 157 158 159 162 164 165 172 175 176 177 179 180 187 192
22 156 157 158 160 161 162 163 164 165 166 167 170 171 173 177 179 181 184 187 189 191 192
18 157 158 160 161 162 163 167 168 169 174 175 178 180 184 185 187 192 193
19 156 157 159 160 162 166 167 168 169 174 176 177 179 183 184 185 186 192 193
23 160 163 166 169 171 172 173 174 175 176 178 181 182 183 184 185 186 187 189 190 191 192 193
22 158 159 160 161 162 163 165 166 167 170 171 172 173 174 179 180 183 185 186 188 191 193
26 156 157 158 159 160 162 164 166 168 169 170 171 172 175 178 179 180 181 182 183 185 187 188 189 191 192
12 156 157 158 159 166 167 173 174 178 179 184 186
16 156 157 158 160 162 166 169 172 173 177 179 182 185 186 189 192
20 157 158 159 160 161 162 164 165 166 168 170 175 176 181 183 184 187 188 190 193
19 158 160 163 165 166 167 168 170 173 175 177 179 181 182 184 186 187 189 192
15 157 158 159 164 165 166 167 171 172 178 181 182 184 190 191
23 158 160 162 164 166 167 168 169 171 173 174 176 178 180 181 182 183 184 186 187 189 190 191
24 156 157 159 161 163 164 167 170 173 174 175 176 177 178 179 180 181 182 183 185 188 189 190 191
12 163 168 170 174 176 178 179 180 185 187 188 190
23 156 157 158 160 161 162 163 165 169 170 171 172 174 175 177 180 181 183 184 186 188 189 193
21 156 157 158 162 164 169 170 172 173 174 176 178 180 181 183 185 186 188 189 190 193
25 156 157 160 161 163 164 166 167 168 170 173 174 177 179 180 182 183 186 187 188 189 190 191 192 193
24 156 157 159 161 162 163 165 166 167 169 170 174 175 177 181 182 184 186 187 189 190 191 192 193
24 157 158 160 163 165 166 167 168 169 170 171 175 179 180 181 182 183 184 186 187 189 190 191 192
13 156 157 160 164 166 167 175 176 177 178 183 187 192
25 158 159 160 161 162 163 164 165 166 168 169 171 172 173 175 176 177 181 183 186 188 189 191 192 193
11 157 158 163 170 174 176 177 180 181 183 190
19 158 161 162 163 165 170 171 175 176 178 179 180 183 184 185 187 189 190 191
15 158 160 161 163 165 167 172 174 175 177 182 185 186 189 193
23 157 158 159 161 162 163 166 167 168 169 170 171 173 179 181 183 184 185 186 187 188 190 192
21 156 158 159 160 162 163 164 165 169 170 172 174 175 176 177 179 180 185 188 189 193
25 156 157 158 160 161 162 163 164 165 166 168 169 172 173 175 176 180 181 183 184 186 188 189 190 193
11 158 161 162 166 167 172 177 178 182 188 193
22 157 158 159 160 161 164 165 166 168 170 171 173 174 175 176 181 182 184 186 188 190 192
13 157 159 165 167 169 171 173 174 178 181 182 186 193
20 156 158 161 162 167 168 170 173 175 177 179 180 182 184 185 187 189 191 192 193
22 156 157 158 159 165 167 168 169 170 171 173 174 176 178 180 181 182 183 186 187 188 192
14 156 161 162 163 164 165 168 171 173 175 177 178 187 193
23 156 158 159 161 162 163 165 166 169 170 171 173 175 177 179 180 182 183 185 186 187 191 193
19 156 158 159 161 162 166 168 170 173 175 176 178 180 182 183 187 189 190 192
21 156 158 159 161 162 164 165 166 167 170 171 174 176 179 180 182 183 184 189 191 192
11 156 158 161 162 166 167 169 173 179 187 188
13 159 160 163 165 166 172 173 176 180 181 183 184 190
18 156 158 159 160 166 167 170 173 175 176 177 178 179 181 185 190 191 192
18 156 159 164 168 169 175 177 179 180 182 183 184 185 187 189 190 191 193
25 156 157 159 160 162 163 167 169 170 171 172 174 176 177 178 179 180 182 183 184 185 188 190 192 193
24 157 158 159 160 161 162 164 165 166 167 168 170 172 173 176 177 179 180 183 185 188 190 192 193
21 156 158 159 161 163 166 167 168 169 173 175 176 177 181 183 186 187 188 189 191 193
15 156 158 159 160 161 164 166 167 173 177 181 185 190 191 192
17 159 161 163 164 167 168 169 170 173 174 175 176 182 183 185 187 192
12 160 163 164 167 174 176 182 183 184 190 192 193
23 157 158 161 162 163 165 166 167 168 172 173 175 176 178 179 180 182 183 187 189 190 191 192
24 156 157 159 160 161 163 164 166 167 169 170 173 176 179 180 181 182 183 184 185 187 188 189 191
13 159 160 164 168 170 174 175 177 179 181 185 187 189
11 156 157 162 163 165 170 173 178 179 190 191
18 160 162 163 168 170 172 174 178 180 181 182 183 184 185 187 188 191 192
13 159 160 163 165 166 167 168 173 178 179 184 187 189
20 157 158 159 164 167 168 172 174 175 176 180 182 184 185 187 188 189 191 192 193
17 156 158 162 163 165 170 173 180 181 182 183 184 185 189 190 191 192
15 158 165 166 168 169 172 178 179 180 181 186 188 189 191 192
21 156 158 161 162 165 169 170 171 172 173 174 175 177 178 181 182 183 186 188 190 192
24 156 159 161 162 163 165 167 168 169 170 174 178 179 180 181 183 185 187 188 189 190 191 192 193
21 156 157 160 161 164 167 168 172 174 180 181 182 184 185 186 187 188 190 191 192 193
17 157 158 161 165 170 172 173 174 175 176 177 182 183 184 186 189 191
12 164 165 166 167 174 175 176 182 186 188 189 191
13 156 160 163 164 167 169 172 176 181 182 185 186 187
22 157 158 159 166 167 168 170 171 172 173 174 178 180 181 183 184 185 187 188 189 191 192
12 156 159 160 165 168 171 174 177 180 184 192 193
23 156 157 158 159 162 163 165 166 168 169 170 174 177 178 180 181 185 186 187 188 190 192 193
22 156 157 159 160 162 163 164 166 168 169 172 173 176 177 178 179 180 182 186 187 188 193
17 156 160 161 165 170 176 177 179 180 181 182 183 184 186 189 191 193
17 158 159 165 169 170 171 172 175 176 178 179 182 183 185 187 188 190
24 157 160 161 163 165 166 167 168 170 171 172 173 174 175 176 177 181 182 185 186 188 189 190 192
14 157 159 163 168 170 171 172 174 177 178 186 187 188 189
18 156 158 159 160 161 163 165 166 171 172 174 176 177 178 182 183 189 193
13 156 158 160 162 163 164 167 172 179 182 186 188 189
13 162 166 167 169 170 171 173 175 180 181 182 187 191
20 157 158 159 161 162 164 166 167 171 172 173 174 175 176 179 181 184 185 188 190
23 158 159 160 161 163 164 165 168 169 170 171 174 175 177 178 179 181 182 183 184 187 190 191
18 157 158 160 162 164 165 168 169 171 172 173 175 177 179 182 186 191 192
15 156 157 162 164 169 170 171 175 178 179 181 184 186 187 189
13 158 159 160 164 167 170 172 173 175 176 178 186 188
12 157 162 165 167 171 177 181 182 185 186 189 193
14 164 165 166 168 170 179 183 184 185 186 187 190 192 193
15 156 159 161 162 163 171 172 173 174 176 178 181 183 190 191
26 157 158 159 163 164 165 166 168 169 170 172 173 175 176 177 179 180 181 182 184 187 188 190 191 192 193
17 158 159 160 163 167 170 171 173 175 178 180 181 183 189 191 192 193
11 162 164 165 168 174 183 186 187 189 190 193
25 156 157 158 159 160 161 162 164 165 168 169 171 173 175 176 177 182 183 184 185 187 189 191 192 193
20 156 160 161 162 168 170 171 173 175 176 178 179 180 182 183 184 185 189 190 193
21 156 157 159 160 161 162 163 164 165 168 170 173 177 178 180 181 182 183 185 190 193
26 156 157 161 162 163 164 165 166 167 169 172 173 175 177 178 179 180 183 185 186 187 188 189 190 191 193
13 156 159 161 162 173 174 175 178 183 184 186 191 193
12 157 161 164 166 167 170 174 183 185 186 189 190
17 156 159 161 162 166 167 169 170 171 172 174 175 176 180 183 186 191
21 156 157 158 159 160 164 166 172 173 176 177 178 181 182 183 184 185 186 188 192 193
14 156 157 158 159 160 164 165 166 174 176 178 186 192 193
16 157 158 159 162 164 165 167 168 172 174 175 177 178 182 191 193
19 158 161 167 168 169 171 172 173 176 177 178 179 182 185 186 189 190 192 193
12 159 164 165 167 169 171 173 177 178 179 180 193
21 158 159 160 163 165 169 172 174 175 176 178 179 180 181 182 184 186 187 188 189 190
13 157 162 164 165 167 168 173 176 178 183 184 190 191
13 157 158 161 162 167 169 170 173 177 180 182 184 190
20 157 158 159 160 161 162 164 166 168 169 170 173 177 178 180 181 182 184 189 193
10 195 203 210 219 222 225 228 235 239 247
6 201 218 230 235 240 243
14 195 197 204 209 210 216 219 223 225 229 233 234 241 247
13 194 195 198 200 219 221 222 225 226 230 233 237 245
13 197 202 204 207 208 212 221 229 236 239 240 242 246
21 197 199 200 205 208 209 211 212 214 218 219 221 222 224 225 234 238 239 242 243 244
31 196 198 200 201 202 204 206 207 208 210 213 214 217 220 221 222 223 226 227 228 230 231 235 236 237 239 240 241 242 244 246
18 194 195 200 203 215 217 222 224 225 227 228 229 231 234 236 237 244 247
16 194 196 198 199 203 206 207 209 210 213 217 229 234 236 237 239
22 196 198 199 201 204 214 215 216 217 218 220 221 227 229 230 233 234 236 238 243 244 245
18 196 197 199 200 205 206 208 213 214 223 225 228 232 233 239 243 244 247
23 194 195 199 201 204 206 207 210 211 212 214 215 220 222 225 227 229 230 232 235 239 240 245
6 205 208 212 217 218 222
19 194 196 198 203 215 216 220 223 226 227 230 231 232 233 235 236 241 246 247
31 194 196 197 199 201 202 203 207 208 211 212 215 219 220 221 222 223 224 225 226 227 228 230 231 232 237 238 239 244 246 247
23 195 199 201 202 204 205 206 208 209 212 221 223 225 227 230 233 235 238 239 240 242 246 247
6 201 226 227 231 235 247
17 195 199 200 207 208 216 217 218 223 224 226 231 233 234 237 240 245
27 194 195 196 197 199 200 203 207 210 213 215 219 220 221 226 228 229 232 233 235 237 240 241 242 243 245 247
31 194 196 197 198 200 203 207 210 211 213 214 215 216 217 218 219 220 222 224 226 228 229 231 232 234 236 237 241 243 244 245
23 195 198 200 204 205 206 209 210 213 214 216 217 218 229 233 234 235 236 240 241 242 243 245
28 195 196 198 199 200 202 206 207 208 210 211 215 222 225 227 228 229 232 234 236 237 238 241 242 244 245 246 247
28 194 195 197 199 201 202 204 205 206 207 214 216 217 221 222 224 229 230 232 235 238 239 240 241 242 243 244 247
19 194 195 196 197 200 202 203 209 213 215 221 222 226 230 233 234 235 239 245
17 194 195 208 210 213 215 216 221 225 228 229 231 235 236 239 243 247
24 194 195 196 197 198 199 200 205 207 209 210 214 217 221 223 224 225 226 228 230 234 241 242 244
18 199 202 203 205 206 207 211 212 214 217 224 227 228 231 240 243 244 246
22 196 201 202 205 206 215 216 217 219 220 222 226 227 228 231 235 236 238 242 244 245 247
14 204 210 214 220 223 224 230 233 235 237 238 239 241 246
14 208 211 214 216 218 222 223 224 225 227 231 234 239 244
14 194 202 203 206 210 214 219 221 222 223 236 237 238 246
23 194 195 197 199 203 205 209 211 212 215 216 218 219 224 225 229 232 233 234 238 243 245 247
11 195 207 212 216 220 229 238 239 243 244 246
13 195 199 200 205 207 208 215 216 218 234 239 243 244
14 203 206 209 218 219 220 223 230 232 233 234 235 238 247
31 196 197 198 200 202 203 205 208 209 213 216 217 218 219 221 223 224 226 228 231 233 234 236 237 238 241 242 243 244 246 247
18 198 199 202 204 205 208 210 211 219 221 222 233 235 236 237 240 245 247
25 194 196 197 200 201 203 206 209 213 214 215 217 218 223 224 225 226 227 228 230 231 232 234 241 242
14 195 201 202 204 206 207 210 213 217 228 229 237 240 245
11 199 205 211 212 214 217 219 223 228 237 247
17 197 198 202 204 205 206 209 211 212 214 221 222 227 228 230 236 243
36 194 197 198 199 203 204 207 208 209 210 211 213 214 216 217 218 219 220 221 222 223 225 226 227 228 229 230 231 232 234 238 240 241 245 246 247
14 204 206 208 216 218 220 225 227 229 231 236 242 243 244
15 201 202 203 204 206 219 220 222 223 230 234 238 240 241 245
20 194 196 201 203 210 213 215 219 220 225 229 232 235 238 239 241 242 244 246 247
7 200 203 208 220 231 234 246
25 195 196 197 199 200 203 210 216 219 221 226 227 228 230 234 235 236 238 240 241 242 244 245 246 247
14 195 196 199 201 205 210 214 225 227 237 241 243 244 245
30 201 202 203 204 206 208 211 212 213 215 216 218 219 220 222 227 229 231 232 233 235 236 237 238 239 240 243 245 246 247
17 194 195 199 200 201 211 215 226 227 228 229 231 236 240 243 244 245
10 198 201 207 210 224 232 238 240 241 246
23 196 197 201 204 208 209 210 213 215 216 218 220 223 229 232 234 235 236 238 239 241 242 247
29 194 198 201 202 204 205 206 207 208 209 211 212 213 214 215 217 218 220 222 223 224 225 229 231 232 233 237 239 243
13 194 198 200 211 213 215 216 217 222 224 226 228 231
22 196 197 198 199 200 205 207 209 211 212 214 217 218 224 226 227 232 233 237 242 244 246
12 196 198 199 205 211 217 218 227 230 238 239 242
17 194 200 202 206 207 212 213 215 220 221 222 224 228 232 237 240 245
19 196 198 209 210 211 212 213 215 218 219 223 225 226 227 228 233 236 237 245
9 197 202 206 207 209 213 226 231 241
13 194 198 207 209 216 220 222 226 234 235 236 238 245
17 196 197 198 202 203 206 207 209 213 216 219 221 225 232 234 242 247
7 197 201 202 213 219 239 246
11 201 203 208 214 226 231 235 236 243 244 246
4 204 217 242 246
18 195 196 200 201 202 205 206 212 215 224 233 235 236 237 239 242 243 244
32 194 195 197 198 199 200 203 204 207 208 209 210 211 212 213 214 218 221 223 224 225 229 230 232 233 234 237 239 240 241 243 246
14 201 211 215 216 218 219 222 225 228 230 233 240 241 242
24 195 197 200 202 204 205 208 212 214 220 221 223 224 226 227 231 232 235 238 243 244 245 246 247
19 195 201 202 203 210 211 212 215 218 219 221 224 227 229 230 231 237 240 241
13 198 201 202 204 205 206 209 212 217 230 236 238 246
20 194 197 203 204 205 209 212 213 214 216 217 219 220 221 223 224 226 231 233 239
29 196 198 199 204 205 206 207 208 209 210 211 212 214 216 218 220 221 223 226 230 232 233 235 238 240 241 242 243 245
13 194 200 205 208 211 212 223 224 232 237 240 242 246
21 196 197 198 204 209 211 212 213 217 220 224 225 228 229 230 232 233 240 241 242 245
10 205 206 213 214 223 225 228 232 239 243
3 204 217 246
20 202 205 208 213 217 218 219 223 224 226 228 231 233 236 237 238 241 242 243 244
8 211 215 216 218 219 222 240 242
17 196 201 203 213 215 219 220 225 229 232 235 239 241 242 244 246 247
14 194 195 199 200 201 211 226 227 229 231 236 240 243 245
10 203 210 219 229 235 238 239 241 242 246
3 197 219 239
10 201 211 215 216 219 222 230 233 240 242
14 199 205 209 211 212 214 218 219 224 225 234 238 242 243
21 195 197 200 202 204 205 208 212 220 223 224 226 227 231 232 238 243 244 245 246 247
14 194 196 201 203 213 215 219 225 229 232 238 239 246 247
22 197 199 204 208 209 213 214 216 219 220 221 223 225 226 228 229 230 232 234 241 245 247
4 201 218 235 243
17 195 199 201 202 205 206 208 221 223 225 227 233 239 240 242 246 247
9 200 202 206 213 221 224 228 232 245
16 196 197 198 199 200 207 209 210 214 217 223 225 226 241 242 244
8 198 200 213 215 217 222 224 226
5 205 212 217 218 222
8 195 208 210 215 216 221 235 243
9 205 211 212 223 224 232 237 240 242
15 195 196 200 201 202 205 206 224 233 235 236 239 242 243 244
15 195 201 203 210 211 215 218 219 224 227 229 230 237 240 241
16 194 196 197 201 203 213 214 215 217 218 223 224 226 230 234 241
25 197 200 202 203 205 208 216 217 219 221 223 224 228 231 233 234 236 237 238 241 242 243 244 246 247
14 196 197 204 208 209 213 223 229 234 236 238 239 241 247
10 203 206 218 219 220 223 230 233 235 247
14 195 199 207 208 216 218 223 224 226 231 233 234 237 245
9 201 203 219 220 223 234 238 241 245
6 203 208 214 226 231 246
11 196 203 210 219 220 225 235 238 239 242 244
15 198 199 202 204 205 208 210 219 221 222 235 236 240 245 247
12 195 200 204 205 213 214 233 235 236 240 241 243
8 194 214 221 222 223 236 237 246
13 197 200 204 205 212 214 220 221 223 224 231 235 238
18 196 197 201 204 208 209 210 213 215 216 220 229 234 235 236 238 239 241
2 204 242
9 210 220 223 224 230 233 235 237 241
7 195 203 219 222 225 228 247
10 194 205 208 211 212 223 224 232 237 240
14 197 198 202 204 206 211 212 214 221 222 228 230 236 243
11 195 199 200 207 208 216 218 224 226 240 245
19 195 198 200 204 205 206 209 210 213 214 217 229 233 234 236 240 242 243 245
8 208 216 218 223 224 227 234 239
10 194 196 199 203 206 209 210 213 234 236
5 201 218 230 235 240
16 195 196 199 210 219 221 227 228 230 235 238 240 244 245 246 247
10 194 217 222 224 225 229 231 236 244 247
17 194 197 203 204 205 209 212 213 216 217 220 221 223 224 226 233 239
3 208 212 222
3 201 219 239
5 199 205 211 212 223
11 198 202 204 205 206 209 212 217 230 238 246
18 195 196 197 199 200 203 210 213 219 221 226 229 232 233 241 242 243 247
7 195 210 214 225 227 241 243
16 196 197 198 204 209 213 220 224 225 230 232 233 240 241 242 245
3 201 218 240
18 194 195 207 210 211 212 214 215 220 225 227 229 230 232 235 239 240 245
12 195 208 210 213 221 225 228 229 231 236 239 243
13 197 201 204 208 209 213 216 220 229 235 236 238 239
7 198 201 207 210 232 240 241
12 195 202 205 215 224 233 235 237 239 242 243 244
10 195 199 201 210 214 225 237 241 244 245
17 195 200 205 206 209 210 214 216 218 229 233 235 236 240 241 242 245
3 205 208 217
13 197 198 205 206 209 211 212 221 227 228 230 236 243
15 197 199 200 205 206 208 213 214 223 232 233 239 243 244 247
16 198 201 202 204 205 206 207 208 209 211 213 214 215 232 233 243
4 200 208 234 246
9 195 203 224 225 228 229 236 244 247
22 196 200 201 202 204 207 208 213 214 220 221 222 223 227 228 230 231 235 237 240 242 246
18 196 198 204 209 211 212 213 217 220 224 225 228 229 232 233 241 242 245
11 203 209 218 219 220 223 230 232 233 238 247
9 203 206 207 211 217 227 228 231 243
12 200 202 205 208 212 220 226 227 231 238 243 246
17 195 196 199 219 221 226 227 228 230 235 236 238 240 241 244 245 247
20 194 195 196 197 200 203 207 213 215 219 221 229 232 233 235 237 242 243 245 247
9 198 203 206 209 210 217 234 237 239
2 204 217
9 194 205 208 211 212 223 224 240 246
7 195 203 210 222 225 235 239
8 203 209 218 223 230 233 235 238
18 196 197 204 209 211 212 213 217 224 228 229 230 232 233 240 241 242 245
14 196 197 198 202 203 207 209 213 216 219 221 232 234 247
26 196 197 198 200 202 203 205 208 209 213 216 219 221 223 224 226 228 231 233 234 236 238 242 243 244 246
10 197 202 207 208 212 221 239 240 242 246
12 197 200 205 211 212 219 221 222 224 225 238 244
11 195 201 202 204 206 207 210 228 229 237 240
13 196 198 209 212 213 215 218 219 223 225 227 228 236
8 202 207 208 212 236 240 242 246
24 198 199 204 205 206 207 208 209 210 211 214 216 218 220 221 223 232 233 235 238 240 241 243 245
26 196 198 199 204 205 206 207 208 209 210 211 214 216 218 220 221 223 230 233 235 238 240 241 242 243 245
7 194 202 210 214 222 237 246
22 196 198 200 202 203 205 209 213 216 217 221 223 224 228 231 233 234 237 238 242 244 247
14 196 197 198 202 203 209 216 219 221 225 232 234 242 247
14 196 204 209 213 216 218 220 229 232 234 235 236 241 247
13 195 200 201 211 215 226 227 228 229 236 240 244 245
7 208 214 223 224 227 231 234
4 197 213 219 239
9 208 211 216 218 223 224 225 231 244
12 195 200 202 203 209 213 221 226 233 234 239 245
19 195 199 201 202 205 206 209 221 223 225 227 230 233 235 238 239 240 242 246
12 199 200 207 216 217 224 226 233 234 237 240 245
9 195 208 221 228 229 231 236 239 243
7 211 222 223 231 234 239 244
16 196 199 214 215 216 217 218 221 227 230 233 236 238 243 244 245
14 194 195 196 202 203 213 215 221 222 226 230 233 239 245
11 198 201 204 205 209 212 217 230 236 238 246
26 194 198 199 204 207 210 211 213 214 216 217 218 219 223 225 226 227 228 229 231 232 234 240 241 245 246
13 196 197 202 206 207 209 213 216 219 225 234 242 247
14 194 201 203 206 209 215 217 223 225 226 227 228 231 232
4 201 218 230 240
2 204 246
13 195 205 211 216 218 219 225 229 233 234 238 245 247
9 197 202 203 209 221 222 234 239 245
24 196 197 200 202 203 205 208 209 218 219 223 224 226 231 233 234 236 237 238 241 242 243 246 247
13 194 200 202 213 215 220 221 224 228 232 237 240 245
7 198 211 215 217 222 224 231
5 197 202 213 219 239
11 208 216 218 222 223 225 227 231 234 239 244
10 196 197 199 208 214 232 233 243 244 247
23 194 198 201 202 204 205 206 207 209 211 213 214 215 217 218 220 222 223 224 225 229 237 243
22 196 198 200 201 202 206 207 208 210 213 217 222 223 230 231 236 237 239 240 242 244 246
9 197 204 207 208 212 221 236 239 246
12 202 203 206 214 219 221 222 223 236 237 238 246
25 194 196 197 199 201 202 203 207 208 211 212 221 223 224 226 227 228 230 231 232 238 239 244 246 247
7 203 226 231 235 236 244 246
13 195 209 213 214 216 217 229 233 235 240 241 242 243
15 198 201 202 204 205 206 209 213 218 222 223 229 231 233 239
15 198 199 202 204 205 208 210 219 221 222 236 237 240 245 247
4 202 213 219 239
3 205 217 218
10 194 207 209 216 222 226 234 235 238 245
10 197 202 204 207 208 221 236 239 242 246
19 194 197 199 203 205 209 211 212 215 216 218 219 225 233 234 238 243 245 247
14 195 201 202 203 210 211 212 218 219 221 227 230 237 240
5 201 218 230 240 243
3 208 217 218
6 207 212 239 243 244 246
13 196 197 199 200 205 208 213 214 228 233 243 244 247
5 210 224 232 238 246
12 197 198 202 204 205 206 211 212 214 227 230 236
18 196 197 199 200 219 221 226 227 228 230 234 235 236 238 240 241 245 247
15 195 199 201 204 206 207 210 211 220 222 227 229 230 232 235
15 194 196 198 203 215 216 220 226 230 231 232 233 241 246 247
8 204 214 220 224 230 238 241 246
7 197 202 206 207 209 213 231
9 200 202 203 209 215 222 226 230 235
11 194 202 203 206 210 214 219 221 222 236 237
12 196 197 198 211 220 224 225 229 230 232 240 245
20 195 197 201 204 205 207 214 216 217 221 224 229 232 238 239 240 242 243 244 247
9 207 212 216 220 229 239 243 244 246
13 194 200 203 215 222 224 227 228 229 231 234 244 247
22 196 198 204 205 207 208 209 210 211 212 214 216 220 221 226 230 232 235 241 242 243 245
23 194 196 197 199 202 203 208 211 212 219 220 224 225 226 227 228 230 232 237 239 244 246 247
16 196 198 200 206 208 210 214 217 223 226 230 231 235 240 242 244
13 194 196 201 203 209 214 215 217 218 223 224 225 227
9 194 202 203 206 214 223 237 238 246
7 214 222 224 225 231 239 244
9 200 211 213 215 216 222 224 226 231
19 199 201 204 205 206 209 212 221 223 227 230 233 235 238 239 240 242 246 247
19 197 199 200 203 216 219 221 226 227 228 230 234 235 238 240 241 242 246 247
7 203 223 232 233 235 238 247
11 206 208 216 218 220 225 227 229 231 243 244
9 195 197 209 210 219 223 225 234 247
16 194 198 204 205 209 211 212 214 215 218 220 223 225 229 239 243
20 196 199 200 210 216 219 226 228 230 234 235 236 238 240 241 242 244 245 246 247
11 201 204 214 216 218 221 230 234 236 238 243
15 199 202 203 208 211 215 223 224 225 226 230 232 238 244 246
29 194 196 197 199 202 203 204 205 206 207 210 211 212 213 214 215 216 218 224 225 227 228 229 234 237 244 245 246 247
34 194 196 197 198 199 200 202 203 205 207 208 209 210 212 213 215 217 219 220 221 222 223 224 226 229 230 232 233 234 236 237 239 245 247
22 197 199 200 202 207 212 213 214 216 221 224 228 230 233 237 240 241 242 243 244 245 247
36 194 195 197 199 200 201 203 204 205 206 207 208 209 213 216 217 218 220 222 223 224 229 232 233 235 236 237 238 239 240 241 242 244 245 246 247
29 199 202 204 205 206 207 208 209 210 212 216 218 219 220 221 222 226 227 230 231 232 236 238 240 241 243 244 245 247
23 197 203 205 206 209 211 213 216 218 219 222 223 224 225 227 228 236 238 239 240 244 246 247
19 195 197 201 202 205 209 210 214 215 216 218 222 225 228 229 233 240 241 245
22 197 202 204 207 208 209 212 214 215 216 218 219 220 223 225 227 234 239 240 241 244 246
19 198 200 202 203 205 208 218 220 221 222 226 227 228 232 236 242 244 246 247
20 196 197 199 200 202 204 208 210 214 215 217 221 223 228 230 232 234 241 242 243
27 194 196 200 203 206 207 209 214 216 218 222 224 225 227 230 231 236 237 239 240 241 242 243 244 245 246 247
23 196 197 203 205 206 207 208 209 210 219 221 224 226 227 228 229 230 231 232 233 241 243 247
17 196 203 205 208 211 213 215 216 222 224 225 228 229 235 239 243 246
29 194 195 196 197 200 202 203 208 211 212 214 217 219 221 222 224 225 227 228 229 231 232 234 235 238 239 245 246 247
28 198 199 200 201 202 203 204 205 207 208 211 213 216 217 218 219 224 225 227 228 229 232 234 235 236 237 244 245
16 197 198 199 200 202 205 210 212 219 223 225 228 234 241 242 244
35 194 197 199 200 201 203 205 207 208 209 210 211 212 213 214 218 219 220 222 223 224 225 228 231 232 233 235 236 237 239 241 242 243 246 247
37 194 195 196 198 199 200 202 203 205 206 210 212 213 214 215 216 217 218 219 222 226 227 228 230 231 232 233 234 236 237 238 240 241 243 244 245 247
22 194 196 198 199 201 205 209 212 215 217 219 220 221 222 225 226 231 232 233 238 240 246
18 196 201 204 206 208 209 213 214 216 217 220 227 232 238 240 243 246 247
21 196 204 205 209 210 214 218 220 222 223 224 226 229 231 232 236 238 239 240 246 247
17 196 200 201 202 203 206 207 214 216 220 222 230 235 240 242 245 247
22 201 210 211 214 215 217 219 220 224 225 227 228 229 230 231 233 234 235 237 242 243 246
17 195 197 198 201 207 209 213 214 217 218 219 221 232 236 241 243 245
35 194 196 198 200 203 206 208 209 211 212 213 215 218 219 220 221 222 223 224 226 227 230 232 233 234 235 236 237 239 240 241 243 245 246 247
22 194 199 201 202 203 205 209 211 214 216 217 222 227 228 229 233 234 235 236 237 239 242
34 194 195 197 200 202 204 205 206 207 208 209 210 214 215 216 217 218 219 220 221 222 223 224 225 226 228 229 231 233 236 237 239 243 245
37 194 197 198 199 200 203 206 207 208 211 212 213 215 218 220 221 222 223 224 225 226 227 229 231 232 233 234 237 238 239 240 241 242 243 244 245 247
28 194 198 200 201 203 205 206 211 214 216 217 219 221 222 223 224 225 228 230 233 236 237 238 239 240 241 242 247
25 196 199 200 202 203 204 205 206 209 210 213 214 217 218 219 221 222 223 231 233 234 237 239 242 243
17 198 199 201 202 206 207 211 214 217 218 219 227 232 237 238 240 242
34 194 195 196 198 199 200 201 202 203 206 210 212 213 214 216 217 219 222 223 224 225 226 228 229 230 233 235 236 237 240 241 242 245 246
30 195 197 199 200 202 203 205 206 207 209 211 214 220 221 222 223 224 226 227 228 231 232 233 235 236 239 242 243 244 245
20 195 196 197 198 199 201 208 212 213 218 220 222 224 225 226 227 233 236 242 245
18 194 196 199 202 203 207 209 210 212 213 215 223 226 231 234 240 241 247
31 195 199 200 204 205 206 208 209 212 213 215 217 219 222 224 225 226 228 229 230 231 233 234 235 236 237 240 242 243 244 245
33 197 199 200 201 202 203 205 206 207 208 209 212 213 214 215 216 218 219 220 221 225 227 229 231 232 233 236 237 240 241 242 243 247
20 195 202 213 214 216 217 218 220 223 224 227 230 231 235 237 238 240 244 246 247
32 199 200 203 206 207 208 210 211 213 214 216 218 219 220 221 222 223 228 229 230 232 234 235 237 238 240 241 242 243 244 246 247
34 194 195 196 197 199 200 201 203 204 205 208 210 211 213 214 218 219 220 223 226 227 230 234 235 236 237 238 239 240 241 243 245 246 247
21 198 199 201 202 203 206 207 209 213 215 217 218 219 224 226 230 232 233 234 244 247
17 197 201 203 206 208 211 212 213 220 222 225 228 234 236 239 241 245
17 205 206 207 216 217 218 220 222 224 225 227 228 230 235 237 239 246
30 194 196 197 198 199 200 203 204 206 207 210 212 213 214 216 220 226 228 233 235 236 237 238 239 240 241 242 243 244 246
27 195 196 204 207 208 209 210 211 214 215 216 218 221 224 225 228 229 230 231 232 234 238 239 241 244 245 246
17 194 195 197 198 201 204 207 208 212 213 215 229 232 235 241 243 247
25 194 195 196 197 198 199 203 205 209 214 216 217 220 221 222 223 224 225 226 227 231 232 240 244 247
18 201 203 204 208 214 215 220 224 226 228 229 231 238 239 240 241 245 247
36 195 196 198 200 202 203 206 207 209 210 211 213 215 216 217 218 220 221 222 223 224 225 226 227 228 229 232 233 236 239 240 241 243 244 245 246
20 196 197 199 203 204 205 208 209 212 215 219 222 227 229 234 237 240 242 245 247
21 194 197 198 200 201 204 208 211 212 221 223 225 227 230 235 238 242 243 244 245 246
17 194 197 200 203 207 210 219 225 227 228 230 233 239 241 242 245 247
16 195 196 200 206 208 214 218 219 220 223 225 227 229 232 236 245
24 194 197 198 199 201 202 204 205 209 210 213 217 218 220 223 225 227 230 236 238 239 241 244 245
34 195 196 197 198 200 201 202 203 206 207 208 210 211 212 213 214 215 220 221 224 227 228 229 231 233 234 235 236 239 241 242 243 244 247
30 195 196 199 200 201 204 206 208 209 210 212 214 215 216 217 219 221 222 223 225 228 229 233 234 235 236 238 239 243 245
16 194 197 199 202 207 213 217 222 224 230 231 234 238 239 240 247
29 194 196 200 201 202 204 209 210 215 216 218 219 220 221 223 224 225 227 228 230 231 232 233 235 237 238 240 242 245
28 194 196 199 203 204 205 206 208 209 210 211 212 214 216 218 219 221 222 223 224 230 231 237 239 240 243 244 245
16 198 202 203 205 209 210 211 212 221 223 224 232 239 241 246 247
17 198 199 201 207 208 211 215 218 219 220 227 229 235 238 242 243 246
26 195 196 197 199 203 204 207 208 210 213 215 216 218 219 220 229 230 231 232 233 234 237 239 240 244 246
24 195 197 199 201 202 203 205 206 207 210 212 213 214 219 221 226 228 230 232 235 237 239 241 242
22 194 197 198 200 204 209 212 213 216 218 220 221 224 231 232 233 236 240 241 244 245 246
35 194 196 197 200 202 203 204 205 207 208 209 210 211 212 213 214 215 219 221 223 225 226 229 232 233 235 237 238 239 241 242 243 244 246 247
16 194 200 204 212 215 220 225 226 231 233 236 240 241 242 244 247
34 194 195 197 198 199 201 203 204 205 207 209 211 215 216 217 218 220 221 223 224 225 226 228 229 230 233 235 236 238 241 242 243 244 247
35 196 198 200 202 203 204 205 206 207 209 210 211 212 213 214 215 219 220 222 226 227 228 230 231 232 234 235 236 237 238 241 242 244 245 247
36 195 196 197 198 200 203 205 206 208 210 211 212 214 215 216 217 219 220 221 222 225 226 228 229 231 232 233 234 235 236 237 240 242 243 244 247
37 195 196 197 200 201 202 203 204 205 207 208 212 213 216 217 218 219 220 221 222 223 224 227 228 229 230 231 232 233 234 235 236 239 240 243 246 247
28 194 196 197 198 199 200 201 205 207 208 209 212 213 217 220 223 225 226 227 230 231 232 235 236 241 242 246 247
31 194 198 199 205 210 211 212 213 214 216 217 219 220 221 222 223 225 226 227 228 229 230 231 232 233 234 235 236 242 243 247
23 199 200 201 202 203 206 208 209 210 211 213 214 216 217 218 220 221 222 224 227 229 233 236
22 195 197 199 200 205 207 208 210 213 214 217 220 223 224 227 228 229 230 231 240 245 247
18 194 195 198 199 201 206 207 211 212 217 218 224 226 227 229 232 241 245
35 194 195 196 197 199 201 202 206 211 212 213 214 215 216 217 218 220 221 222 223 226 228 229 230 232 234 235 236 237 239 240 241 242 244 245
23 199 201 202 206 209 210 216 217 218 221 222 224 225 226 228 229 230 232 233 236 238 239 243
25 195 197 198 200 201 203 206 209 215 224 225 226 227 229 234 235 237 238 239 240 241 242 243 246 247
17 201 207 209 212 216 218 221 222 223 225 226 227 228 232 234 235 238
31 194 196 198 200 201 206 207 208 210 211 213 214 218 219 220 221 224 225 227 228 229 232 236 237 238 239 240 243 244 245 247
25 194 195 196 197 198 199 200 204 206 207 208 211 213 215 218 219 223 225 227 232 233 234 244 245 246
29 194 196 197 198 199 200 201 204 205 206 208 211 212 213 215 216 220 223 224 226 227 228 230 233 234 235 237 240 243
31 194 196 198 199 200 204 208 212 214 216 217 218 219 220 223 224 226 227 229 230 231 233 234 236 238 239 241 244 245 246 247
25 194 195 198 199 201 204 209 210 212 213 215 216 217 218 219 224 225 227 228 231 232 233 234 236 246
35 194 195 196 197 198 200 201 202 203 204 208 209 210 212 214 217 218 219 220 221 223 224 229 230 232 234 235 236 237 239 241 242 244 245 247
26 194 195 200 202 203 205 207 209 210 213 214 216 219 222 223 225 228 229 233 236 237 238 240 241 244 245
29 195 196 197 198 201 202 205 206 207 211 212 213 214 215 218 222 224 228 229 230 233 234 236 239 240 241 242 245 246
30 194 195 196 200 203 206 208 209 210 213 214 217 219 221 223 224 226 229 230 231 232 233 234 236 238 239 241 242 246 247
34 194 196 197 199 200 202 204 206 207 208 209 210 212 213 214 215 216 218 222 224 225 226 228 229 230 234 236 237 238 239 241 242 243 245
37 196 197 198 199 200 201 202 203 204 205 206 208 209 210 211 212 213 215 216 217 218 219 220 223 225 226 230 232 234 235 237 238 240 241 243 245 246
24 195 202 203 206 208 209 211 212 213 215 217 219 222 223 225 226 228 229 235 238 241 242 246 247
21 196 197 201 204 205 208 213 217 220 221 224 226 233 234 237 238 241 244 245 246 247
18 194 199 203 210 214 216 220 222 225 227 228 230 231 234 235 243 246 247
27 196 198 200 201 202 203 205 209 211 213 214 216 218 219 223 227 229 230 231 233 235 236 237 238 242 244 246
18 194 195 202 204 206 209 213 217 220 226 228 232 234 236 239 242 246 247
27 195 197 199 202 203 204 206 208 211 212 213 217 218 222 226 227 228 230 231 232 235 236 238 241 243 246 247
26 196 197 199 201 202 203 204 205 209 210 212 213 214 217 219 220 223 232 236 238 239 240 241 242 243 244
31 198 199 200 201 202 204 205 208 210 213 214 216 218 219 220 221 222 223 224 228 229 230 233 234 236 238 239 240 243 244 245
26 195 197 198 200 201 202 204 208 209 210 214 215 219 220 224 226 229 231 233 234 235 239 241 242 245 247
18 194 196 198 204 205 211 217 218 220 221 222 227 230 231 237 238 244 245
37 194 196 198 200 201 204 206 207 208 209 210 212 213 214 215 216 217 219 222 223 224 227 229 230 232 233 234 235 236 238 240 241 242 243 244 245 246
37 195 197 198 199 201 202 203 204 206 208 210 213 214 216 217 218 219 221 222 223 224 225 226 227 228 229 230 231 234 235 236 237 239 240 241 245 246
33 194 195 197 198 199 204 205 208 209 213 214 215 216 217 218 219 221 223 224 225 226 228 229 230 231 232 233 237 240 243 244 245 246
27 195 196 198 200 201 202 203 204 205 206 210 214 215 218 221 224 225 226 228 229 231 232 235 237 239 245 246
35 194 195 196 197 198 199 200 201 202 203 204 207 210 212 215 216 217 219 221 223 225 227 228 229 231 233 234 235 237 241 242 243 244 245 246
20 198 201 205 206 209 211 213 214 218 227 229 230 233 234 236 238 239 240 243 244
31 194 197 198 199 200 201 204 208 209 212 214 216 218 220 222 223 224 226 232 233 235 236 237 238 239 241 242 243 245 246 247
36 194 195 196 197 198 200 202 205 206 208 210 212 213 214 215 216 218 220 223 224 226 227 228 229 230 232 234 235 236 237 238 242 243 244 245 247
24 194 195 198 202 205 206 211 212 216 221 223 224 230 231 232 234 239 241 242 243 244 245 246 247
33 195 197 198 199 200 201 202 207 209 212 214 215 216 217 219 223 225 226 227 228 230 231 232 233 234 235 237 240 242 243 244 245 246
21 194 195 197 198 199 200 202 208 211 215 218 225 226 227 232 233 234 239 241 246 247
26 194 196 197 201 202 203 205 207 209 210 212 214 216 217 221 222 224 226 231 232 236 238 240 243 244 247
20 195 196 200 202 206 209 211 213 214 216 218 219 220 224 228 229 238 240 241 245
24 194 196 199 201 202 203 206 207 210 214 217 218 222 224 226 228 229 231 235 236 237 238 241 242
18 196 203 210 211 213 214 215 216 219 222 225 226 227 228 236 238 240 243
22 195 196 197 198 199 200 209 210 211 214 218 220 223 226 228 235 236 237 238 239 246 247
25 194 196 200 202 203 205 206 208 209 211 213 216 219 221 224 225 226 230 231 232 235 238 240 241 242
24 194 197 198 200 202 203 205 208 210 212 215 217 219 222 228 229 231 234 240 241 242 243 244 245
17 195 196 197 202 207 209 211 213 221 228 234 235 238 239 242 244 246
17 201 203 204 205 206 208 209 215 217 222 224 227 228 239 240 241 244
20 194 201 211 218 221 225 226 227 228 229 231 235 236 237 239 240 242 244 245 246
33 194 201 202 203 205 207 209 211 212 213 215 216 219 220 223 224 226 227 228 229 230 231 233 234 235 237 238 239 240 241 244 245 247
25 194 196 198 199 203 204 205 206 207 209 211 213 218 219 222 225 229 232 234 235 238 239 240 242 244
35 194 196 198 199 200 202 203 204 205 207 208 209 211 212 213 214 215 218 220 221 223 224 227 228 230 232 233 235 236 238 239 241 242 244 246
18 194 197 198 202 203 204 208 211 216 219 227 231 233 235 238 242 244 247
23 196 202 204 205 207 208 209 210 211 214 217 225 226 227 229 231 232 237 238 239 240 242 246
35 195 197 199 201 202 204 205 206 208 210 211 213 214 215 218 220 221 222 223 225 226 228 229 230 231 232 233 234 236 238 240 241 242 243 246
25 195 196 198 199 201 203 204 207 213 215 217 220 221 222 224 225 228 233 237 238 240 241 243 244 247
21 199 201 203 205 206 208 212 213 214 216 220 221 223 226 234 236 238 240 241 244 246
28 194 196 202 204 205 208 209 210 211 213 215 217 219 223 224 225 226 228 231 233 234 237 239 240 243 244 245 246
21 194 196 197 200 201 202 203 206 207 211 220 222 230 231 233 239 240 241 244 246 247
36 198 199 200 201 202 205 208 209 210 211 212 213 214 215 216 217 218 219 222 223 224 226 228 229 230 231 232 233 234 236 237 238 240 242 243 245
20 194 195 196 197 198 199 207 210 213 217 218 225 227 229 230 235 240 243 245 247
35 196 197 199 200 201 202 205 206 207 208 209 211 212 214 216 217 220 221 222 223 225 226 229 230 231 232 233 234 235 239 240 243 244 245 246
31 195 199 200 201 203 204 205 207 208 209 210 211 214 215 216 223 225 227 229 230 231 234 236 237 238 239 240 241 242 243 244
37 197 198 199 201 203 205 208 209 210 212 213 215 217 218 219 220 222 223 224 225 226 227 228 231 232 233 235 236 238 239 240 241 242 243 245 246 247
33 196 199 201 202 203 204 206 207 208 209 210 211 213 214 215 216 217 219 221 223 226 228 229 231 232 235 236 237 239 240 241 242 245
34 194 195 196 197 198 200 201 202 204 206 207 209 211 212 213 216 218 220 221 223 226 228 229 230 231 233 235 236 237 240 244 245 246 247
35 194 196 198 199 200 201 202 203 204 208 210 211 213 214 215 218 219 220 221 222 223 224 225 226 227 230 231 236 237 239 240 241 244 246 247
33 194 195 196 197 198 200 205 206 208 209 210 211 213 214 215 216 217 218 219 221 222 225 226 228 232 234 235 236 237 238 240 242 244
24 196 199 203 204 205 206 208 209 210 213 214 215 221 226 227 228 229 233 235 241 242 244 245 246
16 194 200 201 209 212 214 215 216 220 222 225 227 230 240 245 247
16 194 196 197 202 203 207 211 213 221 222 225 227 230 233 234 241
32 194 196 198 199 204 205 207 209 210 211 212 213 214 215 216 219 220 221 222 223 224 229 230 233 235 236 239 240 241 242 244 247
30 196 197 199 200 204 210 212 213 214 217 218 220 221 222 223 224 225 226 228 229 232 233 236 237 238 239 242 244 245 247
26 194 195 197 201 202 203 205 206 216 217 219 220 223 224 227 228 229 232 235 236 237 238 239 240 242 247
27 195 196 197 201 202 203 207 208 209 213 214 215 216 217 221 222 223 225 227 230 231 234 235 236 239 242 245
25 194 199 202 205 206 208 209 210 211 212 214 219 220 225 226 228 231 233 235 236 239 240 241 242 246
32 195 197 204 206 208 209 210 211 212 214 215 216 218 219 221 222 224 226 227 229 230 231 232 233 237 238 239 240 241 242 244 246
17 194 201 203 209 214 217 222 223 229 233 236 237 238 240 242 244 247
20 195 199 201 202 203 205 207 210 213 215 217 223 224 225 227 231 237 238 241 243
31 194 196 198 199 200 201 202 204 205 209 210 214 215 217 218 220 221 222 223 228 229 231 233 234 237 238 240 243 244 246 247
16 195 196 200 202 207 211 212 220 223 229 230 233 234 240 245 247
26 195 196 197 208 209 210 211 212 213 215 218 222 224 225 226 227 229 231 232 235 237 238 239 240 243 247
37 194 195 198 199 201 202 204 205 207 208 210 211 217 220 222 223 225 227 228 229 230 231 232 233 234 236 237 238 239 240 241 242 243 244 245 246 247
17 196 203 204 206 207 215 216 219 222 225 228 230 234 235 238 241 244
20 196 197 199 202 204 209 215 218 219 220 226 228 229 230 233 234 236 240 243 245
30 195 197 198 202 204 206 209 210 211 212 214 215 216 219 220 221 222 224 225 226 227 228 231 232 234 236 237 241 244 245
23 199 201 202 204 206 208 210 211 215 220 222 223 226 227 228 229 231 235 238 240 243 246 247
27 194 197 198 199 201 202 204 205 210 213 218 220 221 223 224 226 228 232 234 235 236 237 241 242 243 246 247
16 195 197 202 205 211 213 215 218 223 226 229 232 233 235 242 244
21 195 196 198 204 205 207 211 214 217 220 222 224 228 229 235 239 241 242 244 245 247
32 194 196 197 198 199 203 207 208 209 210 212 213 214 215 221 223 226 227 228 229 230 231 232 233 235 236 237 238 242 243 246 247
28 194 197 198 199 200 203 205 206 207 209 210 212 215 216 218 222 225 226 229 231 232 233 234 238 241 243 245 246
25 194 197 198 199 200 205 206 207 211 217 218 219 220 223 225 227 228 229 230 231 234 240 244 245 246
25 194 195 198 204 207 208 209 210 211 213 214 215 220 221 226 227 228 230 231 233 234 236 237 238 245
22 194 197 199 201 203 205 208 209 213 219 224 225 228 231 232 234 236 237 238 240 246 247
29 194 197 199 201 203 207 208 210 212 214 215 219 220 221 223 225 226 230 231 233 234 235 236 237 238 241 242 244 246
24 194 195 198 200 205 206 207 208 211 214 217 219 220 221 223 225 227 228 231 235 236 237 238 244
