35 3520
5 2 4 12 14 33
5 2 4 6 12 17
5 2 4 6 12 14
5 4 6 12 17 33
5 2 4 6 12 33
5 6 12 14 17 33
5 4 12 14 17 33
5 2 6 12 17 33
5 4 6 12 14 33
5 2 4 12 17 33
5 2 4 14 17 33
5 4 6 12 14 17
5 2 4 6 17 33
5 2 4 6 14 33
5 2 6 12 14 33
5 4 6 14 17 33
5 2 6 12 14 17
5 2 12 14 17 33
5 2 6 14 17 33
5 2 4 12 14 17
6 2 4 6 12 17 33
6 2 4 6 14 17 33
6 2 6 12 14 17 33
6 2 4 6 12 14 17
6 2 4 12 14 17 33
6 4 6 12 14 17 33
6 2 4 6 12 14 33
7 2 4 6 12 14 17 33
3 4 6 14
3 4 12 33
5 2 4 6 14 17
5 11 18 25 27 34
5 18 23 25 27 34
5 23 25 27 30 34
5 11 23 25 27 34
5 11 18 27 30 34
5 11 23 27 30 34
5 11 18 25 27 30
5 11 23 25 30 34
5 18 23 25 27 30
5 18 23 25 30 34
5 11 23 25 27 30
5 18 23 27 30 34
5 11 18 23 27 34
5 11 18 23 25 34
5 11 18 23 27 30
5 11 25 27 30 34
5 18 25 27 30 34
5 11 18 23 30 34
5 11 18 25 30 34
5 11 18 23 25 27
5 11 18 23 25 30
6 18 23 25 27 30 34
6 11 18 23 27 30 34
6 11 18 23 25 27 34
6 11 18 23 25 30 34
6 11 23 25 27 30 34
6 11 18 23 25 27 30
6 11 18 25 27 30 34
7 11 18 23 25 27 30 34
3 11 25 27
3 11 25 30
4 11 25 27 30
3 11 27 30
3 11 18 30
3 11 18 27
3 11 18 25
3 18 25 27
4 11 18 25 27
3 25 30 34
3 25 27 34
3 11 25 34
4 11 25 27 34
3 11 18 34
3 11 23 30
3 11 23 27
3 23 27 30
4 11 23 27 30
5 9 21 22 26 35
5 1 13 21 26 35
5 13 21 22 26 35
5 1 13 21 22 26
5 9 13 22 26 35
5 1 9 13 22 35
5 1 9 13 22 26
5 1 13 22 26 35
5 1 9 13 21 22
5 1 9 21 22 35
5 1 9 13 21 26
5 1 21 22 26 35
5 1 9 13 21 35
5 9 13 21 26 35
5 1 9 21 26 35
5 9 13 21 22 26
5 1 9 22 26 35
5 1 9 13 26 35
5 1 9 21 22 26
5 1 13 21 22 35
5 9 13 21 22 35
6 1 13 21 22 26 35
6 1 9 13 21 22 26
6 1 9 13 21 26 35
6 9 13 21 22 26 35
6 1 9 13 21 22 35
6 1 9 13 22 26 35
6 1 9 21 22 26 35
7 1 9 13 21 22 26 35
3 1 22 35
3 21 26 35
3 1 21 26
3 9 22 35
3 21 22 35
3 13 22 35
3 13 21 35
4 13 21 22 35
3 13 21 22
5 7 8 19 24 32
5 7 8 19 24 31
5 7 8 24 31 32
5 3 7 19 31 32
5 7 8 19 31 32
5 3 7 24 31 32
5 3 7 8 19 31
5 3 7 19 24 32
5 3 8 19 24 31
5 3 7 8 31 32
5 3 7 8 19 32
5 3 8 24 31 32
5 7 19 24 31 32
5 3 8 19 24 32
5 3 7 8 24 32
5 8 19 24 31 32
5 3 7 19 24 31
5 3 8 19 31 32
5 3 19 24 31 32
5 3 7 8 19 24
6 7 8 19 24 31 32
6 3 8 19 24 31 32
6 3 7 8 24 31 32
6 3 7 8 19 24 32
6 3 7 19 24 31 32
6 3 7 8 19 24 31
6 3 7 8 19 31 32
7 3 7 8 19 24 31 32
5 3 7 8 24 31
5 5 10 15 16 28
5 10 16 20 28 29
5 5 10 20 28 29
5 10 15 16 28 29
5 5 10 15 20 28
5 10 15 16 20 29
5 5 16 20 28 29
5 5 15 16 20 28
5 10 15 16 20 28
5 15 16 20 28 29
5 5 10 15 28 29
5 10 15 20 28 29
5 5 10 15 16 29
5 5 10 16 20 28
5 5 10 15 20 29
5 5 10 15 16 20
5 5 15 20 28 29
5 5 15 16 28 29
5 5 10 16 20 29
5 5 10 16 28 29
5 5 15 16 20 29
6 5 10 15 20 28 29
6 5 10 15 16 20 28
6 5 10 15 16 20 29
6 10 15 16 20 28 29
6 5 15 16 20 28 29
6 5 10 15 16 28 29
6 5 10 16 20 28 29
7 5 10 15 16 20 28 29
3 5 15 20
4 5 10 15 20
3 5 10 15
3 5 10 20
3 5 10 16
3 5 16 20
3 10 16 28
3 5 10 29
4 5 10 20 29
3 5 20 29
3 10 16 29
4 5 10 16 20
3 10 16 20
5 4 14 30 33 34
7 2 3 5 7 9 22 28
10 1 3 5 7 13 16 18 22 29 32
8 4 7 9 12 13 23 26 31
9 2 4 13 15 17 18 20 21 30
5 10 14 24 28 29
10 1 5 6 15 16 19 21 24 32 33
8 1 19 22 25 26 30 31 32
8 2 12 16 21 22 28 33 35
3 9 18 30
8 9 10 11 12 15 23 27 28
5 3 11 18 22 26
5 1 2 3 25 27
7 6 12 14 20 25 26 30
5 5 7 15 20 24
4 18 25 27 31
9 4 7 8 15 16 20 24 30 34
7 1 2 12 13 14 16 25
3 7 12 24
7 11 13 16 22 28 29 30
6 11 22 25 26 27 35
5 5 13 15 20 26
8 1 2 4 24 27 31 34 35
11 1 4 10 12 13 15 17 20 21 30 34
7 4 9 13 16 17 20 22
3 6 9 35
5 4 6 9 14 21
8 1 2 4 6 13 19 32 34
4 7 12 24 32
5 10 16 23 29 34
3 16 22 26
3 19 32 34
7 3 5 7 10 13 21 26
3 3 18 29
3 1 8 18
3 2 10 16
8 5 6 12 14 15 18 20 23
9 6 7 14 20 23 24 25 28 34
11 1 3 5 7 18 21 24 25 28 29 34
7 1 4 8 14 21 28 29
4 4 5 16 28
10 1 3 4 12 19 21 22 24 28 33
6 2 3 4 12 31 32
9 5 20 21 22 24 30 32 34 35
6 1 3 8 9 21 32
6 1 5 6 15 16 33
5 3 9 24 26 31
5 8 13 18 21 34
7 7 9 11 19 21 25 31
8 1 3 9 11 13 14 27 30
11 1 12 13 14 17 18 20 23 27 28 29
4 10 13 16 20
9 7 8 12 14 20 21 22 24 35
5 19 23 29 31 32
5 1 5 23 25 33
5 6 7 14 17 19
3 1 14 35
5 1 5 26 29 35
7 1 4 11 16 22 34 35
4 13 24 31 32
7 3 7 8 9 13 18 35
4 2 11 33 34
5 2 9 13 22 32
3 14 27 34
5 1 6 12 14 35
7 4 7 8 23 25 32 34
6 3 7 21 26 32 35
7 1 7 13 25 30 31 35
4 1 13 22 34
6 10 11 15 23 28 34
8 1 7 8 9 10 15 20 31
9 4 11 12 14 20 21 27 28 29
7 3 5 11 12 14 30 34
6 4 6 7 14 24 31
8 3 7 14 17 25 27 33 34
4 3 4 6 24
5 1 6 10 17 23
7 2 4 11 12 18 24 27
10 2 4 5 8 10 16 25 30 32 34
4 9 10 15 28
8 4 6 10 11 16 18 29 33
9 9 10 11 15 20 22 23 33 34
10 3 6 9 21 25 27 31 32 34 35
9 7 9 11 22 24 25 26 30 33
7 10 11 20 22 25 27 28
7 5 9 10 12 13 19 29
4 7 10 19 24
3 12 16 33
5 3 11 23 24 26
4 9 21 23 28
4 5 11 18 20
8 1 3 5 7 10 13 15 24
7 3 9 10 18 21 22 25
6 4 11 17 18 25 33
3 1 17 28
7 14 17 18 22 24 32 33
5 4 17 18 30 35
7 8 10 11 22 23 34 35
8 9 10 11 13 20 22 25 30
9 3 7 16 18 19 20 23 27 28
7 2 5 6 11 25 30 33
4 11 19 31 34
8 3 9 11 14 18 19 22 23
7 4 5 9 26 27 33 34
7 4 11 12 24 27 30 33
12 2 3 5 6 8 11 14 15 20 27 30 31
4 16 18 25 34
6 7 11 18 24 27 31
7 3 5 7 15 20 30 32
5 11 16 18 29 30
8 5 10 11 13 14 23 27 28
5 5 11 28 29 30
6 2 4 22 25 26 35
7 2 6 7 11 25 30 33
4 2 6 9 33
6 13 22 23 25 27 35
5 13 16 18 22 35
6 1 6 17 22 29 33
8 2 5 6 10 23 27 28 33
4 1 24 30 33
3 23 28 29
7 4 11 17 24 26 30 34
5 7 16 29 31 32
3 1 18 25
6 6 9 17 18 34 35
9 8 12 14 15 16 17 19 21 24
3 10 24 28
6 7 8 20 21 28 29
6 4 6 8 18 24 30
5 7 16 19 20 28
10 6 7 9 11 21 25 27 31 33 35
6 6 15 16 30 31 32
7 10 13 16 17 22 26 28
7 2 13 18 22 23 25 26
3 13 19 26
6 11 15 16 18 29 34
4 3 6 17 24
6 5 16 20 23 25 27
4 8 9 23 31
6 4 7 10 24 29 32
8 1 17 18 23 24 26 31 32
3 2 8 33
8 2 5 10 14 19 24 31 34
5 5 19 28 29 31
7 1 6 8 12 14 19 27
4 12 18 27 30
4 1 11 13 32
6 8 22 24 26 31 35
6 11 12 14 18 25 33
9 11 13 14 16 17 18 22 29 34
7 8 10 16 20 23 31 32
6 4 6 15 16 17 29
6 4 6 7 8 12 16
5 9 11 21 23 30
5 16 18 31 33 34
6 7 11 21 23 26 28
3 7 18 27
8 3 5 6 15 18 19 25 27
5 7 11 27 30 31
8 3 6 9 15 19 26 28 35
4 5 9 15 16
7 8 9 20 21 22 31 32
9 1 3 13 15 16 20 24 26 31
8 4 8 11 12 18 19 30 31
3 8 32 34
6 2 6 20 22 28 33
4 7 8 30 32
7 3 6 14 15 18 30 31
7 1 24 25 27 31 34 35
5 8 23 31 32 35
6 5 15 28 32 33 35
10 3 4 6 9 12 15 21 24 26 29
8 4 6 8 9 11 21 23 33
7 5 9 13 16 18 21 27
5 16 21 26 29 35
5 4 6 22 33 35
9 1 4 5 7 12 14 21 24 26
9 1 4 8 14 17 22 23 27 35
9 1 5 7 13 15 22 25 28 32
6 2 5 6 17 21 29
8 6 8 19 22 24 26 30 33
5 3 8 22 32 35
6 1 9 18 27 33 34
5 1 11 13 27 35
5 18 27 28 31 34
7 5 9 15 16 18 25 30
9 8 11 13 15 23 28 29 31 34
7 1 6 9 12 16 17 29
7 5 15 16 18 22 33 34
3 4 23 34
3 21 26 34
7 1 2 4 17 20 25 29
8 7 8 13 17 22 26 32 34
7 2 3 4 7 29 31 33
6 7 8 9 13 21 24
8 6 9 14 17 20 25 28 35
9 4 9 11 14 17 23 26 29 34
5 2 3 18 21 27
4 12 20 26 28
8 1 3 8 11 18 22 25 31
9 1 3 5 7 8 9 11 13 20
9 10 13 19 20 21 24 26 29 32
7 1 7 10 13 14 22 31
10 1 3 7 16 18 21 27 31 34 35
6 4 14 15 17 20 29
8 12 17 19 22 28 29 31 33
7 2 22 26 27 30 33 35
7 5 6 14 15 17 28 35
7 1 4 5 20 26 29 35
3 7 8 14
4 2 10 12 33
3 8 16 33
9 2 12 13 17 20 21 24 26 32
4 3 5 13 19
11 2 6 10 13 14 18 20 21 27 30 35
4 1 13 25 26
5 5 16 29 30 32
9 5 7 10 11 14 18 19 20 25
7 12 13 18 26 27 32 35
6 11 12 14 18 31 34
6 1 3 12 19 22 26
6 2 8 11 17 30 35
4 10 16 24 28
9 7 8 15 16 20 23 30 31 34
6 9 18 20 26 28 29
10 5 6 8 10 12 14 15 19 27 30
4 4 14 17 21
4 6 7 24 32
6 4 6 11 15 16 24
10 1 4 6 8 11 18 26 27 33 35
8 2 8 13 17 18 19 23 30
8 3 4 6 7 12 32 34 35
4 15 16 24 32
6 1 2 12 14 21 22
10 2 10 11 14 21 23 26 27 33 35
4 4 7 10 12
4 10 12 20 28
4 8 11 17 30
10 1 4 9 10 11 13 15 16 23 25
5 12 18 23 33 34
3 3 21 30
7 5 9 18 20 22 25 30
5 10 17 25 33 35
9 1 5 10 14 20 21 25 26 30
4 12 13 32 33
7 3 8 9 15 19 28 29
6 5 9 20 21 22 28
4 4 8 26 31
7 2 12 19 22 24 31 33
4 1 21 26 28
6 3 15 19 23 28 29
7 5 10 15 17 23 25 33
5 8 13 22 24 32
7 2 9 12 27 30 34 35
6 1 13 14 21 31 33
5 5 9 13 24 35
5 23 25 26 33 34
4 3 16 20 29
8 2 3 8 14 18 24 30 35
7 19 21 25 26 30 31 34
6 9 12 13 17 18 22
6 1 11 17 22 27 29
8 2 9 11 12 19 25 31 33
4 2 14 31 33
8 5 6 14 15 16 18 25 27
6 1 9 11 15 17 21
4 9 13 33 35
11 2 3 4 8 10 15 21 22 26 29 33
9 7 8 9 12 18 25 26 34 35
5 1 10 15 26 35
9 4 6 7 11 14 21 23 27 32
4 8 11 12 21
4 3 13 32 35
4 18 24 27 34
3 13 17 35
7 9 11 14 17 27 33 35
9 4 6 10 11 12 15 25 28 30
4 2 21 26 33
6 6 8 17 24 32 33
3 9 23 30
8 2 4 5 13 18 21 23 34
8 12 17 20 24 28 29 32 33
4 11 20 28 35
6 2 3 5 7 10 20
6 1 2 12 13 14 26
3 22 32 35
8 6 7 12 17 19 23 25 34
4 3 21 31 32
3 16 20 32
11 1 3 8 9 10 11 15 19 26 30 34
4 2 25 26 34
10 7 9 10 13 18 19 22 23 30 32
9 3 6 7 8 11 21 22 33 34
8 10 11 14 17 20 25 28 33
6 6 14 20 21 26 28
8 2 4 7 11 12 18 23 31
4 11 21 22 34
8 3 6 8 15 17 20 24 35
5 10 15 19 28 31
4 2 24 31 33
5 3 5 8 10 19
4 2 17 30 34
7 3 5 9 10 21 22 28
8 5 10 14 15 23 27 30 33
6 3 5 17 18 32 34
6 1 5 9 15 20 35
7 1 5 16 17 20 21 35
8 5 10 14 15 21 23 33 34
3 6 23 30
9 12 13 17 18 20 21 22 25 30
4 5 12 25 33
5 3 8 12 17 33
6 2 10 12 16 23 29
7 11 15 18 19 24 25 28
4 6 21 22 26
4 1 3 24 26
8 9 13 16 17 28 29 33 35
6 3 7 11 21 27 31
8 4 8 10 12 15 27 29 33
6 5 7 9 15 25 32
6 3 7 11 21 23 27
7 10 15 17 28 31 32 34
8 1 9 12 14 20 29 33 35
4 3 5 15 18
9 3 10 12 14 17 19 20 23 25
6 1 8 19 26 32 35
10 2 4 9 10 12 13 15 16 18 26
4 5 13 15 20
5 5 15 20 24 27
4 5 23 30 34
4 10 15 16 22
7 8 13 20 22 26 31 32
4 5 10 18 31
9 7 11 12 13 22 24 27 32 35
6 15 16 21 22 28 35
4 5 21 26 29
3 4 6 25
8 7 19 22 24 26 28 34 35
5 5 8 15 19 24
3 10 11 16
5 3 16 20 21 34
6 12 14 17 19 31 32
8 5 10 12 15 18 23 32 33
4 4 6 12 22
4 3 9 26 32
7 3 6 8 10 16 28 31
11 1 5 7 16 19 21 25 29 31 34 35
4 5 16 18 22
6 2 6 12 26 31 35
6 2 3 6 24 28 34
3 5 15 32
3 13 20 22
9 1 2 10 15 16 17 19 24 33
4 11 22 25 30
9 4 13 15 16 20 23 26 34 35
3 1 18 30
10 7 8 9 10 13 20 21 25 27 29
5 3 8 9 21 24
5 5 8 10 15 31
5 11 15 28 29 30
5 3 6 8 13 21
6 4 5 8 13 14 35
8 6 9 12 15 16 18 34 35
6 1 2 17 19 25 27
7 5 15 24 26 28 30 35
3 4 17 18
6 9 10 16 21 24 32
3 9 12 35
3 2 3 31
10 4 5 6 11 16 17 18 19 20 23
7 5 6 11 14 15 23 28
12 3 8 11 16 18 20 21 24 26 28 34 35
6 5 7 9 24 25 30
10 4 5 7 11 12 15 20 24 25 32
9 2 9 12 13 14 18 21 23 29
7 2 3 5 16 22 29 31
3 8 22 24
5 13 18 26 27 30
6 3 5 8 12 24 33
9 4 15 16 17 21 22 29 32 35
7 3 8 10 16 17 20 27
6 3 5 7 20 29 31
6 2 17 20 25 28 33
6 9 20 22 27 31 34
5 3 15 21 26 35
4 17 23 25 34
3 8 13 35
5 19 23 25 26 30
8 1 10 13 15 16 19 22 31
4 2 8 12 17
10 1 2 4 5 17 20 22 26 29 32
6 9 14 17 22 33 35
4 9 14 16 35
4 5 10 20 25
8 1 6 12 17 24 26 31 35
4 11 19 30 34
10 4 8 13 17 19 26 27 30 33 35
6 6 9 12 21 33 35
3 13 25 34
5 19 21 22 24 32
4 6 18 23 25
4 7 15 21 26
7 1 3 18 25 26 29 35
3 4 27 34
8 6 7 8 9 14 21 27 34
10 4 5 7 8 18 23 25 28 31 33
5 16 21 26 28 35
5 6 13 14 21 22
5 2 4 16 17 35
11 4 5 7 8 9 10 12 13 17 24 29
10 3 7 10 12 13 14 15 16 24 33
10 1 3 5 11 13 16 18 22 28 30
8 4 6 11 17 23 29 31 34
8 1 14 18 21 25 27 33 35
10 4 6 13 15 26 29 30 33 34 35
5 3 7 10 20 24
10 3 6 10 11 15 17 27 29 30 33
5 5 10 11 28 31
3 15 25 30
6 7 19 20 21 22 32
8 2 12 18 23 24 26 33 34
4 8 18 28 31
9 2 3 12 15 16 17 19 20 24
7 3 5 12 21 22 28 32
6 6 9 17 18 26 35
5 9 14 21 22 33
4 10 16 19 31
8 5 6 7 11 14 16 19 29
5 7 9 19 31 34
7 11 15 20 24 25 29 34
5 2 13 14 17 22
7 10 12 16 21 22 28 35
5 11 14 25 29 33
6 8 17 23 25 33 34
7 1 9 10 21 25 27 34
6 1 8 16 19 25 28
4 2 10 12 29
7 4 6 8 18 24 27 34
8 1 11 16 21 23 24 31 32
8 13 14 16 20 22 25 28 35
7 1 7 8 20 21 32 35
6 6 12 27 33 34 35
8 6 7 12 17 19 25 27 30
5 8 18 19 27 34
7 11 16 20 21 25 27 28
9 4 6 7 13 22 25 31 32 33
6 8 15 16 23 24 32
4 8 14 19 32
4 8 16 28 29
4 2 18 27 34
8 2 6 7 8 10 15 27 34
4 11 20 23 29
5 17 22 26 30 35
3 8 11 35
5 1 8 23 25 29
6 2 11 17 18 20 30
9 2 6 11 16 17 20 26 27 30
9 4 6 7 9 15 16 17 26 29
5 5 11 25 29 34
8 4 6 11 13 16 21 22 33
9 5 8 9 18 19 20 24 29 34
4 6 19 28 31
8 1 6 10 21 27 28 34 35
10 4 5 12 15 22 26 29 33 34 35
6 3 11 18 19 25 31
8 1 5 11 13 15 17 25 33
7 11 16 20 21 23 28 34
5 1 22 27 32 35
10 8 15 18 19 20 22 29 30 32 34
5 4 9 21 24 32
3 5 10 35
10 4 6 8 10 16 19 21 26 29 35
8 11 13 17 20 30 33 34 35
4 3 7 8 25
7 7 11 12 14 16 28 31
7 1 6 11 14 18 19 35
4 4 10 15 29
4 2 11 12 18
6 2 4 11 14 25 27
8 2 3 4 8 12 18 24 28
5 12 13 14 21 35
6 3 16 20 21 30 35
4 2 4 13 21
7 1 9 12 23 25 30 33
6 1 13 18 30 34 35
8 1 5 8 10 13 14 28 35
7 1 2 11 15 22 30 33
6 16 21 23 30 34 35
6 5 7 16 20 33 34
7 5 6 13 16 20 22 33
5 4 6 7 21 26
4 7 13 25 30
4 2 4 6 10
7 7 10 11 16 20 23 27
6 3 8 15 19 28 29
4 20 21 24 34
8 9 11 15 22 26 29 30 34
6 1 16 26 29 30 35
9 1 9 11 16 20 22 23 27 28
9 2 12 17 18 19 21 22 27 35
11 9 10 12 13 14 16 17 21 25 28 30
6 5 8 10 11 25 31
6 5 14 16 24 32 33
4 5 14 28 32
8 2 10 16 17 21 24 28 32
4 1 7 26 32
8 5 8 9 10 12 13 19 32
7 1 3 5 21 23 30 34
5 2 13 17 24 31
7 8 9 19 23 26 30 35
5 21 23 25 26 34
10 1 5 6 7 16 17 19 20 26 35
6 4 12 23 25 27 35
4 10 16 20 25
4 1 2 21 26
5 7 11 14 31 34
6 3 7 8 16 28 29
7 1 5 18 23 29 31 34
4 14 18 20 27
8 5 6 10 12 14 18 20 26
4 11 13 21 35
5 3 8 13 19 27
5 13 21 23 27 30
8 2 3 8 11 24 25 27 33
7 3 7 9 26 28 30 32
9 1 2 9 11 12 16 18 28 30
4 16 29 30 35
9 4 14 17 22 26 27 30 34 35
6 1 7 13 24 30 31
11 6 9 13 14 16 22 24 28 31 32 33
4 20 25 29 30
8 5 14 16 24 26 28 31 35
5 7 12 17 24 31
7 2 15 17 24 27 29 34
6 4 12 18 27 33 34
6 1 2 12 13 17 26
6 10 16 23 27 29 34
3 9 15 30
5 5 9 19 21 23
7 1 3 7 14 21 29 32
4 10 20 29 33
5 1 16 20 28 31
5 1 11 13 18 25
11 1 6 13 15 16 17 18 20 21 23 34
11 5 7 8 10 19 21 23 26 29 34 35
6 1 3 4 6 13 35
6 2 7 23 30 31 32
7 2 5 12 15 19 23 30
4 2 14 22 33
6 1 7 18 19 28 31
4 2 6 12 32
9 4 8 14 23 25 31 32 33 34
4 1 11 25 30
4 6 24 32 35
5 3 17 20 30 33
5 9 13 15 16 26
6 2 3 11 22 23 31
7 1 15 22 24 28 29 35
5 6 11 14 17 18
10 3 15 16 19 26 27 28 30 32 34
10 1 2 8 9 15 17 21 24 28 32
6 4 10 13 21 22 29
4 1 8 15 25
7 13 24 27 28 31 32 35
6 5 9 11 18 21 23
7 13 14 17 19 31 32 35
4 18 21 25 34
11 2 6 7 12 21 24 25 27 32 34 35
3 13 20 21
5 5 12 16 20 34
4 9 10 13 35
4 9 10 21 24
8 14 15 16 18 26 27 29 30
7 2 4 6 15 18 29 30
7 1 7 11 13 30 31 32
8 12 13 16 21 28 31 33 35
6 6 7 22 29 32 35
5 2 4 13 26 33
4 3 21 29 35
3 4 33 35
7 3 6 13 18 21 27 30
3 2 4 28
7 1 2 12 14 22 25 35
8 3 14 17 18 19 24 25 27
9 4 11 15 17 20 21 22 34 35
10 2 3 5 6 7 15 23 25 29 34
8 1 5 9 14 15 16 17 18
6 3 10 11 20 29 30
3 4 23 30
6 2 4 6 16 20 29
4 2 4 15 34
5 3 7 10 29 31
8 6 7 8 12 17 21 27 31
7 6 9 11 15 20 26 34
6 6 8 20 29 32 33
8 1 18 20 21 25 26 28 34
10 2 3 5 6 12 27 29 31 32 34
7 2 6 11 22 26 27 34
3 16 28 33
4 6 14 17 31
10 5 16 17 20 23 24 25 27 31 33
4 2 8 24 32
7 4 5 9 10 12 21 35
7 1 7 13 17 24 29 33
8 2 11 14 17 20 23 30 32
4 7 19 24 28
10 4 5 12 16 22 23 25 26 30 33
3 4 6 21
6 6 11 12 17 25 35
5 5 15 18 25 30
3 2 6 28
8 3 4 7 12 20 29 32 33
5 11 16 29 30 33
4 15 20 21 28
4 4 14 25 33
7 5 9 18 20 33 34 35
10 1 2 5 11 12 13 15 29 30 35
8 1 5 7 8 9 10 13 32
7 3 4 8 14 15 20 31
3 6 13 33
4 7 9 15 16
4 2 10 11 14
4 1 13 34 35
4 16 23 30 34
4 20 23 30 32
6 2 14 20 25 31 32
10 1 3 9 10 16 18 25 29 31 34
3 20 23 28
10 6 7 9 14 17 19 23 24 27 30
4 10 13 20 29
4 4 6 8 27
7 3 9 10 18 19 23 31
8 5 13 21 23 25 28 30 35
6 9 11 12 14 33 35
9 3 9 11 12 14 17 23 26 35
9 1 5 11 13 16 18 21 28 34
10 11 12 14 15 16 17 20 25 31 32
10 3 5 9 11 20 22 26 29 30 34
3 3 11 27
7 5 11 12 14 15 18 30
3 19 31 33
4 1 5 9 35
8 5 6 15 17 30 33 34 35
9 4 6 13 15 20 22 28 33 35
10 2 4 7 15 18 20 27 29 32 33
11 3 5 8 9 11 20 22 24 25 29 35
6 7 13 18 23 29 30
12 3 5 9 11 15 16 19 22 27 32 34 35
8 3 5 8 13 20 21 26 28
7 1 2 7 8 17 22 23
7 9 11 16 20 29 30 34
6 3 7 23 25 27 28
9 11 19 20 27 28 29 31 33 34
6 3 8 16 21 26 29
7 6 12 18 23 31 32 33
7 2 8 14 27 31 32 33
7 3 5 10 19 24 26 34
10 1 2 4 5 6 9 18 23 26 30
5 15 25 28 29 30
5 1 16 23 27 35
5 1 7 22 26 32
5 1 13 22 28 29
10 1 3 11 13 19 23 28 29 34 35
3 11 15 20
7 2 4 7 15 19 24 26
5 5 6 10 29 33
6 3 19 20 23 28 30
3 10 17 22
4 3 7 15 24
6 1 6 9 11 18 26
9 1 3 6 7 8 13 14 17 34
8 1 4 11 17 18 19 22 30
7 1 4 8 14 17 19 24
4 14 18 22 33
7 1 3 5 7 10 18 26
7 2 9 16 25 26 28 35
10 1 3 4 6 8 14 18 22 32 35
4 14 19 24 31
5 9 12 17 21 26
6 4 8 12 19 22 31
8 7 10 14 22 26 28 32 35
5 13 15 16 20 22
8 16 18 20 21 24 29 30 35
7 12 13 17 19 27 30 34
5 2 15 17 20 23
5 2 3 14 17 34
3 1 15 20
4 5 11 15 23
6 9 11 18 20 28 35
9 6 7 9 14 23 25 31 32 33
6 1 4 9 13 16 29
5 4 6 7 32 33
5 13 19 21 24 35
4 3 8 25 27
3 19 23 27
4 7 15 19 32
8 9 12 13 22 23 27 30 31
5 9 18 21 23 26
5 6 16 24 28 32
5 2 3 14 19 30
5 3 14 15 28 29
6 8 12 17 21 24 27
9 3 9 13 15 20 29 31 32 35
7 3 6 12 15 16 17 32
7 9 13 17 24 25 27 31
4 3 21 24 30
4 11 19 27 34
7 4 6 21 23 26 33 34
6 3 13 14 22 23 26
9 6 7 11 13 17 24 26 27 33
8 5 7 8 10 11 23 24 29
5 8 9 11 26 27
4 13 17 18 19
5 5 16 19 32 34
3 5 10 14
8 6 7 8 18 21 23 32 33
8 10 11 12 14 15 16 17 22
7 7 14 15 18 24 29 34
11 4 6 8 9 10 15 20 22 24 33 35
8 3 10 12 16 19 28 32 33
6 1 3 18 20 21 32
11 6 7 8 10 13 14 17 20 22 26 31
5 3 12 13 31 32
10 7 11 12 14 16 24 27 30 31 33
5 7 9 12 25 30
7 1 5 9 17 21 28 32
6 3 18 25 27 31 32
3 2 14 20
6 3 9 13 19 29 31
8 3 4 5 8 10 17 19 28
9 6 8 9 11 13 21 23 25 32
9 5 11 15 22 24 25 27 31 35
6 5 6 10 21 27 30
9 2 8 14 17 23 24 26 27 32
8 4 6 14 19 20 29 31 32
3 9 26 32
11 6 10 12 13 17 18 20 23 28 34 35
4 4 14 29 33
9 14 15 16 18 20 27 30 32 33
9 2 5 17 18 23 26 29 33 34
5 15 16 21 28 35
7 6 11 17 18 30 32 33
7 1 7 9 14 19 24 35
4 1 27 30 34
5 10 20 28 30 31
4 8 12 17 24
7 6 7 17 21 23 27 30
6 5 12 18 20 28 34
5 2 3 9 12 17
4 12 17 18 34
11 1 5 9 11 16 18 20 24 31 32 35
4 2 12 29 35
6 9 18 22 25 31 35
6 3 8 13 29 31 35
7 7 15 19 23 25 28 29
6 4 23 26 30 31 34
9 3 6 12 21 23 27 31 33 34
6 4 7 12 22 26 27
4 3 10 19 20
10 5 6 9 14 23 27 28 29 33 34
6 4 5 12 16 17 20
6 1 4 14 22 26 33
6 6 13 18 21 23 35
4 4 6 9 12
9 3 9 18 19 21 23 25 31 35
4 10 16 26 35
3 6 14 20
5 4 7 9 18 22
5 3 7 10 16 27
5 3 8 11 27 31
5 6 8 10 16 29
5 4 7 13 24 33
5 10 18 21 23 35
4 12 20 29 33
7 4 5 6 15 16 17 35
6 1 21 23 26 27 30
8 4 5 6 13 21 26 27 28
6 6 10 12 16 20 33
7 1 4 5 13 20 26 33
4 2 4 18 30
8 4 5 6 9 10 14 20 22
4 4 10 12 14
9 4 5 10 11 13 17 23 25 33
4 13 14 15 35
4 5 19 20 29
6 5 14 18 20 25 33
4 8 10 16 26
10 3 8 10 13 18 19 21 27 28 30
8 7 8 16 18 29 30 31 34
5 16 18 20 23 28
6 2 6 8 11 17 23
4 13 18 21 26
10 8 10 12 17 25 27 29 31 32 34
7 10 18 21 23 26 28 34
9 12 13 15 16 18 23 26 27 35
4 7 19 24 30
8 4 9 11 12 13 20 21 30
6 1 5 10 15 21 23
8 8 13 14 15 16 26 29 35
6 1 7 18 27 31 35
4 9 14 26 35
5 4 8 12 23 35
5 7 13 22 31 32
5 3 7 8 25 27
6 3 4 7 14 17 19
5 7 8 17 18 27
7 5 13 21 24 25 28 35
9 3 19 21 22 23 24 25 30 35
8 13 17 19 21 24 28 32 35
4 3 6 19 33
8 9 15 16 19 20 21 25 26
3 10 20 30
9 1 10 14 16 22 25 26 29 30
5 10 11 15 25 27
4 6 12 17 18
5 3 16 23 26 28
7 9 16 22 23 27 30 35
6 2 8 16 28 29 33
3 7 15 20
3 3 24 29
6 4 6 17 25 30 34
7 2 4 13 22 26 30 33
3 2 20 33
9 5 7 8 13 16 22 26 29 31
11 2 3 5 14 15 23 24 27 28 30 31
6 3 11 19 25 26 27
4 8 9 14 21
6 6 7 23 30 31 32
4 2 4 19 24
6 4 6 7 17 31 32
4 11 18 23 33
6 9 11 13 27 29 35
7 3 6 14 17 23 25 32
6 2 8 23 24 30 31
9 1 2 6 8 13 19 24 25 33
4 1 7 8 19
8 4 5 11 15 16 17 25 34
8 10 13 21 25 26 30 31 32
6 2 12 14 16 28 29
5 5 6 12 23 30
5 7 14 16 19 20
6 7 10 16 19 26 31
7 5 9 14 17 24 26 28
9 4 9 11 12 15 22 25 27 28
8 1 6 14 15 26 29 30 33
10 4 5 7 13 14 16 24 28 32 35
7 4 6 7 14 22 26 35
11 4 9 12 19 24 25 26 27 30 32 33
6 3 4 6 9 14 32
8 12 13 16 17 20 29 31 35
6 1 5 13 20 26 29
4 2 7 12 32
5 5 14 17 23 25
8 9 11 19 22 23 24 25 26
7 3 8 18 19 30 34 35
7 4 11 12 15 17 23 25
7 16 18 21 22 27 30 35
9 1 3 5 7 11 16 25 30 31
7 18 19 22 24 26 32 34
9 1 2 13 16 19 28 29 33 35
8 1 4 12 13 15 23 26 33
6 7 8 12 16 20 31
5 12 14 27 34 35
5 16 23 28 29 30
8 6 8 15 17 20 29 30 33
7 5 6 13 16 21 22 24
9 3 5 8 11 20 21 27 34 35
10 5 6 9 12 14 15 18 21 23 35
6 6 11 15 22 25 34
6 1 19 21 24 31 35
9 6 12 13 15 16 17 21 29 35
9 1 12 17 21 23 25 30 32 35
9 8 9 10 16 19 24 25 27 34
6 3 4 5 10 29 31
6 5 20 21 23 26 27
7 7 9 13 24 25 26 31
5 1 18 21 27 35
8 4 8 17 24 25 30 32 33
9 8 12 14 16 17 19 21 29 32
9 1 16 19 22 27 29 32 34 35
5 8 12 16 21 22
4 23 27 32 34
3 26 33 35
10 7 10 13 15 18 24 25 27 28 31
9 5 7 8 14 17 19 25 33 34
4 3 7 19 23
7 9 14 17 26 27 31 33
4 4 12 14 23
7 2 12 18 27 31 32 34
9 7 9 10 13 18 24 31 34 35
9 2 10 12 15 17 19 24 28 35
7 7 10 15 18 22 24 26
4 6 7 12 24
6 2 7 17 20 28 33
4 6 17 18 27
5 8 11 17 31 32
7 1 2 15 21 23 28 35
9 2 3 6 7 8 9 17 21 35
5 15 20 25 28 35
9 1 4 7 8 12 13 17 19 34
10 7 10 11 18 19 21 22 26 27 31
8 3 5 6 7 12 23 33 34
5 9 15 16 20 24
8 3 10 14 17 19 22 24 33
7 4 5 6 16 24 28 32
10 1 12 16 18 20 26 27 28 33 35
6 3 4 7 14 32 33
8 4 6 16 23 24 29 33 34
8 11 12 13 18 22 26 31 33
8 2 10 12 14 15 20 24 31
10 1 3 9 11 15 20 25 27 29 31
7 3 7 8 10 15 25 28
7 3 6 11 18 19 20 30
7 5 7 12 17 18 20 23
4 5 9 16 35
6 9 15 16 18 22 33
3 19 27 31
6 2 9 10 13 34 35
9 6 12 13 14 18 19 24 25 35
8 12 13 20 21 22 27 30 33
6 3 4 5 24 29 32
6 2 10 14 15 17 29
4 3 19 20 26
7 1 5 20 22 26 27 30
4 18 23 29 30
5 11 22 23 25 35
4 1 21 24 26
7 4 5 10 11 13 23 26
5 1 15 20 21 28
6 1 2 21 26 30 33
8 3 6 12 14 15 16 20 24
5 5 9 16 20 26
6 1 6 10 20 22 33
8 2 4 13 14 18 22 23 26
8 7 8 9 18 22 23 26 31
3 10 15 30
4 1 10 13 21
4 9 20 26 29
9 6 10 15 16 23 24 25 33 34
7 3 9 10 13 16 22 34
9 1 4 8 13 18 19 30 34 35
6 3 7 15 16 20 24
5 7 19 24 30 34
9 6 12 14 15 28 29 31 32 35
9 6 10 16 18 19 20 25 27 31
7 11 17 19 28 31 32 33
5 6 7 12 17 24
8 2 10 15 16 18 22 26 27
3 4 6 30
6 4 13 23 32 33 35
8 3 15 16 20 21 22 31 35
8 5 7 8 9 11 18 31 34
6 3 11 13 18 19 34
6 5 14 16 18 28 34
8 1 2 6 9 12 18 24 26
6 3 4 6 7 24 33
5 7 10 29 31 32
4 15 24 32 33
6 10 16 19 20 25 27
8 2 4 7 9 10 15 19 26
6 2 5 14 19 28 33
6 3 10 20 22 24 31
3 4 9 14
7 4 10 21 24 26 31 33
3 6 14 26
4 5 10 20 22
6 3 5 7 17 26 33
6 5 9 10 15 18 31
5 18 23 26 27 35
9 2 13 19 26 30 31 33 34 35
3 4 17 35
9 4 5 7 16 17 23 29 32 33
5 15 16 21 24 29
4 18 19 23 25
5 7 9 19 32 35
6 3 9 13 19 21 24
8 3 4 6 17 19 28 32 34
5 2 14 18 27 33
9 12 19 20 21 22 24 32 33 35
9 2 3 5 14 18 24 31 33 34
4 12 18 27 33
6 12 15 23 27 29 30
7 11 15 18 20 25 28 31
5 1 5 14 16 20
10 6 8 9 10 12 13 16 17 19 28
4 9 22 28 35
9 1 8 15 19 20 21 24 28 30
5 1 4 26 29 30
4 18 21 22 27
9 2 3 4 6 7 9 26 32 35
7 1 10 13 16 22 24 28
5 3 11 20 30 34
5 2 10 14 20 33
5 5 15 17 30 34
9 1 2 4 9 18 20 21 33 34
4 6 14 18 33
5 5 9 13 18 19
6 1 7 8 9 13 31
5 4 16 17 29 33
7 2 6 7 13 18 25 34
7 5 13 15 22 29 31 33
6 1 5 13 20 33 35
6 2 6 12 19 27 29
8 2 15 19 25 29 30 32 34
9 3 7 8 9 21 23 25 26 34
5 8 10 28 29 32
4 5 16 19 22
5 16 20 29 30 33
11 7 8 11 12 14 15 27 28 31 33 34
8 6 7 8 17 22 24 27 33
6 3 8 11 23 30 32
4 2 24 28 33
10 6 13 14 18 21 25 27 28 33 35
5 13 15 20 27 33
3 28 29 34
8 9 15 22 24 25 28 29 31
6 4 13 16 21 22 29
7 13 21 22 23 24 25 28
9 1 7 9 17 18 24 27 30 31
4 2 6 25 30
5 5 13 20 33 35
5 10 14 15 17 28
4 6 25 27 34
7 3 4 5 14 15 16 17
7 3 10 11 27 31 32 34
8 2 3 5 12 17 19 28 31
5 9 17 21 22 31
12 4 6 8 13 18 19 21 30 31 33 34 35
10 4 5 6 9 12 13 20 21 23 29
10 8 11 12 13 14 25 26 30 32 33
5 1 14 17 21 26
3 8 24 26
7 2 5 10 22 27 28 33
5 5 21 29 30 35
6 1 4 6 14 21 35
4 11 25 27 32
7 2 8 9 19 26 29 35
9 1 6 10 11 12 15 20 22 33
7 1 5 15 18 29 32 35
7 2 5 8 12 17 20 29
7 3 6 12 17 23 24 31
6 2 19 24 26 33 35
4 15 16 18 30
11 2 9 11 12 13 16 18 25 28 33 35
9 1 7 8 9 11 15 29 30 35
11 1 6 12 13 17 18 21 24 27 31 32
4 5 6 15 20
5 8 12 14 19 33
8 1 2 6 7 8 9 20 28
6 10 18 23 24 28 30
5 3 7 8 23 25
12 2 3 5 6 8 11 16 19 23 27 29 33
7 2 9 11 13 18 22 25
5 1 8 19 26 32
9 3 15 16 24 25 29 30 31 33
4 25 30 33 34
6 2 6 12 24 31 32
4 9 19 22 24
4 25 27 28 30
7 2 4 24 25 30 31 32
3 6 7 16
11 2 5 6 7 8 10 12 19 22 28 35
7 4 11 12 14 20 25 29
6 4 6 10 12 28 29
7 6 11 13 15 17 23 26
6 6 8 13 17 19 32
9 3 6 9 14 19 21 24 33 34
7 8 10 20 23 25 29 30
9 7 9 13 14 17 22 24 31 33
11 2 5 9 14 15 18 25 26 29 30 33
7 3 8 11 14 20 28 33
9 4 6 7 11 12 23 25 31 32
9 4 5 12 13 20 22 31 33 35
7 8 12 17 20 21 26 29
7 4 5 7 10 17 32 34
7 2 5 14 16 25 34 35
8 4 7 8 12 15 19 23 30
7 7 10 19 22 24 28 29
6 4 6 14 20 25 35
4 3 4 12 16
5 1 7 13 30 35
6 5 8 10 16 19 24
6 4 7 10 17 18 23
4 4 14 18 27
8 1 17 22 23 30 33 34 35
5 1 2 13 22 25
9 1 11 15 21 27 28 29 34 35
6 1 3 24 27 30 34
8 2 11 12 14 18 24 26 31
3 9 10 20
8 7 9 15 16 17 22 24 31
3 7 24 33
4 1 7 31 34
4 9 13 17 21
8 1 2 4 7 13 17 24 26
9 10 13 19 21 25 26 27 28 34
8 3 6 9 12 19 25 26 34
5 5 8 15 24 28
8 3 5 11 14 19 23 24 30
7 3 6 10 16 20 22 26
9 2 5 10 12 13 15 18 30 35
7 3 5 11 19 28 29 32
8 1 12 22 24 25 27 32 33
4 6 10 12 29
3 5 15 22
5 2 6 9 25 33
5 4 9 12 13 33
10 5 9 11 19 23 25 28 29 31 32
7 10 13 15 24 28 31 35
5 18 21 22 28 33
4 7 8 24 25
4 1 25 26 30
7 3 6 9 13 26 31 33
5 3 5 6 14 24
7 5 11 13 16 18 21 26
10 2 3 6 13 23 24 25 30 32 35
5 6 10 13 22 31
8 2 8 12 14 15 18 19 29
7 1 3 4 5 10 20 33
7 10 11 12 17 26 28 30
7 8 11 20 21 23 24 30
7 2 3 4 6 7 13 31
9 3 4 5 13 14 15 17 28 35
4 1 9 20 35
7 1 9 18 20 22 23 27
3 10 21 28
7 3 8 10 13 24 29 34
5 7 8 23 25 30
8 1 11 13 21 25 28 29 30
5 2 17 18 22 33
7 5 6 8 17 19 28 33
5 7 8 20 27 29
5 1 9 19 29 32
3 7 19 20
5 6 13 20 26 35
5 3 10 20 24 31
6 7 27 30 31 32 34
5 10 15 21 24 33
4 6 22 26 35
10 6 14 16 20 21 22 24 29 33 35
5 2 11 14 17 34
6 1 10 17 29 31 33
3 22 23 24
3 11 29 34
9 4 5 11 13 17 21 25 26 33
7 6 9 12 15 21 22 28
6 3 7 10 21 23 29
7 2 4 5 15 17 20 25
5 4 6 17 20 23
8 6 12 15 16 18 20 30 34
7 5 12 16 18 25 29 34
6 4 5 6 12 16 30
7 2 11 17 20 21 23 30
6 2 4 18 27 30 33
4 10 16 25 29
10 2 5 10 11 12 21 23 30 33 35
10 1 2 8 15 17 20 21 22 28 31
3 19 21 22
6 9 18 22 23 26 34
5 11 18 20 23 29
6 2 3 14 15 28 31
6 2 3 14 21 23 26
4 5 7 15 32
8 3 8 10 12 14 17 21 32
4 9 12 30 31
5 6 17 18 27 34
8 2 4 19 21 30 31 32 35
4 11 16 28 30
7 8 15 16 23 27 28 34
6 5 7 8 20 21 31
5 1 3 4 8 32
6 5 10 18 25 27 29
7 8 9 19 25 27 31 34
4 4 6 14 26
6 6 7 22 23 27 30
9 4 5 7 13 14 16 21 26 33
8 3 7 8 13 16 20 29 35
3 4 8 19
5 6 12 14 25 34
5 3 8 23 24 26
5 10 16 19 28 34
8 1 2 3 11 19 25 34 35
5 7 12 28 31 35
6 12 13 14 22 26 33
5 1 15 21 22 27
8 2 5 10 11 14 27 31 33
7 6 7 9 21 23 25 27
5 6 12 14 20 25
10 2 3 5 11 14 17 25 27 29 32
7 4 10 12 16 17 22 29
5 5 14 23 29 35
6 8 12 21 31 32 33
9 2 3 5 7 10 11 23 28 34
5 6 11 12 25 33
5 11 14 18 27 33
5 8 22 26 28 32
3 9 27 34
4 3 11 18 29
8 2 6 7 16 24 28 29 30
8 9 12 17 21 22 28 30 33
5 3 19 23 30 33
4 8 14 20 33
6 7 10 16 25 27 29
7 1 3 5 7 22 25 30
9 1 6 8 9 10 14 16 20 33
10 1 2 4 5 13 21 27 28 29 30
3 3 12 24
6 5 15 16 19 24 26
7 4 8 12 13 18 22 35
8 4 5 6 10 12 16 30 35
8 1 4 6 7 15 17 19 31
9 3 4 14 17 19 20 25 29 31
5 3 7 9 16 24
9 2 4 5 8 17 19 20 22 32
5 3 19 26 28 34
5 11 20 26 27 30
7 7 8 10 11 16 19 28
5 2 5 16 17 24
6 9 11 21 22 25 27
10 7 10 16 21 25 26 27 32 34 35
9 10 12 14 18 23 25 28 29 33
5 2 3 4 15 33
4 1 23 26 35
6 3 8 10 16 20 32
7 6 14 18 24 26 31 35
3 19 20 24
8 7 8 10 11 16 25 27 28
7 4 5 10 18 19 28 32
9 5 9 19 22 23 25 28 30 32
3 14 17 35
5 1 27 30 31 34
8 9 16 25 28 29 33 34 35
7 6 9 15 17 20 28 33
7 1 3 12 13 19 26 33
9 5 8 13 15 18 21 24 27 30
5 1 7 22 24 35
7 5 6 7 8 17 28 32
5 3 4 6 14 19
4 3 6 14 33
6 1 2 18 23 25 29
8 6 7 8 13 22 25 26 32
9 1 2 18 23 26 27 31 32 35
6 10 12 18 27 33 34
3 18 22 25
8 3 6 7 18 30 32 34 35
8 6 12 13 16 20 21 22 28
6 2 3 6 8 24 33
8 1 2 3 14 17 23 24 31
7 8 10 11 13 21 25 30
6 6 14 17 18 23 26
5 1 6 7 8 12
5 3 8 16 33 34
8 2 5 8 11 28 29 32 34
6 6 9 15 20 28 32
5 10 16 20 23 35
10 6 8 9 11 14 22 25 31 32 33
4 14 18 27 30
4 2 28 30 34
4 3 7 19 21
3 19 24 25
4 4 6 9 16
4 9 13 22 29
8 4 5 12 13 17 18 23 35
7 2 9 12 13 21 31 34
8 2 16 20 26 27 29 33 34
8 3 4 5 11 12 19 20 33
8 1 19 22 23 24 25 27 32
8 4 6 12 16 18 27 29 34
9 4 6 7 8 16 20 27 29 31
8 4 5 12 16 18 23 25 28
6 7 23 27 28 30 33
4 2 4 8 19
6 4 6 7 12 31 32
6 8 18 19 20 23 30
9 1 5 7 12 14 16 17 32 35
5 1 7 9 22 33
5 3 10 11 18 27
10 7 8 12 14 16 17 23 25 27 32
8 1 4 6 9 15 27 28 30
11 2 6 8 9 11 13 18 19 23 24 26
4 8 22 27 31
8 3 4 10 11 14 15 24 28
6 7 12 18 23 24 34
5 6 14 18 23 30
9 13 15 16 17 18 20 21 26 33
5 5 13 23 24 30
4 12 22 26 33
4 6 10 13 34
7 5 17 19 21 29 31 33
8 2 3 5 14 15 17 19 24
7 15 21 28 29 31 32 35
4 9 14 22 35
4 2 21 26 29
7 4 7 19 27 31 33 35
7 5 7 8 10 11 13 16
10 8 13 18 19 21 24 25 26 29 34
7 9 11 13 26 28 30 34
7 1 2 3 13 19 31 35
7 2 14 21 23 24 26 32
9 2 4 5 16 22 23 28 34 35
5 10 11 12 17 30
8 3 12 15 16 18 24 28 30
6 6 7 8 14 20 31
6 2 23 28 31 33 34
6 1 3 7 32 33 35
4 1 3 26 35
5 4 14 23 27 30
8 3 7 12 13 14 30 32 35
3 1 19 32
5 9 10 18 23 26
9 10 12 15 17 18 24 27 29 31
5 1 9 12 21 33
5 3 7 20 26 33
8 11 18 19 24 26 27 32 35
7 1 5 14 17 26 28 33
5 6 14 17 22 25
7 5 8 9 24 28 31 34
5 5 9 16 26 29
3 16 28 35
8 1 7 16 19 25 29 32 34
4 4 16 26 29
5 16 20 23 25 27
7 2 4 9 11 13 26 27
10 6 8 10 15 18 24 25 28 30 32
8 1 5 9 10 12 14 21 25
8 4 5 6 9 16 21 27 35
3 18 26 34
5 4 13 14 27 30
6 6 14 21 22 26 33
6 3 4 8 15 27 31
11 7 8 11 12 14 15 18 19 23 28 29
5 2 8 12 14 18
4 3 5 8 15
5 4 9 15 28 29
7 1 13 16 19 23 24 32
7 1 3 6 10 12 20 26
3 5 27 30
7 6 9 15 17 21 22 33
10 2 4 6 7 11 15 18 19 30 32
8 1 9 11 19 24 26 29 34
9 1 4 6 8 15 17 21 24 32
8 12 15 19 20 22 24 31 33
10 5 6 12 16 18 20 22 23 26 30
6 1 11 13 23 26 30
6 1 9 12 33 34 35
10 8 12 14 16 20 21 24 26 31 35
7 6 12 14 24 25 27 31
7 2 7 8 14 17 24 28
7 9 12 19 21 24 25 32
5 12 16 24 28 32
7 4 8 11 15 20 25 30
5 2 9 14 16 22
4 4 12 19 33
6 2 8 12 17 19 31
10 4 10 11 15 17 18 27 29 31 32
8 3 4 8 12 14 21 22 24
11 1 2 3 6 8 9 13 17 18 31 34
6 10 20 21 22 28 35
5 16 20 27 29 30
8 3 11 13 19 23 24 28 35
8 8 10 12 19 20 24 25 29
6 1 10 22 28 29 31
6 1 4 21 27 30 35
8 3 12 14 17 23 31 32 34
4 7 9 25 26
8 13 15 17 19 24 28 31 33
7 3 4 6 8 25 30 33
4 5 10 16 25
8 5 6 9 14 15 20 32 33
6 4 12 15 30 34 35
6 7 12 14 19 21 32
9 1 4 11 14 22 23 30 32 33
5 4 26 28 29 33
7 3 5 10 12 14 17 22
3 20 29 30
7 3 5 6 14 19 22 26
8 1 10 18 19 20 22 26 30
4 11 14 32 35
7 4 17 19 24 29 31 33
4 4 23 26 29
6 2 4 18 20 23 30
6 1 9 10 17 29 35
6 9 15 16 22 26 29
10 3 11 15 20 21 23 26 27 29 31
6 7 8 9 22 32 33
6 5 19 28 30 31 32
5 5 8 12 15 26
5 19 25 28 29 30
7 2 9 13 14 15 17 29
3 17 18 28
4 9 14 21 35
8 2 15 16 17 18 20 30 34
3 23 26 34
5 6 7 8 17 19
5 1 14 19 29 32
4 13 14 22 30
4 18 27 31 34
8 3 5 9 10 15 22 25 26
5 1 3 13 22 31
12 1 3 5 10 11 13 15 19 23 31 34 35
7 9 10 15 19 22 23 30
8 2 3 7 13 19 20 28 35
3 1 27 35
3 1 11 25
3 11 25 32
9 1 2 3 5 9 13 16 20 32
8 3 14 17 18 27 32 33 34
11 7 9 11 13 15 16 18 19 26 27 29
6 1 7 11 12 17 24
5 2 6 10 17 27
4 5 9 13 35
6 2 6 14 23 27 30
5 11 24 27 30 31
6 4 6 7 19 32 33
3 4 21 23
6 10 16 17 20 23 30
6 1 7 8 15 25 26
5 11 21 22 25 26
7 1 10 15 19 20 24 33
7 3 11 18 21 22 24 31
9 1 7 9 10 11 15 19 21 24
10 1 3 8 9 10 11 15 19 34 35
6 5 6 11 20 29 33
4 4 13 17 21
5 1 4 6 8 33
6 3 7 10 18 24 34
10 6 8 12 15 18 20 23 24 28 33
10 2 6 8 15 20 23 28 32 33 34
9 5 7 15 19 21 23 24 29 35
10 2 4 7 15 23 24 25 29 30 33
3 12 13 21
10 1 9 10 18 20 21 25 27 29 31
7 2 10 13 16 21 32 35
5 10 17 25 31 34
4 1 13 17 29
9 4 12 13 17 20 21 22 28 29
6 7 12 15 16 24 29
5 3 6 8 12 33
6 9 21 23 27 31 34
3 3 17 31
4 3 7 23 32
7 7 11 21 22 25 30 35
7 9 11 15 19 24 27 29
5 3 7 21 24 35
8 1 8 11 13 24 25 32 35
7 5 7 13 15 20 26 33
7 3 7 16 18 25 30 32
5 1 5 10 16 22
12 4 6 7 9 11 12 19 21 22 27 31 34
4 4 6 12 35
7 5 8 16 20 31 34 35
5 6 11 25 28 34
8 6 8 13 15 29 31 32 35
6 1 7 10 15 16 26
7 3 6 14 17 19 25 26
10 2 13 18 19 24 25 26 31 33 35
6 7 8 22 28 29 31
9 4 6 12 13 18 25 26 27 35
8 3 4 8 17 19 20 29 33
9 2 3 8 12 18 22 23 26 33
7 2 6 11 22 30 34 35
7 7 15 19 24 27 30 34
4 10 16 28 31
8 5 10 11 12 15 25 30 31
5 2 3 6 7 25
6 5 8 19 20 24 29
6 10 11 20 29 30 34
9 1 3 6 8 10 15 17 22 29
7 5 10 16 21 22 23 26
7 9 10 15 20 21 30 32
4 2 9 22 26
6 3 4 6 23 27 29
6 2 12 14 26 28 30
5 2 4 16 33 34
6 3 5 8 22 26 34
10 3 6 14 21 26 27 30 33 34 35
7 7 8 12 13 14 17 25
9 7 10 15 22 23 24 27 28 32
3 7 13 32
3 18 33 34
6 7 11 19 21 24 35
4 8 18 28 33
8 2 5 11 14 18 20 31 33
3 8 16 31
9 3 5 7 9 15 20 26 32 35
5 2 12 19 21 33
6 15 16 22 26 34 35
7 8 14 16 24 25 32 33
8 4 11 14 18 24 29 31 33
10 3 8 10 16 22 27 29 30 34 35
6 7 19 21 22 26 31
7 4 14 17 24 27 32 34
9 4 5 9 10 12 14 16 31 32
5 1 11 21 23 26
3 9 27 30
8 5 17 20 22 25 28 30 34
5 2 6 14 15 16
6 9 10 13 15 16 26
5 9 13 16 20 26
5 8 19 25 32 34
5 18 21 22 25 34
11 6 11 12 14 15 20 23 24 29 30 31
4 1 3 8 19
10 8 9 12 13 14 17 18 19 23 25
4 15 21 22 23
7 7 14 16 20 29 31 32
8 8 10 15 20 23 24 31 34
5 22 23 32 34 35
6 6 7 10 23 29 31
4 22 25 32 35
8 1 7 9 19 22 23 28 30
6 1 9 10 16 22 29
4 1 4 13 21
7 5 7 19 20 24 27 28
6 9 15 19 26 29 34
6 8 9 13 15 34 35
5 21 26 31 32 35
5 3 4 6 21 32
5 9 13 18 22 34
7 5 8 16 18 19 31 34
5 7 8 9 14 22
5 1 9 23 27 33
4 6 13 26 35
4 1 13 17 35
9 2 16 18 20 29 31 32 33 34
8 3 12 20 28 29 32 33 34
4 11 18 20 29
4 5 7 8 31
8 6 9 14 19 20 21 26 33
11 1 4 9 10 14 17 18 20 21 28 30
4 2 15 31 33
4 3 4 6 16
4 2 5 17 29
9 4 6 14 22 24 26 30 34 35
4 15 16 21 29
4 7 8 19 27
4 9 11 18 26
4 8 21 32 35
9 1 6 12 14 16 29 31 32 35
7 7 13 17 22 31 32 35
7 1 12 15 20 28 34 35
4 6 15 16 28
10 2 9 14 15 16 17 18 25 26 35
7 3 6 7 8 14 21 29
4 22 23 26 35
9 1 2 7 14 18 19 30 31 34
6 12 14 17 21 22 35
6 7 11 21 24 30 34
5 11 17 18 25 26
8 6 17 22 25 28 30 33 34
3 20 27 34
6 2 13 21 22 23 27
5 11 14 19 25 34
5 3 8 18 25 32
3 5 22 35
5 9 15 21 26 29
9 3 13 19 20 21 23 24 26 27
7 1 4 10 15 16 17 31
7 3 6 7 12 17 29 31
4 7 16 19 32
3 6 11 25
9 5 12 13 14 26 27 30 34 35
5 3 6 16 17 28
10 3 6 10 14 18 19 23 25 31 33
5 7 10 11 26 34
4 9 20 30 35
5 7 11 18 32 34
7 1 2 4 19 21 33 35
5 16 19 23 25 30
6 3 8 12 13 21 31
11 2 12 14 15 18 19 23 24 29 31 34
9 3 8 15 16 18 19 26 28 35
3 9 17 18
5 4 11 20 28 29
4 21 25 30 34
4 10 21 25 26
7 12 20 25 28 29 33 35
9 1 2 6 13 14 15 16 29 35
5 8 11 23 25 28
7 5 8 11 14 23 29 30
4 11 25 26 27
8 4 5 9 10 12 13 26 28
9 8 10 13 20 21 22 24 32 34
8 5 11 12 13 14 27 28 33
5 6 15 28 29 31
6 2 5 13 15 17 31
10 5 9 13 15 16 17 23 26 27 34
5 6 11 18 20 22
8 9 13 14 21 25 27 29 30
5 5 6 15 16 35
4 1 5 16 25
4 5 12 15 29
8 2 10 14 15 17 20 30 32
7 5 9 11 13 29 30 31
8 1 3 9 11 21 23 30 32
4 8 20 29 30
10 3 7 13 14 15 17 22 32 33 35
4 18 20 28 29
8 7 8 12 15 19 20 22 35
4 13 25 34 35
10 7 10 13 15 16 19 25 27 32 34
5 5 12 15 17 20
5 1 8 10 18 30
5 11 22 29 33 35
5 10 15 16 21 26
10 8 9 10 11 15 19 23 28 30 32
8 1 5 10 12 15 17 21 35
10 1 2 4 5 9 12 16 22 24 28
5 5 11 15 18 34
9 1 6 12 20 22 26 27 28 29
6 7 14 17 18 23 28
11 2 4 5 7 8 12 15 19 23 27 28
5 11 19 27 30 31
4 3 7 9 24
4 5 20 29 31
6 1 7 8 25 27 30
7 1 10 16 18 25 27 29
8 8 13 15 21 23 24 31 35
6 2 4 17 20 21 23
6 6 9 24 26 28 35
7 5 10 13 15 17 31 33
10 1 7 8 11 17 19 23 27 33 35
9 10 12 18 21 25 26 27 29 35
8 7 9 15 18 21 29 31 35
4 3 9 22 32
3 7 11 32
10 5 7 8 11 13 22 23 26 28 31
3 11 18 29
5 2 4 17 24 32
9 1 2 11 14 22 27 30 31 32
6 3 10 21 23 24 32
4 15 20 22 28
5 3 8 15 28 34
7 11 17 21 23 25 28 29
9 10 12 18 20 24 25 28 31 34
5 11 18 22 29 34
5 4 6 20 28 29
6 9 11 13 23 30 32
10 1 3 4 5 6 12 19 21 29 35
5 6 8 11 17 33
9 2 3 8 17 22 24 26 33 35
6 7 8 11 23 24 25
5 3 15 16 28 31
7 2 10 11 12 20 25 35
6 2 8 14 30 31 33
4 1 10 13 24
7 2 18 26 27 28 30 35
5 7 8 9 22 31
5 4 9 12 19 33
4 5 12 24 29
10 1 3 5 7 11 16 23 29 30 32
6 2 4 7 9 32 34
6 1 15 22 29 32 35
7 1 3 11 18 22 26 32
7 9 14 16 18 22 25 26
5 2 9 13 26 33
9 4 6 17 19 22 25 27 31 35
5 3 6 7 12 14
7 1 5 7 10 11 18 29
6 5 13 16 18 29 30
4 13 23 25 34
10 3 4 5 6 16 18 19 27 28 33
5 1 18 22 25 30
8 1 5 8 10 13 16 24 32
6 7 8 13 22 24 35
11 4 5 6 7 8 10 15 17 18 19 25
4 1 22 24 28
9 7 8 13 16 18 26 29 30 31
9 2 4 8 11 12 21 26 27 31
4 18 23 27 28
5 18 25 28 30 32
10 3 7 10 12 17 21 22 26 32 33
3 8 30 34
5 3 10 19 24 34
6 5 15 19 27 30 34
6 9 15 16 21 29 35
5 9 12 14 22 34
8 6 11 15 23 24 28 31 34
5 1 5 20 28 35
5 7 8 11 27 30
4 2 3 7 8
3 13 22 34
7 3 9 11 13 18 19 21
5 1 10 28 29 34
6 16 22 26 30 34 35
9 1 6 7 9 18 21 24 32 34
10 1 4 5 6 27 28 30 33 34 35
7 7 11 18 19 23 24 28
7 1 4 9 17 24 26 33
8 4 5 6 14 21 26 32 35
7 4 7 8 17 20 24 33
5 10 15 24 28 31
7 2 3 6 12 19 25 26
6 1 5 11 22 26 33
8 4 10 15 23 27 30 31 32
9 2 7 8 14 15 17 22 26 32
4 1 13 22 27
6 4 6 13 15 20 22
7 3 14 16 19 20 31 33
3 9 14 22
5 2 7 14 15 16
6 2 7 11 19 23 34
4 11 20 23 34
8 6 8 14 17 23 25 31 32
9 5 7 11 14 18 23 29 31 32
5 5 20 28 30 34
10 3 4 5 6 8 12 15 20 22 32
7 2 3 15 17 20 32 33
5 12 17 30 33 34
4 3 4 8 24
9 3 12 14 16 17 19 20 28 31
4 9 26 28 35
8 5 7 15 22 26 28 32 35
7 6 8 14 17 19 29 32
8 2 10 14 17 21 27 30 34
9 2 4 9 12 23 24 27 32 34
4 24 26 31 35
6 11 14 20 21 23 35
9 1 3 7 10 13 22 24 28 29
6 2 9 17 19 24 35
4 7 8 19 34
6 12 13 14 26 31 33
4 1 18 26 27
8 9 13 15 16 18 22 27 30
3 2 12 25
4 2 5 6 17
7 6 11 21 22 28 30 35
4 11 18 25 32
8 1 6 7 12 13 19 23 25
5 9 18 22 23 27
4 2 8 19 32
5 2 4 19 33 34
9 8 9 11 23 24 26 30 32 35
4 9 13 21 32
8 6 11 14 20 25 28 34 35
4 3 12 19 24
5 3 8 10 15 35
5 9 19 22 31 35
11 13 19 20 23 25 26 27 28 31 32 35
5 7 21 23 27 31
6 3 7 18 24 25 34
5 5 13 16 22 29
5 1 2 15 20 28
6 11 15 18 20 27 28
6 4 5 14 20 24 35
7 1 5 10 14 16 17 21
5 5 12 26 29 33
5 8 10 14 15 16
5 18 20 25 29 30
3 3 23 26
6 2 5 12 14 15 18
9 1 4 5 12 13 14 16 28 35
5 1 11 22 25 26
7 3 15 25 27 29 32 34
8 10 18 19 20 24 25 28 32
5 4 6 17 18 29
4 3 8 25 29
11 2 4 10 13 16 22 23 25 28 33 35
10 1 3 6 12 14 18 21 25 30 35
8 5 7 20 21 23 29 31 35
8 12 13 14 16 21 24 31 35
4 21 22 26 30
9 1 10 14 19 20 22 26 29 32
7 8 9 11 18 21 22 25
8 2 6 7 8 10 18 28 29
9 8 9 16 17 20 26 29 32 35
7 5 9 11 13 17 27 30
5 1 13 17 25 33
5 6 12 14 21 35
5 8 13 21 22 27
7 6 14 18 25 30 33 35
5 7 11 23 27 31
9 5 6 11 13 17 26 28 30 33
4 14 18 23 25
6 19 25 31 32 34 35
4 3 4 19 31
6 5 6 17 19 20 25
4 10 19 31 34
7 3 6 7 10 12 26 33
7 1 11 13 16 22 23 27
9 2 3 12 15 20 24 27 29 33
4 2 14 16 33
5 5 13 21 30 35
10 7 11 17 19 20 25 28 29 30 33
4 19 25 27 31
4 3 12 30 32
7 6 9 18 23 25 28 33
6 5 6 12 15 16 34
6 3 4 8 14 17 29
8 3 4 5 8 10 13 21 32
4 6 15 17 35
4 15 16 28 32
6 2 6 8 17 19 32
3 12 25 30
5 10 11 16 30 34
6 3 5 12 15 24 31
9 2 3 12 13 19 23 26 31 35
3 3 19 33
6 6 14 19 28 31 33
7 1 2 6 11 13 24 31
3 15 25 34
6 11 12 17 23 30 35
8 1 3 11 15 20 21 28 35
3 9 11 23
7 2 10 14 18 19 27 32
5 7 25 30 31 32
6 10 12 17 23 25 28
9 2 8 12 17 20 25 27 28 32
11 3 5 8 21 22 23 24 25 28 29 34
6 7 9 13 16 28 31
8 8 9 13 14 22 30 31 32
3 13 18 25
8 4 15 16 25 27 29 31 33
3 3 9 27
6 1 7 8 11 20 31
10 3 6 10 11 14 17 19 20 24 28
7 6 10 12 14 16 26 28
6 1 9 10 16 34 35
5 2 7 17 24 33
8 1 7 8 20 26 27 28 31
5 13 14 16 21 26
8 3 8 18 21 24 26 27 33
5 4 6 17 19 31
3 4 8 31
4 9 22 23 34
8 8 15 19 20 23 27 31 34
8 6 10 13 14 20 21 29 35
5 4 13 14 21 33
6 2 15 21 22 28 35
5 3 10 18 19 34
3 11 15 33
9 1 6 11 13 17 18 28 33 35
5 8 10 15 16 32
7 1 14 19 23 24 25 27
3 15 16 24
8 13 15 16 20 21 23 26 30
7 2 9 16 20 26 28 33
3 1 21 23
7 4 6 22 23 26 29 33
9 2 4 5 10 12 15 21 27 35
6 2 3 7 14 17 19
9 1 2 6 7 17 23 24 27 30
6 3 8 18 19 23 27
10 3 5 6 7 16 17 23 24 25 29
4 9 20 22 30
6 4 11 12 18 30 33
10 1 4 7 13 16 26 28 29 32 33
6 5 9 10 21 28 35
11 9 10 16 18 19 24 25 26 32 34 35
4 28 31 32 35
3 2 5 6
8 1 6 9 10 11 17 28 29
9 3 5 9 18 19 20 22 25 28
4 4 10 15 20
6 3 4 8 14 19 33
6 4 5 10 21 31 32
7 1 9 14 21 24 25 30
6 3 18 19 23 30 33
6 3 10 14 20 24 29
6 1 10 16 20 27 35
5 3 7 15 26 29
5 4 6 8 31 33
5 3 8 20 29 32
5 13 22 23 29 30
5 2 4 14 23 25
3 8 11 31
3 11 19 29
4 17 23 27 30
7 4 6 9 13 20 26 29
10 3 5 7 8 10 11 18 20 21 25
6 2 10 15 18 20 27
8 3 6 17 18 19 21 32 34
3 4 30 34
6 5 6 15 24 30 34
6 3 6 17 19 32 33
8 15 16 17 18 19 20 23 30
4 13 22 25 35
7 4 5 6 13 14 16 20
5 18 21 22 34 35
5 1 2 4 17 21
4 8 13 26 29
9 2 4 6 7 11 23 25 29 31
11 1 11 12 14 19 21 22 23 24 30 32
8 1 8 13 15 18 20 24 29
5 4 6 11 12 35
4 9 12 17 33
5 10 13 16 26 29
6 7 15 19 22 33 35
7 5 16 19 21 22 29 33
5 9 22 26 27 30
4 5 6 16 28
7 13 22 25 28 29 30 35
8 1 7 10 11 16 19 20 31
7 3 10 12 17 20 28 33
6 11 15 19 27 31 34
7 8 11 18 19 27 31 33
4 3 13 21 34
4 1 17 18 27
7 2 4 5 15 18 21 29
9 6 7 10 12 15 17 26 29 35
9 3 8 10 12 14 15 24 27 30
3 22 26 34
6 8 23 24 25 26 31
4 2 10 12 15
9 1 3 9 11 15 27 29 30 31
9 5 9 16 25 26 27 28 32 35
6 3 15 25 27 28 34
7 13 15 16 18 22 26 31
7 5 14 16 18 23 28 31
10 1 2 9 10 16 18 27 28 33 35
4 1 26 33 35
6 4 14 15 18 33 35
6 5 9 15 21 28 35
3 2 29 33
8 1 2 10 13 14 18 22 23
7 3 13 22 24 26 28 32
8 3 5 15 16 22 25 26 35
4 10 25 29 30
3 15 16 17
9 7 8 9 10 12 16 26 31 33
4 3 19 24 29
5 2 6 10 15 28
8 4 5 6 12 16 18 27 34
10 1 4 5 7 8 9 15 20 22 32
5 1 6 14 19 22
9 4 10 12 16 17 21 27 29 35
3 16 19 20
8 2 3 4 13 18 23 25 26
7 4 7 20 24 25 29 33
6 6 13 14 16 28 35
7 8 10 17 22 24 28 32
5 1 12 13 24 33
4 6 7 22 24
8 1 10 13 14 17 20 28 35
5 2 4 11 23 33
3 1 17 35
7 1 11 13 15 22 28 30
6 2 6 12 18 27 30
6 9 10 16 22 26 28
7 3 5 10 11 12 14 33
6 6 7 19 23 29 30
5 6 12 15 20 25
9 4 5 7 12 15 19 24 30 34
9 1 3 9 20 22 28 29 31 34
8 4 10 16 20 24 25 32 33
3 9 14 17
5 8 11 18 19 27
4 8 12 15 28
3 1 8 19
7 2 4 6 16 20 25 35
3 4 10 28
8 3 9 10 21 26 28 30 31
6 9 23 25 26 34 35
5 14 22 26 34 35
3 4 29 33
10 2 3 7 9 11 13 14 21 31 33
3 19 21 26
5 4 15 19 22 28
6 5 10 17 21 25 30
7 2 4 5 13 15 17 29
4 5 16 22 24
5 6 20 23 30 33
9 3 4 14 15 19 22 24 29 33
7 2 4 6 10 15 27 28
4 2 12 17 35
8 1 6 11 12 17 25 30 31
5 11 15 25 31 33
5 5 9 10 14 16
4 6 17 22 25
6 12 17 18 21 24 30
4 10 11 23 27
7 12 13 16 17 18 23 29
9 2 3 4 7 11 23 24 33 34
7 12 16 18 22 23 25 33
6 11 20 23 28 29 34
5 1 13 25 27 34
4 8 15 20 31
10 2 4 10 11 12 13 18 20 22 34
6 1 3 13 19 21 31
8 1 2 9 11 13 16 17 33
6 13 16 21 26 29 33
6 5 18 24 28 29 30
6 2 6 14 25 27 30
7 12 13 22 23 25 27 35
8 7 12 14 18 21 22 33 34
5 7 8 11 16 18
8 3 5 7 14 18 20 29 31
4 5 15 28 33
10 2 3 4 7 18 21 23 30 31 35
5 4 6 17 31 32
9 1 2 10 12 25 26 28 29 35
7 2 6 7 9 11 32 34
10 1 2 7 9 14 19 22 30 32 33
4 3 8 28 32
4 11 15 27 34
3 9 16 21
7 1 10 24 26 32 34 35
5 9 10 15 21 26
6 4 5 6 17 24 35
4 8 15 19 24
5 2 4 14 21 26
5 10 13 18 21 30
6 1 6 9 12 19 22
7 2 9 12 13 31 32 33
6 2 4 13 20 24 33
9 1 5 14 18 20 22 26 28 34
5 1 5 7 11 24
9 3 14 16 17 27 28 29 33 34
6 3 9 19 21 24 26
3 7 8 21
8 2 3 13 14 24 26 31 35
7 7 20 24 25 28 29 30
6 1 9 14 20 29 34
4 18 24 27 31
4 1 11 30 35
8 5 6 9 17 22 27 29 34
6 4 6 11 12 27 30
8 3 10 15 16 17 25 31 32
5 4 6 14 15 29
8 4 12 13 17 21 24 25 35
8 10 12 20 22 23 26 30 34
12 3 5 6 8 11 14 17 18 23 28 29 32
6 3 10 19 20 29 32
3 25 28 29
4 15 20 27 28
4 4 12 22 31
6 11 19 25 27 33 35
5 9 13 24 26 31
10 4 6 13 14 15 18 22 23 26 27
6 1 9 13 16 18 34
3 12 18 25
4 3 7 10 15
4 1 5 20 22
6 9 10 22 29 30 34
3 3 5 7
7 1 3 10 20 26 32 33
6 2 3 8 14 24 27
3 9 25 35
3 14 16 29
3 10 23 29
3 17 20 33
7 1 8 18 19 23 31 34
4 10 11 23 28
4 10 13 21 26
3 3 7 23
4 14 16 20 23
8 2 4 11 13 25 27 33 35
6 2 9 13 26 28 33
4 15 16 19 23
4 7 20 22 31
4 5 9 22 28
4 1 9 11 23
10 3 8 10 13 22 26 28 29 31 33
3 11 16 34
4 13 15 16 29
4 18 19 30 34
5 4 7 16 19 24
9 8 10 12 14 15 19 20 30 31
7 8 15 16 22 24 29 32
3 13 18 27
4 1 15 16 22
6 6 9 12 22 26 31
4 1 9 19 22
4 5 13 15 29
8 6 12 17 20 23 26 28 34
4 6 11 31 32
5 1 13 15 16 28
6 7 9 11 19 21 26
8 2 4 9 10 13 17 19 35
4 8 9 17 21
9 6 11 12 17 21 22 26 30 31
10 8 10 11 13 15 21 25 28 30 32
3 11 21 25
8 7 8 9 13 18 22 23 32
4 2 14 16 20
7 3 10 20 26 29 31 32
7 6 7 8 14 19 29 33
9 1 4 13 17 18 21 30 33 34
4 3 6 7 24
5 9 21 25 27 34
3 7 19 21
5 9 16 26 28 29
8 6 11 21 25 26 31 34 35
7 4 7 10 14 15 17 28
5 7 9 19 21 31
8 8 18 22 24 26 27 30 31
5 10 15 16 26 35
4 13 16 21 28
8 7 14 15 19 23 25 27 29
5 2 5 6 10 20
3 9 16 35
10 7 8 9 14 17 18 19 23 25 26
5 1 3 7 24 35
3 9 13 24
8 1 2 4 8 13 17 24 32
12 1 2 4 8 11 12 19 21 23 24 25 35
3 11 20 25
9 1 4 7 14 23 27 31 32 34
4 7 23 26 31
9 10 11 13 19 21 24 25 26 32
9 1 10 13 20 23 26 27 28 30
6 5 14 17 18 28 33
11 3 4 5 6 10 11 14 18 19 24 34
7 10 12 20 22 23 25 33
9 3 5 6 7 14 26 32 33 35
7 7 8 13 15 16 29 32
7 2 3 10 14 17 18 20
9 2 9 14 15 26 29 30 33 35
6 2 3 13 19 21 26
7 12 17 23 28 29 33 34
10 3 4 9 18 22 25 30 31 33 35
5 4 15 18 21 28
8 7 9 15 19 20 26 29 31
6 3 12 22 24 26 31
4 9 11 25 34
7 1 7 9 15 16 19 32
3 8 21 28
9 1 3 11 18 20 22 30 32 35
7 2 12 20 25 31 33 34
10 4 5 8 12 13 14 22 24 26 28
8 1 12 19 21 22 29 32 33
5 8 19 25 30 32
5 8 10 15 24 31
6 2 8 11 26 33 34
4 7 15 28 31
6 11 21 22 25 26 30
10 2 4 5 8 10 12 19 21 28 35
7 5 18 20 24 26 27 34
9 2 11 13 15 17 20 21 29 34
7 4 5 12 17 20 23 27
5 1 5 16 21 22
7 1 9 14 16 17 20 35
7 1 3 19 23 24 25 35
9 3 4 9 11 18 21 24 25 32
8 3 8 10 11 19 25 27 29
5 11 13 21 23 27
4 5 8 20 24
7 2 8 13 15 16 31 32
7 8 9 14 15 16 29 35
3 15 25 27
6 4 16 17 19 28 31
9 3 9 18 21 24 25 28 29 31
5 10 12 18 19 31
6 1 11 17 21 25 26
7 3 5 9 13 14 15 21
7 2 5 6 8 9 10 31
10 1 2 7 9 14 19 25 27 34 35
8 3 5 7 10 18 23 28 31
5 1 11 21 26 34
4 1 24 26 32
4 3 13 19 24
6 6 13 23 29 33 34
5 4 14 21 22 35
5 4 13 20 29 34
8 1 8 10 21 24 28 32 35
7 2 7 10 16 19 32 35
4 11 27 31 34
11 10 11 15 19 22 26 27 28 30 31 32
4 4 5 27 30
6 7 12 14 19 30 31
11 1 2 4 14 16 20 22 27 28 34 35
9 2 3 4 6 9 18 24 25 27
6 1 18 23 25 31 35
10 1 4 6 8 14 19 22 25 27 30
3 15 16 21
4 3 18 25 33
6 5 9 11 16 23 27
3 6 14 23
6 3 11 13 23 28 30
7 4 11 14 21 22 25 26
4 1 24 29 32
7 9 10 16 28 31 32 35
4 2 4 31 33
6 6 11 16 18 27 33
3 24 29 31
8 3 5 8 11 15 18 19 28
5 1 7 8 21 28
4 3 12 13 32
4 7 19 22 26
10 2 6 16 20 22 26 27 28 33 34
7 7 11 19 21 24 34 35
8 3 6 10 13 20 22 31 33
4 5 15 29 34
10 3 6 7 18 24 27 28 29 30 33
8 1 4 6 7 18 19 22 24
7 3 8 15 16 20 26 31
5 11 12 14 17 25
6 9 13 21 24 25 30
7 2 5 16 19 24 28 32
5 9 10 23 26 35
6 8 17 23 30 31 34
6 7 15 16 22 23 26
7 3 5 7 16 19 26 35
6 1 9 13 20 23 34
4 5 13 17 20
7 4 8 12 24 25 33 34
4 3 11 15 23
4 10 14 16 20
7 2 3 11 17 20 23 24
6 2 12 13 17 21 26
4 14 17 28 29
6 6 13 23 24 30 31
5 3 12 23 24 30
4 7 8 12 20
6 8 11 13 30 31 35
3 6 19 21
5 6 9 12 16 21
4 3 18 19 23
6 7 17 19 28 29 32
6 17 21 22 29 34 35
9 4 6 8 14 15 16 18 29 30
3 3 18 32
10 2 4 7 12 26 27 30 31 34 35
7 6 7 8 12 16 27 33
10 1 12 13 14 16 18 28 29 33 35
6 2 4 9 13 21 33
5 3 7 10 19 27
3 1 11 24
5 9 15 20 21 22
7 3 8 11 16 23 26 29
4 1 8 27 33
3 5 11 25
4 23 25 28 29
9 2 3 6 8 17 24 27 28 30
5 7 17 18 23 24
7 4 6 8 14 15 24 32
9 2 5 12 14 18 20 23 25 28
5 23 28 29 30 34
5 12 17 18 25 28
3 5 20 22
10 2 4 11 22 23 26 30 32 33 35
4 1 22 24 32
10 5 6 8 10 13 16 24 26 31 33
8 6 9 11 14 17 18 22 35
4 3 13 24 26
4 11 18 23 29
8 3 7 8 10 11 15 16 34
9 5 9 11 13 22 24 25 30 31
8 2 3 5 16 19 28 30 31
6 1 4 8 13 14 26
8 1 6 17 20 22 23 25 29
3 9 13 25
6 11 13 14 22 30 33
4 7 22 28 35
4 7 10 15 17
9 5 18 19 21 22 26 27 31 32
5 7 8 13 21 31
8 2 10 11 14 15 16 18 34
5 3 6 7 8 18
6 1 16 21 22 23 33
9 1 2 9 11 14 17 26 27 34
9 1 11 17 18 21 25 29 33 35
7 1 2 12 15 21 27 30
5 2 4 33 34 35
6 2 4 19 22 24 31
8 14 16 18 27 28 29 32 33
9 8 13 14 17 19 20 22 33 35
6 5 10 12 15 17 33
9 2 10 15 17 18 19 23 28 34
5 10 16 28 30 34
3 21 25 30
5 1 3 13 26 31
10 2 3 8 9 14 17 30 31 34 35
8 2 4 6 15 18 22 23 30
4 7 10 23 32
4 5 20 26 28
6 4 5 6 14 26 34
6 15 20 25 29 30 34
9 1 6 8 9 11 13 17 18 33
5 10 13 20 26 29
7 4 6 14 22 25 26 35
4 1 20 21 26
3 10 19 20
7 1 5 7 15 18 20 27
4 6 9 14 33
6 10 18 27 28 29 30
6 5 7 10 15 24 32
7 1 6 14 25 32 33 34
7 8 12 14 17 28 30 31
7 13 14 15 17 21 29 34
4 18 27 30 32
10 5 9 11 12 13 16 18 21 28 30
4 2 4 14 29
10 3 8 14 18 21 23 24 26 33 34
6 5 19 24 28 29 32
9 2 4 17 19 23 24 25 32 34
8 4 8 12 13 17 18 25 32
7 5 8 14 17 29 30 31
7 2 5 6 10 14 19 31
4 8 10 20 28
7 1 2 4 18 23 30 33
8 5 9 11 12 16 17 30 33
5 10 13 21 26 34
4 3 8 28 31
5 2 7 20 22 32
8 1 8 10 11 21 29 30 32
3 19 20 31
8 2 9 14 22 23 25 30 35
3 1 34 35
5 18 20 25 34 35
7 1 4 10 14 15 24 33
7 2 3 6 7 8 10 29
6 19 23 31 32 34 35
6 12 13 14 17 25 26
6 5 10 11 16 25 34
8 9 15 16 18 20 22 23 33
3 11 28 30
3 8 9 15
7 8 10 25 27 32 34 35
7 3 5 8 10 25 29 31
5 14 19 31 34 35
9 1 2 6 7 19 28 29 31 33
6 1 22 26 27 29 31
7 1 5 10 11 20 24 25
5 2 10 14 15 33
5 3 21 24 26 31
5 19 25 27 31 34
6 6 8 11 14 24 34
3 24 25 29
10 5 7 9 12 13 15 22 24 29 31
7 3 7 9 14 23 30 33
4 17 19 24 35
7 2 3 12 15 19 25 31
6 2 5 9 13 29 30
5 2 5 9 26 35
4 2 7 14 27
5 10 15 20 23 25
4 5 8 15 20
9 1 2 8 11 13 17 18 22 23
8 9 11 16 24 25 26 29 30
4 2 4 16 29
4 2 12 28 33
4 2 3 4 12
6 3 6 17 19 29 32
8 6 18 25 26 30 31 32 33
3 9 14 35
6 1 5 19 21 22 28
4 1 18 22 35
8 1 5 7 8 16 21 22 29
4 19 24 33 34
7 3 10 19 26 29 30 32
7 5 7 8 10 24 25 28
10 1 2 4 13 15 16 19 24 26 31
4 6 12 14 15
7 10 16 17 25 28 30 32
4 24 29 31 32
6 10 16 20 27 34 35
7 7 10 12 14 20 23 28
3 9 22 23
4 1 7 16 19
9 3 8 12 15 17 18 23 24 25
6 1 6 10 15 19 28
4 7 14 20 33
6 1 2 4 14 23 30
8 2 9 11 12 13 26 33 34
6 2 12 15 17 19 24
4 6 12 14 32
10 6 9 12 15 16 19 22 28 32 35
3 11 15 29
9 8 13 16 19 20 25 28 30 32
4 1 21 26 33
6 6 18 23 25 28 29
3 6 11 29
8 5 6 15 17 24 25 29 34
5 2 12 25 27 33
5 3 8 10 29 32
8 9 15 21 25 27 28 29 34
9 3 4 17 18 26 27 32 33 34
9 6 9 12 16 21 22 28 29 33
3 1 13 28
6 4 6 7 13 17 32
5 9 10 15 17 33
7 4 10 11 15 18 19 29
4 7 10 22 31
8 8 18 20 27 28 29 31 34
9 1 8 12 14 18 26 27 30 32
4 11 17 18 34
10 5 6 15 16 17 21 23 25 27 33
4 17 18 19 27
6 6 14 18 20 29 33
7 1 6 12 22 31 34 35
8 3 6 10 17 19 20 24 34
6 5 13 20 21 22 29
5 7 21 26 28 29
6 5 10 13 15 19 35
3 1 18 34
5 11 16 23 28 30
6 2 14 15 20 28 34
10 9 12 14 17 20 23 25 29 30 35
9 4 8 17 26 28 31 32 33 35
7 1 6 18 19 21 22 31
5 8 13 14 16 21
9 5 7 14 15 16 17 22 31 35
5 16 19 22 24 26
7 15 18 20 21 22 27 28
6 1 6 7 13 33 35
4 1 15 21 35
4 3 8 16 28
8 1 4 9 10 13 14 18 23
6 11 12 14 18 30 32
9 3 6 10 12 18 19 29 32 33
3 14 21 33
3 7 8 23
4 8 11 25 34
5 10 16 29 33 35
3 7 15 32
4 17 19 24 28
7 4 7 13 19 32 34 35
6 5 9 11 15 21 30
3 8 15 29
5 16 17 20 29 33
3 3 29 31
6 3 4 8 18 19 23
6 2 6 7 14 24 34
5 3 19 23 24 34
10 4 5 9 10 13 24 26 28 31 32
6 1 3 5 10 29 33
7 3 4 6 11 26 30 35
4 6 12 14 16
4 12 18 21 30
4 12 17 33 34
7 6 9 12 14 21 26 34
6 5 10 12 13 28 35
5 4 10 15 16 23
3 2 3 9
5 7 18 23 24 30
5 14 17 25 27 30
6 2 3 7 14 24 28
9 6 9 14 15 18 22 28 29 30
12 2 3 4 11 12 19 21 22 26 27 30 31
10 3 4 6 11 16 18 19 20 23 31
4 13 21 28 32
11 3 4 7 9 12 17 22 30 31 34 35
7 2 4 13 16 20 26 35
9 5 8 10 11 16 19 31 34 35
7 3 13 18 25 30 33 35
5 9 11 12 23 34
6 15 18 22 27 34 35
9 5 9 16 21 23 25 30 31 32
8 3 5 6 16 26 31 32 35
3 9 34 35
6 8 10 11 12 18 28
8 10 14 15 23 24 27 29 33
6 5 11 20 27 29 32
4 2 14 22 28
3 2 23 34
5 4 7 8 19 33
7 3 8 11 13 23 24 25
5 4 6 7 14 32
3 12 18 34
5 3 8 19 23 26
7 1 3 7 9 10 15 28
6 1 7 13 15 26 28
9 4 5 6 7 18 20 24 28 33
7 3 10 12 14 20 24 30
7 4 17 18 19 24 25 27
4 9 21 22 29
4 5 22 30 34
9 5 7 8 10 22 24 26 29 30
6 12 15 17 18 23 33
3 1 7 13
7 3 5 10 11 19 29 31
6 4 12 22 25 27 30
9 1 2 9 15 23 27 29 30 35
8 1 8 11 15 22 23 29 31
10 1 4 10 13 14 15 21 23 33 34
7 1 5 15 18 21 23 30
4 4 7 12 33
5 2 3 5 8 14
4 1 16 22 26
7 15 16 22 25 27 30 32
7 3 4 8 11 17 27 33
3 9 22 28
5 15 19 22 29 31
6 1 11 18 21 22 27
9 6 7 9 19 22 23 30 32 34
4 11 18 20 28
6 14 16 18 28 33 34
3 6 9 33
4 6 16 18 20
8 10 11 12 14 25 26 28 33
6 7 13 15 17 20 32
3 18 32 33
4 2 12 14 35
7 3 5 17 21 31 32 33
10 1 2 7 10 14 28 29 31 32 35
7 18 19 21 22 26 29 30
4 4 19 24 33
4 2 14 26 34
7 3 8 15 16 25 26 32
4 5 14 20 28
6 10 15 19 21 31 33
6 6 9 11 13 14 33
6 10 19 25 28 32 34
6 1 17 19 20 26 35
9 10 14 17 22 23 26 28 29 30
4 5 16 20 27
4 21 23 30 35
9 1 3 15 22 23 24 26 28 30
6 6 14 16 24 26 33
8 3 9 15 21 22 24 27 32
9 7 15 18 20 21 25 27 28 35
8 2 12 17 18 22 25 27 32
9 2 15 16 19 23 29 30 31 34
4 2 3 13 19
9 1 7 10 16 19 25 26 28 31
11 4 7 12 16 17 20 24 25 28 32 34
6 17 21 22 25 26 34
4 18 23 26 35
4 4 12 18 33
5 1 2 6 9 13
4 1 13 16 26
9 2 7 11 12 17 18 21 23 31
4 4 23 33 35
9 4 6 12 16 19 23 24 30 32
11 2 9 14 20 25 26 27 28 29 30 35
7 3 15 24 29 32 33 34
5 1 5 9 12 28
6 2 3 7 14 31 33
5 2 4 12 23 24
4 13 18 27 28
7 9 10 12 16 18 23 25
5 3 15 16 25 28
3 5 11 20
10 6 9 10 13 17 27 29 30 33 34
7 2 6 7 21 25 31 32
6 5 9 20 21 34 35
8 1 3 9 10 23 28 31 32
9 3 7 12 15 17 19 20 23 33
8 7 10 13 15 18 19 22 31
4 3 23 27 32
9 7 15 16 17 25 27 30 31 32
7 1 2 18 21 23 25 26
6 4 13 26 28 30 34
10 2 8 9 12 14 22 29 31 32 35
5 11 16 20 27 29
6 2 6 9 17 21 30
5 5 11 15 25 30
6 4 8 16 27 32 33
4 9 13 14 26
4 4 14 17 35
5 12 14 20 21 31
9 1 4 8 14 15 19 20 29 33
10 1 5 12 14 15 16 25 33 34 35
5 5 21 22 26 29
7 7 9 20 25 27 30 32
3 13 15 22
7 5 6 16 18 25 26 27
6 3 8 16 18 23 25
7 3 13 18 21 27 30 31
6 3 11 14 18 19 28
7 8 10 11 20 28 31 34
4 16 22 28 35
5 1 6 7 20 24
7 3 4 6 19 21 22 24
7 1 3 9 13 19 30 33
6 2 17 19 21 24 32
4 3 4 7 21
6 12 16 22 25 27 30
4 4 16 29 33
10 5 6 11 12 15 16 27 30 32 33
4 9 11 25 26
6 15 16 18 22 25 27
3 4 11 12
8 2 7 9 16 17 24 26 32
5 5 7 8 14 33
7 6 9 10 17 25 29 30
4 2 4 6 20
3 10 24 32
5 3 5 9 15 29
4 9 22 27 30
7 3 9 21 23 26 31 32
8 12 14 18 23 26 27 33 35
7 5 10 22 23 25 27 28
9 13 16 18 20 22 26 28 30 34
8 2 4 9 21 24 31 32 34
9 3 4 6 11 13 21 24 25 33
4 10 11 15 28
5 5 14 15 16 23
11 4 5 11 17 19 24 25 28 29 31 34
6 6 11 19 25 27 35
9 10 11 19 20 22 23 24 28 30
7 1 2 6 9 23 28 35
7 6 14 15 16 24 25 29
10 1 3 14 17 25 26 27 31 33 34
8 3 6 8 11 12 23 32 34
3 5 6 12
4 9 13 19 35
4 3 8 9 22
5 2 12 14 23 27
3 9 21 34
10 2 9 11 13 14 16 20 22 23 33
6 1 2 4 13 22 33
4 1 16 29 35
5 4 13 17 21 33
5 1 11 13 22 28
5 3 16 19 23 34
6 8 9 18 20 21 26
7 3 8 9 12 22 31 33
4 9 11 21 35
7 1 2 18 20 21 23 25
8 3 20 23 24 25 28 29 32
9 4 5 14 18 21 28 29 34 35
4 9 15 26 35
8 10 14 15 18 20 27 33 34
4 10 13 21 27
4 3 6 19 32
6 5 11 15 23 25 29
6 1 8 9 11 24 35
6 2 3 4 8 12 31
4 25 31 34 35
5 8 9 21 29 32
8 1 10 14 17 20 21 23 29
5 4 6 28 33 34
4 15 20 22 26
11 3 4 6 10 14 15 20 25 27 30 31
5 15 18 20 27 34
5 8 12 15 22 31
6 2 10 17 23 29 34
5 3 8 23 25 32
7 18 24 26 27 31 32 34
5 6 17 22 33 35
4 3 13 19 27
10 5 10 12 14 16 18 21 23 27 35
4 1 19 26 29
5 6 12 23 30 34
10 1 2 5 9 11 15 18 22 25 28
9 1 2 6 13 17 25 27 29 30
6 1 17 18 25 27 29
7 5 8 9 14 21 26 29
7 2 6 9 22 25 26 33
7 3 11 22 27 29 30 31
4 7 12 14 23
10 4 10 12 13 20 22 23 26 27 30
4 13 21 23 24
5 3 7 27 30 32
6 1 13 19 22 29 32
6 3 8 14 15 16 21
10 1 4 5 6 14 26 27 29 30 35
7 6 7 15 19 25 27 32
5 3 5 7 19 28
6 7 12 18 23 25 33
5 4 8 15 33 35
5 11 13 21 22 34
8 1 15 16 17 22 29 31 35
4 4 5 18 35
7 7 22 23 24 26 34 35
7 3 10 11 20 24 29 32
3 7 21 22
9 1 12 13 15 17 18 20 29 33
6 8 12 14 24 31 33
8 1 6 11 15 20 22 28 33
5 3 18 19 23 35
7 11 23 24 25 26 28 31
9 1 5 8 19 20 23 27 28 32
4 15 16 20 35
5 11 18 19 30 32
4 1 9 13 18
7 7 15 19 23 24 30 33
3 1 4 23
5 6 16 19 24 32
10 4 6 7 8 10 14 16 20 32 34
6 9 11 20 21 34 35
11 9 11 14 17 19 22 26 30 31 32 33
8 1 7 8 11 15 18 21 30
6 19 23 24 25 31 34
4 3 19 24 25
6 4 12 18 23 25 33
9 2 7 17 19 20 21 26 29 32
4 3 11 19 34
7 2 13 14 17 27 30 34
5 6 12 13 27 28
7 2 7 17 23 27 30 33
7 2 3 14 16 18 25 27
7 1 3 9 13 15 16 28
7 1 2 5 6 11 18 27
3 10 15 19
4 4 6 20 33
7 4 5 12 13 16 17 29
6 2 7 14 17 24 29
5 3 16 19 20 29
8 2 7 8 11 18 27 28 32
8 1 13 18 19 28 31 34 35
4 4 19 31 32
6 9 18 21 23 25 32
4 4 12 24 33
6 2 7 12 20 27 31
7 1 10 11 16 25 27 35
6 4 17 21 22 33 35
3 1 11 35
5 2 7 31 32 33
7 3 13 21 27 28 29 35
6 4 5 18 27 32 34
5 8 9 14 26 29
5 1 5 13 16 21
8 4 7 8 9 12 24 33 34
6 7 23 30 31 32 34
7 10 13 14 25 26 28 34
3 17 22 28
4 1 11 18 35
5 11 16 28 30 34
4 3 4 17 34
8 1 4 15 18 20 27 29 34
11 2 4 10 11 14 15 16 24 27 31 32
9 5 12 13 17 19 28 29 31 33
3 16 18 27
12 1 3 5 11 13 15 16 22 23 25 31 32
5 2 18 27 33 34
5 8 11 23 25 32
7 4 14 15 16 17 24 28
3 3 11 31
4 7 8 10 16
7 2 8 18 29 31 32 33
8 1 9 15 16 17 27 29 34
10 7 9 11 13 16 19 20 22 24 29
5 2 4 12 18 35
9 1 2 6 13 15 19 21 24 31
8 1 13 25 30 31 32 34 35
4 5 8 15 28
6 2 6 7 15 24 30
6 1 9 18 23 26 27
9 8 10 11 19 25 26 28 30 35
3 9 15 33
6 8 11 16 18 20 30
6 2 4 14 16 18 23
7 3 7 19 27 30 33 34
5 3 18 23 26 35
6 2 16 22 28 33 35
11 3 5 6 7 10 13 14 17 20 21 26
4 5 11 16 28
4 3 5 7 28
7 3 12 14 16 17 28 34
7 1 4 20 22 25 28 29
4 27 30 32 34
3 15 16 32
3 12 24 34
5 10 13 21 28 35
9 1 15 16 18 19 21 27 31 34
10 2 3 7 8 9 12 14 18 26 30
9 4 7 10 18 20 25 31 32 34
4 5 18 27 30
6 3 5 12 29 31 32
6 3 15 16 17 18 20
7 3 4 11 19 24 25 27
10 9 10 13 16 18 19 21 25 27 29
9 3 4 5 10 12 14 19 28 31
8 4 11 13 21 23 27 28 29
7 4 13 22 24 25 26 34
10 4 8 9 11 12 19 21 23 25 26
9 1 3 4 7 15 17 20 32 33
5 1 2 23 27 34
3 17 26 33
4 7 23 24 32
7 2 3 4 23 27 29 30
5 4 6 12 13 35
4 2 11 23 34
5 3 9 18 22 30
5 3 9 12 24 35
6 5 9 14 23 27 33
8 2 6 12 22 23 25 34 35
5 5 10 21 22 26
9 2 3 6 8 10 17 19 29 30
6 9 14 17 32 33 35
6 7 9 11 21 27 35
4 1 9 18 26
9 2 5 7 8 12 14 16 30 31
8 6 7 8 11 12 17 32 34
8 5 8 9 11 15 29 30 32
9 3 4 7 12 17 24 27 34 35
10 2 3 4 5 7 11 16 18 20 24
5 6 15 17 29 30
4 1 4 14 33
6 1 6 7 13 22 24
7 1 8 15 22 25 26 32
8 9 12 16 17 18 26 28 35
5 7 13 21 22 34
10 1 3 6 9 12 19 20 21 29 32
7 2 13 17 20 23 25 34
6 6 9 12 13 15 33
7 1 5 9 10 21 29 34
4 8 20 30 34
5 1 20 24 25 28
5 8 11 20 23 30
8 2 8 13 24 28 29 32 35
5 2 10 18 24 34
4 2 12 14 32
4 4 8 17 32
10 3 9 12 17 19 22 28 32 33 35
10 4 9 12 17 18 21 23 25 26 32
6 12 17 19 21 32 33
4 9 16 23 30
6 6 14 18 28 29 33
3 7 8 12
5 4 7 24 26 35
9 3 4 11 12 13 14 22 26 27
6 1 22 23 29 34 35
6 1 3 7 8 23 27
9 9 20 21 23 25 26 29 31 32
5 15 16 19 21 31
9 2 10 12 15 18 19 20 24 32
3 8 10 15
7 1 8 21 31 32 34 35
6 11 13 23 26 28 34
3 13 22 28
5 11 18 24 25 31
6 7 8 11 20 28 31
4 4 11 16 27
3 4 17 26
6 2 3 4 7 24 33
4 9 21 26 32
5 4 6 21 31 33
4 5 13 22 29
5 3 5 15 18 25
4 1 20 21 31
6 3 9 18 22 32 35
4 5 11 30 34
4 17 21 22 35
5 18 24 25 32 34
5 12 13 22 26 27
7 3 5 6 7 15 18 31
3 10 15 33
5 3 9 23 26 35
4 13 21 28 34
8 1 11 15 20 23 29 30 35
4 7 11 23 32
8 5 19 20 25 27 28 31 34
5 3 8 10 15 16
6 15 18 24 25 29 30
4 4 10 13 22
5 11 14 17 18 30
9 8 13 17 18 23 24 27 32 33
5 7 8 13 22 27
4 1 3 11 32
4 13 18 26 35
6 1 3 5 7 32 35
8 4 6 9 12 16 24 29 35
9 1 3 16 20 22 25 27 32 35
7 3 7 15 18 27 30 32
4 7 16 19 20
11 2 4 13 15 20 22 25 26 27 29 34
7 3 8 17 23 25 30 32
4 13 26 27 35
6 1 6 8 9 11 22
9 5 6 9 10 13 14 26 31 32
4 5 10 16 32
4 15 16 19 20
8 3 7 9 11 21 23 24 30
6 6 7 8 15 24 29
4 4 6 17 26
6 3 12 14 17 23 25
10 1 3 9 10 11 16 22 25 31 32
8 10 14 16 17 22 23 34 35
5 10 13 16 21 28
6 8 19 29 30 31 34
3 18 21 30
3 1 17 22
8 1 2 9 11 17 19 23 34
8 9 11 15 16 19 26 28 31
8 2 7 12 15 17 19 20 31
6 2 11 12 15 16 34
8 2 3 8 10 11 17 31 33
4 23 27 31 35
5 11 18 23 33 35
5 9 11 13 26 30
8 14 15 21 23 26 28 29 34
9 6 9 10 12 25 26 27 30 35
6 2 6 12 16 20 28
7 6 12 13 21 26 32 33
7 2 6 12 19 20 30 34
6 2 7 18 20 28 30
8 3 7 8 10 20 25 27 34
5 9 13 24 27 34
6 2 3 12 19 23 27
7 3 9 18 19 21 24 25
4 3 8 14 32
6 7 13 19 21 32 35
5 5 10 12 32 33
11 1 2 4 5 6 8 10 19 20 21 31
10 3 12 17 19 21 25 30 31 34 35
5 2 7 17 31 33
5 2 10 15 28 32
5 14 19 25 32 33
9 1 4 6 7 14 24 26 28 32
5 6 12 17 22 32
5 7 8 13 22 31
4 5 14 29 33
7 6 8 15 16 19 21 22
5 3 6 12 13 33
8 1 8 9 15 16 18 19 31
3 5 21 28
6 6 8 13 27 34 35
5 20 23 28 30 34
3 3 7 34
5 4 5 6 16 31
3 17 25 30
8 2 3 7 9 18 22 25 26
7 6 12 14 19 24 25 27
3 8 13 31
8 1 4 6 10 12 22 28 35
8 6 11 15 20 21 26 33 34
8 3 9 17 18 21 22 24 25
6 2 4 5 7 28 29
6 5 7 8 10 30 32
5 6 9 13 18 21
9 4 5 6 8 17 26 28 31 32
8 2 5 12 15 20 25 33 34
6 4 6 17 21 34 35
3 22 26 33
9 1 10 16 19 24 26 29 30 34
6 5 10 24 29 31 32
7 5 11 13 14 21 27 35
9 1 2 4 5 11 16 18 28 34
6 1 19 20 28 32 35
7 4 7 13 14 19 31 35
4 5 16 25 28
6 2 4 14 24 29 34
5 10 15 20 26 35
5 1 4 22 28 33
5 3 24 27 30 32
11 12 14 17 21 22 24 25 27 30 31 32
8 6 16 24 27 28 29 30 32
3 4 12 22
6 1 2 8 11 19 25
3 9 13 30
9 3 5 6 12 17 19 28 30 31
4 5 14 22 27
8 1 3 6 8 9 16 24 26
5 5 15 22 26 35
3 2 10 17
8 4 6 10 16 17 22 29 35
10 1 4 5 13 21 28 29 31 32 33
5 1 3 17 26 32
6 6 9 17 26 33 35
5 8 21 25 31 34
4 5 28 29 34
9 3 13 15 18 20 23 29 30 32
10 1 2 3 9 11 14 19 22 23 24
7 1 7 23 25 26 29 35
5 8 18 19 25 30
6 3 10 15 16 21 35
6 5 15 22 25 28 32
7 2 8 11 12 15 17 25
6 7 9 18 24 26 35
7 3 10 15 26 27 31 34
5 5 11 23 26 34
10 5 8 13 14 17 19 26 28 31 35
5 4 14 16 20 29
4 3 9 13 22
6 19 23 24 27 31 34
4 6 12 17 34
4 13 21 22 34
5 4 5 12 13 15
6 2 18 23 24 25 32
10 7 10 11 14 17 24 27 32 33 34
8 4 11 14 15 16 17 20 26
8 16 17 18 22 26 27 28 30
8 5 8 16 19 20 24 26 35
8 3 7 12 13 19 25 26 34
7 3 17 18 26 27 30 32
9 2 9 11 12 17 20 21 26 27
3 7 16 19
7 2 3 7 17 23 25 31
6 12 14 19 22 32 33
5 8 11 18 32 34
8 1 3 6 12 14 25 34 35
6 5 8 13 20 34 35
4 5 8 13 20
8 6 8 11 12 17 28 29 30
9 1 2 9 13 14 15 16 17 28
3 2 14 22
7 2 6 10 16 17 29 30
4 2 4 5 33
8 11 12 15 16 18 25 26 35
8 2 7 12 18 19 23 24 30
7 2 6 7 8 22 24 26
6 2 6 11 17 21 34
5 15 19 24 34 35
7 10 15 18 19 20 24 33
6 4 13 14 17 26 35
4 12 27 33 34
6 7 13 21 31 32 35
9 1 8 12 18 23 24 26 27 31
4 1 12 30 35
8 5 7 8 10 11 16 24 27
5 1 15 20 26 28
7 10 12 16 17 24 28 35
7 14 17 22 25 26 30 33
6 5 7 19 27 28 31
5 5 9 23 27 29
6 1 7 9 18 24 25
6 7 8 19 23 28 35
5 11 18 20 23 28
5 2 5 6 12 16
5 11 16 18 27 28
4 8 10 16 24
7 5 10 11 17 20 25 26
7 6 13 14 15 26 27 33
8 5 6 8 10 15 23 27 32
5 1 3 19 23 24
5 3 5 24 26 31
9 2 3 5 6 7 15 19 20 33
10 1 3 9 11 16 20 22 28 31 32
9 2 4 6 10 15 18 22 23 30
3 8 16 34
6 4 5 11 12 15 25
3 6 17 18
10 1 10 11 15 21 23 28 33 34 35
7 3 5 13 14 17 32 33
9 2 5 11 12 15 25 28 31 33
9 9 12 15 16 20 26 32 33 35
6 8 16 18 24 28 31
7 16 19 20 24 32 34 35
9 1 8 19 21 23 27 28 31 35
4 3 5 8 16
7 16 22 23 24 25 31 32
8 2 6 13 18 26 28 30 33
4 19 24 25 27
7 3 10 12 22 29 32 33
3 3 10 29
4 7 21 22 35
4 10 13 28 31
4 4 8 30 34
4 1 14 17 21
7 2 4 9 11 15 23 34
4 13 18 22 26
3 12 18 33
6 2 10 13 15 31 32
7 4 5 10 12 20 25 33
5 14 17 19 31 32
9 4 5 9 12 17 21 24 28 32
3 9 11 16
3 11 14 18
4 6 14 17 24
6 1 10 14 21 22 28
7 1 2 3 4 13 17 32
8 2 4 14 22 23 30 32 35
9 5 6 8 19 23 28 29 30 32
8 2 4 10 11 15 17 30 34
4 10 20 25 29
6 2 5 10 12 27 29
12 1 2 3 6 18 21 24 25 30 31 33 35
5 6 21 23 25 33
8 7 12 14 24 25 30 32 33
7 2 7 9 12 22 26 33
4 6 12 19 24
5 12 18 25 27 33
8 2 5 6 7 23 28 32 33
4 4 8 32 33
7 3 18 19 21 23 24 34
7 1 4 8 12 27 30 31
7 3 4 10 11 20 29 30
8 1 3 6 11 17 18 34 35
6 1 2 11 27 33 34
7 3 7 10 21 26 33 35
7 4 10 14 20 23 24 28
8 9 10 11 14 17 25 30 33
12 4 8 10 12 14 19 23 28 29 30 31 34
7 4 5 9 12 23 30 34
4 4 22 27 29
8 6 9 18 22 25 30 33 35
4 5 24 28 29
8 10 11 13 18 22 26 27 28
6 3 6 9 14 20 35
7 4 6 16 19 24 26 35
9 4 5 8 13 17 21 24 26 31
8 2 7 12 17 19 23 32 34
6 19 20 26 31 32 35
6 4 15 16 19 22 28
3 15 20 25
3 7 12 32
7 7 15 24 26 28 29 30
5 4 9 12 21 22
4 19 20 24 28
5 2 8 19 31 35
5 9 13 20 22 23
5 2 5 11 18 28
5 6 17 21 22 33
4 4 14 17 30
4 20 26 28 29
8 2 4 7 11 14 23 31 32
4 5 20 29 30
8 1 5 6 9 15 20 22 23
11 2 7 13 17 25 26 27 30 31 32 33
8 6 7 8 17 18 19 27 34
6 2 8 15 17 21 31
6 1 7 9 21 24 31
4 1 19 22 32
6 4 13 18 25 26 30
5 6 7 11 14 27
10 1 2 6 15 20 21 22 23 29 33
3 13 16 28
4 3 6 29 32
8 4 6 14 22 23 25 29 30
9 2 8 15 16 21 24 26 28 35
7 5 9 11 18 20 22 26
7 4 6 7 8 11 27 31
10 2 3 7 10 16 17 18 24 28 33
9 1 8 9 15 18 21 25 28 32
7 4 8 16 20 24 28 31
6 6 7 8 32 34 35
4 16 26 28 35
7 11 22 24 27 30 31 32
5 2 5 11 14 16
5 11 26 27 33 35
7 7 8 12 20 24 28 29
4 3 11 24 35
7 4 5 8 12 24 26 32
7 7 15 20 23 24 26 35
3 5 8 22
8 2 14 21 23 29 33 34 35
9 2 5 10 11 14 17 18 20 27
6 4 6 17 21 23 35
8 5 6 10 17 21 24 26 33
3 4 15 20
6 3 7 9 10 21 24
4 2 7 8 31
9 1 8 13 18 22 24 25 30 31
4 19 25 28 30
8 1 4 6 11 20 23 28 34
6 5 18 21 22 28 29
5 1 3 8 13 33
8 6 14 16 17 20 25 29 32
4 1 21 25 30
5 2 4 27 30 33
4 2 4 13 17
9 3 7 10 13 15 16 17 19 33
6 4 8 12 14 28 29
9 6 7 10 11 19 27 28 31 34
8 3 5 6 11 24 27 28 31
10 8 12 14 20 21 22 28 29 33 35
7 2 7 14 19 26 27 32
6 4 6 10 17 26 35
9 1 3 9 19 23 30 32 34 35
4 24 29 31 33
6 2 5 6 21 25 27
11 1 3 10 15 20 22 23 24 25 26 30
5 4 23 27 30 33
8 3 8 9 11 13 14 17 21
7 2 12 17 18 29 31 34
9 3 5 7 8 14 16 17 20 26
7 3 4 17 20 31 32 33
7 10 25 26 27 28 32 34
8 6 12 17 25 28 30 32 34
3 11 28 32
5 5 7 8 15 31
10 3 17 21 22 24 25 27 30 32 35
9 4 8 12 16 17 21 29 31 32
5 1 9 13 16 27
6 1 9 18 25 26 30
10 1 8 10 12 14 16 21 24 31 33
4 11 18 26 34
8 1 3 6 15 16 19 21 31
4 11 17 23 25
6 9 10 14 17 24 33
6 1 20 23 27 29 34
7 4 10 16 23 28 30 31
6 2 12 14 21 22 26
8 2 13 18 20 25 26 27 29
4 12 20 29 32
4 2 18 27 30
8 3 5 8 11 18 22 26 35
5 19 23 24 27 30
9 4 6 13 17 21 24 28 31 35
7 3 6 8 9 16 26 32
5 5 15 17 23 32
6 1 9 18 28 30 34
7 9 12 18 23 27 33 35
6 3 4 9 12 21 32
9 5 7 9 13 15 16 24 27 31
5 1 10 11 23 34
4 11 24 29 32
5 4 15 20 28 32
6 3 8 10 28 29 32
7 4 18 20 23 24 25 33
9 9 10 13 15 16 19 21 23 25
9 4 9 10 12 13 15 17 18 22
5 13 27 28 32 35
8 1 5 8 15 18 23 27 32
8 2 6 11 15 17 29 30 34
5 2 4 8 24 28
4 2 3 6 32
9 4 14 18 21 23 26 30 33 35
6 2 8 12 17 18 25
7 8 10 19 23 24 25 28
8 7 8 9 13 23 27 30 35
4 7 21 26 35
9 1 6 20 23 27 29 33 34 35
8 1 3 11 13 20 24 30 32
4 3 29 31 32
6 1 2 4 11 14 18
7 6 10 11 18 19 25 29
3 9 21 31
9 8 11 12 19 21 26 27 33 34
8 6 11 14 18 19 20 31 33
5 1 21 25 26 34
4 3 15 16 20
8 10 12 13 14 18 22 23 30
6 3 5 15 18 19 20
11 2 3 4 9 11 18 22 24 25 32 35
6 16 20 28 31 33 34
4 3 14 18 25
5 5 16 20 23 35
5 3 16 25 27 30
9 4 8 11 15 23 24 30 31 33
9 1 5 16 22 25 29 30 34 35
10 1 3 6 14 16 17 20 22 24 29
4 4 5 10 15
6 4 6 16 23 33 35
5 2 27 33 34 35
6 9 13 24 29 32 34
8 4 7 8 11 17 18 27 32
10 4 11 14 16 17 24 27 28 29 31
4 16 18 20 35
4 1 5 23 34
6 4 13 16 21 28 29
11 6 10 12 13 15 21 23 25 26 33 34
8 2 7 8 19 22 26 33 35
9 1 13 14 15 19 24 28 32 35
5 6 9 17 22 35
5 9 13 17 24 35
7 3 9 17 29 32 33 35
6 4 6 8 17 31 32
4 14 17 26 30
3 14 15 18
6 4 5 8 19 29 32
4 1 2 6 17
6 5 7 15 19 20 25
6 6 7 13 18 23 25
3 3 4 7
7 3 12 18 19 23 30 31
6 7 23 25 27 31 32
6 8 16 26 31 33 35
4 3 7 17 24
5 5 6 12 24 33
8 6 9 11 14 15 21 26 34
9 8 9 16 22 24 28 29 31 35
3 11 14 34
3 8 13 26
9 2 6 14 15 19 27 28 31 32
3 15 16 25
10 5 7 8 18 20 22 23 30 32 35
3 8 15 33
7 1 3 5 16 26 28 32
8 6 9 11 12 13 20 28 29
9 1 5 6 7 9 10 13 15 17
4 8 17 31 33
5 10 18 20 27 34
6 1 11 15 20 22 28
8 1 2 6 12 22 26 28 30
9 3 6 8 10 11 12 20 27 30
7 6 11 14 21 22 25 33
4 1 2 4 16
10 2 11 12 14 16 23 24 25 28 31
11 1 2 4 7 8 18 21 23 26 30 33
10 3 4 8 18 19 20 27 28 29 30
8 3 5 7 9 15 20 22 25
7 6 7 14 17 20 30 32
7 12 20 21 23 25 30 33
6 1 8 11 18 23 35
5 12 19 25 33 34
8 8 12 17 19 24 30 33 34
4 10 15 19 25
6 2 11 12 13 25 30
4 2 11 12 17
8 1 2 9 11 12 14 19 24
6 4 9 11 22 25 32
5 7 9 13 21 29
3 9 21 25
11 2 3 10 14 16 18 19 20 23 24 25
5 1 11 12 23 33
6 10 20 21 24 28 31
6 3 22 26 32 33 35
3 6 12 30
5 6 13 16 19 24
8 3 14 22 23 27 30 31 32
5 11 22 25 27 33
7 9 12 14 21 24 29 35
7 1 2 9 12 26 31 33
8 3 11 12 17 19 27 32 33
5 6 7 11 14 34
7 1 13 19 20 22 31 32
4 1 19 22 26
9 6 14 15 17 19 24 25 28 34
5 11 14 23 25 33
4 8 15 24 31
8 5 7 13 15 23 24 25 27
7 6 10 16 20 23 30 34
6 3 5 6 19 20 31
5 15 20 25 26 35
5 16 18 25 28 29
7 4 14 20 21 22 28 29
8 11 17 24 25 28 29 31 34
8 1 2 4 10 11 16 17 29
5 1 10 16 21 22
4 1 3 21 22
11 1 2 3 5 6 15 19 24 26 33 35
4 6 10 16 28
6 1 11 12 17 26 33
7 1 8 12 13 14 21 32
3 7 29 31
7 1 11 25 31 32 34 35
7 3 7 8 23 25 28 35
6 8 19 22 23 32 34
6 1 4 7 8 13 33
5 4 18 20 29 31
5 18 19 23 24 26
4 4 6 16 29
6 5 16 17 18 27 33
4 4 6 12 27
5 3 10 16 24 28
10 2 3 4 10 15 21 26 32 33 35
8 4 6 8 14 16 20 26 31
3 1 22 31
8 10 11 20 22 25 28 30 35
7 3 9 23 24 25 27 31
6 7 11 13 27 31 35
7 7 9 13 14 26 31 34
6 2 5 17 28 29 33
7 2 4 9 14 15 22 35
6 5 9 13 15 20 35
5 5 10 18 27 30
7 6 7 12 14 16 23 29
3 4 23 33
6 3 7 8 25 30 34
7 5 8 25 28 29 33 34
4 9 10 21 35
7 1 8 15 20 21 24 32
9 1 3 5 7 10 12 17 19 21
4 7 31 32 35
4 10 20 23 29
8 12 16 19 23 28 29 30 33
5 1 3 8 9 24
4 7 8 12 35
